run,gen,phenotype,hit,phenotype_in_cache,fitness_cached,cache_key,fitness_full_train,fake_hit,fitness_diff
5,0,x[18],False,,,6a4c84e0915d9d2b86d121e994683436,0.6451612903225806,False,0.0
5,0,x[4],False,,,c062f6f76dec194bafe0ddbf91add8d9,0.49193548387096775,False,0.0
5,0,x[1],False,,,48150b63a14de07ac8ada4efd9d4896c,0.685483870967742,False,0.0
5,0,x[11],False,,,9dada49e784601183eb3a1e1723ce2d4,0.16129032258064513,False,0.0
5,0,x[15],False,,,301bd409bd67cc588ceaa53a6f5220a4,0.22580645161290325,False,0.0
5,0,x[14],False,,,5184b187f6f474f266ff1a9e52a8b41f,0.22580645161290325,False,0.0
5,0,x[10],False,,,7424f049dcd7de48c5ec487367408f4f,0.24193548387096775,False,0.0
5,0,x[6],False,,,d902aea98596abf07e07d9c42be380bf,0.30645161290322576,False,0.0
5,0,x[6],True,x[6],0.30645161290322576,d902aea98596abf07e07d9c42be380bf,,,
5,0,x[8],False,,,8c6b56831adf589cc7ca352d27aafe6d,0.4354838709677419,False,0.0
5,0,x[9],False,,,2e0260aa627dff742f7c723c8367e701,0.2338709677419355,False,0.0
5,0,x[14],True,x[14],0.22580645161290325,5184b187f6f474f266ff1a9e52a8b41f,,,
5,0,x[16],False,,,2b4aec85a499a1f7baf764b48bcf9178,0.217741935483871,False,0.0
5,0,x[1],True,x[1],0.685483870967742,48150b63a14de07ac8ada4efd9d4896c,,,
5,0,x[15],True,x[15],0.22580645161290325,301bd409bd67cc588ceaa53a6f5220a4,,,
5,0,x[17],False,,,078a7ef4b1d424e54e976f158f2a5fa5,0.217741935483871,False,0.0
5,0,x[18],True,x[18],0.6451612903225806,6a4c84e0915d9d2b86d121e994683436,,,
5,0,x[12],False,,,0d372214e94f96a8c686509e4d084014,0.18548387096774188,False,0.0
5,0,x[12],True,x[12],0.18548387096774188,0d372214e94f96a8c686509e4d084014,,,
5,0,x[12],True,x[12],0.18548387096774188,0d372214e94f96a8c686509e4d084014,,,
5,0,x[18],True,x[18],0.6451612903225806,6a4c84e0915d9d2b86d121e994683436,,,
5,0,x[11],True,x[11],0.16129032258064513,9dada49e784601183eb3a1e1723ce2d4,,,
5,0,x[17],True,x[17],0.217741935483871,078a7ef4b1d424e54e976f158f2a5fa5,,,
5,0,x[12],True,x[12],0.18548387096774188,0d372214e94f96a8c686509e4d084014,,,
5,0,x[18],True,x[18],0.6451612903225806,6a4c84e0915d9d2b86d121e994683436,,,
5,0,x[9],True,x[9],0.2338709677419355,2e0260aa627dff742f7c723c8367e701,,,
5,0,x[1],True,x[1],0.685483870967742,48150b63a14de07ac8ada4efd9d4896c,,,
5,0,x[17],True,x[17],0.217741935483871,078a7ef4b1d424e54e976f158f2a5fa5,,,
5,0,x[4],True,x[4],0.49193548387096775,c062f6f76dec194bafe0ddbf91add8d9,,,
5,0,x[17],True,x[17],0.217741935483871,078a7ef4b1d424e54e976f158f2a5fa5,,,
5,0,x[16],True,x[16],0.217741935483871,2b4aec85a499a1f7baf764b48bcf9178,,,
5,0,x[10],True,x[10],0.24193548387096775,7424f049dcd7de48c5ec487367408f4f,,,
5,0,x[13],False,,,060f7b59fcb1852e9befb4d0292eca15,0.217741935483871,False,0.0
5,0,x[18],True,x[18],0.6451612903225806,6a4c84e0915d9d2b86d121e994683436,,,
5,0,x[11],True,x[11],0.16129032258064513,9dada49e784601183eb3a1e1723ce2d4,,,
5,0,not_(x[10]),False,,,29eb77e4afa099d3e742772b8d94df82,0.7580645161290323,False,0.0
5,0,x[1],True,x[1],0.685483870967742,48150b63a14de07ac8ada4efd9d4896c,,,
5,0,not_(x[18]),False,,,936581ce543a7f24f0dc06f26ff786fa,0.3548387096774194,False,0.0
5,0,"and_(x[9],x[17])",False,,,0ac77d0f70aeaa30ce988ed48eccc06c,0.2338709677419355,False,0.0
5,0,x[14],True,x[14],0.22580645161290325,5184b187f6f474f266ff1a9e52a8b41f,,,
5,0,"or_(x[13],x[13])",False,,,36111fea987f400a898cb3f2f5b81685,0.217741935483871,False,0.0
5,0,x[9],True,x[9],0.2338709677419355,2e0260aa627dff742f7c723c8367e701,,,
5,0,not_(x[17]),False,,,ac739370374d1daddf9260a9a76ceba0,0.782258064516129,False,0.0
5,0,"or_(x[9],x[17])",True,"or_(x[13],x[13])",0.217741935483871,36111fea987f400a898cb3f2f5b81685,,,
5,0,"and_(x[16],x[10])",False,,,0dd673036b0284db921adda6e4f32695,0.24193548387096775,False,0.0
5,0,not_(x[15]),True,not_(x[17]),0.782258064516129,ac739370374d1daddf9260a9a76ceba0,,,
5,0,x[11],True,x[11],0.16129032258064513,9dada49e784601183eb3a1e1723ce2d4,,,
5,0,"or_(x[11],x[16])",True,"or_(x[13],x[13])",0.217741935483871,36111fea987f400a898cb3f2f5b81685,,,
5,0,"or_(x[8],x[15])",True,"or_(x[13],x[13])",0.217741935483871,36111fea987f400a898cb3f2f5b81685,,,
5,0,not_(x[9]),False,,,2ff729779af7bdb0705c3efe96b2b826,0.7661290322580645,False,0.0
5,0,not_(x[4]),False,,,a862d035f85b4830f66a803bad1373b2,0.5080645161290323,False,0.0
5,0,x[13],True,x[13],0.217741935483871,060f7b59fcb1852e9befb4d0292eca15,,,
5,0,x[9],True,x[9],0.2338709677419355,2e0260aa627dff742f7c723c8367e701,,,
5,0,not_(x[1]),False,,,7aeff960cf9876cf57a7621c06709fe5,0.3145161290322581,False,0.0
5,0,not_(x[6]),False,,,8839f1dc0ffff756798ecf146867846d,0.6935483870967742,False,0.0
5,0,not_(x[6]),True,not_(x[6]),0.6935483870967742,8839f1dc0ffff756798ecf146867846d,,,
5,0,"and_(x[13],x[4])",False,,,00e841584259fa83238d5134ba107d93,0.49193548387096775,False,0.0
5,0,x[10],True,x[10],0.24193548387096775,7424f049dcd7de48c5ec487367408f4f,,,
5,0,x[17],True,x[17],0.217741935483871,078a7ef4b1d424e54e976f158f2a5fa5,,,
5,0,not_(x[1]),True,not_(x[1]),0.3145161290322581,7aeff960cf9876cf57a7621c06709fe5,,,
5,0,"or_(x[4],x[4])",True,"and_(x[13],x[4])",0.49193548387096775,00e841584259fa83238d5134ba107d93,,,
5,0,"or_(x[12],x[4])",False,,,3ff15d56157e2e74096ee25cdb1eac92,0.18548387096774188,False,0.0
5,0,"or_(x[13],x[9])",True,"or_(x[13],x[13])",0.217741935483871,36111fea987f400a898cb3f2f5b81685,,,
5,0,"and_(x[4],x[17])",True,"and_(x[13],x[4])",0.49193548387096775,00e841584259fa83238d5134ba107d93,,,
5,0,x[12],True,x[12],0.18548387096774188,0d372214e94f96a8c686509e4d084014,,,
5,0,x[14],True,x[14],0.22580645161290325,5184b187f6f474f266ff1a9e52a8b41f,,,
5,0,"or_(x[9],x[18])",False,,,b734df8e91e99deef176a952136e8ff9,0.25,False,0.0
5,0,not_(x[8]),False,,,d4bc76766d78fc1695cba27daaa03551,0.564516129032258,False,0.0
5,0,"less_than_or_equal(x[3],x[0])",False,,,13c7a10fdf1a463cb8fbf9257a28ae54,0.6532258064516129,False,0.0
5,0,"greater_than_or_equal(x[3], x[0])",False,,,8aa2f19b213d8e9959a7bdc0047f9dae,0.33870967741935487,False,0.0
5,0,x[11],True,x[11],0.16129032258064513,9dada49e784601183eb3a1e1723ce2d4,,,
5,0,"or_(and_(x[8],x[8]),not_(x[12]))",False,,,65eae26c5131fdeb9d025c455f721660,0.45967741935483875,False,0.0
5,0,x[12],True,x[12],0.18548387096774188,0d372214e94f96a8c686509e4d084014,,,
5,0,"greater_than_or_equal(x[2], x[0])",False,,,e820377bb6f120089460325d375dffca,0.5080645161290323,False,0.0
5,0,"or_(and_(x[4],x[8]),x[6])",False,,,b3f42691db9f3037e0327d764f919d89,0.30645161290322576,False,0.0
5,0,x[6],True,x[6],0.30645161290322576,d902aea98596abf07e07d9c42be380bf,,,
5,0,x[9],True,x[9],0.2338709677419355,2e0260aa627dff742f7c723c8367e701,,,
5,0,"greater_than_or_equal(x[2], x[3])",True,"less_than_or_equal(x[3],x[0])",0.6532258064516129,13c7a10fdf1a463cb8fbf9257a28ae54,,,
5,0,"greater_than_or_equal(x[5], x[5])",True,"or_(x[13],x[13])",0.217741935483871,36111fea987f400a898cb3f2f5b81685,,,
5,0,"or_(x[11],or_(x[13],x[18]))",True,"or_(x[13],x[13])",0.217741935483871,36111fea987f400a898cb3f2f5b81685,,,
5,0,"or_(or_(x[13],x[12]),and_(x[4],x[17]))",True,"or_(x[13],x[13])",0.217741935483871,36111fea987f400a898cb3f2f5b81685,,,
5,0,"greater_than_or_equal(x[0], x[2])",False,,,e350245b5d377f4e602e1a588d286507,0.49193548387096775,False,0.0
5,0,"and_(and_(x[10],x[9]),not_(x[13]))",True,not_(x[17]),0.782258064516129,ac739370374d1daddf9260a9a76ceba0,,,
5,0,"and_(x[13],not_(x[11]))",False,,,697fef901de15ad8848175e6b281b5fb,0.8387096774193549,False,0.0
5,0,"and_(not_(x[8]),x[18])",False,,,9b6a4bb15b8d35462553e3d6eeaadcd1,0.6935483870967742,False,0.0
5,0,not_(not_(x[10])),True,"and_(x[16],x[10])",0.24193548387096775,0dd673036b0284db921adda6e4f32695,,,
5,0,"greater_than_or_equal(x[5], x[0])",False,,,dd2fd0be8f784dacb2b4a8afffc5995a,0.44354838709677424,False,0.0
5,0,"or_(and_(x[4],x[15]),or_(x[11],x[6]))",False,,,4629bcd981f845201f0f421df75cb542,0.20967741935483875,False,0.0
5,0,x[4],True,x[4],0.49193548387096775,c062f6f76dec194bafe0ddbf91add8d9,,,
5,0,"not_(and_(x[9],x[17]))",True,not_(x[9]),0.7661290322580645,2ff729779af7bdb0705c3efe96b2b826,,,
5,0,x[13],True,x[13],0.217741935483871,060f7b59fcb1852e9befb4d0292eca15,,,
5,0,"less_than_or_equal(x[7],x[2])",False,,,ce5264e36c2b8dab7c0fdfed3d2709b4,0.3629032258064516,False,0.0
5,0,"not_(or_(x[6],x[1]))",False,,,8d2245df37f501188b3de0f2fba63f59,0.717741935483871,False,0.0
5,0,"and_(or_(x[13],x[18]),and_(x[9],x[1]))",False,,,dd1ddeac7c7969ca6787ba6007c444a7,0.7096774193548387,False,0.0
5,0,"and_(not_(x[4]),or_(x[1],x[4]))",False,,,02268d881ba61095796ef21c745b9ea0,0.7016129032258065,False,0.0
5,0,"less_than_or_equal(x[0],x[3])",True,"greater_than_or_equal(x[3], x[0])",0.33870967741935487,8aa2f19b213d8e9959a7bdc0047f9dae,,,
5,0,"and_(not_(x[13]),or_(x[10],x[11]))",True,not_(x[17]),0.782258064516129,ac739370374d1daddf9260a9a76ceba0,,,
5,0,"and_(or_(x[8],x[18]),or_(x[11],x[15]))",False,,,4346f66a90e5963718ce17c23c97df89,0.3467741935483871,False,0.0
5,0,"less_than_or_equal(x[3],x[2])",True,"less_than_or_equal(x[3],x[0])",0.6532258064516129,13c7a10fdf1a463cb8fbf9257a28ae54,,,
5,0,"or_(and_(x[16],x[1]),or_(x[12],x[15]))",True,"or_(x[13],x[13])",0.217741935483871,36111fea987f400a898cb3f2f5b81685,,,
5,0,"greater_than_or_equal(x[5], add(x[0],x[0]))",False,,,39f429af812385d7fcedd0ba16a567ea,0.7258064516129032,False,0.0
5,0,"and_(not_(x[13]),not_(x[15]))",True,not_(x[17]),0.782258064516129,ac739370374d1daddf9260a9a76ceba0,,,
5,0,x[9],True,x[9],0.2338709677419355,2e0260aa627dff742f7c723c8367e701,,,
5,0,"and_(greater_than_or_equal(x[7], x[2]),not_(or_(x[9],x[9])))",False,,,78aa05982b1f3b7222362c78422045e7,0.7661290322580645,False,0.0
5,0,"not_(less_than_or_equal(x[5],x[7]))",False,,,eb63b0bd52848e989f4d2e48f122a9b4,0.6935483870967742,False,0.0
5,0,"or_(x[17],or_(x[10],or_(x[11],x[4])))",True,"or_(x[13],x[13])",0.217741935483871,36111fea987f400a898cb3f2f5b81685,,,
5,0,"less_than_or_equal(sub(x[7],x[3]),pdiv(x[0],x[7]))",True,"or_(x[13],x[13])",0.217741935483871,36111fea987f400a898cb3f2f5b81685,,,
5,0,not_(x[9]),True,not_(x[9]),0.7661290322580645,2ff729779af7bdb0705c3efe96b2b826,,,
5,0,"not_(and_(not_(x[6]),or_(x[12],x[9])))",False,,,b9318458835c10dd60035aeaf192280c,0.3145161290322581,False,0.0
5,0,"and_(x[18],x[13])",True,x[18],0.6451612903225806,6a4c84e0915d9d2b86d121e994683436,,,
5,0,"greater_than_or_equal(mul(x[3],x[7]), pdiv(x[2],x[7]))",False,,,4a86c9b9c7edb84980b263fb7fc6560c,0.6370967741935484,False,0.0
5,0,"or_(less_than_or_equal(x[5],x[5]),greater_than_or_equal(x[7], x[5]))",True,"or_(x[13],x[13])",0.217741935483871,36111fea987f400a898cb3f2f5b81685,,,
5,0,x[17],True,x[17],0.217741935483871,078a7ef4b1d424e54e976f158f2a5fa5,,,
5,0,"and_(or_(and_(x[14],x[18]),or_(x[6],x[15])),or_(x[6],x[16]))",True,"or_(x[13],x[13])",0.217741935483871,36111fea987f400a898cb3f2f5b81685,,,
5,0,x[12],True,x[12],0.18548387096774188,0d372214e94f96a8c686509e4d084014,,,
5,0,x[15],True,x[15],0.22580645161290325,301bd409bd67cc588ceaa53a6f5220a4,,,
5,0,"greater_than_or_equal(pdiv(x[3],x[0]), add(x[7],x[3]))",False,,,473643f6fe112b97acee22e88d973269,0.3306451612903226,False,0.0
5,0,not_(x[8]),True,not_(x[8]),0.564516129032258,d4bc76766d78fc1695cba27daaa03551,,,
5,0,"less_than_or_equal(pdiv(x[7],x[5]),sub(x[7],x[5]))",False,,,c26d430df3555f050e14072f03c9dea7,0.7903225806451613,False,0.0
5,0,"and_(or_(not_(x[11]),or_(x[14],x[15])),and_(x[14],or_(x[13],x[4])))",False,,,712d58ab78cae72a65518c98f1c91677,0.22580645161290325,False,0.0
5,0,"less_than_or_equal(mul(x[5],x[3]),x[7])",False,,,7f241eba808acc7085a26b2ac5b7365e,0.29032258064516125,False,0.0
5,0,"and_(less_than_or_equal(x[0],x[7]),not_(and_(x[14],x[17])))",True,not_(x[17]),0.782258064516129,ac739370374d1daddf9260a9a76ceba0,,,
5,0,"greater_than_or_equal(add(x[0],x[2]), mul(x[0],x[7]))",True,"or_(x[13],x[13])",0.217741935483871,36111fea987f400a898cb3f2f5b81685,,,
5,0,x[15],True,x[15],0.22580645161290325,301bd409bd67cc588ceaa53a6f5220a4,,,
5,0,x[9],True,x[9],0.2338709677419355,2e0260aa627dff742f7c723c8367e701,,,
5,0,"not_(less_than_or_equal(x[2],x[3]))",False,,,9d01d6b087ad0c4a4f3d18a08ba03757,0.7096774193548387,False,0.0
5,0,x[4],True,x[4],0.49193548387096775,c062f6f76dec194bafe0ddbf91add8d9,,,
5,0,"greater_than_or_equal(x[2], mul(x[2],x[3]))",True,"or_(x[13],x[13])",0.217741935483871,36111fea987f400a898cb3f2f5b81685,,,
5,0,"greater_than_or_equal(add(sub(x[7],x[5]),x[5]), add(x[0],pdiv(x[0],x[7])))",False,,,e23ce2632588a9ebb170617330896d77,0.7661290322580645,False,0.0
5,0,"not_(greater_than_or_equal(add(x[7],x[3]), pdiv(x[2],x[7])))",True,"not_(less_than_or_equal(x[2],x[3]))",0.7096774193548387,9d01d6b087ad0c4a4f3d18a08ba03757,,,
5,0,"less_than_or_equal(sub(pdiv(x[7],x[2]),pdiv(x[0],x[2])),add(26.61,x[2]))",True,"or_(x[13],x[13])",0.217741935483871,36111fea987f400a898cb3f2f5b81685,,,
5,0,"less_than_or_equal(mul(pdiv(x[0],x[3]),x[3]),sub(sub(x[0],x[5]),sub(x[2],x[3])))",False,,,7fa8c765ef4296dc5d7a392a6d8df99b,0.32258064516129037,False,0.0
5,0,x[16],True,x[16],0.217741935483871,2b4aec85a499a1f7baf764b48bcf9178,,,
5,0,"not_(or_(x[15],x[4]))",True,not_(x[17]),0.782258064516129,ac739370374d1daddf9260a9a76ceba0,,,
5,0,x[8],True,x[8],0.4354838709677419,8c6b56831adf589cc7ca352d27aafe6d,,,
5,0,"less_than_or_equal(mul(add(x[2],x[7]),sub(x[7],x[3])),sub(add(x[5],x[3]),03.70))",True,not_(x[17]),0.782258064516129,ac739370374d1daddf9260a9a76ceba0,,,
5,0,"less_than_or_equal(mul(sub(x[5],x[2]),mul(x[0],x[3])),x[5])",True,"or_(x[13],x[13])",0.217741935483871,36111fea987f400a898cb3f2f5b81685,,,
5,0,"or_(greater_than_or_equal(sub(x[3],x[2]), sub(x[5],x[2])),and_(x[9],x[16]))",True,"or_(x[13],x[13])",0.217741935483871,36111fea987f400a898cb3f2f5b81685,,,
5,0,"greater_than_or_equal(mul(sub(x[3],x[0]),add(x[0],x[2])), x[0])",True,"greater_than_or_equal(x[2], x[0])",0.5080645161290323,e820377bb6f120089460325d375dffca,,,
5,0,"and_(x[18],x[11])",False,,,03cbc98c7fba6deb3a2ce66d4fcd535c,0.5887096774193548,False,0.0
5,0,x[1],True,x[1],0.685483870967742,48150b63a14de07ac8ada4efd9d4896c,,,
5,0,"greater_than_or_equal(pdiv(mul(x[7],x[0]),add(x[7],x[7])), sub(mul(x[7],x[0]),pdiv(x[3],x[5])))",True,"or_(x[13],x[13])",0.217741935483871,36111fea987f400a898cb3f2f5b81685,,,
5,0,"not_(greater_than_or_equal(sub(x[5],x[2]), add(x[3],x[7])))",False,,,423388c4ecfa32fba6decf016b713977,0.2661290322580645,False,0.0
5,0,x[11],True,x[11],0.16129032258064513,9dada49e784601183eb3a1e1723ce2d4,,,
5,0,"and_(or_(and_(or_(x[4],x[9]),or_(x[8],x[12])),x[4]),greater_than_or_equal(mul(x[2],x[5]), sub(x[2],x[0])))",False,,,bba7d55c4e887147db4b17397b1b17d6,0.282258064516129,False,0.0
5,0,"or_(less_than_or_equal(pdiv(x[5],x[2]),x[3]),not_(greater_than_or_equal(x[3], x[0])))",True,"or_(x[13],x[13])",0.217741935483871,36111fea987f400a898cb3f2f5b81685,,,
5,0,"and_(and_(less_than_or_equal(x[3],x[3]),not_(x[16])),or_(greater_than_or_equal(x[7], x[2]),not_(x[8])))",True,not_(x[17]),0.782258064516129,ac739370374d1daddf9260a9a76ceba0,,,
5,0,x[1],True,x[1],0.685483870967742,48150b63a14de07ac8ada4efd9d4896c,,,
5,0,not_(x[1]),True,not_(x[1]),0.3145161290322581,7aeff960cf9876cf57a7621c06709fe5,,,
5,0,"greater_than_or_equal(sub(add(x[3],x[5]),mul(x[3],x[2])), mul(x[7],pdiv(x[5],x[0])))",False,,,6ca55455e3c2200d4dc0d0491483a23a,0.30645161290322576,False,0.0
5,0,"or_(and_(x[8],not_(not_(x[13]))),less_than_or_equal(add(x[5],x[7]),mul(x[2],x[5])))",False,,,c71e7b795e7e51906913aac77184a596,0.3870967741935484,False,0.0
5,0,"greater_than_or_equal(add(mul(x[5],x[2]),x[7]), mul(add(x[5],x[2]),mul(x[0],x[0])))",False,,,e54d8853e85f2c0edd78febd660d3a28,0.33870967741935487,False,0.0
5,0,"not_(and_(not_(and_(x[14],x[17])),not_(not_(x[12]))))",True,"and_(or_(not_(x[11]),or_(x[14],x[15])),and_(x[14],or_(x[13],x[4])))",0.22580645161290325,712d58ab78cae72a65518c98f1c91677,,,
5,0,"less_than_or_equal(pdiv(mul(x[7],x[5]),05.58),add(mul(x[3],x[5]),sub(x[7],x[7])))",False,,,d7ea958cd25dea4211834916ff512bde,0.2983870967741935,False,0.0
5,0,"greater_than_or_equal(add(add(x[0],x[3]),pdiv(x[5],x[3])), x[0])",True,"or_(x[13],x[13])",0.217741935483871,36111fea987f400a898cb3f2f5b81685,,,
5,0,not_(x[17]),True,not_(x[17]),0.782258064516129,ac739370374d1daddf9260a9a76ceba0,,,
5,0,"and_(not_(x[10]),less_than_or_equal(x[7],sub(x[5],x[2])))",False,,,e277c13a6ff3cdd63a10e466574cfb9a,0.7258064516129032,False,0.0
5,0,"less_than_or_equal(add(sub(x[7],x[5]),add(x[0],x[2])),pdiv(add(x[2],x[0]),sub(x[2],x[2])))",False,,,6755f8780846e713917251e8b7993468,0.32258064516129037,False,0.0
5,0,"less_than_or_equal(sub(sub(x[0],x[0]),mul(x[2],x[0])),sub(sub(x[0],x[0]),mul(x[2],x[3])))",False,,,0b3892ae8536aa4bd3286c95bd35dfb0,0.47580645161290325,False,0.0
5,0,"and_(not_(not_(not_(x[18]))),greater_than_or_equal(sub(x[2],x[5]), pdiv(x[5],x[3])))",False,,,bfc519180020520125e6a24636b3962f,0.7016129032258065,False,0.0
5,0,"less_than_or_equal(pdiv(add(x[5],x[0]),mul(x[2],x[5])),sub(add(x[7],x[5]),add(x[2],x[0])))",False,,,723c9df1095601ec07a34bf5cd32eddc,0.7903225806451613,False,0.0
5,0,"not_(and_(greater_than_or_equal(x[2], x[2]),and_(not_(x[15]),and_(x[15],x[18]))))",True,"or_(x[13],x[13])",0.217741935483871,36111fea987f400a898cb3f2f5b81685,,,
5,0,"less_than_or_equal(add(pdiv(x[2],x[3]),sub(x[7],x[7])),pdiv(mul(x[2],x[0]),mul(x[5],x[0])))",True,"not_(greater_than_or_equal(sub(x[5],x[2]), add(x[3],x[7])))",0.2661290322580645,423388c4ecfa32fba6decf016b713977,,,
5,0,"or_(greater_than_or_equal(pdiv(x[0],x[0]), add(x[0],x[7])),less_than_or_equal(mul(x[0],x[0]),mul(x[5],x[7])))",False,,,e70da423691b1a7c941806a0d2fda0c9,0.30645161290322576,False,0.0
5,0,"not_(and_(and_(and_(x[15],x[6]),not_(x[9])),and_(and_(x[6],x[13]),not_(x[10]))))",False,,,5b42767d590fa7b34cf684317ac3dab1,0.217741935483871,False,0.0
5,0,"and_(greater_than_or_equal(add(x[2],x[3]), mul(x[2],x[0])),not_(not_(and_(x[4],x[10]))))",False,,,347ac280364cf7c34dc1f830d1102cb0,0.5080645161290323,False,0.0
5,0,"greater_than_or_equal(pdiv(add(x[3],x[7]),add(x[2],x[3])), add(mul(x[5],x[0]),sub(x[3],x[7])))",True,"less_than_or_equal(mul(x[5],x[3]),x[7])",0.29032258064516125,7f241eba808acc7085a26b2ac5b7365e,,,
5,0,"greater_than_or_equal(sub(mul(x[0],x[3]),mul(x[0],x[0])), pdiv(add(x[3],x[3]),sub(x[3],x[3])))",True,not_(x[17]),0.782258064516129,ac739370374d1daddf9260a9a76ceba0,,,
5,0,"not_(less_than_or_equal(mul(x[0],x[0]),sub(x[7],x[2])))",True,"less_than_or_equal(x[7],x[2])",0.3629032258064516,ce5264e36c2b8dab7c0fdfed3d2709b4,,,
5,0,"greater_than_or_equal(mul(sub(x[0],x[0]),add(x[0],x[3])), add(add(x[5],x[0]),pdiv(x[2],x[0])))",True,not_(x[17]),0.782258064516129,ac739370374d1daddf9260a9a76ceba0,,,
5,0,"and_(greater_than_or_equal(pdiv(x[5],x[0]), mul(x[0],x[5])),not_(greater_than_or_equal(x[3], x[3])))",True,not_(x[17]),0.782258064516129,ac739370374d1daddf9260a9a76ceba0,,,
5,0,"greater_than_or_equal(add(sub(x[2],x[2]),mul(x[3],x[0])), mul(add(x[0],x[5]),add(x[2],x[5])))",False,,,0ee16f600a4ad70a3b5c1b9ac134f6c6,0.6451612903225806,False,0.0
5,0,"not_(not_(and_(or_(x[14],x[14]),and_(x[12],x[6]))))",False,,,cebae359d7df611db360b7dfb20e763c,0.2983870967741935,False,0.0
5,0,"not_(or_(and_(not_(x[6]),not_(x[16])),not_(or_(x[8],x[8]))))",False,,,bb068beee9ed45046e3719d26a9f1c6a,0.4354838709677419,False,0.0
5,0,"or_(and_(and_(not_(x[17]),not_(x[14])),or_(not_(x[4]),not_(x[14]))),not_(not_(not_(x[14]))))",False,,,2e44a80ac3b4972fac792f955d8acb0c,0.7741935483870968,False,0.0
5,0,"not_(greater_than_or_equal(pdiv(x[3],x[0]), sub(x[3],x[3])))",True,not_(x[17]),0.782258064516129,ac739370374d1daddf9260a9a76ceba0,,,
5,0,"not_(less_than_or_equal(sub(x[0],x[7]),mul(x[0],x[7])))",False,,,eac58feff284fccc1fac201294b4a731,0.6451612903225806,False,0.0
5,0,"not_(greater_than_or_equal(pdiv(x[0],x[3]), pdiv(x[2],x[0])))",False,,,33e705dbde1bdd8c61945edcbf573854,0.49193548387096775,False,0.0
5,0,"or_(greater_than_or_equal(sub(x[0],x[0]), add(x[5],x[5])),less_than_or_equal(sub(x[2],x[7]),mul(x[3],x[0])))",True,"or_(x[13],x[13])",0.217741935483871,36111fea987f400a898cb3f2f5b81685,,,
5,0,"greater_than_or_equal(add(add(x[0],x[7]),sub(x[7],x[5])), add(pdiv(x[0],x[7]),sub(x[5],x[0])))",False,,,7edabcccd97990ce624425d33634c75a,0.3548387096774194,False,0.0
5,0,"greater_than_or_equal(add(add(x[7],x[2]),mul(x[3],x[2])), add(add(x[3],x[3]),pdiv(x[5],x[7])))",False,,,30f20572db8fa96b04718bf1d641dce7,0.7016129032258065,False,0.0
5,0,"greater_than_or_equal(sub(pdiv(x[5],x[7]),add(x[2],x[3])), sub(add(x[0],x[0]),add(x[3],x[3])))",False,,,358654de8d486e8cc3fe22f7dd7db0b4,0.3145161290322581,False,0.0
5,0,"less_than_or_equal(sub(add(x[3],x[5]),pdiv(x[5],x[5])),mul(sub(x[3],x[2]),pdiv(x[0],x[0])))",True,"or_(x[13],x[13])",0.217741935483871,36111fea987f400a898cb3f2f5b81685,,,
5,0,"greater_than_or_equal(add(sub(x[5],x[5]),sub(x[0],x[3])), mul(add(x[5],x[5]),mul(x[5],x[7])))",True,"less_than_or_equal(x[3],x[0])",0.6532258064516129,13c7a10fdf1a463cb8fbf9257a28ae54,,,
5,0,"and_(not_(or_(and_(x[18],x[16]),not_(x[10]))),or_(not_(and_(x[8],x[14])),or_(and_(x[16],x[4]),not_(x[16]))))",False,,,ef5051708881c711a6da4aba64d47bf4,0.5,False,0.0
5,0,"less_than_or_equal(mul(add(x[7],x[5]),add(x[5],x[3])),sub(add(x[5],x[3]),sub(x[7],x[0])))",False,,,9a64fc20f9f38b5b14777ac7c28a473d,0.49193548387096775,False,0.0
5,0,"not_(greater_than_or_equal(pdiv(x[5],x[2]), mul(x[3],x[7])))",False,,,fc35ff1e1141cc11cc5ec1bb4d7f6c03,0.7419354838709677,False,0.0
5,0,"less_than_or_equal(add(sub(x[7],x[5]),sub(x[0],x[5])),add(sub(x[7],x[5]),mul(x[3],x[7])))",False,,,b801d2b42bc4aeec603db40255f4a32d,0.32258064516129037,False,0.0
5,0,"not_(not_(greater_than_or_equal(x[2], x[5])))",False,,,e1aea02c9095562344eb167b82d93c44,0.4193548387096774,False,0.0
5,0,"or_(greater_than_or_equal(sub(x[5],x[5]), add(x[7],x[2])),less_than_or_equal(mul(x[2],x[0]),mul(x[3],x[2])))",False,,,940ab2c3fdcaa43596c4e7abd5f7a99b,0.29032258064516125,False,0.0
5,0,"not_(or_(not_(or_(x[10],x[12])),not_(or_(x[12],x[13]))))",False,,,eb9619d18b46cacd02997a47020f8bbd,0.19354838709677424,False,0.0
5,0,"and_(not_(and_(or_(x[14],x[11]),and_(x[16],x[8]))),greater_than_or_equal(pdiv(x[7],x[3]), add(x[0],x[0])))",True,not_(x[17]),0.782258064516129,ac739370374d1daddf9260a9a76ceba0,,,
5,0,"or_(greater_than_or_equal(mul(x[3],x[3]), add(x[3],x[7])),greater_than_or_equal(sub(x[3],x[2]), sub(x[2],x[2])))",True,"or_(greater_than_or_equal(sub(x[5],x[5]), add(x[7],x[2])),less_than_or_equal(mul(x[2],x[0]),mul(x[3],x[2])))",0.29032258064516125,940ab2c3fdcaa43596c4e7abd5f7a99b,,,
5,0,"not_(not_(less_than_or_equal(x[0],x[5])))",True,"greater_than_or_equal(x[5], x[0])",0.44354838709677424,dd2fd0be8f784dacb2b4a8afffc5995a,,,
5,0,"and_(not_(less_than_or_equal(x[0],x[3])),greater_than_or_equal(add(x[2],x[0]), pdiv(x[2],x[3])))",True,"not_(less_than_or_equal(x[2],x[3]))",0.7096774193548387,9d01d6b087ad0c4a4f3d18a08ba03757,,,
5,0,"greater_than_or_equal(sub(add(x[2],x[2]),sub(x[7],x[3])), sub(pdiv(x[5],x[2]),sub(x[7],x[0])))",False,,,a217ca2e0535b2ef3495366d2a41c3f2,0.49193548387096775,False,0.0
5,0,"or_(or_(greater_than_or_equal(x[7], x[2]),greater_than_or_equal(x[3], x[0])),not_(greater_than_or_equal(x[7], x[7])))",True,"or_(x[13],x[13])",0.217741935483871,36111fea987f400a898cb3f2f5b81685,,,
5,0,"or_(less_than_or_equal(sub(x[7],x[2]),add(x[3],x[7])),less_than_or_equal(add(x[5],x[7]),add(x[7],x[0])))",True,"or_(x[13],x[13])",0.217741935483871,36111fea987f400a898cb3f2f5b81685,,,
5,0,"not_(not_(or_(not_(x[9]),and_(x[12],x[13]))))",False,,,5ace85785d5c304d919faa1fe93d9f51,0.19354838709677424,False,0.0
5,0,"greater_than_or_equal(sub(sub(x[7],x[0]),add(x[5],x[3])), mul(pdiv(x[5],x[5]),mul(x[7],x[5])))",False,,,4b4fdc981d6669152f6aa58bfd7b8ec6,0.7903225806451613,False,0.0
5,0,"not_(less_than_or_equal(add(x[7],x[0]),pdiv(x[7],x[2])))",False,,,c2c4ee4044124c917bf9be2a5adc1ec9,0.6774193548387097,False,0.0
5,0,"and_(or_(or_(and_(x[18],x[17]),not_(x[14])),not_(not_(x[15]))),and_(and_(and_(x[11],x[13]),and_(x[14],x[18])),not_(and_(x[18],x[4]))))",False,,,3921b3f5ad64cd84de2005d0477b891f,0.6693548387096775,False,0.0
5,0,"or_(and_(and_(or_(x[10],x[13]),not_(x[6])),and_(not_(x[9]),or_(x[17],x[12]))),less_than_or_equal(mul(x[7],x[7]),sub(x[3],x[7])))",False,,,9f6070968f6c749452f9089cfd5b22e2,0.2983870967741935,False,0.0
5,0,"or_(greater_than_or_equal(sub(x[7],x[2]), add(x[7],x[2])),and_(or_(and_(x[18],x[17]),and_(x[8],x[9])),less_than_or_equal(x[3],x[2])))",True,"less_than_or_equal(sub(sub(x[0],x[0]),mul(x[2],x[0])),sub(sub(x[0],x[0]),mul(x[2],x[3])))",0.47580645161290325,0b3892ae8536aa4bd3286c95bd35dfb0,,,
5,0,"or_(not_(greater_than_or_equal(x[5], x[7])),or_(greater_than_or_equal(x[0], x[7]),or_(not_(x[9]),and_(x[4],x[17]))))",False,,,2276fd912e4a84b499def9b97a042aa1,0.30645161290322576,False,0.0
5,0,"not_(not_(less_than_or_equal(x[0],x[0])))",True,"or_(x[13],x[13])",0.217741935483871,36111fea987f400a898cb3f2f5b81685,,,
5,0,"less_than_or_equal(pdiv(mul(x[0],x[5]),mul(x[3],x[0])),sub(mul(x[7],x[3]),mul(x[7],x[3])))",False,,,21fe0f488a6340a310b1f02bb4583e59,0.717741935483871,False,0.0
5,0,"not_(greater_than_or_equal(mul(x[2],x[5]), add(x[2],x[0])))",True,"or_(x[13],x[13])",0.217741935483871,36111fea987f400a898cb3f2f5b81685,,,
5,0,"not_(less_than_or_equal(pdiv(x[2],x[2]),sub(x[5],x[3])))",True,"or_(x[13],x[13])",0.217741935483871,36111fea987f400a898cb3f2f5b81685,,,
5,0,"not_(greater_than_or_equal(sub(x[2],x[0]), add(x[2],x[5])))",True,"or_(x[13],x[13])",0.217741935483871,36111fea987f400a898cb3f2f5b81685,,,
5,0,"less_than_or_equal(sub(add(x[5],x[0]),sub(x[7],x[5])),pdiv(sub(x[5],x[2]),mul(x[7],x[2])))",False,,,01571d6b23d873a3d61e52d5948f8e3f,0.6612903225806452,False,0.0
5,0,"less_than_or_equal(mul(add(x[7],x[0]),add(x[3],x[0])),sub(pdiv(x[3],x[2]),add(x[3],x[7])))",False,,,65ccf253e36dffc7be4311c20f5645b7,0.7419354838709677,False,0.0
5,0,"and_(or_(not_(not_(x[8])),greater_than_or_equal(x[7], x[7])),or_(less_than_or_equal(x[2],x[0]),greater_than_or_equal(x[5], x[5])))",True,"or_(x[13],x[13])",0.217741935483871,36111fea987f400a898cb3f2f5b81685,,,
5,0,"or_(not_(greater_than_or_equal(x[0], x[5])),not_(or_(not_(x[11]),or_(x[17],x[1]))))",True,"greater_than_or_equal(x[5], x[0])",0.44354838709677424,dd2fd0be8f784dacb2b4a8afffc5995a,,,
5,0,"and_(less_than_or_equal(mul(x[3],x[7]),mul(x[3],x[3])),not_(or_(and_(x[17],x[1]),not_(x[9]))))",False,,,4aa81ab8d9ab9b3b7ba05db9ea14c317,0.30645161290322576,False,0.0
5,0,"not_(and_(and_(and_(x[17],x[9]),or_(x[16],x[8])),greater_than_or_equal(x[5], x[2])))",False,,,c070bb2541726c59e408a8de021a06ea,0.7016129032258065,False,0.0
5,0,"not_(less_than_or_equal(add(x[2],x[3]),pdiv(x[2],x[7])))",False,,,0337387c6bfe2579eff3764853bf3226,0.4193548387096774,False,0.0
5,0,"not_(not_(less_than_or_equal(x[0],x[3])))",True,"greater_than_or_equal(x[3], x[0])",0.33870967741935487,8aa2f19b213d8e9959a7bdc0047f9dae,,,
5,0,"not_(greater_than_or_equal(sub(x[0],x[3]), sub(x[7],x[2])))",False,,,a30545f0357f51690530c7bc1d954fe8,0.3629032258064516,False,0.0
5,0,"less_than_or_equal(sub(pdiv(x[3],x[7]),add(x[0],x[3])),pdiv(add(x[0],x[2]),mul(x[3],x[3])))",False,,,d43a824684728ebd134e7a7ae40b3af1,0.3709677419354839,False,0.0
5,0,"less_than_or_equal(mul(mul(x[5],x[2]),pdiv(x[5],x[2])),pdiv(mul(x[0],x[3]),add(x[5],x[7])))",False,,,1ae86e56edfa7d51614bf0c122fa5765,0.3145161290322581,False,0.0
5,0,"greater_than_or_equal(pdiv(add(x[3],x[3]),mul(x[3],x[5])), sub(add(x[7],x[2]),pdiv(x[2],x[7])))",True,"or_(x[13],x[13])",0.217741935483871,36111fea987f400a898cb3f2f5b81685,,,
5,0,"not_(not_(or_(or_(x[9],x[1]),and_(x[11],x[17]))))",False,,,35a97f1bb9f897512fdd2c59a932c686,0.19354838709677424,False,0.0
5,0,"or_(or_(or_(and_(x[6],x[18]),and_(x[17],x[9])),less_than_or_equal(x[7],x[3])),less_than_or_equal(add(x[3],x[2]),add(x[2],x[2])))",True,"or_(x[13],x[13])",0.217741935483871,36111fea987f400a898cb3f2f5b81685,,,
5,0,"and_(greater_than_or_equal(sub(x[5],x[3]), pdiv(x[5],x[7])),and_(less_than_or_equal(x[2],x[2]),less_than_or_equal(x[3],x[3])))",True,"greater_than_or_equal(sub(sub(x[7],x[0]),add(x[5],x[3])), mul(pdiv(x[5],x[5]),mul(x[7],x[5])))",0.7903225806451613,4b4fdc981d6669152f6aa58bfd7b8ec6,,,
5,0,"or_(greater_than_or_equal(sub(x[7],x[5]), mul(x[7],x[5])),less_than_or_equal(add(x[7],x[3]),mul(x[2],x[3])))",False,,,5c1e6b578f879c1631de1c65e054a07a,0.6774193548387097,False,0.0
5,0,"less_than_or_equal(sub(sub(x[7],x[5]),sub(x[7],x[2])),sub(add(x[2],x[2]),add(x[5],x[0])))",True,"greater_than_or_equal(x[2], x[0])",0.5080645161290323,e820377bb6f120089460325d375dffca,,,
5,0,"less_than_or_equal(pdiv(pdiv(x[3],x[0]),add(x[3],x[3])),mul(pdiv(x[7],x[3]),add(x[0],x[2])))",False,,,ef52e73a2e24af8d39c8152f5dbe65e1,0.7419354838709677,False,0.0
5,0,"and_(and_(not_(not_(x[8])),greater_than_or_equal(x[0], x[2])),greater_than_or_equal(sub(x[3],x[3]), mul(x[7],x[7])))",True,not_(x[17]),0.782258064516129,ac739370374d1daddf9260a9a76ceba0,,,
5,0,"greater_than_or_equal(pdiv(add(x[7],x[2]),add(x[5],x[2])), mul(sub(x[2],x[5]),add(x[7],x[3])))",True,"or_(x[13],x[13])",0.217741935483871,36111fea987f400a898cb3f2f5b81685,,,
5,0,"less_than_or_equal(add(mul(x[3],x[5]),sub(x[0],x[7])),mul(add(x[0],x[5]),pdiv(x[2],x[2])))",True,"or_(x[13],x[13])",0.217741935483871,36111fea987f400a898cb3f2f5b81685,,,
5,0,"less_than_or_equal(sub(pdiv(x[2],x[5]),mul(x[0],x[7])),pdiv(pdiv(x[3],x[7]),sub(x[7],x[0])))",False,,,d433588a13995079eee72d29e7bbd07b,0.47580645161290325,False,0.0
5,0,"greater_than_or_equal(pdiv(add(x[5],x[2]),mul(x[7],x[2])), mul(add(x[5],x[7]),pdiv(x[7],x[0])))",False,,,b5583f35dc2be66b5ab011b2d80e851f,0.30645161290322576,False,0.0
5,0,"greater_than_or_equal(sub(mul(x[0],x[7]),add(x[0],x[5])), mul(pdiv(x[5],x[0]),pdiv(x[2],x[5])))",True,"less_than_or_equal(pdiv(x[7],x[5]),sub(x[7],x[5]))",0.7903225806451613,c26d430df3555f050e14072f03c9dea7,,,
5,0,"not_(and_(greater_than_or_equal(x[3], x[7]),greater_than_or_equal(x[3], x[2])))",True,"less_than_or_equal(x[3],x[0])",0.6532258064516129,13c7a10fdf1a463cb8fbf9257a28ae54,,,
5,0,"less_than_or_equal(add(add(x[3],x[3]),pdiv(x[2],x[2])),add(pdiv(x[5],x[3]),sub(x[0],x[5])))",False,,,622e32fbd87947c4f0a3cd9a765db517,0.7338709677419355,False,0.0
5,0,"less_than_or_equal(add(add(x[5],x[2]),sub(x[7],x[3])),pdiv(sub(x[3],x[0]),mul(x[5],x[2])))",True,"or_(greater_than_or_equal(sub(x[5],x[5]), add(x[7],x[2])),less_than_or_equal(mul(x[2],x[0]),mul(x[3],x[2])))",0.29032258064516125,940ab2c3fdcaa43596c4e7abd5f7a99b,,,
5,0,"and_(not_(less_than_or_equal(x[0],x[2])),and_(less_than_or_equal(x[0],x[3]),greater_than_or_equal(x[2], x[2])))",False,,,ca8c24752060f50c249bd821e8cb5053,0.5564516129032258,False,0.0
5,0,"not_(greater_than_or_equal(sub(x[0],x[7]), mul(x[0],x[7])))",False,,,dc6e4ab565bcade982c3ac34dfacdff9,0.3629032258064516,False,0.0
5,0,"less_than_or_equal(mul(sub(x[0],x[7]),pdiv(x[3],x[2])),add(add(x[7],x[2]),pdiv(x[5],x[7])))",True,"or_(x[13],x[13])",0.217741935483871,36111fea987f400a898cb3f2f5b81685,,,
5,0,"less_than_or_equal(mul(sub(x[7],x[5]),add(x[3],x[0])),pdiv(pdiv(x[7],x[5]),sub(x[5],x[7])))",False,,,b20cf1d190628b765812ed2ee8286db8,0.25806451612903225,False,0.0
5,0,"greater_than_or_equal(add(sub(x[5],x[5]),mul(x[5],x[3])), add(pdiv(x[0],x[0]),mul(x[2],x[7])))",True,not_(x[17]),0.782258064516129,ac739370374d1daddf9260a9a76ceba0,,,
5,0,"or_(not_(less_than_or_equal(x[3],x[0])),not_(greater_than_or_equal(x[3], x[0])))",True,"or_(x[13],x[13])",0.217741935483871,36111fea987f400a898cb3f2f5b81685,,,
5,0,"not_(less_than_or_equal(mul(x[3],x[5]),sub(x[2],x[7])))",False,,,e9cf164388cef7d0b9acf164db1386f8,0.3870967741935484,False,0.0
5,0,"or_(not_(less_than_or_equal(x[2],x[3])),not_(less_than_or_equal(x[7],x[5])))",False,,,307aa14bb03efaebe1fb21a31d56528c,0.6774193548387097,False,0.0
5,0,"and_(not_(or_(not_(x[9]),and_(x[9],x[10]))),and_(not_(not_(x[8])),or_(not_(x[6]),or_(x[6],x[13]))))",False,,,886a2089a1f8456df5dd89a400a460f1,0.8064516129032258,False,0.0
5,0,"not_(less_than_or_equal(pdiv(x[3],x[3]),pdiv(x[2],x[7])))",True,"greater_than_or_equal(mul(x[3],x[7]), pdiv(x[2],x[7]))",0.6370967741935484,4a86c9b9c7edb84980b263fb7fc6560c,,,
5,0,"greater_than_or_equal(sub(mul(x[0],x[7]),sub(x[0],x[0])), mul(pdiv(x[5],x[0]),mul(x[3],x[3])))",False,,,753631ce949b3354453ac4e8b0d16d59,0.5887096774193548,False,0.0
5,0,"not_(less_than_or_equal(mul(x[0],x[3]),add(x[7],x[3])))",True,not_(x[17]),0.782258064516129,ac739370374d1daddf9260a9a76ceba0,,,
5,0,"not_(greater_than_or_equal(pdiv(x[7],x[7]), mul(x[5],x[0])))",True,not_(x[17]),0.782258064516129,ac739370374d1daddf9260a9a76ceba0,,,
5,0,"greater_than_or_equal(add(add(x[2],x[2]),pdiv(x[5],x[2])), add(pdiv(x[7],x[3]),add(x[5],x[3])))",False,,,56523aee28cce11273eddb919227ca38,0.45967741935483875,False,0.0
5,0,"greater_than_or_equal(add(mul(x[7],x[2]),mul(x[0],x[0])), add(mul(x[2],x[7]),mul(x[7],x[3])))",False,,,857476289e0d75db198287690690b8f0,0.5161290322580645,False,0.0
5,0,"not_(and_(greater_than_or_equal(x[7], x[2]),or_(and_(x[1],x[14]),or_(x[18],x[1]))))",False,,,776680778365114eefbfd50d6ef24ea2,0.3870967741935484,False,0.0
5,0,"not_(and_(greater_than_or_equal(x[2], x[2]),greater_than_or_equal(x[7], x[0])))",False,,,cf1dfc1c4b8f0797120de109ac7d07b5,0.5483870967741935,False,0.0
5,0,"less_than_or_equal(add(mul(x[7],x[0]),add(x[2],x[3])),add(add(x[7],x[7]),add(x[3],x[3])))",True,"or_(x[13],x[13])",0.217741935483871,36111fea987f400a898cb3f2f5b81685,,,
5,0,"not_(not_(greater_than_or_equal(x[3], x[5])))",True,"less_than_or_equal(pdiv(mul(x[7],x[5]),05.58),add(mul(x[3],x[5]),sub(x[7],x[7])))",0.2983870967741935,d7ea958cd25dea4211834916ff512bde,,,
5,0,"not_(greater_than_or_equal(add(x[7],x[7]), sub(x[2],x[0])))",True,not_(x[17]),0.782258064516129,ac739370374d1daddf9260a9a76ceba0,,,
5,0,"not_(not_(or_(not_(x[4]),or_(x[18],x[11]))))",True,"or_(x[13],x[13])",0.217741935483871,36111fea987f400a898cb3f2f5b81685,,,
5,0,"less_than_or_equal(add(add(x[2],x[0]),sub(x[5],x[2])),mul(sub(x[3],x[2]),add(x[0],x[2])))",False,,,90f5b6e3d68ccfdeb650a8972704f3f3,0.717741935483871,False,0.0
5,0,"less_than_or_equal(add(add(x[5],x[2]),pdiv(x[5],x[3])),pdiv(add(x[5],x[2]),mul(x[7],x[5])))",False,,,671b372d8a68c4935e5f94f0d6e59c1c,0.2661290322580645,False,0.0
5,0,"or_(greater_than_or_equal(add(x[2],x[5]), pdiv(x[0],x[3])),less_than_or_equal(add(x[3],x[0]),mul(x[5],x[7])))",False,,,dffc8b7ecffa11d0158db5fd86fc1bba,0.3629032258064516,False,0.0
5,0,"or_(greater_than_or_equal(sub(x[0],x[5]), mul(x[3],x[3])),less_than_or_equal(add(x[3],x[7]),add(x[0],x[3])))",False,,,b027be2ef498a67c00ae995e58361f5c,0.5564516129032258,False,0.0
5,0,"greater_than_or_equal(pdiv(pdiv(x[2],x[5]),mul(x[5],x[5])), mul(pdiv(x[7],x[0]),mul(x[3],x[3])))",False,,,32bcc93fce2519c66c4d95dfa5691a76,0.3709677419354839,False,0.0
5,0,"greater_than_or_equal(add(mul(x[3],x[7]),sub(x[7],x[5])), pdiv(sub(x[2],x[3]),add(x[2],x[3])))",False,,,db129a5eb8ab6be2ba8e77b864e53a04,0.3548387096774194,False,0.0
5,0,"less_than_or_equal(sub(sub(x[2],x[2]),pdiv(x[2],x[2])),mul(mul(x[7],x[5]),pdiv(x[0],x[3])))",True,"or_(x[13],x[13])",0.217741935483871,36111fea987f400a898cb3f2f5b81685,,,
5,0,"or_(greater_than_or_equal(mul(x[5],x[5]), mul(x[2],x[2])),greater_than_or_equal(pdiv(x[7],x[7]), sub(x[7],x[0])))",True,"or_(x[13],x[13])",0.217741935483871,36111fea987f400a898cb3f2f5b81685,,,
5,0,"or_(or_(greater_than_or_equal(x[0], x[7]),not_(and_(x[8],x[18]))),less_than_or_equal(pdiv(x[2],x[7]),add(x[7],x[0])))",False,,,e516e0b5b565c59277c99542b8f77f7e,0.25,False,0.0
5,0,"and_(not_(not_(and_(x[14],x[10]))),not_(and_(and_(x[4],x[1]),and_(x[8],x[16]))))",False,,,d20d6df9b2f2c20dead2e27762dc09c5,0.27419354838709675,False,0.0
5,0,"greater_than_or_equal(mul(sub(x[3],x[7]),mul(x[3],x[0])), pdiv(pdiv(x[0],x[5]),mul(x[0],x[3])))",True,not_(x[17]),0.782258064516129,ac739370374d1daddf9260a9a76ceba0,,,
5,0,"greater_than_or_equal(sub(add(x[7],x[3]),add(x[0],x[0])), add(sub(x[2],x[0]),add(x[5],x[3])))",False,,,df284a7720afcf91b10fd25c665b0cd4,0.7983870967741935,False,0.0
5,0,"greater_than_or_equal(pdiv(add(x[2],x[2]),add(x[7],x[5])), mul(add(x[7],x[3]),pdiv(x[0],x[5])))",False,,,12ce9aff1450888606b83b8266b27755,0.564516129032258,False,0.0
5,0,"less_than_or_equal(add(pdiv(x[2],x[2]),pdiv(x[0],x[7])),add(sub(x[3],x[3]),mul(x[7],x[0])))",True,not_(x[17]),0.782258064516129,ac739370374d1daddf9260a9a76ceba0,,,
5,0,"greater_than_or_equal(pdiv(add(x[0],x[5]),pdiv(x[7],x[2])), pdiv(mul(x[5],x[7]),add(x[0],x[2])))",False,,,63fea591fec4e82419158ee864d108bb,0.25,False,0.0
5,0,"greater_than_or_equal(pdiv(add(x[7],x[7]),mul(x[2],x[3])), add(add(x[3],x[3]),sub(x[3],x[5])))",False,,,091695dd7e1702a8c53080abe4b192bf,0.6370967741935484,False,0.0
5,0,"or_(greater_than_or_equal(sub(x[7],x[0]), add(x[3],x[3])),less_than_or_equal(add(x[5],x[2]),mul(x[3],x[5])))",False,,,912de53fdd33a335e9ae21bb2102f3ed,0.532258064516129,False,0.0
5,0,"not_(not_(and_(and_(x[18],x[18]),not_(x[4]))))",False,,,87c9308d3dbbd60855e78948b5eb6e73,0.7258064516129032,False,0.0
5,0,"less_than_or_equal(add(sub(x[3],x[3]),pdiv(x[7],x[0])),pdiv(sub(x[2],x[7]),add(x[2],x[3])))",True,"not_(less_than_or_equal(sub(x[0],x[7]),mul(x[0],x[7])))",0.6451612903225806,eac58feff284fccc1fac201294b4a731,,,
5,0,"greater_than_or_equal(sub(sub(x[2],x[7]),mul(x[2],x[7])), mul(add(x[3],x[2]),mul(x[5],x[0])))",False,,,edf48a74e99249e7dcd03d2a03c09d25,0.6935483870967742,False,0.0
5,0,"not_(and_(not_(not_(x[11])),less_than_or_equal(x[5],x[3])))",False,,,d8329fe80e525105c3f0f5e8cb870ae0,0.7419354838709677,False,0.0
5,0,"not_(less_than_or_equal(add(x[3],x[5]),mul(x[0],x[7])))",False,,,fe7a918e94aa2a9c3103961ca1aafc14,0.24193548387096775,False,0.0
5,0,"less_than_or_equal(pdiv(sub(x[7],x[5]),add(x[7],x[3])),sub(add(x[7],x[3]),pdiv(x[7],x[0])))",False,,,049c9aeafab609c042718969bbfbac98,0.4838709677419355,False,0.0
5,0,"less_than_or_equal(sub(pdiv(x[5],x[5]),pdiv(x[7],x[7])),mul(add(x[5],x[7]),mul(x[3],x[7])))",True,"or_(x[13],x[13])",0.217741935483871,36111fea987f400a898cb3f2f5b81685,,,
5,1,x[10],True,x[10],0.24193548387096775,7424f049dcd7de48c5ec487367408f4f,,,
5,1,"less_than_or_equal(sub(x[7],x[3]),add(x[0],x[2]))",False,,,3eb1328ec4d74aee9587ee6852bf6f6d,0.20967741935483875,False,0.0
5,1,x[10],True,x[10],0.24193548387096775,7424f049dcd7de48c5ec487367408f4f,,,
5,1,"not_(greater_than_or_equal(pdiv(x[2],x[2]), sub(x[5],x[3])))",True,not_(x[17]),0.782258064516129,ac739370374d1daddf9260a9a76ceba0,,,
5,1,"greater_than_or_equal(pdiv(pdiv(x[2],x[5]),add(x[5],x[5])), mul(pdiv(x[7],x[0]),mul(x[3],x[3])))",False,,,00ab3c773564cbba4703b998f4cd2e06,0.5241935483870968,False,0.0
5,1,x[11],True,x[11],0.16129032258064513,9dada49e784601183eb3a1e1723ce2d4,,,
5,1,x[9],True,x[9],0.2338709677419355,2e0260aa627dff742f7c723c8367e701,,,
5,1,"greater_than_or_equal(x[2], mul(x[2],x[3]))",True,"or_(x[13],x[13])",0.217741935483871,36111fea987f400a898cb3f2f5b81685,,,
5,1,x[9],True,x[9],0.2338709677419355,2e0260aa627dff742f7c723c8367e701,,,
5,1,"or_(x[9],x[1])",False,,,f90fd799b3cb0f16e2c710cec5e1b69c,0.20967741935483875,False,0.0
5,1,"or_(greater_than_or_equal(sub(x[3],x[2]), sub(x[7],85.96)),x[16])",True,"or_(x[13],x[13])",0.217741935483871,36111fea987f400a898cb3f2f5b81685,,,
5,1,"or_(x[12],x[13])",True,"or_(x[13],x[13])",0.217741935483871,36111fea987f400a898cb3f2f5b81685,,,
5,1,"or_(not_(less_than_or_equal(x[3],x[7])),not_(greater_than_or_equal(x[3], x[2])))",False,,,144165c854f7f5dead62834ffc49b48a,0.25806451612903225,False,0.0
5,1,x[1],True,x[1],0.685483870967742,48150b63a14de07ac8ada4efd9d4896c,,,
5,1,x[12],True,x[12],0.18548387096774188,0d372214e94f96a8c686509e4d084014,,,
5,1,"not_(greater_than_or_equal(mul(x[2],x[3]), add(x[2],x[5])))",False,,,9e8e7d5b3976a5b1f4e0c91e4d98238e,0.29032258064516125,False,0.0
5,1,x[17],True,x[17],0.217741935483871,078a7ef4b1d424e54e976f158f2a5fa5,,,
5,1,x[6],True,x[6],0.30645161290322576,d902aea98596abf07e07d9c42be380bf,,,
5,1,x[12],True,x[12],0.18548387096774188,0d372214e94f96a8c686509e4d084014,,,
5,1,"not_(greater_than_or_equal(x[3], 90.35))",True,"or_(x[13],x[13])",0.217741935483871,36111fea987f400a898cb3f2f5b81685,,,
5,1,x[12],True,x[12],0.18548387096774188,0d372214e94f96a8c686509e4d084014,,,
5,1,x[12],True,x[12],0.18548387096774188,0d372214e94f96a8c686509e4d084014,,,
5,1,"not_(less_than_or_equal(pdiv(x[2],x[2]),sub(x[2],x[3])))",True,"or_(x[13],x[13])",0.217741935483871,36111fea987f400a898cb3f2f5b81685,,,
5,1,"less_than_or_equal(x[3],x[7])",False,,,0d44effde7940fa90b8503f2c7bce1fe,0.6693548387096775,False,0.0
5,1,x[15],True,x[15],0.22580645161290325,301bd409bd67cc588ceaa53a6f5220a4,,,
5,1,not_(not_(x[12])),False,,,5f1c9bfed6a393f21ab232d2f03b461e,0.18548387096774188,False,0.0
5,1,x[10],True,x[10],0.24193548387096775,7424f049dcd7de48c5ec487367408f4f,,,
5,1,"or_(or_(less_than_or_equal(x[3],64.29),x[14]),and_(x[15],x[6]))",True,"or_(x[13],x[13])",0.217741935483871,36111fea987f400a898cb3f2f5b81685,,,
5,1,x[10],True,x[10],0.24193548387096775,7424f049dcd7de48c5ec487367408f4f,,,
5,1,not_(x[1]),True,not_(x[1]),0.3145161290322581,7aeff960cf9876cf57a7621c06709fe5,,,
5,1,x[12],True,x[12],0.18548387096774188,0d372214e94f96a8c686509e4d084014,,,
5,1,x[12],True,x[12],0.18548387096774188,0d372214e94f96a8c686509e4d084014,,,
5,1,x[15],True,x[15],0.22580645161290325,301bd409bd67cc588ceaa53a6f5220a4,,,
5,1,"greater_than_or_equal(add(add(x[0],x[3]),pdiv(x[5],x[3])), x[2])",True,"or_(x[13],x[13])",0.217741935483871,36111fea987f400a898cb3f2f5b81685,,,
5,1,x[9],True,x[9],0.2338709677419355,2e0260aa627dff742f7c723c8367e701,,,
5,1,x[11],True,x[11],0.16129032258064513,9dada49e784601183eb3a1e1723ce2d4,,,
5,1,x[14],True,x[14],0.22580645161290325,5184b187f6f474f266ff1a9e52a8b41f,,,
5,1,x[17],True,x[17],0.217741935483871,078a7ef4b1d424e54e976f158f2a5fa5,,,
5,1,x[8],True,x[8],0.4354838709677419,8c6b56831adf589cc7ca352d27aafe6d,,,
5,1,"greater_than_or_equal(mul(sub(x[2],x[0]),x[3]), x[3])",True,"less_than_or_equal(x[3],x[0])",0.6532258064516129,13c7a10fdf1a463cb8fbf9257a28ae54,,,
5,1,"less_than_or_equal(sub(add(x[3],x[5]),pdiv(x[5],x[5])),mul(x[3],x[0]))",False,,,69fdba96169a1947a88dc2b89d7b8099,0.4838709677419355,False,0.0
5,1,"less_than_or_equal(x[0],x[2])",True,"greater_than_or_equal(x[2], x[0])",0.5080645161290323,e820377bb6f120089460325d375dffca,,,
5,1,"greater_than_or_equal(x[2], add(x[3],x[7]))",True,"not_(less_than_or_equal(x[2],x[3]))",0.7096774193548387,9d01d6b087ad0c4a4f3d18a08ba03757,,,
5,1,"less_than_or_equal(add(add(x[5],x[2]),sub(x[7],x[3])),pdiv(sub(x[3],x[0]),mul(x[5],35.36)))",False,,,ccbe3023a9c23731fc1134a0728511f7,0.5080645161290323,False,0.0
5,1,"less_than_or_equal(mul(sub(x[0],x[2]),pdiv(x[3],x[2])),add(add(x[7],x[3]),pdiv(x[5],x[7])))",True,"or_(x[13],x[13])",0.217741935483871,36111fea987f400a898cb3f2f5b81685,,,
5,1,not_(x[1]),True,not_(x[1]),0.3145161290322581,7aeff960cf9876cf57a7621c06709fe5,,,
5,1,"or_(not_(less_than_or_equal(x[3],x[0])),not_(x[1]))",True,"not_(greater_than_or_equal(sub(x[5],x[2]), add(x[3],x[7])))",0.2661290322580645,423388c4ecfa32fba6decf016b713977,,,
5,1,"greater_than_or_equal(add(mul(x[7],x[0]),add(x[7],x[7])), sub(mul(x[2],x[0]),pdiv(x[3],x[5])))",True,"or_(x[13],x[13])",0.217741935483871,36111fea987f400a898cb3f2f5b81685,,,
5,1,x[12],True,x[12],0.18548387096774188,0d372214e94f96a8c686509e4d084014,,,
5,1,"not_(not_(or_(or_(x[17],x[1]),x[12])))",True,"or_(x[13],x[13])",0.217741935483871,36111fea987f400a898cb3f2f5b81685,,,
5,1,"less_than_or_equal(x[3],sub(x[3],x[0]))",True,not_(x[17]),0.782258064516129,ac739370374d1daddf9260a9a76ceba0,,,
5,1,"and_(and_(x[8],not_(not_(x[13]))),less_than_or_equal(add(x[5],x[7]),x[3]))",False,,,ac02bac106516b19ee67a79ca35203e1,0.49193548387096775,False,0.0
5,1,"and_(x[9],x[9])",True,"and_(x[9],x[17])",0.2338709677419355,0ac77d0f70aeaa30ce988ed48eccc06c,,,
5,1,x[1],True,x[1],0.685483870967742,48150b63a14de07ac8ada4efd9d4896c,,,
5,1,"less_than_or_equal(sub(sub(x[7],x[2]),pdiv(x[2],x[2])),add(pdiv(x[5],x[5]),mul(sub(x[3],x[2]),pdiv(x[0],x[0]))))",True,"or_(x[13],x[13])",0.217741935483871,36111fea987f400a898cb3f2f5b81685,,,
5,1,x[16],True,x[16],0.217741935483871,2b4aec85a499a1f7baf764b48bcf9178,,,
5,1,x[11],True,x[11],0.16129032258064513,9dada49e784601183eb3a1e1723ce2d4,,,
5,1,x[9],True,x[9],0.2338709677419355,2e0260aa627dff742f7c723c8367e701,,,
5,1,"greater_than_or_equal(pdiv(add(x[3],x[3]),mul(x[3],x[5])), x[2])",True,"or_(x[13],x[13])",0.217741935483871,36111fea987f400a898cb3f2f5b81685,,,
5,1,"less_than_or_equal(x[0],x[3])",True,"greater_than_or_equal(x[3], x[0])",0.33870967741935487,8aa2f19b213d8e9959a7bdc0047f9dae,,,
5,1,"and_(or_(and_(x[14],x[18]),or_(x[6],x[15])),or_(x[6],x[16]))",True,"or_(x[13],x[13])",0.217741935483871,36111fea987f400a898cb3f2f5b81685,,,
5,1,x[6],True,x[6],0.30645161290322576,d902aea98596abf07e07d9c42be380bf,,,
5,1,x[10],True,x[10],0.24193548387096775,7424f049dcd7de48c5ec487367408f4f,,,
5,1,x[11],True,x[11],0.16129032258064513,9dada49e784601183eb3a1e1723ce2d4,,,
5,1,"or_(x[17],x[4])",True,"or_(x[13],x[13])",0.217741935483871,36111fea987f400a898cb3f2f5b81685,,,
5,1,"not_(greater_than_or_equal(sub(x[0],x[3]), x[2]))",True,"greater_than_or_equal(x[3], x[0])",0.33870967741935487,8aa2f19b213d8e9959a7bdc0047f9dae,,,
5,1,"or_(and_(x[8],not_(not_(x[13]))),less_than_or_equal(add(x[5],x[7]),add(sub(x[7],x[2]),x[0])))",False,,,1a83fd85aae8dd05c10d6e47e6955c97,0.3467741935483871,False,0.0
5,1,x[12],True,x[12],0.18548387096774188,0d372214e94f96a8c686509e4d084014,,,
5,1,"not_(and_(not_(x[6]),or_(x[12],x[12])))",False,,,1c9f8f4f683beb95822a8d0cc58b9047,0.32258064516129037,False,0.0
5,1,x[18],True,x[18],0.6451612903225806,6a4c84e0915d9d2b86d121e994683436,,,
5,1,"less_than_or_equal(pdiv(mul(x[7],x[0]),add(x[7],x[7])),sub(mul(x[7],x[0]),pdiv(x[3],x[5])))",False,,,b03a44bad98757cbd06dd05baf3a084d,0.7016129032258065,False,0.0
5,1,"less_than_or_equal(sub(sub(x[2],x[2]),pdiv(x[2],x[2])),mul(add(x[2],x[3]),add(mul(x[5],x[0]),sub(x[3],x[5]))))",True,"or_(x[13],x[13])",0.217741935483871,36111fea987f400a898cb3f2f5b81685,,,
5,1,"greater_than_or_equal(pdiv(add(x[3],x[7]),mul(x[7],x[5])), pdiv(x[0],x[3]))",True,"or_(x[13],x[13])",0.217741935483871,36111fea987f400a898cb3f2f5b81685,,,
5,1,x[8],True,x[8],0.4354838709677419,8c6b56831adf589cc7ca352d27aafe6d,,,
5,1,"or_(and_(and_(or_(x[10],x[13]),not_(x[6])),not_(not_(x[9]))),or_(x[17],x[12]))",True,"or_(x[13],x[13])",0.217741935483871,36111fea987f400a898cb3f2f5b81685,,,
5,1,x[12],True,x[12],0.18548387096774188,0d372214e94f96a8c686509e4d084014,,,
5,1,x[9],True,x[9],0.2338709677419355,2e0260aa627dff742f7c723c8367e701,,,
5,1,x[10],True,x[10],0.24193548387096775,7424f049dcd7de48c5ec487367408f4f,,,
5,1,x[6],True,x[6],0.30645161290322576,d902aea98596abf07e07d9c42be380bf,,,
5,1,"or_(x[12],x[9])",False,,,2b1c97275684210896cfd10720393d8e,0.20967741935483875,False,0.0
5,1,x[17],True,x[17],0.217741935483871,078a7ef4b1d424e54e976f158f2a5fa5,,,
5,1,"less_than_or_equal(x[2],mul(x[2],x[3]))",True,"or_(greater_than_or_equal(sub(x[5],x[5]), add(x[7],x[2])),less_than_or_equal(mul(x[2],x[0]),mul(x[3],x[2])))",0.29032258064516125,940ab2c3fdcaa43596c4e7abd5f7a99b,,,
5,1,"or_(or_(or_(and_(x[6],x[18]),and_(x[17],x[9])),less_than_or_equal(x[7],x[3])),less_than_or_equal(add(x[3],x[2]),sub(x[2],x[2])))",True,"or_(x[13],x[13])",0.217741935483871,36111fea987f400a898cb3f2f5b81685,,,
5,1,"not_(not_(or_(not_(x[9]),and_(x[12],x[13]))))",True,"not_(not_(or_(not_(x[9]),and_(x[12],x[13]))))",0.19354838709677424,5ace85785d5c304d919faa1fe93d9f51,,,
5,1,x[18],True,x[18],0.6451612903225806,6a4c84e0915d9d2b86d121e994683436,,,
5,1,x[9],True,x[9],0.2338709677419355,2e0260aa627dff742f7c723c8367e701,,,
5,1,"or_(x[12],x[16])",True,"or_(x[13],x[13])",0.217741935483871,36111fea987f400a898cb3f2f5b81685,,,
5,1,"less_than_or_equal(x[7],x[2])",True,"less_than_or_equal(x[7],x[2])",0.3629032258064516,ce5264e36c2b8dab7c0fdfed3d2709b4,,,
5,1,not_(x[15]),True,not_(x[17]),0.782258064516129,ac739370374d1daddf9260a9a76ceba0,,,
5,1,"or_(x[9],x[4])",True,"and_(x[9],x[17])",0.2338709677419355,0ac77d0f70aeaa30ce988ed48eccc06c,,,
5,1,x[17],True,x[17],0.217741935483871,078a7ef4b1d424e54e976f158f2a5fa5,,,
5,1,x[16],True,x[16],0.217741935483871,2b4aec85a499a1f7baf764b48bcf9178,,,
5,1,x[1],True,x[1],0.685483870967742,48150b63a14de07ac8ada4efd9d4896c,,,
5,1,x[12],True,x[12],0.18548387096774188,0d372214e94f96a8c686509e4d084014,,,
5,1,x[17],True,x[17],0.217741935483871,078a7ef4b1d424e54e976f158f2a5fa5,,,
5,1,x[14],True,x[14],0.22580645161290325,5184b187f6f474f266ff1a9e52a8b41f,,,
5,1,x[8],True,x[8],0.4354838709677419,8c6b56831adf589cc7ca352d27aafe6d,,,
5,1,x[15],True,x[15],0.22580645161290325,301bd409bd67cc588ceaa53a6f5220a4,,,
5,1,x[14],True,x[14],0.22580645161290325,5184b187f6f474f266ff1a9e52a8b41f,,,
5,1,"greater_than_or_equal(x[2], mul(x[2],x[3]))",True,"or_(x[13],x[13])",0.217741935483871,36111fea987f400a898cb3f2f5b81685,,,
5,1,"less_than_or_equal(mul(add(x[0],x[7]),pdiv(x[3],x[2])),add(add(x[7],x[2]),x[0]))",True,"less_than_or_equal(sub(sub(x[0],x[0]),mul(x[2],x[0])),sub(sub(x[0],x[0]),mul(x[2],x[3])))",0.47580645161290325,0b3892ae8536aa4bd3286c95bd35dfb0,,,
5,1,"less_than_or_equal(add(add(x[2],x[3]),sub(x[2],x[7])),x[7])",False,,,69c3a7fb2b9c7e785423ce80beace984,0.5564516129032258,False,0.0
5,1,x[10],True,x[10],0.24193548387096775,7424f049dcd7de48c5ec487367408f4f,,,
5,1,x[12],True,x[12],0.18548387096774188,0d372214e94f96a8c686509e4d084014,,,
5,1,x[14],True,x[14],0.22580645161290325,5184b187f6f474f266ff1a9e52a8b41f,,,
5,1,x[18],True,x[18],0.6451612903225806,6a4c84e0915d9d2b86d121e994683436,,,
5,1,"or_(and_(x[4],x[8]),x[6])",True,"or_(and_(x[4],x[8]),x[6])",0.30645161290322576,b3f42691db9f3037e0327d764f919d89,,,
5,1,"greater_than_or_equal(x[3], x[3])",True,"or_(x[13],x[13])",0.217741935483871,36111fea987f400a898cb3f2f5b81685,,,
5,1,"or_(and_(x[16],x[1]),or_(x[12],x[15]))",True,"or_(x[13],x[13])",0.217741935483871,36111fea987f400a898cb3f2f5b81685,,,
5,1,"less_than_or_equal(mul(sub(x[0],x[5]),add(x[3],x[0])),pdiv(pdiv(x[7],mul(x[3],x[5])),x[7]))",False,,,9d30d629b01eeb49b6ea85496e279db2,0.2016129032258065,False,0.0
5,1,x[8],True,x[8],0.4354838709677419,8c6b56831adf589cc7ca352d27aafe6d,,,
5,1,"or_(greater_than_or_equal(mul(x[5],x[5]), mul(x[7],97.87)),x[12])",True,not_(not_(x[12])),0.18548387096774188,5f1c9bfed6a393f21ab232d2f03b461e,,,
5,1,x[11],True,x[11],0.16129032258064513,9dada49e784601183eb3a1e1723ce2d4,,,
5,1,x[17],True,x[17],0.217741935483871,078a7ef4b1d424e54e976f158f2a5fa5,,,
5,1,"or_(less_than_or_equal(x[5],x[5]),or_(not_(x[15]),x[4]))",True,"or_(x[13],x[13])",0.217741935483871,36111fea987f400a898cb3f2f5b81685,,,
5,1,"greater_than_or_equal(add(add(x[0],x[3]),pdiv(x[5],sub(x[2],x[2]))), 86.02)",True,not_(x[17]),0.782258064516129,ac739370374d1daddf9260a9a76ceba0,,,
5,1,"or_(less_than_or_equal(x[5],x[5]),greater_than_or_equal(x[7], x[5]))",True,"or_(x[13],x[13])",0.217741935483871,36111fea987f400a898cb3f2f5b81685,,,
5,1,x[13],True,x[13],0.217741935483871,060f7b59fcb1852e9befb4d0292eca15,,,
5,1,x[13],True,x[13],0.217741935483871,060f7b59fcb1852e9befb4d0292eca15,,,
5,1,x[12],True,x[12],0.18548387096774188,0d372214e94f96a8c686509e4d084014,,,
5,1,x[12],True,x[12],0.18548387096774188,0d372214e94f96a8c686509e4d084014,,,
5,1,x[11],True,x[11],0.16129032258064513,9dada49e784601183eb3a1e1723ce2d4,,,
5,1,"greater_than_or_equal(pdiv(add(x[3],x[3]),mul(x[3],x[5])), sub(add(x[7],x[2]),pdiv(x[2],x[7])))",True,"or_(x[13],x[13])",0.217741935483871,36111fea987f400a898cb3f2f5b81685,,,
5,1,"less_than_or_equal(x[7],x[7])",True,"or_(x[13],x[13])",0.217741935483871,36111fea987f400a898cb3f2f5b81685,,,
5,1,x[11],True,x[11],0.16129032258064513,9dada49e784601183eb3a1e1723ce2d4,,,
5,1,x[15],True,x[15],0.22580645161290325,301bd409bd67cc588ceaa53a6f5220a4,,,
5,1,"less_than_or_equal(pdiv(pdiv(x[2],x[3]),sub(x[7],x[7])),x[5])",True,not_(x[17]),0.782258064516129,ac739370374d1daddf9260a9a76ceba0,,,
5,1,x[11],True,x[11],0.16129032258064513,9dada49e784601183eb3a1e1723ce2d4,,,
5,1,x[17],True,x[17],0.217741935483871,078a7ef4b1d424e54e976f158f2a5fa5,,,
5,1,"and_(or_(and_(or_(x[4],x[9]),or_(x[1],x[12])),x[4]),greater_than_or_equal(mul(x[2],x[5]), sub(x[2],x[0])))",False,,,ca97b692aa781ff78101577763177e0c,0.27419354838709675,False,0.0
5,1,x[9],True,x[9],0.2338709677419355,2e0260aa627dff742f7c723c8367e701,,,
5,1,"or_(or_(greater_than_or_equal(x[0], x[7]),not_(and_(x[8],x[18]))),less_than_or_equal(pdiv(x[2],x[7]),add(x[7],x[0])))",True,"or_(or_(greater_than_or_equal(x[0], x[7]),not_(and_(x[8],x[18]))),less_than_or_equal(pdiv(x[2],x[7]),add(x[7],x[0])))",0.25,e516e0b5b565c59277c99542b8f77f7e,,,
5,1,x[11],True,x[11],0.16129032258064513,9dada49e784601183eb3a1e1723ce2d4,,,
5,1,x[6],True,x[6],0.30645161290322576,d902aea98596abf07e07d9c42be380bf,,,
5,1,x[14],True,x[14],0.22580645161290325,5184b187f6f474f266ff1a9e52a8b41f,,,
5,1,"less_than_or_equal(sub(x[7],x[3]),x[3])",True,"greater_than_or_equal(x[3], x[0])",0.33870967741935487,8aa2f19b213d8e9959a7bdc0047f9dae,,,
5,1,x[9],True,x[9],0.2338709677419355,2e0260aa627dff742f7c723c8367e701,,,
5,1,x[10],True,x[10],0.24193548387096775,7424f049dcd7de48c5ec487367408f4f,,,
5,1,x[14],True,x[14],0.22580645161290325,5184b187f6f474f266ff1a9e52a8b41f,,,
5,1,"less_than_or_equal(x[2],sub(x[5],x[0]))",False,,,cc6ad7fc2e0d6ca3e6fa2a3682e76439,0.6532258064516129,False,0.0
5,1,x[17],True,x[17],0.217741935483871,078a7ef4b1d424e54e976f158f2a5fa5,,,
5,1,x[12],True,x[12],0.18548387096774188,0d372214e94f96a8c686509e4d084014,,,
5,1,x[9],True,x[9],0.2338709677419355,2e0260aa627dff742f7c723c8367e701,,,
5,1,x[11],True,x[11],0.16129032258064513,9dada49e784601183eb3a1e1723ce2d4,,,
5,1,"not_(not_(or_(less_than_or_equal(mul(x[5],mul(x[0],add(x[5],pdiv(x[5],x[5])))),mul(sub(x[3],x[2]),pdiv(x[0],x[0]))),x[12])))",True,"or_(x[13],x[13])",0.217741935483871,36111fea987f400a898cb3f2f5b81685,,,
5,1,x[12],True,x[12],0.18548387096774188,0d372214e94f96a8c686509e4d084014,,,
5,1,x[11],True,x[11],0.16129032258064513,9dada49e784601183eb3a1e1723ce2d4,,,
5,1,"not_(less_than_or_equal(add(x[3],x[5]),mul(x[0],x[7])))",True,"not_(less_than_or_equal(add(x[3],x[5]),mul(x[0],x[7])))",0.24193548387096775,fe7a918e94aa2a9c3103961ca1aafc14,,,
5,1,not_(not_(x[15])),True,"or_(x[13],x[13])",0.217741935483871,36111fea987f400a898cb3f2f5b81685,,,
5,1,x[15],True,x[15],0.22580645161290325,301bd409bd67cc588ceaa53a6f5220a4,,,
5,1,x[17],True,x[17],0.217741935483871,078a7ef4b1d424e54e976f158f2a5fa5,,,
5,1,x[9],True,x[9],0.2338709677419355,2e0260aa627dff742f7c723c8367e701,,,
5,1,"or_(x[9],greater_than_or_equal(x[3], x[3]))",True,"or_(x[13],x[13])",0.217741935483871,36111fea987f400a898cb3f2f5b81685,,,
5,1,x[12],True,x[12],0.18548387096774188,0d372214e94f96a8c686509e4d084014,,,
5,1,"not_(and_(not_(x[6]),or_(x[12],x[12])))",True,"not_(and_(not_(x[6]),or_(x[12],x[12])))",0.32258064516129037,1c9f8f4f683beb95822a8d0cc58b9047,,,
5,1,x[9],True,x[9],0.2338709677419355,2e0260aa627dff742f7c723c8367e701,,,
5,1,"greater_than_or_equal(x[2], mul(x[2],x[0]))",True,"or_(x[13],x[13])",0.217741935483871,36111fea987f400a898cb3f2f5b81685,,,
5,1,"or_(and_(x[4],x[15]),or_(x[11],x[6]))",True,"or_(and_(x[4],x[15]),or_(x[11],x[6]))",0.20967741935483875,4629bcd981f845201f0f421df75cb542,,,
5,1,x[14],True,x[14],0.22580645161290325,5184b187f6f474f266ff1a9e52a8b41f,,,
5,1,"less_than_or_equal(92.90,mul(x[0],pdiv(x[2],add(x[3],x[7]))))",True,not_(x[17]),0.782258064516129,ac739370374d1daddf9260a9a76ceba0,,,
5,1,x[1],True,x[1],0.685483870967742,48150b63a14de07ac8ada4efd9d4896c,,,
5,1,x[11],True,x[11],0.16129032258064513,9dada49e784601183eb3a1e1723ce2d4,,,
5,1,not_(not_(x[14])),True,"and_(or_(not_(x[11]),or_(x[14],x[15])),and_(x[14],or_(x[13],x[4])))",0.22580645161290325,712d58ab78cae72a65518c98f1c91677,,,
5,1,x[15],True,x[15],0.22580645161290325,301bd409bd67cc588ceaa53a6f5220a4,,,
5,1,"or_(less_than_or_equal(add(x[7],x[2]),add(x[3],x[7])),x[9])",True,"or_(x[13],x[13])",0.217741935483871,36111fea987f400a898cb3f2f5b81685,,,
5,1,"or_(x[11],x[16])",True,"or_(x[13],x[13])",0.217741935483871,36111fea987f400a898cb3f2f5b81685,,,
5,1,x[8],True,x[8],0.4354838709677419,8c6b56831adf589cc7ca352d27aafe6d,,,
5,1,x[16],True,x[16],0.217741935483871,2b4aec85a499a1f7baf764b48bcf9178,,,
5,1,x[11],True,x[11],0.16129032258064513,9dada49e784601183eb3a1e1723ce2d4,,,
5,1,x[16],True,x[16],0.217741935483871,2b4aec85a499a1f7baf764b48bcf9178,,,
5,1,x[6],True,x[6],0.30645161290322576,d902aea98596abf07e07d9c42be380bf,,,
5,1,x[9],True,x[9],0.2338709677419355,2e0260aa627dff742f7c723c8367e701,,,
5,1,x[14],True,x[14],0.22580645161290325,5184b187f6f474f266ff1a9e52a8b41f,,,
5,1,x[6],True,x[6],0.30645161290322576,d902aea98596abf07e07d9c42be380bf,,,
5,1,x[13],True,x[13],0.217741935483871,060f7b59fcb1852e9befb4d0292eca15,,,
5,1,x[12],True,x[12],0.18548387096774188,0d372214e94f96a8c686509e4d084014,,,
5,1,"greater_than_or_equal(add(mul(x[3],x[7]),mul(x[7],x[5])), pdiv(sub(x[2],x[3]),add(x[2],x[7])))",False,,,193b729b0409d3bb60483ac093401c0d,0.3951612903225806,False,0.0
5,1,x[17],True,x[17],0.217741935483871,078a7ef4b1d424e54e976f158f2a5fa5,,,
5,1,x[14],True,x[14],0.22580645161290325,5184b187f6f474f266ff1a9e52a8b41f,,,
5,1,not_(x[9]),True,not_(x[9]),0.7661290322580645,2ff729779af7bdb0705c3efe96b2b826,,,
5,1,x[14],True,x[14],0.22580645161290325,5184b187f6f474f266ff1a9e52a8b41f,,,
5,1,x[12],True,x[12],0.18548387096774188,0d372214e94f96a8c686509e4d084014,,,
5,1,x[15],True,x[15],0.22580645161290325,301bd409bd67cc588ceaa53a6f5220a4,,,
5,1,x[9],True,x[9],0.2338709677419355,2e0260aa627dff742f7c723c8367e701,,,
5,1,x[11],True,x[11],0.16129032258064513,9dada49e784601183eb3a1e1723ce2d4,,,
5,1,"not_(or_(greater_than_or_equal(x[7], x[2]),greater_than_or_equal(x[3], x[0])))",True,not_(x[17]),0.782258064516129,ac739370374d1daddf9260a9a76ceba0,,,
5,1,x[11],True,x[11],0.16129032258064513,9dada49e784601183eb3a1e1723ce2d4,,,
5,1,x[10],True,x[10],0.24193548387096775,7424f049dcd7de48c5ec487367408f4f,,,
5,1,"or_(or_(greater_than_or_equal(x[7], x[2]),greater_than_or_equal(x[3], x[0])),not_(greater_than_or_equal(x[7], x[7])))",True,"or_(x[13],x[13])",0.217741935483871,36111fea987f400a898cb3f2f5b81685,,,
5,1,"or_(x[9],x[18])",True,"or_(x[9],x[18])",0.25,b734df8e91e99deef176a952136e8ff9,,,
5,1,x[9],True,x[9],0.2338709677419355,2e0260aa627dff742f7c723c8367e701,,,
5,1,"or_(and_(x[10],x[9]),less_than_or_equal(x[3],x[2]))",False,,,0865a95ca8b1c4c48c672f65eb40028d,0.25,False,0.0
5,1,"or_(greater_than_or_equal(sub(x[7],x[2]), add(x[7],x[7])),and_(or_(and_(x[18],x[17]),x[13]),x[13]))",True,"or_(x[13],x[13])",0.217741935483871,36111fea987f400a898cb3f2f5b81685,,,
5,1,x[9],True,x[9],0.2338709677419355,2e0260aa627dff742f7c723c8367e701,,,
5,1,x[12],True,x[12],0.18548387096774188,0d372214e94f96a8c686509e4d084014,,,
5,1,x[12],True,x[12],0.18548387096774188,0d372214e94f96a8c686509e4d084014,,,
5,1,x[17],True,x[17],0.217741935483871,078a7ef4b1d424e54e976f158f2a5fa5,,,
5,1,x[4],True,x[4],0.49193548387096775,c062f6f76dec194bafe0ddbf91add8d9,,,
5,1,"not_(not_(or_(not_(x[9]),x[9])))",True,"or_(x[13],x[13])",0.217741935483871,36111fea987f400a898cb3f2f5b81685,,,
5,1,not_(x[18]),True,not_(x[18]),0.3548387096774194,936581ce543a7f24f0dc06f26ff786fa,,,
5,1,"less_than_or_equal(sub(add(x[3],x[5]),pdiv(x[5],x[5])),mul(sub(x[3],x[2]),pdiv(x[0],x[0])))",True,"or_(x[13],x[13])",0.217741935483871,36111fea987f400a898cb3f2f5b81685,,,
5,1,x[11],True,x[11],0.16129032258064513,9dada49e784601183eb3a1e1723ce2d4,,,
5,1,"less_than_or_equal(mul(sub(x[0],x[3]),sub(x[7],x[2])),x[0])",True,"or_(x[13],x[13])",0.217741935483871,36111fea987f400a898cb3f2f5b81685,,,
5,1,x[12],True,x[12],0.18548387096774188,0d372214e94f96a8c686509e4d084014,,,
5,1,x[18],True,x[18],0.6451612903225806,6a4c84e0915d9d2b86d121e994683436,,,
5,1,x[15],True,x[15],0.22580645161290325,301bd409bd67cc588ceaa53a6f5220a4,,,
5,1,x[11],True,x[11],0.16129032258064513,9dada49e784601183eb3a1e1723ce2d4,,,
5,1,x[16],True,x[16],0.217741935483871,2b4aec85a499a1f7baf764b48bcf9178,,,
5,1,"or_(x[17],or_(x[10],or_(x[11],x[4])))",True,"or_(x[13],x[13])",0.217741935483871,36111fea987f400a898cb3f2f5b81685,,,
5,1,x[13],True,x[13],0.217741935483871,060f7b59fcb1852e9befb4d0292eca15,,,
5,1,x[14],True,x[14],0.22580645161290325,5184b187f6f474f266ff1a9e52a8b41f,,,
5,1,"not_(or_(and_(not_(x[6]),not_(x[16])),not_(or_(x[8],x[15]))))",True,"or_(x[13],x[13])",0.217741935483871,36111fea987f400a898cb3f2f5b81685,,,
5,1,x[16],True,x[16],0.217741935483871,2b4aec85a499a1f7baf764b48bcf9178,,,
5,1,"greater_than_or_equal(pdiv(mul(x[7],x[0]),x[5]), x[3])",True,"greater_than_or_equal(sub(mul(x[0],x[7]),sub(x[0],x[0])), mul(pdiv(x[5],x[0]),mul(x[3],x[3])))",0.5887096774193548,753631ce949b3354453ac4e8b0d16d59,,,
5,1,x[17],True,x[17],0.217741935483871,078a7ef4b1d424e54e976f158f2a5fa5,,,
5,1,"or_(and_(not_(x[4]),x[9]),x[16])",True,"or_(x[13],x[13])",0.217741935483871,36111fea987f400a898cb3f2f5b81685,,,
5,1,"greater_than_or_equal(pdiv(add(x[3],x[7]),add(x[2],x[3])), add(mul(x[5],x[0]),sub(x[3],x[7])))",True,"less_than_or_equal(mul(x[5],x[3]),x[7])",0.29032258064516125,7f241eba808acc7085a26b2ac5b7365e,,,
5,1,"not_(greater_than_or_equal(sub(x[2],x[0]), add(x[2],x[3])))",True,"or_(x[13],x[13])",0.217741935483871,36111fea987f400a898cb3f2f5b81685,,,
5,1,x[11],True,x[11],0.16129032258064513,9dada49e784601183eb3a1e1723ce2d4,,,
5,1,x[9],True,x[9],0.2338709677419355,2e0260aa627dff742f7c723c8367e701,,,
5,1,"not_(or_(not_(or_(x[10],x[12])),x[13]))",True,not_(x[17]),0.782258064516129,ac739370374d1daddf9260a9a76ceba0,,,
5,1,x[12],True,x[12],0.18548387096774188,0d372214e94f96a8c686509e4d084014,,,
5,1,"greater_than_or_equal(x[7], x[0])",False,,,537c54399fb89c14cb0076e802bfa2ca,0.4516129032258065,False,0.0
5,1,x[11],True,x[11],0.16129032258064513,9dada49e784601183eb3a1e1723ce2d4,,,
5,2,x[13],True,x[13],0.217741935483871,060f7b59fcb1852e9befb4d0292eca15,,,
5,2,x[11],True,x[11],0.16129032258064513,9dada49e784601183eb3a1e1723ce2d4,,,
5,2,"or_(x[9],x[16])",True,"or_(x[13],x[13])",0.217741935483871,36111fea987f400a898cb3f2f5b81685,,,
5,2,"or_(x[12],x[1])",True,not_(not_(x[12])),0.18548387096774188,5f1c9bfed6a393f21ab232d2f03b461e,,,
5,2,x[9],True,x[9],0.2338709677419355,2e0260aa627dff742f7c723c8367e701,,,
5,2,x[11],True,x[11],0.16129032258064513,9dada49e784601183eb3a1e1723ce2d4,,,
5,2,"not_(not_(or_(not_(x[9]),and_(x[12],x[13]))))",True,"not_(not_(or_(not_(x[9]),and_(x[12],x[13]))))",0.19354838709677424,5ace85785d5c304d919faa1fe93d9f51,,,
5,2,x[12],True,x[12],0.18548387096774188,0d372214e94f96a8c686509e4d084014,,,
5,2,x[11],True,x[11],0.16129032258064513,9dada49e784601183eb3a1e1723ce2d4,,,
5,2,x[12],True,x[12],0.18548387096774188,0d372214e94f96a8c686509e4d084014,,,
5,2,x[8],True,x[8],0.4354838709677419,8c6b56831adf589cc7ca352d27aafe6d,,,
5,2,x[12],True,x[12],0.18548387096774188,0d372214e94f96a8c686509e4d084014,,,
5,2,x[11],True,x[11],0.16129032258064513,9dada49e784601183eb3a1e1723ce2d4,,,
5,2,x[18],True,x[18],0.6451612903225806,6a4c84e0915d9d2b86d121e994683436,,,
5,2,x[15],True,x[15],0.22580645161290325,301bd409bd67cc588ceaa53a6f5220a4,,,
5,2,x[11],True,x[11],0.16129032258064513,9dada49e784601183eb3a1e1723ce2d4,,,
5,2,x[12],True,x[12],0.18548387096774188,0d372214e94f96a8c686509e4d084014,,,
5,2,x[17],True,x[17],0.217741935483871,078a7ef4b1d424e54e976f158f2a5fa5,,,
5,2,"or_(or_(greater_than_or_equal(x[7], x[0]),less_than_or_equal(x[0],x[0])),not_(x[17]))",True,"or_(x[13],x[13])",0.217741935483871,36111fea987f400a898cb3f2f5b81685,,,
5,2,x[11],True,x[11],0.16129032258064513,9dada49e784601183eb3a1e1723ce2d4,,,
5,2,"or_(x[12],x[9])",True,"or_(x[12],x[9])",0.20967741935483875,2b1c97275684210896cfd10720393d8e,,,
5,2,x[12],True,x[12],0.18548387096774188,0d372214e94f96a8c686509e4d084014,,,
5,2,not_(not_(x[12])),True,not_(not_(x[12])),0.18548387096774188,5f1c9bfed6a393f21ab232d2f03b461e,,,
5,2,x[9],True,x[9],0.2338709677419355,2e0260aa627dff742f7c723c8367e701,,,
5,2,x[11],True,x[11],0.16129032258064513,9dada49e784601183eb3a1e1723ce2d4,,,
5,2,x[13],True,x[13],0.217741935483871,060f7b59fcb1852e9befb4d0292eca15,,,
5,2,not_(not_(x[1])),True,x[1],0.685483870967742,48150b63a14de07ac8ada4efd9d4896c,,,
5,2,x[10],True,x[10],0.24193548387096775,7424f049dcd7de48c5ec487367408f4f,,,
5,2,x[12],True,x[12],0.18548387096774188,0d372214e94f96a8c686509e4d084014,,,
5,2,x[16],True,x[16],0.217741935483871,2b4aec85a499a1f7baf764b48bcf9178,,,
5,2,x[11],True,x[11],0.16129032258064513,9dada49e784601183eb3a1e1723ce2d4,,,
5,2,x[11],True,x[11],0.16129032258064513,9dada49e784601183eb3a1e1723ce2d4,,,
5,2,x[11],True,x[11],0.16129032258064513,9dada49e784601183eb3a1e1723ce2d4,,,
5,2,"or_(or_(greater_than_or_equal(x[7], x[5]),x[1]),and_(x[8],x[16]))",True,"less_than_or_equal(mul(x[5],x[3]),x[7])",0.29032258064516125,7f241eba808acc7085a26b2ac5b7365e,,,
5,2,"or_(and_(and_(or_(x[10],x[13]),not_(x[6])),not_(not_(x[9]))),or_(x[17],x[6]))",True,"or_(x[13],x[13])",0.217741935483871,36111fea987f400a898cb3f2f5b81685,,,
5,2,x[16],True,x[16],0.217741935483871,2b4aec85a499a1f7baf764b48bcf9178,,,
5,2,x[12],True,x[12],0.18548387096774188,0d372214e94f96a8c686509e4d084014,,,
5,2,x[9],True,x[9],0.2338709677419355,2e0260aa627dff742f7c723c8367e701,,,
5,2,x[11],True,x[11],0.16129032258064513,9dada49e784601183eb3a1e1723ce2d4,,,
5,2,x[11],True,x[11],0.16129032258064513,9dada49e784601183eb3a1e1723ce2d4,,,
5,2,x[11],True,x[11],0.16129032258064513,9dada49e784601183eb3a1e1723ce2d4,,,
5,2,x[11],True,x[11],0.16129032258064513,9dada49e784601183eb3a1e1723ce2d4,,,
5,2,x[11],True,x[11],0.16129032258064513,9dada49e784601183eb3a1e1723ce2d4,,,
5,2,x[12],True,x[12],0.18548387096774188,0d372214e94f96a8c686509e4d084014,,,
5,2,x[12],True,x[12],0.18548387096774188,0d372214e94f96a8c686509e4d084014,,,
5,2,x[12],True,x[12],0.18548387096774188,0d372214e94f96a8c686509e4d084014,,,
5,2,x[11],True,x[11],0.16129032258064513,9dada49e784601183eb3a1e1723ce2d4,,,
5,2,x[11],True,x[11],0.16129032258064513,9dada49e784601183eb3a1e1723ce2d4,,,
5,2,x[11],True,x[11],0.16129032258064513,9dada49e784601183eb3a1e1723ce2d4,,,
5,2,x[12],True,x[12],0.18548387096774188,0d372214e94f96a8c686509e4d084014,,,
5,2,x[11],True,x[11],0.16129032258064513,9dada49e784601183eb3a1e1723ce2d4,,,
5,2,"not_(and_(x[6],x[18]))",False,,,038bf24bc82875c7fbaf76afe96ae2e1,0.33870967741935487,False,0.0
5,2,x[9],True,x[9],0.2338709677419355,2e0260aa627dff742f7c723c8367e701,,,
5,2,x[15],True,x[15],0.22580645161290325,301bd409bd67cc588ceaa53a6f5220a4,,,
5,2,x[14],True,x[14],0.22580645161290325,5184b187f6f474f266ff1a9e52a8b41f,,,
5,2,x[14],True,x[14],0.22580645161290325,5184b187f6f474f266ff1a9e52a8b41f,,,
5,2,x[11],True,x[11],0.16129032258064513,9dada49e784601183eb3a1e1723ce2d4,,,
5,2,x[11],True,x[11],0.16129032258064513,9dada49e784601183eb3a1e1723ce2d4,,,
5,2,not_(not_(x[14])),True,"and_(or_(not_(x[11]),or_(x[14],x[15])),and_(x[14],or_(x[13],x[4])))",0.22580645161290325,712d58ab78cae72a65518c98f1c91677,,,
5,2,x[9],True,x[9],0.2338709677419355,2e0260aa627dff742f7c723c8367e701,,,
5,2,x[12],True,x[12],0.18548387096774188,0d372214e94f96a8c686509e4d084014,,,
5,2,x[11],True,x[11],0.16129032258064513,9dada49e784601183eb3a1e1723ce2d4,,,
5,2,"or_(x[8],x[15])",True,"or_(x[13],x[13])",0.217741935483871,36111fea987f400a898cb3f2f5b81685,,,
5,2,"and_(not_(x[15]),and_(x[15],x[18]))",True,not_(x[17]),0.782258064516129,ac739370374d1daddf9260a9a76ceba0,,,
5,2,x[11],True,x[11],0.16129032258064513,9dada49e784601183eb3a1e1723ce2d4,,,
5,2,x[13],True,x[13],0.217741935483871,060f7b59fcb1852e9befb4d0292eca15,,,
5,2,x[12],True,x[12],0.18548387096774188,0d372214e94f96a8c686509e4d084014,,,
5,2,x[17],True,x[17],0.217741935483871,078a7ef4b1d424e54e976f158f2a5fa5,,,
5,2,"not_(or_(and_(not_(x[6]),not_(x[16])),not_(or_(not_(not_(x[15])),x[6]))))",True,"or_(x[13],x[13])",0.217741935483871,36111fea987f400a898cb3f2f5b81685,,,
5,2,"or_(and_(x[12],or_(x[17],x[17])),x[12])",True,not_(not_(x[12])),0.18548387096774188,5f1c9bfed6a393f21ab232d2f03b461e,,,
5,2,x[12],True,x[12],0.18548387096774188,0d372214e94f96a8c686509e4d084014,,,
5,2,x[11],True,x[11],0.16129032258064513,9dada49e784601183eb3a1e1723ce2d4,,,
5,2,x[8],True,x[8],0.4354838709677419,8c6b56831adf589cc7ca352d27aafe6d,,,
5,2,x[11],True,x[11],0.16129032258064513,9dada49e784601183eb3a1e1723ce2d4,,,
5,2,x[11],True,x[11],0.16129032258064513,9dada49e784601183eb3a1e1723ce2d4,,,
5,2,x[11],True,x[11],0.16129032258064513,9dada49e784601183eb3a1e1723ce2d4,,,
5,2,x[4],True,x[4],0.49193548387096775,c062f6f76dec194bafe0ddbf91add8d9,,,
5,2,x[9],True,x[9],0.2338709677419355,2e0260aa627dff742f7c723c8367e701,,,
5,2,x[11],True,x[11],0.16129032258064513,9dada49e784601183eb3a1e1723ce2d4,,,
5,2,x[17],True,x[17],0.217741935483871,078a7ef4b1d424e54e976f158f2a5fa5,,,
5,2,"or_(and_(x[16],x[18]),x[15])",True,"or_(x[13],x[13])",0.217741935483871,36111fea987f400a898cb3f2f5b81685,,,
5,2,"not_(greater_than_or_equal(x[3], x[0]))",True,"less_than_or_equal(x[3],x[0])",0.6532258064516129,13c7a10fdf1a463cb8fbf9257a28ae54,,,
5,2,not_(x[9]),True,not_(x[9]),0.7661290322580645,2ff729779af7bdb0705c3efe96b2b826,,,
5,2,x[11],True,x[11],0.16129032258064513,9dada49e784601183eb3a1e1723ce2d4,,,
5,2,x[11],True,x[11],0.16129032258064513,9dada49e784601183eb3a1e1723ce2d4,,,
5,2,x[12],True,x[12],0.18548387096774188,0d372214e94f96a8c686509e4d084014,,,
5,2,x[12],True,x[12],0.18548387096774188,0d372214e94f96a8c686509e4d084014,,,
5,2,x[12],True,x[12],0.18548387096774188,0d372214e94f96a8c686509e4d084014,,,
5,2,x[12],True,x[12],0.18548387096774188,0d372214e94f96a8c686509e4d084014,,,
5,2,x[17],True,x[17],0.217741935483871,078a7ef4b1d424e54e976f158f2a5fa5,,,
5,2,x[12],True,x[12],0.18548387096774188,0d372214e94f96a8c686509e4d084014,,,
5,2,x[12],True,x[12],0.18548387096774188,0d372214e94f96a8c686509e4d084014,,,
5,2,x[11],True,x[11],0.16129032258064513,9dada49e784601183eb3a1e1723ce2d4,,,
5,2,x[12],True,x[12],0.18548387096774188,0d372214e94f96a8c686509e4d084014,,,
5,2,x[11],True,x[11],0.16129032258064513,9dada49e784601183eb3a1e1723ce2d4,,,
5,2,x[11],True,x[11],0.16129032258064513,9dada49e784601183eb3a1e1723ce2d4,,,
5,2,x[11],True,x[11],0.16129032258064513,9dada49e784601183eb3a1e1723ce2d4,,,
5,2,x[12],True,x[12],0.18548387096774188,0d372214e94f96a8c686509e4d084014,,,
5,2,x[12],True,x[12],0.18548387096774188,0d372214e94f96a8c686509e4d084014,,,
5,2,x[12],True,x[12],0.18548387096774188,0d372214e94f96a8c686509e4d084014,,,
5,2,x[13],True,x[13],0.217741935483871,060f7b59fcb1852e9befb4d0292eca15,,,
5,2,x[12],True,x[12],0.18548387096774188,0d372214e94f96a8c686509e4d084014,,,
5,2,x[11],True,x[11],0.16129032258064513,9dada49e784601183eb3a1e1723ce2d4,,,
5,2,"or_(and_(x[4],x[15]),or_(x[11],x[6]))",True,"or_(and_(x[4],x[15]),or_(x[11],x[6]))",0.20967741935483875,4629bcd981f845201f0f421df75cb542,,,
5,2,not_(x[12]),False,,,32f35d718795303ec1ec128f1bc8295b,0.814516129032258,False,0.0
5,2,"not_(not_(less_than_or_equal(49.88,x[7])))",True,not_(x[17]),0.782258064516129,ac739370374d1daddf9260a9a76ceba0,,,
5,2,x[8],True,x[8],0.4354838709677419,8c6b56831adf589cc7ca352d27aafe6d,,,
5,2,"not_(or_(or_(x[14],x[18]),or_(x[16],x[8])))",True,not_(x[17]),0.782258064516129,ac739370374d1daddf9260a9a76ceba0,,,
5,2,x[12],True,x[12],0.18548387096774188,0d372214e94f96a8c686509e4d084014,,,
5,2,x[12],True,x[12],0.18548387096774188,0d372214e94f96a8c686509e4d084014,,,
5,2,x[12],True,x[12],0.18548387096774188,0d372214e94f96a8c686509e4d084014,,,
5,2,x[14],True,x[14],0.22580645161290325,5184b187f6f474f266ff1a9e52a8b41f,,,
5,2,x[11],True,x[11],0.16129032258064513,9dada49e784601183eb3a1e1723ce2d4,,,
5,2,x[17],True,x[17],0.217741935483871,078a7ef4b1d424e54e976f158f2a5fa5,,,
5,2,x[12],True,x[12],0.18548387096774188,0d372214e94f96a8c686509e4d084014,,,
5,2,x[11],True,x[11],0.16129032258064513,9dada49e784601183eb3a1e1723ce2d4,,,
5,2,x[11],True,x[11],0.16129032258064513,9dada49e784601183eb3a1e1723ce2d4,,,
5,2,x[14],True,x[14],0.22580645161290325,5184b187f6f474f266ff1a9e52a8b41f,,,
5,2,x[11],True,x[11],0.16129032258064513,9dada49e784601183eb3a1e1723ce2d4,,,
5,2,x[16],True,x[16],0.217741935483871,2b4aec85a499a1f7baf764b48bcf9178,,,
5,2,x[12],True,x[12],0.18548387096774188,0d372214e94f96a8c686509e4d084014,,,
5,2,x[12],True,x[12],0.18548387096774188,0d372214e94f96a8c686509e4d084014,,,
5,2,x[11],True,x[11],0.16129032258064513,9dada49e784601183eb3a1e1723ce2d4,,,
5,2,x[12],True,x[12],0.18548387096774188,0d372214e94f96a8c686509e4d084014,,,
5,2,x[12],True,x[12],0.18548387096774188,0d372214e94f96a8c686509e4d084014,,,
5,2,x[15],True,x[15],0.22580645161290325,301bd409bd67cc588ceaa53a6f5220a4,,,
5,2,"not_(less_than_or_equal(add(x[0],x[5]),mul(x[0],x[7])))",False,,,7624ea36b5fb050a6e205d8989ca6495,0.20967741935483875,False,0.0
5,2,x[12],True,x[12],0.18548387096774188,0d372214e94f96a8c686509e4d084014,,,
5,2,x[11],True,x[11],0.16129032258064513,9dada49e784601183eb3a1e1723ce2d4,,,
5,2,not_(x[18]),True,not_(x[18]),0.3548387096774194,936581ce543a7f24f0dc06f26ff786fa,,,
5,2,x[11],True,x[11],0.16129032258064513,9dada49e784601183eb3a1e1723ce2d4,,,
5,2,x[18],True,x[18],0.6451612903225806,6a4c84e0915d9d2b86d121e994683436,,,
5,2,x[18],True,x[18],0.6451612903225806,6a4c84e0915d9d2b86d121e994683436,,,
5,2,x[11],True,x[11],0.16129032258064513,9dada49e784601183eb3a1e1723ce2d4,,,
5,2,x[17],True,x[17],0.217741935483871,078a7ef4b1d424e54e976f158f2a5fa5,,,
5,2,x[16],True,x[16],0.217741935483871,2b4aec85a499a1f7baf764b48bcf9178,,,
5,2,x[14],True,x[14],0.22580645161290325,5184b187f6f474f266ff1a9e52a8b41f,,,
5,2,x[11],True,x[11],0.16129032258064513,9dada49e784601183eb3a1e1723ce2d4,,,
5,2,x[9],True,x[9],0.2338709677419355,2e0260aa627dff742f7c723c8367e701,,,
5,2,x[12],True,x[12],0.18548387096774188,0d372214e94f96a8c686509e4d084014,,,
5,2,x[12],True,x[12],0.18548387096774188,0d372214e94f96a8c686509e4d084014,,,
5,2,x[4],True,x[4],0.49193548387096775,c062f6f76dec194bafe0ddbf91add8d9,,,
5,2,x[12],True,x[12],0.18548387096774188,0d372214e94f96a8c686509e4d084014,,,
5,2,x[11],True,x[11],0.16129032258064513,9dada49e784601183eb3a1e1723ce2d4,,,
5,2,x[9],True,x[9],0.2338709677419355,2e0260aa627dff742f7c723c8367e701,,,
5,2,x[17],True,x[17],0.217741935483871,078a7ef4b1d424e54e976f158f2a5fa5,,,
5,2,x[9],True,x[9],0.2338709677419355,2e0260aa627dff742f7c723c8367e701,,,
5,2,x[12],True,x[12],0.18548387096774188,0d372214e94f96a8c686509e4d084014,,,
5,2,"or_(greater_than_or_equal(mul(x[5],x[5]), mul(x[7],96.85)),not_(x[9]))",False,,,49890368ecce485aa88e933731f02041,0.6612903225806452,False,0.0
5,2,x[12],True,x[12],0.18548387096774188,0d372214e94f96a8c686509e4d084014,,,
5,2,x[12],True,x[12],0.18548387096774188,0d372214e94f96a8c686509e4d084014,,,
5,2,x[16],True,x[16],0.217741935483871,2b4aec85a499a1f7baf764b48bcf9178,,,
5,2,x[11],True,x[11],0.16129032258064513,9dada49e784601183eb3a1e1723ce2d4,,,
5,2,x[16],True,x[16],0.217741935483871,2b4aec85a499a1f7baf764b48bcf9178,,,
5,2,x[12],True,x[12],0.18548387096774188,0d372214e94f96a8c686509e4d084014,,,
5,2,x[11],True,x[11],0.16129032258064513,9dada49e784601183eb3a1e1723ce2d4,,,
5,2,x[9],True,x[9],0.2338709677419355,2e0260aa627dff742f7c723c8367e701,,,
5,2,x[11],True,x[11],0.16129032258064513,9dada49e784601183eb3a1e1723ce2d4,,,
5,2,x[12],True,x[12],0.18548387096774188,0d372214e94f96a8c686509e4d084014,,,
5,2,"or_(x[17],not_(x[10]))",True,"or_(x[13],x[13])",0.217741935483871,36111fea987f400a898cb3f2f5b81685,,,
5,2,"not_(or_(and_(not_(x[6]),not_(x[16])),not_(or_(x[8],x[15]))))",True,"or_(x[13],x[13])",0.217741935483871,36111fea987f400a898cb3f2f5b81685,,,
5,2,x[11],True,x[11],0.16129032258064513,9dada49e784601183eb3a1e1723ce2d4,,,
5,2,x[12],True,x[12],0.18548387096774188,0d372214e94f96a8c686509e4d084014,,,
5,2,x[11],True,x[11],0.16129032258064513,9dada49e784601183eb3a1e1723ce2d4,,,
5,2,x[18],True,x[18],0.6451612903225806,6a4c84e0915d9d2b86d121e994683436,,,
5,2,x[16],True,x[16],0.217741935483871,2b4aec85a499a1f7baf764b48bcf9178,,,
5,2,x[11],True,x[11],0.16129032258064513,9dada49e784601183eb3a1e1723ce2d4,,,
5,2,x[18],True,x[18],0.6451612903225806,6a4c84e0915d9d2b86d121e994683436,,,
5,2,x[14],True,x[14],0.22580645161290325,5184b187f6f474f266ff1a9e52a8b41f,,,
5,2,x[11],True,x[11],0.16129032258064513,9dada49e784601183eb3a1e1723ce2d4,,,
5,2,x[9],True,x[9],0.2338709677419355,2e0260aa627dff742f7c723c8367e701,,,
5,2,x[11],True,x[11],0.16129032258064513,9dada49e784601183eb3a1e1723ce2d4,,,
5,2,x[12],True,x[12],0.18548387096774188,0d372214e94f96a8c686509e4d084014,,,
5,2,x[9],True,x[9],0.2338709677419355,2e0260aa627dff742f7c723c8367e701,,,
5,2,x[13],True,x[13],0.217741935483871,060f7b59fcb1852e9befb4d0292eca15,,,
5,2,x[12],True,x[12],0.18548387096774188,0d372214e94f96a8c686509e4d084014,,,
5,2,x[10],True,x[10],0.24193548387096775,7424f049dcd7de48c5ec487367408f4f,,,
5,2,x[11],True,x[11],0.16129032258064513,9dada49e784601183eb3a1e1723ce2d4,,,
5,2,x[12],True,x[12],0.18548387096774188,0d372214e94f96a8c686509e4d084014,,,
5,2,x[11],True,x[11],0.16129032258064513,9dada49e784601183eb3a1e1723ce2d4,,,
5,2,"greater_than_or_equal(x[3], x[5])",True,"less_than_or_equal(pdiv(mul(x[7],x[5]),05.58),add(mul(x[3],x[5]),sub(x[7],x[7])))",0.2983870967741935,d7ea958cd25dea4211834916ff512bde,,,
5,2,x[12],True,x[12],0.18548387096774188,0d372214e94f96a8c686509e4d084014,,,
5,2,x[6],True,x[6],0.30645161290322576,d902aea98596abf07e07d9c42be380bf,,,
5,2,x[11],True,x[11],0.16129032258064513,9dada49e784601183eb3a1e1723ce2d4,,,
5,2,x[11],True,x[11],0.16129032258064513,9dada49e784601183eb3a1e1723ce2d4,,,
5,2,x[14],True,x[14],0.22580645161290325,5184b187f6f474f266ff1a9e52a8b41f,,,
5,2,x[12],True,x[12],0.18548387096774188,0d372214e94f96a8c686509e4d084014,,,
5,2,x[12],True,x[12],0.18548387096774188,0d372214e94f96a8c686509e4d084014,,,
5,2,"or_(not_(x[4]),x[15])",True,"or_(x[13],x[13])",0.217741935483871,36111fea987f400a898cb3f2f5b81685,,,
5,2,x[12],True,x[12],0.18548387096774188,0d372214e94f96a8c686509e4d084014,,,
5,2,x[9],True,x[9],0.2338709677419355,2e0260aa627dff742f7c723c8367e701,,,
5,2,x[12],True,x[12],0.18548387096774188,0d372214e94f96a8c686509e4d084014,,,
5,2,"and_(or_(and_(x[14],x[18]),or_(x[6],x[15])),or_(x[6],x[16]))",True,"or_(x[13],x[13])",0.217741935483871,36111fea987f400a898cb3f2f5b81685,,,
5,2,x[9],True,x[9],0.2338709677419355,2e0260aa627dff742f7c723c8367e701,,,
5,2,x[18],True,x[18],0.6451612903225806,6a4c84e0915d9d2b86d121e994683436,,,
5,2,x[11],True,x[11],0.16129032258064513,9dada49e784601183eb3a1e1723ce2d4,,,
5,2,x[16],True,x[16],0.217741935483871,2b4aec85a499a1f7baf764b48bcf9178,,,
5,2,x[11],True,x[11],0.16129032258064513,9dada49e784601183eb3a1e1723ce2d4,,,
5,2,x[8],True,x[8],0.4354838709677419,8c6b56831adf589cc7ca352d27aafe6d,,,
5,2,"not_(greater_than_or_equal(x[3], 90.60))",True,"or_(x[13],x[13])",0.217741935483871,36111fea987f400a898cb3f2f5b81685,,,
5,2,"greater_than_or_equal(x[2], mul(x[2],x[3]))",True,"or_(x[13],x[13])",0.217741935483871,36111fea987f400a898cb3f2f5b81685,,,
5,2,x[6],True,x[6],0.30645161290322576,d902aea98596abf07e07d9c42be380bf,,,
5,2,x[11],True,x[11],0.16129032258064513,9dada49e784601183eb3a1e1723ce2d4,,,
5,2,"not_(or_(or_(x[17],x[17]),x[12]))",True,not_(x[17]),0.782258064516129,ac739370374d1daddf9260a9a76ceba0,,,
5,2,x[13],True,x[13],0.217741935483871,060f7b59fcb1852e9befb4d0292eca15,,,
5,2,x[11],True,x[11],0.16129032258064513,9dada49e784601183eb3a1e1723ce2d4,,,
5,2,x[11],True,x[11],0.16129032258064513,9dada49e784601183eb3a1e1723ce2d4,,,
5,2,x[12],True,x[12],0.18548387096774188,0d372214e94f96a8c686509e4d084014,,,
5,2,x[11],True,x[11],0.16129032258064513,9dada49e784601183eb3a1e1723ce2d4,,,
5,2,x[13],True,x[13],0.217741935483871,060f7b59fcb1852e9befb4d0292eca15,,,
5,2,x[16],True,x[16],0.217741935483871,2b4aec85a499a1f7baf764b48bcf9178,,,
5,2,x[9],True,x[9],0.2338709677419355,2e0260aa627dff742f7c723c8367e701,,,
5,2,"and_(not_(x[17]),x[13])",True,not_(x[17]),0.782258064516129,ac739370374d1daddf9260a9a76ceba0,,,
5,2,x[11],True,x[11],0.16129032258064513,9dada49e784601183eb3a1e1723ce2d4,,,
5,2,not_(not_(x[12])),True,not_(not_(x[12])),0.18548387096774188,5f1c9bfed6a393f21ab232d2f03b461e,,,
5,2,x[11],True,x[11],0.16129032258064513,9dada49e784601183eb3a1e1723ce2d4,,,
5,2,x[12],True,x[12],0.18548387096774188,0d372214e94f96a8c686509e4d084014,,,
5,2,x[11],True,x[11],0.16129032258064513,9dada49e784601183eb3a1e1723ce2d4,,,
5,2,x[17],True,x[17],0.217741935483871,078a7ef4b1d424e54e976f158f2a5fa5,,,
5,2,x[12],True,x[12],0.18548387096774188,0d372214e94f96a8c686509e4d084014,,,
5,2,x[12],True,x[12],0.18548387096774188,0d372214e94f96a8c686509e4d084014,,,
5,2,x[13],True,x[13],0.217741935483871,060f7b59fcb1852e9befb4d0292eca15,,,
5,2,x[11],True,x[11],0.16129032258064513,9dada49e784601183eb3a1e1723ce2d4,,,
5,2,x[11],True,x[11],0.16129032258064513,9dada49e784601183eb3a1e1723ce2d4,,,
5,2,x[14],True,x[14],0.22580645161290325,5184b187f6f474f266ff1a9e52a8b41f,,,
5,2,x[11],True,x[11],0.16129032258064513,9dada49e784601183eb3a1e1723ce2d4,,,
5,2,x[1],True,x[1],0.685483870967742,48150b63a14de07ac8ada4efd9d4896c,,,
5,2,x[11],True,x[11],0.16129032258064513,9dada49e784601183eb3a1e1723ce2d4,,,
5,2,x[12],True,x[12],0.18548387096774188,0d372214e94f96a8c686509e4d084014,,,
5,2,x[6],True,x[6],0.30645161290322576,d902aea98596abf07e07d9c42be380bf,,,
5,2,x[12],True,x[12],0.18548387096774188,0d372214e94f96a8c686509e4d084014,,,
5,2,x[12],True,x[12],0.18548387096774188,0d372214e94f96a8c686509e4d084014,,,
5,2,x[11],True,x[11],0.16129032258064513,9dada49e784601183eb3a1e1723ce2d4,,,
5,2,x[16],True,x[16],0.217741935483871,2b4aec85a499a1f7baf764b48bcf9178,,,
5,2,x[11],True,x[11],0.16129032258064513,9dada49e784601183eb3a1e1723ce2d4,,,
5,2,x[11],True,x[11],0.16129032258064513,9dada49e784601183eb3a1e1723ce2d4,,,
5,2,x[9],True,x[9],0.2338709677419355,2e0260aa627dff742f7c723c8367e701,,,
5,2,x[11],True,x[11],0.16129032258064513,9dada49e784601183eb3a1e1723ce2d4,,,
5,2,x[13],True,x[13],0.217741935483871,060f7b59fcb1852e9befb4d0292eca15,,,
5,2,x[11],True,x[11],0.16129032258064513,9dada49e784601183eb3a1e1723ce2d4,,,
5,2,x[11],True,x[11],0.16129032258064513,9dada49e784601183eb3a1e1723ce2d4,,,
5,2,x[11],True,x[11],0.16129032258064513,9dada49e784601183eb3a1e1723ce2d4,,,
5,2,x[12],True,x[12],0.18548387096774188,0d372214e94f96a8c686509e4d084014,,,
5,2,x[9],True,x[9],0.2338709677419355,2e0260aa627dff742f7c723c8367e701,,,
5,2,x[11],True,x[11],0.16129032258064513,9dada49e784601183eb3a1e1723ce2d4,,,
5,2,x[18],True,x[18],0.6451612903225806,6a4c84e0915d9d2b86d121e994683436,,,
5,2,x[9],True,x[9],0.2338709677419355,2e0260aa627dff742f7c723c8367e701,,,
5,2,x[12],True,x[12],0.18548387096774188,0d372214e94f96a8c686509e4d084014,,,
5,2,"less_than_or_equal(sub(49.38,x[2]),x[2])",True,not_(x[17]),0.782258064516129,ac739370374d1daddf9260a9a76ceba0,,,
5,2,x[11],True,x[11],0.16129032258064513,9dada49e784601183eb3a1e1723ce2d4,,,
5,2,"or_(less_than_or_equal(x[5],x[5]),greater_than_or_equal(x[7], x[5]))",True,"or_(x[13],x[13])",0.217741935483871,36111fea987f400a898cb3f2f5b81685,,,
5,2,"or_(x[12],x[9])",True,"or_(x[12],x[9])",0.20967741935483875,2b1c97275684210896cfd10720393d8e,,,
5,2,x[11],True,x[11],0.16129032258064513,9dada49e784601183eb3a1e1723ce2d4,,,
5,2,x[11],True,x[11],0.16129032258064513,9dada49e784601183eb3a1e1723ce2d4,,,
5,2,x[14],True,x[14],0.22580645161290325,5184b187f6f474f266ff1a9e52a8b41f,,,
5,2,x[11],True,x[11],0.16129032258064513,9dada49e784601183eb3a1e1723ce2d4,,,
5,2,"not_(not_(greater_than_or_equal(x[2], x[2])))",True,"or_(x[13],x[13])",0.217741935483871,36111fea987f400a898cb3f2f5b81685,,,
5,2,x[11],True,x[11],0.16129032258064513,9dada49e784601183eb3a1e1723ce2d4,,,
5,2,x[11],True,x[11],0.16129032258064513,9dada49e784601183eb3a1e1723ce2d4,,,
5,2,x[11],True,x[11],0.16129032258064513,9dada49e784601183eb3a1e1723ce2d4,,,
5,2,x[18],True,x[18],0.6451612903225806,6a4c84e0915d9d2b86d121e994683436,,,
5,2,x[11],True,x[11],0.16129032258064513,9dada49e784601183eb3a1e1723ce2d4,,,
5,2,x[13],True,x[13],0.217741935483871,060f7b59fcb1852e9befb4d0292eca15,,,
5,2,x[10],True,x[10],0.24193548387096775,7424f049dcd7de48c5ec487367408f4f,,,
5,2,x[15],True,x[15],0.22580645161290325,301bd409bd67cc588ceaa53a6f5220a4,,,
5,2,x[17],True,x[17],0.217741935483871,078a7ef4b1d424e54e976f158f2a5fa5,,,
5,2,"or_(less_than_or_equal(x[5],x[5]),or_(not_(x[15]),x[11]))",True,"or_(x[13],x[13])",0.217741935483871,36111fea987f400a898cb3f2f5b81685,,,
5,2,x[4],True,x[4],0.49193548387096775,c062f6f76dec194bafe0ddbf91add8d9,,,
5,2,x[12],True,x[12],0.18548387096774188,0d372214e94f96a8c686509e4d084014,,,
5,2,x[11],True,x[11],0.16129032258064513,9dada49e784601183eb3a1e1723ce2d4,,,
5,2,x[6],True,x[6],0.30645161290322576,d902aea98596abf07e07d9c42be380bf,,,
5,2,x[9],True,x[9],0.2338709677419355,2e0260aa627dff742f7c723c8367e701,,,
5,2,x[17],True,x[17],0.217741935483871,078a7ef4b1d424e54e976f158f2a5fa5,,,
5,2,x[11],True,x[11],0.16129032258064513,9dada49e784601183eb3a1e1723ce2d4,,,
5,2,x[11],True,x[11],0.16129032258064513,9dada49e784601183eb3a1e1723ce2d4,,,
5,2,x[12],True,x[12],0.18548387096774188,0d372214e94f96a8c686509e4d084014,,,
5,2,x[4],True,x[4],0.49193548387096775,c062f6f76dec194bafe0ddbf91add8d9,,,
5,2,x[11],True,x[11],0.16129032258064513,9dada49e784601183eb3a1e1723ce2d4,,,
5,2,"less_than_or_equal(sub(x[7],x[3]),pdiv(x[0],x[7]))",True,"or_(x[13],x[13])",0.217741935483871,36111fea987f400a898cb3f2f5b81685,,,
5,2,x[12],True,x[12],0.18548387096774188,0d372214e94f96a8c686509e4d084014,,,
5,2,x[12],True,x[12],0.18548387096774188,0d372214e94f96a8c686509e4d084014,,,
5,2,x[13],True,x[13],0.217741935483871,060f7b59fcb1852e9befb4d0292eca15,,,
5,2,x[11],True,x[11],0.16129032258064513,9dada49e784601183eb3a1e1723ce2d4,,,
5,2,x[11],True,x[11],0.16129032258064513,9dada49e784601183eb3a1e1723ce2d4,,,
5,2,x[17],True,x[17],0.217741935483871,078a7ef4b1d424e54e976f158f2a5fa5,,,
5,2,x[8],True,x[8],0.4354838709677419,8c6b56831adf589cc7ca352d27aafe6d,,,
5,2,x[12],True,x[12],0.18548387096774188,0d372214e94f96a8c686509e4d084014,,,
5,2,"greater_than_or_equal(pdiv(add(x[3],x[3]),mul(x[3],x[5])), mul(mul(x[0],x[3]),x[5]))",True,"or_(x[13],x[13])",0.217741935483871,36111fea987f400a898cb3f2f5b81685,,,
5,2,x[12],True,x[12],0.18548387096774188,0d372214e94f96a8c686509e4d084014,,,
5,2,x[9],True,x[9],0.2338709677419355,2e0260aa627dff742f7c723c8367e701,,,
5,2,x[11],True,x[11],0.16129032258064513,9dada49e784601183eb3a1e1723ce2d4,,,
5,2,x[12],True,x[12],0.18548387096774188,0d372214e94f96a8c686509e4d084014,,,
5,2,"greater_than_or_equal(x[2], mul(x[2],x[0]))",True,"or_(x[13],x[13])",0.217741935483871,36111fea987f400a898cb3f2f5b81685,,,
5,2,x[11],True,x[11],0.16129032258064513,9dada49e784601183eb3a1e1723ce2d4,,,
5,2,x[11],True,x[11],0.16129032258064513,9dada49e784601183eb3a1e1723ce2d4,,,
5,2,x[12],True,x[12],0.18548387096774188,0d372214e94f96a8c686509e4d084014,,,
5,2,x[11],True,x[11],0.16129032258064513,9dada49e784601183eb3a1e1723ce2d4,,,
5,2,x[11],True,x[11],0.16129032258064513,9dada49e784601183eb3a1e1723ce2d4,,,
5,3,x[11],True,x[11],0.16129032258064513,9dada49e784601183eb3a1e1723ce2d4,,,
5,3,x[1],True,x[1],0.685483870967742,48150b63a14de07ac8ada4efd9d4896c,,,
5,3,x[11],True,x[11],0.16129032258064513,9dada49e784601183eb3a1e1723ce2d4,,,
5,3,x[12],True,x[12],0.18548387096774188,0d372214e94f96a8c686509e4d084014,,,
5,3,x[11],True,x[11],0.16129032258064513,9dada49e784601183eb3a1e1723ce2d4,,,
5,3,x[11],True,x[11],0.16129032258064513,9dada49e784601183eb3a1e1723ce2d4,,,
5,3,x[11],True,x[11],0.16129032258064513,9dada49e784601183eb3a1e1723ce2d4,,,
5,3,x[11],True,x[11],0.16129032258064513,9dada49e784601183eb3a1e1723ce2d4,,,
5,3,x[11],True,x[11],0.16129032258064513,9dada49e784601183eb3a1e1723ce2d4,,,
5,3,x[11],True,x[11],0.16129032258064513,9dada49e784601183eb3a1e1723ce2d4,,,
5,3,x[11],True,x[11],0.16129032258064513,9dada49e784601183eb3a1e1723ce2d4,,,
5,3,x[11],True,x[11],0.16129032258064513,9dada49e784601183eb3a1e1723ce2d4,,,
5,3,x[12],True,x[12],0.18548387096774188,0d372214e94f96a8c686509e4d084014,,,
5,3,x[11],True,x[11],0.16129032258064513,9dada49e784601183eb3a1e1723ce2d4,,,
5,3,x[11],True,x[11],0.16129032258064513,9dada49e784601183eb3a1e1723ce2d4,,,
5,3,x[13],True,x[13],0.217741935483871,060f7b59fcb1852e9befb4d0292eca15,,,
5,3,x[11],True,x[11],0.16129032258064513,9dada49e784601183eb3a1e1723ce2d4,,,
5,3,x[11],True,x[11],0.16129032258064513,9dada49e784601183eb3a1e1723ce2d4,,,
5,3,x[11],True,x[11],0.16129032258064513,9dada49e784601183eb3a1e1723ce2d4,,,
5,3,x[11],True,x[11],0.16129032258064513,9dada49e784601183eb3a1e1723ce2d4,,,
5,3,x[11],True,x[11],0.16129032258064513,9dada49e784601183eb3a1e1723ce2d4,,,
5,3,x[11],True,x[11],0.16129032258064513,9dada49e784601183eb3a1e1723ce2d4,,,
5,3,x[12],True,x[12],0.18548387096774188,0d372214e94f96a8c686509e4d084014,,,
5,3,x[14],True,x[14],0.22580645161290325,5184b187f6f474f266ff1a9e52a8b41f,,,
5,3,x[11],True,x[11],0.16129032258064513,9dada49e784601183eb3a1e1723ce2d4,,,
5,3,not_(x[15]),True,not_(x[17]),0.782258064516129,ac739370374d1daddf9260a9a76ceba0,,,
5,3,x[11],True,x[11],0.16129032258064513,9dada49e784601183eb3a1e1723ce2d4,,,
5,3,x[16],True,x[16],0.217741935483871,2b4aec85a499a1f7baf764b48bcf9178,,,
5,3,x[11],True,x[11],0.16129032258064513,9dada49e784601183eb3a1e1723ce2d4,,,
5,3,x[11],True,x[11],0.16129032258064513,9dada49e784601183eb3a1e1723ce2d4,,,
5,3,x[11],True,x[11],0.16129032258064513,9dada49e784601183eb3a1e1723ce2d4,,,
5,3,x[13],True,x[13],0.217741935483871,060f7b59fcb1852e9befb4d0292eca15,,,
5,3,x[11],True,x[11],0.16129032258064513,9dada49e784601183eb3a1e1723ce2d4,,,
5,3,x[16],True,x[16],0.217741935483871,2b4aec85a499a1f7baf764b48bcf9178,,,
5,3,x[11],True,x[11],0.16129032258064513,9dada49e784601183eb3a1e1723ce2d4,,,
5,3,x[1],True,x[1],0.685483870967742,48150b63a14de07ac8ada4efd9d4896c,,,
5,3,x[11],True,x[11],0.16129032258064513,9dada49e784601183eb3a1e1723ce2d4,,,
5,3,x[10],True,x[10],0.24193548387096775,7424f049dcd7de48c5ec487367408f4f,,,
5,3,x[11],True,x[11],0.16129032258064513,9dada49e784601183eb3a1e1723ce2d4,,,
5,3,x[11],True,x[11],0.16129032258064513,9dada49e784601183eb3a1e1723ce2d4,,,
5,3,x[11],True,x[11],0.16129032258064513,9dada49e784601183eb3a1e1723ce2d4,,,
5,3,x[11],True,x[11],0.16129032258064513,9dada49e784601183eb3a1e1723ce2d4,,,
5,3,x[4],True,x[4],0.49193548387096775,c062f6f76dec194bafe0ddbf91add8d9,,,
5,3,x[11],True,x[11],0.16129032258064513,9dada49e784601183eb3a1e1723ce2d4,,,
5,3,x[11],True,x[11],0.16129032258064513,9dada49e784601183eb3a1e1723ce2d4,,,
5,3,x[16],True,x[16],0.217741935483871,2b4aec85a499a1f7baf764b48bcf9178,,,
5,3,x[11],True,x[11],0.16129032258064513,9dada49e784601183eb3a1e1723ce2d4,,,
5,3,x[11],True,x[11],0.16129032258064513,9dada49e784601183eb3a1e1723ce2d4,,,
5,3,x[11],True,x[11],0.16129032258064513,9dada49e784601183eb3a1e1723ce2d4,,,
5,3,x[13],True,x[13],0.217741935483871,060f7b59fcb1852e9befb4d0292eca15,,,
5,3,x[12],True,x[12],0.18548387096774188,0d372214e94f96a8c686509e4d084014,,,
5,3,x[12],True,x[12],0.18548387096774188,0d372214e94f96a8c686509e4d084014,,,
5,3,x[11],True,x[11],0.16129032258064513,9dada49e784601183eb3a1e1723ce2d4,,,
5,3,x[4],True,x[4],0.49193548387096775,c062f6f76dec194bafe0ddbf91add8d9,,,
5,3,x[4],True,x[4],0.49193548387096775,c062f6f76dec194bafe0ddbf91add8d9,,,
5,3,x[11],True,x[11],0.16129032258064513,9dada49e784601183eb3a1e1723ce2d4,,,
5,3,x[12],True,x[12],0.18548387096774188,0d372214e94f96a8c686509e4d084014,,,
5,3,"greater_than_or_equal(pdiv(mul(x[3],x[7]),mul(x[7],x[0])), pdiv(x[0],x[3]))",True,"greater_than_or_equal(x[3], x[0])",0.33870967741935487,8aa2f19b213d8e9959a7bdc0047f9dae,,,
5,3,x[11],True,x[11],0.16129032258064513,9dada49e784601183eb3a1e1723ce2d4,,,
5,3,x[11],True,x[11],0.16129032258064513,9dada49e784601183eb3a1e1723ce2d4,,,
5,3,x[11],True,x[11],0.16129032258064513,9dada49e784601183eb3a1e1723ce2d4,,,
5,3,x[11],True,x[11],0.16129032258064513,9dada49e784601183eb3a1e1723ce2d4,,,
5,3,x[8],True,x[8],0.4354838709677419,8c6b56831adf589cc7ca352d27aafe6d,,,
5,3,x[11],True,x[11],0.16129032258064513,9dada49e784601183eb3a1e1723ce2d4,,,
5,3,x[12],True,x[12],0.18548387096774188,0d372214e94f96a8c686509e4d084014,,,
5,3,x[11],True,x[11],0.16129032258064513,9dada49e784601183eb3a1e1723ce2d4,,,
5,3,x[11],True,x[11],0.16129032258064513,9dada49e784601183eb3a1e1723ce2d4,,,
5,3,x[4],True,x[4],0.49193548387096775,c062f6f76dec194bafe0ddbf91add8d9,,,
5,3,x[8],True,x[8],0.4354838709677419,8c6b56831adf589cc7ca352d27aafe6d,,,
5,3,x[9],True,x[9],0.2338709677419355,2e0260aa627dff742f7c723c8367e701,,,
5,3,x[11],True,x[11],0.16129032258064513,9dada49e784601183eb3a1e1723ce2d4,,,
5,3,x[11],True,x[11],0.16129032258064513,9dada49e784601183eb3a1e1723ce2d4,,,
5,3,x[11],True,x[11],0.16129032258064513,9dada49e784601183eb3a1e1723ce2d4,,,
5,3,"greater_than_or_equal(x[2], mul(mul(x[7],x[0]),pdiv(x[3],sub(sub(x[7],x[3]),pdiv(x[2],x[3])))))",False,,,0e4272ec75e99911a0a329ebf5b8be5c,0.18548387096774188,False,0.0
5,3,x[11],True,x[11],0.16129032258064513,9dada49e784601183eb3a1e1723ce2d4,,,
5,3,x[11],True,x[11],0.16129032258064513,9dada49e784601183eb3a1e1723ce2d4,,,
5,3,x[11],True,x[11],0.16129032258064513,9dada49e784601183eb3a1e1723ce2d4,,,
5,3,x[11],True,x[11],0.16129032258064513,9dada49e784601183eb3a1e1723ce2d4,,,
5,3,x[18],True,x[18],0.6451612903225806,6a4c84e0915d9d2b86d121e994683436,,,
5,3,x[11],True,x[11],0.16129032258064513,9dada49e784601183eb3a1e1723ce2d4,,,
5,3,x[11],True,x[11],0.16129032258064513,9dada49e784601183eb3a1e1723ce2d4,,,
5,3,x[10],True,x[10],0.24193548387096775,7424f049dcd7de48c5ec487367408f4f,,,
5,3,x[12],True,x[12],0.18548387096774188,0d372214e94f96a8c686509e4d084014,,,
5,3,x[11],True,x[11],0.16129032258064513,9dada49e784601183eb3a1e1723ce2d4,,,
5,3,x[11],True,x[11],0.16129032258064513,9dada49e784601183eb3a1e1723ce2d4,,,
5,3,x[12],True,x[12],0.18548387096774188,0d372214e94f96a8c686509e4d084014,,,
5,3,x[12],True,x[12],0.18548387096774188,0d372214e94f96a8c686509e4d084014,,,
5,3,x[11],True,x[11],0.16129032258064513,9dada49e784601183eb3a1e1723ce2d4,,,
5,3,x[12],True,x[12],0.18548387096774188,0d372214e94f96a8c686509e4d084014,,,
5,3,x[12],True,x[12],0.18548387096774188,0d372214e94f96a8c686509e4d084014,,,
5,3,x[11],True,x[11],0.16129032258064513,9dada49e784601183eb3a1e1723ce2d4,,,
5,3,x[11],True,x[11],0.16129032258064513,9dada49e784601183eb3a1e1723ce2d4,,,
5,3,x[11],True,x[11],0.16129032258064513,9dada49e784601183eb3a1e1723ce2d4,,,
5,3,x[11],True,x[11],0.16129032258064513,9dada49e784601183eb3a1e1723ce2d4,,,
5,3,x[12],True,x[12],0.18548387096774188,0d372214e94f96a8c686509e4d084014,,,
5,3,x[11],True,x[11],0.16129032258064513,9dada49e784601183eb3a1e1723ce2d4,,,
5,3,x[11],True,x[11],0.16129032258064513,9dada49e784601183eb3a1e1723ce2d4,,,
5,3,x[12],True,x[12],0.18548387096774188,0d372214e94f96a8c686509e4d084014,,,
5,3,x[11],True,x[11],0.16129032258064513,9dada49e784601183eb3a1e1723ce2d4,,,
5,3,x[17],True,x[17],0.217741935483871,078a7ef4b1d424e54e976f158f2a5fa5,,,
5,3,x[9],True,x[9],0.2338709677419355,2e0260aa627dff742f7c723c8367e701,,,
5,3,x[11],True,x[11],0.16129032258064513,9dada49e784601183eb3a1e1723ce2d4,,,
5,3,x[10],True,x[10],0.24193548387096775,7424f049dcd7de48c5ec487367408f4f,,,
5,3,x[8],True,x[8],0.4354838709677419,8c6b56831adf589cc7ca352d27aafe6d,,,
5,3,x[11],True,x[11],0.16129032258064513,9dada49e784601183eb3a1e1723ce2d4,,,
5,3,x[11],True,x[11],0.16129032258064513,9dada49e784601183eb3a1e1723ce2d4,,,
5,3,x[11],True,x[11],0.16129032258064513,9dada49e784601183eb3a1e1723ce2d4,,,
5,3,x[11],True,x[11],0.16129032258064513,9dada49e784601183eb3a1e1723ce2d4,,,
5,3,"not_(or_(and_(x[9],and_(and_(x[6],x[13]),not_(x[10]))),x[6]))",True,not_(x[6]),0.6935483870967742,8839f1dc0ffff756798ecf146867846d,,,
5,3,x[11],True,x[11],0.16129032258064513,9dada49e784601183eb3a1e1723ce2d4,,,
5,3,x[11],True,x[11],0.16129032258064513,9dada49e784601183eb3a1e1723ce2d4,,,
5,3,x[18],True,x[18],0.6451612903225806,6a4c84e0915d9d2b86d121e994683436,,,
5,3,x[11],True,x[11],0.16129032258064513,9dada49e784601183eb3a1e1723ce2d4,,,
5,3,x[12],True,x[12],0.18548387096774188,0d372214e94f96a8c686509e4d084014,,,
5,3,x[12],True,x[12],0.18548387096774188,0d372214e94f96a8c686509e4d084014,,,
5,3,x[11],True,x[11],0.16129032258064513,9dada49e784601183eb3a1e1723ce2d4,,,
5,3,x[11],True,x[11],0.16129032258064513,9dada49e784601183eb3a1e1723ce2d4,,,
5,3,x[11],True,x[11],0.16129032258064513,9dada49e784601183eb3a1e1723ce2d4,,,
5,3,x[11],True,x[11],0.16129032258064513,9dada49e784601183eb3a1e1723ce2d4,,,
5,3,x[11],True,x[11],0.16129032258064513,9dada49e784601183eb3a1e1723ce2d4,,,
5,3,x[11],True,x[11],0.16129032258064513,9dada49e784601183eb3a1e1723ce2d4,,,
5,3,x[11],True,x[11],0.16129032258064513,9dada49e784601183eb3a1e1723ce2d4,,,
5,3,x[11],True,x[11],0.16129032258064513,9dada49e784601183eb3a1e1723ce2d4,,,
5,3,x[18],True,x[18],0.6451612903225806,6a4c84e0915d9d2b86d121e994683436,,,
5,3,x[11],True,x[11],0.16129032258064513,9dada49e784601183eb3a1e1723ce2d4,,,
5,3,x[11],True,x[11],0.16129032258064513,9dada49e784601183eb3a1e1723ce2d4,,,
5,3,x[8],True,x[8],0.4354838709677419,8c6b56831adf589cc7ca352d27aafe6d,,,
5,3,x[11],True,x[11],0.16129032258064513,9dada49e784601183eb3a1e1723ce2d4,,,
5,3,x[11],True,x[11],0.16129032258064513,9dada49e784601183eb3a1e1723ce2d4,,,
5,3,x[11],True,x[11],0.16129032258064513,9dada49e784601183eb3a1e1723ce2d4,,,
5,3,x[4],True,x[4],0.49193548387096775,c062f6f76dec194bafe0ddbf91add8d9,,,
5,3,x[11],True,x[11],0.16129032258064513,9dada49e784601183eb3a1e1723ce2d4,,,
5,3,x[8],True,x[8],0.4354838709677419,8c6b56831adf589cc7ca352d27aafe6d,,,
5,3,x[11],True,x[11],0.16129032258064513,9dada49e784601183eb3a1e1723ce2d4,,,
5,3,x[11],True,x[11],0.16129032258064513,9dada49e784601183eb3a1e1723ce2d4,,,
5,3,x[18],True,x[18],0.6451612903225806,6a4c84e0915d9d2b86d121e994683436,,,
5,3,x[11],True,x[11],0.16129032258064513,9dada49e784601183eb3a1e1723ce2d4,,,
5,3,x[1],True,x[1],0.685483870967742,48150b63a14de07ac8ada4efd9d4896c,,,
5,3,x[11],True,x[11],0.16129032258064513,9dada49e784601183eb3a1e1723ce2d4,,,
5,3,x[11],True,x[11],0.16129032258064513,9dada49e784601183eb3a1e1723ce2d4,,,
5,3,x[11],True,x[11],0.16129032258064513,9dada49e784601183eb3a1e1723ce2d4,,,
5,3,x[9],True,x[9],0.2338709677419355,2e0260aa627dff742f7c723c8367e701,,,
5,3,x[14],True,x[14],0.22580645161290325,5184b187f6f474f266ff1a9e52a8b41f,,,
5,3,x[11],True,x[11],0.16129032258064513,9dada49e784601183eb3a1e1723ce2d4,,,
5,3,x[11],True,x[11],0.16129032258064513,9dada49e784601183eb3a1e1723ce2d4,,,
5,3,x[12],True,x[12],0.18548387096774188,0d372214e94f96a8c686509e4d084014,,,
5,3,x[6],True,x[6],0.30645161290322576,d902aea98596abf07e07d9c42be380bf,,,
5,3,x[11],True,x[11],0.16129032258064513,9dada49e784601183eb3a1e1723ce2d4,,,
5,3,x[11],True,x[11],0.16129032258064513,9dada49e784601183eb3a1e1723ce2d4,,,
5,3,x[11],True,x[11],0.16129032258064513,9dada49e784601183eb3a1e1723ce2d4,,,
5,3,x[12],True,x[12],0.18548387096774188,0d372214e94f96a8c686509e4d084014,,,
5,3,x[18],True,x[18],0.6451612903225806,6a4c84e0915d9d2b86d121e994683436,,,
5,3,x[11],True,x[11],0.16129032258064513,9dada49e784601183eb3a1e1723ce2d4,,,
5,3,x[11],True,x[11],0.16129032258064513,9dada49e784601183eb3a1e1723ce2d4,,,
5,3,x[11],True,x[11],0.16129032258064513,9dada49e784601183eb3a1e1723ce2d4,,,
5,3,x[11],True,x[11],0.16129032258064513,9dada49e784601183eb3a1e1723ce2d4,,,
5,3,x[11],True,x[11],0.16129032258064513,9dada49e784601183eb3a1e1723ce2d4,,,
5,3,x[11],True,x[11],0.16129032258064513,9dada49e784601183eb3a1e1723ce2d4,,,
5,3,x[11],True,x[11],0.16129032258064513,9dada49e784601183eb3a1e1723ce2d4,,,
5,3,x[11],True,x[11],0.16129032258064513,9dada49e784601183eb3a1e1723ce2d4,,,
5,3,x[11],True,x[11],0.16129032258064513,9dada49e784601183eb3a1e1723ce2d4,,,
5,3,x[11],True,x[11],0.16129032258064513,9dada49e784601183eb3a1e1723ce2d4,,,
5,3,x[11],True,x[11],0.16129032258064513,9dada49e784601183eb3a1e1723ce2d4,,,
5,3,x[11],True,x[11],0.16129032258064513,9dada49e784601183eb3a1e1723ce2d4,,,
5,3,x[12],True,x[12],0.18548387096774188,0d372214e94f96a8c686509e4d084014,,,
5,3,x[11],True,x[11],0.16129032258064513,9dada49e784601183eb3a1e1723ce2d4,,,
5,3,x[11],True,x[11],0.16129032258064513,9dada49e784601183eb3a1e1723ce2d4,,,
5,3,x[11],True,x[11],0.16129032258064513,9dada49e784601183eb3a1e1723ce2d4,,,
5,3,x[11],True,x[11],0.16129032258064513,9dada49e784601183eb3a1e1723ce2d4,,,
5,3,x[11],True,x[11],0.16129032258064513,9dada49e784601183eb3a1e1723ce2d4,,,
5,3,x[13],True,x[13],0.217741935483871,060f7b59fcb1852e9befb4d0292eca15,,,
5,3,"not_(not_(or_(not_(x[9]),and_(x[12],x[11]))))",False,,,a4d2b3a1ecbf771938c3c496e06b9b63,0.2016129032258065,False,0.0
5,3,x[12],True,x[12],0.18548387096774188,0d372214e94f96a8c686509e4d084014,,,
5,3,x[11],True,x[11],0.16129032258064513,9dada49e784601183eb3a1e1723ce2d4,,,
5,3,x[11],True,x[11],0.16129032258064513,9dada49e784601183eb3a1e1723ce2d4,,,
5,3,x[11],True,x[11],0.16129032258064513,9dada49e784601183eb3a1e1723ce2d4,,,
5,3,x[11],True,x[11],0.16129032258064513,9dada49e784601183eb3a1e1723ce2d4,,,
5,3,x[11],True,x[11],0.16129032258064513,9dada49e784601183eb3a1e1723ce2d4,,,
5,3,x[11],True,x[11],0.16129032258064513,9dada49e784601183eb3a1e1723ce2d4,,,
5,3,x[12],True,x[12],0.18548387096774188,0d372214e94f96a8c686509e4d084014,,,
5,3,x[10],True,x[10],0.24193548387096775,7424f049dcd7de48c5ec487367408f4f,,,
5,3,x[11],True,x[11],0.16129032258064513,9dada49e784601183eb3a1e1723ce2d4,,,
5,3,x[8],True,x[8],0.4354838709677419,8c6b56831adf589cc7ca352d27aafe6d,,,
5,3,x[9],True,x[9],0.2338709677419355,2e0260aa627dff742f7c723c8367e701,,,
5,3,x[11],True,x[11],0.16129032258064513,9dada49e784601183eb3a1e1723ce2d4,,,
5,3,x[11],True,x[11],0.16129032258064513,9dada49e784601183eb3a1e1723ce2d4,,,
5,3,x[11],True,x[11],0.16129032258064513,9dada49e784601183eb3a1e1723ce2d4,,,
5,3,x[11],True,x[11],0.16129032258064513,9dada49e784601183eb3a1e1723ce2d4,,,
5,3,x[11],True,x[11],0.16129032258064513,9dada49e784601183eb3a1e1723ce2d4,,,
5,3,x[11],True,x[11],0.16129032258064513,9dada49e784601183eb3a1e1723ce2d4,,,
5,3,x[11],True,x[11],0.16129032258064513,9dada49e784601183eb3a1e1723ce2d4,,,
5,3,x[18],True,x[18],0.6451612903225806,6a4c84e0915d9d2b86d121e994683436,,,
5,3,x[1],True,x[1],0.685483870967742,48150b63a14de07ac8ada4efd9d4896c,,,
5,3,x[11],True,x[11],0.16129032258064513,9dada49e784601183eb3a1e1723ce2d4,,,
5,3,x[12],True,x[12],0.18548387096774188,0d372214e94f96a8c686509e4d084014,,,
5,3,x[11],True,x[11],0.16129032258064513,9dada49e784601183eb3a1e1723ce2d4,,,
5,3,x[11],True,x[11],0.16129032258064513,9dada49e784601183eb3a1e1723ce2d4,,,
5,3,x[11],True,x[11],0.16129032258064513,9dada49e784601183eb3a1e1723ce2d4,,,
5,3,x[12],True,x[12],0.18548387096774188,0d372214e94f96a8c686509e4d084014,,,
5,3,x[16],True,x[16],0.217741935483871,2b4aec85a499a1f7baf764b48bcf9178,,,
5,3,x[11],True,x[11],0.16129032258064513,9dada49e784601183eb3a1e1723ce2d4,,,
5,3,x[11],True,x[11],0.16129032258064513,9dada49e784601183eb3a1e1723ce2d4,,,
5,3,x[12],True,x[12],0.18548387096774188,0d372214e94f96a8c686509e4d084014,,,
5,3,x[11],True,x[11],0.16129032258064513,9dada49e784601183eb3a1e1723ce2d4,,,
5,3,x[11],True,x[11],0.16129032258064513,9dada49e784601183eb3a1e1723ce2d4,,,
5,3,x[11],True,x[11],0.16129032258064513,9dada49e784601183eb3a1e1723ce2d4,,,
5,3,x[11],True,x[11],0.16129032258064513,9dada49e784601183eb3a1e1723ce2d4,,,
5,3,x[11],True,x[11],0.16129032258064513,9dada49e784601183eb3a1e1723ce2d4,,,
5,3,x[11],True,x[11],0.16129032258064513,9dada49e784601183eb3a1e1723ce2d4,,,
5,3,x[12],True,x[12],0.18548387096774188,0d372214e94f96a8c686509e4d084014,,,
5,3,x[11],True,x[11],0.16129032258064513,9dada49e784601183eb3a1e1723ce2d4,,,
5,3,x[12],True,x[12],0.18548387096774188,0d372214e94f96a8c686509e4d084014,,,
5,3,x[12],True,x[12],0.18548387096774188,0d372214e94f96a8c686509e4d084014,,,
5,3,x[12],True,x[12],0.18548387096774188,0d372214e94f96a8c686509e4d084014,,,
5,3,x[11],True,x[11],0.16129032258064513,9dada49e784601183eb3a1e1723ce2d4,,,
5,3,x[11],True,x[11],0.16129032258064513,9dada49e784601183eb3a1e1723ce2d4,,,
5,3,x[12],True,x[12],0.18548387096774188,0d372214e94f96a8c686509e4d084014,,,
5,3,x[11],True,x[11],0.16129032258064513,9dada49e784601183eb3a1e1723ce2d4,,,
5,3,x[11],True,x[11],0.16129032258064513,9dada49e784601183eb3a1e1723ce2d4,,,
5,3,x[11],True,x[11],0.16129032258064513,9dada49e784601183eb3a1e1723ce2d4,,,
5,3,x[12],True,x[12],0.18548387096774188,0d372214e94f96a8c686509e4d084014,,,
5,3,x[12],True,x[12],0.18548387096774188,0d372214e94f96a8c686509e4d084014,,,
5,3,x[12],True,x[12],0.18548387096774188,0d372214e94f96a8c686509e4d084014,,,
5,3,x[11],True,x[11],0.16129032258064513,9dada49e784601183eb3a1e1723ce2d4,,,
5,3,x[12],True,x[12],0.18548387096774188,0d372214e94f96a8c686509e4d084014,,,
5,3,x[11],True,x[11],0.16129032258064513,9dada49e784601183eb3a1e1723ce2d4,,,
5,3,x[11],True,x[11],0.16129032258064513,9dada49e784601183eb3a1e1723ce2d4,,,
5,3,x[11],True,x[11],0.16129032258064513,9dada49e784601183eb3a1e1723ce2d4,,,
5,3,x[11],True,x[11],0.16129032258064513,9dada49e784601183eb3a1e1723ce2d4,,,
5,3,x[11],True,x[11],0.16129032258064513,9dada49e784601183eb3a1e1723ce2d4,,,
5,3,x[12],True,x[12],0.18548387096774188,0d372214e94f96a8c686509e4d084014,,,
5,3,x[8],True,x[8],0.4354838709677419,8c6b56831adf589cc7ca352d27aafe6d,,,
5,3,x[11],True,x[11],0.16129032258064513,9dada49e784601183eb3a1e1723ce2d4,,,
5,3,x[11],True,x[11],0.16129032258064513,9dada49e784601183eb3a1e1723ce2d4,,,
5,3,x[11],True,x[11],0.16129032258064513,9dada49e784601183eb3a1e1723ce2d4,,,
5,3,x[11],True,x[11],0.16129032258064513,9dada49e784601183eb3a1e1723ce2d4,,,
5,3,x[11],True,x[11],0.16129032258064513,9dada49e784601183eb3a1e1723ce2d4,,,
5,3,x[18],True,x[18],0.6451612903225806,6a4c84e0915d9d2b86d121e994683436,,,
5,3,x[11],True,x[11],0.16129032258064513,9dada49e784601183eb3a1e1723ce2d4,,,
5,3,x[11],True,x[11],0.16129032258064513,9dada49e784601183eb3a1e1723ce2d4,,,
5,3,x[12],True,x[12],0.18548387096774188,0d372214e94f96a8c686509e4d084014,,,
5,3,x[11],True,x[11],0.16129032258064513,9dada49e784601183eb3a1e1723ce2d4,,,
5,3,x[11],True,x[11],0.16129032258064513,9dada49e784601183eb3a1e1723ce2d4,,,
5,3,x[11],True,x[11],0.16129032258064513,9dada49e784601183eb3a1e1723ce2d4,,,
5,3,x[11],True,x[11],0.16129032258064513,9dada49e784601183eb3a1e1723ce2d4,,,
5,3,x[12],True,x[12],0.18548387096774188,0d372214e94f96a8c686509e4d084014,,,
5,3,x[12],True,x[12],0.18548387096774188,0d372214e94f96a8c686509e4d084014,,,
5,3,x[12],True,x[12],0.18548387096774188,0d372214e94f96a8c686509e4d084014,,,
5,3,x[18],True,x[18],0.6451612903225806,6a4c84e0915d9d2b86d121e994683436,,,
5,3,x[11],True,x[11],0.16129032258064513,9dada49e784601183eb3a1e1723ce2d4,,,
5,3,x[11],True,x[11],0.16129032258064513,9dada49e784601183eb3a1e1723ce2d4,,,
5,3,x[11],True,x[11],0.16129032258064513,9dada49e784601183eb3a1e1723ce2d4,,,
5,3,x[12],True,x[12],0.18548387096774188,0d372214e94f96a8c686509e4d084014,,,
5,3,x[12],True,x[12],0.18548387096774188,0d372214e94f96a8c686509e4d084014,,,
5,3,x[11],True,x[11],0.16129032258064513,9dada49e784601183eb3a1e1723ce2d4,,,
5,3,x[11],True,x[11],0.16129032258064513,9dada49e784601183eb3a1e1723ce2d4,,,
5,3,x[16],True,x[16],0.217741935483871,2b4aec85a499a1f7baf764b48bcf9178,,,
5,3,x[12],True,x[12],0.18548387096774188,0d372214e94f96a8c686509e4d084014,,,
5,3,x[11],True,x[11],0.16129032258064513,9dada49e784601183eb3a1e1723ce2d4,,,
5,3,x[11],True,x[11],0.16129032258064513,9dada49e784601183eb3a1e1723ce2d4,,,
5,3,x[11],True,x[11],0.16129032258064513,9dada49e784601183eb3a1e1723ce2d4,,,
5,3,x[11],True,x[11],0.16129032258064513,9dada49e784601183eb3a1e1723ce2d4,,,
5,3,x[6],True,x[6],0.30645161290322576,d902aea98596abf07e07d9c42be380bf,,,
5,3,x[11],True,x[11],0.16129032258064513,9dada49e784601183eb3a1e1723ce2d4,,,
5,3,x[1],True,x[1],0.685483870967742,48150b63a14de07ac8ada4efd9d4896c,,,
5,3,x[11],True,x[11],0.16129032258064513,9dada49e784601183eb3a1e1723ce2d4,,,
5,3,x[4],True,x[4],0.49193548387096775,c062f6f76dec194bafe0ddbf91add8d9,,,
5,3,x[11],True,x[11],0.16129032258064513,9dada49e784601183eb3a1e1723ce2d4,,,
5,3,x[9],True,x[9],0.2338709677419355,2e0260aa627dff742f7c723c8367e701,,,
5,3,x[11],True,x[11],0.16129032258064513,9dada49e784601183eb3a1e1723ce2d4,,,
5,3,x[11],True,x[11],0.16129032258064513,9dada49e784601183eb3a1e1723ce2d4,,,
5,3,x[9],True,x[9],0.2338709677419355,2e0260aa627dff742f7c723c8367e701,,,
5,3,x[11],True,x[11],0.16129032258064513,9dada49e784601183eb3a1e1723ce2d4,,,
5,3,x[12],True,x[12],0.18548387096774188,0d372214e94f96a8c686509e4d084014,,,
5,3,x[18],True,x[18],0.6451612903225806,6a4c84e0915d9d2b86d121e994683436,,,
5,3,x[12],True,x[12],0.18548387096774188,0d372214e94f96a8c686509e4d084014,,,
5,3,x[11],True,x[11],0.16129032258064513,9dada49e784601183eb3a1e1723ce2d4,,,
5,3,x[11],True,x[11],0.16129032258064513,9dada49e784601183eb3a1e1723ce2d4,,,
5,3,x[12],True,x[12],0.18548387096774188,0d372214e94f96a8c686509e4d084014,,,
5,3,x[14],True,x[14],0.22580645161290325,5184b187f6f474f266ff1a9e52a8b41f,,,
5,3,x[15],True,x[15],0.22580645161290325,301bd409bd67cc588ceaa53a6f5220a4,,,
5,3,x[16],True,x[16],0.217741935483871,2b4aec85a499a1f7baf764b48bcf9178,,,
5,3,x[12],True,x[12],0.18548387096774188,0d372214e94f96a8c686509e4d084014,,,
5,3,x[17],True,x[17],0.217741935483871,078a7ef4b1d424e54e976f158f2a5fa5,,,
5,3,x[11],True,x[11],0.16129032258064513,9dada49e784601183eb3a1e1723ce2d4,,,
5,3,x[12],True,x[12],0.18548387096774188,0d372214e94f96a8c686509e4d084014,,,
5,3,x[11],True,x[11],0.16129032258064513,9dada49e784601183eb3a1e1723ce2d4,,,
5,3,x[11],True,x[11],0.16129032258064513,9dada49e784601183eb3a1e1723ce2d4,,,
5,3,x[11],True,x[11],0.16129032258064513,9dada49e784601183eb3a1e1723ce2d4,,,
5,3,x[12],True,x[12],0.18548387096774188,0d372214e94f96a8c686509e4d084014,,,
5,3,x[11],True,x[11],0.16129032258064513,9dada49e784601183eb3a1e1723ce2d4,,,
5,3,x[14],True,x[14],0.22580645161290325,5184b187f6f474f266ff1a9e52a8b41f,,,
5,3,x[12],True,x[12],0.18548387096774188,0d372214e94f96a8c686509e4d084014,,,
5,3,x[11],True,x[11],0.16129032258064513,9dada49e784601183eb3a1e1723ce2d4,,,
5,3,x[13],True,x[13],0.217741935483871,060f7b59fcb1852e9befb4d0292eca15,,,
5,3,x[11],True,x[11],0.16129032258064513,9dada49e784601183eb3a1e1723ce2d4,,,
5,3,x[11],True,x[11],0.16129032258064513,9dada49e784601183eb3a1e1723ce2d4,,,
5,3,x[6],True,x[6],0.30645161290322576,d902aea98596abf07e07d9c42be380bf,,,
5,3,x[11],True,x[11],0.16129032258064513,9dada49e784601183eb3a1e1723ce2d4,,,
5,3,x[11],True,x[11],0.16129032258064513,9dada49e784601183eb3a1e1723ce2d4,,,
5,3,x[11],True,x[11],0.16129032258064513,9dada49e784601183eb3a1e1723ce2d4,,,
5,3,x[11],True,x[11],0.16129032258064513,9dada49e784601183eb3a1e1723ce2d4,,,
5,3,x[12],True,x[12],0.18548387096774188,0d372214e94f96a8c686509e4d084014,,,
5,3,x[11],True,x[11],0.16129032258064513,9dada49e784601183eb3a1e1723ce2d4,,,
5,3,x[17],True,x[17],0.217741935483871,078a7ef4b1d424e54e976f158f2a5fa5,,,
5,3,x[11],True,x[11],0.16129032258064513,9dada49e784601183eb3a1e1723ce2d4,,,
5,3,x[11],True,x[11],0.16129032258064513,9dada49e784601183eb3a1e1723ce2d4,,,
5,3,x[11],True,x[11],0.16129032258064513,9dada49e784601183eb3a1e1723ce2d4,,,
5,3,x[9],True,x[9],0.2338709677419355,2e0260aa627dff742f7c723c8367e701,,,
5,3,x[11],True,x[11],0.16129032258064513,9dada49e784601183eb3a1e1723ce2d4,,,
5,3,x[11],True,x[11],0.16129032258064513,9dada49e784601183eb3a1e1723ce2d4,,,
5,3,x[11],True,x[11],0.16129032258064513,9dada49e784601183eb3a1e1723ce2d4,,,
5,3,x[11],True,x[11],0.16129032258064513,9dada49e784601183eb3a1e1723ce2d4,,,
5,3,x[14],True,x[14],0.22580645161290325,5184b187f6f474f266ff1a9e52a8b41f,,,
5,3,x[12],True,x[12],0.18548387096774188,0d372214e94f96a8c686509e4d084014,,,
5,3,x[15],True,x[15],0.22580645161290325,301bd409bd67cc588ceaa53a6f5220a4,,,
5,3,x[17],True,x[17],0.217741935483871,078a7ef4b1d424e54e976f158f2a5fa5,,,
5,3,x[11],True,x[11],0.16129032258064513,9dada49e784601183eb3a1e1723ce2d4,,,
5,3,x[11],True,x[11],0.16129032258064513,9dada49e784601183eb3a1e1723ce2d4,,,
5,3,x[11],True,x[11],0.16129032258064513,9dada49e784601183eb3a1e1723ce2d4,,,
5,3,x[11],True,x[11],0.16129032258064513,9dada49e784601183eb3a1e1723ce2d4,,,
5,3,x[12],True,x[12],0.18548387096774188,0d372214e94f96a8c686509e4d084014,,,
5,3,x[11],True,x[11],0.16129032258064513,9dada49e784601183eb3a1e1723ce2d4,,,
5,3,x[11],True,x[11],0.16129032258064513,9dada49e784601183eb3a1e1723ce2d4,,,
5,3,x[11],True,x[11],0.16129032258064513,9dada49e784601183eb3a1e1723ce2d4,,,
5,3,x[11],True,x[11],0.16129032258064513,9dada49e784601183eb3a1e1723ce2d4,,,
5,3,x[11],True,x[11],0.16129032258064513,9dada49e784601183eb3a1e1723ce2d4,,,
5,3,x[11],True,x[11],0.16129032258064513,9dada49e784601183eb3a1e1723ce2d4,,,
5,3,x[11],True,x[11],0.16129032258064513,9dada49e784601183eb3a1e1723ce2d4,,,
5,3,x[11],True,x[11],0.16129032258064513,9dada49e784601183eb3a1e1723ce2d4,,,
5,3,x[9],True,x[9],0.2338709677419355,2e0260aa627dff742f7c723c8367e701,,,
5,3,x[11],True,x[11],0.16129032258064513,9dada49e784601183eb3a1e1723ce2d4,,,
5,3,x[6],True,x[6],0.30645161290322576,d902aea98596abf07e07d9c42be380bf,,,
5,3,x[11],True,x[11],0.16129032258064513,9dada49e784601183eb3a1e1723ce2d4,,,
5,3,x[11],True,x[11],0.16129032258064513,9dada49e784601183eb3a1e1723ce2d4,,,
5,3,x[11],True,x[11],0.16129032258064513,9dada49e784601183eb3a1e1723ce2d4,,,
5,3,x[11],True,x[11],0.16129032258064513,9dada49e784601183eb3a1e1723ce2d4,,,
5,3,x[11],True,x[11],0.16129032258064513,9dada49e784601183eb3a1e1723ce2d4,,,
5,3,x[11],True,x[11],0.16129032258064513,9dada49e784601183eb3a1e1723ce2d4,,,
5,3,x[16],True,x[16],0.217741935483871,2b4aec85a499a1f7baf764b48bcf9178,,,
5,3,x[11],True,x[11],0.16129032258064513,9dada49e784601183eb3a1e1723ce2d4,,,
5,3,x[12],True,x[12],0.18548387096774188,0d372214e94f96a8c686509e4d084014,,,
5,3,x[11],True,x[11],0.16129032258064513,9dada49e784601183eb3a1e1723ce2d4,,,
5,3,x[4],True,x[4],0.49193548387096775,c062f6f76dec194bafe0ddbf91add8d9,,,
5,3,x[12],True,x[12],0.18548387096774188,0d372214e94f96a8c686509e4d084014,,,
5,3,x[11],True,x[11],0.16129032258064513,9dada49e784601183eb3a1e1723ce2d4,,,
5,3,x[10],True,x[10],0.24193548387096775,7424f049dcd7de48c5ec487367408f4f,,,
5,3,x[10],True,x[10],0.24193548387096775,7424f049dcd7de48c5ec487367408f4f,,,
5,3,x[11],True,x[11],0.16129032258064513,9dada49e784601183eb3a1e1723ce2d4,,,
5,3,x[11],True,x[11],0.16129032258064513,9dada49e784601183eb3a1e1723ce2d4,,,
5,3,x[11],True,x[11],0.16129032258064513,9dada49e784601183eb3a1e1723ce2d4,,,
5,3,x[11],True,x[11],0.16129032258064513,9dada49e784601183eb3a1e1723ce2d4,,,
5,3,x[9],True,x[9],0.2338709677419355,2e0260aa627dff742f7c723c8367e701,,,
5,3,x[9],True,x[9],0.2338709677419355,2e0260aa627dff742f7c723c8367e701,,,
5,3,x[11],True,x[11],0.16129032258064513,9dada49e784601183eb3a1e1723ce2d4,,,
5,3,x[11],True,x[11],0.16129032258064513,9dada49e784601183eb3a1e1723ce2d4,,,
5,3,x[11],True,x[11],0.16129032258064513,9dada49e784601183eb3a1e1723ce2d4,,,
5,3,x[14],True,x[14],0.22580645161290325,5184b187f6f474f266ff1a9e52a8b41f,,,
5,3,x[11],True,x[11],0.16129032258064513,9dada49e784601183eb3a1e1723ce2d4,,,
5,3,x[11],True,x[11],0.16129032258064513,9dada49e784601183eb3a1e1723ce2d4,,,
5,3,x[11],True,x[11],0.16129032258064513,9dada49e784601183eb3a1e1723ce2d4,,,
5,3,x[11],True,x[11],0.16129032258064513,9dada49e784601183eb3a1e1723ce2d4,,,
5,3,x[11],True,x[11],0.16129032258064513,9dada49e784601183eb3a1e1723ce2d4,,,
5,3,x[11],True,x[11],0.16129032258064513,9dada49e784601183eb3a1e1723ce2d4,,,
5,3,x[12],True,x[12],0.18548387096774188,0d372214e94f96a8c686509e4d084014,,,
5,3,x[11],True,x[11],0.16129032258064513,9dada49e784601183eb3a1e1723ce2d4,,,
5,3,x[12],True,x[12],0.18548387096774188,0d372214e94f96a8c686509e4d084014,,,
5,3,x[4],True,x[4],0.49193548387096775,c062f6f76dec194bafe0ddbf91add8d9,,,
5,3,x[11],True,x[11],0.16129032258064513,9dada49e784601183eb3a1e1723ce2d4,,,
5,3,x[11],True,x[11],0.16129032258064513,9dada49e784601183eb3a1e1723ce2d4,,,
5,4,x[11],True,x[11],0.16129032258064513,9dada49e784601183eb3a1e1723ce2d4,,,
5,4,x[9],True,x[9],0.2338709677419355,2e0260aa627dff742f7c723c8367e701,,,
5,4,x[11],True,x[11],0.16129032258064513,9dada49e784601183eb3a1e1723ce2d4,,,
5,4,x[11],True,x[11],0.16129032258064513,9dada49e784601183eb3a1e1723ce2d4,,,
5,4,x[18],True,x[18],0.6451612903225806,6a4c84e0915d9d2b86d121e994683436,,,
5,4,x[11],True,x[11],0.16129032258064513,9dada49e784601183eb3a1e1723ce2d4,,,
5,4,x[11],True,x[11],0.16129032258064513,9dada49e784601183eb3a1e1723ce2d4,,,
5,4,x[11],True,x[11],0.16129032258064513,9dada49e784601183eb3a1e1723ce2d4,,,
5,4,x[11],True,x[11],0.16129032258064513,9dada49e784601183eb3a1e1723ce2d4,,,
5,4,x[11],True,x[11],0.16129032258064513,9dada49e784601183eb3a1e1723ce2d4,,,
5,4,x[11],True,x[11],0.16129032258064513,9dada49e784601183eb3a1e1723ce2d4,,,
5,4,x[11],True,x[11],0.16129032258064513,9dada49e784601183eb3a1e1723ce2d4,,,
5,4,x[11],True,x[11],0.16129032258064513,9dada49e784601183eb3a1e1723ce2d4,,,
5,4,x[11],True,x[11],0.16129032258064513,9dada49e784601183eb3a1e1723ce2d4,,,
5,4,x[11],True,x[11],0.16129032258064513,9dada49e784601183eb3a1e1723ce2d4,,,
5,4,x[11],True,x[11],0.16129032258064513,9dada49e784601183eb3a1e1723ce2d4,,,
5,4,x[11],True,x[11],0.16129032258064513,9dada49e784601183eb3a1e1723ce2d4,,,
5,4,x[11],True,x[11],0.16129032258064513,9dada49e784601183eb3a1e1723ce2d4,,,
5,4,x[11],True,x[11],0.16129032258064513,9dada49e784601183eb3a1e1723ce2d4,,,
5,4,x[11],True,x[11],0.16129032258064513,9dada49e784601183eb3a1e1723ce2d4,,,
5,4,x[11],True,x[11],0.16129032258064513,9dada49e784601183eb3a1e1723ce2d4,,,
5,4,x[16],True,x[16],0.217741935483871,2b4aec85a499a1f7baf764b48bcf9178,,,
5,4,x[11],True,x[11],0.16129032258064513,9dada49e784601183eb3a1e1723ce2d4,,,
5,4,x[11],True,x[11],0.16129032258064513,9dada49e784601183eb3a1e1723ce2d4,,,
5,4,x[6],True,x[6],0.30645161290322576,d902aea98596abf07e07d9c42be380bf,,,
5,4,x[11],True,x[11],0.16129032258064513,9dada49e784601183eb3a1e1723ce2d4,,,
5,4,x[11],True,x[11],0.16129032258064513,9dada49e784601183eb3a1e1723ce2d4,,,
5,4,x[18],True,x[18],0.6451612903225806,6a4c84e0915d9d2b86d121e994683436,,,
5,4,x[11],True,x[11],0.16129032258064513,9dada49e784601183eb3a1e1723ce2d4,,,
5,4,x[11],True,x[11],0.16129032258064513,9dada49e784601183eb3a1e1723ce2d4,,,
5,4,x[11],True,x[11],0.16129032258064513,9dada49e784601183eb3a1e1723ce2d4,,,
5,4,x[11],True,x[11],0.16129032258064513,9dada49e784601183eb3a1e1723ce2d4,,,
5,4,x[11],True,x[11],0.16129032258064513,9dada49e784601183eb3a1e1723ce2d4,,,
5,4,x[17],True,x[17],0.217741935483871,078a7ef4b1d424e54e976f158f2a5fa5,,,
5,4,x[11],True,x[11],0.16129032258064513,9dada49e784601183eb3a1e1723ce2d4,,,
5,4,x[11],True,x[11],0.16129032258064513,9dada49e784601183eb3a1e1723ce2d4,,,
5,4,x[11],True,x[11],0.16129032258064513,9dada49e784601183eb3a1e1723ce2d4,,,
5,4,x[11],True,x[11],0.16129032258064513,9dada49e784601183eb3a1e1723ce2d4,,,
5,4,x[11],True,x[11],0.16129032258064513,9dada49e784601183eb3a1e1723ce2d4,,,
5,4,x[14],True,x[14],0.22580645161290325,5184b187f6f474f266ff1a9e52a8b41f,,,
5,4,x[16],True,x[16],0.217741935483871,2b4aec85a499a1f7baf764b48bcf9178,,,
5,4,x[11],True,x[11],0.16129032258064513,9dada49e784601183eb3a1e1723ce2d4,,,
5,4,x[11],True,x[11],0.16129032258064513,9dada49e784601183eb3a1e1723ce2d4,,,
5,4,x[11],True,x[11],0.16129032258064513,9dada49e784601183eb3a1e1723ce2d4,,,
5,4,x[14],True,x[14],0.22580645161290325,5184b187f6f474f266ff1a9e52a8b41f,,,
5,4,x[11],True,x[11],0.16129032258064513,9dada49e784601183eb3a1e1723ce2d4,,,
5,4,x[9],True,x[9],0.2338709677419355,2e0260aa627dff742f7c723c8367e701,,,
5,4,x[11],True,x[11],0.16129032258064513,9dada49e784601183eb3a1e1723ce2d4,,,
5,4,x[11],True,x[11],0.16129032258064513,9dada49e784601183eb3a1e1723ce2d4,,,
5,4,x[11],True,x[11],0.16129032258064513,9dada49e784601183eb3a1e1723ce2d4,,,
5,4,x[11],True,x[11],0.16129032258064513,9dada49e784601183eb3a1e1723ce2d4,,,
5,4,x[11],True,x[11],0.16129032258064513,9dada49e784601183eb3a1e1723ce2d4,,,
5,4,x[11],True,x[11],0.16129032258064513,9dada49e784601183eb3a1e1723ce2d4,,,
5,4,x[11],True,x[11],0.16129032258064513,9dada49e784601183eb3a1e1723ce2d4,,,
5,4,x[11],True,x[11],0.16129032258064513,9dada49e784601183eb3a1e1723ce2d4,,,
5,4,x[11],True,x[11],0.16129032258064513,9dada49e784601183eb3a1e1723ce2d4,,,
5,4,x[11],True,x[11],0.16129032258064513,9dada49e784601183eb3a1e1723ce2d4,,,
5,4,x[11],True,x[11],0.16129032258064513,9dada49e784601183eb3a1e1723ce2d4,,,
5,4,x[11],True,x[11],0.16129032258064513,9dada49e784601183eb3a1e1723ce2d4,,,
5,4,x[11],True,x[11],0.16129032258064513,9dada49e784601183eb3a1e1723ce2d4,,,
5,4,x[11],True,x[11],0.16129032258064513,9dada49e784601183eb3a1e1723ce2d4,,,
5,4,x[18],True,x[18],0.6451612903225806,6a4c84e0915d9d2b86d121e994683436,,,
5,4,x[11],True,x[11],0.16129032258064513,9dada49e784601183eb3a1e1723ce2d4,,,
5,4,x[8],True,x[8],0.4354838709677419,8c6b56831adf589cc7ca352d27aafe6d,,,
5,4,x[11],True,x[11],0.16129032258064513,9dada49e784601183eb3a1e1723ce2d4,,,
5,4,x[6],True,x[6],0.30645161290322576,d902aea98596abf07e07d9c42be380bf,,,
5,4,x[18],True,x[18],0.6451612903225806,6a4c84e0915d9d2b86d121e994683436,,,
5,4,x[1],True,x[1],0.685483870967742,48150b63a14de07ac8ada4efd9d4896c,,,
5,4,x[11],True,x[11],0.16129032258064513,9dada49e784601183eb3a1e1723ce2d4,,,
5,4,x[11],True,x[11],0.16129032258064513,9dada49e784601183eb3a1e1723ce2d4,,,
5,4,x[11],True,x[11],0.16129032258064513,9dada49e784601183eb3a1e1723ce2d4,,,
5,4,x[11],True,x[11],0.16129032258064513,9dada49e784601183eb3a1e1723ce2d4,,,
5,4,x[11],True,x[11],0.16129032258064513,9dada49e784601183eb3a1e1723ce2d4,,,
5,4,x[18],True,x[18],0.6451612903225806,6a4c84e0915d9d2b86d121e994683436,,,
5,4,x[11],True,x[11],0.16129032258064513,9dada49e784601183eb3a1e1723ce2d4,,,
5,4,x[11],True,x[11],0.16129032258064513,9dada49e784601183eb3a1e1723ce2d4,,,
5,4,x[18],True,x[18],0.6451612903225806,6a4c84e0915d9d2b86d121e994683436,,,
5,4,x[11],True,x[11],0.16129032258064513,9dada49e784601183eb3a1e1723ce2d4,,,
5,4,x[10],True,x[10],0.24193548387096775,7424f049dcd7de48c5ec487367408f4f,,,
5,4,"less_than_or_equal(sub(x[2],x[3]),sub(x[3],x[0]))",True,"greater_than_or_equal(x[3], x[0])",0.33870967741935487,8aa2f19b213d8e9959a7bdc0047f9dae,,,
5,4,x[11],True,x[11],0.16129032258064513,9dada49e784601183eb3a1e1723ce2d4,,,
5,4,x[11],True,x[11],0.16129032258064513,9dada49e784601183eb3a1e1723ce2d4,,,
5,4,x[11],True,x[11],0.16129032258064513,9dada49e784601183eb3a1e1723ce2d4,,,
5,4,x[13],True,x[13],0.217741935483871,060f7b59fcb1852e9befb4d0292eca15,,,
5,4,x[11],True,x[11],0.16129032258064513,9dada49e784601183eb3a1e1723ce2d4,,,
5,4,x[11],True,x[11],0.16129032258064513,9dada49e784601183eb3a1e1723ce2d4,,,
5,4,x[18],True,x[18],0.6451612903225806,6a4c84e0915d9d2b86d121e994683436,,,
5,4,x[11],True,x[11],0.16129032258064513,9dada49e784601183eb3a1e1723ce2d4,,,
5,4,x[11],True,x[11],0.16129032258064513,9dada49e784601183eb3a1e1723ce2d4,,,
5,4,x[11],True,x[11],0.16129032258064513,9dada49e784601183eb3a1e1723ce2d4,,,
5,4,x[11],True,x[11],0.16129032258064513,9dada49e784601183eb3a1e1723ce2d4,,,
5,4,x[11],True,x[11],0.16129032258064513,9dada49e784601183eb3a1e1723ce2d4,,,
5,4,x[11],True,x[11],0.16129032258064513,9dada49e784601183eb3a1e1723ce2d4,,,
5,4,x[11],True,x[11],0.16129032258064513,9dada49e784601183eb3a1e1723ce2d4,,,
5,4,x[11],True,x[11],0.16129032258064513,9dada49e784601183eb3a1e1723ce2d4,,,
5,4,x[11],True,x[11],0.16129032258064513,9dada49e784601183eb3a1e1723ce2d4,,,
5,4,x[11],True,x[11],0.16129032258064513,9dada49e784601183eb3a1e1723ce2d4,,,
5,4,x[11],True,x[11],0.16129032258064513,9dada49e784601183eb3a1e1723ce2d4,,,
5,4,x[11],True,x[11],0.16129032258064513,9dada49e784601183eb3a1e1723ce2d4,,,
5,4,x[11],True,x[11],0.16129032258064513,9dada49e784601183eb3a1e1723ce2d4,,,
5,4,x[11],True,x[11],0.16129032258064513,9dada49e784601183eb3a1e1723ce2d4,,,
5,4,x[1],True,x[1],0.685483870967742,48150b63a14de07ac8ada4efd9d4896c,,,
5,4,x[11],True,x[11],0.16129032258064513,9dada49e784601183eb3a1e1723ce2d4,,,
5,4,x[11],True,x[11],0.16129032258064513,9dada49e784601183eb3a1e1723ce2d4,,,
5,4,x[11],True,x[11],0.16129032258064513,9dada49e784601183eb3a1e1723ce2d4,,,
5,4,x[11],True,x[11],0.16129032258064513,9dada49e784601183eb3a1e1723ce2d4,,,
5,4,x[11],True,x[11],0.16129032258064513,9dada49e784601183eb3a1e1723ce2d4,,,
5,4,x[11],True,x[11],0.16129032258064513,9dada49e784601183eb3a1e1723ce2d4,,,
5,4,x[11],True,x[11],0.16129032258064513,9dada49e784601183eb3a1e1723ce2d4,,,
5,4,x[11],True,x[11],0.16129032258064513,9dada49e784601183eb3a1e1723ce2d4,,,
5,4,x[11],True,x[11],0.16129032258064513,9dada49e784601183eb3a1e1723ce2d4,,,
5,4,x[1],True,x[1],0.685483870967742,48150b63a14de07ac8ada4efd9d4896c,,,
5,4,x[11],True,x[11],0.16129032258064513,9dada49e784601183eb3a1e1723ce2d4,,,
5,4,x[11],True,x[11],0.16129032258064513,9dada49e784601183eb3a1e1723ce2d4,,,
5,4,x[18],True,x[18],0.6451612903225806,6a4c84e0915d9d2b86d121e994683436,,,
5,4,x[11],True,x[11],0.16129032258064513,9dada49e784601183eb3a1e1723ce2d4,,,
5,4,x[11],True,x[11],0.16129032258064513,9dada49e784601183eb3a1e1723ce2d4,,,
5,4,x[11],True,x[11],0.16129032258064513,9dada49e784601183eb3a1e1723ce2d4,,,
5,4,x[11],True,x[11],0.16129032258064513,9dada49e784601183eb3a1e1723ce2d4,,,
5,4,x[11],True,x[11],0.16129032258064513,9dada49e784601183eb3a1e1723ce2d4,,,
5,4,x[11],True,x[11],0.16129032258064513,9dada49e784601183eb3a1e1723ce2d4,,,
5,4,x[11],True,x[11],0.16129032258064513,9dada49e784601183eb3a1e1723ce2d4,,,
5,4,x[11],True,x[11],0.16129032258064513,9dada49e784601183eb3a1e1723ce2d4,,,
5,4,x[11],True,x[11],0.16129032258064513,9dada49e784601183eb3a1e1723ce2d4,,,
5,4,x[11],True,x[11],0.16129032258064513,9dada49e784601183eb3a1e1723ce2d4,,,
5,4,x[11],True,x[11],0.16129032258064513,9dada49e784601183eb3a1e1723ce2d4,,,
5,4,x[11],True,x[11],0.16129032258064513,9dada49e784601183eb3a1e1723ce2d4,,,
5,4,x[11],True,x[11],0.16129032258064513,9dada49e784601183eb3a1e1723ce2d4,,,
5,4,x[11],True,x[11],0.16129032258064513,9dada49e784601183eb3a1e1723ce2d4,,,
5,4,x[11],True,x[11],0.16129032258064513,9dada49e784601183eb3a1e1723ce2d4,,,
5,4,x[8],True,x[8],0.4354838709677419,8c6b56831adf589cc7ca352d27aafe6d,,,
5,4,x[11],True,x[11],0.16129032258064513,9dada49e784601183eb3a1e1723ce2d4,,,
5,4,x[11],True,x[11],0.16129032258064513,9dada49e784601183eb3a1e1723ce2d4,,,
5,4,x[11],True,x[11],0.16129032258064513,9dada49e784601183eb3a1e1723ce2d4,,,
5,4,x[11],True,x[11],0.16129032258064513,9dada49e784601183eb3a1e1723ce2d4,,,
5,4,x[11],True,x[11],0.16129032258064513,9dada49e784601183eb3a1e1723ce2d4,,,
5,4,x[11],True,x[11],0.16129032258064513,9dada49e784601183eb3a1e1723ce2d4,,,
5,4,x[11],True,x[11],0.16129032258064513,9dada49e784601183eb3a1e1723ce2d4,,,
5,4,x[11],True,x[11],0.16129032258064513,9dada49e784601183eb3a1e1723ce2d4,,,
5,4,x[11],True,x[11],0.16129032258064513,9dada49e784601183eb3a1e1723ce2d4,,,
5,4,x[11],True,x[11],0.16129032258064513,9dada49e784601183eb3a1e1723ce2d4,,,
5,4,x[11],True,x[11],0.16129032258064513,9dada49e784601183eb3a1e1723ce2d4,,,
5,4,x[11],True,x[11],0.16129032258064513,9dada49e784601183eb3a1e1723ce2d4,,,
5,4,x[11],True,x[11],0.16129032258064513,9dada49e784601183eb3a1e1723ce2d4,,,
5,4,x[11],True,x[11],0.16129032258064513,9dada49e784601183eb3a1e1723ce2d4,,,
5,4,x[11],True,x[11],0.16129032258064513,9dada49e784601183eb3a1e1723ce2d4,,,
5,4,x[15],True,x[15],0.22580645161290325,301bd409bd67cc588ceaa53a6f5220a4,,,
5,4,x[8],True,x[8],0.4354838709677419,8c6b56831adf589cc7ca352d27aafe6d,,,
5,4,x[11],True,x[11],0.16129032258064513,9dada49e784601183eb3a1e1723ce2d4,,,
5,4,x[11],True,x[11],0.16129032258064513,9dada49e784601183eb3a1e1723ce2d4,,,
5,4,x[11],True,x[11],0.16129032258064513,9dada49e784601183eb3a1e1723ce2d4,,,
5,4,x[11],True,x[11],0.16129032258064513,9dada49e784601183eb3a1e1723ce2d4,,,
5,4,x[11],True,x[11],0.16129032258064513,9dada49e784601183eb3a1e1723ce2d4,,,
5,4,x[11],True,x[11],0.16129032258064513,9dada49e784601183eb3a1e1723ce2d4,,,
5,4,x[11],True,x[11],0.16129032258064513,9dada49e784601183eb3a1e1723ce2d4,,,
5,4,x[11],True,x[11],0.16129032258064513,9dada49e784601183eb3a1e1723ce2d4,,,
5,4,x[11],True,x[11],0.16129032258064513,9dada49e784601183eb3a1e1723ce2d4,,,
5,4,x[12],True,x[12],0.18548387096774188,0d372214e94f96a8c686509e4d084014,,,
5,4,x[11],True,x[11],0.16129032258064513,9dada49e784601183eb3a1e1723ce2d4,,,
5,4,x[11],True,x[11],0.16129032258064513,9dada49e784601183eb3a1e1723ce2d4,,,
5,4,x[11],True,x[11],0.16129032258064513,9dada49e784601183eb3a1e1723ce2d4,,,
5,4,x[11],True,x[11],0.16129032258064513,9dada49e784601183eb3a1e1723ce2d4,,,
5,4,x[11],True,x[11],0.16129032258064513,9dada49e784601183eb3a1e1723ce2d4,,,
5,4,x[11],True,x[11],0.16129032258064513,9dada49e784601183eb3a1e1723ce2d4,,,
5,4,x[13],True,x[13],0.217741935483871,060f7b59fcb1852e9befb4d0292eca15,,,
5,4,x[11],True,x[11],0.16129032258064513,9dada49e784601183eb3a1e1723ce2d4,,,
5,4,x[11],True,x[11],0.16129032258064513,9dada49e784601183eb3a1e1723ce2d4,,,
5,4,x[11],True,x[11],0.16129032258064513,9dada49e784601183eb3a1e1723ce2d4,,,
5,4,x[11],True,x[11],0.16129032258064513,9dada49e784601183eb3a1e1723ce2d4,,,
5,4,x[12],True,x[12],0.18548387096774188,0d372214e94f96a8c686509e4d084014,,,
5,4,x[18],True,x[18],0.6451612903225806,6a4c84e0915d9d2b86d121e994683436,,,
5,4,x[11],True,x[11],0.16129032258064513,9dada49e784601183eb3a1e1723ce2d4,,,
5,4,x[11],True,x[11],0.16129032258064513,9dada49e784601183eb3a1e1723ce2d4,,,
5,4,x[11],True,x[11],0.16129032258064513,9dada49e784601183eb3a1e1723ce2d4,,,
5,4,x[18],True,x[18],0.6451612903225806,6a4c84e0915d9d2b86d121e994683436,,,
5,4,x[11],True,x[11],0.16129032258064513,9dada49e784601183eb3a1e1723ce2d4,,,
5,4,x[11],True,x[11],0.16129032258064513,9dada49e784601183eb3a1e1723ce2d4,,,
5,4,x[11],True,x[11],0.16129032258064513,9dada49e784601183eb3a1e1723ce2d4,,,
5,4,x[11],True,x[11],0.16129032258064513,9dada49e784601183eb3a1e1723ce2d4,,,
5,4,"or_(or_(and_(x[4],x[12]),or_(x[17],x[17])),x[12])",True,"or_(x[13],x[13])",0.217741935483871,36111fea987f400a898cb3f2f5b81685,,,
5,4,x[11],True,x[11],0.16129032258064513,9dada49e784601183eb3a1e1723ce2d4,,,
5,4,x[14],True,x[14],0.22580645161290325,5184b187f6f474f266ff1a9e52a8b41f,,,
5,4,x[11],True,x[11],0.16129032258064513,9dada49e784601183eb3a1e1723ce2d4,,,
5,4,x[11],True,x[11],0.16129032258064513,9dada49e784601183eb3a1e1723ce2d4,,,
5,4,x[11],True,x[11],0.16129032258064513,9dada49e784601183eb3a1e1723ce2d4,,,
5,4,x[4],True,x[4],0.49193548387096775,c062f6f76dec194bafe0ddbf91add8d9,,,
5,4,x[18],True,x[18],0.6451612903225806,6a4c84e0915d9d2b86d121e994683436,,,
5,4,x[11],True,x[11],0.16129032258064513,9dada49e784601183eb3a1e1723ce2d4,,,
5,4,x[11],True,x[11],0.16129032258064513,9dada49e784601183eb3a1e1723ce2d4,,,
5,4,x[6],True,x[6],0.30645161290322576,d902aea98596abf07e07d9c42be380bf,,,
5,4,x[11],True,x[11],0.16129032258064513,9dada49e784601183eb3a1e1723ce2d4,,,
5,4,x[11],True,x[11],0.16129032258064513,9dada49e784601183eb3a1e1723ce2d4,,,
5,4,x[11],True,x[11],0.16129032258064513,9dada49e784601183eb3a1e1723ce2d4,,,
5,4,x[11],True,x[11],0.16129032258064513,9dada49e784601183eb3a1e1723ce2d4,,,
5,4,x[15],True,x[15],0.22580645161290325,301bd409bd67cc588ceaa53a6f5220a4,,,
5,4,x[11],True,x[11],0.16129032258064513,9dada49e784601183eb3a1e1723ce2d4,,,
5,4,x[11],True,x[11],0.16129032258064513,9dada49e784601183eb3a1e1723ce2d4,,,
5,4,x[11],True,x[11],0.16129032258064513,9dada49e784601183eb3a1e1723ce2d4,,,
5,4,x[11],True,x[11],0.16129032258064513,9dada49e784601183eb3a1e1723ce2d4,,,
5,4,x[11],True,x[11],0.16129032258064513,9dada49e784601183eb3a1e1723ce2d4,,,
5,4,x[11],True,x[11],0.16129032258064513,9dada49e784601183eb3a1e1723ce2d4,,,
5,4,x[4],True,x[4],0.49193548387096775,c062f6f76dec194bafe0ddbf91add8d9,,,
5,4,x[11],True,x[11],0.16129032258064513,9dada49e784601183eb3a1e1723ce2d4,,,
5,4,x[12],True,x[12],0.18548387096774188,0d372214e94f96a8c686509e4d084014,,,
5,4,x[11],True,x[11],0.16129032258064513,9dada49e784601183eb3a1e1723ce2d4,,,
5,4,x[11],True,x[11],0.16129032258064513,9dada49e784601183eb3a1e1723ce2d4,,,
5,4,x[11],True,x[11],0.16129032258064513,9dada49e784601183eb3a1e1723ce2d4,,,
5,4,x[11],True,x[11],0.16129032258064513,9dada49e784601183eb3a1e1723ce2d4,,,
5,4,x[11],True,x[11],0.16129032258064513,9dada49e784601183eb3a1e1723ce2d4,,,
5,4,x[11],True,x[11],0.16129032258064513,9dada49e784601183eb3a1e1723ce2d4,,,
5,4,x[11],True,x[11],0.16129032258064513,9dada49e784601183eb3a1e1723ce2d4,,,
5,4,x[11],True,x[11],0.16129032258064513,9dada49e784601183eb3a1e1723ce2d4,,,
5,4,x[11],True,x[11],0.16129032258064513,9dada49e784601183eb3a1e1723ce2d4,,,
5,4,x[11],True,x[11],0.16129032258064513,9dada49e784601183eb3a1e1723ce2d4,,,
5,4,x[11],True,x[11],0.16129032258064513,9dada49e784601183eb3a1e1723ce2d4,,,
5,4,x[11],True,x[11],0.16129032258064513,9dada49e784601183eb3a1e1723ce2d4,,,
5,4,x[1],True,x[1],0.685483870967742,48150b63a14de07ac8ada4efd9d4896c,,,
5,4,x[11],True,x[11],0.16129032258064513,9dada49e784601183eb3a1e1723ce2d4,,,
5,4,x[11],True,x[11],0.16129032258064513,9dada49e784601183eb3a1e1723ce2d4,,,
5,4,x[11],True,x[11],0.16129032258064513,9dada49e784601183eb3a1e1723ce2d4,,,
5,4,x[11],True,x[11],0.16129032258064513,9dada49e784601183eb3a1e1723ce2d4,,,
5,4,x[11],True,x[11],0.16129032258064513,9dada49e784601183eb3a1e1723ce2d4,,,
5,4,x[11],True,x[11],0.16129032258064513,9dada49e784601183eb3a1e1723ce2d4,,,
5,4,x[11],True,x[11],0.16129032258064513,9dada49e784601183eb3a1e1723ce2d4,,,
5,4,x[9],True,x[9],0.2338709677419355,2e0260aa627dff742f7c723c8367e701,,,
5,4,x[11],True,x[11],0.16129032258064513,9dada49e784601183eb3a1e1723ce2d4,,,
5,4,x[11],True,x[11],0.16129032258064513,9dada49e784601183eb3a1e1723ce2d4,,,
5,4,x[11],True,x[11],0.16129032258064513,9dada49e784601183eb3a1e1723ce2d4,,,
5,4,x[11],True,x[11],0.16129032258064513,9dada49e784601183eb3a1e1723ce2d4,,,
5,4,x[11],True,x[11],0.16129032258064513,9dada49e784601183eb3a1e1723ce2d4,,,
5,4,x[11],True,x[11],0.16129032258064513,9dada49e784601183eb3a1e1723ce2d4,,,
5,4,x[8],True,x[8],0.4354838709677419,8c6b56831adf589cc7ca352d27aafe6d,,,
5,4,x[11],True,x[11],0.16129032258064513,9dada49e784601183eb3a1e1723ce2d4,,,
5,4,x[11],True,x[11],0.16129032258064513,9dada49e784601183eb3a1e1723ce2d4,,,
5,4,x[11],True,x[11],0.16129032258064513,9dada49e784601183eb3a1e1723ce2d4,,,
5,4,x[11],True,x[11],0.16129032258064513,9dada49e784601183eb3a1e1723ce2d4,,,
5,4,x[11],True,x[11],0.16129032258064513,9dada49e784601183eb3a1e1723ce2d4,,,
5,4,x[11],True,x[11],0.16129032258064513,9dada49e784601183eb3a1e1723ce2d4,,,
5,4,x[11],True,x[11],0.16129032258064513,9dada49e784601183eb3a1e1723ce2d4,,,
5,4,x[11],True,x[11],0.16129032258064513,9dada49e784601183eb3a1e1723ce2d4,,,
5,4,x[11],True,x[11],0.16129032258064513,9dada49e784601183eb3a1e1723ce2d4,,,
5,4,x[11],True,x[11],0.16129032258064513,9dada49e784601183eb3a1e1723ce2d4,,,
5,4,x[11],True,x[11],0.16129032258064513,9dada49e784601183eb3a1e1723ce2d4,,,
5,4,x[11],True,x[11],0.16129032258064513,9dada49e784601183eb3a1e1723ce2d4,,,
5,4,x[4],True,x[4],0.49193548387096775,c062f6f76dec194bafe0ddbf91add8d9,,,
5,4,x[11],True,x[11],0.16129032258064513,9dada49e784601183eb3a1e1723ce2d4,,,
5,4,x[11],True,x[11],0.16129032258064513,9dada49e784601183eb3a1e1723ce2d4,,,
5,4,x[11],True,x[11],0.16129032258064513,9dada49e784601183eb3a1e1723ce2d4,,,
5,4,x[11],True,x[11],0.16129032258064513,9dada49e784601183eb3a1e1723ce2d4,,,
5,4,x[11],True,x[11],0.16129032258064513,9dada49e784601183eb3a1e1723ce2d4,,,
5,4,x[8],True,x[8],0.4354838709677419,8c6b56831adf589cc7ca352d27aafe6d,,,
5,4,x[14],True,x[14],0.22580645161290325,5184b187f6f474f266ff1a9e52a8b41f,,,
5,4,x[11],True,x[11],0.16129032258064513,9dada49e784601183eb3a1e1723ce2d4,,,
5,4,x[11],True,x[11],0.16129032258064513,9dada49e784601183eb3a1e1723ce2d4,,,
5,4,x[12],True,x[12],0.18548387096774188,0d372214e94f96a8c686509e4d084014,,,
5,4,x[11],True,x[11],0.16129032258064513,9dada49e784601183eb3a1e1723ce2d4,,,
5,4,x[6],True,x[6],0.30645161290322576,d902aea98596abf07e07d9c42be380bf,,,
5,4,x[11],True,x[11],0.16129032258064513,9dada49e784601183eb3a1e1723ce2d4,,,
5,4,x[11],True,x[11],0.16129032258064513,9dada49e784601183eb3a1e1723ce2d4,,,
5,4,x[11],True,x[11],0.16129032258064513,9dada49e784601183eb3a1e1723ce2d4,,,
5,4,x[11],True,x[11],0.16129032258064513,9dada49e784601183eb3a1e1723ce2d4,,,
5,4,x[11],True,x[11],0.16129032258064513,9dada49e784601183eb3a1e1723ce2d4,,,
5,4,x[11],True,x[11],0.16129032258064513,9dada49e784601183eb3a1e1723ce2d4,,,
5,4,x[11],True,x[11],0.16129032258064513,9dada49e784601183eb3a1e1723ce2d4,,,
5,4,x[11],True,x[11],0.16129032258064513,9dada49e784601183eb3a1e1723ce2d4,,,
5,4,x[13],True,x[13],0.217741935483871,060f7b59fcb1852e9befb4d0292eca15,,,
5,4,x[11],True,x[11],0.16129032258064513,9dada49e784601183eb3a1e1723ce2d4,,,
5,4,x[11],True,x[11],0.16129032258064513,9dada49e784601183eb3a1e1723ce2d4,,,
5,4,x[11],True,x[11],0.16129032258064513,9dada49e784601183eb3a1e1723ce2d4,,,
5,4,x[14],True,x[14],0.22580645161290325,5184b187f6f474f266ff1a9e52a8b41f,,,
5,4,x[11],True,x[11],0.16129032258064513,9dada49e784601183eb3a1e1723ce2d4,,,
5,4,x[11],True,x[11],0.16129032258064513,9dada49e784601183eb3a1e1723ce2d4,,,
5,4,x[11],True,x[11],0.16129032258064513,9dada49e784601183eb3a1e1723ce2d4,,,
5,4,x[11],True,x[11],0.16129032258064513,9dada49e784601183eb3a1e1723ce2d4,,,
5,4,x[1],True,x[1],0.685483870967742,48150b63a14de07ac8ada4efd9d4896c,,,
5,4,x[11],True,x[11],0.16129032258064513,9dada49e784601183eb3a1e1723ce2d4,,,
5,4,x[11],True,x[11],0.16129032258064513,9dada49e784601183eb3a1e1723ce2d4,,,
5,4,x[11],True,x[11],0.16129032258064513,9dada49e784601183eb3a1e1723ce2d4,,,
5,4,x[11],True,x[11],0.16129032258064513,9dada49e784601183eb3a1e1723ce2d4,,,
5,4,x[18],True,x[18],0.6451612903225806,6a4c84e0915d9d2b86d121e994683436,,,
5,4,x[11],True,x[11],0.16129032258064513,9dada49e784601183eb3a1e1723ce2d4,,,
5,4,x[11],True,x[11],0.16129032258064513,9dada49e784601183eb3a1e1723ce2d4,,,
5,4,x[11],True,x[11],0.16129032258064513,9dada49e784601183eb3a1e1723ce2d4,,,
5,4,x[11],True,x[11],0.16129032258064513,9dada49e784601183eb3a1e1723ce2d4,,,
5,4,x[11],True,x[11],0.16129032258064513,9dada49e784601183eb3a1e1723ce2d4,,,
5,4,x[11],True,x[11],0.16129032258064513,9dada49e784601183eb3a1e1723ce2d4,,,
5,4,x[11],True,x[11],0.16129032258064513,9dada49e784601183eb3a1e1723ce2d4,,,
5,4,x[11],True,x[11],0.16129032258064513,9dada49e784601183eb3a1e1723ce2d4,,,
5,4,x[11],True,x[11],0.16129032258064513,9dada49e784601183eb3a1e1723ce2d4,,,
5,4,x[4],True,x[4],0.49193548387096775,c062f6f76dec194bafe0ddbf91add8d9,,,
5,4,x[11],True,x[11],0.16129032258064513,9dada49e784601183eb3a1e1723ce2d4,,,
5,4,x[11],True,x[11],0.16129032258064513,9dada49e784601183eb3a1e1723ce2d4,,,
5,4,x[11],True,x[11],0.16129032258064513,9dada49e784601183eb3a1e1723ce2d4,,,
5,4,x[11],True,x[11],0.16129032258064513,9dada49e784601183eb3a1e1723ce2d4,,,
5,4,x[11],True,x[11],0.16129032258064513,9dada49e784601183eb3a1e1723ce2d4,,,
5,4,x[11],True,x[11],0.16129032258064513,9dada49e784601183eb3a1e1723ce2d4,,,
5,4,x[11],True,x[11],0.16129032258064513,9dada49e784601183eb3a1e1723ce2d4,,,
5,4,x[11],True,x[11],0.16129032258064513,9dada49e784601183eb3a1e1723ce2d4,,,
5,4,x[18],True,x[18],0.6451612903225806,6a4c84e0915d9d2b86d121e994683436,,,
5,4,x[11],True,x[11],0.16129032258064513,9dada49e784601183eb3a1e1723ce2d4,,,
5,4,x[16],True,x[16],0.217741935483871,2b4aec85a499a1f7baf764b48bcf9178,,,
5,4,x[11],True,x[11],0.16129032258064513,9dada49e784601183eb3a1e1723ce2d4,,,
5,4,x[11],True,x[11],0.16129032258064513,9dada49e784601183eb3a1e1723ce2d4,,,
5,4,x[1],True,x[1],0.685483870967742,48150b63a14de07ac8ada4efd9d4896c,,,
5,4,x[11],True,x[11],0.16129032258064513,9dada49e784601183eb3a1e1723ce2d4,,,
5,4,x[11],True,x[11],0.16129032258064513,9dada49e784601183eb3a1e1723ce2d4,,,
5,4,x[11],True,x[11],0.16129032258064513,9dada49e784601183eb3a1e1723ce2d4,,,
5,4,x[11],True,x[11],0.16129032258064513,9dada49e784601183eb3a1e1723ce2d4,,,
5,4,x[11],True,x[11],0.16129032258064513,9dada49e784601183eb3a1e1723ce2d4,,,
5,4,x[11],True,x[11],0.16129032258064513,9dada49e784601183eb3a1e1723ce2d4,,,
5,4,x[11],True,x[11],0.16129032258064513,9dada49e784601183eb3a1e1723ce2d4,,,
5,4,x[11],True,x[11],0.16129032258064513,9dada49e784601183eb3a1e1723ce2d4,,,
5,4,x[11],True,x[11],0.16129032258064513,9dada49e784601183eb3a1e1723ce2d4,,,
5,4,x[11],True,x[11],0.16129032258064513,9dada49e784601183eb3a1e1723ce2d4,,,
5,4,x[11],True,x[11],0.16129032258064513,9dada49e784601183eb3a1e1723ce2d4,,,
5,4,x[11],True,x[11],0.16129032258064513,9dada49e784601183eb3a1e1723ce2d4,,,
5,4,x[11],True,x[11],0.16129032258064513,9dada49e784601183eb3a1e1723ce2d4,,,
5,4,x[11],True,x[11],0.16129032258064513,9dada49e784601183eb3a1e1723ce2d4,,,
5,4,x[11],True,x[11],0.16129032258064513,9dada49e784601183eb3a1e1723ce2d4,,,
5,4,x[11],True,x[11],0.16129032258064513,9dada49e784601183eb3a1e1723ce2d4,,,
5,4,x[11],True,x[11],0.16129032258064513,9dada49e784601183eb3a1e1723ce2d4,,,
5,4,x[9],True,x[9],0.2338709677419355,2e0260aa627dff742f7c723c8367e701,,,
5,4,x[11],True,x[11],0.16129032258064513,9dada49e784601183eb3a1e1723ce2d4,,,
5,4,x[14],True,x[14],0.22580645161290325,5184b187f6f474f266ff1a9e52a8b41f,,,
5,4,x[11],True,x[11],0.16129032258064513,9dada49e784601183eb3a1e1723ce2d4,,,
5,4,x[11],True,x[11],0.16129032258064513,9dada49e784601183eb3a1e1723ce2d4,,,
5,4,x[11],True,x[11],0.16129032258064513,9dada49e784601183eb3a1e1723ce2d4,,,
5,4,x[11],True,x[11],0.16129032258064513,9dada49e784601183eb3a1e1723ce2d4,,,
5,4,x[11],True,x[11],0.16129032258064513,9dada49e784601183eb3a1e1723ce2d4,,,
5,4,x[11],True,x[11],0.16129032258064513,9dada49e784601183eb3a1e1723ce2d4,,,
5,4,x[11],True,x[11],0.16129032258064513,9dada49e784601183eb3a1e1723ce2d4,,,
5,4,x[11],True,x[11],0.16129032258064513,9dada49e784601183eb3a1e1723ce2d4,,,
5,4,x[11],True,x[11],0.16129032258064513,9dada49e784601183eb3a1e1723ce2d4,,,
5,4,x[11],True,x[11],0.16129032258064513,9dada49e784601183eb3a1e1723ce2d4,,,
5,4,x[11],True,x[11],0.16129032258064513,9dada49e784601183eb3a1e1723ce2d4,,,
5,4,x[11],True,x[11],0.16129032258064513,9dada49e784601183eb3a1e1723ce2d4,,,
5,4,x[11],True,x[11],0.16129032258064513,9dada49e784601183eb3a1e1723ce2d4,,,
5,4,x[11],True,x[11],0.16129032258064513,9dada49e784601183eb3a1e1723ce2d4,,,
5,4,x[11],True,x[11],0.16129032258064513,9dada49e784601183eb3a1e1723ce2d4,,,
5,4,x[11],True,x[11],0.16129032258064513,9dada49e784601183eb3a1e1723ce2d4,,,
5,4,x[14],True,x[14],0.22580645161290325,5184b187f6f474f266ff1a9e52a8b41f,,,
5,4,x[11],True,x[11],0.16129032258064513,9dada49e784601183eb3a1e1723ce2d4,,,
5,4,x[11],True,x[11],0.16129032258064513,9dada49e784601183eb3a1e1723ce2d4,,,
5,4,x[11],True,x[11],0.16129032258064513,9dada49e784601183eb3a1e1723ce2d4,,,
5,4,x[11],True,x[11],0.16129032258064513,9dada49e784601183eb3a1e1723ce2d4,,,
5,4,x[17],True,x[17],0.217741935483871,078a7ef4b1d424e54e976f158f2a5fa5,,,
5,4,x[11],True,x[11],0.16129032258064513,9dada49e784601183eb3a1e1723ce2d4,,,
5,4,"less_than_or_equal(mul(sub(x[5],x[2]),mul(x[0],x[3])),x[5])",True,"or_(x[13],x[13])",0.217741935483871,36111fea987f400a898cb3f2f5b81685,,,
5,4,x[11],True,x[11],0.16129032258064513,9dada49e784601183eb3a1e1723ce2d4,,,
5,4,x[11],True,x[11],0.16129032258064513,9dada49e784601183eb3a1e1723ce2d4,,,
5,4,x[12],True,x[12],0.18548387096774188,0d372214e94f96a8c686509e4d084014,,,
5,4,x[11],True,x[11],0.16129032258064513,9dada49e784601183eb3a1e1723ce2d4,,,
5,5,x[11],True,x[11],0.16129032258064513,9dada49e784601183eb3a1e1723ce2d4,,,
5,5,x[11],True,x[11],0.16129032258064513,9dada49e784601183eb3a1e1723ce2d4,,,
5,5,x[11],True,x[11],0.16129032258064513,9dada49e784601183eb3a1e1723ce2d4,,,
5,5,x[11],True,x[11],0.16129032258064513,9dada49e784601183eb3a1e1723ce2d4,,,
5,5,x[11],True,x[11],0.16129032258064513,9dada49e784601183eb3a1e1723ce2d4,,,
5,5,x[11],True,x[11],0.16129032258064513,9dada49e784601183eb3a1e1723ce2d4,,,
5,5,x[11],True,x[11],0.16129032258064513,9dada49e784601183eb3a1e1723ce2d4,,,
5,5,x[11],True,x[11],0.16129032258064513,9dada49e784601183eb3a1e1723ce2d4,,,
5,5,x[11],True,x[11],0.16129032258064513,9dada49e784601183eb3a1e1723ce2d4,,,
5,5,x[11],True,x[11],0.16129032258064513,9dada49e784601183eb3a1e1723ce2d4,,,
5,5,x[11],True,x[11],0.16129032258064513,9dada49e784601183eb3a1e1723ce2d4,,,
5,5,x[11],True,x[11],0.16129032258064513,9dada49e784601183eb3a1e1723ce2d4,,,
5,5,x[11],True,x[11],0.16129032258064513,9dada49e784601183eb3a1e1723ce2d4,,,
5,5,x[11],True,x[11],0.16129032258064513,9dada49e784601183eb3a1e1723ce2d4,,,
5,5,x[11],True,x[11],0.16129032258064513,9dada49e784601183eb3a1e1723ce2d4,,,
5,5,x[18],True,x[18],0.6451612903225806,6a4c84e0915d9d2b86d121e994683436,,,
5,5,x[11],True,x[11],0.16129032258064513,9dada49e784601183eb3a1e1723ce2d4,,,
5,5,x[11],True,x[11],0.16129032258064513,9dada49e784601183eb3a1e1723ce2d4,,,
5,5,x[11],True,x[11],0.16129032258064513,9dada49e784601183eb3a1e1723ce2d4,,,
5,5,x[11],True,x[11],0.16129032258064513,9dada49e784601183eb3a1e1723ce2d4,,,
5,5,x[1],True,x[1],0.685483870967742,48150b63a14de07ac8ada4efd9d4896c,,,
5,5,x[11],True,x[11],0.16129032258064513,9dada49e784601183eb3a1e1723ce2d4,,,
5,5,x[11],True,x[11],0.16129032258064513,9dada49e784601183eb3a1e1723ce2d4,,,
5,5,x[11],True,x[11],0.16129032258064513,9dada49e784601183eb3a1e1723ce2d4,,,
5,5,x[11],True,x[11],0.16129032258064513,9dada49e784601183eb3a1e1723ce2d4,,,
5,5,x[11],True,x[11],0.16129032258064513,9dada49e784601183eb3a1e1723ce2d4,,,
5,5,x[11],True,x[11],0.16129032258064513,9dada49e784601183eb3a1e1723ce2d4,,,
5,5,x[11],True,x[11],0.16129032258064513,9dada49e784601183eb3a1e1723ce2d4,,,
5,5,x[11],True,x[11],0.16129032258064513,9dada49e784601183eb3a1e1723ce2d4,,,
5,5,x[16],True,x[16],0.217741935483871,2b4aec85a499a1f7baf764b48bcf9178,,,
5,5,x[9],True,x[9],0.2338709677419355,2e0260aa627dff742f7c723c8367e701,,,
5,5,x[11],True,x[11],0.16129032258064513,9dada49e784601183eb3a1e1723ce2d4,,,
5,5,x[11],True,x[11],0.16129032258064513,9dada49e784601183eb3a1e1723ce2d4,,,
5,5,x[11],True,x[11],0.16129032258064513,9dada49e784601183eb3a1e1723ce2d4,,,
5,5,x[11],True,x[11],0.16129032258064513,9dada49e784601183eb3a1e1723ce2d4,,,
5,5,x[11],True,x[11],0.16129032258064513,9dada49e784601183eb3a1e1723ce2d4,,,
5,5,x[11],True,x[11],0.16129032258064513,9dada49e784601183eb3a1e1723ce2d4,,,
5,5,x[11],True,x[11],0.16129032258064513,9dada49e784601183eb3a1e1723ce2d4,,,
5,5,x[11],True,x[11],0.16129032258064513,9dada49e784601183eb3a1e1723ce2d4,,,
5,5,x[11],True,x[11],0.16129032258064513,9dada49e784601183eb3a1e1723ce2d4,,,
5,5,x[11],True,x[11],0.16129032258064513,9dada49e784601183eb3a1e1723ce2d4,,,
5,5,x[11],True,x[11],0.16129032258064513,9dada49e784601183eb3a1e1723ce2d4,,,
5,5,x[11],True,x[11],0.16129032258064513,9dada49e784601183eb3a1e1723ce2d4,,,
5,5,x[11],True,x[11],0.16129032258064513,9dada49e784601183eb3a1e1723ce2d4,,,
5,5,x[11],True,x[11],0.16129032258064513,9dada49e784601183eb3a1e1723ce2d4,,,
5,5,x[11],True,x[11],0.16129032258064513,9dada49e784601183eb3a1e1723ce2d4,,,
5,5,x[11],True,x[11],0.16129032258064513,9dada49e784601183eb3a1e1723ce2d4,,,
5,5,x[9],True,x[9],0.2338709677419355,2e0260aa627dff742f7c723c8367e701,,,
5,5,x[11],True,x[11],0.16129032258064513,9dada49e784601183eb3a1e1723ce2d4,,,
5,5,x[11],True,x[11],0.16129032258064513,9dada49e784601183eb3a1e1723ce2d4,,,
5,5,x[11],True,x[11],0.16129032258064513,9dada49e784601183eb3a1e1723ce2d4,,,
5,5,x[11],True,x[11],0.16129032258064513,9dada49e784601183eb3a1e1723ce2d4,,,
5,5,x[11],True,x[11],0.16129032258064513,9dada49e784601183eb3a1e1723ce2d4,,,
5,5,x[11],True,x[11],0.16129032258064513,9dada49e784601183eb3a1e1723ce2d4,,,
5,5,x[11],True,x[11],0.16129032258064513,9dada49e784601183eb3a1e1723ce2d4,,,
5,5,x[11],True,x[11],0.16129032258064513,9dada49e784601183eb3a1e1723ce2d4,,,
5,5,x[11],True,x[11],0.16129032258064513,9dada49e784601183eb3a1e1723ce2d4,,,
5,5,x[11],True,x[11],0.16129032258064513,9dada49e784601183eb3a1e1723ce2d4,,,
5,5,x[18],True,x[18],0.6451612903225806,6a4c84e0915d9d2b86d121e994683436,,,
5,5,x[11],True,x[11],0.16129032258064513,9dada49e784601183eb3a1e1723ce2d4,,,
5,5,x[11],True,x[11],0.16129032258064513,9dada49e784601183eb3a1e1723ce2d4,,,
5,5,x[15],True,x[15],0.22580645161290325,301bd409bd67cc588ceaa53a6f5220a4,,,
5,5,x[11],True,x[11],0.16129032258064513,9dada49e784601183eb3a1e1723ce2d4,,,
5,5,x[11],True,x[11],0.16129032258064513,9dada49e784601183eb3a1e1723ce2d4,,,
5,5,x[11],True,x[11],0.16129032258064513,9dada49e784601183eb3a1e1723ce2d4,,,
5,5,x[10],True,x[10],0.24193548387096775,7424f049dcd7de48c5ec487367408f4f,,,
5,5,x[11],True,x[11],0.16129032258064513,9dada49e784601183eb3a1e1723ce2d4,,,
5,5,x[11],True,x[11],0.16129032258064513,9dada49e784601183eb3a1e1723ce2d4,,,
5,5,x[11],True,x[11],0.16129032258064513,9dada49e784601183eb3a1e1723ce2d4,,,
5,5,x[12],True,x[12],0.18548387096774188,0d372214e94f96a8c686509e4d084014,,,
5,5,x[11],True,x[11],0.16129032258064513,9dada49e784601183eb3a1e1723ce2d4,,,
5,5,x[11],True,x[11],0.16129032258064513,9dada49e784601183eb3a1e1723ce2d4,,,
5,5,x[11],True,x[11],0.16129032258064513,9dada49e784601183eb3a1e1723ce2d4,,,
5,5,x[11],True,x[11],0.16129032258064513,9dada49e784601183eb3a1e1723ce2d4,,,
5,5,x[11],True,x[11],0.16129032258064513,9dada49e784601183eb3a1e1723ce2d4,,,
5,5,x[11],True,x[11],0.16129032258064513,9dada49e784601183eb3a1e1723ce2d4,,,
5,5,x[11],True,x[11],0.16129032258064513,9dada49e784601183eb3a1e1723ce2d4,,,
5,5,x[11],True,x[11],0.16129032258064513,9dada49e784601183eb3a1e1723ce2d4,,,
5,5,x[12],True,x[12],0.18548387096774188,0d372214e94f96a8c686509e4d084014,,,
5,5,x[11],True,x[11],0.16129032258064513,9dada49e784601183eb3a1e1723ce2d4,,,
5,5,x[11],True,x[11],0.16129032258064513,9dada49e784601183eb3a1e1723ce2d4,,,
5,5,x[11],True,x[11],0.16129032258064513,9dada49e784601183eb3a1e1723ce2d4,,,
5,5,x[11],True,x[11],0.16129032258064513,9dada49e784601183eb3a1e1723ce2d4,,,
5,5,x[18],True,x[18],0.6451612903225806,6a4c84e0915d9d2b86d121e994683436,,,
5,5,x[11],True,x[11],0.16129032258064513,9dada49e784601183eb3a1e1723ce2d4,,,
5,5,x[11],True,x[11],0.16129032258064513,9dada49e784601183eb3a1e1723ce2d4,,,
5,5,x[11],True,x[11],0.16129032258064513,9dada49e784601183eb3a1e1723ce2d4,,,
5,5,x[11],True,x[11],0.16129032258064513,9dada49e784601183eb3a1e1723ce2d4,,,
5,5,x[11],True,x[11],0.16129032258064513,9dada49e784601183eb3a1e1723ce2d4,,,
5,5,x[11],True,x[11],0.16129032258064513,9dada49e784601183eb3a1e1723ce2d4,,,
5,5,x[11],True,x[11],0.16129032258064513,9dada49e784601183eb3a1e1723ce2d4,,,
5,5,x[18],True,x[18],0.6451612903225806,6a4c84e0915d9d2b86d121e994683436,,,
5,5,x[11],True,x[11],0.16129032258064513,9dada49e784601183eb3a1e1723ce2d4,,,
5,5,x[11],True,x[11],0.16129032258064513,9dada49e784601183eb3a1e1723ce2d4,,,
5,5,x[13],True,x[13],0.217741935483871,060f7b59fcb1852e9befb4d0292eca15,,,
5,5,x[11],True,x[11],0.16129032258064513,9dada49e784601183eb3a1e1723ce2d4,,,
5,5,x[11],True,x[11],0.16129032258064513,9dada49e784601183eb3a1e1723ce2d4,,,
5,5,x[11],True,x[11],0.16129032258064513,9dada49e784601183eb3a1e1723ce2d4,,,
5,5,x[10],True,x[10],0.24193548387096775,7424f049dcd7de48c5ec487367408f4f,,,
5,5,x[11],True,x[11],0.16129032258064513,9dada49e784601183eb3a1e1723ce2d4,,,
5,5,x[11],True,x[11],0.16129032258064513,9dada49e784601183eb3a1e1723ce2d4,,,
5,5,x[12],True,x[12],0.18548387096774188,0d372214e94f96a8c686509e4d084014,,,
5,5,x[11],True,x[11],0.16129032258064513,9dada49e784601183eb3a1e1723ce2d4,,,
5,5,x[11],True,x[11],0.16129032258064513,9dada49e784601183eb3a1e1723ce2d4,,,
5,5,x[11],True,x[11],0.16129032258064513,9dada49e784601183eb3a1e1723ce2d4,,,
5,5,x[11],True,x[11],0.16129032258064513,9dada49e784601183eb3a1e1723ce2d4,,,
5,5,x[11],True,x[11],0.16129032258064513,9dada49e784601183eb3a1e1723ce2d4,,,
5,5,x[11],True,x[11],0.16129032258064513,9dada49e784601183eb3a1e1723ce2d4,,,
5,5,x[11],True,x[11],0.16129032258064513,9dada49e784601183eb3a1e1723ce2d4,,,
5,5,x[11],True,x[11],0.16129032258064513,9dada49e784601183eb3a1e1723ce2d4,,,
5,5,x[11],True,x[11],0.16129032258064513,9dada49e784601183eb3a1e1723ce2d4,,,
5,5,x[16],True,x[16],0.217741935483871,2b4aec85a499a1f7baf764b48bcf9178,,,
5,5,x[11],True,x[11],0.16129032258064513,9dada49e784601183eb3a1e1723ce2d4,,,
5,5,x[11],True,x[11],0.16129032258064513,9dada49e784601183eb3a1e1723ce2d4,,,
5,5,x[11],True,x[11],0.16129032258064513,9dada49e784601183eb3a1e1723ce2d4,,,
5,5,x[11],True,x[11],0.16129032258064513,9dada49e784601183eb3a1e1723ce2d4,,,
5,5,x[11],True,x[11],0.16129032258064513,9dada49e784601183eb3a1e1723ce2d4,,,
5,5,x[11],True,x[11],0.16129032258064513,9dada49e784601183eb3a1e1723ce2d4,,,
5,5,x[11],True,x[11],0.16129032258064513,9dada49e784601183eb3a1e1723ce2d4,,,
5,5,x[11],True,x[11],0.16129032258064513,9dada49e784601183eb3a1e1723ce2d4,,,
5,5,x[11],True,x[11],0.16129032258064513,9dada49e784601183eb3a1e1723ce2d4,,,
5,5,x[11],True,x[11],0.16129032258064513,9dada49e784601183eb3a1e1723ce2d4,,,
5,5,x[11],True,x[11],0.16129032258064513,9dada49e784601183eb3a1e1723ce2d4,,,
5,5,x[6],True,x[6],0.30645161290322576,d902aea98596abf07e07d9c42be380bf,,,
5,5,x[11],True,x[11],0.16129032258064513,9dada49e784601183eb3a1e1723ce2d4,,,
5,5,x[11],True,x[11],0.16129032258064513,9dada49e784601183eb3a1e1723ce2d4,,,
5,5,x[11],True,x[11],0.16129032258064513,9dada49e784601183eb3a1e1723ce2d4,,,
5,5,x[11],True,x[11],0.16129032258064513,9dada49e784601183eb3a1e1723ce2d4,,,
5,5,x[18],True,x[18],0.6451612903225806,6a4c84e0915d9d2b86d121e994683436,,,
5,5,x[11],True,x[11],0.16129032258064513,9dada49e784601183eb3a1e1723ce2d4,,,
5,5,x[11],True,x[11],0.16129032258064513,9dada49e784601183eb3a1e1723ce2d4,,,
5,5,x[12],True,x[12],0.18548387096774188,0d372214e94f96a8c686509e4d084014,,,
5,5,x[11],True,x[11],0.16129032258064513,9dada49e784601183eb3a1e1723ce2d4,,,
5,5,x[11],True,x[11],0.16129032258064513,9dada49e784601183eb3a1e1723ce2d4,,,
5,5,x[11],True,x[11],0.16129032258064513,9dada49e784601183eb3a1e1723ce2d4,,,
5,5,x[11],True,x[11],0.16129032258064513,9dada49e784601183eb3a1e1723ce2d4,,,
5,5,x[11],True,x[11],0.16129032258064513,9dada49e784601183eb3a1e1723ce2d4,,,
5,5,x[13],True,x[13],0.217741935483871,060f7b59fcb1852e9befb4d0292eca15,,,
5,5,x[11],True,x[11],0.16129032258064513,9dada49e784601183eb3a1e1723ce2d4,,,
5,5,x[11],True,x[11],0.16129032258064513,9dada49e784601183eb3a1e1723ce2d4,,,
5,5,x[11],True,x[11],0.16129032258064513,9dada49e784601183eb3a1e1723ce2d4,,,
5,5,x[11],True,x[11],0.16129032258064513,9dada49e784601183eb3a1e1723ce2d4,,,
5,5,x[1],True,x[1],0.685483870967742,48150b63a14de07ac8ada4efd9d4896c,,,
5,5,x[11],True,x[11],0.16129032258064513,9dada49e784601183eb3a1e1723ce2d4,,,
5,5,x[11],True,x[11],0.16129032258064513,9dada49e784601183eb3a1e1723ce2d4,,,
5,5,x[11],True,x[11],0.16129032258064513,9dada49e784601183eb3a1e1723ce2d4,,,
5,5,x[11],True,x[11],0.16129032258064513,9dada49e784601183eb3a1e1723ce2d4,,,
5,5,x[11],True,x[11],0.16129032258064513,9dada49e784601183eb3a1e1723ce2d4,,,
5,5,x[11],True,x[11],0.16129032258064513,9dada49e784601183eb3a1e1723ce2d4,,,
5,5,x[11],True,x[11],0.16129032258064513,9dada49e784601183eb3a1e1723ce2d4,,,
5,5,x[6],True,x[6],0.30645161290322576,d902aea98596abf07e07d9c42be380bf,,,
5,5,x[11],True,x[11],0.16129032258064513,9dada49e784601183eb3a1e1723ce2d4,,,
5,5,x[11],True,x[11],0.16129032258064513,9dada49e784601183eb3a1e1723ce2d4,,,
5,5,x[11],True,x[11],0.16129032258064513,9dada49e784601183eb3a1e1723ce2d4,,,
5,5,x[11],True,x[11],0.16129032258064513,9dada49e784601183eb3a1e1723ce2d4,,,
5,5,x[11],True,x[11],0.16129032258064513,9dada49e784601183eb3a1e1723ce2d4,,,
5,5,x[14],True,x[14],0.22580645161290325,5184b187f6f474f266ff1a9e52a8b41f,,,
5,5,x[11],True,x[11],0.16129032258064513,9dada49e784601183eb3a1e1723ce2d4,,,
5,5,x[11],True,x[11],0.16129032258064513,9dada49e784601183eb3a1e1723ce2d4,,,
5,5,x[11],True,x[11],0.16129032258064513,9dada49e784601183eb3a1e1723ce2d4,,,
5,5,x[6],True,x[6],0.30645161290322576,d902aea98596abf07e07d9c42be380bf,,,
5,5,x[11],True,x[11],0.16129032258064513,9dada49e784601183eb3a1e1723ce2d4,,,
5,5,x[11],True,x[11],0.16129032258064513,9dada49e784601183eb3a1e1723ce2d4,,,
5,5,x[11],True,x[11],0.16129032258064513,9dada49e784601183eb3a1e1723ce2d4,,,
5,5,x[4],True,x[4],0.49193548387096775,c062f6f76dec194bafe0ddbf91add8d9,,,
5,5,x[9],True,x[9],0.2338709677419355,2e0260aa627dff742f7c723c8367e701,,,
5,5,x[11],True,x[11],0.16129032258064513,9dada49e784601183eb3a1e1723ce2d4,,,
5,5,x[11],True,x[11],0.16129032258064513,9dada49e784601183eb3a1e1723ce2d4,,,
5,5,x[9],True,x[9],0.2338709677419355,2e0260aa627dff742f7c723c8367e701,,,
5,5,x[11],True,x[11],0.16129032258064513,9dada49e784601183eb3a1e1723ce2d4,,,
5,5,x[11],True,x[11],0.16129032258064513,9dada49e784601183eb3a1e1723ce2d4,,,
5,5,x[11],True,x[11],0.16129032258064513,9dada49e784601183eb3a1e1723ce2d4,,,
5,5,x[16],True,x[16],0.217741935483871,2b4aec85a499a1f7baf764b48bcf9178,,,
5,5,x[11],True,x[11],0.16129032258064513,9dada49e784601183eb3a1e1723ce2d4,,,
5,5,x[11],True,x[11],0.16129032258064513,9dada49e784601183eb3a1e1723ce2d4,,,
5,5,x[11],True,x[11],0.16129032258064513,9dada49e784601183eb3a1e1723ce2d4,,,
5,5,x[11],True,x[11],0.16129032258064513,9dada49e784601183eb3a1e1723ce2d4,,,
5,5,x[11],True,x[11],0.16129032258064513,9dada49e784601183eb3a1e1723ce2d4,,,
5,5,x[11],True,x[11],0.16129032258064513,9dada49e784601183eb3a1e1723ce2d4,,,
5,5,x[11],True,x[11],0.16129032258064513,9dada49e784601183eb3a1e1723ce2d4,,,
5,5,x[11],True,x[11],0.16129032258064513,9dada49e784601183eb3a1e1723ce2d4,,,
5,5,x[11],True,x[11],0.16129032258064513,9dada49e784601183eb3a1e1723ce2d4,,,
5,5,x[11],True,x[11],0.16129032258064513,9dada49e784601183eb3a1e1723ce2d4,,,
5,5,x[11],True,x[11],0.16129032258064513,9dada49e784601183eb3a1e1723ce2d4,,,
5,5,x[11],True,x[11],0.16129032258064513,9dada49e784601183eb3a1e1723ce2d4,,,
5,5,x[11],True,x[11],0.16129032258064513,9dada49e784601183eb3a1e1723ce2d4,,,
5,5,x[11],True,x[11],0.16129032258064513,9dada49e784601183eb3a1e1723ce2d4,,,
5,5,x[11],True,x[11],0.16129032258064513,9dada49e784601183eb3a1e1723ce2d4,,,
5,5,x[11],True,x[11],0.16129032258064513,9dada49e784601183eb3a1e1723ce2d4,,,
5,5,x[11],True,x[11],0.16129032258064513,9dada49e784601183eb3a1e1723ce2d4,,,
5,5,x[11],True,x[11],0.16129032258064513,9dada49e784601183eb3a1e1723ce2d4,,,
5,5,x[11],True,x[11],0.16129032258064513,9dada49e784601183eb3a1e1723ce2d4,,,
5,5,x[11],True,x[11],0.16129032258064513,9dada49e784601183eb3a1e1723ce2d4,,,
5,5,x[14],True,x[14],0.22580645161290325,5184b187f6f474f266ff1a9e52a8b41f,,,
5,5,x[11],True,x[11],0.16129032258064513,9dada49e784601183eb3a1e1723ce2d4,,,
5,5,x[11],True,x[11],0.16129032258064513,9dada49e784601183eb3a1e1723ce2d4,,,
5,5,x[11],True,x[11],0.16129032258064513,9dada49e784601183eb3a1e1723ce2d4,,,
5,5,x[11],True,x[11],0.16129032258064513,9dada49e784601183eb3a1e1723ce2d4,,,
5,5,x[11],True,x[11],0.16129032258064513,9dada49e784601183eb3a1e1723ce2d4,,,
5,5,x[11],True,x[11],0.16129032258064513,9dada49e784601183eb3a1e1723ce2d4,,,
5,5,x[6],True,x[6],0.30645161290322576,d902aea98596abf07e07d9c42be380bf,,,
5,5,x[11],True,x[11],0.16129032258064513,9dada49e784601183eb3a1e1723ce2d4,,,
5,5,x[11],True,x[11],0.16129032258064513,9dada49e784601183eb3a1e1723ce2d4,,,
5,5,x[11],True,x[11],0.16129032258064513,9dada49e784601183eb3a1e1723ce2d4,,,
5,5,x[11],True,x[11],0.16129032258064513,9dada49e784601183eb3a1e1723ce2d4,,,
5,5,x[11],True,x[11],0.16129032258064513,9dada49e784601183eb3a1e1723ce2d4,,,
5,5,"not_(and_(x[9],x[9]))",True,not_(x[9]),0.7661290322580645,2ff729779af7bdb0705c3efe96b2b826,,,
5,5,x[11],True,x[11],0.16129032258064513,9dada49e784601183eb3a1e1723ce2d4,,,
5,5,x[11],True,x[11],0.16129032258064513,9dada49e784601183eb3a1e1723ce2d4,,,
5,5,x[11],True,x[11],0.16129032258064513,9dada49e784601183eb3a1e1723ce2d4,,,
5,5,x[11],True,x[11],0.16129032258064513,9dada49e784601183eb3a1e1723ce2d4,,,
5,5,x[11],True,x[11],0.16129032258064513,9dada49e784601183eb3a1e1723ce2d4,,,
5,5,x[18],True,x[18],0.6451612903225806,6a4c84e0915d9d2b86d121e994683436,,,
5,5,x[11],True,x[11],0.16129032258064513,9dada49e784601183eb3a1e1723ce2d4,,,
5,5,x[11],True,x[11],0.16129032258064513,9dada49e784601183eb3a1e1723ce2d4,,,
5,5,"or_(or_(x[15],x[6]),not_(x[9]))",True,"or_(x[13],x[13])",0.217741935483871,36111fea987f400a898cb3f2f5b81685,,,
5,5,x[11],True,x[11],0.16129032258064513,9dada49e784601183eb3a1e1723ce2d4,,,
5,5,x[11],True,x[11],0.16129032258064513,9dada49e784601183eb3a1e1723ce2d4,,,
5,5,x[11],True,x[11],0.16129032258064513,9dada49e784601183eb3a1e1723ce2d4,,,
5,5,x[11],True,x[11],0.16129032258064513,9dada49e784601183eb3a1e1723ce2d4,,,
5,5,x[11],True,x[11],0.16129032258064513,9dada49e784601183eb3a1e1723ce2d4,,,
5,5,x[11],True,x[11],0.16129032258064513,9dada49e784601183eb3a1e1723ce2d4,,,
5,5,x[14],True,x[14],0.22580645161290325,5184b187f6f474f266ff1a9e52a8b41f,,,
5,5,x[11],True,x[11],0.16129032258064513,9dada49e784601183eb3a1e1723ce2d4,,,
5,5,x[11],True,x[11],0.16129032258064513,9dada49e784601183eb3a1e1723ce2d4,,,
5,5,x[11],True,x[11],0.16129032258064513,9dada49e784601183eb3a1e1723ce2d4,,,
5,5,x[16],True,x[16],0.217741935483871,2b4aec85a499a1f7baf764b48bcf9178,,,
5,5,x[11],True,x[11],0.16129032258064513,9dada49e784601183eb3a1e1723ce2d4,,,
5,5,x[8],True,x[8],0.4354838709677419,8c6b56831adf589cc7ca352d27aafe6d,,,
5,5,x[11],True,x[11],0.16129032258064513,9dada49e784601183eb3a1e1723ce2d4,,,
5,5,x[11],True,x[11],0.16129032258064513,9dada49e784601183eb3a1e1723ce2d4,,,
5,5,x[11],True,x[11],0.16129032258064513,9dada49e784601183eb3a1e1723ce2d4,,,
5,5,x[11],True,x[11],0.16129032258064513,9dada49e784601183eb3a1e1723ce2d4,,,
5,5,x[11],True,x[11],0.16129032258064513,9dada49e784601183eb3a1e1723ce2d4,,,
5,5,x[11],True,x[11],0.16129032258064513,9dada49e784601183eb3a1e1723ce2d4,,,
5,5,x[11],True,x[11],0.16129032258064513,9dada49e784601183eb3a1e1723ce2d4,,,
5,5,x[11],True,x[11],0.16129032258064513,9dada49e784601183eb3a1e1723ce2d4,,,
5,5,x[11],True,x[11],0.16129032258064513,9dada49e784601183eb3a1e1723ce2d4,,,
5,5,x[11],True,x[11],0.16129032258064513,9dada49e784601183eb3a1e1723ce2d4,,,
5,5,x[11],True,x[11],0.16129032258064513,9dada49e784601183eb3a1e1723ce2d4,,,
5,5,x[11],True,x[11],0.16129032258064513,9dada49e784601183eb3a1e1723ce2d4,,,
5,5,x[11],True,x[11],0.16129032258064513,9dada49e784601183eb3a1e1723ce2d4,,,
5,5,x[11],True,x[11],0.16129032258064513,9dada49e784601183eb3a1e1723ce2d4,,,
5,5,x[16],True,x[16],0.217741935483871,2b4aec85a499a1f7baf764b48bcf9178,,,
5,5,x[11],True,x[11],0.16129032258064513,9dada49e784601183eb3a1e1723ce2d4,,,
5,5,x[18],True,x[18],0.6451612903225806,6a4c84e0915d9d2b86d121e994683436,,,
5,5,x[11],True,x[11],0.16129032258064513,9dada49e784601183eb3a1e1723ce2d4,,,
5,5,x[12],True,x[12],0.18548387096774188,0d372214e94f96a8c686509e4d084014,,,
5,5,x[11],True,x[11],0.16129032258064513,9dada49e784601183eb3a1e1723ce2d4,,,
5,5,"less_than_or_equal(mul(sub(x[5],x[2]),mul(x[0],x[3])),x[5])",True,"or_(x[13],x[13])",0.217741935483871,36111fea987f400a898cb3f2f5b81685,,,
5,5,x[11],True,x[11],0.16129032258064513,9dada49e784601183eb3a1e1723ce2d4,,,
5,5,x[11],True,x[11],0.16129032258064513,9dada49e784601183eb3a1e1723ce2d4,,,
5,5,x[11],True,x[11],0.16129032258064513,9dada49e784601183eb3a1e1723ce2d4,,,
5,5,x[11],True,x[11],0.16129032258064513,9dada49e784601183eb3a1e1723ce2d4,,,
5,5,x[11],True,x[11],0.16129032258064513,9dada49e784601183eb3a1e1723ce2d4,,,
5,5,x[11],True,x[11],0.16129032258064513,9dada49e784601183eb3a1e1723ce2d4,,,
5,5,x[11],True,x[11],0.16129032258064513,9dada49e784601183eb3a1e1723ce2d4,,,
5,5,x[11],True,x[11],0.16129032258064513,9dada49e784601183eb3a1e1723ce2d4,,,
5,5,x[11],True,x[11],0.16129032258064513,9dada49e784601183eb3a1e1723ce2d4,,,
5,5,x[11],True,x[11],0.16129032258064513,9dada49e784601183eb3a1e1723ce2d4,,,
5,5,x[11],True,x[11],0.16129032258064513,9dada49e784601183eb3a1e1723ce2d4,,,
5,5,x[11],True,x[11],0.16129032258064513,9dada49e784601183eb3a1e1723ce2d4,,,
5,5,x[11],True,x[11],0.16129032258064513,9dada49e784601183eb3a1e1723ce2d4,,,
5,5,x[11],True,x[11],0.16129032258064513,9dada49e784601183eb3a1e1723ce2d4,,,
5,5,x[11],True,x[11],0.16129032258064513,9dada49e784601183eb3a1e1723ce2d4,,,
5,5,x[11],True,x[11],0.16129032258064513,9dada49e784601183eb3a1e1723ce2d4,,,
5,5,x[18],True,x[18],0.6451612903225806,6a4c84e0915d9d2b86d121e994683436,,,
5,5,x[11],True,x[11],0.16129032258064513,9dada49e784601183eb3a1e1723ce2d4,,,
5,5,x[11],True,x[11],0.16129032258064513,9dada49e784601183eb3a1e1723ce2d4,,,
5,5,x[6],True,x[6],0.30645161290322576,d902aea98596abf07e07d9c42be380bf,,,
5,5,x[11],True,x[11],0.16129032258064513,9dada49e784601183eb3a1e1723ce2d4,,,
5,5,x[11],True,x[11],0.16129032258064513,9dada49e784601183eb3a1e1723ce2d4,,,
5,5,x[11],True,x[11],0.16129032258064513,9dada49e784601183eb3a1e1723ce2d4,,,
5,5,x[11],True,x[11],0.16129032258064513,9dada49e784601183eb3a1e1723ce2d4,,,
5,5,x[11],True,x[11],0.16129032258064513,9dada49e784601183eb3a1e1723ce2d4,,,
5,5,x[11],True,x[11],0.16129032258064513,9dada49e784601183eb3a1e1723ce2d4,,,
5,5,x[11],True,x[11],0.16129032258064513,9dada49e784601183eb3a1e1723ce2d4,,,
5,5,x[11],True,x[11],0.16129032258064513,9dada49e784601183eb3a1e1723ce2d4,,,
5,5,x[11],True,x[11],0.16129032258064513,9dada49e784601183eb3a1e1723ce2d4,,,
5,5,x[11],True,x[11],0.16129032258064513,9dada49e784601183eb3a1e1723ce2d4,,,
5,5,x[11],True,x[11],0.16129032258064513,9dada49e784601183eb3a1e1723ce2d4,,,
5,5,x[11],True,x[11],0.16129032258064513,9dada49e784601183eb3a1e1723ce2d4,,,
5,5,x[11],True,x[11],0.16129032258064513,9dada49e784601183eb3a1e1723ce2d4,,,
5,5,x[15],True,x[15],0.22580645161290325,301bd409bd67cc588ceaa53a6f5220a4,,,
5,5,x[11],True,x[11],0.16129032258064513,9dada49e784601183eb3a1e1723ce2d4,,,
5,5,x[11],True,x[11],0.16129032258064513,9dada49e784601183eb3a1e1723ce2d4,,,
5,5,x[11],True,x[11],0.16129032258064513,9dada49e784601183eb3a1e1723ce2d4,,,
5,5,x[11],True,x[11],0.16129032258064513,9dada49e784601183eb3a1e1723ce2d4,,,
5,5,x[11],True,x[11],0.16129032258064513,9dada49e784601183eb3a1e1723ce2d4,,,
5,5,x[11],True,x[11],0.16129032258064513,9dada49e784601183eb3a1e1723ce2d4,,,
5,5,x[11],True,x[11],0.16129032258064513,9dada49e784601183eb3a1e1723ce2d4,,,
5,5,x[11],True,x[11],0.16129032258064513,9dada49e784601183eb3a1e1723ce2d4,,,
5,5,x[11],True,x[11],0.16129032258064513,9dada49e784601183eb3a1e1723ce2d4,,,
5,5,x[18],True,x[18],0.6451612903225806,6a4c84e0915d9d2b86d121e994683436,,,
5,5,x[11],True,x[11],0.16129032258064513,9dada49e784601183eb3a1e1723ce2d4,,,
5,5,x[11],True,x[11],0.16129032258064513,9dada49e784601183eb3a1e1723ce2d4,,,
5,5,x[11],True,x[11],0.16129032258064513,9dada49e784601183eb3a1e1723ce2d4,,,
5,5,x[11],True,x[11],0.16129032258064513,9dada49e784601183eb3a1e1723ce2d4,,,
5,5,x[11],True,x[11],0.16129032258064513,9dada49e784601183eb3a1e1723ce2d4,,,
5,5,x[11],True,x[11],0.16129032258064513,9dada49e784601183eb3a1e1723ce2d4,,,
5,5,x[18],True,x[18],0.6451612903225806,6a4c84e0915d9d2b86d121e994683436,,,
5,5,x[11],True,x[11],0.16129032258064513,9dada49e784601183eb3a1e1723ce2d4,,,
5,5,x[11],True,x[11],0.16129032258064513,9dada49e784601183eb3a1e1723ce2d4,,,
5,5,x[12],True,x[12],0.18548387096774188,0d372214e94f96a8c686509e4d084014,,,
5,5,x[11],True,x[11],0.16129032258064513,9dada49e784601183eb3a1e1723ce2d4,,,
5,5,x[11],True,x[11],0.16129032258064513,9dada49e784601183eb3a1e1723ce2d4,,,
5,5,x[11],True,x[11],0.16129032258064513,9dada49e784601183eb3a1e1723ce2d4,,,
5,5,x[11],True,x[11],0.16129032258064513,9dada49e784601183eb3a1e1723ce2d4,,,
5,5,x[11],True,x[11],0.16129032258064513,9dada49e784601183eb3a1e1723ce2d4,,,
5,5,x[11],True,x[11],0.16129032258064513,9dada49e784601183eb3a1e1723ce2d4,,,
5,5,x[11],True,x[11],0.16129032258064513,9dada49e784601183eb3a1e1723ce2d4,,,
5,5,x[11],True,x[11],0.16129032258064513,9dada49e784601183eb3a1e1723ce2d4,,,
5,5,x[11],True,x[11],0.16129032258064513,9dada49e784601183eb3a1e1723ce2d4,,,
5,5,x[11],True,x[11],0.16129032258064513,9dada49e784601183eb3a1e1723ce2d4,,,
5,5,x[11],True,x[11],0.16129032258064513,9dada49e784601183eb3a1e1723ce2d4,,,
5,5,x[11],True,x[11],0.16129032258064513,9dada49e784601183eb3a1e1723ce2d4,,,
5,5,x[11],True,x[11],0.16129032258064513,9dada49e784601183eb3a1e1723ce2d4,,,
5,5,x[11],True,x[11],0.16129032258064513,9dada49e784601183eb3a1e1723ce2d4,,,
5,5,x[11],True,x[11],0.16129032258064513,9dada49e784601183eb3a1e1723ce2d4,,,
5,5,x[11],True,x[11],0.16129032258064513,9dada49e784601183eb3a1e1723ce2d4,,,
5,5,x[11],True,x[11],0.16129032258064513,9dada49e784601183eb3a1e1723ce2d4,,,
5,5,x[11],True,x[11],0.16129032258064513,9dada49e784601183eb3a1e1723ce2d4,,,
5,5,x[12],True,x[12],0.18548387096774188,0d372214e94f96a8c686509e4d084014,,,
5,5,x[11],True,x[11],0.16129032258064513,9dada49e784601183eb3a1e1723ce2d4,,,
5,5,x[11],True,x[11],0.16129032258064513,9dada49e784601183eb3a1e1723ce2d4,,,
5,5,x[11],True,x[11],0.16129032258064513,9dada49e784601183eb3a1e1723ce2d4,,,
5,5,x[11],True,x[11],0.16129032258064513,9dada49e784601183eb3a1e1723ce2d4,,,
5,5,x[11],True,x[11],0.16129032258064513,9dada49e784601183eb3a1e1723ce2d4,,,
5,5,x[11],True,x[11],0.16129032258064513,9dada49e784601183eb3a1e1723ce2d4,,,
5,5,x[11],True,x[11],0.16129032258064513,9dada49e784601183eb3a1e1723ce2d4,,,
5,5,x[11],True,x[11],0.16129032258064513,9dada49e784601183eb3a1e1723ce2d4,,,
5,5,x[11],True,x[11],0.16129032258064513,9dada49e784601183eb3a1e1723ce2d4,,,
5,5,x[11],True,x[11],0.16129032258064513,9dada49e784601183eb3a1e1723ce2d4,,,
5,5,x[11],True,x[11],0.16129032258064513,9dada49e784601183eb3a1e1723ce2d4,,,
5,5,x[11],True,x[11],0.16129032258064513,9dada49e784601183eb3a1e1723ce2d4,,,
5,5,x[11],True,x[11],0.16129032258064513,9dada49e784601183eb3a1e1723ce2d4,,,
5,5,x[11],True,x[11],0.16129032258064513,9dada49e784601183eb3a1e1723ce2d4,,,
5,5,x[11],True,x[11],0.16129032258064513,9dada49e784601183eb3a1e1723ce2d4,,,
5,5,x[11],True,x[11],0.16129032258064513,9dada49e784601183eb3a1e1723ce2d4,,,
5,5,x[9],True,x[9],0.2338709677419355,2e0260aa627dff742f7c723c8367e701,,,
5,5,x[11],True,x[11],0.16129032258064513,9dada49e784601183eb3a1e1723ce2d4,,,
5,5,x[12],True,x[12],0.18548387096774188,0d372214e94f96a8c686509e4d084014,,,
5,5,x[11],True,x[11],0.16129032258064513,9dada49e784601183eb3a1e1723ce2d4,,,
5,5,x[11],True,x[11],0.16129032258064513,9dada49e784601183eb3a1e1723ce2d4,,,
5,5,x[11],True,x[11],0.16129032258064513,9dada49e784601183eb3a1e1723ce2d4,,,
5,5,x[11],True,x[11],0.16129032258064513,9dada49e784601183eb3a1e1723ce2d4,,,
5,5,x[12],True,x[12],0.18548387096774188,0d372214e94f96a8c686509e4d084014,,,
5,5,x[11],True,x[11],0.16129032258064513,9dada49e784601183eb3a1e1723ce2d4,,,
5,5,x[16],True,x[16],0.217741935483871,2b4aec85a499a1f7baf764b48bcf9178,,,
5,5,x[11],True,x[11],0.16129032258064513,9dada49e784601183eb3a1e1723ce2d4,,,
5,5,x[11],True,x[11],0.16129032258064513,9dada49e784601183eb3a1e1723ce2d4,,,
5,5,x[12],True,x[12],0.18548387096774188,0d372214e94f96a8c686509e4d084014,,,
5,5,x[11],True,x[11],0.16129032258064513,9dada49e784601183eb3a1e1723ce2d4,,,
5,5,x[11],True,x[11],0.16129032258064513,9dada49e784601183eb3a1e1723ce2d4,,,
5,5,x[11],True,x[11],0.16129032258064513,9dada49e784601183eb3a1e1723ce2d4,,,
5,5,x[11],True,x[11],0.16129032258064513,9dada49e784601183eb3a1e1723ce2d4,,,
5,5,x[11],True,x[11],0.16129032258064513,9dada49e784601183eb3a1e1723ce2d4,,,
5,5,x[11],True,x[11],0.16129032258064513,9dada49e784601183eb3a1e1723ce2d4,,,
5,5,x[1],True,x[1],0.685483870967742,48150b63a14de07ac8ada4efd9d4896c,,,
5,5,x[11],True,x[11],0.16129032258064513,9dada49e784601183eb3a1e1723ce2d4,,,
5,5,x[9],True,x[9],0.2338709677419355,2e0260aa627dff742f7c723c8367e701,,,
5,5,x[1],True,x[1],0.685483870967742,48150b63a14de07ac8ada4efd9d4896c,,,
5,5,x[11],True,x[11],0.16129032258064513,9dada49e784601183eb3a1e1723ce2d4,,,
5,5,x[11],True,x[11],0.16129032258064513,9dada49e784601183eb3a1e1723ce2d4,,,
5,5,x[11],True,x[11],0.16129032258064513,9dada49e784601183eb3a1e1723ce2d4,,,
5,6,x[11],True,x[11],0.16129032258064513,9dada49e784601183eb3a1e1723ce2d4,,,
5,6,x[11],True,x[11],0.16129032258064513,9dada49e784601183eb3a1e1723ce2d4,,,
5,6,x[14],True,x[14],0.22580645161290325,5184b187f6f474f266ff1a9e52a8b41f,,,
5,6,x[11],True,x[11],0.16129032258064513,9dada49e784601183eb3a1e1723ce2d4,,,
5,6,x[11],True,x[11],0.16129032258064513,9dada49e784601183eb3a1e1723ce2d4,,,
5,6,x[11],True,x[11],0.16129032258064513,9dada49e784601183eb3a1e1723ce2d4,,,
5,6,x[11],True,x[11],0.16129032258064513,9dada49e784601183eb3a1e1723ce2d4,,,
5,6,x[11],True,x[11],0.16129032258064513,9dada49e784601183eb3a1e1723ce2d4,,,
5,6,x[11],True,x[11],0.16129032258064513,9dada49e784601183eb3a1e1723ce2d4,,,
5,6,x[11],True,x[11],0.16129032258064513,9dada49e784601183eb3a1e1723ce2d4,,,
5,6,x[11],True,x[11],0.16129032258064513,9dada49e784601183eb3a1e1723ce2d4,,,
5,6,x[4],True,x[4],0.49193548387096775,c062f6f76dec194bafe0ddbf91add8d9,,,
5,6,x[11],True,x[11],0.16129032258064513,9dada49e784601183eb3a1e1723ce2d4,,,
5,6,x[11],True,x[11],0.16129032258064513,9dada49e784601183eb3a1e1723ce2d4,,,
5,6,x[11],True,x[11],0.16129032258064513,9dada49e784601183eb3a1e1723ce2d4,,,
5,6,x[11],True,x[11],0.16129032258064513,9dada49e784601183eb3a1e1723ce2d4,,,
5,6,x[11],True,x[11],0.16129032258064513,9dada49e784601183eb3a1e1723ce2d4,,,
5,6,x[11],True,x[11],0.16129032258064513,9dada49e784601183eb3a1e1723ce2d4,,,
5,6,x[11],True,x[11],0.16129032258064513,9dada49e784601183eb3a1e1723ce2d4,,,
5,6,x[12],True,x[12],0.18548387096774188,0d372214e94f96a8c686509e4d084014,,,
5,6,x[11],True,x[11],0.16129032258064513,9dada49e784601183eb3a1e1723ce2d4,,,
5,6,x[11],True,x[11],0.16129032258064513,9dada49e784601183eb3a1e1723ce2d4,,,
5,6,x[11],True,x[11],0.16129032258064513,9dada49e784601183eb3a1e1723ce2d4,,,
5,6,x[11],True,x[11],0.16129032258064513,9dada49e784601183eb3a1e1723ce2d4,,,
5,6,x[11],True,x[11],0.16129032258064513,9dada49e784601183eb3a1e1723ce2d4,,,
5,6,x[11],True,x[11],0.16129032258064513,9dada49e784601183eb3a1e1723ce2d4,,,
5,6,x[9],True,x[9],0.2338709677419355,2e0260aa627dff742f7c723c8367e701,,,
5,6,x[11],True,x[11],0.16129032258064513,9dada49e784601183eb3a1e1723ce2d4,,,
5,6,x[11],True,x[11],0.16129032258064513,9dada49e784601183eb3a1e1723ce2d4,,,
5,6,x[11],True,x[11],0.16129032258064513,9dada49e784601183eb3a1e1723ce2d4,,,
5,6,x[11],True,x[11],0.16129032258064513,9dada49e784601183eb3a1e1723ce2d4,,,
5,6,x[11],True,x[11],0.16129032258064513,9dada49e784601183eb3a1e1723ce2d4,,,
5,6,x[17],True,x[17],0.217741935483871,078a7ef4b1d424e54e976f158f2a5fa5,,,
5,6,x[11],True,x[11],0.16129032258064513,9dada49e784601183eb3a1e1723ce2d4,,,
5,6,x[11],True,x[11],0.16129032258064513,9dada49e784601183eb3a1e1723ce2d4,,,
5,6,x[11],True,x[11],0.16129032258064513,9dada49e784601183eb3a1e1723ce2d4,,,
5,6,x[11],True,x[11],0.16129032258064513,9dada49e784601183eb3a1e1723ce2d4,,,
5,6,x[11],True,x[11],0.16129032258064513,9dada49e784601183eb3a1e1723ce2d4,,,
5,6,x[11],True,x[11],0.16129032258064513,9dada49e784601183eb3a1e1723ce2d4,,,
5,6,x[11],True,x[11],0.16129032258064513,9dada49e784601183eb3a1e1723ce2d4,,,
5,6,x[11],True,x[11],0.16129032258064513,9dada49e784601183eb3a1e1723ce2d4,,,
5,6,x[11],True,x[11],0.16129032258064513,9dada49e784601183eb3a1e1723ce2d4,,,
5,6,x[11],True,x[11],0.16129032258064513,9dada49e784601183eb3a1e1723ce2d4,,,
5,6,x[18],True,x[18],0.6451612903225806,6a4c84e0915d9d2b86d121e994683436,,,
5,6,x[6],True,x[6],0.30645161290322576,d902aea98596abf07e07d9c42be380bf,,,
5,6,x[11],True,x[11],0.16129032258064513,9dada49e784601183eb3a1e1723ce2d4,,,
5,6,x[11],True,x[11],0.16129032258064513,9dada49e784601183eb3a1e1723ce2d4,,,
5,6,x[11],True,x[11],0.16129032258064513,9dada49e784601183eb3a1e1723ce2d4,,,
5,6,x[11],True,x[11],0.16129032258064513,9dada49e784601183eb3a1e1723ce2d4,,,
5,6,x[11],True,x[11],0.16129032258064513,9dada49e784601183eb3a1e1723ce2d4,,,
5,6,x[11],True,x[11],0.16129032258064513,9dada49e784601183eb3a1e1723ce2d4,,,
5,6,x[11],True,x[11],0.16129032258064513,9dada49e784601183eb3a1e1723ce2d4,,,
5,6,x[11],True,x[11],0.16129032258064513,9dada49e784601183eb3a1e1723ce2d4,,,
5,6,x[11],True,x[11],0.16129032258064513,9dada49e784601183eb3a1e1723ce2d4,,,
5,6,x[11],True,x[11],0.16129032258064513,9dada49e784601183eb3a1e1723ce2d4,,,
5,6,x[11],True,x[11],0.16129032258064513,9dada49e784601183eb3a1e1723ce2d4,,,
5,6,x[11],True,x[11],0.16129032258064513,9dada49e784601183eb3a1e1723ce2d4,,,
5,6,x[11],True,x[11],0.16129032258064513,9dada49e784601183eb3a1e1723ce2d4,,,
5,6,x[18],True,x[18],0.6451612903225806,6a4c84e0915d9d2b86d121e994683436,,,
5,6,x[11],True,x[11],0.16129032258064513,9dada49e784601183eb3a1e1723ce2d4,,,
5,6,x[11],True,x[11],0.16129032258064513,9dada49e784601183eb3a1e1723ce2d4,,,
5,6,x[15],True,x[15],0.22580645161290325,301bd409bd67cc588ceaa53a6f5220a4,,,
5,6,x[11],True,x[11],0.16129032258064513,9dada49e784601183eb3a1e1723ce2d4,,,
5,6,x[6],True,x[6],0.30645161290322576,d902aea98596abf07e07d9c42be380bf,,,
5,6,x[11],True,x[11],0.16129032258064513,9dada49e784601183eb3a1e1723ce2d4,,,
5,6,x[11],True,x[11],0.16129032258064513,9dada49e784601183eb3a1e1723ce2d4,,,
5,6,x[11],True,x[11],0.16129032258064513,9dada49e784601183eb3a1e1723ce2d4,,,
5,6,x[14],True,x[14],0.22580645161290325,5184b187f6f474f266ff1a9e52a8b41f,,,
5,6,"not_(and_(and_(and_(x[9],x[9]),not_(not_(x[6]))),x[13]))",False,,,19db40e436fbb8e084084b580d0c3f6e,0.6693548387096775,False,0.0
5,6,x[11],True,x[11],0.16129032258064513,9dada49e784601183eb3a1e1723ce2d4,,,
5,6,x[11],True,x[11],0.16129032258064513,9dada49e784601183eb3a1e1723ce2d4,,,
5,6,x[11],True,x[11],0.16129032258064513,9dada49e784601183eb3a1e1723ce2d4,,,
5,6,x[11],True,x[11],0.16129032258064513,9dada49e784601183eb3a1e1723ce2d4,,,
5,6,"not_(and_(x[1],and_(x[11],x[17])))",True,not_(x[1]),0.3145161290322581,7aeff960cf9876cf57a7621c06709fe5,,,
5,6,x[11],True,x[11],0.16129032258064513,9dada49e784601183eb3a1e1723ce2d4,,,
5,6,x[11],True,x[11],0.16129032258064513,9dada49e784601183eb3a1e1723ce2d4,,,
5,6,x[11],True,x[11],0.16129032258064513,9dada49e784601183eb3a1e1723ce2d4,,,
5,6,x[11],True,x[11],0.16129032258064513,9dada49e784601183eb3a1e1723ce2d4,,,
5,6,x[11],True,x[11],0.16129032258064513,9dada49e784601183eb3a1e1723ce2d4,,,
5,6,x[11],True,x[11],0.16129032258064513,9dada49e784601183eb3a1e1723ce2d4,,,
5,6,x[11],True,x[11],0.16129032258064513,9dada49e784601183eb3a1e1723ce2d4,,,
5,6,x[11],True,x[11],0.16129032258064513,9dada49e784601183eb3a1e1723ce2d4,,,
5,6,x[11],True,x[11],0.16129032258064513,9dada49e784601183eb3a1e1723ce2d4,,,
5,6,x[11],True,x[11],0.16129032258064513,9dada49e784601183eb3a1e1723ce2d4,,,
5,6,x[11],True,x[11],0.16129032258064513,9dada49e784601183eb3a1e1723ce2d4,,,
5,6,x[11],True,x[11],0.16129032258064513,9dada49e784601183eb3a1e1723ce2d4,,,
5,6,x[11],True,x[11],0.16129032258064513,9dada49e784601183eb3a1e1723ce2d4,,,
5,6,x[11],True,x[11],0.16129032258064513,9dada49e784601183eb3a1e1723ce2d4,,,
5,6,x[11],True,x[11],0.16129032258064513,9dada49e784601183eb3a1e1723ce2d4,,,
5,6,x[11],True,x[11],0.16129032258064513,9dada49e784601183eb3a1e1723ce2d4,,,
5,6,x[11],True,x[11],0.16129032258064513,9dada49e784601183eb3a1e1723ce2d4,,,
5,6,x[11],True,x[11],0.16129032258064513,9dada49e784601183eb3a1e1723ce2d4,,,
5,6,x[11],True,x[11],0.16129032258064513,9dada49e784601183eb3a1e1723ce2d4,,,
5,6,x[11],True,x[11],0.16129032258064513,9dada49e784601183eb3a1e1723ce2d4,,,
5,6,x[11],True,x[11],0.16129032258064513,9dada49e784601183eb3a1e1723ce2d4,,,
5,6,x[11],True,x[11],0.16129032258064513,9dada49e784601183eb3a1e1723ce2d4,,,
5,6,x[11],True,x[11],0.16129032258064513,9dada49e784601183eb3a1e1723ce2d4,,,
5,6,x[11],True,x[11],0.16129032258064513,9dada49e784601183eb3a1e1723ce2d4,,,
5,6,x[11],True,x[11],0.16129032258064513,9dada49e784601183eb3a1e1723ce2d4,,,
5,6,x[11],True,x[11],0.16129032258064513,9dada49e784601183eb3a1e1723ce2d4,,,
5,6,x[9],True,x[9],0.2338709677419355,2e0260aa627dff742f7c723c8367e701,,,
5,6,x[10],True,x[10],0.24193548387096775,7424f049dcd7de48c5ec487367408f4f,,,
5,6,x[11],True,x[11],0.16129032258064513,9dada49e784601183eb3a1e1723ce2d4,,,
5,6,x[11],True,x[11],0.16129032258064513,9dada49e784601183eb3a1e1723ce2d4,,,
5,6,x[11],True,x[11],0.16129032258064513,9dada49e784601183eb3a1e1723ce2d4,,,
5,6,x[11],True,x[11],0.16129032258064513,9dada49e784601183eb3a1e1723ce2d4,,,
5,6,x[11],True,x[11],0.16129032258064513,9dada49e784601183eb3a1e1723ce2d4,,,
5,6,x[11],True,x[11],0.16129032258064513,9dada49e784601183eb3a1e1723ce2d4,,,
5,6,x[11],True,x[11],0.16129032258064513,9dada49e784601183eb3a1e1723ce2d4,,,
5,6,x[11],True,x[11],0.16129032258064513,9dada49e784601183eb3a1e1723ce2d4,,,
5,6,x[11],True,x[11],0.16129032258064513,9dada49e784601183eb3a1e1723ce2d4,,,
5,6,x[11],True,x[11],0.16129032258064513,9dada49e784601183eb3a1e1723ce2d4,,,
5,6,x[11],True,x[11],0.16129032258064513,9dada49e784601183eb3a1e1723ce2d4,,,
5,6,x[11],True,x[11],0.16129032258064513,9dada49e784601183eb3a1e1723ce2d4,,,
5,6,x[11],True,x[11],0.16129032258064513,9dada49e784601183eb3a1e1723ce2d4,,,
5,6,x[11],True,x[11],0.16129032258064513,9dada49e784601183eb3a1e1723ce2d4,,,
5,6,x[11],True,x[11],0.16129032258064513,9dada49e784601183eb3a1e1723ce2d4,,,
5,6,x[11],True,x[11],0.16129032258064513,9dada49e784601183eb3a1e1723ce2d4,,,
5,6,x[11],True,x[11],0.16129032258064513,9dada49e784601183eb3a1e1723ce2d4,,,
5,6,x[11],True,x[11],0.16129032258064513,9dada49e784601183eb3a1e1723ce2d4,,,
5,6,x[11],True,x[11],0.16129032258064513,9dada49e784601183eb3a1e1723ce2d4,,,
5,6,x[11],True,x[11],0.16129032258064513,9dada49e784601183eb3a1e1723ce2d4,,,
5,6,x[11],True,x[11],0.16129032258064513,9dada49e784601183eb3a1e1723ce2d4,,,
5,6,x[11],True,x[11],0.16129032258064513,9dada49e784601183eb3a1e1723ce2d4,,,
5,6,x[10],True,x[10],0.24193548387096775,7424f049dcd7de48c5ec487367408f4f,,,
5,6,x[11],True,x[11],0.16129032258064513,9dada49e784601183eb3a1e1723ce2d4,,,
5,6,x[10],True,x[10],0.24193548387096775,7424f049dcd7de48c5ec487367408f4f,,,
5,6,x[11],True,x[11],0.16129032258064513,9dada49e784601183eb3a1e1723ce2d4,,,
5,6,x[11],True,x[11],0.16129032258064513,9dada49e784601183eb3a1e1723ce2d4,,,
5,6,x[11],True,x[11],0.16129032258064513,9dada49e784601183eb3a1e1723ce2d4,,,
5,6,x[11],True,x[11],0.16129032258064513,9dada49e784601183eb3a1e1723ce2d4,,,
5,6,x[11],True,x[11],0.16129032258064513,9dada49e784601183eb3a1e1723ce2d4,,,
5,6,x[11],True,x[11],0.16129032258064513,9dada49e784601183eb3a1e1723ce2d4,,,
5,6,x[11],True,x[11],0.16129032258064513,9dada49e784601183eb3a1e1723ce2d4,,,
5,6,x[11],True,x[11],0.16129032258064513,9dada49e784601183eb3a1e1723ce2d4,,,
5,6,x[11],True,x[11],0.16129032258064513,9dada49e784601183eb3a1e1723ce2d4,,,
5,6,x[11],True,x[11],0.16129032258064513,9dada49e784601183eb3a1e1723ce2d4,,,
5,6,x[11],True,x[11],0.16129032258064513,9dada49e784601183eb3a1e1723ce2d4,,,
5,6,x[11],True,x[11],0.16129032258064513,9dada49e784601183eb3a1e1723ce2d4,,,
5,6,x[11],True,x[11],0.16129032258064513,9dada49e784601183eb3a1e1723ce2d4,,,
5,6,x[11],True,x[11],0.16129032258064513,9dada49e784601183eb3a1e1723ce2d4,,,
5,6,x[11],True,x[11],0.16129032258064513,9dada49e784601183eb3a1e1723ce2d4,,,
5,6,x[11],True,x[11],0.16129032258064513,9dada49e784601183eb3a1e1723ce2d4,,,
5,6,x[11],True,x[11],0.16129032258064513,9dada49e784601183eb3a1e1723ce2d4,,,
5,6,x[11],True,x[11],0.16129032258064513,9dada49e784601183eb3a1e1723ce2d4,,,
5,6,x[9],True,x[9],0.2338709677419355,2e0260aa627dff742f7c723c8367e701,,,
5,6,x[11],True,x[11],0.16129032258064513,9dada49e784601183eb3a1e1723ce2d4,,,
5,6,x[11],True,x[11],0.16129032258064513,9dada49e784601183eb3a1e1723ce2d4,,,
5,6,x[11],True,x[11],0.16129032258064513,9dada49e784601183eb3a1e1723ce2d4,,,
5,6,"or_(or_(x[15],x[6]),not_(x[9]))",True,"or_(x[13],x[13])",0.217741935483871,36111fea987f400a898cb3f2f5b81685,,,
5,6,x[11],True,x[11],0.16129032258064513,9dada49e784601183eb3a1e1723ce2d4,,,
5,6,x[11],True,x[11],0.16129032258064513,9dada49e784601183eb3a1e1723ce2d4,,,
5,6,x[11],True,x[11],0.16129032258064513,9dada49e784601183eb3a1e1723ce2d4,,,
5,6,x[1],True,x[1],0.685483870967742,48150b63a14de07ac8ada4efd9d4896c,,,
5,6,x[16],True,x[16],0.217741935483871,2b4aec85a499a1f7baf764b48bcf9178,,,
5,6,x[11],True,x[11],0.16129032258064513,9dada49e784601183eb3a1e1723ce2d4,,,
5,6,x[11],True,x[11],0.16129032258064513,9dada49e784601183eb3a1e1723ce2d4,,,
5,6,x[11],True,x[11],0.16129032258064513,9dada49e784601183eb3a1e1723ce2d4,,,
5,6,x[11],True,x[11],0.16129032258064513,9dada49e784601183eb3a1e1723ce2d4,,,
5,6,x[11],True,x[11],0.16129032258064513,9dada49e784601183eb3a1e1723ce2d4,,,
5,6,x[11],True,x[11],0.16129032258064513,9dada49e784601183eb3a1e1723ce2d4,,,
5,6,x[11],True,x[11],0.16129032258064513,9dada49e784601183eb3a1e1723ce2d4,,,
5,6,x[11],True,x[11],0.16129032258064513,9dada49e784601183eb3a1e1723ce2d4,,,
5,6,x[11],True,x[11],0.16129032258064513,9dada49e784601183eb3a1e1723ce2d4,,,
5,6,x[9],True,x[9],0.2338709677419355,2e0260aa627dff742f7c723c8367e701,,,
5,6,x[11],True,x[11],0.16129032258064513,9dada49e784601183eb3a1e1723ce2d4,,,
5,6,x[11],True,x[11],0.16129032258064513,9dada49e784601183eb3a1e1723ce2d4,,,
5,6,x[11],True,x[11],0.16129032258064513,9dada49e784601183eb3a1e1723ce2d4,,,
5,6,x[11],True,x[11],0.16129032258064513,9dada49e784601183eb3a1e1723ce2d4,,,
5,6,x[11],True,x[11],0.16129032258064513,9dada49e784601183eb3a1e1723ce2d4,,,
5,6,x[11],True,x[11],0.16129032258064513,9dada49e784601183eb3a1e1723ce2d4,,,
5,6,x[11],True,x[11],0.16129032258064513,9dada49e784601183eb3a1e1723ce2d4,,,
5,6,x[11],True,x[11],0.16129032258064513,9dada49e784601183eb3a1e1723ce2d4,,,
5,6,x[11],True,x[11],0.16129032258064513,9dada49e784601183eb3a1e1723ce2d4,,,
5,6,x[11],True,x[11],0.16129032258064513,9dada49e784601183eb3a1e1723ce2d4,,,
5,6,x[11],True,x[11],0.16129032258064513,9dada49e784601183eb3a1e1723ce2d4,,,
5,6,x[11],True,x[11],0.16129032258064513,9dada49e784601183eb3a1e1723ce2d4,,,
5,6,x[11],True,x[11],0.16129032258064513,9dada49e784601183eb3a1e1723ce2d4,,,
5,6,x[11],True,x[11],0.16129032258064513,9dada49e784601183eb3a1e1723ce2d4,,,
5,6,x[11],True,x[11],0.16129032258064513,9dada49e784601183eb3a1e1723ce2d4,,,
5,6,x[11],True,x[11],0.16129032258064513,9dada49e784601183eb3a1e1723ce2d4,,,
5,6,x[11],True,x[11],0.16129032258064513,9dada49e784601183eb3a1e1723ce2d4,,,
5,6,x[11],True,x[11],0.16129032258064513,9dada49e784601183eb3a1e1723ce2d4,,,
5,6,x[11],True,x[11],0.16129032258064513,9dada49e784601183eb3a1e1723ce2d4,,,
5,6,x[11],True,x[11],0.16129032258064513,9dada49e784601183eb3a1e1723ce2d4,,,
5,6,x[11],True,x[11],0.16129032258064513,9dada49e784601183eb3a1e1723ce2d4,,,
5,6,x[11],True,x[11],0.16129032258064513,9dada49e784601183eb3a1e1723ce2d4,,,
5,6,x[6],True,x[6],0.30645161290322576,d902aea98596abf07e07d9c42be380bf,,,
5,6,x[11],True,x[11],0.16129032258064513,9dada49e784601183eb3a1e1723ce2d4,,,
5,6,x[11],True,x[11],0.16129032258064513,9dada49e784601183eb3a1e1723ce2d4,,,
5,6,x[11],True,x[11],0.16129032258064513,9dada49e784601183eb3a1e1723ce2d4,,,
5,6,x[11],True,x[11],0.16129032258064513,9dada49e784601183eb3a1e1723ce2d4,,,
5,6,x[14],True,x[14],0.22580645161290325,5184b187f6f474f266ff1a9e52a8b41f,,,
5,6,x[11],True,x[11],0.16129032258064513,9dada49e784601183eb3a1e1723ce2d4,,,
5,6,x[11],True,x[11],0.16129032258064513,9dada49e784601183eb3a1e1723ce2d4,,,
5,6,x[11],True,x[11],0.16129032258064513,9dada49e784601183eb3a1e1723ce2d4,,,
5,6,x[11],True,x[11],0.16129032258064513,9dada49e784601183eb3a1e1723ce2d4,,,
5,6,x[11],True,x[11],0.16129032258064513,9dada49e784601183eb3a1e1723ce2d4,,,
5,6,x[11],True,x[11],0.16129032258064513,9dada49e784601183eb3a1e1723ce2d4,,,
5,6,x[11],True,x[11],0.16129032258064513,9dada49e784601183eb3a1e1723ce2d4,,,
5,6,x[11],True,x[11],0.16129032258064513,9dada49e784601183eb3a1e1723ce2d4,,,
5,6,x[9],True,x[9],0.2338709677419355,2e0260aa627dff742f7c723c8367e701,,,
5,6,x[14],True,x[14],0.22580645161290325,5184b187f6f474f266ff1a9e52a8b41f,,,
5,6,x[11],True,x[11],0.16129032258064513,9dada49e784601183eb3a1e1723ce2d4,,,
5,6,x[11],True,x[11],0.16129032258064513,9dada49e784601183eb3a1e1723ce2d4,,,
5,6,x[9],True,x[9],0.2338709677419355,2e0260aa627dff742f7c723c8367e701,,,
5,6,x[11],True,x[11],0.16129032258064513,9dada49e784601183eb3a1e1723ce2d4,,,
5,6,x[9],True,x[9],0.2338709677419355,2e0260aa627dff742f7c723c8367e701,,,
5,6,x[11],True,x[11],0.16129032258064513,9dada49e784601183eb3a1e1723ce2d4,,,
5,6,x[11],True,x[11],0.16129032258064513,9dada49e784601183eb3a1e1723ce2d4,,,
5,6,x[9],True,x[9],0.2338709677419355,2e0260aa627dff742f7c723c8367e701,,,
5,6,x[11],True,x[11],0.16129032258064513,9dada49e784601183eb3a1e1723ce2d4,,,
5,6,x[11],True,x[11],0.16129032258064513,9dada49e784601183eb3a1e1723ce2d4,,,
5,6,x[11],True,x[11],0.16129032258064513,9dada49e784601183eb3a1e1723ce2d4,,,
5,6,x[11],True,x[11],0.16129032258064513,9dada49e784601183eb3a1e1723ce2d4,,,
5,6,x[11],True,x[11],0.16129032258064513,9dada49e784601183eb3a1e1723ce2d4,,,
5,6,x[11],True,x[11],0.16129032258064513,9dada49e784601183eb3a1e1723ce2d4,,,
5,6,x[11],True,x[11],0.16129032258064513,9dada49e784601183eb3a1e1723ce2d4,,,
5,6,x[11],True,x[11],0.16129032258064513,9dada49e784601183eb3a1e1723ce2d4,,,
5,6,x[11],True,x[11],0.16129032258064513,9dada49e784601183eb3a1e1723ce2d4,,,
5,6,x[11],True,x[11],0.16129032258064513,9dada49e784601183eb3a1e1723ce2d4,,,
5,6,x[12],True,x[12],0.18548387096774188,0d372214e94f96a8c686509e4d084014,,,
5,6,x[11],True,x[11],0.16129032258064513,9dada49e784601183eb3a1e1723ce2d4,,,
5,6,x[11],True,x[11],0.16129032258064513,9dada49e784601183eb3a1e1723ce2d4,,,
5,6,x[11],True,x[11],0.16129032258064513,9dada49e784601183eb3a1e1723ce2d4,,,
5,6,x[16],True,x[16],0.217741935483871,2b4aec85a499a1f7baf764b48bcf9178,,,
5,6,x[11],True,x[11],0.16129032258064513,9dada49e784601183eb3a1e1723ce2d4,,,
5,6,x[11],True,x[11],0.16129032258064513,9dada49e784601183eb3a1e1723ce2d4,,,
5,6,x[11],True,x[11],0.16129032258064513,9dada49e784601183eb3a1e1723ce2d4,,,
5,6,x[11],True,x[11],0.16129032258064513,9dada49e784601183eb3a1e1723ce2d4,,,
5,6,x[11],True,x[11],0.16129032258064513,9dada49e784601183eb3a1e1723ce2d4,,,
5,6,x[11],True,x[11],0.16129032258064513,9dada49e784601183eb3a1e1723ce2d4,,,
5,6,x[11],True,x[11],0.16129032258064513,9dada49e784601183eb3a1e1723ce2d4,,,
5,6,x[11],True,x[11],0.16129032258064513,9dada49e784601183eb3a1e1723ce2d4,,,
5,6,x[11],True,x[11],0.16129032258064513,9dada49e784601183eb3a1e1723ce2d4,,,
5,6,x[11],True,x[11],0.16129032258064513,9dada49e784601183eb3a1e1723ce2d4,,,
5,6,x[11],True,x[11],0.16129032258064513,9dada49e784601183eb3a1e1723ce2d4,,,
5,6,x[11],True,x[11],0.16129032258064513,9dada49e784601183eb3a1e1723ce2d4,,,
5,6,x[11],True,x[11],0.16129032258064513,9dada49e784601183eb3a1e1723ce2d4,,,
5,6,x[11],True,x[11],0.16129032258064513,9dada49e784601183eb3a1e1723ce2d4,,,
5,6,x[11],True,x[11],0.16129032258064513,9dada49e784601183eb3a1e1723ce2d4,,,
5,6,x[11],True,x[11],0.16129032258064513,9dada49e784601183eb3a1e1723ce2d4,,,
5,6,x[11],True,x[11],0.16129032258064513,9dada49e784601183eb3a1e1723ce2d4,,,
5,6,x[11],True,x[11],0.16129032258064513,9dada49e784601183eb3a1e1723ce2d4,,,
5,6,x[11],True,x[11],0.16129032258064513,9dada49e784601183eb3a1e1723ce2d4,,,
5,6,x[11],True,x[11],0.16129032258064513,9dada49e784601183eb3a1e1723ce2d4,,,
5,6,x[11],True,x[11],0.16129032258064513,9dada49e784601183eb3a1e1723ce2d4,,,
5,6,x[11],True,x[11],0.16129032258064513,9dada49e784601183eb3a1e1723ce2d4,,,
5,6,x[11],True,x[11],0.16129032258064513,9dada49e784601183eb3a1e1723ce2d4,,,
5,6,x[11],True,x[11],0.16129032258064513,9dada49e784601183eb3a1e1723ce2d4,,,
5,6,x[11],True,x[11],0.16129032258064513,9dada49e784601183eb3a1e1723ce2d4,,,
5,6,x[11],True,x[11],0.16129032258064513,9dada49e784601183eb3a1e1723ce2d4,,,
5,6,x[11],True,x[11],0.16129032258064513,9dada49e784601183eb3a1e1723ce2d4,,,
5,6,x[11],True,x[11],0.16129032258064513,9dada49e784601183eb3a1e1723ce2d4,,,
5,6,x[11],True,x[11],0.16129032258064513,9dada49e784601183eb3a1e1723ce2d4,,,
5,6,x[11],True,x[11],0.16129032258064513,9dada49e784601183eb3a1e1723ce2d4,,,
5,6,x[11],True,x[11],0.16129032258064513,9dada49e784601183eb3a1e1723ce2d4,,,
5,6,x[18],True,x[18],0.6451612903225806,6a4c84e0915d9d2b86d121e994683436,,,
5,6,x[11],True,x[11],0.16129032258064513,9dada49e784601183eb3a1e1723ce2d4,,,
5,6,x[16],True,x[16],0.217741935483871,2b4aec85a499a1f7baf764b48bcf9178,,,
5,6,x[11],True,x[11],0.16129032258064513,9dada49e784601183eb3a1e1723ce2d4,,,
5,6,x[11],True,x[11],0.16129032258064513,9dada49e784601183eb3a1e1723ce2d4,,,
5,6,x[11],True,x[11],0.16129032258064513,9dada49e784601183eb3a1e1723ce2d4,,,
5,6,x[11],True,x[11],0.16129032258064513,9dada49e784601183eb3a1e1723ce2d4,,,
5,6,x[11],True,x[11],0.16129032258064513,9dada49e784601183eb3a1e1723ce2d4,,,
5,6,x[11],True,x[11],0.16129032258064513,9dada49e784601183eb3a1e1723ce2d4,,,
5,6,x[11],True,x[11],0.16129032258064513,9dada49e784601183eb3a1e1723ce2d4,,,
5,6,x[11],True,x[11],0.16129032258064513,9dada49e784601183eb3a1e1723ce2d4,,,
5,6,x[11],True,x[11],0.16129032258064513,9dada49e784601183eb3a1e1723ce2d4,,,
5,6,x[11],True,x[11],0.16129032258064513,9dada49e784601183eb3a1e1723ce2d4,,,
5,6,x[11],True,x[11],0.16129032258064513,9dada49e784601183eb3a1e1723ce2d4,,,
5,6,x[11],True,x[11],0.16129032258064513,9dada49e784601183eb3a1e1723ce2d4,,,
5,6,x[11],True,x[11],0.16129032258064513,9dada49e784601183eb3a1e1723ce2d4,,,
5,6,x[11],True,x[11],0.16129032258064513,9dada49e784601183eb3a1e1723ce2d4,,,
5,6,x[11],True,x[11],0.16129032258064513,9dada49e784601183eb3a1e1723ce2d4,,,
5,6,x[11],True,x[11],0.16129032258064513,9dada49e784601183eb3a1e1723ce2d4,,,
5,6,x[14],True,x[14],0.22580645161290325,5184b187f6f474f266ff1a9e52a8b41f,,,
5,6,"not_(and_(or_(and_(x[4],x[12]),or_(x[17],x[17])),x[12]))",True,not_(x[12]),0.814516129032258,32f35d718795303ec1ec128f1bc8295b,,,
5,6,x[11],True,x[11],0.16129032258064513,9dada49e784601183eb3a1e1723ce2d4,,,
5,6,x[12],True,x[12],0.18548387096774188,0d372214e94f96a8c686509e4d084014,,,
5,6,x[11],True,x[11],0.16129032258064513,9dada49e784601183eb3a1e1723ce2d4,,,
5,6,x[12],True,x[12],0.18548387096774188,0d372214e94f96a8c686509e4d084014,,,
5,6,x[11],True,x[11],0.16129032258064513,9dada49e784601183eb3a1e1723ce2d4,,,
5,6,x[11],True,x[11],0.16129032258064513,9dada49e784601183eb3a1e1723ce2d4,,,
5,6,x[11],True,x[11],0.16129032258064513,9dada49e784601183eb3a1e1723ce2d4,,,
5,6,x[11],True,x[11],0.16129032258064513,9dada49e784601183eb3a1e1723ce2d4,,,
5,6,x[9],True,x[9],0.2338709677419355,2e0260aa627dff742f7c723c8367e701,,,
5,6,x[11],True,x[11],0.16129032258064513,9dada49e784601183eb3a1e1723ce2d4,,,
5,6,x[11],True,x[11],0.16129032258064513,9dada49e784601183eb3a1e1723ce2d4,,,
5,6,x[11],True,x[11],0.16129032258064513,9dada49e784601183eb3a1e1723ce2d4,,,
5,6,x[10],True,x[10],0.24193548387096775,7424f049dcd7de48c5ec487367408f4f,,,
5,6,x[11],True,x[11],0.16129032258064513,9dada49e784601183eb3a1e1723ce2d4,,,
5,6,x[11],True,x[11],0.16129032258064513,9dada49e784601183eb3a1e1723ce2d4,,,
5,6,x[11],True,x[11],0.16129032258064513,9dada49e784601183eb3a1e1723ce2d4,,,
5,6,x[11],True,x[11],0.16129032258064513,9dada49e784601183eb3a1e1723ce2d4,,,
5,6,x[8],True,x[8],0.4354838709677419,8c6b56831adf589cc7ca352d27aafe6d,,,
5,6,x[11],True,x[11],0.16129032258064513,9dada49e784601183eb3a1e1723ce2d4,,,
5,6,x[11],True,x[11],0.16129032258064513,9dada49e784601183eb3a1e1723ce2d4,,,
5,6,x[11],True,x[11],0.16129032258064513,9dada49e784601183eb3a1e1723ce2d4,,,
5,6,x[11],True,x[11],0.16129032258064513,9dada49e784601183eb3a1e1723ce2d4,,,
5,6,x[11],True,x[11],0.16129032258064513,9dada49e784601183eb3a1e1723ce2d4,,,
5,6,x[11],True,x[11],0.16129032258064513,9dada49e784601183eb3a1e1723ce2d4,,,
5,6,x[11],True,x[11],0.16129032258064513,9dada49e784601183eb3a1e1723ce2d4,,,
5,6,x[11],True,x[11],0.16129032258064513,9dada49e784601183eb3a1e1723ce2d4,,,
5,6,x[11],True,x[11],0.16129032258064513,9dada49e784601183eb3a1e1723ce2d4,,,
5,6,x[11],True,x[11],0.16129032258064513,9dada49e784601183eb3a1e1723ce2d4,,,
5,6,x[11],True,x[11],0.16129032258064513,9dada49e784601183eb3a1e1723ce2d4,,,
5,6,x[11],True,x[11],0.16129032258064513,9dada49e784601183eb3a1e1723ce2d4,,,
5,6,x[11],True,x[11],0.16129032258064513,9dada49e784601183eb3a1e1723ce2d4,,,
5,6,x[11],True,x[11],0.16129032258064513,9dada49e784601183eb3a1e1723ce2d4,,,
5,6,x[11],True,x[11],0.16129032258064513,9dada49e784601183eb3a1e1723ce2d4,,,
5,6,x[6],True,x[6],0.30645161290322576,d902aea98596abf07e07d9c42be380bf,,,
5,6,x[11],True,x[11],0.16129032258064513,9dada49e784601183eb3a1e1723ce2d4,,,
5,6,x[11],True,x[11],0.16129032258064513,9dada49e784601183eb3a1e1723ce2d4,,,
5,6,x[17],True,x[17],0.217741935483871,078a7ef4b1d424e54e976f158f2a5fa5,,,
5,6,x[11],True,x[11],0.16129032258064513,9dada49e784601183eb3a1e1723ce2d4,,,
5,6,x[11],True,x[11],0.16129032258064513,9dada49e784601183eb3a1e1723ce2d4,,,
5,6,x[18],True,x[18],0.6451612903225806,6a4c84e0915d9d2b86d121e994683436,,,
5,6,x[11],True,x[11],0.16129032258064513,9dada49e784601183eb3a1e1723ce2d4,,,
5,6,x[11],True,x[11],0.16129032258064513,9dada49e784601183eb3a1e1723ce2d4,,,
5,6,x[11],True,x[11],0.16129032258064513,9dada49e784601183eb3a1e1723ce2d4,,,
5,6,x[11],True,x[11],0.16129032258064513,9dada49e784601183eb3a1e1723ce2d4,,,
5,6,x[11],True,x[11],0.16129032258064513,9dada49e784601183eb3a1e1723ce2d4,,,
5,6,x[11],True,x[11],0.16129032258064513,9dada49e784601183eb3a1e1723ce2d4,,,
5,6,x[11],True,x[11],0.16129032258064513,9dada49e784601183eb3a1e1723ce2d4,,,
5,6,x[11],True,x[11],0.16129032258064513,9dada49e784601183eb3a1e1723ce2d4,,,
5,6,x[11],True,x[11],0.16129032258064513,9dada49e784601183eb3a1e1723ce2d4,,,
5,6,x[11],True,x[11],0.16129032258064513,9dada49e784601183eb3a1e1723ce2d4,,,
5,6,x[11],True,x[11],0.16129032258064513,9dada49e784601183eb3a1e1723ce2d4,,,
5,6,x[11],True,x[11],0.16129032258064513,9dada49e784601183eb3a1e1723ce2d4,,,
5,6,x[11],True,x[11],0.16129032258064513,9dada49e784601183eb3a1e1723ce2d4,,,
5,6,x[11],True,x[11],0.16129032258064513,9dada49e784601183eb3a1e1723ce2d4,,,
5,6,x[11],True,x[11],0.16129032258064513,9dada49e784601183eb3a1e1723ce2d4,,,
5,6,x[11],True,x[11],0.16129032258064513,9dada49e784601183eb3a1e1723ce2d4,,,
5,6,x[11],True,x[11],0.16129032258064513,9dada49e784601183eb3a1e1723ce2d4,,,
5,6,x[11],True,x[11],0.16129032258064513,9dada49e784601183eb3a1e1723ce2d4,,,
5,6,x[11],True,x[11],0.16129032258064513,9dada49e784601183eb3a1e1723ce2d4,,,
5,6,x[11],True,x[11],0.16129032258064513,9dada49e784601183eb3a1e1723ce2d4,,,
5,6,x[11],True,x[11],0.16129032258064513,9dada49e784601183eb3a1e1723ce2d4,,,
5,6,x[11],True,x[11],0.16129032258064513,9dada49e784601183eb3a1e1723ce2d4,,,
5,6,x[11],True,x[11],0.16129032258064513,9dada49e784601183eb3a1e1723ce2d4,,,
5,6,x[11],True,x[11],0.16129032258064513,9dada49e784601183eb3a1e1723ce2d4,,,
5,6,x[11],True,x[11],0.16129032258064513,9dada49e784601183eb3a1e1723ce2d4,,,
5,6,x[11],True,x[11],0.16129032258064513,9dada49e784601183eb3a1e1723ce2d4,,,
5,6,x[11],True,x[11],0.16129032258064513,9dada49e784601183eb3a1e1723ce2d4,,,
5,6,x[11],True,x[11],0.16129032258064513,9dada49e784601183eb3a1e1723ce2d4,,,
5,7,x[11],True,x[11],0.16129032258064513,9dada49e784601183eb3a1e1723ce2d4,,,
5,7,x[18],True,x[18],0.6451612903225806,6a4c84e0915d9d2b86d121e994683436,,,
5,7,x[11],True,x[11],0.16129032258064513,9dada49e784601183eb3a1e1723ce2d4,,,
5,7,x[11],True,x[11],0.16129032258064513,9dada49e784601183eb3a1e1723ce2d4,,,
5,7,x[11],True,x[11],0.16129032258064513,9dada49e784601183eb3a1e1723ce2d4,,,
5,7,x[11],True,x[11],0.16129032258064513,9dada49e784601183eb3a1e1723ce2d4,,,
5,7,x[11],True,x[11],0.16129032258064513,9dada49e784601183eb3a1e1723ce2d4,,,
5,7,x[11],True,x[11],0.16129032258064513,9dada49e784601183eb3a1e1723ce2d4,,,
5,7,x[11],True,x[11],0.16129032258064513,9dada49e784601183eb3a1e1723ce2d4,,,
5,7,x[11],True,x[11],0.16129032258064513,9dada49e784601183eb3a1e1723ce2d4,,,
5,7,x[11],True,x[11],0.16129032258064513,9dada49e784601183eb3a1e1723ce2d4,,,
5,7,x[11],True,x[11],0.16129032258064513,9dada49e784601183eb3a1e1723ce2d4,,,
5,7,x[11],True,x[11],0.16129032258064513,9dada49e784601183eb3a1e1723ce2d4,,,
5,7,x[11],True,x[11],0.16129032258064513,9dada49e784601183eb3a1e1723ce2d4,,,
5,7,x[11],True,x[11],0.16129032258064513,9dada49e784601183eb3a1e1723ce2d4,,,
5,7,x[11],True,x[11],0.16129032258064513,9dada49e784601183eb3a1e1723ce2d4,,,
5,7,x[11],True,x[11],0.16129032258064513,9dada49e784601183eb3a1e1723ce2d4,,,
5,7,x[11],True,x[11],0.16129032258064513,9dada49e784601183eb3a1e1723ce2d4,,,
5,7,x[11],True,x[11],0.16129032258064513,9dada49e784601183eb3a1e1723ce2d4,,,
5,7,x[11],True,x[11],0.16129032258064513,9dada49e784601183eb3a1e1723ce2d4,,,
5,7,x[15],True,x[15],0.22580645161290325,301bd409bd67cc588ceaa53a6f5220a4,,,
5,7,x[11],True,x[11],0.16129032258064513,9dada49e784601183eb3a1e1723ce2d4,,,
5,7,x[11],True,x[11],0.16129032258064513,9dada49e784601183eb3a1e1723ce2d4,,,
5,7,x[11],True,x[11],0.16129032258064513,9dada49e784601183eb3a1e1723ce2d4,,,
5,7,x[11],True,x[11],0.16129032258064513,9dada49e784601183eb3a1e1723ce2d4,,,
5,7,x[11],True,x[11],0.16129032258064513,9dada49e784601183eb3a1e1723ce2d4,,,
5,7,x[11],True,x[11],0.16129032258064513,9dada49e784601183eb3a1e1723ce2d4,,,
5,7,x[11],True,x[11],0.16129032258064513,9dada49e784601183eb3a1e1723ce2d4,,,
5,7,x[11],True,x[11],0.16129032258064513,9dada49e784601183eb3a1e1723ce2d4,,,
5,7,x[11],True,x[11],0.16129032258064513,9dada49e784601183eb3a1e1723ce2d4,,,
5,7,x[11],True,x[11],0.16129032258064513,9dada49e784601183eb3a1e1723ce2d4,,,
5,7,x[11],True,x[11],0.16129032258064513,9dada49e784601183eb3a1e1723ce2d4,,,
5,7,x[11],True,x[11],0.16129032258064513,9dada49e784601183eb3a1e1723ce2d4,,,
5,7,x[11],True,x[11],0.16129032258064513,9dada49e784601183eb3a1e1723ce2d4,,,
5,7,x[11],True,x[11],0.16129032258064513,9dada49e784601183eb3a1e1723ce2d4,,,
5,7,x[12],True,x[12],0.18548387096774188,0d372214e94f96a8c686509e4d084014,,,
5,7,x[11],True,x[11],0.16129032258064513,9dada49e784601183eb3a1e1723ce2d4,,,
5,7,x[11],True,x[11],0.16129032258064513,9dada49e784601183eb3a1e1723ce2d4,,,
5,7,x[11],True,x[11],0.16129032258064513,9dada49e784601183eb3a1e1723ce2d4,,,
5,7,x[4],True,x[4],0.49193548387096775,c062f6f76dec194bafe0ddbf91add8d9,,,
5,7,x[12],True,x[12],0.18548387096774188,0d372214e94f96a8c686509e4d084014,,,
5,7,x[11],True,x[11],0.16129032258064513,9dada49e784601183eb3a1e1723ce2d4,,,
5,7,x[18],True,x[18],0.6451612903225806,6a4c84e0915d9d2b86d121e994683436,,,
5,7,x[11],True,x[11],0.16129032258064513,9dada49e784601183eb3a1e1723ce2d4,,,
5,7,x[11],True,x[11],0.16129032258064513,9dada49e784601183eb3a1e1723ce2d4,,,
5,7,x[11],True,x[11],0.16129032258064513,9dada49e784601183eb3a1e1723ce2d4,,,
5,7,x[11],True,x[11],0.16129032258064513,9dada49e784601183eb3a1e1723ce2d4,,,
5,7,x[11],True,x[11],0.16129032258064513,9dada49e784601183eb3a1e1723ce2d4,,,
5,7,x[11],True,x[11],0.16129032258064513,9dada49e784601183eb3a1e1723ce2d4,,,
5,7,x[11],True,x[11],0.16129032258064513,9dada49e784601183eb3a1e1723ce2d4,,,
5,7,x[11],True,x[11],0.16129032258064513,9dada49e784601183eb3a1e1723ce2d4,,,
5,7,x[11],True,x[11],0.16129032258064513,9dada49e784601183eb3a1e1723ce2d4,,,
5,7,x[11],True,x[11],0.16129032258064513,9dada49e784601183eb3a1e1723ce2d4,,,
5,7,x[11],True,x[11],0.16129032258064513,9dada49e784601183eb3a1e1723ce2d4,,,
5,7,x[11],True,x[11],0.16129032258064513,9dada49e784601183eb3a1e1723ce2d4,,,
5,7,x[11],True,x[11],0.16129032258064513,9dada49e784601183eb3a1e1723ce2d4,,,
5,7,x[11],True,x[11],0.16129032258064513,9dada49e784601183eb3a1e1723ce2d4,,,
5,7,x[11],True,x[11],0.16129032258064513,9dada49e784601183eb3a1e1723ce2d4,,,
5,7,x[11],True,x[11],0.16129032258064513,9dada49e784601183eb3a1e1723ce2d4,,,
5,7,x[11],True,x[11],0.16129032258064513,9dada49e784601183eb3a1e1723ce2d4,,,
5,7,x[1],True,x[1],0.685483870967742,48150b63a14de07ac8ada4efd9d4896c,,,
5,7,x[11],True,x[11],0.16129032258064513,9dada49e784601183eb3a1e1723ce2d4,,,
5,7,x[11],True,x[11],0.16129032258064513,9dada49e784601183eb3a1e1723ce2d4,,,
5,7,x[11],True,x[11],0.16129032258064513,9dada49e784601183eb3a1e1723ce2d4,,,
5,7,x[11],True,x[11],0.16129032258064513,9dada49e784601183eb3a1e1723ce2d4,,,
5,7,x[11],True,x[11],0.16129032258064513,9dada49e784601183eb3a1e1723ce2d4,,,
5,7,x[11],True,x[11],0.16129032258064513,9dada49e784601183eb3a1e1723ce2d4,,,
5,7,x[18],True,x[18],0.6451612903225806,6a4c84e0915d9d2b86d121e994683436,,,
5,7,x[11],True,x[11],0.16129032258064513,9dada49e784601183eb3a1e1723ce2d4,,,
5,7,x[11],True,x[11],0.16129032258064513,9dada49e784601183eb3a1e1723ce2d4,,,
5,7,x[11],True,x[11],0.16129032258064513,9dada49e784601183eb3a1e1723ce2d4,,,
5,7,x[11],True,x[11],0.16129032258064513,9dada49e784601183eb3a1e1723ce2d4,,,
5,7,x[11],True,x[11],0.16129032258064513,9dada49e784601183eb3a1e1723ce2d4,,,
5,7,x[11],True,x[11],0.16129032258064513,9dada49e784601183eb3a1e1723ce2d4,,,
5,7,x[11],True,x[11],0.16129032258064513,9dada49e784601183eb3a1e1723ce2d4,,,
5,7,x[11],True,x[11],0.16129032258064513,9dada49e784601183eb3a1e1723ce2d4,,,
5,7,x[11],True,x[11],0.16129032258064513,9dada49e784601183eb3a1e1723ce2d4,,,
5,7,x[11],True,x[11],0.16129032258064513,9dada49e784601183eb3a1e1723ce2d4,,,
5,7,x[11],True,x[11],0.16129032258064513,9dada49e784601183eb3a1e1723ce2d4,,,
5,7,x[11],True,x[11],0.16129032258064513,9dada49e784601183eb3a1e1723ce2d4,,,
5,7,x[11],True,x[11],0.16129032258064513,9dada49e784601183eb3a1e1723ce2d4,,,
5,7,x[11],True,x[11],0.16129032258064513,9dada49e784601183eb3a1e1723ce2d4,,,
5,7,x[11],True,x[11],0.16129032258064513,9dada49e784601183eb3a1e1723ce2d4,,,
5,7,x[11],True,x[11],0.16129032258064513,9dada49e784601183eb3a1e1723ce2d4,,,
5,7,x[11],True,x[11],0.16129032258064513,9dada49e784601183eb3a1e1723ce2d4,,,
5,7,x[11],True,x[11],0.16129032258064513,9dada49e784601183eb3a1e1723ce2d4,,,
5,7,x[11],True,x[11],0.16129032258064513,9dada49e784601183eb3a1e1723ce2d4,,,
5,7,x[8],True,x[8],0.4354838709677419,8c6b56831adf589cc7ca352d27aafe6d,,,
5,7,x[11],True,x[11],0.16129032258064513,9dada49e784601183eb3a1e1723ce2d4,,,
5,7,x[11],True,x[11],0.16129032258064513,9dada49e784601183eb3a1e1723ce2d4,,,
5,7,x[1],True,x[1],0.685483870967742,48150b63a14de07ac8ada4efd9d4896c,,,
5,7,x[11],True,x[11],0.16129032258064513,9dada49e784601183eb3a1e1723ce2d4,,,
5,7,x[11],True,x[11],0.16129032258064513,9dada49e784601183eb3a1e1723ce2d4,,,
5,7,x[11],True,x[11],0.16129032258064513,9dada49e784601183eb3a1e1723ce2d4,,,
5,7,x[11],True,x[11],0.16129032258064513,9dada49e784601183eb3a1e1723ce2d4,,,
5,7,x[11],True,x[11],0.16129032258064513,9dada49e784601183eb3a1e1723ce2d4,,,
5,7,x[11],True,x[11],0.16129032258064513,9dada49e784601183eb3a1e1723ce2d4,,,
5,7,x[11],True,x[11],0.16129032258064513,9dada49e784601183eb3a1e1723ce2d4,,,
5,7,x[11],True,x[11],0.16129032258064513,9dada49e784601183eb3a1e1723ce2d4,,,
5,7,x[9],True,x[9],0.2338709677419355,2e0260aa627dff742f7c723c8367e701,,,
5,7,x[11],True,x[11],0.16129032258064513,9dada49e784601183eb3a1e1723ce2d4,,,
5,7,x[11],True,x[11],0.16129032258064513,9dada49e784601183eb3a1e1723ce2d4,,,
5,7,x[11],True,x[11],0.16129032258064513,9dada49e784601183eb3a1e1723ce2d4,,,
5,7,x[11],True,x[11],0.16129032258064513,9dada49e784601183eb3a1e1723ce2d4,,,
5,7,x[11],True,x[11],0.16129032258064513,9dada49e784601183eb3a1e1723ce2d4,,,
5,7,x[10],True,x[10],0.24193548387096775,7424f049dcd7de48c5ec487367408f4f,,,
5,7,x[11],True,x[11],0.16129032258064513,9dada49e784601183eb3a1e1723ce2d4,,,
5,7,x[16],True,x[16],0.217741935483871,2b4aec85a499a1f7baf764b48bcf9178,,,
5,7,x[11],True,x[11],0.16129032258064513,9dada49e784601183eb3a1e1723ce2d4,,,
5,7,x[11],True,x[11],0.16129032258064513,9dada49e784601183eb3a1e1723ce2d4,,,
5,7,x[11],True,x[11],0.16129032258064513,9dada49e784601183eb3a1e1723ce2d4,,,
5,7,x[11],True,x[11],0.16129032258064513,9dada49e784601183eb3a1e1723ce2d4,,,
5,7,x[11],True,x[11],0.16129032258064513,9dada49e784601183eb3a1e1723ce2d4,,,
5,7,x[11],True,x[11],0.16129032258064513,9dada49e784601183eb3a1e1723ce2d4,,,
5,7,x[11],True,x[11],0.16129032258064513,9dada49e784601183eb3a1e1723ce2d4,,,
5,7,x[11],True,x[11],0.16129032258064513,9dada49e784601183eb3a1e1723ce2d4,,,
5,7,x[11],True,x[11],0.16129032258064513,9dada49e784601183eb3a1e1723ce2d4,,,
5,7,x[11],True,x[11],0.16129032258064513,9dada49e784601183eb3a1e1723ce2d4,,,
5,7,x[11],True,x[11],0.16129032258064513,9dada49e784601183eb3a1e1723ce2d4,,,
5,7,x[11],True,x[11],0.16129032258064513,9dada49e784601183eb3a1e1723ce2d4,,,
5,7,x[11],True,x[11],0.16129032258064513,9dada49e784601183eb3a1e1723ce2d4,,,
5,7,x[11],True,x[11],0.16129032258064513,9dada49e784601183eb3a1e1723ce2d4,,,
5,7,x[14],True,x[14],0.22580645161290325,5184b187f6f474f266ff1a9e52a8b41f,,,
5,7,x[11],True,x[11],0.16129032258064513,9dada49e784601183eb3a1e1723ce2d4,,,
5,7,x[4],True,x[4],0.49193548387096775,c062f6f76dec194bafe0ddbf91add8d9,,,
5,7,x[11],True,x[11],0.16129032258064513,9dada49e784601183eb3a1e1723ce2d4,,,
5,7,x[11],True,x[11],0.16129032258064513,9dada49e784601183eb3a1e1723ce2d4,,,
5,7,x[11],True,x[11],0.16129032258064513,9dada49e784601183eb3a1e1723ce2d4,,,
5,7,x[11],True,x[11],0.16129032258064513,9dada49e784601183eb3a1e1723ce2d4,,,
5,7,x[9],True,x[9],0.2338709677419355,2e0260aa627dff742f7c723c8367e701,,,
5,7,x[11],True,x[11],0.16129032258064513,9dada49e784601183eb3a1e1723ce2d4,,,
5,7,x[11],True,x[11],0.16129032258064513,9dada49e784601183eb3a1e1723ce2d4,,,
5,7,x[11],True,x[11],0.16129032258064513,9dada49e784601183eb3a1e1723ce2d4,,,
5,7,x[11],True,x[11],0.16129032258064513,9dada49e784601183eb3a1e1723ce2d4,,,
5,7,x[11],True,x[11],0.16129032258064513,9dada49e784601183eb3a1e1723ce2d4,,,
5,7,x[11],True,x[11],0.16129032258064513,9dada49e784601183eb3a1e1723ce2d4,,,
5,7,x[11],True,x[11],0.16129032258064513,9dada49e784601183eb3a1e1723ce2d4,,,
5,7,x[11],True,x[11],0.16129032258064513,9dada49e784601183eb3a1e1723ce2d4,,,
5,7,x[11],True,x[11],0.16129032258064513,9dada49e784601183eb3a1e1723ce2d4,,,
5,7,x[11],True,x[11],0.16129032258064513,9dada49e784601183eb3a1e1723ce2d4,,,
5,7,x[11],True,x[11],0.16129032258064513,9dada49e784601183eb3a1e1723ce2d4,,,
5,7,x[11],True,x[11],0.16129032258064513,9dada49e784601183eb3a1e1723ce2d4,,,
5,7,x[11],True,x[11],0.16129032258064513,9dada49e784601183eb3a1e1723ce2d4,,,
5,7,x[1],True,x[1],0.685483870967742,48150b63a14de07ac8ada4efd9d4896c,,,
5,7,x[11],True,x[11],0.16129032258064513,9dada49e784601183eb3a1e1723ce2d4,,,
5,7,x[11],True,x[11],0.16129032258064513,9dada49e784601183eb3a1e1723ce2d4,,,
5,7,x[11],True,x[11],0.16129032258064513,9dada49e784601183eb3a1e1723ce2d4,,,
5,7,x[11],True,x[11],0.16129032258064513,9dada49e784601183eb3a1e1723ce2d4,,,
5,7,x[11],True,x[11],0.16129032258064513,9dada49e784601183eb3a1e1723ce2d4,,,
5,7,x[11],True,x[11],0.16129032258064513,9dada49e784601183eb3a1e1723ce2d4,,,
5,7,x[11],True,x[11],0.16129032258064513,9dada49e784601183eb3a1e1723ce2d4,,,
5,7,x[11],True,x[11],0.16129032258064513,9dada49e784601183eb3a1e1723ce2d4,,,
5,7,x[11],True,x[11],0.16129032258064513,9dada49e784601183eb3a1e1723ce2d4,,,
5,7,x[11],True,x[11],0.16129032258064513,9dada49e784601183eb3a1e1723ce2d4,,,
5,7,x[11],True,x[11],0.16129032258064513,9dada49e784601183eb3a1e1723ce2d4,,,
5,7,x[11],True,x[11],0.16129032258064513,9dada49e784601183eb3a1e1723ce2d4,,,
5,7,x[11],True,x[11],0.16129032258064513,9dada49e784601183eb3a1e1723ce2d4,,,
5,7,x[11],True,x[11],0.16129032258064513,9dada49e784601183eb3a1e1723ce2d4,,,
5,7,x[11],True,x[11],0.16129032258064513,9dada49e784601183eb3a1e1723ce2d4,,,
5,7,x[11],True,x[11],0.16129032258064513,9dada49e784601183eb3a1e1723ce2d4,,,
5,7,x[11],True,x[11],0.16129032258064513,9dada49e784601183eb3a1e1723ce2d4,,,
5,7,x[11],True,x[11],0.16129032258064513,9dada49e784601183eb3a1e1723ce2d4,,,
5,7,x[11],True,x[11],0.16129032258064513,9dada49e784601183eb3a1e1723ce2d4,,,
5,7,x[11],True,x[11],0.16129032258064513,9dada49e784601183eb3a1e1723ce2d4,,,
5,7,x[11],True,x[11],0.16129032258064513,9dada49e784601183eb3a1e1723ce2d4,,,
5,7,x[11],True,x[11],0.16129032258064513,9dada49e784601183eb3a1e1723ce2d4,,,
5,7,x[11],True,x[11],0.16129032258064513,9dada49e784601183eb3a1e1723ce2d4,,,
5,7,x[11],True,x[11],0.16129032258064513,9dada49e784601183eb3a1e1723ce2d4,,,
5,7,x[11],True,x[11],0.16129032258064513,9dada49e784601183eb3a1e1723ce2d4,,,
5,7,x[11],True,x[11],0.16129032258064513,9dada49e784601183eb3a1e1723ce2d4,,,
5,7,x[11],True,x[11],0.16129032258064513,9dada49e784601183eb3a1e1723ce2d4,,,
5,7,x[11],True,x[11],0.16129032258064513,9dada49e784601183eb3a1e1723ce2d4,,,
5,7,x[11],True,x[11],0.16129032258064513,9dada49e784601183eb3a1e1723ce2d4,,,
5,7,x[11],True,x[11],0.16129032258064513,9dada49e784601183eb3a1e1723ce2d4,,,
5,7,x[11],True,x[11],0.16129032258064513,9dada49e784601183eb3a1e1723ce2d4,,,
5,7,x[13],True,x[13],0.217741935483871,060f7b59fcb1852e9befb4d0292eca15,,,
5,7,x[11],True,x[11],0.16129032258064513,9dada49e784601183eb3a1e1723ce2d4,,,
5,7,x[12],True,x[12],0.18548387096774188,0d372214e94f96a8c686509e4d084014,,,
5,7,x[11],True,x[11],0.16129032258064513,9dada49e784601183eb3a1e1723ce2d4,,,
5,7,x[11],True,x[11],0.16129032258064513,9dada49e784601183eb3a1e1723ce2d4,,,
5,7,x[11],True,x[11],0.16129032258064513,9dada49e784601183eb3a1e1723ce2d4,,,
5,7,x[11],True,x[11],0.16129032258064513,9dada49e784601183eb3a1e1723ce2d4,,,
5,7,x[11],True,x[11],0.16129032258064513,9dada49e784601183eb3a1e1723ce2d4,,,
5,7,x[11],True,x[11],0.16129032258064513,9dada49e784601183eb3a1e1723ce2d4,,,
5,7,x[18],True,x[18],0.6451612903225806,6a4c84e0915d9d2b86d121e994683436,,,
5,7,x[11],True,x[11],0.16129032258064513,9dada49e784601183eb3a1e1723ce2d4,,,
5,7,x[11],True,x[11],0.16129032258064513,9dada49e784601183eb3a1e1723ce2d4,,,
5,7,x[11],True,x[11],0.16129032258064513,9dada49e784601183eb3a1e1723ce2d4,,,
5,7,x[11],True,x[11],0.16129032258064513,9dada49e784601183eb3a1e1723ce2d4,,,
5,7,x[11],True,x[11],0.16129032258064513,9dada49e784601183eb3a1e1723ce2d4,,,
5,7,x[11],True,x[11],0.16129032258064513,9dada49e784601183eb3a1e1723ce2d4,,,
5,7,x[11],True,x[11],0.16129032258064513,9dada49e784601183eb3a1e1723ce2d4,,,
5,7,x[11],True,x[11],0.16129032258064513,9dada49e784601183eb3a1e1723ce2d4,,,
5,7,x[11],True,x[11],0.16129032258064513,9dada49e784601183eb3a1e1723ce2d4,,,
5,7,x[11],True,x[11],0.16129032258064513,9dada49e784601183eb3a1e1723ce2d4,,,
5,7,x[11],True,x[11],0.16129032258064513,9dada49e784601183eb3a1e1723ce2d4,,,
5,7,x[11],True,x[11],0.16129032258064513,9dada49e784601183eb3a1e1723ce2d4,,,
5,7,x[11],True,x[11],0.16129032258064513,9dada49e784601183eb3a1e1723ce2d4,,,
5,7,x[12],True,x[12],0.18548387096774188,0d372214e94f96a8c686509e4d084014,,,
5,7,x[11],True,x[11],0.16129032258064513,9dada49e784601183eb3a1e1723ce2d4,,,
5,7,x[11],True,x[11],0.16129032258064513,9dada49e784601183eb3a1e1723ce2d4,,,
5,7,x[11],True,x[11],0.16129032258064513,9dada49e784601183eb3a1e1723ce2d4,,,
5,7,x[11],True,x[11],0.16129032258064513,9dada49e784601183eb3a1e1723ce2d4,,,
5,7,x[9],True,x[9],0.2338709677419355,2e0260aa627dff742f7c723c8367e701,,,
5,7,x[11],True,x[11],0.16129032258064513,9dada49e784601183eb3a1e1723ce2d4,,,
5,7,x[11],True,x[11],0.16129032258064513,9dada49e784601183eb3a1e1723ce2d4,,,
5,7,x[11],True,x[11],0.16129032258064513,9dada49e784601183eb3a1e1723ce2d4,,,
5,7,x[11],True,x[11],0.16129032258064513,9dada49e784601183eb3a1e1723ce2d4,,,
5,7,x[18],True,x[18],0.6451612903225806,6a4c84e0915d9d2b86d121e994683436,,,
5,7,x[11],True,x[11],0.16129032258064513,9dada49e784601183eb3a1e1723ce2d4,,,
5,7,x[11],True,x[11],0.16129032258064513,9dada49e784601183eb3a1e1723ce2d4,,,
5,7,x[11],True,x[11],0.16129032258064513,9dada49e784601183eb3a1e1723ce2d4,,,
5,7,x[11],True,x[11],0.16129032258064513,9dada49e784601183eb3a1e1723ce2d4,,,
5,7,x[11],True,x[11],0.16129032258064513,9dada49e784601183eb3a1e1723ce2d4,,,
5,7,x[11],True,x[11],0.16129032258064513,9dada49e784601183eb3a1e1723ce2d4,,,
5,7,x[11],True,x[11],0.16129032258064513,9dada49e784601183eb3a1e1723ce2d4,,,
5,7,x[11],True,x[11],0.16129032258064513,9dada49e784601183eb3a1e1723ce2d4,,,
5,7,x[11],True,x[11],0.16129032258064513,9dada49e784601183eb3a1e1723ce2d4,,,
5,7,x[11],True,x[11],0.16129032258064513,9dada49e784601183eb3a1e1723ce2d4,,,
5,7,x[11],True,x[11],0.16129032258064513,9dada49e784601183eb3a1e1723ce2d4,,,
5,7,x[11],True,x[11],0.16129032258064513,9dada49e784601183eb3a1e1723ce2d4,,,
5,7,x[11],True,x[11],0.16129032258064513,9dada49e784601183eb3a1e1723ce2d4,,,
5,7,x[11],True,x[11],0.16129032258064513,9dada49e784601183eb3a1e1723ce2d4,,,
5,7,x[11],True,x[11],0.16129032258064513,9dada49e784601183eb3a1e1723ce2d4,,,
5,7,x[11],True,x[11],0.16129032258064513,9dada49e784601183eb3a1e1723ce2d4,,,
5,7,x[11],True,x[11],0.16129032258064513,9dada49e784601183eb3a1e1723ce2d4,,,
5,7,x[11],True,x[11],0.16129032258064513,9dada49e784601183eb3a1e1723ce2d4,,,
5,7,x[11],True,x[11],0.16129032258064513,9dada49e784601183eb3a1e1723ce2d4,,,
5,7,x[1],True,x[1],0.685483870967742,48150b63a14de07ac8ada4efd9d4896c,,,
5,7,x[11],True,x[11],0.16129032258064513,9dada49e784601183eb3a1e1723ce2d4,,,
5,7,x[11],True,x[11],0.16129032258064513,9dada49e784601183eb3a1e1723ce2d4,,,
5,7,x[11],True,x[11],0.16129032258064513,9dada49e784601183eb3a1e1723ce2d4,,,
5,7,x[11],True,x[11],0.16129032258064513,9dada49e784601183eb3a1e1723ce2d4,,,
5,7,x[11],True,x[11],0.16129032258064513,9dada49e784601183eb3a1e1723ce2d4,,,
5,7,x[11],True,x[11],0.16129032258064513,9dada49e784601183eb3a1e1723ce2d4,,,
5,7,x[11],True,x[11],0.16129032258064513,9dada49e784601183eb3a1e1723ce2d4,,,
5,7,x[11],True,x[11],0.16129032258064513,9dada49e784601183eb3a1e1723ce2d4,,,
5,7,x[11],True,x[11],0.16129032258064513,9dada49e784601183eb3a1e1723ce2d4,,,
5,7,x[11],True,x[11],0.16129032258064513,9dada49e784601183eb3a1e1723ce2d4,,,
5,7,x[11],True,x[11],0.16129032258064513,9dada49e784601183eb3a1e1723ce2d4,,,
5,7,x[12],True,x[12],0.18548387096774188,0d372214e94f96a8c686509e4d084014,,,
5,7,x[11],True,x[11],0.16129032258064513,9dada49e784601183eb3a1e1723ce2d4,,,
5,7,x[11],True,x[11],0.16129032258064513,9dada49e784601183eb3a1e1723ce2d4,,,
5,7,x[11],True,x[11],0.16129032258064513,9dada49e784601183eb3a1e1723ce2d4,,,
5,7,x[11],True,x[11],0.16129032258064513,9dada49e784601183eb3a1e1723ce2d4,,,
5,7,x[11],True,x[11],0.16129032258064513,9dada49e784601183eb3a1e1723ce2d4,,,
5,7,x[11],True,x[11],0.16129032258064513,9dada49e784601183eb3a1e1723ce2d4,,,
5,7,x[11],True,x[11],0.16129032258064513,9dada49e784601183eb3a1e1723ce2d4,,,
5,7,x[11],True,x[11],0.16129032258064513,9dada49e784601183eb3a1e1723ce2d4,,,
5,7,x[11],True,x[11],0.16129032258064513,9dada49e784601183eb3a1e1723ce2d4,,,
5,7,x[11],True,x[11],0.16129032258064513,9dada49e784601183eb3a1e1723ce2d4,,,
5,7,x[11],True,x[11],0.16129032258064513,9dada49e784601183eb3a1e1723ce2d4,,,
5,7,x[11],True,x[11],0.16129032258064513,9dada49e784601183eb3a1e1723ce2d4,,,
5,7,x[11],True,x[11],0.16129032258064513,9dada49e784601183eb3a1e1723ce2d4,,,
5,7,x[11],True,x[11],0.16129032258064513,9dada49e784601183eb3a1e1723ce2d4,,,
5,7,x[11],True,x[11],0.16129032258064513,9dada49e784601183eb3a1e1723ce2d4,,,
5,7,x[11],True,x[11],0.16129032258064513,9dada49e784601183eb3a1e1723ce2d4,,,
5,7,x[11],True,x[11],0.16129032258064513,9dada49e784601183eb3a1e1723ce2d4,,,
5,7,x[11],True,x[11],0.16129032258064513,9dada49e784601183eb3a1e1723ce2d4,,,
5,7,x[11],True,x[11],0.16129032258064513,9dada49e784601183eb3a1e1723ce2d4,,,
5,7,x[18],True,x[18],0.6451612903225806,6a4c84e0915d9d2b86d121e994683436,,,
5,7,x[11],True,x[11],0.16129032258064513,9dada49e784601183eb3a1e1723ce2d4,,,
5,7,x[11],True,x[11],0.16129032258064513,9dada49e784601183eb3a1e1723ce2d4,,,
5,7,x[11],True,x[11],0.16129032258064513,9dada49e784601183eb3a1e1723ce2d4,,,
5,7,x[11],True,x[11],0.16129032258064513,9dada49e784601183eb3a1e1723ce2d4,,,
5,7,x[11],True,x[11],0.16129032258064513,9dada49e784601183eb3a1e1723ce2d4,,,
5,7,x[11],True,x[11],0.16129032258064513,9dada49e784601183eb3a1e1723ce2d4,,,
5,7,x[6],True,x[6],0.30645161290322576,d902aea98596abf07e07d9c42be380bf,,,
5,7,x[11],True,x[11],0.16129032258064513,9dada49e784601183eb3a1e1723ce2d4,,,
5,7,x[11],True,x[11],0.16129032258064513,9dada49e784601183eb3a1e1723ce2d4,,,
5,7,x[11],True,x[11],0.16129032258064513,9dada49e784601183eb3a1e1723ce2d4,,,
5,7,x[11],True,x[11],0.16129032258064513,9dada49e784601183eb3a1e1723ce2d4,,,
5,7,x[11],True,x[11],0.16129032258064513,9dada49e784601183eb3a1e1723ce2d4,,,
5,7,x[9],True,x[9],0.2338709677419355,2e0260aa627dff742f7c723c8367e701,,,
5,7,x[11],True,x[11],0.16129032258064513,9dada49e784601183eb3a1e1723ce2d4,,,
5,7,x[11],True,x[11],0.16129032258064513,9dada49e784601183eb3a1e1723ce2d4,,,
5,7,x[11],True,x[11],0.16129032258064513,9dada49e784601183eb3a1e1723ce2d4,,,
5,7,x[11],True,x[11],0.16129032258064513,9dada49e784601183eb3a1e1723ce2d4,,,
5,7,x[11],True,x[11],0.16129032258064513,9dada49e784601183eb3a1e1723ce2d4,,,
5,7,x[11],True,x[11],0.16129032258064513,9dada49e784601183eb3a1e1723ce2d4,,,
5,7,x[11],True,x[11],0.16129032258064513,9dada49e784601183eb3a1e1723ce2d4,,,
5,7,x[11],True,x[11],0.16129032258064513,9dada49e784601183eb3a1e1723ce2d4,,,
5,7,x[11],True,x[11],0.16129032258064513,9dada49e784601183eb3a1e1723ce2d4,,,
5,7,x[11],True,x[11],0.16129032258064513,9dada49e784601183eb3a1e1723ce2d4,,,
5,7,x[11],True,x[11],0.16129032258064513,9dada49e784601183eb3a1e1723ce2d4,,,
5,7,x[11],True,x[11],0.16129032258064513,9dada49e784601183eb3a1e1723ce2d4,,,
5,7,x[11],True,x[11],0.16129032258064513,9dada49e784601183eb3a1e1723ce2d4,,,
5,7,x[11],True,x[11],0.16129032258064513,9dada49e784601183eb3a1e1723ce2d4,,,
5,7,x[11],True,x[11],0.16129032258064513,9dada49e784601183eb3a1e1723ce2d4,,,
5,7,x[11],True,x[11],0.16129032258064513,9dada49e784601183eb3a1e1723ce2d4,,,
5,7,x[11],True,x[11],0.16129032258064513,9dada49e784601183eb3a1e1723ce2d4,,,
5,7,x[11],True,x[11],0.16129032258064513,9dada49e784601183eb3a1e1723ce2d4,,,
5,7,x[11],True,x[11],0.16129032258064513,9dada49e784601183eb3a1e1723ce2d4,,,
5,7,x[11],True,x[11],0.16129032258064513,9dada49e784601183eb3a1e1723ce2d4,,,
5,7,x[11],True,x[11],0.16129032258064513,9dada49e784601183eb3a1e1723ce2d4,,,
5,7,x[11],True,x[11],0.16129032258064513,9dada49e784601183eb3a1e1723ce2d4,,,
5,7,x[11],True,x[11],0.16129032258064513,9dada49e784601183eb3a1e1723ce2d4,,,
5,7,x[11],True,x[11],0.16129032258064513,9dada49e784601183eb3a1e1723ce2d4,,,
5,7,x[11],True,x[11],0.16129032258064513,9dada49e784601183eb3a1e1723ce2d4,,,
5,7,x[11],True,x[11],0.16129032258064513,9dada49e784601183eb3a1e1723ce2d4,,,
5,7,x[11],True,x[11],0.16129032258064513,9dada49e784601183eb3a1e1723ce2d4,,,
5,7,x[11],True,x[11],0.16129032258064513,9dada49e784601183eb3a1e1723ce2d4,,,
5,7,x[11],True,x[11],0.16129032258064513,9dada49e784601183eb3a1e1723ce2d4,,,
5,7,x[11],True,x[11],0.16129032258064513,9dada49e784601183eb3a1e1723ce2d4,,,
5,7,x[11],True,x[11],0.16129032258064513,9dada49e784601183eb3a1e1723ce2d4,,,
5,7,x[16],True,x[16],0.217741935483871,2b4aec85a499a1f7baf764b48bcf9178,,,
5,7,x[11],True,x[11],0.16129032258064513,9dada49e784601183eb3a1e1723ce2d4,,,
5,7,x[11],True,x[11],0.16129032258064513,9dada49e784601183eb3a1e1723ce2d4,,,
5,7,x[11],True,x[11],0.16129032258064513,9dada49e784601183eb3a1e1723ce2d4,,,
5,7,x[11],True,x[11],0.16129032258064513,9dada49e784601183eb3a1e1723ce2d4,,,
5,7,x[11],True,x[11],0.16129032258064513,9dada49e784601183eb3a1e1723ce2d4,,,
5,7,x[11],True,x[11],0.16129032258064513,9dada49e784601183eb3a1e1723ce2d4,,,
5,7,x[11],True,x[11],0.16129032258064513,9dada49e784601183eb3a1e1723ce2d4,,,
5,7,x[11],True,x[11],0.16129032258064513,9dada49e784601183eb3a1e1723ce2d4,,,
5,7,x[11],True,x[11],0.16129032258064513,9dada49e784601183eb3a1e1723ce2d4,,,
5,7,x[11],True,x[11],0.16129032258064513,9dada49e784601183eb3a1e1723ce2d4,,,
5,7,x[11],True,x[11],0.16129032258064513,9dada49e784601183eb3a1e1723ce2d4,,,
5,7,x[11],True,x[11],0.16129032258064513,9dada49e784601183eb3a1e1723ce2d4,,,
5,7,x[11],True,x[11],0.16129032258064513,9dada49e784601183eb3a1e1723ce2d4,,,
5,7,x[11],True,x[11],0.16129032258064513,9dada49e784601183eb3a1e1723ce2d4,,,
5,7,x[11],True,x[11],0.16129032258064513,9dada49e784601183eb3a1e1723ce2d4,,,
5,7,x[15],True,x[15],0.22580645161290325,301bd409bd67cc588ceaa53a6f5220a4,,,
5,7,x[11],True,x[11],0.16129032258064513,9dada49e784601183eb3a1e1723ce2d4,,,
5,7,x[11],True,x[11],0.16129032258064513,9dada49e784601183eb3a1e1723ce2d4,,,
5,7,x[11],True,x[11],0.16129032258064513,9dada49e784601183eb3a1e1723ce2d4,,,
5,7,x[11],True,x[11],0.16129032258064513,9dada49e784601183eb3a1e1723ce2d4,,,
5,7,x[11],True,x[11],0.16129032258064513,9dada49e784601183eb3a1e1723ce2d4,,,
5,7,x[11],True,x[11],0.16129032258064513,9dada49e784601183eb3a1e1723ce2d4,,,
5,7,x[11],True,x[11],0.16129032258064513,9dada49e784601183eb3a1e1723ce2d4,,,
5,7,x[11],True,x[11],0.16129032258064513,9dada49e784601183eb3a1e1723ce2d4,,,
5,7,x[18],True,x[18],0.6451612903225806,6a4c84e0915d9d2b86d121e994683436,,,
5,7,x[11],True,x[11],0.16129032258064513,9dada49e784601183eb3a1e1723ce2d4,,,
5,7,x[11],True,x[11],0.16129032258064513,9dada49e784601183eb3a1e1723ce2d4,,,
5,7,x[11],True,x[11],0.16129032258064513,9dada49e784601183eb3a1e1723ce2d4,,,
5,7,x[11],True,x[11],0.16129032258064513,9dada49e784601183eb3a1e1723ce2d4,,,
5,7,x[11],True,x[11],0.16129032258064513,9dada49e784601183eb3a1e1723ce2d4,,,
5,7,x[11],True,x[11],0.16129032258064513,9dada49e784601183eb3a1e1723ce2d4,,,
5,7,x[11],True,x[11],0.16129032258064513,9dada49e784601183eb3a1e1723ce2d4,,,
5,7,x[11],True,x[11],0.16129032258064513,9dada49e784601183eb3a1e1723ce2d4,,,
5,7,x[11],True,x[11],0.16129032258064513,9dada49e784601183eb3a1e1723ce2d4,,,
5,7,x[11],True,x[11],0.16129032258064513,9dada49e784601183eb3a1e1723ce2d4,,,
5,7,x[11],True,x[11],0.16129032258064513,9dada49e784601183eb3a1e1723ce2d4,,,
5,7,x[11],True,x[11],0.16129032258064513,9dada49e784601183eb3a1e1723ce2d4,,,
5,7,x[11],True,x[11],0.16129032258064513,9dada49e784601183eb3a1e1723ce2d4,,,
5,7,x[11],True,x[11],0.16129032258064513,9dada49e784601183eb3a1e1723ce2d4,,,
5,7,x[11],True,x[11],0.16129032258064513,9dada49e784601183eb3a1e1723ce2d4,,,
5,7,x[11],True,x[11],0.16129032258064513,9dada49e784601183eb3a1e1723ce2d4,,,
5,7,x[11],True,x[11],0.16129032258064513,9dada49e784601183eb3a1e1723ce2d4,,,
5,7,x[11],True,x[11],0.16129032258064513,9dada49e784601183eb3a1e1723ce2d4,,,
5,7,x[11],True,x[11],0.16129032258064513,9dada49e784601183eb3a1e1723ce2d4,,,
5,7,x[11],True,x[11],0.16129032258064513,9dada49e784601183eb3a1e1723ce2d4,,,
5,7,x[11],True,x[11],0.16129032258064513,9dada49e784601183eb3a1e1723ce2d4,,,
5,7,x[11],True,x[11],0.16129032258064513,9dada49e784601183eb3a1e1723ce2d4,,,
5,7,x[11],True,x[11],0.16129032258064513,9dada49e784601183eb3a1e1723ce2d4,,,
5,7,x[11],True,x[11],0.16129032258064513,9dada49e784601183eb3a1e1723ce2d4,,,
5,7,x[11],True,x[11],0.16129032258064513,9dada49e784601183eb3a1e1723ce2d4,,,
5,7,x[11],True,x[11],0.16129032258064513,9dada49e784601183eb3a1e1723ce2d4,,,
5,7,x[11],True,x[11],0.16129032258064513,9dada49e784601183eb3a1e1723ce2d4,,,
5,7,x[11],True,x[11],0.16129032258064513,9dada49e784601183eb3a1e1723ce2d4,,,
5,7,x[11],True,x[11],0.16129032258064513,9dada49e784601183eb3a1e1723ce2d4,,,
5,7,x[11],True,x[11],0.16129032258064513,9dada49e784601183eb3a1e1723ce2d4,,,
5,7,x[11],True,x[11],0.16129032258064513,9dada49e784601183eb3a1e1723ce2d4,,,
5,7,x[11],True,x[11],0.16129032258064513,9dada49e784601183eb3a1e1723ce2d4,,,
5,7,x[11],True,x[11],0.16129032258064513,9dada49e784601183eb3a1e1723ce2d4,,,
5,7,x[11],True,x[11],0.16129032258064513,9dada49e784601183eb3a1e1723ce2d4,,,
5,7,x[11],True,x[11],0.16129032258064513,9dada49e784601183eb3a1e1723ce2d4,,,
5,7,x[11],True,x[11],0.16129032258064513,9dada49e784601183eb3a1e1723ce2d4,,,
5,7,x[11],True,x[11],0.16129032258064513,9dada49e784601183eb3a1e1723ce2d4,,,
5,7,x[11],True,x[11],0.16129032258064513,9dada49e784601183eb3a1e1723ce2d4,,,
5,7,x[11],True,x[11],0.16129032258064513,9dada49e784601183eb3a1e1723ce2d4,,,
5,7,x[11],True,x[11],0.16129032258064513,9dada49e784601183eb3a1e1723ce2d4,,,
5,7,x[11],True,x[11],0.16129032258064513,9dada49e784601183eb3a1e1723ce2d4,,,
5,7,x[11],True,x[11],0.16129032258064513,9dada49e784601183eb3a1e1723ce2d4,,,
5,7,x[11],True,x[11],0.16129032258064513,9dada49e784601183eb3a1e1723ce2d4,,,
5,7,x[11],True,x[11],0.16129032258064513,9dada49e784601183eb3a1e1723ce2d4,,,
5,7,x[11],True,x[11],0.16129032258064513,9dada49e784601183eb3a1e1723ce2d4,,,
5,7,x[11],True,x[11],0.16129032258064513,9dada49e784601183eb3a1e1723ce2d4,,,
5,7,x[11],True,x[11],0.16129032258064513,9dada49e784601183eb3a1e1723ce2d4,,,
5,7,x[11],True,x[11],0.16129032258064513,9dada49e784601183eb3a1e1723ce2d4,,,
5,7,x[13],True,x[13],0.217741935483871,060f7b59fcb1852e9befb4d0292eca15,,,
5,7,x[11],True,x[11],0.16129032258064513,9dada49e784601183eb3a1e1723ce2d4,,,
5,8,x[18],True,x[18],0.6451612903225806,6a4c84e0915d9d2b86d121e994683436,,,
5,8,x[11],True,x[11],0.16129032258064513,9dada49e784601183eb3a1e1723ce2d4,,,
5,8,x[10],True,x[10],0.24193548387096775,7424f049dcd7de48c5ec487367408f4f,,,
5,8,x[11],True,x[11],0.16129032258064513,9dada49e784601183eb3a1e1723ce2d4,,,
5,8,x[11],True,x[11],0.16129032258064513,9dada49e784601183eb3a1e1723ce2d4,,,
5,8,x[11],True,x[11],0.16129032258064513,9dada49e784601183eb3a1e1723ce2d4,,,
5,8,x[13],True,x[13],0.217741935483871,060f7b59fcb1852e9befb4d0292eca15,,,
5,8,x[11],True,x[11],0.16129032258064513,9dada49e784601183eb3a1e1723ce2d4,,,
5,8,x[11],True,x[11],0.16129032258064513,9dada49e784601183eb3a1e1723ce2d4,,,
5,8,x[11],True,x[11],0.16129032258064513,9dada49e784601183eb3a1e1723ce2d4,,,
5,8,x[8],True,x[8],0.4354838709677419,8c6b56831adf589cc7ca352d27aafe6d,,,
5,8,x[11],True,x[11],0.16129032258064513,9dada49e784601183eb3a1e1723ce2d4,,,
5,8,x[11],True,x[11],0.16129032258064513,9dada49e784601183eb3a1e1723ce2d4,,,
5,8,x[11],True,x[11],0.16129032258064513,9dada49e784601183eb3a1e1723ce2d4,,,
5,8,x[11],True,x[11],0.16129032258064513,9dada49e784601183eb3a1e1723ce2d4,,,
5,8,x[11],True,x[11],0.16129032258064513,9dada49e784601183eb3a1e1723ce2d4,,,
5,8,x[11],True,x[11],0.16129032258064513,9dada49e784601183eb3a1e1723ce2d4,,,
5,8,x[16],True,x[16],0.217741935483871,2b4aec85a499a1f7baf764b48bcf9178,,,
5,8,x[11],True,x[11],0.16129032258064513,9dada49e784601183eb3a1e1723ce2d4,,,
5,8,x[11],True,x[11],0.16129032258064513,9dada49e784601183eb3a1e1723ce2d4,,,
5,8,x[11],True,x[11],0.16129032258064513,9dada49e784601183eb3a1e1723ce2d4,,,
5,8,x[11],True,x[11],0.16129032258064513,9dada49e784601183eb3a1e1723ce2d4,,,
5,8,x[11],True,x[11],0.16129032258064513,9dada49e784601183eb3a1e1723ce2d4,,,
5,8,x[11],True,x[11],0.16129032258064513,9dada49e784601183eb3a1e1723ce2d4,,,
5,8,x[11],True,x[11],0.16129032258064513,9dada49e784601183eb3a1e1723ce2d4,,,
5,8,x[11],True,x[11],0.16129032258064513,9dada49e784601183eb3a1e1723ce2d4,,,
5,8,x[11],True,x[11],0.16129032258064513,9dada49e784601183eb3a1e1723ce2d4,,,
5,8,x[11],True,x[11],0.16129032258064513,9dada49e784601183eb3a1e1723ce2d4,,,
5,8,x[11],True,x[11],0.16129032258064513,9dada49e784601183eb3a1e1723ce2d4,,,
5,8,x[11],True,x[11],0.16129032258064513,9dada49e784601183eb3a1e1723ce2d4,,,
5,8,x[11],True,x[11],0.16129032258064513,9dada49e784601183eb3a1e1723ce2d4,,,
5,8,x[11],True,x[11],0.16129032258064513,9dada49e784601183eb3a1e1723ce2d4,,,
5,8,x[11],True,x[11],0.16129032258064513,9dada49e784601183eb3a1e1723ce2d4,,,
5,8,x[11],True,x[11],0.16129032258064513,9dada49e784601183eb3a1e1723ce2d4,,,
5,8,x[11],True,x[11],0.16129032258064513,9dada49e784601183eb3a1e1723ce2d4,,,
5,8,x[11],True,x[11],0.16129032258064513,9dada49e784601183eb3a1e1723ce2d4,,,
5,8,x[11],True,x[11],0.16129032258064513,9dada49e784601183eb3a1e1723ce2d4,,,
5,8,x[11],True,x[11],0.16129032258064513,9dada49e784601183eb3a1e1723ce2d4,,,
5,8,x[11],True,x[11],0.16129032258064513,9dada49e784601183eb3a1e1723ce2d4,,,
5,8,x[11],True,x[11],0.16129032258064513,9dada49e784601183eb3a1e1723ce2d4,,,
5,8,x[11],True,x[11],0.16129032258064513,9dada49e784601183eb3a1e1723ce2d4,,,
5,8,x[14],True,x[14],0.22580645161290325,5184b187f6f474f266ff1a9e52a8b41f,,,
5,8,x[11],True,x[11],0.16129032258064513,9dada49e784601183eb3a1e1723ce2d4,,,
5,8,x[11],True,x[11],0.16129032258064513,9dada49e784601183eb3a1e1723ce2d4,,,
5,8,x[11],True,x[11],0.16129032258064513,9dada49e784601183eb3a1e1723ce2d4,,,
5,8,x[11],True,x[11],0.16129032258064513,9dada49e784601183eb3a1e1723ce2d4,,,
5,8,x[11],True,x[11],0.16129032258064513,9dada49e784601183eb3a1e1723ce2d4,,,
5,8,x[11],True,x[11],0.16129032258064513,9dada49e784601183eb3a1e1723ce2d4,,,
5,8,x[11],True,x[11],0.16129032258064513,9dada49e784601183eb3a1e1723ce2d4,,,
5,8,x[6],True,x[6],0.30645161290322576,d902aea98596abf07e07d9c42be380bf,,,
5,8,x[11],True,x[11],0.16129032258064513,9dada49e784601183eb3a1e1723ce2d4,,,
5,8,x[13],True,x[13],0.217741935483871,060f7b59fcb1852e9befb4d0292eca15,,,
5,8,x[11],True,x[11],0.16129032258064513,9dada49e784601183eb3a1e1723ce2d4,,,
5,8,x[11],True,x[11],0.16129032258064513,9dada49e784601183eb3a1e1723ce2d4,,,
5,8,x[11],True,x[11],0.16129032258064513,9dada49e784601183eb3a1e1723ce2d4,,,
5,8,x[11],True,x[11],0.16129032258064513,9dada49e784601183eb3a1e1723ce2d4,,,
5,8,x[11],True,x[11],0.16129032258064513,9dada49e784601183eb3a1e1723ce2d4,,,
5,8,x[9],True,x[9],0.2338709677419355,2e0260aa627dff742f7c723c8367e701,,,
5,8,x[11],True,x[11],0.16129032258064513,9dada49e784601183eb3a1e1723ce2d4,,,
5,8,x[11],True,x[11],0.16129032258064513,9dada49e784601183eb3a1e1723ce2d4,,,
5,8,x[11],True,x[11],0.16129032258064513,9dada49e784601183eb3a1e1723ce2d4,,,
5,8,x[11],True,x[11],0.16129032258064513,9dada49e784601183eb3a1e1723ce2d4,,,
5,8,x[16],True,x[16],0.217741935483871,2b4aec85a499a1f7baf764b48bcf9178,,,
5,8,x[12],True,x[12],0.18548387096774188,0d372214e94f96a8c686509e4d084014,,,
5,8,x[11],True,x[11],0.16129032258064513,9dada49e784601183eb3a1e1723ce2d4,,,
5,8,x[12],True,x[12],0.18548387096774188,0d372214e94f96a8c686509e4d084014,,,
5,8,x[11],True,x[11],0.16129032258064513,9dada49e784601183eb3a1e1723ce2d4,,,
5,8,x[11],True,x[11],0.16129032258064513,9dada49e784601183eb3a1e1723ce2d4,,,
5,8,x[12],True,x[12],0.18548387096774188,0d372214e94f96a8c686509e4d084014,,,
5,8,x[11],True,x[11],0.16129032258064513,9dada49e784601183eb3a1e1723ce2d4,,,
5,8,x[11],True,x[11],0.16129032258064513,9dada49e784601183eb3a1e1723ce2d4,,,
5,8,x[11],True,x[11],0.16129032258064513,9dada49e784601183eb3a1e1723ce2d4,,,
5,8,x[11],True,x[11],0.16129032258064513,9dada49e784601183eb3a1e1723ce2d4,,,
5,8,x[11],True,x[11],0.16129032258064513,9dada49e784601183eb3a1e1723ce2d4,,,
5,8,x[11],True,x[11],0.16129032258064513,9dada49e784601183eb3a1e1723ce2d4,,,
5,8,x[11],True,x[11],0.16129032258064513,9dada49e784601183eb3a1e1723ce2d4,,,
5,8,x[11],True,x[11],0.16129032258064513,9dada49e784601183eb3a1e1723ce2d4,,,
5,8,x[11],True,x[11],0.16129032258064513,9dada49e784601183eb3a1e1723ce2d4,,,
5,8,x[11],True,x[11],0.16129032258064513,9dada49e784601183eb3a1e1723ce2d4,,,
5,8,x[1],True,x[1],0.685483870967742,48150b63a14de07ac8ada4efd9d4896c,,,
5,8,x[11],True,x[11],0.16129032258064513,9dada49e784601183eb3a1e1723ce2d4,,,
5,8,x[11],True,x[11],0.16129032258064513,9dada49e784601183eb3a1e1723ce2d4,,,
5,8,x[11],True,x[11],0.16129032258064513,9dada49e784601183eb3a1e1723ce2d4,,,
5,8,x[11],True,x[11],0.16129032258064513,9dada49e784601183eb3a1e1723ce2d4,,,
5,8,x[11],True,x[11],0.16129032258064513,9dada49e784601183eb3a1e1723ce2d4,,,
5,8,x[11],True,x[11],0.16129032258064513,9dada49e784601183eb3a1e1723ce2d4,,,
5,8,x[11],True,x[11],0.16129032258064513,9dada49e784601183eb3a1e1723ce2d4,,,
5,8,x[11],True,x[11],0.16129032258064513,9dada49e784601183eb3a1e1723ce2d4,,,
5,8,x[11],True,x[11],0.16129032258064513,9dada49e784601183eb3a1e1723ce2d4,,,
5,8,x[11],True,x[11],0.16129032258064513,9dada49e784601183eb3a1e1723ce2d4,,,
5,8,x[10],True,x[10],0.24193548387096775,7424f049dcd7de48c5ec487367408f4f,,,
5,8,x[11],True,x[11],0.16129032258064513,9dada49e784601183eb3a1e1723ce2d4,,,
5,8,x[11],True,x[11],0.16129032258064513,9dada49e784601183eb3a1e1723ce2d4,,,
5,8,x[11],True,x[11],0.16129032258064513,9dada49e784601183eb3a1e1723ce2d4,,,
5,8,x[12],True,x[12],0.18548387096774188,0d372214e94f96a8c686509e4d084014,,,
5,8,x[11],True,x[11],0.16129032258064513,9dada49e784601183eb3a1e1723ce2d4,,,
5,8,x[11],True,x[11],0.16129032258064513,9dada49e784601183eb3a1e1723ce2d4,,,
5,8,x[11],True,x[11],0.16129032258064513,9dada49e784601183eb3a1e1723ce2d4,,,
5,8,x[11],True,x[11],0.16129032258064513,9dada49e784601183eb3a1e1723ce2d4,,,
5,8,x[11],True,x[11],0.16129032258064513,9dada49e784601183eb3a1e1723ce2d4,,,
5,8,x[8],True,x[8],0.4354838709677419,8c6b56831adf589cc7ca352d27aafe6d,,,
5,8,x[11],True,x[11],0.16129032258064513,9dada49e784601183eb3a1e1723ce2d4,,,
5,8,x[11],True,x[11],0.16129032258064513,9dada49e784601183eb3a1e1723ce2d4,,,
5,8,x[11],True,x[11],0.16129032258064513,9dada49e784601183eb3a1e1723ce2d4,,,
5,8,x[11],True,x[11],0.16129032258064513,9dada49e784601183eb3a1e1723ce2d4,,,
5,8,x[11],True,x[11],0.16129032258064513,9dada49e784601183eb3a1e1723ce2d4,,,
5,8,x[11],True,x[11],0.16129032258064513,9dada49e784601183eb3a1e1723ce2d4,,,
5,8,x[11],True,x[11],0.16129032258064513,9dada49e784601183eb3a1e1723ce2d4,,,
5,8,x[11],True,x[11],0.16129032258064513,9dada49e784601183eb3a1e1723ce2d4,,,
5,8,x[11],True,x[11],0.16129032258064513,9dada49e784601183eb3a1e1723ce2d4,,,
5,8,x[11],True,x[11],0.16129032258064513,9dada49e784601183eb3a1e1723ce2d4,,,
5,8,x[11],True,x[11],0.16129032258064513,9dada49e784601183eb3a1e1723ce2d4,,,
5,8,x[18],True,x[18],0.6451612903225806,6a4c84e0915d9d2b86d121e994683436,,,
5,8,x[11],True,x[11],0.16129032258064513,9dada49e784601183eb3a1e1723ce2d4,,,
5,8,x[11],True,x[11],0.16129032258064513,9dada49e784601183eb3a1e1723ce2d4,,,
5,8,x[12],True,x[12],0.18548387096774188,0d372214e94f96a8c686509e4d084014,,,
5,8,x[11],True,x[11],0.16129032258064513,9dada49e784601183eb3a1e1723ce2d4,,,
5,8,x[11],True,x[11],0.16129032258064513,9dada49e784601183eb3a1e1723ce2d4,,,
5,8,x[11],True,x[11],0.16129032258064513,9dada49e784601183eb3a1e1723ce2d4,,,
5,8,x[11],True,x[11],0.16129032258064513,9dada49e784601183eb3a1e1723ce2d4,,,
5,8,x[11],True,x[11],0.16129032258064513,9dada49e784601183eb3a1e1723ce2d4,,,
5,8,x[10],True,x[10],0.24193548387096775,7424f049dcd7de48c5ec487367408f4f,,,
5,8,x[11],True,x[11],0.16129032258064513,9dada49e784601183eb3a1e1723ce2d4,,,
5,8,x[11],True,x[11],0.16129032258064513,9dada49e784601183eb3a1e1723ce2d4,,,
5,8,x[11],True,x[11],0.16129032258064513,9dada49e784601183eb3a1e1723ce2d4,,,
5,8,x[6],True,x[6],0.30645161290322576,d902aea98596abf07e07d9c42be380bf,,,
5,8,x[11],True,x[11],0.16129032258064513,9dada49e784601183eb3a1e1723ce2d4,,,
5,8,x[11],True,x[11],0.16129032258064513,9dada49e784601183eb3a1e1723ce2d4,,,
5,8,x[11],True,x[11],0.16129032258064513,9dada49e784601183eb3a1e1723ce2d4,,,
5,8,x[11],True,x[11],0.16129032258064513,9dada49e784601183eb3a1e1723ce2d4,,,
5,8,x[11],True,x[11],0.16129032258064513,9dada49e784601183eb3a1e1723ce2d4,,,
5,8,x[11],True,x[11],0.16129032258064513,9dada49e784601183eb3a1e1723ce2d4,,,
5,8,x[11],True,x[11],0.16129032258064513,9dada49e784601183eb3a1e1723ce2d4,,,
5,8,x[11],True,x[11],0.16129032258064513,9dada49e784601183eb3a1e1723ce2d4,,,
5,8,x[11],True,x[11],0.16129032258064513,9dada49e784601183eb3a1e1723ce2d4,,,
5,8,x[11],True,x[11],0.16129032258064513,9dada49e784601183eb3a1e1723ce2d4,,,
5,8,x[11],True,x[11],0.16129032258064513,9dada49e784601183eb3a1e1723ce2d4,,,
5,8,x[11],True,x[11],0.16129032258064513,9dada49e784601183eb3a1e1723ce2d4,,,
5,8,x[11],True,x[11],0.16129032258064513,9dada49e784601183eb3a1e1723ce2d4,,,
5,8,x[11],True,x[11],0.16129032258064513,9dada49e784601183eb3a1e1723ce2d4,,,
5,8,x[11],True,x[11],0.16129032258064513,9dada49e784601183eb3a1e1723ce2d4,,,
5,8,x[18],True,x[18],0.6451612903225806,6a4c84e0915d9d2b86d121e994683436,,,
5,8,x[11],True,x[11],0.16129032258064513,9dada49e784601183eb3a1e1723ce2d4,,,
5,8,x[11],True,x[11],0.16129032258064513,9dada49e784601183eb3a1e1723ce2d4,,,
5,8,x[11],True,x[11],0.16129032258064513,9dada49e784601183eb3a1e1723ce2d4,,,
5,8,x[11],True,x[11],0.16129032258064513,9dada49e784601183eb3a1e1723ce2d4,,,
5,8,x[11],True,x[11],0.16129032258064513,9dada49e784601183eb3a1e1723ce2d4,,,
5,8,x[11],True,x[11],0.16129032258064513,9dada49e784601183eb3a1e1723ce2d4,,,
5,8,x[11],True,x[11],0.16129032258064513,9dada49e784601183eb3a1e1723ce2d4,,,
5,8,x[11],True,x[11],0.16129032258064513,9dada49e784601183eb3a1e1723ce2d4,,,
5,8,x[11],True,x[11],0.16129032258064513,9dada49e784601183eb3a1e1723ce2d4,,,
5,8,x[11],True,x[11],0.16129032258064513,9dada49e784601183eb3a1e1723ce2d4,,,
5,8,x[11],True,x[11],0.16129032258064513,9dada49e784601183eb3a1e1723ce2d4,,,
5,8,x[11],True,x[11],0.16129032258064513,9dada49e784601183eb3a1e1723ce2d4,,,
5,8,x[11],True,x[11],0.16129032258064513,9dada49e784601183eb3a1e1723ce2d4,,,
5,8,x[9],True,x[9],0.2338709677419355,2e0260aa627dff742f7c723c8367e701,,,
5,8,x[11],True,x[11],0.16129032258064513,9dada49e784601183eb3a1e1723ce2d4,,,
5,8,x[11],True,x[11],0.16129032258064513,9dada49e784601183eb3a1e1723ce2d4,,,
5,8,x[11],True,x[11],0.16129032258064513,9dada49e784601183eb3a1e1723ce2d4,,,
5,8,x[1],True,x[1],0.685483870967742,48150b63a14de07ac8ada4efd9d4896c,,,
5,8,x[11],True,x[11],0.16129032258064513,9dada49e784601183eb3a1e1723ce2d4,,,
5,8,x[11],True,x[11],0.16129032258064513,9dada49e784601183eb3a1e1723ce2d4,,,
5,8,x[11],True,x[11],0.16129032258064513,9dada49e784601183eb3a1e1723ce2d4,,,
5,8,x[11],True,x[11],0.16129032258064513,9dada49e784601183eb3a1e1723ce2d4,,,
5,8,x[11],True,x[11],0.16129032258064513,9dada49e784601183eb3a1e1723ce2d4,,,
5,8,x[11],True,x[11],0.16129032258064513,9dada49e784601183eb3a1e1723ce2d4,,,
5,8,x[11],True,x[11],0.16129032258064513,9dada49e784601183eb3a1e1723ce2d4,,,
5,8,x[11],True,x[11],0.16129032258064513,9dada49e784601183eb3a1e1723ce2d4,,,
5,8,x[11],True,x[11],0.16129032258064513,9dada49e784601183eb3a1e1723ce2d4,,,
5,8,x[11],True,x[11],0.16129032258064513,9dada49e784601183eb3a1e1723ce2d4,,,
5,8,x[11],True,x[11],0.16129032258064513,9dada49e784601183eb3a1e1723ce2d4,,,
5,8,x[14],True,x[14],0.22580645161290325,5184b187f6f474f266ff1a9e52a8b41f,,,
5,8,x[11],True,x[11],0.16129032258064513,9dada49e784601183eb3a1e1723ce2d4,,,
5,8,x[10],True,x[10],0.24193548387096775,7424f049dcd7de48c5ec487367408f4f,,,
5,8,x[11],True,x[11],0.16129032258064513,9dada49e784601183eb3a1e1723ce2d4,,,
5,8,x[11],True,x[11],0.16129032258064513,9dada49e784601183eb3a1e1723ce2d4,,,
5,8,x[11],True,x[11],0.16129032258064513,9dada49e784601183eb3a1e1723ce2d4,,,
5,8,x[11],True,x[11],0.16129032258064513,9dada49e784601183eb3a1e1723ce2d4,,,
5,8,x[11],True,x[11],0.16129032258064513,9dada49e784601183eb3a1e1723ce2d4,,,
5,8,x[11],True,x[11],0.16129032258064513,9dada49e784601183eb3a1e1723ce2d4,,,
5,8,x[11],True,x[11],0.16129032258064513,9dada49e784601183eb3a1e1723ce2d4,,,
5,8,x[11],True,x[11],0.16129032258064513,9dada49e784601183eb3a1e1723ce2d4,,,
5,8,x[11],True,x[11],0.16129032258064513,9dada49e784601183eb3a1e1723ce2d4,,,
5,8,x[11],True,x[11],0.16129032258064513,9dada49e784601183eb3a1e1723ce2d4,,,
5,8,x[11],True,x[11],0.16129032258064513,9dada49e784601183eb3a1e1723ce2d4,,,
5,8,x[11],True,x[11],0.16129032258064513,9dada49e784601183eb3a1e1723ce2d4,,,
5,8,x[11],True,x[11],0.16129032258064513,9dada49e784601183eb3a1e1723ce2d4,,,
5,8,x[12],True,x[12],0.18548387096774188,0d372214e94f96a8c686509e4d084014,,,
5,8,x[11],True,x[11],0.16129032258064513,9dada49e784601183eb3a1e1723ce2d4,,,
5,8,x[11],True,x[11],0.16129032258064513,9dada49e784601183eb3a1e1723ce2d4,,,
5,8,x[11],True,x[11],0.16129032258064513,9dada49e784601183eb3a1e1723ce2d4,,,
5,8,x[11],True,x[11],0.16129032258064513,9dada49e784601183eb3a1e1723ce2d4,,,
5,8,x[11],True,x[11],0.16129032258064513,9dada49e784601183eb3a1e1723ce2d4,,,
5,8,x[11],True,x[11],0.16129032258064513,9dada49e784601183eb3a1e1723ce2d4,,,
5,8,x[11],True,x[11],0.16129032258064513,9dada49e784601183eb3a1e1723ce2d4,,,
5,8,x[11],True,x[11],0.16129032258064513,9dada49e784601183eb3a1e1723ce2d4,,,
5,8,x[11],True,x[11],0.16129032258064513,9dada49e784601183eb3a1e1723ce2d4,,,
5,8,x[11],True,x[11],0.16129032258064513,9dada49e784601183eb3a1e1723ce2d4,,,
5,8,x[11],True,x[11],0.16129032258064513,9dada49e784601183eb3a1e1723ce2d4,,,
5,8,x[11],True,x[11],0.16129032258064513,9dada49e784601183eb3a1e1723ce2d4,,,
5,8,x[11],True,x[11],0.16129032258064513,9dada49e784601183eb3a1e1723ce2d4,,,
5,8,x[11],True,x[11],0.16129032258064513,9dada49e784601183eb3a1e1723ce2d4,,,
5,8,x[11],True,x[11],0.16129032258064513,9dada49e784601183eb3a1e1723ce2d4,,,
5,8,x[11],True,x[11],0.16129032258064513,9dada49e784601183eb3a1e1723ce2d4,,,
5,8,x[11],True,x[11],0.16129032258064513,9dada49e784601183eb3a1e1723ce2d4,,,
5,8,x[11],True,x[11],0.16129032258064513,9dada49e784601183eb3a1e1723ce2d4,,,
5,8,x[11],True,x[11],0.16129032258064513,9dada49e784601183eb3a1e1723ce2d4,,,
5,8,x[11],True,x[11],0.16129032258064513,9dada49e784601183eb3a1e1723ce2d4,,,
5,8,x[11],True,x[11],0.16129032258064513,9dada49e784601183eb3a1e1723ce2d4,,,
5,8,x[11],True,x[11],0.16129032258064513,9dada49e784601183eb3a1e1723ce2d4,,,
5,8,x[11],True,x[11],0.16129032258064513,9dada49e784601183eb3a1e1723ce2d4,,,
5,8,x[11],True,x[11],0.16129032258064513,9dada49e784601183eb3a1e1723ce2d4,,,
5,8,x[11],True,x[11],0.16129032258064513,9dada49e784601183eb3a1e1723ce2d4,,,
5,8,x[11],True,x[11],0.16129032258064513,9dada49e784601183eb3a1e1723ce2d4,,,
5,8,"not_(and_(x[9],x[9]))",True,not_(x[9]),0.7661290322580645,2ff729779af7bdb0705c3efe96b2b826,,,
5,8,x[11],True,x[11],0.16129032258064513,9dada49e784601183eb3a1e1723ce2d4,,,
5,8,x[11],True,x[11],0.16129032258064513,9dada49e784601183eb3a1e1723ce2d4,,,
5,8,x[11],True,x[11],0.16129032258064513,9dada49e784601183eb3a1e1723ce2d4,,,
5,8,x[11],True,x[11],0.16129032258064513,9dada49e784601183eb3a1e1723ce2d4,,,
5,8,x[11],True,x[11],0.16129032258064513,9dada49e784601183eb3a1e1723ce2d4,,,
5,8,x[11],True,x[11],0.16129032258064513,9dada49e784601183eb3a1e1723ce2d4,,,
5,8,x[11],True,x[11],0.16129032258064513,9dada49e784601183eb3a1e1723ce2d4,,,
5,8,x[18],True,x[18],0.6451612903225806,6a4c84e0915d9d2b86d121e994683436,,,
5,8,x[11],True,x[11],0.16129032258064513,9dada49e784601183eb3a1e1723ce2d4,,,
5,8,x[11],True,x[11],0.16129032258064513,9dada49e784601183eb3a1e1723ce2d4,,,
5,8,x[11],True,x[11],0.16129032258064513,9dada49e784601183eb3a1e1723ce2d4,,,
5,8,x[11],True,x[11],0.16129032258064513,9dada49e784601183eb3a1e1723ce2d4,,,
5,8,x[11],True,x[11],0.16129032258064513,9dada49e784601183eb3a1e1723ce2d4,,,
5,8,x[11],True,x[11],0.16129032258064513,9dada49e784601183eb3a1e1723ce2d4,,,
5,8,x[11],True,x[11],0.16129032258064513,9dada49e784601183eb3a1e1723ce2d4,,,
5,8,x[11],True,x[11],0.16129032258064513,9dada49e784601183eb3a1e1723ce2d4,,,
5,8,x[11],True,x[11],0.16129032258064513,9dada49e784601183eb3a1e1723ce2d4,,,
5,8,x[11],True,x[11],0.16129032258064513,9dada49e784601183eb3a1e1723ce2d4,,,
5,8,x[11],True,x[11],0.16129032258064513,9dada49e784601183eb3a1e1723ce2d4,,,
5,8,x[4],True,x[4],0.49193548387096775,c062f6f76dec194bafe0ddbf91add8d9,,,
5,8,x[11],True,x[11],0.16129032258064513,9dada49e784601183eb3a1e1723ce2d4,,,
5,8,x[12],True,x[12],0.18548387096774188,0d372214e94f96a8c686509e4d084014,,,
5,8,x[11],True,x[11],0.16129032258064513,9dada49e784601183eb3a1e1723ce2d4,,,
5,8,x[11],True,x[11],0.16129032258064513,9dada49e784601183eb3a1e1723ce2d4,,,
5,8,x[10],True,x[10],0.24193548387096775,7424f049dcd7de48c5ec487367408f4f,,,
5,8,x[11],True,x[11],0.16129032258064513,9dada49e784601183eb3a1e1723ce2d4,,,
5,8,x[11],True,x[11],0.16129032258064513,9dada49e784601183eb3a1e1723ce2d4,,,
5,8,x[11],True,x[11],0.16129032258064513,9dada49e784601183eb3a1e1723ce2d4,,,
5,8,x[11],True,x[11],0.16129032258064513,9dada49e784601183eb3a1e1723ce2d4,,,
5,8,x[11],True,x[11],0.16129032258064513,9dada49e784601183eb3a1e1723ce2d4,,,
5,8,x[11],True,x[11],0.16129032258064513,9dada49e784601183eb3a1e1723ce2d4,,,
5,8,x[11],True,x[11],0.16129032258064513,9dada49e784601183eb3a1e1723ce2d4,,,
5,8,x[11],True,x[11],0.16129032258064513,9dada49e784601183eb3a1e1723ce2d4,,,
5,8,x[11],True,x[11],0.16129032258064513,9dada49e784601183eb3a1e1723ce2d4,,,
5,8,x[11],True,x[11],0.16129032258064513,9dada49e784601183eb3a1e1723ce2d4,,,
5,8,x[11],True,x[11],0.16129032258064513,9dada49e784601183eb3a1e1723ce2d4,,,
5,8,x[11],True,x[11],0.16129032258064513,9dada49e784601183eb3a1e1723ce2d4,,,
5,8,x[11],True,x[11],0.16129032258064513,9dada49e784601183eb3a1e1723ce2d4,,,
5,8,x[11],True,x[11],0.16129032258064513,9dada49e784601183eb3a1e1723ce2d4,,,
5,8,x[11],True,x[11],0.16129032258064513,9dada49e784601183eb3a1e1723ce2d4,,,
5,8,x[11],True,x[11],0.16129032258064513,9dada49e784601183eb3a1e1723ce2d4,,,
5,8,x[11],True,x[11],0.16129032258064513,9dada49e784601183eb3a1e1723ce2d4,,,
5,8,x[11],True,x[11],0.16129032258064513,9dada49e784601183eb3a1e1723ce2d4,,,
5,8,x[11],True,x[11],0.16129032258064513,9dada49e784601183eb3a1e1723ce2d4,,,
5,8,x[11],True,x[11],0.16129032258064513,9dada49e784601183eb3a1e1723ce2d4,,,
5,8,x[11],True,x[11],0.16129032258064513,9dada49e784601183eb3a1e1723ce2d4,,,
5,8,x[11],True,x[11],0.16129032258064513,9dada49e784601183eb3a1e1723ce2d4,,,
5,8,x[11],True,x[11],0.16129032258064513,9dada49e784601183eb3a1e1723ce2d4,,,
5,8,x[11],True,x[11],0.16129032258064513,9dada49e784601183eb3a1e1723ce2d4,,,
5,8,x[11],True,x[11],0.16129032258064513,9dada49e784601183eb3a1e1723ce2d4,,,
5,8,x[6],True,x[6],0.30645161290322576,d902aea98596abf07e07d9c42be380bf,,,
5,8,x[11],True,x[11],0.16129032258064513,9dada49e784601183eb3a1e1723ce2d4,,,
5,8,x[4],True,x[4],0.49193548387096775,c062f6f76dec194bafe0ddbf91add8d9,,,
5,8,x[11],True,x[11],0.16129032258064513,9dada49e784601183eb3a1e1723ce2d4,,,
5,8,x[12],True,x[12],0.18548387096774188,0d372214e94f96a8c686509e4d084014,,,
5,8,x[11],True,x[11],0.16129032258064513,9dada49e784601183eb3a1e1723ce2d4,,,
5,8,x[11],True,x[11],0.16129032258064513,9dada49e784601183eb3a1e1723ce2d4,,,
5,8,x[11],True,x[11],0.16129032258064513,9dada49e784601183eb3a1e1723ce2d4,,,
5,8,x[11],True,x[11],0.16129032258064513,9dada49e784601183eb3a1e1723ce2d4,,,
5,8,x[4],True,x[4],0.49193548387096775,c062f6f76dec194bafe0ddbf91add8d9,,,
5,8,x[12],True,x[12],0.18548387096774188,0d372214e94f96a8c686509e4d084014,,,
5,8,x[11],True,x[11],0.16129032258064513,9dada49e784601183eb3a1e1723ce2d4,,,
5,8,x[11],True,x[11],0.16129032258064513,9dada49e784601183eb3a1e1723ce2d4,,,
5,8,x[11],True,x[11],0.16129032258064513,9dada49e784601183eb3a1e1723ce2d4,,,
5,8,x[9],True,x[9],0.2338709677419355,2e0260aa627dff742f7c723c8367e701,,,
5,8,x[11],True,x[11],0.16129032258064513,9dada49e784601183eb3a1e1723ce2d4,,,
5,8,x[11],True,x[11],0.16129032258064513,9dada49e784601183eb3a1e1723ce2d4,,,
5,8,x[11],True,x[11],0.16129032258064513,9dada49e784601183eb3a1e1723ce2d4,,,
5,8,x[11],True,x[11],0.16129032258064513,9dada49e784601183eb3a1e1723ce2d4,,,
5,8,x[11],True,x[11],0.16129032258064513,9dada49e784601183eb3a1e1723ce2d4,,,
5,8,x[11],True,x[11],0.16129032258064513,9dada49e784601183eb3a1e1723ce2d4,,,
5,8,x[11],True,x[11],0.16129032258064513,9dada49e784601183eb3a1e1723ce2d4,,,
5,8,x[11],True,x[11],0.16129032258064513,9dada49e784601183eb3a1e1723ce2d4,,,
5,8,x[11],True,x[11],0.16129032258064513,9dada49e784601183eb3a1e1723ce2d4,,,
5,8,x[11],True,x[11],0.16129032258064513,9dada49e784601183eb3a1e1723ce2d4,,,
5,8,x[11],True,x[11],0.16129032258064513,9dada49e784601183eb3a1e1723ce2d4,,,
5,8,x[11],True,x[11],0.16129032258064513,9dada49e784601183eb3a1e1723ce2d4,,,
5,8,x[11],True,x[11],0.16129032258064513,9dada49e784601183eb3a1e1723ce2d4,,,
5,8,x[11],True,x[11],0.16129032258064513,9dada49e784601183eb3a1e1723ce2d4,,,
5,8,x[11],True,x[11],0.16129032258064513,9dada49e784601183eb3a1e1723ce2d4,,,
5,8,x[11],True,x[11],0.16129032258064513,9dada49e784601183eb3a1e1723ce2d4,,,
5,8,x[11],True,x[11],0.16129032258064513,9dada49e784601183eb3a1e1723ce2d4,,,
5,8,x[11],True,x[11],0.16129032258064513,9dada49e784601183eb3a1e1723ce2d4,,,
5,8,x[11],True,x[11],0.16129032258064513,9dada49e784601183eb3a1e1723ce2d4,,,
5,8,x[11],True,x[11],0.16129032258064513,9dada49e784601183eb3a1e1723ce2d4,,,
5,8,x[11],True,x[11],0.16129032258064513,9dada49e784601183eb3a1e1723ce2d4,,,
5,8,x[11],True,x[11],0.16129032258064513,9dada49e784601183eb3a1e1723ce2d4,,,
5,8,x[11],True,x[11],0.16129032258064513,9dada49e784601183eb3a1e1723ce2d4,,,
5,8,x[11],True,x[11],0.16129032258064513,9dada49e784601183eb3a1e1723ce2d4,,,
5,8,x[11],True,x[11],0.16129032258064513,9dada49e784601183eb3a1e1723ce2d4,,,
5,8,x[11],True,x[11],0.16129032258064513,9dada49e784601183eb3a1e1723ce2d4,,,
5,8,x[4],True,x[4],0.49193548387096775,c062f6f76dec194bafe0ddbf91add8d9,,,
5,8,x[11],True,x[11],0.16129032258064513,9dada49e784601183eb3a1e1723ce2d4,,,
5,8,x[11],True,x[11],0.16129032258064513,9dada49e784601183eb3a1e1723ce2d4,,,
5,8,x[11],True,x[11],0.16129032258064513,9dada49e784601183eb3a1e1723ce2d4,,,
5,8,x[11],True,x[11],0.16129032258064513,9dada49e784601183eb3a1e1723ce2d4,,,
5,8,x[11],True,x[11],0.16129032258064513,9dada49e784601183eb3a1e1723ce2d4,,,
5,8,x[11],True,x[11],0.16129032258064513,9dada49e784601183eb3a1e1723ce2d4,,,
5,8,x[11],True,x[11],0.16129032258064513,9dada49e784601183eb3a1e1723ce2d4,,,
5,8,x[11],True,x[11],0.16129032258064513,9dada49e784601183eb3a1e1723ce2d4,,,
5,8,x[11],True,x[11],0.16129032258064513,9dada49e784601183eb3a1e1723ce2d4,,,
5,8,x[11],True,x[11],0.16129032258064513,9dada49e784601183eb3a1e1723ce2d4,,,
5,8,x[11],True,x[11],0.16129032258064513,9dada49e784601183eb3a1e1723ce2d4,,,
5,8,x[11],True,x[11],0.16129032258064513,9dada49e784601183eb3a1e1723ce2d4,,,
5,8,x[11],True,x[11],0.16129032258064513,9dada49e784601183eb3a1e1723ce2d4,,,
5,8,x[8],True,x[8],0.4354838709677419,8c6b56831adf589cc7ca352d27aafe6d,,,
5,8,x[11],True,x[11],0.16129032258064513,9dada49e784601183eb3a1e1723ce2d4,,,
5,8,x[11],True,x[11],0.16129032258064513,9dada49e784601183eb3a1e1723ce2d4,,,
5,8,x[11],True,x[11],0.16129032258064513,9dada49e784601183eb3a1e1723ce2d4,,,
5,8,x[11],True,x[11],0.16129032258064513,9dada49e784601183eb3a1e1723ce2d4,,,
5,8,x[11],True,x[11],0.16129032258064513,9dada49e784601183eb3a1e1723ce2d4,,,
5,8,x[11],True,x[11],0.16129032258064513,9dada49e784601183eb3a1e1723ce2d4,,,
5,8,x[11],True,x[11],0.16129032258064513,9dada49e784601183eb3a1e1723ce2d4,,,
5,8,x[11],True,x[11],0.16129032258064513,9dada49e784601183eb3a1e1723ce2d4,,,
5,8,x[11],True,x[11],0.16129032258064513,9dada49e784601183eb3a1e1723ce2d4,,,
5,8,x[11],True,x[11],0.16129032258064513,9dada49e784601183eb3a1e1723ce2d4,,,
5,8,x[16],True,x[16],0.217741935483871,2b4aec85a499a1f7baf764b48bcf9178,,,
5,8,x[11],True,x[11],0.16129032258064513,9dada49e784601183eb3a1e1723ce2d4,,,
5,8,x[11],True,x[11],0.16129032258064513,9dada49e784601183eb3a1e1723ce2d4,,,
5,8,x[11],True,x[11],0.16129032258064513,9dada49e784601183eb3a1e1723ce2d4,,,
5,8,x[11],True,x[11],0.16129032258064513,9dada49e784601183eb3a1e1723ce2d4,,,
5,8,x[11],True,x[11],0.16129032258064513,9dada49e784601183eb3a1e1723ce2d4,,,
5,8,x[11],True,x[11],0.16129032258064513,9dada49e784601183eb3a1e1723ce2d4,,,
5,8,x[11],True,x[11],0.16129032258064513,9dada49e784601183eb3a1e1723ce2d4,,,
5,8,x[11],True,x[11],0.16129032258064513,9dada49e784601183eb3a1e1723ce2d4,,,
5,8,x[11],True,x[11],0.16129032258064513,9dada49e784601183eb3a1e1723ce2d4,,,
5,8,x[11],True,x[11],0.16129032258064513,9dada49e784601183eb3a1e1723ce2d4,,,
5,8,x[11],True,x[11],0.16129032258064513,9dada49e784601183eb3a1e1723ce2d4,,,
5,8,x[18],True,x[18],0.6451612903225806,6a4c84e0915d9d2b86d121e994683436,,,
5,8,x[11],True,x[11],0.16129032258064513,9dada49e784601183eb3a1e1723ce2d4,,,
5,8,x[12],True,x[12],0.18548387096774188,0d372214e94f96a8c686509e4d084014,,,
5,8,x[11],True,x[11],0.16129032258064513,9dada49e784601183eb3a1e1723ce2d4,,,
5,8,x[11],True,x[11],0.16129032258064513,9dada49e784601183eb3a1e1723ce2d4,,,
5,8,x[11],True,x[11],0.16129032258064513,9dada49e784601183eb3a1e1723ce2d4,,,
5,8,x[11],True,x[11],0.16129032258064513,9dada49e784601183eb3a1e1723ce2d4,,,
5,8,x[14],True,x[14],0.22580645161290325,5184b187f6f474f266ff1a9e52a8b41f,,,
5,8,x[11],True,x[11],0.16129032258064513,9dada49e784601183eb3a1e1723ce2d4,,,
5,8,x[11],True,x[11],0.16129032258064513,9dada49e784601183eb3a1e1723ce2d4,,,
5,8,x[11],True,x[11],0.16129032258064513,9dada49e784601183eb3a1e1723ce2d4,,,
5,8,x[11],True,x[11],0.16129032258064513,9dada49e784601183eb3a1e1723ce2d4,,,
5,8,x[11],True,x[11],0.16129032258064513,9dada49e784601183eb3a1e1723ce2d4,,,
5,8,x[18],True,x[18],0.6451612903225806,6a4c84e0915d9d2b86d121e994683436,,,
5,8,x[11],True,x[11],0.16129032258064513,9dada49e784601183eb3a1e1723ce2d4,,,
5,8,x[11],True,x[11],0.16129032258064513,9dada49e784601183eb3a1e1723ce2d4,,,
5,8,x[11],True,x[11],0.16129032258064513,9dada49e784601183eb3a1e1723ce2d4,,,
5,8,x[11],True,x[11],0.16129032258064513,9dada49e784601183eb3a1e1723ce2d4,,,
5,8,x[11],True,x[11],0.16129032258064513,9dada49e784601183eb3a1e1723ce2d4,,,
5,8,x[11],True,x[11],0.16129032258064513,9dada49e784601183eb3a1e1723ce2d4,,,
5,8,x[11],True,x[11],0.16129032258064513,9dada49e784601183eb3a1e1723ce2d4,,,
5,8,x[11],True,x[11],0.16129032258064513,9dada49e784601183eb3a1e1723ce2d4,,,
5,8,x[11],True,x[11],0.16129032258064513,9dada49e784601183eb3a1e1723ce2d4,,,
5,8,x[11],True,x[11],0.16129032258064513,9dada49e784601183eb3a1e1723ce2d4,,,
5,8,x[11],True,x[11],0.16129032258064513,9dada49e784601183eb3a1e1723ce2d4,,,
5,8,x[11],True,x[11],0.16129032258064513,9dada49e784601183eb3a1e1723ce2d4,,,
5,8,x[11],True,x[11],0.16129032258064513,9dada49e784601183eb3a1e1723ce2d4,,,
5,8,x[11],True,x[11],0.16129032258064513,9dada49e784601183eb3a1e1723ce2d4,,,
5,8,x[11],True,x[11],0.16129032258064513,9dada49e784601183eb3a1e1723ce2d4,,,
5,8,x[11],True,x[11],0.16129032258064513,9dada49e784601183eb3a1e1723ce2d4,,,
5,8,x[11],True,x[11],0.16129032258064513,9dada49e784601183eb3a1e1723ce2d4,,,
5,8,x[11],True,x[11],0.16129032258064513,9dada49e784601183eb3a1e1723ce2d4,,,
5,8,x[11],True,x[11],0.16129032258064513,9dada49e784601183eb3a1e1723ce2d4,,,
5,8,"not_(and_(and_(not_(greater_than_or_equal(x[3], x[0])),not_(greater_than_or_equal(x[7], x[7]))),not_(greater_than_or_equal(x[2], x[2]))))",True,"or_(x[13],x[13])",0.217741935483871,36111fea987f400a898cb3f2f5b81685,,,
5,8,x[11],True,x[11],0.16129032258064513,9dada49e784601183eb3a1e1723ce2d4,,,
5,9,x[11],True,x[11],0.16129032258064513,9dada49e784601183eb3a1e1723ce2d4,,,
5,9,x[11],True,x[11],0.16129032258064513,9dada49e784601183eb3a1e1723ce2d4,,,
5,9,x[11],True,x[11],0.16129032258064513,9dada49e784601183eb3a1e1723ce2d4,,,
5,9,x[11],True,x[11],0.16129032258064513,9dada49e784601183eb3a1e1723ce2d4,,,
5,9,x[11],True,x[11],0.16129032258064513,9dada49e784601183eb3a1e1723ce2d4,,,
5,9,x[11],True,x[11],0.16129032258064513,9dada49e784601183eb3a1e1723ce2d4,,,
5,9,x[11],True,x[11],0.16129032258064513,9dada49e784601183eb3a1e1723ce2d4,,,
5,9,x[10],True,x[10],0.24193548387096775,7424f049dcd7de48c5ec487367408f4f,,,
5,9,x[11],True,x[11],0.16129032258064513,9dada49e784601183eb3a1e1723ce2d4,,,
5,9,x[11],True,x[11],0.16129032258064513,9dada49e784601183eb3a1e1723ce2d4,,,
5,9,x[11],True,x[11],0.16129032258064513,9dada49e784601183eb3a1e1723ce2d4,,,
5,9,x[11],True,x[11],0.16129032258064513,9dada49e784601183eb3a1e1723ce2d4,,,
5,9,x[11],True,x[11],0.16129032258064513,9dada49e784601183eb3a1e1723ce2d4,,,
5,9,x[11],True,x[11],0.16129032258064513,9dada49e784601183eb3a1e1723ce2d4,,,
5,9,x[11],True,x[11],0.16129032258064513,9dada49e784601183eb3a1e1723ce2d4,,,
5,9,x[11],True,x[11],0.16129032258064513,9dada49e784601183eb3a1e1723ce2d4,,,
5,9,x[11],True,x[11],0.16129032258064513,9dada49e784601183eb3a1e1723ce2d4,,,
5,9,x[11],True,x[11],0.16129032258064513,9dada49e784601183eb3a1e1723ce2d4,,,
5,9,x[11],True,x[11],0.16129032258064513,9dada49e784601183eb3a1e1723ce2d4,,,
5,9,x[11],True,x[11],0.16129032258064513,9dada49e784601183eb3a1e1723ce2d4,,,
5,9,x[11],True,x[11],0.16129032258064513,9dada49e784601183eb3a1e1723ce2d4,,,
5,9,x[11],True,x[11],0.16129032258064513,9dada49e784601183eb3a1e1723ce2d4,,,
5,9,x[11],True,x[11],0.16129032258064513,9dada49e784601183eb3a1e1723ce2d4,,,
5,9,x[11],True,x[11],0.16129032258064513,9dada49e784601183eb3a1e1723ce2d4,,,
5,9,x[11],True,x[11],0.16129032258064513,9dada49e784601183eb3a1e1723ce2d4,,,
5,9,x[11],True,x[11],0.16129032258064513,9dada49e784601183eb3a1e1723ce2d4,,,
5,9,x[12],True,x[12],0.18548387096774188,0d372214e94f96a8c686509e4d084014,,,
5,9,x[11],True,x[11],0.16129032258064513,9dada49e784601183eb3a1e1723ce2d4,,,
5,9,x[11],True,x[11],0.16129032258064513,9dada49e784601183eb3a1e1723ce2d4,,,
5,9,x[11],True,x[11],0.16129032258064513,9dada49e784601183eb3a1e1723ce2d4,,,
5,9,x[11],True,x[11],0.16129032258064513,9dada49e784601183eb3a1e1723ce2d4,,,
5,9,x[11],True,x[11],0.16129032258064513,9dada49e784601183eb3a1e1723ce2d4,,,
5,9,x[11],True,x[11],0.16129032258064513,9dada49e784601183eb3a1e1723ce2d4,,,
5,9,x[11],True,x[11],0.16129032258064513,9dada49e784601183eb3a1e1723ce2d4,,,
5,9,x[11],True,x[11],0.16129032258064513,9dada49e784601183eb3a1e1723ce2d4,,,
5,9,x[11],True,x[11],0.16129032258064513,9dada49e784601183eb3a1e1723ce2d4,,,
5,9,x[11],True,x[11],0.16129032258064513,9dada49e784601183eb3a1e1723ce2d4,,,
5,9,x[11],True,x[11],0.16129032258064513,9dada49e784601183eb3a1e1723ce2d4,,,
5,9,x[11],True,x[11],0.16129032258064513,9dada49e784601183eb3a1e1723ce2d4,,,
5,9,x[11],True,x[11],0.16129032258064513,9dada49e784601183eb3a1e1723ce2d4,,,
5,9,x[11],True,x[11],0.16129032258064513,9dada49e784601183eb3a1e1723ce2d4,,,
5,9,x[11],True,x[11],0.16129032258064513,9dada49e784601183eb3a1e1723ce2d4,,,
5,9,x[11],True,x[11],0.16129032258064513,9dada49e784601183eb3a1e1723ce2d4,,,
5,9,x[11],True,x[11],0.16129032258064513,9dada49e784601183eb3a1e1723ce2d4,,,
5,9,x[11],True,x[11],0.16129032258064513,9dada49e784601183eb3a1e1723ce2d4,,,
5,9,x[11],True,x[11],0.16129032258064513,9dada49e784601183eb3a1e1723ce2d4,,,
5,9,x[11],True,x[11],0.16129032258064513,9dada49e784601183eb3a1e1723ce2d4,,,
5,9,x[11],True,x[11],0.16129032258064513,9dada49e784601183eb3a1e1723ce2d4,,,
5,9,x[11],True,x[11],0.16129032258064513,9dada49e784601183eb3a1e1723ce2d4,,,
5,9,x[11],True,x[11],0.16129032258064513,9dada49e784601183eb3a1e1723ce2d4,,,
5,9,x[11],True,x[11],0.16129032258064513,9dada49e784601183eb3a1e1723ce2d4,,,
5,9,x[11],True,x[11],0.16129032258064513,9dada49e784601183eb3a1e1723ce2d4,,,
5,9,x[11],True,x[11],0.16129032258064513,9dada49e784601183eb3a1e1723ce2d4,,,
5,9,x[11],True,x[11],0.16129032258064513,9dada49e784601183eb3a1e1723ce2d4,,,
5,9,x[9],True,x[9],0.2338709677419355,2e0260aa627dff742f7c723c8367e701,,,
5,9,x[11],True,x[11],0.16129032258064513,9dada49e784601183eb3a1e1723ce2d4,,,
5,9,x[14],True,x[14],0.22580645161290325,5184b187f6f474f266ff1a9e52a8b41f,,,
5,9,x[11],True,x[11],0.16129032258064513,9dada49e784601183eb3a1e1723ce2d4,,,
5,9,x[11],True,x[11],0.16129032258064513,9dada49e784601183eb3a1e1723ce2d4,,,
5,9,x[11],True,x[11],0.16129032258064513,9dada49e784601183eb3a1e1723ce2d4,,,
5,9,x[11],True,x[11],0.16129032258064513,9dada49e784601183eb3a1e1723ce2d4,,,
5,9,x[11],True,x[11],0.16129032258064513,9dada49e784601183eb3a1e1723ce2d4,,,
5,9,x[11],True,x[11],0.16129032258064513,9dada49e784601183eb3a1e1723ce2d4,,,
5,9,x[11],True,x[11],0.16129032258064513,9dada49e784601183eb3a1e1723ce2d4,,,
5,9,x[11],True,x[11],0.16129032258064513,9dada49e784601183eb3a1e1723ce2d4,,,
5,9,x[11],True,x[11],0.16129032258064513,9dada49e784601183eb3a1e1723ce2d4,,,
5,9,x[11],True,x[11],0.16129032258064513,9dada49e784601183eb3a1e1723ce2d4,,,
5,9,x[11],True,x[11],0.16129032258064513,9dada49e784601183eb3a1e1723ce2d4,,,
5,9,x[11],True,x[11],0.16129032258064513,9dada49e784601183eb3a1e1723ce2d4,,,
5,9,x[11],True,x[11],0.16129032258064513,9dada49e784601183eb3a1e1723ce2d4,,,
5,9,x[11],True,x[11],0.16129032258064513,9dada49e784601183eb3a1e1723ce2d4,,,
5,9,x[11],True,x[11],0.16129032258064513,9dada49e784601183eb3a1e1723ce2d4,,,
5,9,x[11],True,x[11],0.16129032258064513,9dada49e784601183eb3a1e1723ce2d4,,,
5,9,x[11],True,x[11],0.16129032258064513,9dada49e784601183eb3a1e1723ce2d4,,,
5,9,x[11],True,x[11],0.16129032258064513,9dada49e784601183eb3a1e1723ce2d4,,,
5,9,x[12],True,x[12],0.18548387096774188,0d372214e94f96a8c686509e4d084014,,,
5,9,x[11],True,x[11],0.16129032258064513,9dada49e784601183eb3a1e1723ce2d4,,,
5,9,x[11],True,x[11],0.16129032258064513,9dada49e784601183eb3a1e1723ce2d4,,,
5,9,x[11],True,x[11],0.16129032258064513,9dada49e784601183eb3a1e1723ce2d4,,,
5,9,x[11],True,x[11],0.16129032258064513,9dada49e784601183eb3a1e1723ce2d4,,,
5,9,x[11],True,x[11],0.16129032258064513,9dada49e784601183eb3a1e1723ce2d4,,,
5,9,x[11],True,x[11],0.16129032258064513,9dada49e784601183eb3a1e1723ce2d4,,,
5,9,x[11],True,x[11],0.16129032258064513,9dada49e784601183eb3a1e1723ce2d4,,,
5,9,x[6],True,x[6],0.30645161290322576,d902aea98596abf07e07d9c42be380bf,,,
5,9,x[11],True,x[11],0.16129032258064513,9dada49e784601183eb3a1e1723ce2d4,,,
5,9,x[11],True,x[11],0.16129032258064513,9dada49e784601183eb3a1e1723ce2d4,,,
5,9,x[11],True,x[11],0.16129032258064513,9dada49e784601183eb3a1e1723ce2d4,,,
5,9,x[11],True,x[11],0.16129032258064513,9dada49e784601183eb3a1e1723ce2d4,,,
5,9,x[11],True,x[11],0.16129032258064513,9dada49e784601183eb3a1e1723ce2d4,,,
5,9,x[11],True,x[11],0.16129032258064513,9dada49e784601183eb3a1e1723ce2d4,,,
5,9,x[11],True,x[11],0.16129032258064513,9dada49e784601183eb3a1e1723ce2d4,,,
5,9,x[11],True,x[11],0.16129032258064513,9dada49e784601183eb3a1e1723ce2d4,,,
5,9,x[11],True,x[11],0.16129032258064513,9dada49e784601183eb3a1e1723ce2d4,,,
5,9,x[11],True,x[11],0.16129032258064513,9dada49e784601183eb3a1e1723ce2d4,,,
5,9,"less_than_or_equal(x[7],x[7])",True,"or_(x[13],x[13])",0.217741935483871,36111fea987f400a898cb3f2f5b81685,,,
5,9,x[11],True,x[11],0.16129032258064513,9dada49e784601183eb3a1e1723ce2d4,,,
5,9,x[16],True,x[16],0.217741935483871,2b4aec85a499a1f7baf764b48bcf9178,,,
5,9,x[11],True,x[11],0.16129032258064513,9dada49e784601183eb3a1e1723ce2d4,,,
5,9,x[11],True,x[11],0.16129032258064513,9dada49e784601183eb3a1e1723ce2d4,,,
5,9,x[11],True,x[11],0.16129032258064513,9dada49e784601183eb3a1e1723ce2d4,,,
5,9,x[11],True,x[11],0.16129032258064513,9dada49e784601183eb3a1e1723ce2d4,,,
5,9,x[11],True,x[11],0.16129032258064513,9dada49e784601183eb3a1e1723ce2d4,,,
5,9,x[11],True,x[11],0.16129032258064513,9dada49e784601183eb3a1e1723ce2d4,,,
5,9,x[11],True,x[11],0.16129032258064513,9dada49e784601183eb3a1e1723ce2d4,,,
5,9,x[11],True,x[11],0.16129032258064513,9dada49e784601183eb3a1e1723ce2d4,,,
5,9,x[11],True,x[11],0.16129032258064513,9dada49e784601183eb3a1e1723ce2d4,,,
5,9,x[11],True,x[11],0.16129032258064513,9dada49e784601183eb3a1e1723ce2d4,,,
5,9,x[6],True,x[6],0.30645161290322576,d902aea98596abf07e07d9c42be380bf,,,
5,9,x[11],True,x[11],0.16129032258064513,9dada49e784601183eb3a1e1723ce2d4,,,
5,9,x[11],True,x[11],0.16129032258064513,9dada49e784601183eb3a1e1723ce2d4,,,
5,9,x[11],True,x[11],0.16129032258064513,9dada49e784601183eb3a1e1723ce2d4,,,
5,9,x[11],True,x[11],0.16129032258064513,9dada49e784601183eb3a1e1723ce2d4,,,
5,9,x[11],True,x[11],0.16129032258064513,9dada49e784601183eb3a1e1723ce2d4,,,
5,9,x[11],True,x[11],0.16129032258064513,9dada49e784601183eb3a1e1723ce2d4,,,
5,9,x[11],True,x[11],0.16129032258064513,9dada49e784601183eb3a1e1723ce2d4,,,
5,9,x[11],True,x[11],0.16129032258064513,9dada49e784601183eb3a1e1723ce2d4,,,
5,9,x[11],True,x[11],0.16129032258064513,9dada49e784601183eb3a1e1723ce2d4,,,
5,9,x[11],True,x[11],0.16129032258064513,9dada49e784601183eb3a1e1723ce2d4,,,
5,9,x[11],True,x[11],0.16129032258064513,9dada49e784601183eb3a1e1723ce2d4,,,
5,9,x[11],True,x[11],0.16129032258064513,9dada49e784601183eb3a1e1723ce2d4,,,
5,9,x[11],True,x[11],0.16129032258064513,9dada49e784601183eb3a1e1723ce2d4,,,
5,9,x[11],True,x[11],0.16129032258064513,9dada49e784601183eb3a1e1723ce2d4,,,
5,9,x[11],True,x[11],0.16129032258064513,9dada49e784601183eb3a1e1723ce2d4,,,
5,9,x[11],True,x[11],0.16129032258064513,9dada49e784601183eb3a1e1723ce2d4,,,
5,9,x[6],True,x[6],0.30645161290322576,d902aea98596abf07e07d9c42be380bf,,,
5,9,x[11],True,x[11],0.16129032258064513,9dada49e784601183eb3a1e1723ce2d4,,,
5,9,x[18],True,x[18],0.6451612903225806,6a4c84e0915d9d2b86d121e994683436,,,
5,9,x[11],True,x[11],0.16129032258064513,9dada49e784601183eb3a1e1723ce2d4,,,
5,9,x[11],True,x[11],0.16129032258064513,9dada49e784601183eb3a1e1723ce2d4,,,
5,9,x[11],True,x[11],0.16129032258064513,9dada49e784601183eb3a1e1723ce2d4,,,
5,9,x[11],True,x[11],0.16129032258064513,9dada49e784601183eb3a1e1723ce2d4,,,
5,9,x[16],True,x[16],0.217741935483871,2b4aec85a499a1f7baf764b48bcf9178,,,
5,9,x[16],True,x[16],0.217741935483871,2b4aec85a499a1f7baf764b48bcf9178,,,
5,9,x[11],True,x[11],0.16129032258064513,9dada49e784601183eb3a1e1723ce2d4,,,
5,9,x[11],True,x[11],0.16129032258064513,9dada49e784601183eb3a1e1723ce2d4,,,
5,9,x[11],True,x[11],0.16129032258064513,9dada49e784601183eb3a1e1723ce2d4,,,
5,9,x[11],True,x[11],0.16129032258064513,9dada49e784601183eb3a1e1723ce2d4,,,
5,9,x[11],True,x[11],0.16129032258064513,9dada49e784601183eb3a1e1723ce2d4,,,
5,9,x[11],True,x[11],0.16129032258064513,9dada49e784601183eb3a1e1723ce2d4,,,
5,9,x[4],True,x[4],0.49193548387096775,c062f6f76dec194bafe0ddbf91add8d9,,,
5,9,x[11],True,x[11],0.16129032258064513,9dada49e784601183eb3a1e1723ce2d4,,,
5,9,x[11],True,x[11],0.16129032258064513,9dada49e784601183eb3a1e1723ce2d4,,,
5,9,x[11],True,x[11],0.16129032258064513,9dada49e784601183eb3a1e1723ce2d4,,,
5,9,x[11],True,x[11],0.16129032258064513,9dada49e784601183eb3a1e1723ce2d4,,,
5,9,x[14],True,x[14],0.22580645161290325,5184b187f6f474f266ff1a9e52a8b41f,,,
5,9,x[10],True,x[10],0.24193548387096775,7424f049dcd7de48c5ec487367408f4f,,,
5,9,x[12],True,x[12],0.18548387096774188,0d372214e94f96a8c686509e4d084014,,,
5,9,x[11],True,x[11],0.16129032258064513,9dada49e784601183eb3a1e1723ce2d4,,,
5,9,x[1],True,x[1],0.685483870967742,48150b63a14de07ac8ada4efd9d4896c,,,
5,9,x[11],True,x[11],0.16129032258064513,9dada49e784601183eb3a1e1723ce2d4,,,
5,9,x[11],True,x[11],0.16129032258064513,9dada49e784601183eb3a1e1723ce2d4,,,
5,9,x[11],True,x[11],0.16129032258064513,9dada49e784601183eb3a1e1723ce2d4,,,
5,9,x[16],True,x[16],0.217741935483871,2b4aec85a499a1f7baf764b48bcf9178,,,
5,9,x[11],True,x[11],0.16129032258064513,9dada49e784601183eb3a1e1723ce2d4,,,
5,9,x[11],True,x[11],0.16129032258064513,9dada49e784601183eb3a1e1723ce2d4,,,
5,9,x[11],True,x[11],0.16129032258064513,9dada49e784601183eb3a1e1723ce2d4,,,
5,9,x[6],True,x[6],0.30645161290322576,d902aea98596abf07e07d9c42be380bf,,,
5,9,x[11],True,x[11],0.16129032258064513,9dada49e784601183eb3a1e1723ce2d4,,,
5,9,x[11],True,x[11],0.16129032258064513,9dada49e784601183eb3a1e1723ce2d4,,,
5,9,x[11],True,x[11],0.16129032258064513,9dada49e784601183eb3a1e1723ce2d4,,,
5,9,x[11],True,x[11],0.16129032258064513,9dada49e784601183eb3a1e1723ce2d4,,,
5,9,x[11],True,x[11],0.16129032258064513,9dada49e784601183eb3a1e1723ce2d4,,,
5,9,x[11],True,x[11],0.16129032258064513,9dada49e784601183eb3a1e1723ce2d4,,,
5,9,x[11],True,x[11],0.16129032258064513,9dada49e784601183eb3a1e1723ce2d4,,,
5,9,x[11],True,x[11],0.16129032258064513,9dada49e784601183eb3a1e1723ce2d4,,,
5,9,"and_(and_(x[9],and_(and_(x[6],x[13]),not_(x[10]))),x[6])",False,,,147c7c37315362cfc455b376118e2d72,0.7661290322580645,False,0.0
5,9,x[11],True,x[11],0.16129032258064513,9dada49e784601183eb3a1e1723ce2d4,,,
5,9,x[11],True,x[11],0.16129032258064513,9dada49e784601183eb3a1e1723ce2d4,,,
5,9,x[11],True,x[11],0.16129032258064513,9dada49e784601183eb3a1e1723ce2d4,,,
5,9,x[11],True,x[11],0.16129032258064513,9dada49e784601183eb3a1e1723ce2d4,,,
5,9,x[11],True,x[11],0.16129032258064513,9dada49e784601183eb3a1e1723ce2d4,,,
5,9,x[11],True,x[11],0.16129032258064513,9dada49e784601183eb3a1e1723ce2d4,,,
5,9,x[11],True,x[11],0.16129032258064513,9dada49e784601183eb3a1e1723ce2d4,,,
5,9,x[11],True,x[11],0.16129032258064513,9dada49e784601183eb3a1e1723ce2d4,,,
5,9,x[11],True,x[11],0.16129032258064513,9dada49e784601183eb3a1e1723ce2d4,,,
5,9,x[11],True,x[11],0.16129032258064513,9dada49e784601183eb3a1e1723ce2d4,,,
5,9,x[12],True,x[12],0.18548387096774188,0d372214e94f96a8c686509e4d084014,,,
5,9,x[11],True,x[11],0.16129032258064513,9dada49e784601183eb3a1e1723ce2d4,,,
5,9,x[11],True,x[11],0.16129032258064513,9dada49e784601183eb3a1e1723ce2d4,,,
5,9,x[11],True,x[11],0.16129032258064513,9dada49e784601183eb3a1e1723ce2d4,,,
5,9,x[11],True,x[11],0.16129032258064513,9dada49e784601183eb3a1e1723ce2d4,,,
5,9,x[11],True,x[11],0.16129032258064513,9dada49e784601183eb3a1e1723ce2d4,,,
5,9,x[11],True,x[11],0.16129032258064513,9dada49e784601183eb3a1e1723ce2d4,,,
5,9,x[11],True,x[11],0.16129032258064513,9dada49e784601183eb3a1e1723ce2d4,,,
5,9,x[11],True,x[11],0.16129032258064513,9dada49e784601183eb3a1e1723ce2d4,,,
5,9,x[11],True,x[11],0.16129032258064513,9dada49e784601183eb3a1e1723ce2d4,,,
5,9,x[11],True,x[11],0.16129032258064513,9dada49e784601183eb3a1e1723ce2d4,,,
5,9,x[11],True,x[11],0.16129032258064513,9dada49e784601183eb3a1e1723ce2d4,,,
5,9,x[11],True,x[11],0.16129032258064513,9dada49e784601183eb3a1e1723ce2d4,,,
5,9,x[11],True,x[11],0.16129032258064513,9dada49e784601183eb3a1e1723ce2d4,,,
5,9,x[11],True,x[11],0.16129032258064513,9dada49e784601183eb3a1e1723ce2d4,,,
5,9,x[11],True,x[11],0.16129032258064513,9dada49e784601183eb3a1e1723ce2d4,,,
5,9,x[11],True,x[11],0.16129032258064513,9dada49e784601183eb3a1e1723ce2d4,,,
5,9,x[11],True,x[11],0.16129032258064513,9dada49e784601183eb3a1e1723ce2d4,,,
5,9,x[11],True,x[11],0.16129032258064513,9dada49e784601183eb3a1e1723ce2d4,,,
5,9,x[11],True,x[11],0.16129032258064513,9dada49e784601183eb3a1e1723ce2d4,,,
5,9,x[11],True,x[11],0.16129032258064513,9dada49e784601183eb3a1e1723ce2d4,,,
5,9,x[11],True,x[11],0.16129032258064513,9dada49e784601183eb3a1e1723ce2d4,,,
5,9,x[11],True,x[11],0.16129032258064513,9dada49e784601183eb3a1e1723ce2d4,,,
5,9,x[11],True,x[11],0.16129032258064513,9dada49e784601183eb3a1e1723ce2d4,,,
5,9,x[11],True,x[11],0.16129032258064513,9dada49e784601183eb3a1e1723ce2d4,,,
5,9,x[11],True,x[11],0.16129032258064513,9dada49e784601183eb3a1e1723ce2d4,,,
5,9,x[14],True,x[14],0.22580645161290325,5184b187f6f474f266ff1a9e52a8b41f,,,
5,9,x[11],True,x[11],0.16129032258064513,9dada49e784601183eb3a1e1723ce2d4,,,
5,9,x[11],True,x[11],0.16129032258064513,9dada49e784601183eb3a1e1723ce2d4,,,
5,9,x[11],True,x[11],0.16129032258064513,9dada49e784601183eb3a1e1723ce2d4,,,
5,9,x[16],True,x[16],0.217741935483871,2b4aec85a499a1f7baf764b48bcf9178,,,
5,9,x[11],True,x[11],0.16129032258064513,9dada49e784601183eb3a1e1723ce2d4,,,
5,9,x[11],True,x[11],0.16129032258064513,9dada49e784601183eb3a1e1723ce2d4,,,
5,9,x[11],True,x[11],0.16129032258064513,9dada49e784601183eb3a1e1723ce2d4,,,
5,9,x[11],True,x[11],0.16129032258064513,9dada49e784601183eb3a1e1723ce2d4,,,
5,9,x[11],True,x[11],0.16129032258064513,9dada49e784601183eb3a1e1723ce2d4,,,
5,9,x[11],True,x[11],0.16129032258064513,9dada49e784601183eb3a1e1723ce2d4,,,
5,9,x[11],True,x[11],0.16129032258064513,9dada49e784601183eb3a1e1723ce2d4,,,
5,9,x[11],True,x[11],0.16129032258064513,9dada49e784601183eb3a1e1723ce2d4,,,
5,9,x[11],True,x[11],0.16129032258064513,9dada49e784601183eb3a1e1723ce2d4,,,
5,9,x[12],True,x[12],0.18548387096774188,0d372214e94f96a8c686509e4d084014,,,
5,9,x[11],True,x[11],0.16129032258064513,9dada49e784601183eb3a1e1723ce2d4,,,
5,9,x[11],True,x[11],0.16129032258064513,9dada49e784601183eb3a1e1723ce2d4,,,
5,9,x[8],True,x[8],0.4354838709677419,8c6b56831adf589cc7ca352d27aafe6d,,,
5,9,x[11],True,x[11],0.16129032258064513,9dada49e784601183eb3a1e1723ce2d4,,,
5,9,x[11],True,x[11],0.16129032258064513,9dada49e784601183eb3a1e1723ce2d4,,,
5,9,x[11],True,x[11],0.16129032258064513,9dada49e784601183eb3a1e1723ce2d4,,,
5,9,x[11],True,x[11],0.16129032258064513,9dada49e784601183eb3a1e1723ce2d4,,,
5,9,x[11],True,x[11],0.16129032258064513,9dada49e784601183eb3a1e1723ce2d4,,,
5,9,x[11],True,x[11],0.16129032258064513,9dada49e784601183eb3a1e1723ce2d4,,,
5,9,x[11],True,x[11],0.16129032258064513,9dada49e784601183eb3a1e1723ce2d4,,,
5,9,x[11],True,x[11],0.16129032258064513,9dada49e784601183eb3a1e1723ce2d4,,,
5,9,x[11],True,x[11],0.16129032258064513,9dada49e784601183eb3a1e1723ce2d4,,,
5,9,x[6],True,x[6],0.30645161290322576,d902aea98596abf07e07d9c42be380bf,,,
5,9,x[11],True,x[11],0.16129032258064513,9dada49e784601183eb3a1e1723ce2d4,,,
5,9,x[11],True,x[11],0.16129032258064513,9dada49e784601183eb3a1e1723ce2d4,,,
5,9,x[11],True,x[11],0.16129032258064513,9dada49e784601183eb3a1e1723ce2d4,,,
5,9,x[11],True,x[11],0.16129032258064513,9dada49e784601183eb3a1e1723ce2d4,,,
5,9,x[12],True,x[12],0.18548387096774188,0d372214e94f96a8c686509e4d084014,,,
5,9,x[11],True,x[11],0.16129032258064513,9dada49e784601183eb3a1e1723ce2d4,,,
5,9,x[11],True,x[11],0.16129032258064513,9dada49e784601183eb3a1e1723ce2d4,,,
5,9,x[14],True,x[14],0.22580645161290325,5184b187f6f474f266ff1a9e52a8b41f,,,
5,9,x[11],True,x[11],0.16129032258064513,9dada49e784601183eb3a1e1723ce2d4,,,
5,9,x[11],True,x[11],0.16129032258064513,9dada49e784601183eb3a1e1723ce2d4,,,
5,9,x[11],True,x[11],0.16129032258064513,9dada49e784601183eb3a1e1723ce2d4,,,
5,9,x[11],True,x[11],0.16129032258064513,9dada49e784601183eb3a1e1723ce2d4,,,
5,9,x[9],True,x[9],0.2338709677419355,2e0260aa627dff742f7c723c8367e701,,,
5,9,x[11],True,x[11],0.16129032258064513,9dada49e784601183eb3a1e1723ce2d4,,,
5,9,x[11],True,x[11],0.16129032258064513,9dada49e784601183eb3a1e1723ce2d4,,,
5,9,x[11],True,x[11],0.16129032258064513,9dada49e784601183eb3a1e1723ce2d4,,,
5,9,x[11],True,x[11],0.16129032258064513,9dada49e784601183eb3a1e1723ce2d4,,,
5,9,x[11],True,x[11],0.16129032258064513,9dada49e784601183eb3a1e1723ce2d4,,,
5,9,x[11],True,x[11],0.16129032258064513,9dada49e784601183eb3a1e1723ce2d4,,,
5,9,x[11],True,x[11],0.16129032258064513,9dada49e784601183eb3a1e1723ce2d4,,,
5,9,x[11],True,x[11],0.16129032258064513,9dada49e784601183eb3a1e1723ce2d4,,,
5,9,x[11],True,x[11],0.16129032258064513,9dada49e784601183eb3a1e1723ce2d4,,,
5,9,x[11],True,x[11],0.16129032258064513,9dada49e784601183eb3a1e1723ce2d4,,,
5,9,x[11],True,x[11],0.16129032258064513,9dada49e784601183eb3a1e1723ce2d4,,,
5,9,x[11],True,x[11],0.16129032258064513,9dada49e784601183eb3a1e1723ce2d4,,,
5,9,x[11],True,x[11],0.16129032258064513,9dada49e784601183eb3a1e1723ce2d4,,,
5,9,x[11],True,x[11],0.16129032258064513,9dada49e784601183eb3a1e1723ce2d4,,,
5,9,x[18],True,x[18],0.6451612903225806,6a4c84e0915d9d2b86d121e994683436,,,
5,9,x[11],True,x[11],0.16129032258064513,9dada49e784601183eb3a1e1723ce2d4,,,
5,9,x[11],True,x[11],0.16129032258064513,9dada49e784601183eb3a1e1723ce2d4,,,
5,9,x[11],True,x[11],0.16129032258064513,9dada49e784601183eb3a1e1723ce2d4,,,
5,9,x[11],True,x[11],0.16129032258064513,9dada49e784601183eb3a1e1723ce2d4,,,
5,9,x[11],True,x[11],0.16129032258064513,9dada49e784601183eb3a1e1723ce2d4,,,
5,9,x[10],True,x[10],0.24193548387096775,7424f049dcd7de48c5ec487367408f4f,,,
5,9,x[11],True,x[11],0.16129032258064513,9dada49e784601183eb3a1e1723ce2d4,,,
5,9,x[11],True,x[11],0.16129032258064513,9dada49e784601183eb3a1e1723ce2d4,,,
5,9,x[11],True,x[11],0.16129032258064513,9dada49e784601183eb3a1e1723ce2d4,,,
5,9,x[11],True,x[11],0.16129032258064513,9dada49e784601183eb3a1e1723ce2d4,,,
5,9,x[11],True,x[11],0.16129032258064513,9dada49e784601183eb3a1e1723ce2d4,,,
5,9,x[11],True,x[11],0.16129032258064513,9dada49e784601183eb3a1e1723ce2d4,,,
5,9,x[11],True,x[11],0.16129032258064513,9dada49e784601183eb3a1e1723ce2d4,,,
5,9,x[11],True,x[11],0.16129032258064513,9dada49e784601183eb3a1e1723ce2d4,,,
5,9,x[11],True,x[11],0.16129032258064513,9dada49e784601183eb3a1e1723ce2d4,,,
5,9,x[11],True,x[11],0.16129032258064513,9dada49e784601183eb3a1e1723ce2d4,,,
5,9,x[11],True,x[11],0.16129032258064513,9dada49e784601183eb3a1e1723ce2d4,,,
5,9,x[11],True,x[11],0.16129032258064513,9dada49e784601183eb3a1e1723ce2d4,,,
5,9,x[11],True,x[11],0.16129032258064513,9dada49e784601183eb3a1e1723ce2d4,,,
5,9,x[11],True,x[11],0.16129032258064513,9dada49e784601183eb3a1e1723ce2d4,,,
5,9,x[14],True,x[14],0.22580645161290325,5184b187f6f474f266ff1a9e52a8b41f,,,
5,9,x[11],True,x[11],0.16129032258064513,9dada49e784601183eb3a1e1723ce2d4,,,
5,9,x[11],True,x[11],0.16129032258064513,9dada49e784601183eb3a1e1723ce2d4,,,
5,9,x[11],True,x[11],0.16129032258064513,9dada49e784601183eb3a1e1723ce2d4,,,
5,9,x[15],True,x[15],0.22580645161290325,301bd409bd67cc588ceaa53a6f5220a4,,,
5,9,x[11],True,x[11],0.16129032258064513,9dada49e784601183eb3a1e1723ce2d4,,,
5,9,x[8],True,x[8],0.4354838709677419,8c6b56831adf589cc7ca352d27aafe6d,,,
5,9,x[11],True,x[11],0.16129032258064513,9dada49e784601183eb3a1e1723ce2d4,,,
5,9,x[11],True,x[11],0.16129032258064513,9dada49e784601183eb3a1e1723ce2d4,,,
5,9,x[11],True,x[11],0.16129032258064513,9dada49e784601183eb3a1e1723ce2d4,,,
5,9,x[11],True,x[11],0.16129032258064513,9dada49e784601183eb3a1e1723ce2d4,,,
5,9,x[11],True,x[11],0.16129032258064513,9dada49e784601183eb3a1e1723ce2d4,,,
5,9,x[11],True,x[11],0.16129032258064513,9dada49e784601183eb3a1e1723ce2d4,,,
5,9,x[11],True,x[11],0.16129032258064513,9dada49e784601183eb3a1e1723ce2d4,,,
5,9,x[11],True,x[11],0.16129032258064513,9dada49e784601183eb3a1e1723ce2d4,,,
5,9,x[11],True,x[11],0.16129032258064513,9dada49e784601183eb3a1e1723ce2d4,,,
5,9,x[11],True,x[11],0.16129032258064513,9dada49e784601183eb3a1e1723ce2d4,,,
5,9,x[11],True,x[11],0.16129032258064513,9dada49e784601183eb3a1e1723ce2d4,,,
5,9,x[16],True,x[16],0.217741935483871,2b4aec85a499a1f7baf764b48bcf9178,,,
5,9,x[11],True,x[11],0.16129032258064513,9dada49e784601183eb3a1e1723ce2d4,,,
5,9,x[11],True,x[11],0.16129032258064513,9dada49e784601183eb3a1e1723ce2d4,,,
5,9,x[11],True,x[11],0.16129032258064513,9dada49e784601183eb3a1e1723ce2d4,,,
5,9,x[11],True,x[11],0.16129032258064513,9dada49e784601183eb3a1e1723ce2d4,,,
5,9,x[11],True,x[11],0.16129032258064513,9dada49e784601183eb3a1e1723ce2d4,,,
5,9,x[17],True,x[17],0.217741935483871,078a7ef4b1d424e54e976f158f2a5fa5,,,
5,9,x[11],True,x[11],0.16129032258064513,9dada49e784601183eb3a1e1723ce2d4,,,
5,9,x[11],True,x[11],0.16129032258064513,9dada49e784601183eb3a1e1723ce2d4,,,
5,9,x[11],True,x[11],0.16129032258064513,9dada49e784601183eb3a1e1723ce2d4,,,
5,9,x[11],True,x[11],0.16129032258064513,9dada49e784601183eb3a1e1723ce2d4,,,
5,9,x[11],True,x[11],0.16129032258064513,9dada49e784601183eb3a1e1723ce2d4,,,
5,9,x[11],True,x[11],0.16129032258064513,9dada49e784601183eb3a1e1723ce2d4,,,
5,9,x[11],True,x[11],0.16129032258064513,9dada49e784601183eb3a1e1723ce2d4,,,
5,9,x[11],True,x[11],0.16129032258064513,9dada49e784601183eb3a1e1723ce2d4,,,
5,9,x[11],True,x[11],0.16129032258064513,9dada49e784601183eb3a1e1723ce2d4,,,
5,9,x[11],True,x[11],0.16129032258064513,9dada49e784601183eb3a1e1723ce2d4,,,
5,9,x[11],True,x[11],0.16129032258064513,9dada49e784601183eb3a1e1723ce2d4,,,
5,9,x[11],True,x[11],0.16129032258064513,9dada49e784601183eb3a1e1723ce2d4,,,
5,9,x[11],True,x[11],0.16129032258064513,9dada49e784601183eb3a1e1723ce2d4,,,
5,9,x[11],True,x[11],0.16129032258064513,9dada49e784601183eb3a1e1723ce2d4,,,
5,9,x[11],True,x[11],0.16129032258064513,9dada49e784601183eb3a1e1723ce2d4,,,
5,9,x[16],True,x[16],0.217741935483871,2b4aec85a499a1f7baf764b48bcf9178,,,
5,9,x[11],True,x[11],0.16129032258064513,9dada49e784601183eb3a1e1723ce2d4,,,
5,9,x[6],True,x[6],0.30645161290322576,d902aea98596abf07e07d9c42be380bf,,,
5,9,x[11],True,x[11],0.16129032258064513,9dada49e784601183eb3a1e1723ce2d4,,,
5,9,x[6],True,x[6],0.30645161290322576,d902aea98596abf07e07d9c42be380bf,,,
5,9,x[11],True,x[11],0.16129032258064513,9dada49e784601183eb3a1e1723ce2d4,,,
5,9,x[11],True,x[11],0.16129032258064513,9dada49e784601183eb3a1e1723ce2d4,,,
5,9,x[11],True,x[11],0.16129032258064513,9dada49e784601183eb3a1e1723ce2d4,,,
5,9,x[1],True,x[1],0.685483870967742,48150b63a14de07ac8ada4efd9d4896c,,,
5,9,x[11],True,x[11],0.16129032258064513,9dada49e784601183eb3a1e1723ce2d4,,,
5,9,x[9],True,x[9],0.2338709677419355,2e0260aa627dff742f7c723c8367e701,,,
5,9,x[11],True,x[11],0.16129032258064513,9dada49e784601183eb3a1e1723ce2d4,,,
5,9,x[8],True,x[8],0.4354838709677419,8c6b56831adf589cc7ca352d27aafe6d,,,
5,9,x[11],True,x[11],0.16129032258064513,9dada49e784601183eb3a1e1723ce2d4,,,
5,9,x[11],True,x[11],0.16129032258064513,9dada49e784601183eb3a1e1723ce2d4,,,
5,9,x[11],True,x[11],0.16129032258064513,9dada49e784601183eb3a1e1723ce2d4,,,
5,9,x[17],True,x[17],0.217741935483871,078a7ef4b1d424e54e976f158f2a5fa5,,,
5,9,x[11],True,x[11],0.16129032258064513,9dada49e784601183eb3a1e1723ce2d4,,,
5,9,x[11],True,x[11],0.16129032258064513,9dada49e784601183eb3a1e1723ce2d4,,,
5,9,x[11],True,x[11],0.16129032258064513,9dada49e784601183eb3a1e1723ce2d4,,,
5,9,x[11],True,x[11],0.16129032258064513,9dada49e784601183eb3a1e1723ce2d4,,,
5,9,x[11],True,x[11],0.16129032258064513,9dada49e784601183eb3a1e1723ce2d4,,,
5,9,x[11],True,x[11],0.16129032258064513,9dada49e784601183eb3a1e1723ce2d4,,,
5,9,x[11],True,x[11],0.16129032258064513,9dada49e784601183eb3a1e1723ce2d4,,,
5,9,x[11],True,x[11],0.16129032258064513,9dada49e784601183eb3a1e1723ce2d4,,,
5,9,x[11],True,x[11],0.16129032258064513,9dada49e784601183eb3a1e1723ce2d4,,,
5,9,x[11],True,x[11],0.16129032258064513,9dada49e784601183eb3a1e1723ce2d4,,,
5,9,x[4],True,x[4],0.49193548387096775,c062f6f76dec194bafe0ddbf91add8d9,,,
5,9,x[11],True,x[11],0.16129032258064513,9dada49e784601183eb3a1e1723ce2d4,,,
5,9,x[11],True,x[11],0.16129032258064513,9dada49e784601183eb3a1e1723ce2d4,,,
5,9,x[11],True,x[11],0.16129032258064513,9dada49e784601183eb3a1e1723ce2d4,,,
5,9,x[11],True,x[11],0.16129032258064513,9dada49e784601183eb3a1e1723ce2d4,,,
5,9,x[11],True,x[11],0.16129032258064513,9dada49e784601183eb3a1e1723ce2d4,,,
5,9,x[11],True,x[11],0.16129032258064513,9dada49e784601183eb3a1e1723ce2d4,,,
5,9,x[11],True,x[11],0.16129032258064513,9dada49e784601183eb3a1e1723ce2d4,,,
5,9,x[6],True,x[6],0.30645161290322576,d902aea98596abf07e07d9c42be380bf,,,
5,9,x[11],True,x[11],0.16129032258064513,9dada49e784601183eb3a1e1723ce2d4,,,
5,9,x[11],True,x[11],0.16129032258064513,9dada49e784601183eb3a1e1723ce2d4,,,
5,9,x[11],True,x[11],0.16129032258064513,9dada49e784601183eb3a1e1723ce2d4,,,
5,9,x[11],True,x[11],0.16129032258064513,9dada49e784601183eb3a1e1723ce2d4,,,
5,10,x[11],True,x[11],0.16129032258064513,9dada49e784601183eb3a1e1723ce2d4,,,
5,10,x[11],True,x[11],0.16129032258064513,9dada49e784601183eb3a1e1723ce2d4,,,
5,10,x[11],True,x[11],0.16129032258064513,9dada49e784601183eb3a1e1723ce2d4,,,
5,10,x[11],True,x[11],0.16129032258064513,9dada49e784601183eb3a1e1723ce2d4,,,
5,10,x[11],True,x[11],0.16129032258064513,9dada49e784601183eb3a1e1723ce2d4,,,
5,10,x[11],True,x[11],0.16129032258064513,9dada49e784601183eb3a1e1723ce2d4,,,
5,10,x[11],True,x[11],0.16129032258064513,9dada49e784601183eb3a1e1723ce2d4,,,
5,10,x[11],True,x[11],0.16129032258064513,9dada49e784601183eb3a1e1723ce2d4,,,
5,10,x[6],True,x[6],0.30645161290322576,d902aea98596abf07e07d9c42be380bf,,,
5,10,x[11],True,x[11],0.16129032258064513,9dada49e784601183eb3a1e1723ce2d4,,,
5,10,x[11],True,x[11],0.16129032258064513,9dada49e784601183eb3a1e1723ce2d4,,,
5,10,x[11],True,x[11],0.16129032258064513,9dada49e784601183eb3a1e1723ce2d4,,,
5,10,x[11],True,x[11],0.16129032258064513,9dada49e784601183eb3a1e1723ce2d4,,,
5,10,x[11],True,x[11],0.16129032258064513,9dada49e784601183eb3a1e1723ce2d4,,,
5,10,x[11],True,x[11],0.16129032258064513,9dada49e784601183eb3a1e1723ce2d4,,,
5,10,x[1],True,x[1],0.685483870967742,48150b63a14de07ac8ada4efd9d4896c,,,
5,10,x[11],True,x[11],0.16129032258064513,9dada49e784601183eb3a1e1723ce2d4,,,
5,10,x[11],True,x[11],0.16129032258064513,9dada49e784601183eb3a1e1723ce2d4,,,
5,10,x[11],True,x[11],0.16129032258064513,9dada49e784601183eb3a1e1723ce2d4,,,
5,10,x[11],True,x[11],0.16129032258064513,9dada49e784601183eb3a1e1723ce2d4,,,
5,10,x[11],True,x[11],0.16129032258064513,9dada49e784601183eb3a1e1723ce2d4,,,
5,10,x[12],True,x[12],0.18548387096774188,0d372214e94f96a8c686509e4d084014,,,
5,10,x[16],True,x[16],0.217741935483871,2b4aec85a499a1f7baf764b48bcf9178,,,
5,10,x[11],True,x[11],0.16129032258064513,9dada49e784601183eb3a1e1723ce2d4,,,
5,10,x[11],True,x[11],0.16129032258064513,9dada49e784601183eb3a1e1723ce2d4,,,
5,10,x[11],True,x[11],0.16129032258064513,9dada49e784601183eb3a1e1723ce2d4,,,
5,10,x[11],True,x[11],0.16129032258064513,9dada49e784601183eb3a1e1723ce2d4,,,
5,10,x[11],True,x[11],0.16129032258064513,9dada49e784601183eb3a1e1723ce2d4,,,
5,10,x[11],True,x[11],0.16129032258064513,9dada49e784601183eb3a1e1723ce2d4,,,
5,10,x[11],True,x[11],0.16129032258064513,9dada49e784601183eb3a1e1723ce2d4,,,
5,10,x[11],True,x[11],0.16129032258064513,9dada49e784601183eb3a1e1723ce2d4,,,
5,10,x[11],True,x[11],0.16129032258064513,9dada49e784601183eb3a1e1723ce2d4,,,
5,10,x[11],True,x[11],0.16129032258064513,9dada49e784601183eb3a1e1723ce2d4,,,
5,10,x[10],True,x[10],0.24193548387096775,7424f049dcd7de48c5ec487367408f4f,,,
5,10,x[11],True,x[11],0.16129032258064513,9dada49e784601183eb3a1e1723ce2d4,,,
5,10,x[11],True,x[11],0.16129032258064513,9dada49e784601183eb3a1e1723ce2d4,,,
5,10,x[11],True,x[11],0.16129032258064513,9dada49e784601183eb3a1e1723ce2d4,,,
5,10,x[11],True,x[11],0.16129032258064513,9dada49e784601183eb3a1e1723ce2d4,,,
5,10,x[11],True,x[11],0.16129032258064513,9dada49e784601183eb3a1e1723ce2d4,,,
5,10,x[11],True,x[11],0.16129032258064513,9dada49e784601183eb3a1e1723ce2d4,,,
5,10,x[11],True,x[11],0.16129032258064513,9dada49e784601183eb3a1e1723ce2d4,,,
5,10,x[11],True,x[11],0.16129032258064513,9dada49e784601183eb3a1e1723ce2d4,,,
5,10,x[11],True,x[11],0.16129032258064513,9dada49e784601183eb3a1e1723ce2d4,,,
5,10,x[16],True,x[16],0.217741935483871,2b4aec85a499a1f7baf764b48bcf9178,,,
5,10,x[11],True,x[11],0.16129032258064513,9dada49e784601183eb3a1e1723ce2d4,,,
5,10,x[11],True,x[11],0.16129032258064513,9dada49e784601183eb3a1e1723ce2d4,,,
5,10,x[11],True,x[11],0.16129032258064513,9dada49e784601183eb3a1e1723ce2d4,,,
5,10,x[11],True,x[11],0.16129032258064513,9dada49e784601183eb3a1e1723ce2d4,,,
5,10,x[11],True,x[11],0.16129032258064513,9dada49e784601183eb3a1e1723ce2d4,,,
5,10,x[4],True,x[4],0.49193548387096775,c062f6f76dec194bafe0ddbf91add8d9,,,
5,10,x[11],True,x[11],0.16129032258064513,9dada49e784601183eb3a1e1723ce2d4,,,
5,10,x[11],True,x[11],0.16129032258064513,9dada49e784601183eb3a1e1723ce2d4,,,
5,10,x[11],True,x[11],0.16129032258064513,9dada49e784601183eb3a1e1723ce2d4,,,
5,10,x[1],True,x[1],0.685483870967742,48150b63a14de07ac8ada4efd9d4896c,,,
5,10,x[11],True,x[11],0.16129032258064513,9dada49e784601183eb3a1e1723ce2d4,,,
5,10,x[11],True,x[11],0.16129032258064513,9dada49e784601183eb3a1e1723ce2d4,,,
5,10,x[11],True,x[11],0.16129032258064513,9dada49e784601183eb3a1e1723ce2d4,,,
5,10,x[11],True,x[11],0.16129032258064513,9dada49e784601183eb3a1e1723ce2d4,,,
5,10,x[11],True,x[11],0.16129032258064513,9dada49e784601183eb3a1e1723ce2d4,,,
5,10,x[11],True,x[11],0.16129032258064513,9dada49e784601183eb3a1e1723ce2d4,,,
5,10,x[12],True,x[12],0.18548387096774188,0d372214e94f96a8c686509e4d084014,,,
5,10,x[11],True,x[11],0.16129032258064513,9dada49e784601183eb3a1e1723ce2d4,,,
5,10,x[11],True,x[11],0.16129032258064513,9dada49e784601183eb3a1e1723ce2d4,,,
5,10,x[12],True,x[12],0.18548387096774188,0d372214e94f96a8c686509e4d084014,,,
5,10,x[11],True,x[11],0.16129032258064513,9dada49e784601183eb3a1e1723ce2d4,,,
5,10,x[11],True,x[11],0.16129032258064513,9dada49e784601183eb3a1e1723ce2d4,,,
5,10,x[11],True,x[11],0.16129032258064513,9dada49e784601183eb3a1e1723ce2d4,,,
5,10,x[11],True,x[11],0.16129032258064513,9dada49e784601183eb3a1e1723ce2d4,,,
5,10,x[11],True,x[11],0.16129032258064513,9dada49e784601183eb3a1e1723ce2d4,,,
5,10,x[11],True,x[11],0.16129032258064513,9dada49e784601183eb3a1e1723ce2d4,,,
5,10,x[11],True,x[11],0.16129032258064513,9dada49e784601183eb3a1e1723ce2d4,,,
5,10,x[11],True,x[11],0.16129032258064513,9dada49e784601183eb3a1e1723ce2d4,,,
5,10,x[11],True,x[11],0.16129032258064513,9dada49e784601183eb3a1e1723ce2d4,,,
5,10,x[9],True,x[9],0.2338709677419355,2e0260aa627dff742f7c723c8367e701,,,
5,10,x[11],True,x[11],0.16129032258064513,9dada49e784601183eb3a1e1723ce2d4,,,
5,10,x[11],True,x[11],0.16129032258064513,9dada49e784601183eb3a1e1723ce2d4,,,
5,10,x[11],True,x[11],0.16129032258064513,9dada49e784601183eb3a1e1723ce2d4,,,
5,10,x[12],True,x[12],0.18548387096774188,0d372214e94f96a8c686509e4d084014,,,
5,10,x[11],True,x[11],0.16129032258064513,9dada49e784601183eb3a1e1723ce2d4,,,
5,10,x[11],True,x[11],0.16129032258064513,9dada49e784601183eb3a1e1723ce2d4,,,
5,10,x[11],True,x[11],0.16129032258064513,9dada49e784601183eb3a1e1723ce2d4,,,
5,10,x[11],True,x[11],0.16129032258064513,9dada49e784601183eb3a1e1723ce2d4,,,
5,10,x[11],True,x[11],0.16129032258064513,9dada49e784601183eb3a1e1723ce2d4,,,
5,10,"or_(and_(x[9],x[9]),not_(not_(x[6])))",False,,,b2a9b2db56f4c70a6718f4937fdf8433,0.20967741935483875,False,0.0
5,10,x[11],True,x[11],0.16129032258064513,9dada49e784601183eb3a1e1723ce2d4,,,
5,10,x[11],True,x[11],0.16129032258064513,9dada49e784601183eb3a1e1723ce2d4,,,
5,10,x[11],True,x[11],0.16129032258064513,9dada49e784601183eb3a1e1723ce2d4,,,
5,10,x[11],True,x[11],0.16129032258064513,9dada49e784601183eb3a1e1723ce2d4,,,
5,10,x[11],True,x[11],0.16129032258064513,9dada49e784601183eb3a1e1723ce2d4,,,
5,10,x[11],True,x[11],0.16129032258064513,9dada49e784601183eb3a1e1723ce2d4,,,
5,10,x[11],True,x[11],0.16129032258064513,9dada49e784601183eb3a1e1723ce2d4,,,
5,10,x[11],True,x[11],0.16129032258064513,9dada49e784601183eb3a1e1723ce2d4,,,
5,10,x[11],True,x[11],0.16129032258064513,9dada49e784601183eb3a1e1723ce2d4,,,
5,10,x[14],True,x[14],0.22580645161290325,5184b187f6f474f266ff1a9e52a8b41f,,,
5,10,x[11],True,x[11],0.16129032258064513,9dada49e784601183eb3a1e1723ce2d4,,,
5,10,x[11],True,x[11],0.16129032258064513,9dada49e784601183eb3a1e1723ce2d4,,,
5,10,x[11],True,x[11],0.16129032258064513,9dada49e784601183eb3a1e1723ce2d4,,,
5,10,x[11],True,x[11],0.16129032258064513,9dada49e784601183eb3a1e1723ce2d4,,,
5,10,x[11],True,x[11],0.16129032258064513,9dada49e784601183eb3a1e1723ce2d4,,,
5,10,x[11],True,x[11],0.16129032258064513,9dada49e784601183eb3a1e1723ce2d4,,,
5,10,x[11],True,x[11],0.16129032258064513,9dada49e784601183eb3a1e1723ce2d4,,,
5,10,x[11],True,x[11],0.16129032258064513,9dada49e784601183eb3a1e1723ce2d4,,,
5,10,x[11],True,x[11],0.16129032258064513,9dada49e784601183eb3a1e1723ce2d4,,,
5,10,x[11],True,x[11],0.16129032258064513,9dada49e784601183eb3a1e1723ce2d4,,,
5,10,x[11],True,x[11],0.16129032258064513,9dada49e784601183eb3a1e1723ce2d4,,,
5,10,x[11],True,x[11],0.16129032258064513,9dada49e784601183eb3a1e1723ce2d4,,,
5,10,x[11],True,x[11],0.16129032258064513,9dada49e784601183eb3a1e1723ce2d4,,,
5,10,x[11],True,x[11],0.16129032258064513,9dada49e784601183eb3a1e1723ce2d4,,,
5,10,x[11],True,x[11],0.16129032258064513,9dada49e784601183eb3a1e1723ce2d4,,,
5,10,x[11],True,x[11],0.16129032258064513,9dada49e784601183eb3a1e1723ce2d4,,,
5,10,x[11],True,x[11],0.16129032258064513,9dada49e784601183eb3a1e1723ce2d4,,,
5,10,x[13],True,x[13],0.217741935483871,060f7b59fcb1852e9befb4d0292eca15,,,
5,10,x[11],True,x[11],0.16129032258064513,9dada49e784601183eb3a1e1723ce2d4,,,
5,10,x[11],True,x[11],0.16129032258064513,9dada49e784601183eb3a1e1723ce2d4,,,
5,10,x[11],True,x[11],0.16129032258064513,9dada49e784601183eb3a1e1723ce2d4,,,
5,10,x[11],True,x[11],0.16129032258064513,9dada49e784601183eb3a1e1723ce2d4,,,
5,10,x[11],True,x[11],0.16129032258064513,9dada49e784601183eb3a1e1723ce2d4,,,
5,10,x[11],True,x[11],0.16129032258064513,9dada49e784601183eb3a1e1723ce2d4,,,
5,10,x[11],True,x[11],0.16129032258064513,9dada49e784601183eb3a1e1723ce2d4,,,
5,10,x[11],True,x[11],0.16129032258064513,9dada49e784601183eb3a1e1723ce2d4,,,
5,10,x[11],True,x[11],0.16129032258064513,9dada49e784601183eb3a1e1723ce2d4,,,
5,10,x[11],True,x[11],0.16129032258064513,9dada49e784601183eb3a1e1723ce2d4,,,
5,10,x[11],True,x[11],0.16129032258064513,9dada49e784601183eb3a1e1723ce2d4,,,
5,10,x[11],True,x[11],0.16129032258064513,9dada49e784601183eb3a1e1723ce2d4,,,
5,10,x[11],True,x[11],0.16129032258064513,9dada49e784601183eb3a1e1723ce2d4,,,
5,10,x[11],True,x[11],0.16129032258064513,9dada49e784601183eb3a1e1723ce2d4,,,
5,10,"not_(and_(x[9],and_(and_(x[6],x[13]),not_(x[10]))))",False,,,f06ce488fb9596077ad2aea453608f76,0.2338709677419355,False,0.0
5,10,x[11],True,x[11],0.16129032258064513,9dada49e784601183eb3a1e1723ce2d4,,,
5,10,x[11],True,x[11],0.16129032258064513,9dada49e784601183eb3a1e1723ce2d4,,,
5,10,x[11],True,x[11],0.16129032258064513,9dada49e784601183eb3a1e1723ce2d4,,,
5,10,x[11],True,x[11],0.16129032258064513,9dada49e784601183eb3a1e1723ce2d4,,,
5,10,x[11],True,x[11],0.16129032258064513,9dada49e784601183eb3a1e1723ce2d4,,,
5,10,x[11],True,x[11],0.16129032258064513,9dada49e784601183eb3a1e1723ce2d4,,,
5,10,x[11],True,x[11],0.16129032258064513,9dada49e784601183eb3a1e1723ce2d4,,,
5,10,x[11],True,x[11],0.16129032258064513,9dada49e784601183eb3a1e1723ce2d4,,,
5,10,x[11],True,x[11],0.16129032258064513,9dada49e784601183eb3a1e1723ce2d4,,,
5,10,x[11],True,x[11],0.16129032258064513,9dada49e784601183eb3a1e1723ce2d4,,,
5,10,x[11],True,x[11],0.16129032258064513,9dada49e784601183eb3a1e1723ce2d4,,,
5,10,x[11],True,x[11],0.16129032258064513,9dada49e784601183eb3a1e1723ce2d4,,,
5,10,x[11],True,x[11],0.16129032258064513,9dada49e784601183eb3a1e1723ce2d4,,,
5,10,x[11],True,x[11],0.16129032258064513,9dada49e784601183eb3a1e1723ce2d4,,,
5,10,x[1],True,x[1],0.685483870967742,48150b63a14de07ac8ada4efd9d4896c,,,
5,10,x[11],True,x[11],0.16129032258064513,9dada49e784601183eb3a1e1723ce2d4,,,
5,10,x[11],True,x[11],0.16129032258064513,9dada49e784601183eb3a1e1723ce2d4,,,
5,10,x[13],True,x[13],0.217741935483871,060f7b59fcb1852e9befb4d0292eca15,,,
5,10,x[11],True,x[11],0.16129032258064513,9dada49e784601183eb3a1e1723ce2d4,,,
5,10,x[11],True,x[11],0.16129032258064513,9dada49e784601183eb3a1e1723ce2d4,,,
5,10,x[11],True,x[11],0.16129032258064513,9dada49e784601183eb3a1e1723ce2d4,,,
5,10,x[11],True,x[11],0.16129032258064513,9dada49e784601183eb3a1e1723ce2d4,,,
5,10,x[14],True,x[14],0.22580645161290325,5184b187f6f474f266ff1a9e52a8b41f,,,
5,10,x[11],True,x[11],0.16129032258064513,9dada49e784601183eb3a1e1723ce2d4,,,
5,10,x[11],True,x[11],0.16129032258064513,9dada49e784601183eb3a1e1723ce2d4,,,
5,10,x[11],True,x[11],0.16129032258064513,9dada49e784601183eb3a1e1723ce2d4,,,
5,10,x[11],True,x[11],0.16129032258064513,9dada49e784601183eb3a1e1723ce2d4,,,
5,10,x[11],True,x[11],0.16129032258064513,9dada49e784601183eb3a1e1723ce2d4,,,
5,10,x[11],True,x[11],0.16129032258064513,9dada49e784601183eb3a1e1723ce2d4,,,
5,10,x[11],True,x[11],0.16129032258064513,9dada49e784601183eb3a1e1723ce2d4,,,
5,10,x[11],True,x[11],0.16129032258064513,9dada49e784601183eb3a1e1723ce2d4,,,
5,10,x[11],True,x[11],0.16129032258064513,9dada49e784601183eb3a1e1723ce2d4,,,
5,10,x[11],True,x[11],0.16129032258064513,9dada49e784601183eb3a1e1723ce2d4,,,
5,10,x[11],True,x[11],0.16129032258064513,9dada49e784601183eb3a1e1723ce2d4,,,
5,10,x[11],True,x[11],0.16129032258064513,9dada49e784601183eb3a1e1723ce2d4,,,
5,10,x[11],True,x[11],0.16129032258064513,9dada49e784601183eb3a1e1723ce2d4,,,
5,10,x[11],True,x[11],0.16129032258064513,9dada49e784601183eb3a1e1723ce2d4,,,
5,10,x[11],True,x[11],0.16129032258064513,9dada49e784601183eb3a1e1723ce2d4,,,
5,10,x[11],True,x[11],0.16129032258064513,9dada49e784601183eb3a1e1723ce2d4,,,
5,10,x[11],True,x[11],0.16129032258064513,9dada49e784601183eb3a1e1723ce2d4,,,
5,10,x[11],True,x[11],0.16129032258064513,9dada49e784601183eb3a1e1723ce2d4,,,
5,10,x[11],True,x[11],0.16129032258064513,9dada49e784601183eb3a1e1723ce2d4,,,
5,10,x[11],True,x[11],0.16129032258064513,9dada49e784601183eb3a1e1723ce2d4,,,
5,10,x[11],True,x[11],0.16129032258064513,9dada49e784601183eb3a1e1723ce2d4,,,
5,10,x[11],True,x[11],0.16129032258064513,9dada49e784601183eb3a1e1723ce2d4,,,
5,10,x[11],True,x[11],0.16129032258064513,9dada49e784601183eb3a1e1723ce2d4,,,
5,10,x[11],True,x[11],0.16129032258064513,9dada49e784601183eb3a1e1723ce2d4,,,
5,10,x[11],True,x[11],0.16129032258064513,9dada49e784601183eb3a1e1723ce2d4,,,
5,10,x[11],True,x[11],0.16129032258064513,9dada49e784601183eb3a1e1723ce2d4,,,
5,10,x[11],True,x[11],0.16129032258064513,9dada49e784601183eb3a1e1723ce2d4,,,
5,10,x[11],True,x[11],0.16129032258064513,9dada49e784601183eb3a1e1723ce2d4,,,
5,10,x[11],True,x[11],0.16129032258064513,9dada49e784601183eb3a1e1723ce2d4,,,
5,10,x[11],True,x[11],0.16129032258064513,9dada49e784601183eb3a1e1723ce2d4,,,
5,10,x[11],True,x[11],0.16129032258064513,9dada49e784601183eb3a1e1723ce2d4,,,
5,10,x[11],True,x[11],0.16129032258064513,9dada49e784601183eb3a1e1723ce2d4,,,
5,10,x[11],True,x[11],0.16129032258064513,9dada49e784601183eb3a1e1723ce2d4,,,
5,10,x[9],True,x[9],0.2338709677419355,2e0260aa627dff742f7c723c8367e701,,,
5,10,x[11],True,x[11],0.16129032258064513,9dada49e784601183eb3a1e1723ce2d4,,,
5,10,x[11],True,x[11],0.16129032258064513,9dada49e784601183eb3a1e1723ce2d4,,,
5,10,x[18],True,x[18],0.6451612903225806,6a4c84e0915d9d2b86d121e994683436,,,
5,10,x[14],True,x[14],0.22580645161290325,5184b187f6f474f266ff1a9e52a8b41f,,,
5,10,x[11],True,x[11],0.16129032258064513,9dada49e784601183eb3a1e1723ce2d4,,,
5,10,x[11],True,x[11],0.16129032258064513,9dada49e784601183eb3a1e1723ce2d4,,,
5,10,x[11],True,x[11],0.16129032258064513,9dada49e784601183eb3a1e1723ce2d4,,,
5,10,x[11],True,x[11],0.16129032258064513,9dada49e784601183eb3a1e1723ce2d4,,,
5,10,x[11],True,x[11],0.16129032258064513,9dada49e784601183eb3a1e1723ce2d4,,,
5,10,"less_than_or_equal(x[3],sub(sub(x[7],x[3]),pdiv(x[2],x[3])))",True,not_(x[17]),0.782258064516129,ac739370374d1daddf9260a9a76ceba0,,,
5,10,x[11],True,x[11],0.16129032258064513,9dada49e784601183eb3a1e1723ce2d4,,,
5,10,x[13],True,x[13],0.217741935483871,060f7b59fcb1852e9befb4d0292eca15,,,
5,10,x[11],True,x[11],0.16129032258064513,9dada49e784601183eb3a1e1723ce2d4,,,
5,10,x[11],True,x[11],0.16129032258064513,9dada49e784601183eb3a1e1723ce2d4,,,
5,10,x[8],True,x[8],0.4354838709677419,8c6b56831adf589cc7ca352d27aafe6d,,,
5,10,x[11],True,x[11],0.16129032258064513,9dada49e784601183eb3a1e1723ce2d4,,,
5,10,x[11],True,x[11],0.16129032258064513,9dada49e784601183eb3a1e1723ce2d4,,,
5,10,x[14],True,x[14],0.22580645161290325,5184b187f6f474f266ff1a9e52a8b41f,,,
5,10,x[11],True,x[11],0.16129032258064513,9dada49e784601183eb3a1e1723ce2d4,,,
5,10,x[11],True,x[11],0.16129032258064513,9dada49e784601183eb3a1e1723ce2d4,,,
5,10,x[11],True,x[11],0.16129032258064513,9dada49e784601183eb3a1e1723ce2d4,,,
5,10,x[11],True,x[11],0.16129032258064513,9dada49e784601183eb3a1e1723ce2d4,,,
5,10,x[11],True,x[11],0.16129032258064513,9dada49e784601183eb3a1e1723ce2d4,,,
5,10,x[11],True,x[11],0.16129032258064513,9dada49e784601183eb3a1e1723ce2d4,,,
5,10,x[11],True,x[11],0.16129032258064513,9dada49e784601183eb3a1e1723ce2d4,,,
5,10,x[11],True,x[11],0.16129032258064513,9dada49e784601183eb3a1e1723ce2d4,,,
5,10,x[11],True,x[11],0.16129032258064513,9dada49e784601183eb3a1e1723ce2d4,,,
5,10,x[11],True,x[11],0.16129032258064513,9dada49e784601183eb3a1e1723ce2d4,,,
5,10,x[11],True,x[11],0.16129032258064513,9dada49e784601183eb3a1e1723ce2d4,,,
5,10,x[11],True,x[11],0.16129032258064513,9dada49e784601183eb3a1e1723ce2d4,,,
5,10,x[11],True,x[11],0.16129032258064513,9dada49e784601183eb3a1e1723ce2d4,,,
5,10,x[11],True,x[11],0.16129032258064513,9dada49e784601183eb3a1e1723ce2d4,,,
5,10,x[11],True,x[11],0.16129032258064513,9dada49e784601183eb3a1e1723ce2d4,,,
5,10,"less_than_or_equal(mul(sub(x[5],x[2]),mul(x[0],x[3])),x[5])",True,"or_(x[13],x[13])",0.217741935483871,36111fea987f400a898cb3f2f5b81685,,,
5,10,x[11],True,x[11],0.16129032258064513,9dada49e784601183eb3a1e1723ce2d4,,,
5,10,x[11],True,x[11],0.16129032258064513,9dada49e784601183eb3a1e1723ce2d4,,,
5,10,x[11],True,x[11],0.16129032258064513,9dada49e784601183eb3a1e1723ce2d4,,,
5,10,x[11],True,x[11],0.16129032258064513,9dada49e784601183eb3a1e1723ce2d4,,,
5,10,x[11],True,x[11],0.16129032258064513,9dada49e784601183eb3a1e1723ce2d4,,,
5,10,x[11],True,x[11],0.16129032258064513,9dada49e784601183eb3a1e1723ce2d4,,,
5,10,x[11],True,x[11],0.16129032258064513,9dada49e784601183eb3a1e1723ce2d4,,,
5,10,x[11],True,x[11],0.16129032258064513,9dada49e784601183eb3a1e1723ce2d4,,,
5,10,x[11],True,x[11],0.16129032258064513,9dada49e784601183eb3a1e1723ce2d4,,,
5,10,x[11],True,x[11],0.16129032258064513,9dada49e784601183eb3a1e1723ce2d4,,,
5,10,x[11],True,x[11],0.16129032258064513,9dada49e784601183eb3a1e1723ce2d4,,,
5,10,x[6],True,x[6],0.30645161290322576,d902aea98596abf07e07d9c42be380bf,,,
5,10,x[11],True,x[11],0.16129032258064513,9dada49e784601183eb3a1e1723ce2d4,,,
5,10,x[11],True,x[11],0.16129032258064513,9dada49e784601183eb3a1e1723ce2d4,,,
5,10,x[11],True,x[11],0.16129032258064513,9dada49e784601183eb3a1e1723ce2d4,,,
5,10,x[11],True,x[11],0.16129032258064513,9dada49e784601183eb3a1e1723ce2d4,,,
5,10,x[11],True,x[11],0.16129032258064513,9dada49e784601183eb3a1e1723ce2d4,,,
5,10,x[11],True,x[11],0.16129032258064513,9dada49e784601183eb3a1e1723ce2d4,,,
5,10,x[11],True,x[11],0.16129032258064513,9dada49e784601183eb3a1e1723ce2d4,,,
5,10,x[11],True,x[11],0.16129032258064513,9dada49e784601183eb3a1e1723ce2d4,,,
5,10,x[11],True,x[11],0.16129032258064513,9dada49e784601183eb3a1e1723ce2d4,,,
5,10,x[11],True,x[11],0.16129032258064513,9dada49e784601183eb3a1e1723ce2d4,,,
5,10,x[11],True,x[11],0.16129032258064513,9dada49e784601183eb3a1e1723ce2d4,,,
5,10,x[11],True,x[11],0.16129032258064513,9dada49e784601183eb3a1e1723ce2d4,,,
5,10,x[11],True,x[11],0.16129032258064513,9dada49e784601183eb3a1e1723ce2d4,,,
5,10,x[11],True,x[11],0.16129032258064513,9dada49e784601183eb3a1e1723ce2d4,,,
5,10,x[11],True,x[11],0.16129032258064513,9dada49e784601183eb3a1e1723ce2d4,,,
5,10,x[11],True,x[11],0.16129032258064513,9dada49e784601183eb3a1e1723ce2d4,,,
5,10,x[11],True,x[11],0.16129032258064513,9dada49e784601183eb3a1e1723ce2d4,,,
5,10,x[11],True,x[11],0.16129032258064513,9dada49e784601183eb3a1e1723ce2d4,,,
5,10,x[11],True,x[11],0.16129032258064513,9dada49e784601183eb3a1e1723ce2d4,,,
5,10,x[14],True,x[14],0.22580645161290325,5184b187f6f474f266ff1a9e52a8b41f,,,
5,10,x[11],True,x[11],0.16129032258064513,9dada49e784601183eb3a1e1723ce2d4,,,
5,10,x[11],True,x[11],0.16129032258064513,9dada49e784601183eb3a1e1723ce2d4,,,
5,10,x[11],True,x[11],0.16129032258064513,9dada49e784601183eb3a1e1723ce2d4,,,
5,10,x[11],True,x[11],0.16129032258064513,9dada49e784601183eb3a1e1723ce2d4,,,
5,10,x[11],True,x[11],0.16129032258064513,9dada49e784601183eb3a1e1723ce2d4,,,
5,10,x[11],True,x[11],0.16129032258064513,9dada49e784601183eb3a1e1723ce2d4,,,
5,10,x[11],True,x[11],0.16129032258064513,9dada49e784601183eb3a1e1723ce2d4,,,
5,10,x[11],True,x[11],0.16129032258064513,9dada49e784601183eb3a1e1723ce2d4,,,
5,10,x[11],True,x[11],0.16129032258064513,9dada49e784601183eb3a1e1723ce2d4,,,
5,10,x[11],True,x[11],0.16129032258064513,9dada49e784601183eb3a1e1723ce2d4,,,
5,10,x[11],True,x[11],0.16129032258064513,9dada49e784601183eb3a1e1723ce2d4,,,
5,10,x[11],True,x[11],0.16129032258064513,9dada49e784601183eb3a1e1723ce2d4,,,
5,10,x[11],True,x[11],0.16129032258064513,9dada49e784601183eb3a1e1723ce2d4,,,
5,10,x[11],True,x[11],0.16129032258064513,9dada49e784601183eb3a1e1723ce2d4,,,
5,10,x[11],True,x[11],0.16129032258064513,9dada49e784601183eb3a1e1723ce2d4,,,
5,10,x[11],True,x[11],0.16129032258064513,9dada49e784601183eb3a1e1723ce2d4,,,
5,10,x[11],True,x[11],0.16129032258064513,9dada49e784601183eb3a1e1723ce2d4,,,
5,10,x[11],True,x[11],0.16129032258064513,9dada49e784601183eb3a1e1723ce2d4,,,
5,10,x[11],True,x[11],0.16129032258064513,9dada49e784601183eb3a1e1723ce2d4,,,
5,10,x[11],True,x[11],0.16129032258064513,9dada49e784601183eb3a1e1723ce2d4,,,
5,10,x[11],True,x[11],0.16129032258064513,9dada49e784601183eb3a1e1723ce2d4,,,
5,10,x[11],True,x[11],0.16129032258064513,9dada49e784601183eb3a1e1723ce2d4,,,
5,10,x[11],True,x[11],0.16129032258064513,9dada49e784601183eb3a1e1723ce2d4,,,
5,10,x[11],True,x[11],0.16129032258064513,9dada49e784601183eb3a1e1723ce2d4,,,
5,10,x[11],True,x[11],0.16129032258064513,9dada49e784601183eb3a1e1723ce2d4,,,
5,10,x[11],True,x[11],0.16129032258064513,9dada49e784601183eb3a1e1723ce2d4,,,
5,10,x[11],True,x[11],0.16129032258064513,9dada49e784601183eb3a1e1723ce2d4,,,
5,10,x[11],True,x[11],0.16129032258064513,9dada49e784601183eb3a1e1723ce2d4,,,
5,10,x[11],True,x[11],0.16129032258064513,9dada49e784601183eb3a1e1723ce2d4,,,
5,10,x[11],True,x[11],0.16129032258064513,9dada49e784601183eb3a1e1723ce2d4,,,
5,10,x[11],True,x[11],0.16129032258064513,9dada49e784601183eb3a1e1723ce2d4,,,
5,10,x[11],True,x[11],0.16129032258064513,9dada49e784601183eb3a1e1723ce2d4,,,
5,10,x[11],True,x[11],0.16129032258064513,9dada49e784601183eb3a1e1723ce2d4,,,
5,10,x[11],True,x[11],0.16129032258064513,9dada49e784601183eb3a1e1723ce2d4,,,
5,10,x[11],True,x[11],0.16129032258064513,9dada49e784601183eb3a1e1723ce2d4,,,
5,10,x[11],True,x[11],0.16129032258064513,9dada49e784601183eb3a1e1723ce2d4,,,
5,10,x[11],True,x[11],0.16129032258064513,9dada49e784601183eb3a1e1723ce2d4,,,
5,10,x[11],True,x[11],0.16129032258064513,9dada49e784601183eb3a1e1723ce2d4,,,
5,10,x[11],True,x[11],0.16129032258064513,9dada49e784601183eb3a1e1723ce2d4,,,
5,10,x[11],True,x[11],0.16129032258064513,9dada49e784601183eb3a1e1723ce2d4,,,
5,10,x[11],True,x[11],0.16129032258064513,9dada49e784601183eb3a1e1723ce2d4,,,
5,10,x[11],True,x[11],0.16129032258064513,9dada49e784601183eb3a1e1723ce2d4,,,
5,10,x[11],True,x[11],0.16129032258064513,9dada49e784601183eb3a1e1723ce2d4,,,
5,10,x[11],True,x[11],0.16129032258064513,9dada49e784601183eb3a1e1723ce2d4,,,
5,10,x[11],True,x[11],0.16129032258064513,9dada49e784601183eb3a1e1723ce2d4,,,
5,10,x[11],True,x[11],0.16129032258064513,9dada49e784601183eb3a1e1723ce2d4,,,
5,10,x[11],True,x[11],0.16129032258064513,9dada49e784601183eb3a1e1723ce2d4,,,
5,10,x[11],True,x[11],0.16129032258064513,9dada49e784601183eb3a1e1723ce2d4,,,
5,10,x[11],True,x[11],0.16129032258064513,9dada49e784601183eb3a1e1723ce2d4,,,
5,10,x[11],True,x[11],0.16129032258064513,9dada49e784601183eb3a1e1723ce2d4,,,
5,10,x[11],True,x[11],0.16129032258064513,9dada49e784601183eb3a1e1723ce2d4,,,
5,10,x[11],True,x[11],0.16129032258064513,9dada49e784601183eb3a1e1723ce2d4,,,
5,10,x[11],True,x[11],0.16129032258064513,9dada49e784601183eb3a1e1723ce2d4,,,
5,10,x[11],True,x[11],0.16129032258064513,9dada49e784601183eb3a1e1723ce2d4,,,
5,10,x[11],True,x[11],0.16129032258064513,9dada49e784601183eb3a1e1723ce2d4,,,
5,10,x[11],True,x[11],0.16129032258064513,9dada49e784601183eb3a1e1723ce2d4,,,
5,10,x[11],True,x[11],0.16129032258064513,9dada49e784601183eb3a1e1723ce2d4,,,
5,10,x[11],True,x[11],0.16129032258064513,9dada49e784601183eb3a1e1723ce2d4,,,
5,10,x[11],True,x[11],0.16129032258064513,9dada49e784601183eb3a1e1723ce2d4,,,
5,10,x[11],True,x[11],0.16129032258064513,9dada49e784601183eb3a1e1723ce2d4,,,
5,10,x[11],True,x[11],0.16129032258064513,9dada49e784601183eb3a1e1723ce2d4,,,
5,10,x[11],True,x[11],0.16129032258064513,9dada49e784601183eb3a1e1723ce2d4,,,
5,10,x[11],True,x[11],0.16129032258064513,9dada49e784601183eb3a1e1723ce2d4,,,
5,10,x[11],True,x[11],0.16129032258064513,9dada49e784601183eb3a1e1723ce2d4,,,
5,10,x[11],True,x[11],0.16129032258064513,9dada49e784601183eb3a1e1723ce2d4,,,
5,10,x[11],True,x[11],0.16129032258064513,9dada49e784601183eb3a1e1723ce2d4,,,
5,10,x[11],True,x[11],0.16129032258064513,9dada49e784601183eb3a1e1723ce2d4,,,
5,10,x[11],True,x[11],0.16129032258064513,9dada49e784601183eb3a1e1723ce2d4,,,
5,10,x[11],True,x[11],0.16129032258064513,9dada49e784601183eb3a1e1723ce2d4,,,
5,10,x[11],True,x[11],0.16129032258064513,9dada49e784601183eb3a1e1723ce2d4,,,
5,10,x[11],True,x[11],0.16129032258064513,9dada49e784601183eb3a1e1723ce2d4,,,
5,10,x[11],True,x[11],0.16129032258064513,9dada49e784601183eb3a1e1723ce2d4,,,
5,10,x[11],True,x[11],0.16129032258064513,9dada49e784601183eb3a1e1723ce2d4,,,
5,10,x[11],True,x[11],0.16129032258064513,9dada49e784601183eb3a1e1723ce2d4,,,
5,10,x[11],True,x[11],0.16129032258064513,9dada49e784601183eb3a1e1723ce2d4,,,
5,10,x[11],True,x[11],0.16129032258064513,9dada49e784601183eb3a1e1723ce2d4,,,
5,10,x[11],True,x[11],0.16129032258064513,9dada49e784601183eb3a1e1723ce2d4,,,
5,10,x[11],True,x[11],0.16129032258064513,9dada49e784601183eb3a1e1723ce2d4,,,
5,10,x[11],True,x[11],0.16129032258064513,9dada49e784601183eb3a1e1723ce2d4,,,
5,10,x[11],True,x[11],0.16129032258064513,9dada49e784601183eb3a1e1723ce2d4,,,
5,10,x[11],True,x[11],0.16129032258064513,9dada49e784601183eb3a1e1723ce2d4,,,
5,10,x[11],True,x[11],0.16129032258064513,9dada49e784601183eb3a1e1723ce2d4,,,
5,10,x[11],True,x[11],0.16129032258064513,9dada49e784601183eb3a1e1723ce2d4,,,
5,10,x[11],True,x[11],0.16129032258064513,9dada49e784601183eb3a1e1723ce2d4,,,
5,10,x[11],True,x[11],0.16129032258064513,9dada49e784601183eb3a1e1723ce2d4,,,
5,10,x[11],True,x[11],0.16129032258064513,9dada49e784601183eb3a1e1723ce2d4,,,
5,10,x[11],True,x[11],0.16129032258064513,9dada49e784601183eb3a1e1723ce2d4,,,
5,10,x[4],True,x[4],0.49193548387096775,c062f6f76dec194bafe0ddbf91add8d9,,,
5,10,x[11],True,x[11],0.16129032258064513,9dada49e784601183eb3a1e1723ce2d4,,,
5,10,x[11],True,x[11],0.16129032258064513,9dada49e784601183eb3a1e1723ce2d4,,,
5,10,x[11],True,x[11],0.16129032258064513,9dada49e784601183eb3a1e1723ce2d4,,,
5,10,x[11],True,x[11],0.16129032258064513,9dada49e784601183eb3a1e1723ce2d4,,,
5,10,x[11],True,x[11],0.16129032258064513,9dada49e784601183eb3a1e1723ce2d4,,,
5,10,x[11],True,x[11],0.16129032258064513,9dada49e784601183eb3a1e1723ce2d4,,,
5,10,x[11],True,x[11],0.16129032258064513,9dada49e784601183eb3a1e1723ce2d4,,,
5,10,x[11],True,x[11],0.16129032258064513,9dada49e784601183eb3a1e1723ce2d4,,,
5,10,x[11],True,x[11],0.16129032258064513,9dada49e784601183eb3a1e1723ce2d4,,,
5,10,x[11],True,x[11],0.16129032258064513,9dada49e784601183eb3a1e1723ce2d4,,,
5,10,x[11],True,x[11],0.16129032258064513,9dada49e784601183eb3a1e1723ce2d4,,,
5,10,x[11],True,x[11],0.16129032258064513,9dada49e784601183eb3a1e1723ce2d4,,,
5,10,x[14],True,x[14],0.22580645161290325,5184b187f6f474f266ff1a9e52a8b41f,,,
5,10,x[11],True,x[11],0.16129032258064513,9dada49e784601183eb3a1e1723ce2d4,,,
5,10,x[11],True,x[11],0.16129032258064513,9dada49e784601183eb3a1e1723ce2d4,,,
5,10,x[11],True,x[11],0.16129032258064513,9dada49e784601183eb3a1e1723ce2d4,,,
5,10,x[11],True,x[11],0.16129032258064513,9dada49e784601183eb3a1e1723ce2d4,,,
5,10,x[12],True,x[12],0.18548387096774188,0d372214e94f96a8c686509e4d084014,,,
5,10,x[11],True,x[11],0.16129032258064513,9dada49e784601183eb3a1e1723ce2d4,,,
5,10,x[11],True,x[11],0.16129032258064513,9dada49e784601183eb3a1e1723ce2d4,,,
5,10,x[11],True,x[11],0.16129032258064513,9dada49e784601183eb3a1e1723ce2d4,,,
5,10,x[11],True,x[11],0.16129032258064513,9dada49e784601183eb3a1e1723ce2d4,,,
5,10,x[11],True,x[11],0.16129032258064513,9dada49e784601183eb3a1e1723ce2d4,,,
5,10,x[11],True,x[11],0.16129032258064513,9dada49e784601183eb3a1e1723ce2d4,,,
5,10,x[11],True,x[11],0.16129032258064513,9dada49e784601183eb3a1e1723ce2d4,,,
5,10,x[11],True,x[11],0.16129032258064513,9dada49e784601183eb3a1e1723ce2d4,,,
5,10,x[11],True,x[11],0.16129032258064513,9dada49e784601183eb3a1e1723ce2d4,,,
5,10,x[11],True,x[11],0.16129032258064513,9dada49e784601183eb3a1e1723ce2d4,,,
5,10,x[11],True,x[11],0.16129032258064513,9dada49e784601183eb3a1e1723ce2d4,,,
5,10,x[11],True,x[11],0.16129032258064513,9dada49e784601183eb3a1e1723ce2d4,,,
5,10,x[11],True,x[11],0.16129032258064513,9dada49e784601183eb3a1e1723ce2d4,,,
5,11,x[11],True,x[11],0.16129032258064513,9dada49e784601183eb3a1e1723ce2d4,,,
5,11,x[11],True,x[11],0.16129032258064513,9dada49e784601183eb3a1e1723ce2d4,,,
5,11,x[11],True,x[11],0.16129032258064513,9dada49e784601183eb3a1e1723ce2d4,,,
5,11,x[11],True,x[11],0.16129032258064513,9dada49e784601183eb3a1e1723ce2d4,,,
5,11,x[13],True,x[13],0.217741935483871,060f7b59fcb1852e9befb4d0292eca15,,,
5,11,x[11],True,x[11],0.16129032258064513,9dada49e784601183eb3a1e1723ce2d4,,,
5,11,x[11],True,x[11],0.16129032258064513,9dada49e784601183eb3a1e1723ce2d4,,,
5,11,x[11],True,x[11],0.16129032258064513,9dada49e784601183eb3a1e1723ce2d4,,,
5,11,x[11],True,x[11],0.16129032258064513,9dada49e784601183eb3a1e1723ce2d4,,,
5,11,x[11],True,x[11],0.16129032258064513,9dada49e784601183eb3a1e1723ce2d4,,,
5,11,x[11],True,x[11],0.16129032258064513,9dada49e784601183eb3a1e1723ce2d4,,,
5,11,x[11],True,x[11],0.16129032258064513,9dada49e784601183eb3a1e1723ce2d4,,,
5,11,x[11],True,x[11],0.16129032258064513,9dada49e784601183eb3a1e1723ce2d4,,,
5,11,x[11],True,x[11],0.16129032258064513,9dada49e784601183eb3a1e1723ce2d4,,,
5,11,x[11],True,x[11],0.16129032258064513,9dada49e784601183eb3a1e1723ce2d4,,,
5,11,x[11],True,x[11],0.16129032258064513,9dada49e784601183eb3a1e1723ce2d4,,,
5,11,x[11],True,x[11],0.16129032258064513,9dada49e784601183eb3a1e1723ce2d4,,,
5,11,x[11],True,x[11],0.16129032258064513,9dada49e784601183eb3a1e1723ce2d4,,,
5,11,x[11],True,x[11],0.16129032258064513,9dada49e784601183eb3a1e1723ce2d4,,,
5,11,x[11],True,x[11],0.16129032258064513,9dada49e784601183eb3a1e1723ce2d4,,,
5,11,x[10],True,x[10],0.24193548387096775,7424f049dcd7de48c5ec487367408f4f,,,
5,11,x[11],True,x[11],0.16129032258064513,9dada49e784601183eb3a1e1723ce2d4,,,
5,11,x[11],True,x[11],0.16129032258064513,9dada49e784601183eb3a1e1723ce2d4,,,
5,11,x[11],True,x[11],0.16129032258064513,9dada49e784601183eb3a1e1723ce2d4,,,
5,11,x[11],True,x[11],0.16129032258064513,9dada49e784601183eb3a1e1723ce2d4,,,
5,11,x[11],True,x[11],0.16129032258064513,9dada49e784601183eb3a1e1723ce2d4,,,
5,11,x[11],True,x[11],0.16129032258064513,9dada49e784601183eb3a1e1723ce2d4,,,
5,11,x[11],True,x[11],0.16129032258064513,9dada49e784601183eb3a1e1723ce2d4,,,
5,11,x[11],True,x[11],0.16129032258064513,9dada49e784601183eb3a1e1723ce2d4,,,
5,11,x[11],True,x[11],0.16129032258064513,9dada49e784601183eb3a1e1723ce2d4,,,
5,11,x[16],True,x[16],0.217741935483871,2b4aec85a499a1f7baf764b48bcf9178,,,
5,11,x[11],True,x[11],0.16129032258064513,9dada49e784601183eb3a1e1723ce2d4,,,
5,11,x[11],True,x[11],0.16129032258064513,9dada49e784601183eb3a1e1723ce2d4,,,
5,11,x[11],True,x[11],0.16129032258064513,9dada49e784601183eb3a1e1723ce2d4,,,
5,11,x[11],True,x[11],0.16129032258064513,9dada49e784601183eb3a1e1723ce2d4,,,
5,11,x[6],True,x[6],0.30645161290322576,d902aea98596abf07e07d9c42be380bf,,,
5,11,x[11],True,x[11],0.16129032258064513,9dada49e784601183eb3a1e1723ce2d4,,,
5,11,x[11],True,x[11],0.16129032258064513,9dada49e784601183eb3a1e1723ce2d4,,,
5,11,x[11],True,x[11],0.16129032258064513,9dada49e784601183eb3a1e1723ce2d4,,,
5,11,x[11],True,x[11],0.16129032258064513,9dada49e784601183eb3a1e1723ce2d4,,,
5,11,x[11],True,x[11],0.16129032258064513,9dada49e784601183eb3a1e1723ce2d4,,,
5,11,x[11],True,x[11],0.16129032258064513,9dada49e784601183eb3a1e1723ce2d4,,,
5,11,x[11],True,x[11],0.16129032258064513,9dada49e784601183eb3a1e1723ce2d4,,,
5,11,x[11],True,x[11],0.16129032258064513,9dada49e784601183eb3a1e1723ce2d4,,,
5,11,x[13],True,x[13],0.217741935483871,060f7b59fcb1852e9befb4d0292eca15,,,
5,11,x[11],True,x[11],0.16129032258064513,9dada49e784601183eb3a1e1723ce2d4,,,
5,11,x[11],True,x[11],0.16129032258064513,9dada49e784601183eb3a1e1723ce2d4,,,
5,11,x[11],True,x[11],0.16129032258064513,9dada49e784601183eb3a1e1723ce2d4,,,
5,11,x[11],True,x[11],0.16129032258064513,9dada49e784601183eb3a1e1723ce2d4,,,
5,11,x[11],True,x[11],0.16129032258064513,9dada49e784601183eb3a1e1723ce2d4,,,
5,11,x[11],True,x[11],0.16129032258064513,9dada49e784601183eb3a1e1723ce2d4,,,
5,11,x[11],True,x[11],0.16129032258064513,9dada49e784601183eb3a1e1723ce2d4,,,
5,11,x[11],True,x[11],0.16129032258064513,9dada49e784601183eb3a1e1723ce2d4,,,
5,11,x[11],True,x[11],0.16129032258064513,9dada49e784601183eb3a1e1723ce2d4,,,
5,11,"not_(and_(or_(and_(x[4],x[12]),or_(x[17],x[17])),x[12]))",True,not_(x[12]),0.814516129032258,32f35d718795303ec1ec128f1bc8295b,,,
5,11,x[11],True,x[11],0.16129032258064513,9dada49e784601183eb3a1e1723ce2d4,,,
5,11,x[11],True,x[11],0.16129032258064513,9dada49e784601183eb3a1e1723ce2d4,,,
5,11,x[11],True,x[11],0.16129032258064513,9dada49e784601183eb3a1e1723ce2d4,,,
5,11,x[11],True,x[11],0.16129032258064513,9dada49e784601183eb3a1e1723ce2d4,,,
5,11,x[6],True,x[6],0.30645161290322576,d902aea98596abf07e07d9c42be380bf,,,
5,11,x[11],True,x[11],0.16129032258064513,9dada49e784601183eb3a1e1723ce2d4,,,
5,11,x[11],True,x[11],0.16129032258064513,9dada49e784601183eb3a1e1723ce2d4,,,
5,11,x[11],True,x[11],0.16129032258064513,9dada49e784601183eb3a1e1723ce2d4,,,
5,11,x[11],True,x[11],0.16129032258064513,9dada49e784601183eb3a1e1723ce2d4,,,
5,11,x[18],True,x[18],0.6451612903225806,6a4c84e0915d9d2b86d121e994683436,,,
5,11,x[11],True,x[11],0.16129032258064513,9dada49e784601183eb3a1e1723ce2d4,,,
5,11,x[11],True,x[11],0.16129032258064513,9dada49e784601183eb3a1e1723ce2d4,,,
5,11,x[11],True,x[11],0.16129032258064513,9dada49e784601183eb3a1e1723ce2d4,,,
5,11,x[11],True,x[11],0.16129032258064513,9dada49e784601183eb3a1e1723ce2d4,,,
5,11,x[11],True,x[11],0.16129032258064513,9dada49e784601183eb3a1e1723ce2d4,,,
5,11,x[11],True,x[11],0.16129032258064513,9dada49e784601183eb3a1e1723ce2d4,,,
5,11,x[1],True,x[1],0.685483870967742,48150b63a14de07ac8ada4efd9d4896c,,,
5,11,x[11],True,x[11],0.16129032258064513,9dada49e784601183eb3a1e1723ce2d4,,,
5,11,x[11],True,x[11],0.16129032258064513,9dada49e784601183eb3a1e1723ce2d4,,,
5,11,x[11],True,x[11],0.16129032258064513,9dada49e784601183eb3a1e1723ce2d4,,,
5,11,x[11],True,x[11],0.16129032258064513,9dada49e784601183eb3a1e1723ce2d4,,,
5,11,x[11],True,x[11],0.16129032258064513,9dada49e784601183eb3a1e1723ce2d4,,,
5,11,x[11],True,x[11],0.16129032258064513,9dada49e784601183eb3a1e1723ce2d4,,,
5,11,x[11],True,x[11],0.16129032258064513,9dada49e784601183eb3a1e1723ce2d4,,,
5,11,x[11],True,x[11],0.16129032258064513,9dada49e784601183eb3a1e1723ce2d4,,,
5,11,x[11],True,x[11],0.16129032258064513,9dada49e784601183eb3a1e1723ce2d4,,,
5,11,x[11],True,x[11],0.16129032258064513,9dada49e784601183eb3a1e1723ce2d4,,,
5,11,x[11],True,x[11],0.16129032258064513,9dada49e784601183eb3a1e1723ce2d4,,,
5,11,x[11],True,x[11],0.16129032258064513,9dada49e784601183eb3a1e1723ce2d4,,,
5,11,x[11],True,x[11],0.16129032258064513,9dada49e784601183eb3a1e1723ce2d4,,,
5,11,x[11],True,x[11],0.16129032258064513,9dada49e784601183eb3a1e1723ce2d4,,,
5,11,x[11],True,x[11],0.16129032258064513,9dada49e784601183eb3a1e1723ce2d4,,,
5,11,x[11],True,x[11],0.16129032258064513,9dada49e784601183eb3a1e1723ce2d4,,,
5,11,x[11],True,x[11],0.16129032258064513,9dada49e784601183eb3a1e1723ce2d4,,,
5,11,x[11],True,x[11],0.16129032258064513,9dada49e784601183eb3a1e1723ce2d4,,,
5,11,x[11],True,x[11],0.16129032258064513,9dada49e784601183eb3a1e1723ce2d4,,,
5,11,x[11],True,x[11],0.16129032258064513,9dada49e784601183eb3a1e1723ce2d4,,,
5,11,x[11],True,x[11],0.16129032258064513,9dada49e784601183eb3a1e1723ce2d4,,,
5,11,x[11],True,x[11],0.16129032258064513,9dada49e784601183eb3a1e1723ce2d4,,,
5,11,x[11],True,x[11],0.16129032258064513,9dada49e784601183eb3a1e1723ce2d4,,,
5,11,x[11],True,x[11],0.16129032258064513,9dada49e784601183eb3a1e1723ce2d4,,,
5,11,x[11],True,x[11],0.16129032258064513,9dada49e784601183eb3a1e1723ce2d4,,,
5,11,x[11],True,x[11],0.16129032258064513,9dada49e784601183eb3a1e1723ce2d4,,,
5,11,x[11],True,x[11],0.16129032258064513,9dada49e784601183eb3a1e1723ce2d4,,,
5,11,x[11],True,x[11],0.16129032258064513,9dada49e784601183eb3a1e1723ce2d4,,,
5,11,x[11],True,x[11],0.16129032258064513,9dada49e784601183eb3a1e1723ce2d4,,,
5,11,x[11],True,x[11],0.16129032258064513,9dada49e784601183eb3a1e1723ce2d4,,,
5,11,x[11],True,x[11],0.16129032258064513,9dada49e784601183eb3a1e1723ce2d4,,,
5,11,x[11],True,x[11],0.16129032258064513,9dada49e784601183eb3a1e1723ce2d4,,,
5,11,x[11],True,x[11],0.16129032258064513,9dada49e784601183eb3a1e1723ce2d4,,,
5,11,x[11],True,x[11],0.16129032258064513,9dada49e784601183eb3a1e1723ce2d4,,,
5,11,x[11],True,x[11],0.16129032258064513,9dada49e784601183eb3a1e1723ce2d4,,,
5,11,x[11],True,x[11],0.16129032258064513,9dada49e784601183eb3a1e1723ce2d4,,,
5,11,x[11],True,x[11],0.16129032258064513,9dada49e784601183eb3a1e1723ce2d4,,,
5,11,x[11],True,x[11],0.16129032258064513,9dada49e784601183eb3a1e1723ce2d4,,,
5,11,x[11],True,x[11],0.16129032258064513,9dada49e784601183eb3a1e1723ce2d4,,,
5,11,x[11],True,x[11],0.16129032258064513,9dada49e784601183eb3a1e1723ce2d4,,,
5,11,x[11],True,x[11],0.16129032258064513,9dada49e784601183eb3a1e1723ce2d4,,,
5,11,x[11],True,x[11],0.16129032258064513,9dada49e784601183eb3a1e1723ce2d4,,,
5,11,x[11],True,x[11],0.16129032258064513,9dada49e784601183eb3a1e1723ce2d4,,,
5,11,x[11],True,x[11],0.16129032258064513,9dada49e784601183eb3a1e1723ce2d4,,,
5,11,x[11],True,x[11],0.16129032258064513,9dada49e784601183eb3a1e1723ce2d4,,,
5,11,x[11],True,x[11],0.16129032258064513,9dada49e784601183eb3a1e1723ce2d4,,,
5,11,x[11],True,x[11],0.16129032258064513,9dada49e784601183eb3a1e1723ce2d4,,,
5,11,x[11],True,x[11],0.16129032258064513,9dada49e784601183eb3a1e1723ce2d4,,,
5,11,x[11],True,x[11],0.16129032258064513,9dada49e784601183eb3a1e1723ce2d4,,,
5,11,x[4],True,x[4],0.49193548387096775,c062f6f76dec194bafe0ddbf91add8d9,,,
5,11,x[11],True,x[11],0.16129032258064513,9dada49e784601183eb3a1e1723ce2d4,,,
5,11,x[11],True,x[11],0.16129032258064513,9dada49e784601183eb3a1e1723ce2d4,,,
5,11,x[11],True,x[11],0.16129032258064513,9dada49e784601183eb3a1e1723ce2d4,,,
5,11,x[11],True,x[11],0.16129032258064513,9dada49e784601183eb3a1e1723ce2d4,,,
5,11,x[11],True,x[11],0.16129032258064513,9dada49e784601183eb3a1e1723ce2d4,,,
5,11,x[11],True,x[11],0.16129032258064513,9dada49e784601183eb3a1e1723ce2d4,,,
5,11,x[11],True,x[11],0.16129032258064513,9dada49e784601183eb3a1e1723ce2d4,,,
5,11,x[9],True,x[9],0.2338709677419355,2e0260aa627dff742f7c723c8367e701,,,
5,11,x[11],True,x[11],0.16129032258064513,9dada49e784601183eb3a1e1723ce2d4,,,
5,11,x[11],True,x[11],0.16129032258064513,9dada49e784601183eb3a1e1723ce2d4,,,
5,11,x[11],True,x[11],0.16129032258064513,9dada49e784601183eb3a1e1723ce2d4,,,
5,11,x[11],True,x[11],0.16129032258064513,9dada49e784601183eb3a1e1723ce2d4,,,
5,11,x[18],True,x[18],0.6451612903225806,6a4c84e0915d9d2b86d121e994683436,,,
5,11,x[11],True,x[11],0.16129032258064513,9dada49e784601183eb3a1e1723ce2d4,,,
5,11,x[11],True,x[11],0.16129032258064513,9dada49e784601183eb3a1e1723ce2d4,,,
5,11,x[11],True,x[11],0.16129032258064513,9dada49e784601183eb3a1e1723ce2d4,,,
5,11,x[9],True,x[9],0.2338709677419355,2e0260aa627dff742f7c723c8367e701,,,
5,11,x[11],True,x[11],0.16129032258064513,9dada49e784601183eb3a1e1723ce2d4,,,
5,11,x[11],True,x[11],0.16129032258064513,9dada49e784601183eb3a1e1723ce2d4,,,
5,11,x[11],True,x[11],0.16129032258064513,9dada49e784601183eb3a1e1723ce2d4,,,
5,11,x[11],True,x[11],0.16129032258064513,9dada49e784601183eb3a1e1723ce2d4,,,
5,11,x[11],True,x[11],0.16129032258064513,9dada49e784601183eb3a1e1723ce2d4,,,
5,11,x[11],True,x[11],0.16129032258064513,9dada49e784601183eb3a1e1723ce2d4,,,
5,11,x[11],True,x[11],0.16129032258064513,9dada49e784601183eb3a1e1723ce2d4,,,
5,11,x[11],True,x[11],0.16129032258064513,9dada49e784601183eb3a1e1723ce2d4,,,
5,11,x[11],True,x[11],0.16129032258064513,9dada49e784601183eb3a1e1723ce2d4,,,
5,11,x[11],True,x[11],0.16129032258064513,9dada49e784601183eb3a1e1723ce2d4,,,
5,11,x[11],True,x[11],0.16129032258064513,9dada49e784601183eb3a1e1723ce2d4,,,
5,11,x[11],True,x[11],0.16129032258064513,9dada49e784601183eb3a1e1723ce2d4,,,
5,11,x[11],True,x[11],0.16129032258064513,9dada49e784601183eb3a1e1723ce2d4,,,
5,11,x[11],True,x[11],0.16129032258064513,9dada49e784601183eb3a1e1723ce2d4,,,
5,11,x[11],True,x[11],0.16129032258064513,9dada49e784601183eb3a1e1723ce2d4,,,
5,11,x[11],True,x[11],0.16129032258064513,9dada49e784601183eb3a1e1723ce2d4,,,
5,11,x[11],True,x[11],0.16129032258064513,9dada49e784601183eb3a1e1723ce2d4,,,
5,11,x[6],True,x[6],0.30645161290322576,d902aea98596abf07e07d9c42be380bf,,,
5,11,x[11],True,x[11],0.16129032258064513,9dada49e784601183eb3a1e1723ce2d4,,,
5,11,x[11],True,x[11],0.16129032258064513,9dada49e784601183eb3a1e1723ce2d4,,,
5,11,x[11],True,x[11],0.16129032258064513,9dada49e784601183eb3a1e1723ce2d4,,,
5,11,x[10],True,x[10],0.24193548387096775,7424f049dcd7de48c5ec487367408f4f,,,
5,11,x[11],True,x[11],0.16129032258064513,9dada49e784601183eb3a1e1723ce2d4,,,
5,11,x[11],True,x[11],0.16129032258064513,9dada49e784601183eb3a1e1723ce2d4,,,
5,11,x[11],True,x[11],0.16129032258064513,9dada49e784601183eb3a1e1723ce2d4,,,
5,11,x[11],True,x[11],0.16129032258064513,9dada49e784601183eb3a1e1723ce2d4,,,
5,11,x[11],True,x[11],0.16129032258064513,9dada49e784601183eb3a1e1723ce2d4,,,
5,11,x[11],True,x[11],0.16129032258064513,9dada49e784601183eb3a1e1723ce2d4,,,
5,11,x[11],True,x[11],0.16129032258064513,9dada49e784601183eb3a1e1723ce2d4,,,
5,11,x[16],True,x[16],0.217741935483871,2b4aec85a499a1f7baf764b48bcf9178,,,
5,11,x[15],True,x[15],0.22580645161290325,301bd409bd67cc588ceaa53a6f5220a4,,,
5,11,x[11],True,x[11],0.16129032258064513,9dada49e784601183eb3a1e1723ce2d4,,,
5,11,x[9],True,x[9],0.2338709677419355,2e0260aa627dff742f7c723c8367e701,,,
5,11,x[8],True,x[8],0.4354838709677419,8c6b56831adf589cc7ca352d27aafe6d,,,
5,11,x[11],True,x[11],0.16129032258064513,9dada49e784601183eb3a1e1723ce2d4,,,
5,11,x[11],True,x[11],0.16129032258064513,9dada49e784601183eb3a1e1723ce2d4,,,
5,11,x[11],True,x[11],0.16129032258064513,9dada49e784601183eb3a1e1723ce2d4,,,
5,11,x[11],True,x[11],0.16129032258064513,9dada49e784601183eb3a1e1723ce2d4,,,
5,11,x[11],True,x[11],0.16129032258064513,9dada49e784601183eb3a1e1723ce2d4,,,
5,11,x[11],True,x[11],0.16129032258064513,9dada49e784601183eb3a1e1723ce2d4,,,
5,11,x[11],True,x[11],0.16129032258064513,9dada49e784601183eb3a1e1723ce2d4,,,
5,11,x[11],True,x[11],0.16129032258064513,9dada49e784601183eb3a1e1723ce2d4,,,
5,11,x[11],True,x[11],0.16129032258064513,9dada49e784601183eb3a1e1723ce2d4,,,
5,11,x[11],True,x[11],0.16129032258064513,9dada49e784601183eb3a1e1723ce2d4,,,
5,11,x[11],True,x[11],0.16129032258064513,9dada49e784601183eb3a1e1723ce2d4,,,
5,11,x[11],True,x[11],0.16129032258064513,9dada49e784601183eb3a1e1723ce2d4,,,
5,11,x[11],True,x[11],0.16129032258064513,9dada49e784601183eb3a1e1723ce2d4,,,
5,11,x[11],True,x[11],0.16129032258064513,9dada49e784601183eb3a1e1723ce2d4,,,
5,11,x[11],True,x[11],0.16129032258064513,9dada49e784601183eb3a1e1723ce2d4,,,
5,11,x[11],True,x[11],0.16129032258064513,9dada49e784601183eb3a1e1723ce2d4,,,
5,11,x[11],True,x[11],0.16129032258064513,9dada49e784601183eb3a1e1723ce2d4,,,
5,11,x[11],True,x[11],0.16129032258064513,9dada49e784601183eb3a1e1723ce2d4,,,
5,11,x[14],True,x[14],0.22580645161290325,5184b187f6f474f266ff1a9e52a8b41f,,,
5,11,x[11],True,x[11],0.16129032258064513,9dada49e784601183eb3a1e1723ce2d4,,,
5,11,x[11],True,x[11],0.16129032258064513,9dada49e784601183eb3a1e1723ce2d4,,,
5,11,x[11],True,x[11],0.16129032258064513,9dada49e784601183eb3a1e1723ce2d4,,,
5,11,x[11],True,x[11],0.16129032258064513,9dada49e784601183eb3a1e1723ce2d4,,,
5,11,x[11],True,x[11],0.16129032258064513,9dada49e784601183eb3a1e1723ce2d4,,,
5,11,x[11],True,x[11],0.16129032258064513,9dada49e784601183eb3a1e1723ce2d4,,,
5,11,x[11],True,x[11],0.16129032258064513,9dada49e784601183eb3a1e1723ce2d4,,,
5,11,x[11],True,x[11],0.16129032258064513,9dada49e784601183eb3a1e1723ce2d4,,,
5,11,x[11],True,x[11],0.16129032258064513,9dada49e784601183eb3a1e1723ce2d4,,,
5,11,x[11],True,x[11],0.16129032258064513,9dada49e784601183eb3a1e1723ce2d4,,,
5,11,x[11],True,x[11],0.16129032258064513,9dada49e784601183eb3a1e1723ce2d4,,,
5,11,x[10],True,x[10],0.24193548387096775,7424f049dcd7de48c5ec487367408f4f,,,
5,11,x[11],True,x[11],0.16129032258064513,9dada49e784601183eb3a1e1723ce2d4,,,
5,11,x[11],True,x[11],0.16129032258064513,9dada49e784601183eb3a1e1723ce2d4,,,
5,11,x[11],True,x[11],0.16129032258064513,9dada49e784601183eb3a1e1723ce2d4,,,
5,11,x[11],True,x[11],0.16129032258064513,9dada49e784601183eb3a1e1723ce2d4,,,
5,11,x[11],True,x[11],0.16129032258064513,9dada49e784601183eb3a1e1723ce2d4,,,
5,11,x[18],True,x[18],0.6451612903225806,6a4c84e0915d9d2b86d121e994683436,,,
5,11,x[11],True,x[11],0.16129032258064513,9dada49e784601183eb3a1e1723ce2d4,,,
5,11,x[11],True,x[11],0.16129032258064513,9dada49e784601183eb3a1e1723ce2d4,,,
5,11,x[11],True,x[11],0.16129032258064513,9dada49e784601183eb3a1e1723ce2d4,,,
5,11,x[11],True,x[11],0.16129032258064513,9dada49e784601183eb3a1e1723ce2d4,,,
5,11,x[11],True,x[11],0.16129032258064513,9dada49e784601183eb3a1e1723ce2d4,,,
5,11,x[11],True,x[11],0.16129032258064513,9dada49e784601183eb3a1e1723ce2d4,,,
5,11,x[11],True,x[11],0.16129032258064513,9dada49e784601183eb3a1e1723ce2d4,,,
5,11,x[11],True,x[11],0.16129032258064513,9dada49e784601183eb3a1e1723ce2d4,,,
5,11,x[11],True,x[11],0.16129032258064513,9dada49e784601183eb3a1e1723ce2d4,,,
5,11,x[11],True,x[11],0.16129032258064513,9dada49e784601183eb3a1e1723ce2d4,,,
5,11,x[11],True,x[11],0.16129032258064513,9dada49e784601183eb3a1e1723ce2d4,,,
5,11,x[11],True,x[11],0.16129032258064513,9dada49e784601183eb3a1e1723ce2d4,,,
5,11,x[11],True,x[11],0.16129032258064513,9dada49e784601183eb3a1e1723ce2d4,,,
5,11,x[11],True,x[11],0.16129032258064513,9dada49e784601183eb3a1e1723ce2d4,,,
5,11,x[11],True,x[11],0.16129032258064513,9dada49e784601183eb3a1e1723ce2d4,,,
5,11,x[4],True,x[4],0.49193548387096775,c062f6f76dec194bafe0ddbf91add8d9,,,
5,11,x[11],True,x[11],0.16129032258064513,9dada49e784601183eb3a1e1723ce2d4,,,
5,11,x[11],True,x[11],0.16129032258064513,9dada49e784601183eb3a1e1723ce2d4,,,
5,11,x[11],True,x[11],0.16129032258064513,9dada49e784601183eb3a1e1723ce2d4,,,
5,11,x[11],True,x[11],0.16129032258064513,9dada49e784601183eb3a1e1723ce2d4,,,
5,11,x[11],True,x[11],0.16129032258064513,9dada49e784601183eb3a1e1723ce2d4,,,
5,11,x[11],True,x[11],0.16129032258064513,9dada49e784601183eb3a1e1723ce2d4,,,
5,11,x[11],True,x[11],0.16129032258064513,9dada49e784601183eb3a1e1723ce2d4,,,
5,11,x[11],True,x[11],0.16129032258064513,9dada49e784601183eb3a1e1723ce2d4,,,
5,11,x[11],True,x[11],0.16129032258064513,9dada49e784601183eb3a1e1723ce2d4,,,
5,11,x[11],True,x[11],0.16129032258064513,9dada49e784601183eb3a1e1723ce2d4,,,
5,11,x[11],True,x[11],0.16129032258064513,9dada49e784601183eb3a1e1723ce2d4,,,
5,11,x[11],True,x[11],0.16129032258064513,9dada49e784601183eb3a1e1723ce2d4,,,
5,11,x[11],True,x[11],0.16129032258064513,9dada49e784601183eb3a1e1723ce2d4,,,
5,11,x[11],True,x[11],0.16129032258064513,9dada49e784601183eb3a1e1723ce2d4,,,
5,11,x[11],True,x[11],0.16129032258064513,9dada49e784601183eb3a1e1723ce2d4,,,
5,11,x[14],True,x[14],0.22580645161290325,5184b187f6f474f266ff1a9e52a8b41f,,,
5,11,x[4],True,x[4],0.49193548387096775,c062f6f76dec194bafe0ddbf91add8d9,,,
5,11,x[11],True,x[11],0.16129032258064513,9dada49e784601183eb3a1e1723ce2d4,,,
5,11,x[11],True,x[11],0.16129032258064513,9dada49e784601183eb3a1e1723ce2d4,,,
5,11,x[11],True,x[11],0.16129032258064513,9dada49e784601183eb3a1e1723ce2d4,,,
5,11,x[11],True,x[11],0.16129032258064513,9dada49e784601183eb3a1e1723ce2d4,,,
5,11,x[17],True,x[17],0.217741935483871,078a7ef4b1d424e54e976f158f2a5fa5,,,
5,11,x[11],True,x[11],0.16129032258064513,9dada49e784601183eb3a1e1723ce2d4,,,
5,11,x[11],True,x[11],0.16129032258064513,9dada49e784601183eb3a1e1723ce2d4,,,
5,11,x[11],True,x[11],0.16129032258064513,9dada49e784601183eb3a1e1723ce2d4,,,
5,11,x[11],True,x[11],0.16129032258064513,9dada49e784601183eb3a1e1723ce2d4,,,
5,11,x[11],True,x[11],0.16129032258064513,9dada49e784601183eb3a1e1723ce2d4,,,
5,11,x[11],True,x[11],0.16129032258064513,9dada49e784601183eb3a1e1723ce2d4,,,
5,11,x[11],True,x[11],0.16129032258064513,9dada49e784601183eb3a1e1723ce2d4,,,
5,11,x[11],True,x[11],0.16129032258064513,9dada49e784601183eb3a1e1723ce2d4,,,
5,11,x[11],True,x[11],0.16129032258064513,9dada49e784601183eb3a1e1723ce2d4,,,
5,11,x[11],True,x[11],0.16129032258064513,9dada49e784601183eb3a1e1723ce2d4,,,
5,11,x[11],True,x[11],0.16129032258064513,9dada49e784601183eb3a1e1723ce2d4,,,
5,11,x[11],True,x[11],0.16129032258064513,9dada49e784601183eb3a1e1723ce2d4,,,
5,11,x[11],True,x[11],0.16129032258064513,9dada49e784601183eb3a1e1723ce2d4,,,
5,11,x[11],True,x[11],0.16129032258064513,9dada49e784601183eb3a1e1723ce2d4,,,
5,11,x[11],True,x[11],0.16129032258064513,9dada49e784601183eb3a1e1723ce2d4,,,
5,11,x[11],True,x[11],0.16129032258064513,9dada49e784601183eb3a1e1723ce2d4,,,
5,11,x[11],True,x[11],0.16129032258064513,9dada49e784601183eb3a1e1723ce2d4,,,
5,11,x[11],True,x[11],0.16129032258064513,9dada49e784601183eb3a1e1723ce2d4,,,
5,11,x[11],True,x[11],0.16129032258064513,9dada49e784601183eb3a1e1723ce2d4,,,
5,11,x[11],True,x[11],0.16129032258064513,9dada49e784601183eb3a1e1723ce2d4,,,
5,11,x[11],True,x[11],0.16129032258064513,9dada49e784601183eb3a1e1723ce2d4,,,
5,11,x[11],True,x[11],0.16129032258064513,9dada49e784601183eb3a1e1723ce2d4,,,
5,11,x[6],True,x[6],0.30645161290322576,d902aea98596abf07e07d9c42be380bf,,,
5,11,x[11],True,x[11],0.16129032258064513,9dada49e784601183eb3a1e1723ce2d4,,,
5,11,x[11],True,x[11],0.16129032258064513,9dada49e784601183eb3a1e1723ce2d4,,,
5,11,x[11],True,x[11],0.16129032258064513,9dada49e784601183eb3a1e1723ce2d4,,,
5,11,x[11],True,x[11],0.16129032258064513,9dada49e784601183eb3a1e1723ce2d4,,,
5,11,x[11],True,x[11],0.16129032258064513,9dada49e784601183eb3a1e1723ce2d4,,,
5,11,x[11],True,x[11],0.16129032258064513,9dada49e784601183eb3a1e1723ce2d4,,,
5,11,x[11],True,x[11],0.16129032258064513,9dada49e784601183eb3a1e1723ce2d4,,,
5,11,x[11],True,x[11],0.16129032258064513,9dada49e784601183eb3a1e1723ce2d4,,,
5,11,x[6],True,x[6],0.30645161290322576,d902aea98596abf07e07d9c42be380bf,,,
5,11,x[11],True,x[11],0.16129032258064513,9dada49e784601183eb3a1e1723ce2d4,,,
5,11,x[6],True,x[6],0.30645161290322576,d902aea98596abf07e07d9c42be380bf,,,
5,11,x[11],True,x[11],0.16129032258064513,9dada49e784601183eb3a1e1723ce2d4,,,
5,11,x[11],True,x[11],0.16129032258064513,9dada49e784601183eb3a1e1723ce2d4,,,
5,11,x[11],True,x[11],0.16129032258064513,9dada49e784601183eb3a1e1723ce2d4,,,
5,11,x[4],True,x[4],0.49193548387096775,c062f6f76dec194bafe0ddbf91add8d9,,,
5,11,x[11],True,x[11],0.16129032258064513,9dada49e784601183eb3a1e1723ce2d4,,,
5,11,x[1],True,x[1],0.685483870967742,48150b63a14de07ac8ada4efd9d4896c,,,
5,11,x[18],True,x[18],0.6451612903225806,6a4c84e0915d9d2b86d121e994683436,,,
5,11,x[11],True,x[11],0.16129032258064513,9dada49e784601183eb3a1e1723ce2d4,,,
5,11,x[12],True,x[12],0.18548387096774188,0d372214e94f96a8c686509e4d084014,,,
5,11,x[11],True,x[11],0.16129032258064513,9dada49e784601183eb3a1e1723ce2d4,,,
5,11,x[1],True,x[1],0.685483870967742,48150b63a14de07ac8ada4efd9d4896c,,,
5,11,x[11],True,x[11],0.16129032258064513,9dada49e784601183eb3a1e1723ce2d4,,,
5,11,x[11],True,x[11],0.16129032258064513,9dada49e784601183eb3a1e1723ce2d4,,,
5,11,x[11],True,x[11],0.16129032258064513,9dada49e784601183eb3a1e1723ce2d4,,,
5,11,x[11],True,x[11],0.16129032258064513,9dada49e784601183eb3a1e1723ce2d4,,,
5,11,x[11],True,x[11],0.16129032258064513,9dada49e784601183eb3a1e1723ce2d4,,,
5,11,x[11],True,x[11],0.16129032258064513,9dada49e784601183eb3a1e1723ce2d4,,,
5,11,x[11],True,x[11],0.16129032258064513,9dada49e784601183eb3a1e1723ce2d4,,,
5,11,x[11],True,x[11],0.16129032258064513,9dada49e784601183eb3a1e1723ce2d4,,,
5,11,x[11],True,x[11],0.16129032258064513,9dada49e784601183eb3a1e1723ce2d4,,,
5,11,x[11],True,x[11],0.16129032258064513,9dada49e784601183eb3a1e1723ce2d4,,,
5,11,x[11],True,x[11],0.16129032258064513,9dada49e784601183eb3a1e1723ce2d4,,,
5,11,x[11],True,x[11],0.16129032258064513,9dada49e784601183eb3a1e1723ce2d4,,,
5,11,x[11],True,x[11],0.16129032258064513,9dada49e784601183eb3a1e1723ce2d4,,,
5,11,x[11],True,x[11],0.16129032258064513,9dada49e784601183eb3a1e1723ce2d4,,,
5,11,x[11],True,x[11],0.16129032258064513,9dada49e784601183eb3a1e1723ce2d4,,,
5,11,x[11],True,x[11],0.16129032258064513,9dada49e784601183eb3a1e1723ce2d4,,,
5,11,x[11],True,x[11],0.16129032258064513,9dada49e784601183eb3a1e1723ce2d4,,,
5,11,x[11],True,x[11],0.16129032258064513,9dada49e784601183eb3a1e1723ce2d4,,,
5,11,x[11],True,x[11],0.16129032258064513,9dada49e784601183eb3a1e1723ce2d4,,,
5,11,x[11],True,x[11],0.16129032258064513,9dada49e784601183eb3a1e1723ce2d4,,,
5,11,x[11],True,x[11],0.16129032258064513,9dada49e784601183eb3a1e1723ce2d4,,,
5,11,x[11],True,x[11],0.16129032258064513,9dada49e784601183eb3a1e1723ce2d4,,,
5,11,x[11],True,x[11],0.16129032258064513,9dada49e784601183eb3a1e1723ce2d4,,,
5,11,x[11],True,x[11],0.16129032258064513,9dada49e784601183eb3a1e1723ce2d4,,,
5,11,x[11],True,x[11],0.16129032258064513,9dada49e784601183eb3a1e1723ce2d4,,,
5,11,x[11],True,x[11],0.16129032258064513,9dada49e784601183eb3a1e1723ce2d4,,,
5,11,x[11],True,x[11],0.16129032258064513,9dada49e784601183eb3a1e1723ce2d4,,,
5,11,x[11],True,x[11],0.16129032258064513,9dada49e784601183eb3a1e1723ce2d4,,,
5,11,x[11],True,x[11],0.16129032258064513,9dada49e784601183eb3a1e1723ce2d4,,,
5,11,x[11],True,x[11],0.16129032258064513,9dada49e784601183eb3a1e1723ce2d4,,,
5,11,x[11],True,x[11],0.16129032258064513,9dada49e784601183eb3a1e1723ce2d4,,,
5,11,x[11],True,x[11],0.16129032258064513,9dada49e784601183eb3a1e1723ce2d4,,,
5,11,x[11],True,x[11],0.16129032258064513,9dada49e784601183eb3a1e1723ce2d4,,,
5,11,x[12],True,x[12],0.18548387096774188,0d372214e94f96a8c686509e4d084014,,,
5,11,x[11],True,x[11],0.16129032258064513,9dada49e784601183eb3a1e1723ce2d4,,,
5,11,x[16],True,x[16],0.217741935483871,2b4aec85a499a1f7baf764b48bcf9178,,,
5,11,x[11],True,x[11],0.16129032258064513,9dada49e784601183eb3a1e1723ce2d4,,,
5,11,x[11],True,x[11],0.16129032258064513,9dada49e784601183eb3a1e1723ce2d4,,,
5,11,x[11],True,x[11],0.16129032258064513,9dada49e784601183eb3a1e1723ce2d4,,,
5,11,x[11],True,x[11],0.16129032258064513,9dada49e784601183eb3a1e1723ce2d4,,,
5,11,x[11],True,x[11],0.16129032258064513,9dada49e784601183eb3a1e1723ce2d4,,,
5,11,x[11],True,x[11],0.16129032258064513,9dada49e784601183eb3a1e1723ce2d4,,,
5,11,x[11],True,x[11],0.16129032258064513,9dada49e784601183eb3a1e1723ce2d4,,,
5,11,x[11],True,x[11],0.16129032258064513,9dada49e784601183eb3a1e1723ce2d4,,,
5,11,x[11],True,x[11],0.16129032258064513,9dada49e784601183eb3a1e1723ce2d4,,,
5,11,x[11],True,x[11],0.16129032258064513,9dada49e784601183eb3a1e1723ce2d4,,,
5,11,x[11],True,x[11],0.16129032258064513,9dada49e784601183eb3a1e1723ce2d4,,,
5,11,x[11],True,x[11],0.16129032258064513,9dada49e784601183eb3a1e1723ce2d4,,,
5,11,x[11],True,x[11],0.16129032258064513,9dada49e784601183eb3a1e1723ce2d4,,,
5,11,x[11],True,x[11],0.16129032258064513,9dada49e784601183eb3a1e1723ce2d4,,,
5,11,x[11],True,x[11],0.16129032258064513,9dada49e784601183eb3a1e1723ce2d4,,,
5,11,x[11],True,x[11],0.16129032258064513,9dada49e784601183eb3a1e1723ce2d4,,,
5,11,x[11],True,x[11],0.16129032258064513,9dada49e784601183eb3a1e1723ce2d4,,,
5,11,x[11],True,x[11],0.16129032258064513,9dada49e784601183eb3a1e1723ce2d4,,,
5,11,x[11],True,x[11],0.16129032258064513,9dada49e784601183eb3a1e1723ce2d4,,,
5,11,x[11],True,x[11],0.16129032258064513,9dada49e784601183eb3a1e1723ce2d4,,,
5,11,x[11],True,x[11],0.16129032258064513,9dada49e784601183eb3a1e1723ce2d4,,,
5,11,x[11],True,x[11],0.16129032258064513,9dada49e784601183eb3a1e1723ce2d4,,,
5,11,x[11],True,x[11],0.16129032258064513,9dada49e784601183eb3a1e1723ce2d4,,,
5,11,x[11],True,x[11],0.16129032258064513,9dada49e784601183eb3a1e1723ce2d4,,,
5,11,x[11],True,x[11],0.16129032258064513,9dada49e784601183eb3a1e1723ce2d4,,,
5,11,x[11],True,x[11],0.16129032258064513,9dada49e784601183eb3a1e1723ce2d4,,,
5,11,x[11],True,x[11],0.16129032258064513,9dada49e784601183eb3a1e1723ce2d4,,,
5,11,x[4],True,x[4],0.49193548387096775,c062f6f76dec194bafe0ddbf91add8d9,,,
5,11,x[11],True,x[11],0.16129032258064513,9dada49e784601183eb3a1e1723ce2d4,,,
5,11,x[11],True,x[11],0.16129032258064513,9dada49e784601183eb3a1e1723ce2d4,,,
5,11,x[11],True,x[11],0.16129032258064513,9dada49e784601183eb3a1e1723ce2d4,,,
5,11,x[11],True,x[11],0.16129032258064513,9dada49e784601183eb3a1e1723ce2d4,,,
5,11,x[11],True,x[11],0.16129032258064513,9dada49e784601183eb3a1e1723ce2d4,,,
5,11,x[11],True,x[11],0.16129032258064513,9dada49e784601183eb3a1e1723ce2d4,,,
5,11,x[11],True,x[11],0.16129032258064513,9dada49e784601183eb3a1e1723ce2d4,,,
5,11,x[11],True,x[11],0.16129032258064513,9dada49e784601183eb3a1e1723ce2d4,,,
5,11,x[18],True,x[18],0.6451612903225806,6a4c84e0915d9d2b86d121e994683436,,,
5,11,x[11],True,x[11],0.16129032258064513,9dada49e784601183eb3a1e1723ce2d4,,,
5,11,x[11],True,x[11],0.16129032258064513,9dada49e784601183eb3a1e1723ce2d4,,,
5,11,x[11],True,x[11],0.16129032258064513,9dada49e784601183eb3a1e1723ce2d4,,,
5,11,x[11],True,x[11],0.16129032258064513,9dada49e784601183eb3a1e1723ce2d4,,,
5,11,x[11],True,x[11],0.16129032258064513,9dada49e784601183eb3a1e1723ce2d4,,,
5,11,x[11],True,x[11],0.16129032258064513,9dada49e784601183eb3a1e1723ce2d4,,,
5,11,x[11],True,x[11],0.16129032258064513,9dada49e784601183eb3a1e1723ce2d4,,,
5,11,x[11],True,x[11],0.16129032258064513,9dada49e784601183eb3a1e1723ce2d4,,,
5,11,x[11],True,x[11],0.16129032258064513,9dada49e784601183eb3a1e1723ce2d4,,,
5,11,x[11],True,x[11],0.16129032258064513,9dada49e784601183eb3a1e1723ce2d4,,,
5,11,x[11],True,x[11],0.16129032258064513,9dada49e784601183eb3a1e1723ce2d4,,,
5,11,x[11],True,x[11],0.16129032258064513,9dada49e784601183eb3a1e1723ce2d4,,,
5,12,x[11],True,x[11],0.16129032258064513,9dada49e784601183eb3a1e1723ce2d4,,,
5,12,x[11],True,x[11],0.16129032258064513,9dada49e784601183eb3a1e1723ce2d4,,,
5,12,x[4],True,x[4],0.49193548387096775,c062f6f76dec194bafe0ddbf91add8d9,,,
5,12,x[11],True,x[11],0.16129032258064513,9dada49e784601183eb3a1e1723ce2d4,,,
5,12,x[9],True,x[9],0.2338709677419355,2e0260aa627dff742f7c723c8367e701,,,
5,12,x[11],True,x[11],0.16129032258064513,9dada49e784601183eb3a1e1723ce2d4,,,
5,12,x[11],True,x[11],0.16129032258064513,9dada49e784601183eb3a1e1723ce2d4,,,
5,12,x[11],True,x[11],0.16129032258064513,9dada49e784601183eb3a1e1723ce2d4,,,
5,12,x[11],True,x[11],0.16129032258064513,9dada49e784601183eb3a1e1723ce2d4,,,
5,12,x[11],True,x[11],0.16129032258064513,9dada49e784601183eb3a1e1723ce2d4,,,
5,12,x[11],True,x[11],0.16129032258064513,9dada49e784601183eb3a1e1723ce2d4,,,
5,12,x[11],True,x[11],0.16129032258064513,9dada49e784601183eb3a1e1723ce2d4,,,
5,12,x[11],True,x[11],0.16129032258064513,9dada49e784601183eb3a1e1723ce2d4,,,
5,12,x[11],True,x[11],0.16129032258064513,9dada49e784601183eb3a1e1723ce2d4,,,
5,12,x[11],True,x[11],0.16129032258064513,9dada49e784601183eb3a1e1723ce2d4,,,
5,12,x[11],True,x[11],0.16129032258064513,9dada49e784601183eb3a1e1723ce2d4,,,
5,12,x[11],True,x[11],0.16129032258064513,9dada49e784601183eb3a1e1723ce2d4,,,
5,12,x[11],True,x[11],0.16129032258064513,9dada49e784601183eb3a1e1723ce2d4,,,
5,12,x[11],True,x[11],0.16129032258064513,9dada49e784601183eb3a1e1723ce2d4,,,
5,12,x[11],True,x[11],0.16129032258064513,9dada49e784601183eb3a1e1723ce2d4,,,
5,12,x[11],True,x[11],0.16129032258064513,9dada49e784601183eb3a1e1723ce2d4,,,
5,12,x[9],True,x[9],0.2338709677419355,2e0260aa627dff742f7c723c8367e701,,,
5,12,x[11],True,x[11],0.16129032258064513,9dada49e784601183eb3a1e1723ce2d4,,,
5,12,x[11],True,x[11],0.16129032258064513,9dada49e784601183eb3a1e1723ce2d4,,,
5,12,x[11],True,x[11],0.16129032258064513,9dada49e784601183eb3a1e1723ce2d4,,,
5,12,x[9],True,x[9],0.2338709677419355,2e0260aa627dff742f7c723c8367e701,,,
5,12,x[11],True,x[11],0.16129032258064513,9dada49e784601183eb3a1e1723ce2d4,,,
5,12,x[11],True,x[11],0.16129032258064513,9dada49e784601183eb3a1e1723ce2d4,,,
5,12,x[11],True,x[11],0.16129032258064513,9dada49e784601183eb3a1e1723ce2d4,,,
5,12,x[1],True,x[1],0.685483870967742,48150b63a14de07ac8ada4efd9d4896c,,,
5,12,x[11],True,x[11],0.16129032258064513,9dada49e784601183eb3a1e1723ce2d4,,,
5,12,x[11],True,x[11],0.16129032258064513,9dada49e784601183eb3a1e1723ce2d4,,,
5,12,x[11],True,x[11],0.16129032258064513,9dada49e784601183eb3a1e1723ce2d4,,,
5,12,x[11],True,x[11],0.16129032258064513,9dada49e784601183eb3a1e1723ce2d4,,,
5,12,x[11],True,x[11],0.16129032258064513,9dada49e784601183eb3a1e1723ce2d4,,,
5,12,x[11],True,x[11],0.16129032258064513,9dada49e784601183eb3a1e1723ce2d4,,,
5,12,x[11],True,x[11],0.16129032258064513,9dada49e784601183eb3a1e1723ce2d4,,,
5,12,x[11],True,x[11],0.16129032258064513,9dada49e784601183eb3a1e1723ce2d4,,,
5,12,x[12],True,x[12],0.18548387096774188,0d372214e94f96a8c686509e4d084014,,,
5,12,x[11],True,x[11],0.16129032258064513,9dada49e784601183eb3a1e1723ce2d4,,,
5,12,x[11],True,x[11],0.16129032258064513,9dada49e784601183eb3a1e1723ce2d4,,,
5,12,x[11],True,x[11],0.16129032258064513,9dada49e784601183eb3a1e1723ce2d4,,,
5,12,x[11],True,x[11],0.16129032258064513,9dada49e784601183eb3a1e1723ce2d4,,,
5,12,x[11],True,x[11],0.16129032258064513,9dada49e784601183eb3a1e1723ce2d4,,,
5,12,x[11],True,x[11],0.16129032258064513,9dada49e784601183eb3a1e1723ce2d4,,,
5,12,x[11],True,x[11],0.16129032258064513,9dada49e784601183eb3a1e1723ce2d4,,,
5,12,x[11],True,x[11],0.16129032258064513,9dada49e784601183eb3a1e1723ce2d4,,,
5,12,x[11],True,x[11],0.16129032258064513,9dada49e784601183eb3a1e1723ce2d4,,,
5,12,x[11],True,x[11],0.16129032258064513,9dada49e784601183eb3a1e1723ce2d4,,,
5,12,x[11],True,x[11],0.16129032258064513,9dada49e784601183eb3a1e1723ce2d4,,,
5,12,x[11],True,x[11],0.16129032258064513,9dada49e784601183eb3a1e1723ce2d4,,,
5,12,x[11],True,x[11],0.16129032258064513,9dada49e784601183eb3a1e1723ce2d4,,,
5,12,x[11],True,x[11],0.16129032258064513,9dada49e784601183eb3a1e1723ce2d4,,,
5,12,x[11],True,x[11],0.16129032258064513,9dada49e784601183eb3a1e1723ce2d4,,,
5,12,x[11],True,x[11],0.16129032258064513,9dada49e784601183eb3a1e1723ce2d4,,,
5,12,x[11],True,x[11],0.16129032258064513,9dada49e784601183eb3a1e1723ce2d4,,,
5,12,x[11],True,x[11],0.16129032258064513,9dada49e784601183eb3a1e1723ce2d4,,,
5,12,x[18],True,x[18],0.6451612903225806,6a4c84e0915d9d2b86d121e994683436,,,
5,12,x[11],True,x[11],0.16129032258064513,9dada49e784601183eb3a1e1723ce2d4,,,
5,12,x[11],True,x[11],0.16129032258064513,9dada49e784601183eb3a1e1723ce2d4,,,
5,12,x[11],True,x[11],0.16129032258064513,9dada49e784601183eb3a1e1723ce2d4,,,
5,12,x[11],True,x[11],0.16129032258064513,9dada49e784601183eb3a1e1723ce2d4,,,
5,12,x[11],True,x[11],0.16129032258064513,9dada49e784601183eb3a1e1723ce2d4,,,
5,12,x[11],True,x[11],0.16129032258064513,9dada49e784601183eb3a1e1723ce2d4,,,
5,12,x[11],True,x[11],0.16129032258064513,9dada49e784601183eb3a1e1723ce2d4,,,
5,12,x[11],True,x[11],0.16129032258064513,9dada49e784601183eb3a1e1723ce2d4,,,
5,12,x[11],True,x[11],0.16129032258064513,9dada49e784601183eb3a1e1723ce2d4,,,
5,12,x[11],True,x[11],0.16129032258064513,9dada49e784601183eb3a1e1723ce2d4,,,
5,12,x[14],True,x[14],0.22580645161290325,5184b187f6f474f266ff1a9e52a8b41f,,,
5,12,x[11],True,x[11],0.16129032258064513,9dada49e784601183eb3a1e1723ce2d4,,,
5,12,x[11],True,x[11],0.16129032258064513,9dada49e784601183eb3a1e1723ce2d4,,,
5,12,x[11],True,x[11],0.16129032258064513,9dada49e784601183eb3a1e1723ce2d4,,,
5,12,x[14],True,x[14],0.22580645161290325,5184b187f6f474f266ff1a9e52a8b41f,,,
5,12,x[11],True,x[11],0.16129032258064513,9dada49e784601183eb3a1e1723ce2d4,,,
5,12,x[11],True,x[11],0.16129032258064513,9dada49e784601183eb3a1e1723ce2d4,,,
5,12,x[11],True,x[11],0.16129032258064513,9dada49e784601183eb3a1e1723ce2d4,,,
5,12,x[11],True,x[11],0.16129032258064513,9dada49e784601183eb3a1e1723ce2d4,,,
5,12,x[11],True,x[11],0.16129032258064513,9dada49e784601183eb3a1e1723ce2d4,,,
5,12,x[11],True,x[11],0.16129032258064513,9dada49e784601183eb3a1e1723ce2d4,,,
5,12,x[4],True,x[4],0.49193548387096775,c062f6f76dec194bafe0ddbf91add8d9,,,
5,12,x[11],True,x[11],0.16129032258064513,9dada49e784601183eb3a1e1723ce2d4,,,
5,12,x[11],True,x[11],0.16129032258064513,9dada49e784601183eb3a1e1723ce2d4,,,
5,12,x[11],True,x[11],0.16129032258064513,9dada49e784601183eb3a1e1723ce2d4,,,
5,12,x[11],True,x[11],0.16129032258064513,9dada49e784601183eb3a1e1723ce2d4,,,
5,12,x[11],True,x[11],0.16129032258064513,9dada49e784601183eb3a1e1723ce2d4,,,
5,12,x[11],True,x[11],0.16129032258064513,9dada49e784601183eb3a1e1723ce2d4,,,
5,12,x[11],True,x[11],0.16129032258064513,9dada49e784601183eb3a1e1723ce2d4,,,
5,12,x[11],True,x[11],0.16129032258064513,9dada49e784601183eb3a1e1723ce2d4,,,
5,12,x[11],True,x[11],0.16129032258064513,9dada49e784601183eb3a1e1723ce2d4,,,
5,12,x[11],True,x[11],0.16129032258064513,9dada49e784601183eb3a1e1723ce2d4,,,
5,12,x[11],True,x[11],0.16129032258064513,9dada49e784601183eb3a1e1723ce2d4,,,
5,12,x[11],True,x[11],0.16129032258064513,9dada49e784601183eb3a1e1723ce2d4,,,
5,12,x[11],True,x[11],0.16129032258064513,9dada49e784601183eb3a1e1723ce2d4,,,
5,12,x[11],True,x[11],0.16129032258064513,9dada49e784601183eb3a1e1723ce2d4,,,
5,12,x[11],True,x[11],0.16129032258064513,9dada49e784601183eb3a1e1723ce2d4,,,
5,12,x[11],True,x[11],0.16129032258064513,9dada49e784601183eb3a1e1723ce2d4,,,
5,12,x[11],True,x[11],0.16129032258064513,9dada49e784601183eb3a1e1723ce2d4,,,
5,12,x[11],True,x[11],0.16129032258064513,9dada49e784601183eb3a1e1723ce2d4,,,
5,12,x[11],True,x[11],0.16129032258064513,9dada49e784601183eb3a1e1723ce2d4,,,
5,12,x[11],True,x[11],0.16129032258064513,9dada49e784601183eb3a1e1723ce2d4,,,
5,12,x[11],True,x[11],0.16129032258064513,9dada49e784601183eb3a1e1723ce2d4,,,
5,12,x[11],True,x[11],0.16129032258064513,9dada49e784601183eb3a1e1723ce2d4,,,
5,12,x[11],True,x[11],0.16129032258064513,9dada49e784601183eb3a1e1723ce2d4,,,
5,12,x[11],True,x[11],0.16129032258064513,9dada49e784601183eb3a1e1723ce2d4,,,
5,12,x[11],True,x[11],0.16129032258064513,9dada49e784601183eb3a1e1723ce2d4,,,
5,12,x[11],True,x[11],0.16129032258064513,9dada49e784601183eb3a1e1723ce2d4,,,
5,12,x[11],True,x[11],0.16129032258064513,9dada49e784601183eb3a1e1723ce2d4,,,
5,12,x[11],True,x[11],0.16129032258064513,9dada49e784601183eb3a1e1723ce2d4,,,
5,12,x[16],True,x[16],0.217741935483871,2b4aec85a499a1f7baf764b48bcf9178,,,
5,12,x[11],True,x[11],0.16129032258064513,9dada49e784601183eb3a1e1723ce2d4,,,
5,12,x[11],True,x[11],0.16129032258064513,9dada49e784601183eb3a1e1723ce2d4,,,
5,12,x[11],True,x[11],0.16129032258064513,9dada49e784601183eb3a1e1723ce2d4,,,
5,12,x[11],True,x[11],0.16129032258064513,9dada49e784601183eb3a1e1723ce2d4,,,
5,12,x[11],True,x[11],0.16129032258064513,9dada49e784601183eb3a1e1723ce2d4,,,
5,12,x[11],True,x[11],0.16129032258064513,9dada49e784601183eb3a1e1723ce2d4,,,
5,12,x[16],True,x[16],0.217741935483871,2b4aec85a499a1f7baf764b48bcf9178,,,
5,12,x[11],True,x[11],0.16129032258064513,9dada49e784601183eb3a1e1723ce2d4,,,
5,12,x[11],True,x[11],0.16129032258064513,9dada49e784601183eb3a1e1723ce2d4,,,
5,12,x[11],True,x[11],0.16129032258064513,9dada49e784601183eb3a1e1723ce2d4,,,
5,12,x[11],True,x[11],0.16129032258064513,9dada49e784601183eb3a1e1723ce2d4,,,
5,12,x[11],True,x[11],0.16129032258064513,9dada49e784601183eb3a1e1723ce2d4,,,
5,12,x[11],True,x[11],0.16129032258064513,9dada49e784601183eb3a1e1723ce2d4,,,
5,12,x[11],True,x[11],0.16129032258064513,9dada49e784601183eb3a1e1723ce2d4,,,
5,12,x[11],True,x[11],0.16129032258064513,9dada49e784601183eb3a1e1723ce2d4,,,
5,12,x[11],True,x[11],0.16129032258064513,9dada49e784601183eb3a1e1723ce2d4,,,
5,12,x[11],True,x[11],0.16129032258064513,9dada49e784601183eb3a1e1723ce2d4,,,
5,12,x[11],True,x[11],0.16129032258064513,9dada49e784601183eb3a1e1723ce2d4,,,
5,12,x[11],True,x[11],0.16129032258064513,9dada49e784601183eb3a1e1723ce2d4,,,
5,12,x[11],True,x[11],0.16129032258064513,9dada49e784601183eb3a1e1723ce2d4,,,
5,12,x[11],True,x[11],0.16129032258064513,9dada49e784601183eb3a1e1723ce2d4,,,
5,12,x[11],True,x[11],0.16129032258064513,9dada49e784601183eb3a1e1723ce2d4,,,
5,12,x[11],True,x[11],0.16129032258064513,9dada49e784601183eb3a1e1723ce2d4,,,
5,12,x[11],True,x[11],0.16129032258064513,9dada49e784601183eb3a1e1723ce2d4,,,
5,12,x[11],True,x[11],0.16129032258064513,9dada49e784601183eb3a1e1723ce2d4,,,
5,12,x[11],True,x[11],0.16129032258064513,9dada49e784601183eb3a1e1723ce2d4,,,
5,12,x[11],True,x[11],0.16129032258064513,9dada49e784601183eb3a1e1723ce2d4,,,
5,12,x[11],True,x[11],0.16129032258064513,9dada49e784601183eb3a1e1723ce2d4,,,
5,12,x[11],True,x[11],0.16129032258064513,9dada49e784601183eb3a1e1723ce2d4,,,
5,12,x[11],True,x[11],0.16129032258064513,9dada49e784601183eb3a1e1723ce2d4,,,
5,12,x[11],True,x[11],0.16129032258064513,9dada49e784601183eb3a1e1723ce2d4,,,
5,12,x[11],True,x[11],0.16129032258064513,9dada49e784601183eb3a1e1723ce2d4,,,
5,12,x[11],True,x[11],0.16129032258064513,9dada49e784601183eb3a1e1723ce2d4,,,
5,12,x[11],True,x[11],0.16129032258064513,9dada49e784601183eb3a1e1723ce2d4,,,
5,12,x[11],True,x[11],0.16129032258064513,9dada49e784601183eb3a1e1723ce2d4,,,
5,12,x[11],True,x[11],0.16129032258064513,9dada49e784601183eb3a1e1723ce2d4,,,
5,12,x[14],True,x[14],0.22580645161290325,5184b187f6f474f266ff1a9e52a8b41f,,,
5,12,x[11],True,x[11],0.16129032258064513,9dada49e784601183eb3a1e1723ce2d4,,,
5,12,x[11],True,x[11],0.16129032258064513,9dada49e784601183eb3a1e1723ce2d4,,,
5,12,x[11],True,x[11],0.16129032258064513,9dada49e784601183eb3a1e1723ce2d4,,,
5,12,x[11],True,x[11],0.16129032258064513,9dada49e784601183eb3a1e1723ce2d4,,,
5,12,x[11],True,x[11],0.16129032258064513,9dada49e784601183eb3a1e1723ce2d4,,,
5,12,x[11],True,x[11],0.16129032258064513,9dada49e784601183eb3a1e1723ce2d4,,,
5,12,x[11],True,x[11],0.16129032258064513,9dada49e784601183eb3a1e1723ce2d4,,,
5,12,x[11],True,x[11],0.16129032258064513,9dada49e784601183eb3a1e1723ce2d4,,,
5,12,x[1],True,x[1],0.685483870967742,48150b63a14de07ac8ada4efd9d4896c,,,
5,12,x[11],True,x[11],0.16129032258064513,9dada49e784601183eb3a1e1723ce2d4,,,
5,12,x[11],True,x[11],0.16129032258064513,9dada49e784601183eb3a1e1723ce2d4,,,
5,12,x[11],True,x[11],0.16129032258064513,9dada49e784601183eb3a1e1723ce2d4,,,
5,12,x[11],True,x[11],0.16129032258064513,9dada49e784601183eb3a1e1723ce2d4,,,
5,12,x[11],True,x[11],0.16129032258064513,9dada49e784601183eb3a1e1723ce2d4,,,
5,12,x[11],True,x[11],0.16129032258064513,9dada49e784601183eb3a1e1723ce2d4,,,
5,12,x[11],True,x[11],0.16129032258064513,9dada49e784601183eb3a1e1723ce2d4,,,
5,12,x[11],True,x[11],0.16129032258064513,9dada49e784601183eb3a1e1723ce2d4,,,
5,12,x[11],True,x[11],0.16129032258064513,9dada49e784601183eb3a1e1723ce2d4,,,
5,12,x[11],True,x[11],0.16129032258064513,9dada49e784601183eb3a1e1723ce2d4,,,
5,12,x[11],True,x[11],0.16129032258064513,9dada49e784601183eb3a1e1723ce2d4,,,
5,12,x[11],True,x[11],0.16129032258064513,9dada49e784601183eb3a1e1723ce2d4,,,
5,12,x[11],True,x[11],0.16129032258064513,9dada49e784601183eb3a1e1723ce2d4,,,
5,12,x[11],True,x[11],0.16129032258064513,9dada49e784601183eb3a1e1723ce2d4,,,
5,12,x[11],True,x[11],0.16129032258064513,9dada49e784601183eb3a1e1723ce2d4,,,
5,12,x[11],True,x[11],0.16129032258064513,9dada49e784601183eb3a1e1723ce2d4,,,
5,12,x[11],True,x[11],0.16129032258064513,9dada49e784601183eb3a1e1723ce2d4,,,
5,12,x[11],True,x[11],0.16129032258064513,9dada49e784601183eb3a1e1723ce2d4,,,
5,12,x[11],True,x[11],0.16129032258064513,9dada49e784601183eb3a1e1723ce2d4,,,
5,12,x[11],True,x[11],0.16129032258064513,9dada49e784601183eb3a1e1723ce2d4,,,
5,12,x[11],True,x[11],0.16129032258064513,9dada49e784601183eb3a1e1723ce2d4,,,
5,12,x[11],True,x[11],0.16129032258064513,9dada49e784601183eb3a1e1723ce2d4,,,
5,12,x[11],True,x[11],0.16129032258064513,9dada49e784601183eb3a1e1723ce2d4,,,
5,12,x[11],True,x[11],0.16129032258064513,9dada49e784601183eb3a1e1723ce2d4,,,
5,12,x[11],True,x[11],0.16129032258064513,9dada49e784601183eb3a1e1723ce2d4,,,
5,12,x[11],True,x[11],0.16129032258064513,9dada49e784601183eb3a1e1723ce2d4,,,
5,12,x[11],True,x[11],0.16129032258064513,9dada49e784601183eb3a1e1723ce2d4,,,
5,12,x[11],True,x[11],0.16129032258064513,9dada49e784601183eb3a1e1723ce2d4,,,
5,12,x[11],True,x[11],0.16129032258064513,9dada49e784601183eb3a1e1723ce2d4,,,
5,12,x[11],True,x[11],0.16129032258064513,9dada49e784601183eb3a1e1723ce2d4,,,
5,12,x[11],True,x[11],0.16129032258064513,9dada49e784601183eb3a1e1723ce2d4,,,
5,12,x[11],True,x[11],0.16129032258064513,9dada49e784601183eb3a1e1723ce2d4,,,
5,12,x[11],True,x[11],0.16129032258064513,9dada49e784601183eb3a1e1723ce2d4,,,
5,12,x[11],True,x[11],0.16129032258064513,9dada49e784601183eb3a1e1723ce2d4,,,
5,12,x[11],True,x[11],0.16129032258064513,9dada49e784601183eb3a1e1723ce2d4,,,
5,12,x[11],True,x[11],0.16129032258064513,9dada49e784601183eb3a1e1723ce2d4,,,
5,12,x[11],True,x[11],0.16129032258064513,9dada49e784601183eb3a1e1723ce2d4,,,
5,12,x[11],True,x[11],0.16129032258064513,9dada49e784601183eb3a1e1723ce2d4,,,
5,12,x[11],True,x[11],0.16129032258064513,9dada49e784601183eb3a1e1723ce2d4,,,
5,12,x[11],True,x[11],0.16129032258064513,9dada49e784601183eb3a1e1723ce2d4,,,
5,12,x[11],True,x[11],0.16129032258064513,9dada49e784601183eb3a1e1723ce2d4,,,
5,12,x[11],True,x[11],0.16129032258064513,9dada49e784601183eb3a1e1723ce2d4,,,
5,12,x[11],True,x[11],0.16129032258064513,9dada49e784601183eb3a1e1723ce2d4,,,
5,12,x[11],True,x[11],0.16129032258064513,9dada49e784601183eb3a1e1723ce2d4,,,
5,12,x[11],True,x[11],0.16129032258064513,9dada49e784601183eb3a1e1723ce2d4,,,
5,12,x[11],True,x[11],0.16129032258064513,9dada49e784601183eb3a1e1723ce2d4,,,
5,12,x[11],True,x[11],0.16129032258064513,9dada49e784601183eb3a1e1723ce2d4,,,
5,12,x[11],True,x[11],0.16129032258064513,9dada49e784601183eb3a1e1723ce2d4,,,
5,12,x[11],True,x[11],0.16129032258064513,9dada49e784601183eb3a1e1723ce2d4,,,
5,12,x[11],True,x[11],0.16129032258064513,9dada49e784601183eb3a1e1723ce2d4,,,
5,12,x[11],True,x[11],0.16129032258064513,9dada49e784601183eb3a1e1723ce2d4,,,
5,12,x[11],True,x[11],0.16129032258064513,9dada49e784601183eb3a1e1723ce2d4,,,
5,12,x[11],True,x[11],0.16129032258064513,9dada49e784601183eb3a1e1723ce2d4,,,
5,12,x[11],True,x[11],0.16129032258064513,9dada49e784601183eb3a1e1723ce2d4,,,
5,12,x[11],True,x[11],0.16129032258064513,9dada49e784601183eb3a1e1723ce2d4,,,
5,12,x[11],True,x[11],0.16129032258064513,9dada49e784601183eb3a1e1723ce2d4,,,
5,12,x[11],True,x[11],0.16129032258064513,9dada49e784601183eb3a1e1723ce2d4,,,
5,12,x[11],True,x[11],0.16129032258064513,9dada49e784601183eb3a1e1723ce2d4,,,
5,12,x[11],True,x[11],0.16129032258064513,9dada49e784601183eb3a1e1723ce2d4,,,
5,12,x[11],True,x[11],0.16129032258064513,9dada49e784601183eb3a1e1723ce2d4,,,
5,12,x[11],True,x[11],0.16129032258064513,9dada49e784601183eb3a1e1723ce2d4,,,
5,12,x[11],True,x[11],0.16129032258064513,9dada49e784601183eb3a1e1723ce2d4,,,
5,12,x[11],True,x[11],0.16129032258064513,9dada49e784601183eb3a1e1723ce2d4,,,
5,12,x[11],True,x[11],0.16129032258064513,9dada49e784601183eb3a1e1723ce2d4,,,
5,12,x[11],True,x[11],0.16129032258064513,9dada49e784601183eb3a1e1723ce2d4,,,
5,12,x[11],True,x[11],0.16129032258064513,9dada49e784601183eb3a1e1723ce2d4,,,
5,12,x[11],True,x[11],0.16129032258064513,9dada49e784601183eb3a1e1723ce2d4,,,
5,12,x[11],True,x[11],0.16129032258064513,9dada49e784601183eb3a1e1723ce2d4,,,
5,12,x[11],True,x[11],0.16129032258064513,9dada49e784601183eb3a1e1723ce2d4,,,
5,12,x[11],True,x[11],0.16129032258064513,9dada49e784601183eb3a1e1723ce2d4,,,
5,12,x[11],True,x[11],0.16129032258064513,9dada49e784601183eb3a1e1723ce2d4,,,
5,12,x[11],True,x[11],0.16129032258064513,9dada49e784601183eb3a1e1723ce2d4,,,
5,12,x[11],True,x[11],0.16129032258064513,9dada49e784601183eb3a1e1723ce2d4,,,
5,12,x[11],True,x[11],0.16129032258064513,9dada49e784601183eb3a1e1723ce2d4,,,
5,12,x[11],True,x[11],0.16129032258064513,9dada49e784601183eb3a1e1723ce2d4,,,
5,12,x[11],True,x[11],0.16129032258064513,9dada49e784601183eb3a1e1723ce2d4,,,
5,12,x[11],True,x[11],0.16129032258064513,9dada49e784601183eb3a1e1723ce2d4,,,
5,12,x[11],True,x[11],0.16129032258064513,9dada49e784601183eb3a1e1723ce2d4,,,
5,12,x[11],True,x[11],0.16129032258064513,9dada49e784601183eb3a1e1723ce2d4,,,
5,12,x[11],True,x[11],0.16129032258064513,9dada49e784601183eb3a1e1723ce2d4,,,
5,12,x[11],True,x[11],0.16129032258064513,9dada49e784601183eb3a1e1723ce2d4,,,
5,12,x[11],True,x[11],0.16129032258064513,9dada49e784601183eb3a1e1723ce2d4,,,
5,12,x[11],True,x[11],0.16129032258064513,9dada49e784601183eb3a1e1723ce2d4,,,
5,12,x[11],True,x[11],0.16129032258064513,9dada49e784601183eb3a1e1723ce2d4,,,
5,12,x[11],True,x[11],0.16129032258064513,9dada49e784601183eb3a1e1723ce2d4,,,
5,12,x[11],True,x[11],0.16129032258064513,9dada49e784601183eb3a1e1723ce2d4,,,
5,12,x[11],True,x[11],0.16129032258064513,9dada49e784601183eb3a1e1723ce2d4,,,
5,12,x[11],True,x[11],0.16129032258064513,9dada49e784601183eb3a1e1723ce2d4,,,
5,12,x[11],True,x[11],0.16129032258064513,9dada49e784601183eb3a1e1723ce2d4,,,
5,12,x[11],True,x[11],0.16129032258064513,9dada49e784601183eb3a1e1723ce2d4,,,
5,12,x[11],True,x[11],0.16129032258064513,9dada49e784601183eb3a1e1723ce2d4,,,
5,12,x[11],True,x[11],0.16129032258064513,9dada49e784601183eb3a1e1723ce2d4,,,
5,12,x[11],True,x[11],0.16129032258064513,9dada49e784601183eb3a1e1723ce2d4,,,
5,12,x[11],True,x[11],0.16129032258064513,9dada49e784601183eb3a1e1723ce2d4,,,
5,12,x[11],True,x[11],0.16129032258064513,9dada49e784601183eb3a1e1723ce2d4,,,
5,12,x[11],True,x[11],0.16129032258064513,9dada49e784601183eb3a1e1723ce2d4,,,
5,12,x[11],True,x[11],0.16129032258064513,9dada49e784601183eb3a1e1723ce2d4,,,
5,12,x[11],True,x[11],0.16129032258064513,9dada49e784601183eb3a1e1723ce2d4,,,
5,12,x[11],True,x[11],0.16129032258064513,9dada49e784601183eb3a1e1723ce2d4,,,
5,12,x[11],True,x[11],0.16129032258064513,9dada49e784601183eb3a1e1723ce2d4,,,
5,12,x[11],True,x[11],0.16129032258064513,9dada49e784601183eb3a1e1723ce2d4,,,
5,12,x[11],True,x[11],0.16129032258064513,9dada49e784601183eb3a1e1723ce2d4,,,
5,12,x[11],True,x[11],0.16129032258064513,9dada49e784601183eb3a1e1723ce2d4,,,
5,12,x[11],True,x[11],0.16129032258064513,9dada49e784601183eb3a1e1723ce2d4,,,
5,12,x[11],True,x[11],0.16129032258064513,9dada49e784601183eb3a1e1723ce2d4,,,
5,12,x[11],True,x[11],0.16129032258064513,9dada49e784601183eb3a1e1723ce2d4,,,
5,12,x[11],True,x[11],0.16129032258064513,9dada49e784601183eb3a1e1723ce2d4,,,
5,12,x[11],True,x[11],0.16129032258064513,9dada49e784601183eb3a1e1723ce2d4,,,
5,12,x[11],True,x[11],0.16129032258064513,9dada49e784601183eb3a1e1723ce2d4,,,
5,12,x[11],True,x[11],0.16129032258064513,9dada49e784601183eb3a1e1723ce2d4,,,
5,12,x[11],True,x[11],0.16129032258064513,9dada49e784601183eb3a1e1723ce2d4,,,
5,12,x[11],True,x[11],0.16129032258064513,9dada49e784601183eb3a1e1723ce2d4,,,
5,12,x[11],True,x[11],0.16129032258064513,9dada49e784601183eb3a1e1723ce2d4,,,
5,12,x[11],True,x[11],0.16129032258064513,9dada49e784601183eb3a1e1723ce2d4,,,
5,12,x[11],True,x[11],0.16129032258064513,9dada49e784601183eb3a1e1723ce2d4,,,
5,12,x[11],True,x[11],0.16129032258064513,9dada49e784601183eb3a1e1723ce2d4,,,
5,12,x[11],True,x[11],0.16129032258064513,9dada49e784601183eb3a1e1723ce2d4,,,
5,12,x[11],True,x[11],0.16129032258064513,9dada49e784601183eb3a1e1723ce2d4,,,
5,12,x[11],True,x[11],0.16129032258064513,9dada49e784601183eb3a1e1723ce2d4,,,
5,12,x[11],True,x[11],0.16129032258064513,9dada49e784601183eb3a1e1723ce2d4,,,
5,12,x[11],True,x[11],0.16129032258064513,9dada49e784601183eb3a1e1723ce2d4,,,
5,12,x[8],True,x[8],0.4354838709677419,8c6b56831adf589cc7ca352d27aafe6d,,,
5,12,x[15],True,x[15],0.22580645161290325,301bd409bd67cc588ceaa53a6f5220a4,,,
5,12,x[11],True,x[11],0.16129032258064513,9dada49e784601183eb3a1e1723ce2d4,,,
5,12,x[11],True,x[11],0.16129032258064513,9dada49e784601183eb3a1e1723ce2d4,,,
5,12,x[11],True,x[11],0.16129032258064513,9dada49e784601183eb3a1e1723ce2d4,,,
5,12,x[8],True,x[8],0.4354838709677419,8c6b56831adf589cc7ca352d27aafe6d,,,
5,12,x[11],True,x[11],0.16129032258064513,9dada49e784601183eb3a1e1723ce2d4,,,
5,12,x[11],True,x[11],0.16129032258064513,9dada49e784601183eb3a1e1723ce2d4,,,
5,12,x[11],True,x[11],0.16129032258064513,9dada49e784601183eb3a1e1723ce2d4,,,
5,12,x[11],True,x[11],0.16129032258064513,9dada49e784601183eb3a1e1723ce2d4,,,
5,12,x[8],True,x[8],0.4354838709677419,8c6b56831adf589cc7ca352d27aafe6d,,,
5,12,x[8],True,x[8],0.4354838709677419,8c6b56831adf589cc7ca352d27aafe6d,,,
5,12,x[11],True,x[11],0.16129032258064513,9dada49e784601183eb3a1e1723ce2d4,,,
5,12,x[11],True,x[11],0.16129032258064513,9dada49e784601183eb3a1e1723ce2d4,,,
5,12,x[11],True,x[11],0.16129032258064513,9dada49e784601183eb3a1e1723ce2d4,,,
5,12,x[11],True,x[11],0.16129032258064513,9dada49e784601183eb3a1e1723ce2d4,,,
5,12,x[11],True,x[11],0.16129032258064513,9dada49e784601183eb3a1e1723ce2d4,,,
5,12,x[11],True,x[11],0.16129032258064513,9dada49e784601183eb3a1e1723ce2d4,,,
5,12,x[11],True,x[11],0.16129032258064513,9dada49e784601183eb3a1e1723ce2d4,,,
5,12,x[11],True,x[11],0.16129032258064513,9dada49e784601183eb3a1e1723ce2d4,,,
5,12,x[18],True,x[18],0.6451612903225806,6a4c84e0915d9d2b86d121e994683436,,,
5,12,x[11],True,x[11],0.16129032258064513,9dada49e784601183eb3a1e1723ce2d4,,,
5,12,x[11],True,x[11],0.16129032258064513,9dada49e784601183eb3a1e1723ce2d4,,,
5,12,x[15],True,x[15],0.22580645161290325,301bd409bd67cc588ceaa53a6f5220a4,,,
5,12,x[11],True,x[11],0.16129032258064513,9dada49e784601183eb3a1e1723ce2d4,,,
5,12,x[18],True,x[18],0.6451612903225806,6a4c84e0915d9d2b86d121e994683436,,,
5,12,x[11],True,x[11],0.16129032258064513,9dada49e784601183eb3a1e1723ce2d4,,,
5,12,x[11],True,x[11],0.16129032258064513,9dada49e784601183eb3a1e1723ce2d4,,,
5,12,x[11],True,x[11],0.16129032258064513,9dada49e784601183eb3a1e1723ce2d4,,,
5,12,x[11],True,x[11],0.16129032258064513,9dada49e784601183eb3a1e1723ce2d4,,,
5,12,x[11],True,x[11],0.16129032258064513,9dada49e784601183eb3a1e1723ce2d4,,,
5,12,x[10],True,x[10],0.24193548387096775,7424f049dcd7de48c5ec487367408f4f,,,
5,12,x[11],True,x[11],0.16129032258064513,9dada49e784601183eb3a1e1723ce2d4,,,
5,12,x[11],True,x[11],0.16129032258064513,9dada49e784601183eb3a1e1723ce2d4,,,
5,12,x[11],True,x[11],0.16129032258064513,9dada49e784601183eb3a1e1723ce2d4,,,
5,12,x[11],True,x[11],0.16129032258064513,9dada49e784601183eb3a1e1723ce2d4,,,
5,12,x[11],True,x[11],0.16129032258064513,9dada49e784601183eb3a1e1723ce2d4,,,
5,12,x[11],True,x[11],0.16129032258064513,9dada49e784601183eb3a1e1723ce2d4,,,
5,12,x[11],True,x[11],0.16129032258064513,9dada49e784601183eb3a1e1723ce2d4,,,
5,12,x[11],True,x[11],0.16129032258064513,9dada49e784601183eb3a1e1723ce2d4,,,
5,12,x[11],True,x[11],0.16129032258064513,9dada49e784601183eb3a1e1723ce2d4,,,
5,12,x[11],True,x[11],0.16129032258064513,9dada49e784601183eb3a1e1723ce2d4,,,
5,12,x[12],True,x[12],0.18548387096774188,0d372214e94f96a8c686509e4d084014,,,
5,12,x[11],True,x[11],0.16129032258064513,9dada49e784601183eb3a1e1723ce2d4,,,
5,12,x[11],True,x[11],0.16129032258064513,9dada49e784601183eb3a1e1723ce2d4,,,
5,12,x[11],True,x[11],0.16129032258064513,9dada49e784601183eb3a1e1723ce2d4,,,
5,12,x[11],True,x[11],0.16129032258064513,9dada49e784601183eb3a1e1723ce2d4,,,
5,12,x[11],True,x[11],0.16129032258064513,9dada49e784601183eb3a1e1723ce2d4,,,
5,12,x[11],True,x[11],0.16129032258064513,9dada49e784601183eb3a1e1723ce2d4,,,
5,12,x[11],True,x[11],0.16129032258064513,9dada49e784601183eb3a1e1723ce2d4,,,
5,12,x[11],True,x[11],0.16129032258064513,9dada49e784601183eb3a1e1723ce2d4,,,
5,12,x[11],True,x[11],0.16129032258064513,9dada49e784601183eb3a1e1723ce2d4,,,
5,12,x[11],True,x[11],0.16129032258064513,9dada49e784601183eb3a1e1723ce2d4,,,
5,12,x[11],True,x[11],0.16129032258064513,9dada49e784601183eb3a1e1723ce2d4,,,
5,12,x[11],True,x[11],0.16129032258064513,9dada49e784601183eb3a1e1723ce2d4,,,
5,12,x[14],True,x[14],0.22580645161290325,5184b187f6f474f266ff1a9e52a8b41f,,,
5,12,x[11],True,x[11],0.16129032258064513,9dada49e784601183eb3a1e1723ce2d4,,,
5,12,x[11],True,x[11],0.16129032258064513,9dada49e784601183eb3a1e1723ce2d4,,,
5,12,x[11],True,x[11],0.16129032258064513,9dada49e784601183eb3a1e1723ce2d4,,,
5,12,x[11],True,x[11],0.16129032258064513,9dada49e784601183eb3a1e1723ce2d4,,,
5,12,x[11],True,x[11],0.16129032258064513,9dada49e784601183eb3a1e1723ce2d4,,,
5,12,x[11],True,x[11],0.16129032258064513,9dada49e784601183eb3a1e1723ce2d4,,,
5,12,x[8],True,x[8],0.4354838709677419,8c6b56831adf589cc7ca352d27aafe6d,,,
5,12,x[11],True,x[11],0.16129032258064513,9dada49e784601183eb3a1e1723ce2d4,,,
5,12,x[11],True,x[11],0.16129032258064513,9dada49e784601183eb3a1e1723ce2d4,,,
5,12,x[11],True,x[11],0.16129032258064513,9dada49e784601183eb3a1e1723ce2d4,,,
5,12,x[11],True,x[11],0.16129032258064513,9dada49e784601183eb3a1e1723ce2d4,,,
5,12,x[16],True,x[16],0.217741935483871,2b4aec85a499a1f7baf764b48bcf9178,,,
5,12,x[11],True,x[11],0.16129032258064513,9dada49e784601183eb3a1e1723ce2d4,,,
5,12,x[11],True,x[11],0.16129032258064513,9dada49e784601183eb3a1e1723ce2d4,,,
5,12,x[11],True,x[11],0.16129032258064513,9dada49e784601183eb3a1e1723ce2d4,,,
5,12,x[11],True,x[11],0.16129032258064513,9dada49e784601183eb3a1e1723ce2d4,,,
5,12,x[11],True,x[11],0.16129032258064513,9dada49e784601183eb3a1e1723ce2d4,,,
5,12,x[11],True,x[11],0.16129032258064513,9dada49e784601183eb3a1e1723ce2d4,,,
5,12,x[11],True,x[11],0.16129032258064513,9dada49e784601183eb3a1e1723ce2d4,,,
5,12,x[11],True,x[11],0.16129032258064513,9dada49e784601183eb3a1e1723ce2d4,,,
5,12,x[11],True,x[11],0.16129032258064513,9dada49e784601183eb3a1e1723ce2d4,,,
5,12,x[11],True,x[11],0.16129032258064513,9dada49e784601183eb3a1e1723ce2d4,,,
5,12,x[11],True,x[11],0.16129032258064513,9dada49e784601183eb3a1e1723ce2d4,,,
5,12,x[11],True,x[11],0.16129032258064513,9dada49e784601183eb3a1e1723ce2d4,,,
5,12,x[11],True,x[11],0.16129032258064513,9dada49e784601183eb3a1e1723ce2d4,,,
5,12,x[10],True,x[10],0.24193548387096775,7424f049dcd7de48c5ec487367408f4f,,,
5,12,x[11],True,x[11],0.16129032258064513,9dada49e784601183eb3a1e1723ce2d4,,,
5,12,x[11],True,x[11],0.16129032258064513,9dada49e784601183eb3a1e1723ce2d4,,,
5,12,x[11],True,x[11],0.16129032258064513,9dada49e784601183eb3a1e1723ce2d4,,,
5,12,x[11],True,x[11],0.16129032258064513,9dada49e784601183eb3a1e1723ce2d4,,,
5,12,x[11],True,x[11],0.16129032258064513,9dada49e784601183eb3a1e1723ce2d4,,,
5,12,x[11],True,x[11],0.16129032258064513,9dada49e784601183eb3a1e1723ce2d4,,,
5,12,x[11],True,x[11],0.16129032258064513,9dada49e784601183eb3a1e1723ce2d4,,,
5,12,x[11],True,x[11],0.16129032258064513,9dada49e784601183eb3a1e1723ce2d4,,,
5,12,x[11],True,x[11],0.16129032258064513,9dada49e784601183eb3a1e1723ce2d4,,,
5,12,x[11],True,x[11],0.16129032258064513,9dada49e784601183eb3a1e1723ce2d4,,,
5,12,x[11],True,x[11],0.16129032258064513,9dada49e784601183eb3a1e1723ce2d4,,,
5,12,x[11],True,x[11],0.16129032258064513,9dada49e784601183eb3a1e1723ce2d4,,,
5,12,x[11],True,x[11],0.16129032258064513,9dada49e784601183eb3a1e1723ce2d4,,,
5,12,x[11],True,x[11],0.16129032258064513,9dada49e784601183eb3a1e1723ce2d4,,,
5,12,x[11],True,x[11],0.16129032258064513,9dada49e784601183eb3a1e1723ce2d4,,,
5,12,x[11],True,x[11],0.16129032258064513,9dada49e784601183eb3a1e1723ce2d4,,,
5,13,x[11],True,x[11],0.16129032258064513,9dada49e784601183eb3a1e1723ce2d4,,,
5,13,x[11],True,x[11],0.16129032258064513,9dada49e784601183eb3a1e1723ce2d4,,,
5,13,x[9],True,x[9],0.2338709677419355,2e0260aa627dff742f7c723c8367e701,,,
5,13,x[11],True,x[11],0.16129032258064513,9dada49e784601183eb3a1e1723ce2d4,,,
5,13,x[11],True,x[11],0.16129032258064513,9dada49e784601183eb3a1e1723ce2d4,,,
5,13,x[11],True,x[11],0.16129032258064513,9dada49e784601183eb3a1e1723ce2d4,,,
5,13,x[11],True,x[11],0.16129032258064513,9dada49e784601183eb3a1e1723ce2d4,,,
5,13,x[11],True,x[11],0.16129032258064513,9dada49e784601183eb3a1e1723ce2d4,,,
5,13,x[11],True,x[11],0.16129032258064513,9dada49e784601183eb3a1e1723ce2d4,,,
5,13,x[9],True,x[9],0.2338709677419355,2e0260aa627dff742f7c723c8367e701,,,
5,13,x[11],True,x[11],0.16129032258064513,9dada49e784601183eb3a1e1723ce2d4,,,
5,13,x[11],True,x[11],0.16129032258064513,9dada49e784601183eb3a1e1723ce2d4,,,
5,13,"less_than_or_equal(mul(sub(x[5],x[2]),mul(x[0],x[3])),x[5])",True,"or_(x[13],x[13])",0.217741935483871,36111fea987f400a898cb3f2f5b81685,,,
5,13,x[11],True,x[11],0.16129032258064513,9dada49e784601183eb3a1e1723ce2d4,,,
5,13,x[11],True,x[11],0.16129032258064513,9dada49e784601183eb3a1e1723ce2d4,,,
5,13,x[11],True,x[11],0.16129032258064513,9dada49e784601183eb3a1e1723ce2d4,,,
5,13,x[13],True,x[13],0.217741935483871,060f7b59fcb1852e9befb4d0292eca15,,,
5,13,x[11],True,x[11],0.16129032258064513,9dada49e784601183eb3a1e1723ce2d4,,,
5,13,x[11],True,x[11],0.16129032258064513,9dada49e784601183eb3a1e1723ce2d4,,,
5,13,x[11],True,x[11],0.16129032258064513,9dada49e784601183eb3a1e1723ce2d4,,,
5,13,x[11],True,x[11],0.16129032258064513,9dada49e784601183eb3a1e1723ce2d4,,,
5,13,x[11],True,x[11],0.16129032258064513,9dada49e784601183eb3a1e1723ce2d4,,,
5,13,x[11],True,x[11],0.16129032258064513,9dada49e784601183eb3a1e1723ce2d4,,,
5,13,x[11],True,x[11],0.16129032258064513,9dada49e784601183eb3a1e1723ce2d4,,,
5,13,x[11],True,x[11],0.16129032258064513,9dada49e784601183eb3a1e1723ce2d4,,,
5,13,x[6],True,x[6],0.30645161290322576,d902aea98596abf07e07d9c42be380bf,,,
5,13,x[11],True,x[11],0.16129032258064513,9dada49e784601183eb3a1e1723ce2d4,,,
5,13,x[11],True,x[11],0.16129032258064513,9dada49e784601183eb3a1e1723ce2d4,,,
5,13,x[11],True,x[11],0.16129032258064513,9dada49e784601183eb3a1e1723ce2d4,,,
5,13,x[11],True,x[11],0.16129032258064513,9dada49e784601183eb3a1e1723ce2d4,,,
5,13,x[11],True,x[11],0.16129032258064513,9dada49e784601183eb3a1e1723ce2d4,,,
5,13,x[11],True,x[11],0.16129032258064513,9dada49e784601183eb3a1e1723ce2d4,,,
5,13,x[11],True,x[11],0.16129032258064513,9dada49e784601183eb3a1e1723ce2d4,,,
5,13,x[11],True,x[11],0.16129032258064513,9dada49e784601183eb3a1e1723ce2d4,,,
5,13,x[11],True,x[11],0.16129032258064513,9dada49e784601183eb3a1e1723ce2d4,,,
5,13,x[11],True,x[11],0.16129032258064513,9dada49e784601183eb3a1e1723ce2d4,,,
5,13,x[11],True,x[11],0.16129032258064513,9dada49e784601183eb3a1e1723ce2d4,,,
5,13,x[11],True,x[11],0.16129032258064513,9dada49e784601183eb3a1e1723ce2d4,,,
5,13,x[11],True,x[11],0.16129032258064513,9dada49e784601183eb3a1e1723ce2d4,,,
5,13,x[11],True,x[11],0.16129032258064513,9dada49e784601183eb3a1e1723ce2d4,,,
5,13,x[11],True,x[11],0.16129032258064513,9dada49e784601183eb3a1e1723ce2d4,,,
5,13,x[13],True,x[13],0.217741935483871,060f7b59fcb1852e9befb4d0292eca15,,,
5,13,x[11],True,x[11],0.16129032258064513,9dada49e784601183eb3a1e1723ce2d4,,,
5,13,x[13],True,x[13],0.217741935483871,060f7b59fcb1852e9befb4d0292eca15,,,
5,13,x[11],True,x[11],0.16129032258064513,9dada49e784601183eb3a1e1723ce2d4,,,
5,13,x[11],True,x[11],0.16129032258064513,9dada49e784601183eb3a1e1723ce2d4,,,
5,13,x[11],True,x[11],0.16129032258064513,9dada49e784601183eb3a1e1723ce2d4,,,
5,13,x[11],True,x[11],0.16129032258064513,9dada49e784601183eb3a1e1723ce2d4,,,
5,13,x[11],True,x[11],0.16129032258064513,9dada49e784601183eb3a1e1723ce2d4,,,
5,13,x[11],True,x[11],0.16129032258064513,9dada49e784601183eb3a1e1723ce2d4,,,
5,13,x[11],True,x[11],0.16129032258064513,9dada49e784601183eb3a1e1723ce2d4,,,
5,13,x[11],True,x[11],0.16129032258064513,9dada49e784601183eb3a1e1723ce2d4,,,
5,13,x[11],True,x[11],0.16129032258064513,9dada49e784601183eb3a1e1723ce2d4,,,
5,13,x[11],True,x[11],0.16129032258064513,9dada49e784601183eb3a1e1723ce2d4,,,
5,13,x[16],True,x[16],0.217741935483871,2b4aec85a499a1f7baf764b48bcf9178,,,
5,13,x[11],True,x[11],0.16129032258064513,9dada49e784601183eb3a1e1723ce2d4,,,
5,13,x[11],True,x[11],0.16129032258064513,9dada49e784601183eb3a1e1723ce2d4,,,
5,13,x[11],True,x[11],0.16129032258064513,9dada49e784601183eb3a1e1723ce2d4,,,
5,13,x[11],True,x[11],0.16129032258064513,9dada49e784601183eb3a1e1723ce2d4,,,
5,13,x[11],True,x[11],0.16129032258064513,9dada49e784601183eb3a1e1723ce2d4,,,
5,13,x[11],True,x[11],0.16129032258064513,9dada49e784601183eb3a1e1723ce2d4,,,
5,13,x[11],True,x[11],0.16129032258064513,9dada49e784601183eb3a1e1723ce2d4,,,
5,13,x[11],True,x[11],0.16129032258064513,9dada49e784601183eb3a1e1723ce2d4,,,
5,13,x[11],True,x[11],0.16129032258064513,9dada49e784601183eb3a1e1723ce2d4,,,
5,13,x[11],True,x[11],0.16129032258064513,9dada49e784601183eb3a1e1723ce2d4,,,
5,13,x[11],True,x[11],0.16129032258064513,9dada49e784601183eb3a1e1723ce2d4,,,
5,13,x[12],True,x[12],0.18548387096774188,0d372214e94f96a8c686509e4d084014,,,
5,13,x[11],True,x[11],0.16129032258064513,9dada49e784601183eb3a1e1723ce2d4,,,
5,13,x[11],True,x[11],0.16129032258064513,9dada49e784601183eb3a1e1723ce2d4,,,
5,13,x[11],True,x[11],0.16129032258064513,9dada49e784601183eb3a1e1723ce2d4,,,
5,13,x[11],True,x[11],0.16129032258064513,9dada49e784601183eb3a1e1723ce2d4,,,
5,13,x[11],True,x[11],0.16129032258064513,9dada49e784601183eb3a1e1723ce2d4,,,
5,13,x[11],True,x[11],0.16129032258064513,9dada49e784601183eb3a1e1723ce2d4,,,
5,13,x[11],True,x[11],0.16129032258064513,9dada49e784601183eb3a1e1723ce2d4,,,
5,13,x[11],True,x[11],0.16129032258064513,9dada49e784601183eb3a1e1723ce2d4,,,
5,13,x[11],True,x[11],0.16129032258064513,9dada49e784601183eb3a1e1723ce2d4,,,
5,13,x[11],True,x[11],0.16129032258064513,9dada49e784601183eb3a1e1723ce2d4,,,
5,13,x[11],True,x[11],0.16129032258064513,9dada49e784601183eb3a1e1723ce2d4,,,
5,13,x[11],True,x[11],0.16129032258064513,9dada49e784601183eb3a1e1723ce2d4,,,
5,13,x[11],True,x[11],0.16129032258064513,9dada49e784601183eb3a1e1723ce2d4,,,
5,13,x[11],True,x[11],0.16129032258064513,9dada49e784601183eb3a1e1723ce2d4,,,
5,13,x[11],True,x[11],0.16129032258064513,9dada49e784601183eb3a1e1723ce2d4,,,
5,13,x[11],True,x[11],0.16129032258064513,9dada49e784601183eb3a1e1723ce2d4,,,
5,13,x[11],True,x[11],0.16129032258064513,9dada49e784601183eb3a1e1723ce2d4,,,
5,13,x[11],True,x[11],0.16129032258064513,9dada49e784601183eb3a1e1723ce2d4,,,
5,13,x[11],True,x[11],0.16129032258064513,9dada49e784601183eb3a1e1723ce2d4,,,
5,13,x[11],True,x[11],0.16129032258064513,9dada49e784601183eb3a1e1723ce2d4,,,
5,13,x[11],True,x[11],0.16129032258064513,9dada49e784601183eb3a1e1723ce2d4,,,
5,13,x[11],True,x[11],0.16129032258064513,9dada49e784601183eb3a1e1723ce2d4,,,
5,13,x[11],True,x[11],0.16129032258064513,9dada49e784601183eb3a1e1723ce2d4,,,
5,13,x[11],True,x[11],0.16129032258064513,9dada49e784601183eb3a1e1723ce2d4,,,
5,13,x[11],True,x[11],0.16129032258064513,9dada49e784601183eb3a1e1723ce2d4,,,
5,13,x[11],True,x[11],0.16129032258064513,9dada49e784601183eb3a1e1723ce2d4,,,
5,13,x[11],True,x[11],0.16129032258064513,9dada49e784601183eb3a1e1723ce2d4,,,
5,13,x[11],True,x[11],0.16129032258064513,9dada49e784601183eb3a1e1723ce2d4,,,
5,13,x[11],True,x[11],0.16129032258064513,9dada49e784601183eb3a1e1723ce2d4,,,
5,13,x[11],True,x[11],0.16129032258064513,9dada49e784601183eb3a1e1723ce2d4,,,
5,13,x[11],True,x[11],0.16129032258064513,9dada49e784601183eb3a1e1723ce2d4,,,
5,13,x[11],True,x[11],0.16129032258064513,9dada49e784601183eb3a1e1723ce2d4,,,
5,13,x[11],True,x[11],0.16129032258064513,9dada49e784601183eb3a1e1723ce2d4,,,
5,13,x[11],True,x[11],0.16129032258064513,9dada49e784601183eb3a1e1723ce2d4,,,
5,13,x[11],True,x[11],0.16129032258064513,9dada49e784601183eb3a1e1723ce2d4,,,
5,13,x[11],True,x[11],0.16129032258064513,9dada49e784601183eb3a1e1723ce2d4,,,
5,13,x[11],True,x[11],0.16129032258064513,9dada49e784601183eb3a1e1723ce2d4,,,
5,13,x[11],True,x[11],0.16129032258064513,9dada49e784601183eb3a1e1723ce2d4,,,
5,13,x[15],True,x[15],0.22580645161290325,301bd409bd67cc588ceaa53a6f5220a4,,,
5,13,x[11],True,x[11],0.16129032258064513,9dada49e784601183eb3a1e1723ce2d4,,,
5,13,x[14],True,x[14],0.22580645161290325,5184b187f6f474f266ff1a9e52a8b41f,,,
5,13,x[11],True,x[11],0.16129032258064513,9dada49e784601183eb3a1e1723ce2d4,,,
5,13,x[11],True,x[11],0.16129032258064513,9dada49e784601183eb3a1e1723ce2d4,,,
5,13,x[11],True,x[11],0.16129032258064513,9dada49e784601183eb3a1e1723ce2d4,,,
5,13,x[11],True,x[11],0.16129032258064513,9dada49e784601183eb3a1e1723ce2d4,,,
5,13,x[11],True,x[11],0.16129032258064513,9dada49e784601183eb3a1e1723ce2d4,,,
5,13,x[11],True,x[11],0.16129032258064513,9dada49e784601183eb3a1e1723ce2d4,,,
5,13,x[11],True,x[11],0.16129032258064513,9dada49e784601183eb3a1e1723ce2d4,,,
5,13,x[11],True,x[11],0.16129032258064513,9dada49e784601183eb3a1e1723ce2d4,,,
5,13,x[11],True,x[11],0.16129032258064513,9dada49e784601183eb3a1e1723ce2d4,,,
5,13,x[11],True,x[11],0.16129032258064513,9dada49e784601183eb3a1e1723ce2d4,,,
5,13,x[11],True,x[11],0.16129032258064513,9dada49e784601183eb3a1e1723ce2d4,,,
5,13,x[11],True,x[11],0.16129032258064513,9dada49e784601183eb3a1e1723ce2d4,,,
5,13,x[11],True,x[11],0.16129032258064513,9dada49e784601183eb3a1e1723ce2d4,,,
5,13,x[11],True,x[11],0.16129032258064513,9dada49e784601183eb3a1e1723ce2d4,,,
5,13,x[11],True,x[11],0.16129032258064513,9dada49e784601183eb3a1e1723ce2d4,,,
5,13,x[11],True,x[11],0.16129032258064513,9dada49e784601183eb3a1e1723ce2d4,,,
5,13,x[11],True,x[11],0.16129032258064513,9dada49e784601183eb3a1e1723ce2d4,,,
5,13,x[11],True,x[11],0.16129032258064513,9dada49e784601183eb3a1e1723ce2d4,,,
5,13,x[11],True,x[11],0.16129032258064513,9dada49e784601183eb3a1e1723ce2d4,,,
5,13,x[11],True,x[11],0.16129032258064513,9dada49e784601183eb3a1e1723ce2d4,,,
5,13,x[11],True,x[11],0.16129032258064513,9dada49e784601183eb3a1e1723ce2d4,,,
5,13,x[11],True,x[11],0.16129032258064513,9dada49e784601183eb3a1e1723ce2d4,,,
5,13,x[11],True,x[11],0.16129032258064513,9dada49e784601183eb3a1e1723ce2d4,,,
5,13,x[11],True,x[11],0.16129032258064513,9dada49e784601183eb3a1e1723ce2d4,,,
5,13,x[11],True,x[11],0.16129032258064513,9dada49e784601183eb3a1e1723ce2d4,,,
5,13,x[11],True,x[11],0.16129032258064513,9dada49e784601183eb3a1e1723ce2d4,,,
5,13,x[11],True,x[11],0.16129032258064513,9dada49e784601183eb3a1e1723ce2d4,,,
5,13,x[11],True,x[11],0.16129032258064513,9dada49e784601183eb3a1e1723ce2d4,,,
5,13,x[11],True,x[11],0.16129032258064513,9dada49e784601183eb3a1e1723ce2d4,,,
5,13,x[11],True,x[11],0.16129032258064513,9dada49e784601183eb3a1e1723ce2d4,,,
5,13,x[11],True,x[11],0.16129032258064513,9dada49e784601183eb3a1e1723ce2d4,,,
5,13,x[11],True,x[11],0.16129032258064513,9dada49e784601183eb3a1e1723ce2d4,,,
5,13,x[11],True,x[11],0.16129032258064513,9dada49e784601183eb3a1e1723ce2d4,,,
5,13,x[11],True,x[11],0.16129032258064513,9dada49e784601183eb3a1e1723ce2d4,,,
5,13,x[11],True,x[11],0.16129032258064513,9dada49e784601183eb3a1e1723ce2d4,,,
5,13,x[11],True,x[11],0.16129032258064513,9dada49e784601183eb3a1e1723ce2d4,,,
5,13,x[11],True,x[11],0.16129032258064513,9dada49e784601183eb3a1e1723ce2d4,,,
5,13,x[11],True,x[11],0.16129032258064513,9dada49e784601183eb3a1e1723ce2d4,,,
5,13,x[11],True,x[11],0.16129032258064513,9dada49e784601183eb3a1e1723ce2d4,,,
5,13,x[11],True,x[11],0.16129032258064513,9dada49e784601183eb3a1e1723ce2d4,,,
5,13,x[11],True,x[11],0.16129032258064513,9dada49e784601183eb3a1e1723ce2d4,,,
5,13,x[11],True,x[11],0.16129032258064513,9dada49e784601183eb3a1e1723ce2d4,,,
5,13,x[11],True,x[11],0.16129032258064513,9dada49e784601183eb3a1e1723ce2d4,,,
5,13,x[11],True,x[11],0.16129032258064513,9dada49e784601183eb3a1e1723ce2d4,,,
5,13,x[11],True,x[11],0.16129032258064513,9dada49e784601183eb3a1e1723ce2d4,,,
5,13,x[11],True,x[11],0.16129032258064513,9dada49e784601183eb3a1e1723ce2d4,,,
5,13,x[11],True,x[11],0.16129032258064513,9dada49e784601183eb3a1e1723ce2d4,,,
5,13,x[11],True,x[11],0.16129032258064513,9dada49e784601183eb3a1e1723ce2d4,,,
5,13,x[14],True,x[14],0.22580645161290325,5184b187f6f474f266ff1a9e52a8b41f,,,
5,13,x[11],True,x[11],0.16129032258064513,9dada49e784601183eb3a1e1723ce2d4,,,
5,13,x[11],True,x[11],0.16129032258064513,9dada49e784601183eb3a1e1723ce2d4,,,
5,13,x[11],True,x[11],0.16129032258064513,9dada49e784601183eb3a1e1723ce2d4,,,
5,13,x[11],True,x[11],0.16129032258064513,9dada49e784601183eb3a1e1723ce2d4,,,
5,13,x[11],True,x[11],0.16129032258064513,9dada49e784601183eb3a1e1723ce2d4,,,
5,13,x[11],True,x[11],0.16129032258064513,9dada49e784601183eb3a1e1723ce2d4,,,
5,13,x[11],True,x[11],0.16129032258064513,9dada49e784601183eb3a1e1723ce2d4,,,
5,13,x[11],True,x[11],0.16129032258064513,9dada49e784601183eb3a1e1723ce2d4,,,
5,13,x[11],True,x[11],0.16129032258064513,9dada49e784601183eb3a1e1723ce2d4,,,
5,13,x[11],True,x[11],0.16129032258064513,9dada49e784601183eb3a1e1723ce2d4,,,
5,13,x[11],True,x[11],0.16129032258064513,9dada49e784601183eb3a1e1723ce2d4,,,
5,13,x[11],True,x[11],0.16129032258064513,9dada49e784601183eb3a1e1723ce2d4,,,
5,13,x[11],True,x[11],0.16129032258064513,9dada49e784601183eb3a1e1723ce2d4,,,
5,13,x[11],True,x[11],0.16129032258064513,9dada49e784601183eb3a1e1723ce2d4,,,
5,13,x[11],True,x[11],0.16129032258064513,9dada49e784601183eb3a1e1723ce2d4,,,
5,13,x[11],True,x[11],0.16129032258064513,9dada49e784601183eb3a1e1723ce2d4,,,
5,13,x[11],True,x[11],0.16129032258064513,9dada49e784601183eb3a1e1723ce2d4,,,
5,13,x[11],True,x[11],0.16129032258064513,9dada49e784601183eb3a1e1723ce2d4,,,
5,13,x[11],True,x[11],0.16129032258064513,9dada49e784601183eb3a1e1723ce2d4,,,
5,13,x[11],True,x[11],0.16129032258064513,9dada49e784601183eb3a1e1723ce2d4,,,
5,13,x[11],True,x[11],0.16129032258064513,9dada49e784601183eb3a1e1723ce2d4,,,
5,13,x[11],True,x[11],0.16129032258064513,9dada49e784601183eb3a1e1723ce2d4,,,
5,13,x[11],True,x[11],0.16129032258064513,9dada49e784601183eb3a1e1723ce2d4,,,
5,13,x[11],True,x[11],0.16129032258064513,9dada49e784601183eb3a1e1723ce2d4,,,
5,13,x[11],True,x[11],0.16129032258064513,9dada49e784601183eb3a1e1723ce2d4,,,
5,13,x[11],True,x[11],0.16129032258064513,9dada49e784601183eb3a1e1723ce2d4,,,
5,13,x[11],True,x[11],0.16129032258064513,9dada49e784601183eb3a1e1723ce2d4,,,
5,13,x[11],True,x[11],0.16129032258064513,9dada49e784601183eb3a1e1723ce2d4,,,
5,13,x[11],True,x[11],0.16129032258064513,9dada49e784601183eb3a1e1723ce2d4,,,
5,13,x[9],True,x[9],0.2338709677419355,2e0260aa627dff742f7c723c8367e701,,,
5,13,x[11],True,x[11],0.16129032258064513,9dada49e784601183eb3a1e1723ce2d4,,,
5,13,x[11],True,x[11],0.16129032258064513,9dada49e784601183eb3a1e1723ce2d4,,,
5,13,x[11],True,x[11],0.16129032258064513,9dada49e784601183eb3a1e1723ce2d4,,,
5,13,x[11],True,x[11],0.16129032258064513,9dada49e784601183eb3a1e1723ce2d4,,,
5,13,x[12],True,x[12],0.18548387096774188,0d372214e94f96a8c686509e4d084014,,,
5,13,x[11],True,x[11],0.16129032258064513,9dada49e784601183eb3a1e1723ce2d4,,,
5,13,x[11],True,x[11],0.16129032258064513,9dada49e784601183eb3a1e1723ce2d4,,,
5,13,x[11],True,x[11],0.16129032258064513,9dada49e784601183eb3a1e1723ce2d4,,,
5,13,x[11],True,x[11],0.16129032258064513,9dada49e784601183eb3a1e1723ce2d4,,,
5,13,x[11],True,x[11],0.16129032258064513,9dada49e784601183eb3a1e1723ce2d4,,,
5,13,x[11],True,x[11],0.16129032258064513,9dada49e784601183eb3a1e1723ce2d4,,,
5,13,x[11],True,x[11],0.16129032258064513,9dada49e784601183eb3a1e1723ce2d4,,,
5,13,x[11],True,x[11],0.16129032258064513,9dada49e784601183eb3a1e1723ce2d4,,,
5,13,x[11],True,x[11],0.16129032258064513,9dada49e784601183eb3a1e1723ce2d4,,,
5,13,x[11],True,x[11],0.16129032258064513,9dada49e784601183eb3a1e1723ce2d4,,,
5,13,x[11],True,x[11],0.16129032258064513,9dada49e784601183eb3a1e1723ce2d4,,,
5,13,x[14],True,x[14],0.22580645161290325,5184b187f6f474f266ff1a9e52a8b41f,,,
5,13,x[11],True,x[11],0.16129032258064513,9dada49e784601183eb3a1e1723ce2d4,,,
5,13,x[11],True,x[11],0.16129032258064513,9dada49e784601183eb3a1e1723ce2d4,,,
5,13,x[11],True,x[11],0.16129032258064513,9dada49e784601183eb3a1e1723ce2d4,,,
5,13,x[11],True,x[11],0.16129032258064513,9dada49e784601183eb3a1e1723ce2d4,,,
5,13,x[11],True,x[11],0.16129032258064513,9dada49e784601183eb3a1e1723ce2d4,,,
5,13,x[11],True,x[11],0.16129032258064513,9dada49e784601183eb3a1e1723ce2d4,,,
5,13,x[11],True,x[11],0.16129032258064513,9dada49e784601183eb3a1e1723ce2d4,,,
5,13,x[11],True,x[11],0.16129032258064513,9dada49e784601183eb3a1e1723ce2d4,,,
5,13,x[11],True,x[11],0.16129032258064513,9dada49e784601183eb3a1e1723ce2d4,,,
5,13,x[11],True,x[11],0.16129032258064513,9dada49e784601183eb3a1e1723ce2d4,,,
5,13,x[11],True,x[11],0.16129032258064513,9dada49e784601183eb3a1e1723ce2d4,,,
5,13,x[11],True,x[11],0.16129032258064513,9dada49e784601183eb3a1e1723ce2d4,,,
5,13,x[11],True,x[11],0.16129032258064513,9dada49e784601183eb3a1e1723ce2d4,,,
5,13,x[9],True,x[9],0.2338709677419355,2e0260aa627dff742f7c723c8367e701,,,
5,13,x[11],True,x[11],0.16129032258064513,9dada49e784601183eb3a1e1723ce2d4,,,
5,13,x[11],True,x[11],0.16129032258064513,9dada49e784601183eb3a1e1723ce2d4,,,
5,13,x[11],True,x[11],0.16129032258064513,9dada49e784601183eb3a1e1723ce2d4,,,
5,13,x[11],True,x[11],0.16129032258064513,9dada49e784601183eb3a1e1723ce2d4,,,
5,13,x[10],True,x[10],0.24193548387096775,7424f049dcd7de48c5ec487367408f4f,,,
5,13,x[11],True,x[11],0.16129032258064513,9dada49e784601183eb3a1e1723ce2d4,,,
5,13,x[11],True,x[11],0.16129032258064513,9dada49e784601183eb3a1e1723ce2d4,,,
5,13,x[11],True,x[11],0.16129032258064513,9dada49e784601183eb3a1e1723ce2d4,,,
5,13,x[11],True,x[11],0.16129032258064513,9dada49e784601183eb3a1e1723ce2d4,,,
5,13,x[11],True,x[11],0.16129032258064513,9dada49e784601183eb3a1e1723ce2d4,,,
5,13,x[11],True,x[11],0.16129032258064513,9dada49e784601183eb3a1e1723ce2d4,,,
5,13,x[11],True,x[11],0.16129032258064513,9dada49e784601183eb3a1e1723ce2d4,,,
5,13,x[11],True,x[11],0.16129032258064513,9dada49e784601183eb3a1e1723ce2d4,,,
5,13,x[11],True,x[11],0.16129032258064513,9dada49e784601183eb3a1e1723ce2d4,,,
5,13,x[11],True,x[11],0.16129032258064513,9dada49e784601183eb3a1e1723ce2d4,,,
5,13,x[11],True,x[11],0.16129032258064513,9dada49e784601183eb3a1e1723ce2d4,,,
5,13,x[11],True,x[11],0.16129032258064513,9dada49e784601183eb3a1e1723ce2d4,,,
5,13,x[11],True,x[11],0.16129032258064513,9dada49e784601183eb3a1e1723ce2d4,,,
5,13,x[11],True,x[11],0.16129032258064513,9dada49e784601183eb3a1e1723ce2d4,,,
5,13,x[11],True,x[11],0.16129032258064513,9dada49e784601183eb3a1e1723ce2d4,,,
5,13,x[11],True,x[11],0.16129032258064513,9dada49e784601183eb3a1e1723ce2d4,,,
5,13,x[11],True,x[11],0.16129032258064513,9dada49e784601183eb3a1e1723ce2d4,,,
5,13,x[11],True,x[11],0.16129032258064513,9dada49e784601183eb3a1e1723ce2d4,,,
5,13,x[11],True,x[11],0.16129032258064513,9dada49e784601183eb3a1e1723ce2d4,,,
5,13,x[11],True,x[11],0.16129032258064513,9dada49e784601183eb3a1e1723ce2d4,,,
5,13,x[11],True,x[11],0.16129032258064513,9dada49e784601183eb3a1e1723ce2d4,,,
5,13,x[11],True,x[11],0.16129032258064513,9dada49e784601183eb3a1e1723ce2d4,,,
5,13,x[11],True,x[11],0.16129032258064513,9dada49e784601183eb3a1e1723ce2d4,,,
5,13,x[11],True,x[11],0.16129032258064513,9dada49e784601183eb3a1e1723ce2d4,,,
5,13,x[9],True,x[9],0.2338709677419355,2e0260aa627dff742f7c723c8367e701,,,
5,13,x[10],True,x[10],0.24193548387096775,7424f049dcd7de48c5ec487367408f4f,,,
5,13,x[11],True,x[11],0.16129032258064513,9dada49e784601183eb3a1e1723ce2d4,,,
5,13,x[11],True,x[11],0.16129032258064513,9dada49e784601183eb3a1e1723ce2d4,,,
5,13,x[11],True,x[11],0.16129032258064513,9dada49e784601183eb3a1e1723ce2d4,,,
5,13,x[11],True,x[11],0.16129032258064513,9dada49e784601183eb3a1e1723ce2d4,,,
5,13,x[10],True,x[10],0.24193548387096775,7424f049dcd7de48c5ec487367408f4f,,,
5,13,x[13],True,x[13],0.217741935483871,060f7b59fcb1852e9befb4d0292eca15,,,
5,13,x[11],True,x[11],0.16129032258064513,9dada49e784601183eb3a1e1723ce2d4,,,
5,13,x[11],True,x[11],0.16129032258064513,9dada49e784601183eb3a1e1723ce2d4,,,
5,13,x[12],True,x[12],0.18548387096774188,0d372214e94f96a8c686509e4d084014,,,
5,13,x[11],True,x[11],0.16129032258064513,9dada49e784601183eb3a1e1723ce2d4,,,
5,13,x[11],True,x[11],0.16129032258064513,9dada49e784601183eb3a1e1723ce2d4,,,
5,13,"not_(or_(and_(x[4],x[12]),or_(x[17],x[17])))",True,not_(x[17]),0.782258064516129,ac739370374d1daddf9260a9a76ceba0,,,
5,13,x[11],True,x[11],0.16129032258064513,9dada49e784601183eb3a1e1723ce2d4,,,
5,13,x[11],True,x[11],0.16129032258064513,9dada49e784601183eb3a1e1723ce2d4,,,
5,13,x[11],True,x[11],0.16129032258064513,9dada49e784601183eb3a1e1723ce2d4,,,
5,13,x[15],True,x[15],0.22580645161290325,301bd409bd67cc588ceaa53a6f5220a4,,,
5,13,x[11],True,x[11],0.16129032258064513,9dada49e784601183eb3a1e1723ce2d4,,,
5,13,x[9],True,x[9],0.2338709677419355,2e0260aa627dff742f7c723c8367e701,,,
5,13,x[11],True,x[11],0.16129032258064513,9dada49e784601183eb3a1e1723ce2d4,,,
5,13,x[11],True,x[11],0.16129032258064513,9dada49e784601183eb3a1e1723ce2d4,,,
5,13,x[11],True,x[11],0.16129032258064513,9dada49e784601183eb3a1e1723ce2d4,,,
5,13,x[11],True,x[11],0.16129032258064513,9dada49e784601183eb3a1e1723ce2d4,,,
5,13,x[11],True,x[11],0.16129032258064513,9dada49e784601183eb3a1e1723ce2d4,,,
5,13,x[11],True,x[11],0.16129032258064513,9dada49e784601183eb3a1e1723ce2d4,,,
5,13,x[11],True,x[11],0.16129032258064513,9dada49e784601183eb3a1e1723ce2d4,,,
5,13,x[11],True,x[11],0.16129032258064513,9dada49e784601183eb3a1e1723ce2d4,,,
5,13,x[11],True,x[11],0.16129032258064513,9dada49e784601183eb3a1e1723ce2d4,,,
5,13,x[11],True,x[11],0.16129032258064513,9dada49e784601183eb3a1e1723ce2d4,,,
5,13,x[11],True,x[11],0.16129032258064513,9dada49e784601183eb3a1e1723ce2d4,,,
5,13,x[11],True,x[11],0.16129032258064513,9dada49e784601183eb3a1e1723ce2d4,,,
5,13,x[11],True,x[11],0.16129032258064513,9dada49e784601183eb3a1e1723ce2d4,,,
5,13,x[11],True,x[11],0.16129032258064513,9dada49e784601183eb3a1e1723ce2d4,,,
5,13,x[11],True,x[11],0.16129032258064513,9dada49e784601183eb3a1e1723ce2d4,,,
5,13,x[11],True,x[11],0.16129032258064513,9dada49e784601183eb3a1e1723ce2d4,,,
5,13,x[11],True,x[11],0.16129032258064513,9dada49e784601183eb3a1e1723ce2d4,,,
5,13,x[11],True,x[11],0.16129032258064513,9dada49e784601183eb3a1e1723ce2d4,,,
5,13,x[11],True,x[11],0.16129032258064513,9dada49e784601183eb3a1e1723ce2d4,,,
5,13,x[11],True,x[11],0.16129032258064513,9dada49e784601183eb3a1e1723ce2d4,,,
5,13,x[11],True,x[11],0.16129032258064513,9dada49e784601183eb3a1e1723ce2d4,,,
5,13,x[11],True,x[11],0.16129032258064513,9dada49e784601183eb3a1e1723ce2d4,,,
5,13,x[11],True,x[11],0.16129032258064513,9dada49e784601183eb3a1e1723ce2d4,,,
5,13,x[11],True,x[11],0.16129032258064513,9dada49e784601183eb3a1e1723ce2d4,,,
5,13,x[11],True,x[11],0.16129032258064513,9dada49e784601183eb3a1e1723ce2d4,,,
5,13,x[11],True,x[11],0.16129032258064513,9dada49e784601183eb3a1e1723ce2d4,,,
5,13,x[11],True,x[11],0.16129032258064513,9dada49e784601183eb3a1e1723ce2d4,,,
5,13,x[11],True,x[11],0.16129032258064513,9dada49e784601183eb3a1e1723ce2d4,,,
5,13,x[11],True,x[11],0.16129032258064513,9dada49e784601183eb3a1e1723ce2d4,,,
5,13,x[11],True,x[11],0.16129032258064513,9dada49e784601183eb3a1e1723ce2d4,,,
5,13,x[11],True,x[11],0.16129032258064513,9dada49e784601183eb3a1e1723ce2d4,,,
5,13,x[11],True,x[11],0.16129032258064513,9dada49e784601183eb3a1e1723ce2d4,,,
5,13,x[11],True,x[11],0.16129032258064513,9dada49e784601183eb3a1e1723ce2d4,,,
5,13,x[11],True,x[11],0.16129032258064513,9dada49e784601183eb3a1e1723ce2d4,,,
5,13,x[11],True,x[11],0.16129032258064513,9dada49e784601183eb3a1e1723ce2d4,,,
5,13,x[4],True,x[4],0.49193548387096775,c062f6f76dec194bafe0ddbf91add8d9,,,
5,13,x[11],True,x[11],0.16129032258064513,9dada49e784601183eb3a1e1723ce2d4,,,
5,13,x[9],True,x[9],0.2338709677419355,2e0260aa627dff742f7c723c8367e701,,,
5,13,x[11],True,x[11],0.16129032258064513,9dada49e784601183eb3a1e1723ce2d4,,,
5,13,x[11],True,x[11],0.16129032258064513,9dada49e784601183eb3a1e1723ce2d4,,,
5,13,x[11],True,x[11],0.16129032258064513,9dada49e784601183eb3a1e1723ce2d4,,,
5,13,x[11],True,x[11],0.16129032258064513,9dada49e784601183eb3a1e1723ce2d4,,,
5,13,x[11],True,x[11],0.16129032258064513,9dada49e784601183eb3a1e1723ce2d4,,,
5,13,x[11],True,x[11],0.16129032258064513,9dada49e784601183eb3a1e1723ce2d4,,,
5,13,x[11],True,x[11],0.16129032258064513,9dada49e784601183eb3a1e1723ce2d4,,,
5,13,x[11],True,x[11],0.16129032258064513,9dada49e784601183eb3a1e1723ce2d4,,,
5,13,x[11],True,x[11],0.16129032258064513,9dada49e784601183eb3a1e1723ce2d4,,,
5,13,x[11],True,x[11],0.16129032258064513,9dada49e784601183eb3a1e1723ce2d4,,,
5,13,x[11],True,x[11],0.16129032258064513,9dada49e784601183eb3a1e1723ce2d4,,,
5,13,x[11],True,x[11],0.16129032258064513,9dada49e784601183eb3a1e1723ce2d4,,,
5,13,x[11],True,x[11],0.16129032258064513,9dada49e784601183eb3a1e1723ce2d4,,,
5,13,x[11],True,x[11],0.16129032258064513,9dada49e784601183eb3a1e1723ce2d4,,,
5,13,x[11],True,x[11],0.16129032258064513,9dada49e784601183eb3a1e1723ce2d4,,,
5,13,x[11],True,x[11],0.16129032258064513,9dada49e784601183eb3a1e1723ce2d4,,,
5,13,x[11],True,x[11],0.16129032258064513,9dada49e784601183eb3a1e1723ce2d4,,,
5,13,x[11],True,x[11],0.16129032258064513,9dada49e784601183eb3a1e1723ce2d4,,,
5,13,x[11],True,x[11],0.16129032258064513,9dada49e784601183eb3a1e1723ce2d4,,,
5,13,x[11],True,x[11],0.16129032258064513,9dada49e784601183eb3a1e1723ce2d4,,,
5,13,x[11],True,x[11],0.16129032258064513,9dada49e784601183eb3a1e1723ce2d4,,,
5,13,x[11],True,x[11],0.16129032258064513,9dada49e784601183eb3a1e1723ce2d4,,,
5,13,x[11],True,x[11],0.16129032258064513,9dada49e784601183eb3a1e1723ce2d4,,,
5,13,x[11],True,x[11],0.16129032258064513,9dada49e784601183eb3a1e1723ce2d4,,,
5,13,x[11],True,x[11],0.16129032258064513,9dada49e784601183eb3a1e1723ce2d4,,,
5,13,x[11],True,x[11],0.16129032258064513,9dada49e784601183eb3a1e1723ce2d4,,,
5,13,x[11],True,x[11],0.16129032258064513,9dada49e784601183eb3a1e1723ce2d4,,,
5,13,x[11],True,x[11],0.16129032258064513,9dada49e784601183eb3a1e1723ce2d4,,,
5,13,x[11],True,x[11],0.16129032258064513,9dada49e784601183eb3a1e1723ce2d4,,,
5,13,x[11],True,x[11],0.16129032258064513,9dada49e784601183eb3a1e1723ce2d4,,,
5,13,x[11],True,x[11],0.16129032258064513,9dada49e784601183eb3a1e1723ce2d4,,,
5,13,x[11],True,x[11],0.16129032258064513,9dada49e784601183eb3a1e1723ce2d4,,,
5,13,x[11],True,x[11],0.16129032258064513,9dada49e784601183eb3a1e1723ce2d4,,,
5,13,x[11],True,x[11],0.16129032258064513,9dada49e784601183eb3a1e1723ce2d4,,,
5,13,x[11],True,x[11],0.16129032258064513,9dada49e784601183eb3a1e1723ce2d4,,,
5,13,x[11],True,x[11],0.16129032258064513,9dada49e784601183eb3a1e1723ce2d4,,,
5,13,x[11],True,x[11],0.16129032258064513,9dada49e784601183eb3a1e1723ce2d4,,,
5,13,x[11],True,x[11],0.16129032258064513,9dada49e784601183eb3a1e1723ce2d4,,,
5,13,x[11],True,x[11],0.16129032258064513,9dada49e784601183eb3a1e1723ce2d4,,,
5,13,x[11],True,x[11],0.16129032258064513,9dada49e784601183eb3a1e1723ce2d4,,,
5,13,x[11],True,x[11],0.16129032258064513,9dada49e784601183eb3a1e1723ce2d4,,,
5,13,x[11],True,x[11],0.16129032258064513,9dada49e784601183eb3a1e1723ce2d4,,,
5,13,x[8],True,x[8],0.4354838709677419,8c6b56831adf589cc7ca352d27aafe6d,,,
5,13,x[11],True,x[11],0.16129032258064513,9dada49e784601183eb3a1e1723ce2d4,,,
5,13,x[12],True,x[12],0.18548387096774188,0d372214e94f96a8c686509e4d084014,,,
5,13,x[11],True,x[11],0.16129032258064513,9dada49e784601183eb3a1e1723ce2d4,,,
5,13,x[11],True,x[11],0.16129032258064513,9dada49e784601183eb3a1e1723ce2d4,,,
5,13,x[11],True,x[11],0.16129032258064513,9dada49e784601183eb3a1e1723ce2d4,,,
5,13,x[11],True,x[11],0.16129032258064513,9dada49e784601183eb3a1e1723ce2d4,,,
5,13,x[11],True,x[11],0.16129032258064513,9dada49e784601183eb3a1e1723ce2d4,,,
5,13,x[11],True,x[11],0.16129032258064513,9dada49e784601183eb3a1e1723ce2d4,,,
5,13,x[11],True,x[11],0.16129032258064513,9dada49e784601183eb3a1e1723ce2d4,,,
5,13,x[11],True,x[11],0.16129032258064513,9dada49e784601183eb3a1e1723ce2d4,,,
5,13,x[11],True,x[11],0.16129032258064513,9dada49e784601183eb3a1e1723ce2d4,,,
5,13,x[11],True,x[11],0.16129032258064513,9dada49e784601183eb3a1e1723ce2d4,,,
5,13,x[11],True,x[11],0.16129032258064513,9dada49e784601183eb3a1e1723ce2d4,,,
5,13,x[11],True,x[11],0.16129032258064513,9dada49e784601183eb3a1e1723ce2d4,,,
5,13,x[11],True,x[11],0.16129032258064513,9dada49e784601183eb3a1e1723ce2d4,,,
5,13,x[11],True,x[11],0.16129032258064513,9dada49e784601183eb3a1e1723ce2d4,,,
5,13,x[11],True,x[11],0.16129032258064513,9dada49e784601183eb3a1e1723ce2d4,,,
5,13,x[11],True,x[11],0.16129032258064513,9dada49e784601183eb3a1e1723ce2d4,,,
5,13,x[11],True,x[11],0.16129032258064513,9dada49e784601183eb3a1e1723ce2d4,,,
5,13,x[11],True,x[11],0.16129032258064513,9dada49e784601183eb3a1e1723ce2d4,,,
5,13,x[11],True,x[11],0.16129032258064513,9dada49e784601183eb3a1e1723ce2d4,,,
5,13,x[11],True,x[11],0.16129032258064513,9dada49e784601183eb3a1e1723ce2d4,,,
5,13,x[11],True,x[11],0.16129032258064513,9dada49e784601183eb3a1e1723ce2d4,,,
5,13,x[11],True,x[11],0.16129032258064513,9dada49e784601183eb3a1e1723ce2d4,,,
5,13,x[11],True,x[11],0.16129032258064513,9dada49e784601183eb3a1e1723ce2d4,,,
5,13,x[11],True,x[11],0.16129032258064513,9dada49e784601183eb3a1e1723ce2d4,,,
5,14,x[11],True,x[11],0.16129032258064513,9dada49e784601183eb3a1e1723ce2d4,,,
5,14,x[11],True,x[11],0.16129032258064513,9dada49e784601183eb3a1e1723ce2d4,,,
5,14,x[11],True,x[11],0.16129032258064513,9dada49e784601183eb3a1e1723ce2d4,,,
5,14,x[11],True,x[11],0.16129032258064513,9dada49e784601183eb3a1e1723ce2d4,,,
5,14,x[11],True,x[11],0.16129032258064513,9dada49e784601183eb3a1e1723ce2d4,,,
5,14,x[11],True,x[11],0.16129032258064513,9dada49e784601183eb3a1e1723ce2d4,,,
5,14,x[1],True,x[1],0.685483870967742,48150b63a14de07ac8ada4efd9d4896c,,,
5,14,x[11],True,x[11],0.16129032258064513,9dada49e784601183eb3a1e1723ce2d4,,,
5,14,x[11],True,x[11],0.16129032258064513,9dada49e784601183eb3a1e1723ce2d4,,,
5,14,x[11],True,x[11],0.16129032258064513,9dada49e784601183eb3a1e1723ce2d4,,,
5,14,x[11],True,x[11],0.16129032258064513,9dada49e784601183eb3a1e1723ce2d4,,,
5,14,x[11],True,x[11],0.16129032258064513,9dada49e784601183eb3a1e1723ce2d4,,,
5,14,x[11],True,x[11],0.16129032258064513,9dada49e784601183eb3a1e1723ce2d4,,,
5,14,x[11],True,x[11],0.16129032258064513,9dada49e784601183eb3a1e1723ce2d4,,,
5,14,x[11],True,x[11],0.16129032258064513,9dada49e784601183eb3a1e1723ce2d4,,,
5,14,x[11],True,x[11],0.16129032258064513,9dada49e784601183eb3a1e1723ce2d4,,,
5,14,x[11],True,x[11],0.16129032258064513,9dada49e784601183eb3a1e1723ce2d4,,,
5,14,x[11],True,x[11],0.16129032258064513,9dada49e784601183eb3a1e1723ce2d4,,,
5,14,x[11],True,x[11],0.16129032258064513,9dada49e784601183eb3a1e1723ce2d4,,,
5,14,x[11],True,x[11],0.16129032258064513,9dada49e784601183eb3a1e1723ce2d4,,,
5,14,x[11],True,x[11],0.16129032258064513,9dada49e784601183eb3a1e1723ce2d4,,,
5,14,x[11],True,x[11],0.16129032258064513,9dada49e784601183eb3a1e1723ce2d4,,,
5,14,x[11],True,x[11],0.16129032258064513,9dada49e784601183eb3a1e1723ce2d4,,,
5,14,x[9],True,x[9],0.2338709677419355,2e0260aa627dff742f7c723c8367e701,,,
5,14,x[11],True,x[11],0.16129032258064513,9dada49e784601183eb3a1e1723ce2d4,,,
5,14,x[11],True,x[11],0.16129032258064513,9dada49e784601183eb3a1e1723ce2d4,,,
5,14,x[11],True,x[11],0.16129032258064513,9dada49e784601183eb3a1e1723ce2d4,,,
5,14,x[11],True,x[11],0.16129032258064513,9dada49e784601183eb3a1e1723ce2d4,,,
5,14,x[11],True,x[11],0.16129032258064513,9dada49e784601183eb3a1e1723ce2d4,,,
5,14,x[11],True,x[11],0.16129032258064513,9dada49e784601183eb3a1e1723ce2d4,,,
5,14,x[11],True,x[11],0.16129032258064513,9dada49e784601183eb3a1e1723ce2d4,,,
5,14,x[11],True,x[11],0.16129032258064513,9dada49e784601183eb3a1e1723ce2d4,,,
5,14,x[11],True,x[11],0.16129032258064513,9dada49e784601183eb3a1e1723ce2d4,,,
5,14,x[9],True,x[9],0.2338709677419355,2e0260aa627dff742f7c723c8367e701,,,
5,14,x[11],True,x[11],0.16129032258064513,9dada49e784601183eb3a1e1723ce2d4,,,
5,14,x[11],True,x[11],0.16129032258064513,9dada49e784601183eb3a1e1723ce2d4,,,
5,14,x[11],True,x[11],0.16129032258064513,9dada49e784601183eb3a1e1723ce2d4,,,
5,14,x[11],True,x[11],0.16129032258064513,9dada49e784601183eb3a1e1723ce2d4,,,
5,14,x[11],True,x[11],0.16129032258064513,9dada49e784601183eb3a1e1723ce2d4,,,
5,14,x[11],True,x[11],0.16129032258064513,9dada49e784601183eb3a1e1723ce2d4,,,
5,14,x[11],True,x[11],0.16129032258064513,9dada49e784601183eb3a1e1723ce2d4,,,
5,14,x[11],True,x[11],0.16129032258064513,9dada49e784601183eb3a1e1723ce2d4,,,
5,14,x[11],True,x[11],0.16129032258064513,9dada49e784601183eb3a1e1723ce2d4,,,
5,14,x[11],True,x[11],0.16129032258064513,9dada49e784601183eb3a1e1723ce2d4,,,
5,14,x[11],True,x[11],0.16129032258064513,9dada49e784601183eb3a1e1723ce2d4,,,
5,14,x[11],True,x[11],0.16129032258064513,9dada49e784601183eb3a1e1723ce2d4,,,
5,14,x[11],True,x[11],0.16129032258064513,9dada49e784601183eb3a1e1723ce2d4,,,
5,14,x[11],True,x[11],0.16129032258064513,9dada49e784601183eb3a1e1723ce2d4,,,
5,14,x[11],True,x[11],0.16129032258064513,9dada49e784601183eb3a1e1723ce2d4,,,
5,14,x[11],True,x[11],0.16129032258064513,9dada49e784601183eb3a1e1723ce2d4,,,
5,14,x[11],True,x[11],0.16129032258064513,9dada49e784601183eb3a1e1723ce2d4,,,
5,14,x[11],True,x[11],0.16129032258064513,9dada49e784601183eb3a1e1723ce2d4,,,
5,14,x[11],True,x[11],0.16129032258064513,9dada49e784601183eb3a1e1723ce2d4,,,
5,14,x[11],True,x[11],0.16129032258064513,9dada49e784601183eb3a1e1723ce2d4,,,
5,14,x[11],True,x[11],0.16129032258064513,9dada49e784601183eb3a1e1723ce2d4,,,
5,14,x[11],True,x[11],0.16129032258064513,9dada49e784601183eb3a1e1723ce2d4,,,
5,14,x[11],True,x[11],0.16129032258064513,9dada49e784601183eb3a1e1723ce2d4,,,
5,14,x[11],True,x[11],0.16129032258064513,9dada49e784601183eb3a1e1723ce2d4,,,
5,14,x[11],True,x[11],0.16129032258064513,9dada49e784601183eb3a1e1723ce2d4,,,
5,14,x[11],True,x[11],0.16129032258064513,9dada49e784601183eb3a1e1723ce2d4,,,
5,14,x[11],True,x[11],0.16129032258064513,9dada49e784601183eb3a1e1723ce2d4,,,
5,14,x[11],True,x[11],0.16129032258064513,9dada49e784601183eb3a1e1723ce2d4,,,
5,14,x[11],True,x[11],0.16129032258064513,9dada49e784601183eb3a1e1723ce2d4,,,
5,14,x[11],True,x[11],0.16129032258064513,9dada49e784601183eb3a1e1723ce2d4,,,
5,14,x[11],True,x[11],0.16129032258064513,9dada49e784601183eb3a1e1723ce2d4,,,
5,14,x[11],True,x[11],0.16129032258064513,9dada49e784601183eb3a1e1723ce2d4,,,
5,14,x[11],True,x[11],0.16129032258064513,9dada49e784601183eb3a1e1723ce2d4,,,
5,14,x[11],True,x[11],0.16129032258064513,9dada49e784601183eb3a1e1723ce2d4,,,
5,14,x[11],True,x[11],0.16129032258064513,9dada49e784601183eb3a1e1723ce2d4,,,
5,14,x[11],True,x[11],0.16129032258064513,9dada49e784601183eb3a1e1723ce2d4,,,
5,14,x[11],True,x[11],0.16129032258064513,9dada49e784601183eb3a1e1723ce2d4,,,
5,14,x[11],True,x[11],0.16129032258064513,9dada49e784601183eb3a1e1723ce2d4,,,
5,14,x[11],True,x[11],0.16129032258064513,9dada49e784601183eb3a1e1723ce2d4,,,
5,14,x[11],True,x[11],0.16129032258064513,9dada49e784601183eb3a1e1723ce2d4,,,
5,14,x[11],True,x[11],0.16129032258064513,9dada49e784601183eb3a1e1723ce2d4,,,
5,14,x[11],True,x[11],0.16129032258064513,9dada49e784601183eb3a1e1723ce2d4,,,
5,14,x[11],True,x[11],0.16129032258064513,9dada49e784601183eb3a1e1723ce2d4,,,
5,14,x[11],True,x[11],0.16129032258064513,9dada49e784601183eb3a1e1723ce2d4,,,
5,14,x[11],True,x[11],0.16129032258064513,9dada49e784601183eb3a1e1723ce2d4,,,
5,14,x[18],True,x[18],0.6451612903225806,6a4c84e0915d9d2b86d121e994683436,,,
5,14,x[11],True,x[11],0.16129032258064513,9dada49e784601183eb3a1e1723ce2d4,,,
5,14,x[11],True,x[11],0.16129032258064513,9dada49e784601183eb3a1e1723ce2d4,,,
5,14,x[11],True,x[11],0.16129032258064513,9dada49e784601183eb3a1e1723ce2d4,,,
5,14,x[4],True,x[4],0.49193548387096775,c062f6f76dec194bafe0ddbf91add8d9,,,
5,14,x[9],True,x[9],0.2338709677419355,2e0260aa627dff742f7c723c8367e701,,,
5,14,x[11],True,x[11],0.16129032258064513,9dada49e784601183eb3a1e1723ce2d4,,,
5,14,x[11],True,x[11],0.16129032258064513,9dada49e784601183eb3a1e1723ce2d4,,,
5,14,x[11],True,x[11],0.16129032258064513,9dada49e784601183eb3a1e1723ce2d4,,,
5,14,x[11],True,x[11],0.16129032258064513,9dada49e784601183eb3a1e1723ce2d4,,,
5,14,x[11],True,x[11],0.16129032258064513,9dada49e784601183eb3a1e1723ce2d4,,,
5,14,x[11],True,x[11],0.16129032258064513,9dada49e784601183eb3a1e1723ce2d4,,,
5,14,x[11],True,x[11],0.16129032258064513,9dada49e784601183eb3a1e1723ce2d4,,,
5,14,x[11],True,x[11],0.16129032258064513,9dada49e784601183eb3a1e1723ce2d4,,,
5,14,x[11],True,x[11],0.16129032258064513,9dada49e784601183eb3a1e1723ce2d4,,,
5,14,x[11],True,x[11],0.16129032258064513,9dada49e784601183eb3a1e1723ce2d4,,,
5,14,x[11],True,x[11],0.16129032258064513,9dada49e784601183eb3a1e1723ce2d4,,,
5,14,x[11],True,x[11],0.16129032258064513,9dada49e784601183eb3a1e1723ce2d4,,,
5,14,x[6],True,x[6],0.30645161290322576,d902aea98596abf07e07d9c42be380bf,,,
5,14,x[11],True,x[11],0.16129032258064513,9dada49e784601183eb3a1e1723ce2d4,,,
5,14,x[11],True,x[11],0.16129032258064513,9dada49e784601183eb3a1e1723ce2d4,,,
5,14,x[11],True,x[11],0.16129032258064513,9dada49e784601183eb3a1e1723ce2d4,,,
5,14,x[11],True,x[11],0.16129032258064513,9dada49e784601183eb3a1e1723ce2d4,,,
5,14,x[11],True,x[11],0.16129032258064513,9dada49e784601183eb3a1e1723ce2d4,,,
5,14,x[11],True,x[11],0.16129032258064513,9dada49e784601183eb3a1e1723ce2d4,,,
5,14,x[11],True,x[11],0.16129032258064513,9dada49e784601183eb3a1e1723ce2d4,,,
5,14,x[11],True,x[11],0.16129032258064513,9dada49e784601183eb3a1e1723ce2d4,,,
5,14,x[11],True,x[11],0.16129032258064513,9dada49e784601183eb3a1e1723ce2d4,,,
5,14,x[11],True,x[11],0.16129032258064513,9dada49e784601183eb3a1e1723ce2d4,,,
5,14,x[11],True,x[11],0.16129032258064513,9dada49e784601183eb3a1e1723ce2d4,,,
5,14,x[11],True,x[11],0.16129032258064513,9dada49e784601183eb3a1e1723ce2d4,,,
5,14,x[11],True,x[11],0.16129032258064513,9dada49e784601183eb3a1e1723ce2d4,,,
5,14,x[11],True,x[11],0.16129032258064513,9dada49e784601183eb3a1e1723ce2d4,,,
5,14,x[11],True,x[11],0.16129032258064513,9dada49e784601183eb3a1e1723ce2d4,,,
5,14,x[11],True,x[11],0.16129032258064513,9dada49e784601183eb3a1e1723ce2d4,,,
5,14,x[11],True,x[11],0.16129032258064513,9dada49e784601183eb3a1e1723ce2d4,,,
5,14,x[11],True,x[11],0.16129032258064513,9dada49e784601183eb3a1e1723ce2d4,,,
5,14,x[11],True,x[11],0.16129032258064513,9dada49e784601183eb3a1e1723ce2d4,,,
5,14,x[11],True,x[11],0.16129032258064513,9dada49e784601183eb3a1e1723ce2d4,,,
5,14,x[11],True,x[11],0.16129032258064513,9dada49e784601183eb3a1e1723ce2d4,,,
5,14,x[11],True,x[11],0.16129032258064513,9dada49e784601183eb3a1e1723ce2d4,,,
5,14,x[11],True,x[11],0.16129032258064513,9dada49e784601183eb3a1e1723ce2d4,,,
5,14,x[11],True,x[11],0.16129032258064513,9dada49e784601183eb3a1e1723ce2d4,,,
5,14,x[11],True,x[11],0.16129032258064513,9dada49e784601183eb3a1e1723ce2d4,,,
5,14,x[11],True,x[11],0.16129032258064513,9dada49e784601183eb3a1e1723ce2d4,,,
5,14,x[14],True,x[14],0.22580645161290325,5184b187f6f474f266ff1a9e52a8b41f,,,
5,14,x[11],True,x[11],0.16129032258064513,9dada49e784601183eb3a1e1723ce2d4,,,
5,14,x[11],True,x[11],0.16129032258064513,9dada49e784601183eb3a1e1723ce2d4,,,
5,14,x[11],True,x[11],0.16129032258064513,9dada49e784601183eb3a1e1723ce2d4,,,
5,14,x[11],True,x[11],0.16129032258064513,9dada49e784601183eb3a1e1723ce2d4,,,
5,14,x[11],True,x[11],0.16129032258064513,9dada49e784601183eb3a1e1723ce2d4,,,
5,14,x[11],True,x[11],0.16129032258064513,9dada49e784601183eb3a1e1723ce2d4,,,
5,14,x[12],True,x[12],0.18548387096774188,0d372214e94f96a8c686509e4d084014,,,
5,14,x[11],True,x[11],0.16129032258064513,9dada49e784601183eb3a1e1723ce2d4,,,
5,14,x[11],True,x[11],0.16129032258064513,9dada49e784601183eb3a1e1723ce2d4,,,
5,14,x[11],True,x[11],0.16129032258064513,9dada49e784601183eb3a1e1723ce2d4,,,
5,14,x[11],True,x[11],0.16129032258064513,9dada49e784601183eb3a1e1723ce2d4,,,
5,14,x[11],True,x[11],0.16129032258064513,9dada49e784601183eb3a1e1723ce2d4,,,
5,14,x[11],True,x[11],0.16129032258064513,9dada49e784601183eb3a1e1723ce2d4,,,
5,14,x[11],True,x[11],0.16129032258064513,9dada49e784601183eb3a1e1723ce2d4,,,
5,14,x[11],True,x[11],0.16129032258064513,9dada49e784601183eb3a1e1723ce2d4,,,
5,14,x[11],True,x[11],0.16129032258064513,9dada49e784601183eb3a1e1723ce2d4,,,
5,14,x[11],True,x[11],0.16129032258064513,9dada49e784601183eb3a1e1723ce2d4,,,
5,14,x[11],True,x[11],0.16129032258064513,9dada49e784601183eb3a1e1723ce2d4,,,
5,14,x[11],True,x[11],0.16129032258064513,9dada49e784601183eb3a1e1723ce2d4,,,
5,14,x[11],True,x[11],0.16129032258064513,9dada49e784601183eb3a1e1723ce2d4,,,
5,14,x[11],True,x[11],0.16129032258064513,9dada49e784601183eb3a1e1723ce2d4,,,
5,14,x[18],True,x[18],0.6451612903225806,6a4c84e0915d9d2b86d121e994683436,,,
5,14,x[11],True,x[11],0.16129032258064513,9dada49e784601183eb3a1e1723ce2d4,,,
5,14,x[11],True,x[11],0.16129032258064513,9dada49e784601183eb3a1e1723ce2d4,,,
5,14,x[11],True,x[11],0.16129032258064513,9dada49e784601183eb3a1e1723ce2d4,,,
5,14,x[11],True,x[11],0.16129032258064513,9dada49e784601183eb3a1e1723ce2d4,,,
5,14,x[11],True,x[11],0.16129032258064513,9dada49e784601183eb3a1e1723ce2d4,,,
5,14,x[11],True,x[11],0.16129032258064513,9dada49e784601183eb3a1e1723ce2d4,,,
5,14,x[11],True,x[11],0.16129032258064513,9dada49e784601183eb3a1e1723ce2d4,,,
5,14,x[11],True,x[11],0.16129032258064513,9dada49e784601183eb3a1e1723ce2d4,,,
5,14,x[11],True,x[11],0.16129032258064513,9dada49e784601183eb3a1e1723ce2d4,,,
5,14,x[11],True,x[11],0.16129032258064513,9dada49e784601183eb3a1e1723ce2d4,,,
5,14,x[11],True,x[11],0.16129032258064513,9dada49e784601183eb3a1e1723ce2d4,,,
5,14,x[11],True,x[11],0.16129032258064513,9dada49e784601183eb3a1e1723ce2d4,,,
5,14,x[11],True,x[11],0.16129032258064513,9dada49e784601183eb3a1e1723ce2d4,,,
5,14,x[11],True,x[11],0.16129032258064513,9dada49e784601183eb3a1e1723ce2d4,,,
5,14,x[11],True,x[11],0.16129032258064513,9dada49e784601183eb3a1e1723ce2d4,,,
5,14,x[11],True,x[11],0.16129032258064513,9dada49e784601183eb3a1e1723ce2d4,,,
5,14,x[11],True,x[11],0.16129032258064513,9dada49e784601183eb3a1e1723ce2d4,,,
5,14,x[11],True,x[11],0.16129032258064513,9dada49e784601183eb3a1e1723ce2d4,,,
5,14,x[11],True,x[11],0.16129032258064513,9dada49e784601183eb3a1e1723ce2d4,,,
5,14,x[11],True,x[11],0.16129032258064513,9dada49e784601183eb3a1e1723ce2d4,,,
5,14,x[16],True,x[16],0.217741935483871,2b4aec85a499a1f7baf764b48bcf9178,,,
5,14,x[11],True,x[11],0.16129032258064513,9dada49e784601183eb3a1e1723ce2d4,,,
5,14,x[11],True,x[11],0.16129032258064513,9dada49e784601183eb3a1e1723ce2d4,,,
5,14,x[11],True,x[11],0.16129032258064513,9dada49e784601183eb3a1e1723ce2d4,,,
5,14,x[11],True,x[11],0.16129032258064513,9dada49e784601183eb3a1e1723ce2d4,,,
5,14,x[11],True,x[11],0.16129032258064513,9dada49e784601183eb3a1e1723ce2d4,,,
5,14,x[11],True,x[11],0.16129032258064513,9dada49e784601183eb3a1e1723ce2d4,,,
5,14,x[11],True,x[11],0.16129032258064513,9dada49e784601183eb3a1e1723ce2d4,,,
5,14,x[11],True,x[11],0.16129032258064513,9dada49e784601183eb3a1e1723ce2d4,,,
5,14,x[11],True,x[11],0.16129032258064513,9dada49e784601183eb3a1e1723ce2d4,,,
5,14,x[11],True,x[11],0.16129032258064513,9dada49e784601183eb3a1e1723ce2d4,,,
5,14,x[11],True,x[11],0.16129032258064513,9dada49e784601183eb3a1e1723ce2d4,,,
5,14,x[11],True,x[11],0.16129032258064513,9dada49e784601183eb3a1e1723ce2d4,,,
5,14,x[11],True,x[11],0.16129032258064513,9dada49e784601183eb3a1e1723ce2d4,,,
5,14,x[11],True,x[11],0.16129032258064513,9dada49e784601183eb3a1e1723ce2d4,,,
5,14,x[11],True,x[11],0.16129032258064513,9dada49e784601183eb3a1e1723ce2d4,,,
5,14,x[11],True,x[11],0.16129032258064513,9dada49e784601183eb3a1e1723ce2d4,,,
5,14,x[11],True,x[11],0.16129032258064513,9dada49e784601183eb3a1e1723ce2d4,,,
5,14,x[11],True,x[11],0.16129032258064513,9dada49e784601183eb3a1e1723ce2d4,,,
5,14,x[11],True,x[11],0.16129032258064513,9dada49e784601183eb3a1e1723ce2d4,,,
5,14,x[11],True,x[11],0.16129032258064513,9dada49e784601183eb3a1e1723ce2d4,,,
5,14,x[11],True,x[11],0.16129032258064513,9dada49e784601183eb3a1e1723ce2d4,,,
5,14,x[11],True,x[11],0.16129032258064513,9dada49e784601183eb3a1e1723ce2d4,,,
5,14,x[11],True,x[11],0.16129032258064513,9dada49e784601183eb3a1e1723ce2d4,,,
5,14,x[11],True,x[11],0.16129032258064513,9dada49e784601183eb3a1e1723ce2d4,,,
5,14,x[11],True,x[11],0.16129032258064513,9dada49e784601183eb3a1e1723ce2d4,,,
5,14,x[17],True,x[17],0.217741935483871,078a7ef4b1d424e54e976f158f2a5fa5,,,
5,14,x[11],True,x[11],0.16129032258064513,9dada49e784601183eb3a1e1723ce2d4,,,
5,14,x[11],True,x[11],0.16129032258064513,9dada49e784601183eb3a1e1723ce2d4,,,
5,14,x[11],True,x[11],0.16129032258064513,9dada49e784601183eb3a1e1723ce2d4,,,
5,14,x[11],True,x[11],0.16129032258064513,9dada49e784601183eb3a1e1723ce2d4,,,
5,14,x[11],True,x[11],0.16129032258064513,9dada49e784601183eb3a1e1723ce2d4,,,
5,14,x[11],True,x[11],0.16129032258064513,9dada49e784601183eb3a1e1723ce2d4,,,
5,14,x[11],True,x[11],0.16129032258064513,9dada49e784601183eb3a1e1723ce2d4,,,
5,14,x[11],True,x[11],0.16129032258064513,9dada49e784601183eb3a1e1723ce2d4,,,
5,14,x[11],True,x[11],0.16129032258064513,9dada49e784601183eb3a1e1723ce2d4,,,
5,14,x[11],True,x[11],0.16129032258064513,9dada49e784601183eb3a1e1723ce2d4,,,
5,14,x[11],True,x[11],0.16129032258064513,9dada49e784601183eb3a1e1723ce2d4,,,
5,14,x[11],True,x[11],0.16129032258064513,9dada49e784601183eb3a1e1723ce2d4,,,
5,14,x[11],True,x[11],0.16129032258064513,9dada49e784601183eb3a1e1723ce2d4,,,
5,14,x[11],True,x[11],0.16129032258064513,9dada49e784601183eb3a1e1723ce2d4,,,
5,14,x[11],True,x[11],0.16129032258064513,9dada49e784601183eb3a1e1723ce2d4,,,
5,14,x[11],True,x[11],0.16129032258064513,9dada49e784601183eb3a1e1723ce2d4,,,
5,14,x[11],True,x[11],0.16129032258064513,9dada49e784601183eb3a1e1723ce2d4,,,
5,14,x[11],True,x[11],0.16129032258064513,9dada49e784601183eb3a1e1723ce2d4,,,
5,14,x[11],True,x[11],0.16129032258064513,9dada49e784601183eb3a1e1723ce2d4,,,
5,14,x[11],True,x[11],0.16129032258064513,9dada49e784601183eb3a1e1723ce2d4,,,
5,14,x[11],True,x[11],0.16129032258064513,9dada49e784601183eb3a1e1723ce2d4,,,
5,14,x[11],True,x[11],0.16129032258064513,9dada49e784601183eb3a1e1723ce2d4,,,
5,14,x[11],True,x[11],0.16129032258064513,9dada49e784601183eb3a1e1723ce2d4,,,
5,14,x[11],True,x[11],0.16129032258064513,9dada49e784601183eb3a1e1723ce2d4,,,
5,14,x[11],True,x[11],0.16129032258064513,9dada49e784601183eb3a1e1723ce2d4,,,
5,14,x[11],True,x[11],0.16129032258064513,9dada49e784601183eb3a1e1723ce2d4,,,
5,14,x[11],True,x[11],0.16129032258064513,9dada49e784601183eb3a1e1723ce2d4,,,
5,14,x[11],True,x[11],0.16129032258064513,9dada49e784601183eb3a1e1723ce2d4,,,
5,14,x[11],True,x[11],0.16129032258064513,9dada49e784601183eb3a1e1723ce2d4,,,
5,14,x[11],True,x[11],0.16129032258064513,9dada49e784601183eb3a1e1723ce2d4,,,
5,14,x[11],True,x[11],0.16129032258064513,9dada49e784601183eb3a1e1723ce2d4,,,
5,14,x[11],True,x[11],0.16129032258064513,9dada49e784601183eb3a1e1723ce2d4,,,
5,14,x[11],True,x[11],0.16129032258064513,9dada49e784601183eb3a1e1723ce2d4,,,
5,14,x[11],True,x[11],0.16129032258064513,9dada49e784601183eb3a1e1723ce2d4,,,
5,14,x[13],True,x[13],0.217741935483871,060f7b59fcb1852e9befb4d0292eca15,,,
5,14,x[11],True,x[11],0.16129032258064513,9dada49e784601183eb3a1e1723ce2d4,,,
5,14,x[11],True,x[11],0.16129032258064513,9dada49e784601183eb3a1e1723ce2d4,,,
5,14,x[11],True,x[11],0.16129032258064513,9dada49e784601183eb3a1e1723ce2d4,,,
5,14,x[11],True,x[11],0.16129032258064513,9dada49e784601183eb3a1e1723ce2d4,,,
5,14,x[11],True,x[11],0.16129032258064513,9dada49e784601183eb3a1e1723ce2d4,,,
5,14,x[12],True,x[12],0.18548387096774188,0d372214e94f96a8c686509e4d084014,,,
5,14,x[11],True,x[11],0.16129032258064513,9dada49e784601183eb3a1e1723ce2d4,,,
5,14,x[11],True,x[11],0.16129032258064513,9dada49e784601183eb3a1e1723ce2d4,,,
5,14,x[14],True,x[14],0.22580645161290325,5184b187f6f474f266ff1a9e52a8b41f,,,
5,14,x[11],True,x[11],0.16129032258064513,9dada49e784601183eb3a1e1723ce2d4,,,
5,14,x[11],True,x[11],0.16129032258064513,9dada49e784601183eb3a1e1723ce2d4,,,
5,14,x[11],True,x[11],0.16129032258064513,9dada49e784601183eb3a1e1723ce2d4,,,
5,14,x[11],True,x[11],0.16129032258064513,9dada49e784601183eb3a1e1723ce2d4,,,
5,14,x[11],True,x[11],0.16129032258064513,9dada49e784601183eb3a1e1723ce2d4,,,
5,14,x[11],True,x[11],0.16129032258064513,9dada49e784601183eb3a1e1723ce2d4,,,
5,14,x[11],True,x[11],0.16129032258064513,9dada49e784601183eb3a1e1723ce2d4,,,
5,14,x[11],True,x[11],0.16129032258064513,9dada49e784601183eb3a1e1723ce2d4,,,
5,14,x[11],True,x[11],0.16129032258064513,9dada49e784601183eb3a1e1723ce2d4,,,
5,14,x[11],True,x[11],0.16129032258064513,9dada49e784601183eb3a1e1723ce2d4,,,
5,14,x[11],True,x[11],0.16129032258064513,9dada49e784601183eb3a1e1723ce2d4,,,
5,14,x[11],True,x[11],0.16129032258064513,9dada49e784601183eb3a1e1723ce2d4,,,
5,14,x[11],True,x[11],0.16129032258064513,9dada49e784601183eb3a1e1723ce2d4,,,
5,14,x[11],True,x[11],0.16129032258064513,9dada49e784601183eb3a1e1723ce2d4,,,
5,14,x[11],True,x[11],0.16129032258064513,9dada49e784601183eb3a1e1723ce2d4,,,
5,14,x[11],True,x[11],0.16129032258064513,9dada49e784601183eb3a1e1723ce2d4,,,
5,14,x[11],True,x[11],0.16129032258064513,9dada49e784601183eb3a1e1723ce2d4,,,
5,14,x[11],True,x[11],0.16129032258064513,9dada49e784601183eb3a1e1723ce2d4,,,
5,14,x[11],True,x[11],0.16129032258064513,9dada49e784601183eb3a1e1723ce2d4,,,
5,14,x[11],True,x[11],0.16129032258064513,9dada49e784601183eb3a1e1723ce2d4,,,
5,14,x[11],True,x[11],0.16129032258064513,9dada49e784601183eb3a1e1723ce2d4,,,
5,14,x[11],True,x[11],0.16129032258064513,9dada49e784601183eb3a1e1723ce2d4,,,
5,14,x[11],True,x[11],0.16129032258064513,9dada49e784601183eb3a1e1723ce2d4,,,
5,14,x[11],True,x[11],0.16129032258064513,9dada49e784601183eb3a1e1723ce2d4,,,
5,14,x[11],True,x[11],0.16129032258064513,9dada49e784601183eb3a1e1723ce2d4,,,
5,14,x[11],True,x[11],0.16129032258064513,9dada49e784601183eb3a1e1723ce2d4,,,
5,14,x[11],True,x[11],0.16129032258064513,9dada49e784601183eb3a1e1723ce2d4,,,
5,14,x[11],True,x[11],0.16129032258064513,9dada49e784601183eb3a1e1723ce2d4,,,
5,14,x[11],True,x[11],0.16129032258064513,9dada49e784601183eb3a1e1723ce2d4,,,
5,14,x[10],True,x[10],0.24193548387096775,7424f049dcd7de48c5ec487367408f4f,,,
5,14,x[11],True,x[11],0.16129032258064513,9dada49e784601183eb3a1e1723ce2d4,,,
5,14,x[11],True,x[11],0.16129032258064513,9dada49e784601183eb3a1e1723ce2d4,,,
5,14,x[11],True,x[11],0.16129032258064513,9dada49e784601183eb3a1e1723ce2d4,,,
5,14,x[11],True,x[11],0.16129032258064513,9dada49e784601183eb3a1e1723ce2d4,,,
5,14,x[11],True,x[11],0.16129032258064513,9dada49e784601183eb3a1e1723ce2d4,,,
5,14,x[11],True,x[11],0.16129032258064513,9dada49e784601183eb3a1e1723ce2d4,,,
5,14,x[11],True,x[11],0.16129032258064513,9dada49e784601183eb3a1e1723ce2d4,,,
5,14,x[11],True,x[11],0.16129032258064513,9dada49e784601183eb3a1e1723ce2d4,,,
5,14,x[11],True,x[11],0.16129032258064513,9dada49e784601183eb3a1e1723ce2d4,,,
5,14,x[16],True,x[16],0.217741935483871,2b4aec85a499a1f7baf764b48bcf9178,,,
5,14,x[11],True,x[11],0.16129032258064513,9dada49e784601183eb3a1e1723ce2d4,,,
5,14,x[11],True,x[11],0.16129032258064513,9dada49e784601183eb3a1e1723ce2d4,,,
5,14,x[11],True,x[11],0.16129032258064513,9dada49e784601183eb3a1e1723ce2d4,,,
5,14,x[11],True,x[11],0.16129032258064513,9dada49e784601183eb3a1e1723ce2d4,,,
5,14,x[11],True,x[11],0.16129032258064513,9dada49e784601183eb3a1e1723ce2d4,,,
5,14,x[11],True,x[11],0.16129032258064513,9dada49e784601183eb3a1e1723ce2d4,,,
5,14,x[11],True,x[11],0.16129032258064513,9dada49e784601183eb3a1e1723ce2d4,,,
5,14,x[11],True,x[11],0.16129032258064513,9dada49e784601183eb3a1e1723ce2d4,,,
5,14,x[11],True,x[11],0.16129032258064513,9dada49e784601183eb3a1e1723ce2d4,,,
5,14,x[11],True,x[11],0.16129032258064513,9dada49e784601183eb3a1e1723ce2d4,,,
5,14,x[11],True,x[11],0.16129032258064513,9dada49e784601183eb3a1e1723ce2d4,,,
5,14,x[11],True,x[11],0.16129032258064513,9dada49e784601183eb3a1e1723ce2d4,,,
5,14,x[16],True,x[16],0.217741935483871,2b4aec85a499a1f7baf764b48bcf9178,,,
5,14,x[11],True,x[11],0.16129032258064513,9dada49e784601183eb3a1e1723ce2d4,,,
5,14,x[11],True,x[11],0.16129032258064513,9dada49e784601183eb3a1e1723ce2d4,,,
5,14,x[11],True,x[11],0.16129032258064513,9dada49e784601183eb3a1e1723ce2d4,,,
5,14,x[11],True,x[11],0.16129032258064513,9dada49e784601183eb3a1e1723ce2d4,,,
5,14,x[11],True,x[11],0.16129032258064513,9dada49e784601183eb3a1e1723ce2d4,,,
5,14,x[11],True,x[11],0.16129032258064513,9dada49e784601183eb3a1e1723ce2d4,,,
5,14,x[11],True,x[11],0.16129032258064513,9dada49e784601183eb3a1e1723ce2d4,,,
5,14,x[11],True,x[11],0.16129032258064513,9dada49e784601183eb3a1e1723ce2d4,,,
5,14,x[11],True,x[11],0.16129032258064513,9dada49e784601183eb3a1e1723ce2d4,,,
5,14,x[11],True,x[11],0.16129032258064513,9dada49e784601183eb3a1e1723ce2d4,,,
5,14,x[11],True,x[11],0.16129032258064513,9dada49e784601183eb3a1e1723ce2d4,,,
5,14,x[11],True,x[11],0.16129032258064513,9dada49e784601183eb3a1e1723ce2d4,,,
5,14,x[11],True,x[11],0.16129032258064513,9dada49e784601183eb3a1e1723ce2d4,,,
5,14,x[11],True,x[11],0.16129032258064513,9dada49e784601183eb3a1e1723ce2d4,,,
5,14,x[11],True,x[11],0.16129032258064513,9dada49e784601183eb3a1e1723ce2d4,,,
5,14,x[11],True,x[11],0.16129032258064513,9dada49e784601183eb3a1e1723ce2d4,,,
5,14,x[11],True,x[11],0.16129032258064513,9dada49e784601183eb3a1e1723ce2d4,,,
5,14,x[11],True,x[11],0.16129032258064513,9dada49e784601183eb3a1e1723ce2d4,,,
5,14,x[11],True,x[11],0.16129032258064513,9dada49e784601183eb3a1e1723ce2d4,,,
5,14,x[11],True,x[11],0.16129032258064513,9dada49e784601183eb3a1e1723ce2d4,,,
5,14,x[4],True,x[4],0.49193548387096775,c062f6f76dec194bafe0ddbf91add8d9,,,
5,14,x[11],True,x[11],0.16129032258064513,9dada49e784601183eb3a1e1723ce2d4,,,
5,14,x[11],True,x[11],0.16129032258064513,9dada49e784601183eb3a1e1723ce2d4,,,
5,14,x[11],True,x[11],0.16129032258064513,9dada49e784601183eb3a1e1723ce2d4,,,
5,14,x[11],True,x[11],0.16129032258064513,9dada49e784601183eb3a1e1723ce2d4,,,
5,14,x[11],True,x[11],0.16129032258064513,9dada49e784601183eb3a1e1723ce2d4,,,
5,14,x[9],True,x[9],0.2338709677419355,2e0260aa627dff742f7c723c8367e701,,,
5,14,x[11],True,x[11],0.16129032258064513,9dada49e784601183eb3a1e1723ce2d4,,,
5,14,x[11],True,x[11],0.16129032258064513,9dada49e784601183eb3a1e1723ce2d4,,,
5,14,x[11],True,x[11],0.16129032258064513,9dada49e784601183eb3a1e1723ce2d4,,,
5,14,x[11],True,x[11],0.16129032258064513,9dada49e784601183eb3a1e1723ce2d4,,,
5,14,x[11],True,x[11],0.16129032258064513,9dada49e784601183eb3a1e1723ce2d4,,,
5,14,x[11],True,x[11],0.16129032258064513,9dada49e784601183eb3a1e1723ce2d4,,,
5,14,x[11],True,x[11],0.16129032258064513,9dada49e784601183eb3a1e1723ce2d4,,,
5,14,x[11],True,x[11],0.16129032258064513,9dada49e784601183eb3a1e1723ce2d4,,,
5,14,x[11],True,x[11],0.16129032258064513,9dada49e784601183eb3a1e1723ce2d4,,,
5,14,x[11],True,x[11],0.16129032258064513,9dada49e784601183eb3a1e1723ce2d4,,,
5,14,x[11],True,x[11],0.16129032258064513,9dada49e784601183eb3a1e1723ce2d4,,,
5,14,x[11],True,x[11],0.16129032258064513,9dada49e784601183eb3a1e1723ce2d4,,,
5,14,x[11],True,x[11],0.16129032258064513,9dada49e784601183eb3a1e1723ce2d4,,,
5,14,x[11],True,x[11],0.16129032258064513,9dada49e784601183eb3a1e1723ce2d4,,,
5,14,x[11],True,x[11],0.16129032258064513,9dada49e784601183eb3a1e1723ce2d4,,,
5,14,x[11],True,x[11],0.16129032258064513,9dada49e784601183eb3a1e1723ce2d4,,,
5,14,x[11],True,x[11],0.16129032258064513,9dada49e784601183eb3a1e1723ce2d4,,,
5,14,x[11],True,x[11],0.16129032258064513,9dada49e784601183eb3a1e1723ce2d4,,,
5,14,x[11],True,x[11],0.16129032258064513,9dada49e784601183eb3a1e1723ce2d4,,,
5,14,x[11],True,x[11],0.16129032258064513,9dada49e784601183eb3a1e1723ce2d4,,,
5,14,x[11],True,x[11],0.16129032258064513,9dada49e784601183eb3a1e1723ce2d4,,,
5,14,x[11],True,x[11],0.16129032258064513,9dada49e784601183eb3a1e1723ce2d4,,,
5,14,x[11],True,x[11],0.16129032258064513,9dada49e784601183eb3a1e1723ce2d4,,,
5,14,x[11],True,x[11],0.16129032258064513,9dada49e784601183eb3a1e1723ce2d4,,,
5,14,x[11],True,x[11],0.16129032258064513,9dada49e784601183eb3a1e1723ce2d4,,,
5,14,x[11],True,x[11],0.16129032258064513,9dada49e784601183eb3a1e1723ce2d4,,,
5,14,x[11],True,x[11],0.16129032258064513,9dada49e784601183eb3a1e1723ce2d4,,,
5,14,x[11],True,x[11],0.16129032258064513,9dada49e784601183eb3a1e1723ce2d4,,,
5,14,x[11],True,x[11],0.16129032258064513,9dada49e784601183eb3a1e1723ce2d4,,,
5,14,x[11],True,x[11],0.16129032258064513,9dada49e784601183eb3a1e1723ce2d4,,,
5,14,x[11],True,x[11],0.16129032258064513,9dada49e784601183eb3a1e1723ce2d4,,,
5,14,x[11],True,x[11],0.16129032258064513,9dada49e784601183eb3a1e1723ce2d4,,,
5,14,x[1],True,x[1],0.685483870967742,48150b63a14de07ac8ada4efd9d4896c,,,
5,14,x[11],True,x[11],0.16129032258064513,9dada49e784601183eb3a1e1723ce2d4,,,
5,14,x[11],True,x[11],0.16129032258064513,9dada49e784601183eb3a1e1723ce2d4,,,
5,14,x[11],True,x[11],0.16129032258064513,9dada49e784601183eb3a1e1723ce2d4,,,
5,14,x[11],True,x[11],0.16129032258064513,9dada49e784601183eb3a1e1723ce2d4,,,
5,14,x[11],True,x[11],0.16129032258064513,9dada49e784601183eb3a1e1723ce2d4,,,
5,14,x[17],True,x[17],0.217741935483871,078a7ef4b1d424e54e976f158f2a5fa5,,,
5,14,x[11],True,x[11],0.16129032258064513,9dada49e784601183eb3a1e1723ce2d4,,,
5,15,x[11],True,x[11],0.16129032258064513,9dada49e784601183eb3a1e1723ce2d4,,,
5,15,x[11],True,x[11],0.16129032258064513,9dada49e784601183eb3a1e1723ce2d4,,,
5,15,x[11],True,x[11],0.16129032258064513,9dada49e784601183eb3a1e1723ce2d4,,,
5,15,x[11],True,x[11],0.16129032258064513,9dada49e784601183eb3a1e1723ce2d4,,,
5,15,x[11],True,x[11],0.16129032258064513,9dada49e784601183eb3a1e1723ce2d4,,,
5,15,x[12],True,x[12],0.18548387096774188,0d372214e94f96a8c686509e4d084014,,,
5,15,x[11],True,x[11],0.16129032258064513,9dada49e784601183eb3a1e1723ce2d4,,,
5,15,x[11],True,x[11],0.16129032258064513,9dada49e784601183eb3a1e1723ce2d4,,,
5,15,x[11],True,x[11],0.16129032258064513,9dada49e784601183eb3a1e1723ce2d4,,,
5,15,x[11],True,x[11],0.16129032258064513,9dada49e784601183eb3a1e1723ce2d4,,,
5,15,x[11],True,x[11],0.16129032258064513,9dada49e784601183eb3a1e1723ce2d4,,,
5,15,x[11],True,x[11],0.16129032258064513,9dada49e784601183eb3a1e1723ce2d4,,,
5,15,x[11],True,x[11],0.16129032258064513,9dada49e784601183eb3a1e1723ce2d4,,,
5,15,x[11],True,x[11],0.16129032258064513,9dada49e784601183eb3a1e1723ce2d4,,,
5,15,x[11],True,x[11],0.16129032258064513,9dada49e784601183eb3a1e1723ce2d4,,,
5,15,x[11],True,x[11],0.16129032258064513,9dada49e784601183eb3a1e1723ce2d4,,,
5,15,x[11],True,x[11],0.16129032258064513,9dada49e784601183eb3a1e1723ce2d4,,,
5,15,x[11],True,x[11],0.16129032258064513,9dada49e784601183eb3a1e1723ce2d4,,,
5,15,x[11],True,x[11],0.16129032258064513,9dada49e784601183eb3a1e1723ce2d4,,,
5,15,x[11],True,x[11],0.16129032258064513,9dada49e784601183eb3a1e1723ce2d4,,,
5,15,x[11],True,x[11],0.16129032258064513,9dada49e784601183eb3a1e1723ce2d4,,,
5,15,x[11],True,x[11],0.16129032258064513,9dada49e784601183eb3a1e1723ce2d4,,,
5,15,x[12],True,x[12],0.18548387096774188,0d372214e94f96a8c686509e4d084014,,,
5,15,x[11],True,x[11],0.16129032258064513,9dada49e784601183eb3a1e1723ce2d4,,,
5,15,x[11],True,x[11],0.16129032258064513,9dada49e784601183eb3a1e1723ce2d4,,,
5,15,x[11],True,x[11],0.16129032258064513,9dada49e784601183eb3a1e1723ce2d4,,,
5,15,x[11],True,x[11],0.16129032258064513,9dada49e784601183eb3a1e1723ce2d4,,,
5,15,x[11],True,x[11],0.16129032258064513,9dada49e784601183eb3a1e1723ce2d4,,,
5,15,x[11],True,x[11],0.16129032258064513,9dada49e784601183eb3a1e1723ce2d4,,,
5,15,x[11],True,x[11],0.16129032258064513,9dada49e784601183eb3a1e1723ce2d4,,,
5,15,x[18],True,x[18],0.6451612903225806,6a4c84e0915d9d2b86d121e994683436,,,
5,15,x[11],True,x[11],0.16129032258064513,9dada49e784601183eb3a1e1723ce2d4,,,
5,15,x[1],True,x[1],0.685483870967742,48150b63a14de07ac8ada4efd9d4896c,,,
5,15,x[11],True,x[11],0.16129032258064513,9dada49e784601183eb3a1e1723ce2d4,,,
5,15,x[16],True,x[16],0.217741935483871,2b4aec85a499a1f7baf764b48bcf9178,,,
5,15,x[11],True,x[11],0.16129032258064513,9dada49e784601183eb3a1e1723ce2d4,,,
5,15,"or_(and_(not_(greater_than_or_equal(x[3], x[0])),not_(greater_than_or_equal(x[7], x[7]))),not_(greater_than_or_equal(x[2], x[2])))",True,not_(x[17]),0.782258064516129,ac739370374d1daddf9260a9a76ceba0,,,
5,15,x[11],True,x[11],0.16129032258064513,9dada49e784601183eb3a1e1723ce2d4,,,
5,15,x[11],True,x[11],0.16129032258064513,9dada49e784601183eb3a1e1723ce2d4,,,
5,15,x[11],True,x[11],0.16129032258064513,9dada49e784601183eb3a1e1723ce2d4,,,
5,15,x[11],True,x[11],0.16129032258064513,9dada49e784601183eb3a1e1723ce2d4,,,
5,15,x[11],True,x[11],0.16129032258064513,9dada49e784601183eb3a1e1723ce2d4,,,
5,15,x[11],True,x[11],0.16129032258064513,9dada49e784601183eb3a1e1723ce2d4,,,
5,15,x[11],True,x[11],0.16129032258064513,9dada49e784601183eb3a1e1723ce2d4,,,
5,15,x[11],True,x[11],0.16129032258064513,9dada49e784601183eb3a1e1723ce2d4,,,
5,15,x[11],True,x[11],0.16129032258064513,9dada49e784601183eb3a1e1723ce2d4,,,
5,15,x[11],True,x[11],0.16129032258064513,9dada49e784601183eb3a1e1723ce2d4,,,
5,15,x[11],True,x[11],0.16129032258064513,9dada49e784601183eb3a1e1723ce2d4,,,
5,15,x[11],True,x[11],0.16129032258064513,9dada49e784601183eb3a1e1723ce2d4,,,
5,15,x[11],True,x[11],0.16129032258064513,9dada49e784601183eb3a1e1723ce2d4,,,
5,15,x[11],True,x[11],0.16129032258064513,9dada49e784601183eb3a1e1723ce2d4,,,
5,15,x[11],True,x[11],0.16129032258064513,9dada49e784601183eb3a1e1723ce2d4,,,
5,15,x[13],True,x[13],0.217741935483871,060f7b59fcb1852e9befb4d0292eca15,,,
5,15,x[11],True,x[11],0.16129032258064513,9dada49e784601183eb3a1e1723ce2d4,,,
5,15,x[11],True,x[11],0.16129032258064513,9dada49e784601183eb3a1e1723ce2d4,,,
5,15,x[11],True,x[11],0.16129032258064513,9dada49e784601183eb3a1e1723ce2d4,,,
5,15,x[11],True,x[11],0.16129032258064513,9dada49e784601183eb3a1e1723ce2d4,,,
5,15,x[11],True,x[11],0.16129032258064513,9dada49e784601183eb3a1e1723ce2d4,,,
5,15,x[11],True,x[11],0.16129032258064513,9dada49e784601183eb3a1e1723ce2d4,,,
5,15,x[11],True,x[11],0.16129032258064513,9dada49e784601183eb3a1e1723ce2d4,,,
5,15,x[11],True,x[11],0.16129032258064513,9dada49e784601183eb3a1e1723ce2d4,,,
5,15,x[11],True,x[11],0.16129032258064513,9dada49e784601183eb3a1e1723ce2d4,,,
5,15,x[11],True,x[11],0.16129032258064513,9dada49e784601183eb3a1e1723ce2d4,,,
5,15,x[11],True,x[11],0.16129032258064513,9dada49e784601183eb3a1e1723ce2d4,,,
5,15,x[11],True,x[11],0.16129032258064513,9dada49e784601183eb3a1e1723ce2d4,,,
5,15,x[11],True,x[11],0.16129032258064513,9dada49e784601183eb3a1e1723ce2d4,,,
5,15,x[11],True,x[11],0.16129032258064513,9dada49e784601183eb3a1e1723ce2d4,,,
5,15,x[11],True,x[11],0.16129032258064513,9dada49e784601183eb3a1e1723ce2d4,,,
5,15,x[11],True,x[11],0.16129032258064513,9dada49e784601183eb3a1e1723ce2d4,,,
5,15,x[11],True,x[11],0.16129032258064513,9dada49e784601183eb3a1e1723ce2d4,,,
5,15,x[11],True,x[11],0.16129032258064513,9dada49e784601183eb3a1e1723ce2d4,,,
5,15,x[11],True,x[11],0.16129032258064513,9dada49e784601183eb3a1e1723ce2d4,,,
5,15,x[11],True,x[11],0.16129032258064513,9dada49e784601183eb3a1e1723ce2d4,,,
5,15,x[11],True,x[11],0.16129032258064513,9dada49e784601183eb3a1e1723ce2d4,,,
5,15,x[11],True,x[11],0.16129032258064513,9dada49e784601183eb3a1e1723ce2d4,,,
5,15,x[11],True,x[11],0.16129032258064513,9dada49e784601183eb3a1e1723ce2d4,,,
5,15,x[11],True,x[11],0.16129032258064513,9dada49e784601183eb3a1e1723ce2d4,,,
5,15,x[11],True,x[11],0.16129032258064513,9dada49e784601183eb3a1e1723ce2d4,,,
5,15,x[11],True,x[11],0.16129032258064513,9dada49e784601183eb3a1e1723ce2d4,,,
5,15,x[11],True,x[11],0.16129032258064513,9dada49e784601183eb3a1e1723ce2d4,,,
5,15,x[11],True,x[11],0.16129032258064513,9dada49e784601183eb3a1e1723ce2d4,,,
5,15,x[11],True,x[11],0.16129032258064513,9dada49e784601183eb3a1e1723ce2d4,,,
5,15,x[11],True,x[11],0.16129032258064513,9dada49e784601183eb3a1e1723ce2d4,,,
5,15,x[11],True,x[11],0.16129032258064513,9dada49e784601183eb3a1e1723ce2d4,,,
5,15,x[11],True,x[11],0.16129032258064513,9dada49e784601183eb3a1e1723ce2d4,,,
5,15,x[11],True,x[11],0.16129032258064513,9dada49e784601183eb3a1e1723ce2d4,,,
5,15,x[11],True,x[11],0.16129032258064513,9dada49e784601183eb3a1e1723ce2d4,,,
5,15,x[11],True,x[11],0.16129032258064513,9dada49e784601183eb3a1e1723ce2d4,,,
5,15,x[11],True,x[11],0.16129032258064513,9dada49e784601183eb3a1e1723ce2d4,,,
5,15,x[11],True,x[11],0.16129032258064513,9dada49e784601183eb3a1e1723ce2d4,,,
5,15,x[11],True,x[11],0.16129032258064513,9dada49e784601183eb3a1e1723ce2d4,,,
5,15,x[1],True,x[1],0.685483870967742,48150b63a14de07ac8ada4efd9d4896c,,,
5,15,x[11],True,x[11],0.16129032258064513,9dada49e784601183eb3a1e1723ce2d4,,,
5,15,x[11],True,x[11],0.16129032258064513,9dada49e784601183eb3a1e1723ce2d4,,,
5,15,x[11],True,x[11],0.16129032258064513,9dada49e784601183eb3a1e1723ce2d4,,,
5,15,x[11],True,x[11],0.16129032258064513,9dada49e784601183eb3a1e1723ce2d4,,,
5,15,x[15],True,x[15],0.22580645161290325,301bd409bd67cc588ceaa53a6f5220a4,,,
5,15,x[11],True,x[11],0.16129032258064513,9dada49e784601183eb3a1e1723ce2d4,,,
5,15,x[11],True,x[11],0.16129032258064513,9dada49e784601183eb3a1e1723ce2d4,,,
5,15,x[11],True,x[11],0.16129032258064513,9dada49e784601183eb3a1e1723ce2d4,,,
5,15,x[11],True,x[11],0.16129032258064513,9dada49e784601183eb3a1e1723ce2d4,,,
5,15,x[11],True,x[11],0.16129032258064513,9dada49e784601183eb3a1e1723ce2d4,,,
5,15,x[11],True,x[11],0.16129032258064513,9dada49e784601183eb3a1e1723ce2d4,,,
5,15,x[11],True,x[11],0.16129032258064513,9dada49e784601183eb3a1e1723ce2d4,,,
5,15,x[11],True,x[11],0.16129032258064513,9dada49e784601183eb3a1e1723ce2d4,,,
5,15,x[11],True,x[11],0.16129032258064513,9dada49e784601183eb3a1e1723ce2d4,,,
5,15,x[11],True,x[11],0.16129032258064513,9dada49e784601183eb3a1e1723ce2d4,,,
5,15,x[11],True,x[11],0.16129032258064513,9dada49e784601183eb3a1e1723ce2d4,,,
5,15,x[11],True,x[11],0.16129032258064513,9dada49e784601183eb3a1e1723ce2d4,,,
5,15,x[11],True,x[11],0.16129032258064513,9dada49e784601183eb3a1e1723ce2d4,,,
5,15,x[11],True,x[11],0.16129032258064513,9dada49e784601183eb3a1e1723ce2d4,,,
5,15,x[11],True,x[11],0.16129032258064513,9dada49e784601183eb3a1e1723ce2d4,,,
5,15,x[13],True,x[13],0.217741935483871,060f7b59fcb1852e9befb4d0292eca15,,,
5,15,x[11],True,x[11],0.16129032258064513,9dada49e784601183eb3a1e1723ce2d4,,,
5,15,x[11],True,x[11],0.16129032258064513,9dada49e784601183eb3a1e1723ce2d4,,,
5,15,x[11],True,x[11],0.16129032258064513,9dada49e784601183eb3a1e1723ce2d4,,,
5,15,x[11],True,x[11],0.16129032258064513,9dada49e784601183eb3a1e1723ce2d4,,,
5,15,x[11],True,x[11],0.16129032258064513,9dada49e784601183eb3a1e1723ce2d4,,,
5,15,x[11],True,x[11],0.16129032258064513,9dada49e784601183eb3a1e1723ce2d4,,,
5,15,x[11],True,x[11],0.16129032258064513,9dada49e784601183eb3a1e1723ce2d4,,,
5,15,x[11],True,x[11],0.16129032258064513,9dada49e784601183eb3a1e1723ce2d4,,,
5,15,x[11],True,x[11],0.16129032258064513,9dada49e784601183eb3a1e1723ce2d4,,,
5,15,x[11],True,x[11],0.16129032258064513,9dada49e784601183eb3a1e1723ce2d4,,,
5,15,x[11],True,x[11],0.16129032258064513,9dada49e784601183eb3a1e1723ce2d4,,,
5,15,x[11],True,x[11],0.16129032258064513,9dada49e784601183eb3a1e1723ce2d4,,,
5,15,x[11],True,x[11],0.16129032258064513,9dada49e784601183eb3a1e1723ce2d4,,,
5,15,x[11],True,x[11],0.16129032258064513,9dada49e784601183eb3a1e1723ce2d4,,,
5,15,x[18],True,x[18],0.6451612903225806,6a4c84e0915d9d2b86d121e994683436,,,
5,15,x[11],True,x[11],0.16129032258064513,9dada49e784601183eb3a1e1723ce2d4,,,
5,15,x[11],True,x[11],0.16129032258064513,9dada49e784601183eb3a1e1723ce2d4,,,
5,15,x[11],True,x[11],0.16129032258064513,9dada49e784601183eb3a1e1723ce2d4,,,
5,15,x[11],True,x[11],0.16129032258064513,9dada49e784601183eb3a1e1723ce2d4,,,
5,15,x[11],True,x[11],0.16129032258064513,9dada49e784601183eb3a1e1723ce2d4,,,
5,15,x[11],True,x[11],0.16129032258064513,9dada49e784601183eb3a1e1723ce2d4,,,
5,15,x[11],True,x[11],0.16129032258064513,9dada49e784601183eb3a1e1723ce2d4,,,
5,15,x[11],True,x[11],0.16129032258064513,9dada49e784601183eb3a1e1723ce2d4,,,
5,15,x[11],True,x[11],0.16129032258064513,9dada49e784601183eb3a1e1723ce2d4,,,
5,15,x[11],True,x[11],0.16129032258064513,9dada49e784601183eb3a1e1723ce2d4,,,
5,15,x[11],True,x[11],0.16129032258064513,9dada49e784601183eb3a1e1723ce2d4,,,
5,15,x[11],True,x[11],0.16129032258064513,9dada49e784601183eb3a1e1723ce2d4,,,
5,15,x[11],True,x[11],0.16129032258064513,9dada49e784601183eb3a1e1723ce2d4,,,
5,15,x[11],True,x[11],0.16129032258064513,9dada49e784601183eb3a1e1723ce2d4,,,
5,15,x[11],True,x[11],0.16129032258064513,9dada49e784601183eb3a1e1723ce2d4,,,
5,15,x[11],True,x[11],0.16129032258064513,9dada49e784601183eb3a1e1723ce2d4,,,
5,15,x[11],True,x[11],0.16129032258064513,9dada49e784601183eb3a1e1723ce2d4,,,
5,15,x[11],True,x[11],0.16129032258064513,9dada49e784601183eb3a1e1723ce2d4,,,
5,15,x[11],True,x[11],0.16129032258064513,9dada49e784601183eb3a1e1723ce2d4,,,
5,15,x[11],True,x[11],0.16129032258064513,9dada49e784601183eb3a1e1723ce2d4,,,
5,15,x[11],True,x[11],0.16129032258064513,9dada49e784601183eb3a1e1723ce2d4,,,
5,15,x[11],True,x[11],0.16129032258064513,9dada49e784601183eb3a1e1723ce2d4,,,
5,15,x[11],True,x[11],0.16129032258064513,9dada49e784601183eb3a1e1723ce2d4,,,
5,15,x[11],True,x[11],0.16129032258064513,9dada49e784601183eb3a1e1723ce2d4,,,
5,15,x[11],True,x[11],0.16129032258064513,9dada49e784601183eb3a1e1723ce2d4,,,
5,15,x[11],True,x[11],0.16129032258064513,9dada49e784601183eb3a1e1723ce2d4,,,
5,15,x[10],True,x[10],0.24193548387096775,7424f049dcd7de48c5ec487367408f4f,,,
5,15,x[4],True,x[4],0.49193548387096775,c062f6f76dec194bafe0ddbf91add8d9,,,
5,15,x[11],True,x[11],0.16129032258064513,9dada49e784601183eb3a1e1723ce2d4,,,
5,15,x[11],True,x[11],0.16129032258064513,9dada49e784601183eb3a1e1723ce2d4,,,
5,15,x[11],True,x[11],0.16129032258064513,9dada49e784601183eb3a1e1723ce2d4,,,
5,15,x[11],True,x[11],0.16129032258064513,9dada49e784601183eb3a1e1723ce2d4,,,
5,15,x[11],True,x[11],0.16129032258064513,9dada49e784601183eb3a1e1723ce2d4,,,
5,15,x[11],True,x[11],0.16129032258064513,9dada49e784601183eb3a1e1723ce2d4,,,
5,15,x[11],True,x[11],0.16129032258064513,9dada49e784601183eb3a1e1723ce2d4,,,
5,15,x[11],True,x[11],0.16129032258064513,9dada49e784601183eb3a1e1723ce2d4,,,
5,15,x[15],True,x[15],0.22580645161290325,301bd409bd67cc588ceaa53a6f5220a4,,,
5,15,x[11],True,x[11],0.16129032258064513,9dada49e784601183eb3a1e1723ce2d4,,,
5,15,x[11],True,x[11],0.16129032258064513,9dada49e784601183eb3a1e1723ce2d4,,,
5,15,x[11],True,x[11],0.16129032258064513,9dada49e784601183eb3a1e1723ce2d4,,,
5,15,x[11],True,x[11],0.16129032258064513,9dada49e784601183eb3a1e1723ce2d4,,,
5,15,x[11],True,x[11],0.16129032258064513,9dada49e784601183eb3a1e1723ce2d4,,,
5,15,x[11],True,x[11],0.16129032258064513,9dada49e784601183eb3a1e1723ce2d4,,,
5,15,x[11],True,x[11],0.16129032258064513,9dada49e784601183eb3a1e1723ce2d4,,,
5,15,x[11],True,x[11],0.16129032258064513,9dada49e784601183eb3a1e1723ce2d4,,,
5,15,x[11],True,x[11],0.16129032258064513,9dada49e784601183eb3a1e1723ce2d4,,,
5,15,x[11],True,x[11],0.16129032258064513,9dada49e784601183eb3a1e1723ce2d4,,,
5,15,x[9],True,x[9],0.2338709677419355,2e0260aa627dff742f7c723c8367e701,,,
5,15,x[11],True,x[11],0.16129032258064513,9dada49e784601183eb3a1e1723ce2d4,,,
5,15,x[11],True,x[11],0.16129032258064513,9dada49e784601183eb3a1e1723ce2d4,,,
5,15,x[11],True,x[11],0.16129032258064513,9dada49e784601183eb3a1e1723ce2d4,,,
5,15,x[11],True,x[11],0.16129032258064513,9dada49e784601183eb3a1e1723ce2d4,,,
5,15,x[11],True,x[11],0.16129032258064513,9dada49e784601183eb3a1e1723ce2d4,,,
5,15,x[11],True,x[11],0.16129032258064513,9dada49e784601183eb3a1e1723ce2d4,,,
5,15,x[11],True,x[11],0.16129032258064513,9dada49e784601183eb3a1e1723ce2d4,,,
5,15,x[11],True,x[11],0.16129032258064513,9dada49e784601183eb3a1e1723ce2d4,,,
5,15,x[11],True,x[11],0.16129032258064513,9dada49e784601183eb3a1e1723ce2d4,,,
5,15,x[11],True,x[11],0.16129032258064513,9dada49e784601183eb3a1e1723ce2d4,,,
5,15,x[11],True,x[11],0.16129032258064513,9dada49e784601183eb3a1e1723ce2d4,,,
5,15,x[11],True,x[11],0.16129032258064513,9dada49e784601183eb3a1e1723ce2d4,,,
5,15,x[11],True,x[11],0.16129032258064513,9dada49e784601183eb3a1e1723ce2d4,,,
5,15,x[11],True,x[11],0.16129032258064513,9dada49e784601183eb3a1e1723ce2d4,,,
5,15,x[11],True,x[11],0.16129032258064513,9dada49e784601183eb3a1e1723ce2d4,,,
5,15,x[11],True,x[11],0.16129032258064513,9dada49e784601183eb3a1e1723ce2d4,,,
5,15,x[11],True,x[11],0.16129032258064513,9dada49e784601183eb3a1e1723ce2d4,,,
5,15,x[11],True,x[11],0.16129032258064513,9dada49e784601183eb3a1e1723ce2d4,,,
5,15,x[11],True,x[11],0.16129032258064513,9dada49e784601183eb3a1e1723ce2d4,,,
5,15,x[11],True,x[11],0.16129032258064513,9dada49e784601183eb3a1e1723ce2d4,,,
5,15,x[11],True,x[11],0.16129032258064513,9dada49e784601183eb3a1e1723ce2d4,,,
5,15,x[11],True,x[11],0.16129032258064513,9dada49e784601183eb3a1e1723ce2d4,,,
5,15,x[11],True,x[11],0.16129032258064513,9dada49e784601183eb3a1e1723ce2d4,,,
5,15,x[11],True,x[11],0.16129032258064513,9dada49e784601183eb3a1e1723ce2d4,,,
5,15,x[11],True,x[11],0.16129032258064513,9dada49e784601183eb3a1e1723ce2d4,,,
5,15,x[11],True,x[11],0.16129032258064513,9dada49e784601183eb3a1e1723ce2d4,,,
5,15,x[9],True,x[9],0.2338709677419355,2e0260aa627dff742f7c723c8367e701,,,
5,15,x[11],True,x[11],0.16129032258064513,9dada49e784601183eb3a1e1723ce2d4,,,
5,15,x[11],True,x[11],0.16129032258064513,9dada49e784601183eb3a1e1723ce2d4,,,
5,15,x[11],True,x[11],0.16129032258064513,9dada49e784601183eb3a1e1723ce2d4,,,
5,15,x[11],True,x[11],0.16129032258064513,9dada49e784601183eb3a1e1723ce2d4,,,
5,15,x[11],True,x[11],0.16129032258064513,9dada49e784601183eb3a1e1723ce2d4,,,
5,15,x[11],True,x[11],0.16129032258064513,9dada49e784601183eb3a1e1723ce2d4,,,
5,15,x[11],True,x[11],0.16129032258064513,9dada49e784601183eb3a1e1723ce2d4,,,
5,15,x[11],True,x[11],0.16129032258064513,9dada49e784601183eb3a1e1723ce2d4,,,
5,15,x[11],True,x[11],0.16129032258064513,9dada49e784601183eb3a1e1723ce2d4,,,
5,15,x[11],True,x[11],0.16129032258064513,9dada49e784601183eb3a1e1723ce2d4,,,
5,15,x[11],True,x[11],0.16129032258064513,9dada49e784601183eb3a1e1723ce2d4,,,
5,15,x[11],True,x[11],0.16129032258064513,9dada49e784601183eb3a1e1723ce2d4,,,
5,15,x[11],True,x[11],0.16129032258064513,9dada49e784601183eb3a1e1723ce2d4,,,
5,15,x[11],True,x[11],0.16129032258064513,9dada49e784601183eb3a1e1723ce2d4,,,
5,15,x[11],True,x[11],0.16129032258064513,9dada49e784601183eb3a1e1723ce2d4,,,
5,15,x[11],True,x[11],0.16129032258064513,9dada49e784601183eb3a1e1723ce2d4,,,
5,15,x[11],True,x[11],0.16129032258064513,9dada49e784601183eb3a1e1723ce2d4,,,
5,15,x[11],True,x[11],0.16129032258064513,9dada49e784601183eb3a1e1723ce2d4,,,
5,15,x[11],True,x[11],0.16129032258064513,9dada49e784601183eb3a1e1723ce2d4,,,
5,15,x[11],True,x[11],0.16129032258064513,9dada49e784601183eb3a1e1723ce2d4,,,
5,15,x[11],True,x[11],0.16129032258064513,9dada49e784601183eb3a1e1723ce2d4,,,
5,15,x[11],True,x[11],0.16129032258064513,9dada49e784601183eb3a1e1723ce2d4,,,
5,15,x[12],True,x[12],0.18548387096774188,0d372214e94f96a8c686509e4d084014,,,
5,15,x[11],True,x[11],0.16129032258064513,9dada49e784601183eb3a1e1723ce2d4,,,
5,15,x[11],True,x[11],0.16129032258064513,9dada49e784601183eb3a1e1723ce2d4,,,
5,15,x[11],True,x[11],0.16129032258064513,9dada49e784601183eb3a1e1723ce2d4,,,
5,15,x[12],True,x[12],0.18548387096774188,0d372214e94f96a8c686509e4d084014,,,
5,15,x[11],True,x[11],0.16129032258064513,9dada49e784601183eb3a1e1723ce2d4,,,
5,15,x[11],True,x[11],0.16129032258064513,9dada49e784601183eb3a1e1723ce2d4,,,
5,15,x[11],True,x[11],0.16129032258064513,9dada49e784601183eb3a1e1723ce2d4,,,
5,15,x[11],True,x[11],0.16129032258064513,9dada49e784601183eb3a1e1723ce2d4,,,
5,15,x[11],True,x[11],0.16129032258064513,9dada49e784601183eb3a1e1723ce2d4,,,
5,15,x[11],True,x[11],0.16129032258064513,9dada49e784601183eb3a1e1723ce2d4,,,
5,15,x[11],True,x[11],0.16129032258064513,9dada49e784601183eb3a1e1723ce2d4,,,
5,15,x[11],True,x[11],0.16129032258064513,9dada49e784601183eb3a1e1723ce2d4,,,
5,15,x[11],True,x[11],0.16129032258064513,9dada49e784601183eb3a1e1723ce2d4,,,
5,15,x[11],True,x[11],0.16129032258064513,9dada49e784601183eb3a1e1723ce2d4,,,
5,15,x[11],True,x[11],0.16129032258064513,9dada49e784601183eb3a1e1723ce2d4,,,
5,15,x[11],True,x[11],0.16129032258064513,9dada49e784601183eb3a1e1723ce2d4,,,
5,15,x[11],True,x[11],0.16129032258064513,9dada49e784601183eb3a1e1723ce2d4,,,
5,15,x[11],True,x[11],0.16129032258064513,9dada49e784601183eb3a1e1723ce2d4,,,
5,15,x[11],True,x[11],0.16129032258064513,9dada49e784601183eb3a1e1723ce2d4,,,
5,15,x[11],True,x[11],0.16129032258064513,9dada49e784601183eb3a1e1723ce2d4,,,
5,15,x[11],True,x[11],0.16129032258064513,9dada49e784601183eb3a1e1723ce2d4,,,
5,15,x[11],True,x[11],0.16129032258064513,9dada49e784601183eb3a1e1723ce2d4,,,
5,15,x[16],True,x[16],0.217741935483871,2b4aec85a499a1f7baf764b48bcf9178,,,
5,15,x[11],True,x[11],0.16129032258064513,9dada49e784601183eb3a1e1723ce2d4,,,
5,15,x[11],True,x[11],0.16129032258064513,9dada49e784601183eb3a1e1723ce2d4,,,
5,15,x[11],True,x[11],0.16129032258064513,9dada49e784601183eb3a1e1723ce2d4,,,
5,15,x[11],True,x[11],0.16129032258064513,9dada49e784601183eb3a1e1723ce2d4,,,
5,15,x[11],True,x[11],0.16129032258064513,9dada49e784601183eb3a1e1723ce2d4,,,
5,15,x[11],True,x[11],0.16129032258064513,9dada49e784601183eb3a1e1723ce2d4,,,
5,15,x[11],True,x[11],0.16129032258064513,9dada49e784601183eb3a1e1723ce2d4,,,
5,15,x[11],True,x[11],0.16129032258064513,9dada49e784601183eb3a1e1723ce2d4,,,
5,15,x[11],True,x[11],0.16129032258064513,9dada49e784601183eb3a1e1723ce2d4,,,
5,15,x[11],True,x[11],0.16129032258064513,9dada49e784601183eb3a1e1723ce2d4,,,
5,15,x[11],True,x[11],0.16129032258064513,9dada49e784601183eb3a1e1723ce2d4,,,
5,15,x[11],True,x[11],0.16129032258064513,9dada49e784601183eb3a1e1723ce2d4,,,
5,15,x[11],True,x[11],0.16129032258064513,9dada49e784601183eb3a1e1723ce2d4,,,
5,15,x[11],True,x[11],0.16129032258064513,9dada49e784601183eb3a1e1723ce2d4,,,
5,15,x[11],True,x[11],0.16129032258064513,9dada49e784601183eb3a1e1723ce2d4,,,
5,15,x[11],True,x[11],0.16129032258064513,9dada49e784601183eb3a1e1723ce2d4,,,
5,15,x[11],True,x[11],0.16129032258064513,9dada49e784601183eb3a1e1723ce2d4,,,
5,15,x[11],True,x[11],0.16129032258064513,9dada49e784601183eb3a1e1723ce2d4,,,
5,15,x[11],True,x[11],0.16129032258064513,9dada49e784601183eb3a1e1723ce2d4,,,
5,15,x[11],True,x[11],0.16129032258064513,9dada49e784601183eb3a1e1723ce2d4,,,
5,15,x[11],True,x[11],0.16129032258064513,9dada49e784601183eb3a1e1723ce2d4,,,
5,15,x[11],True,x[11],0.16129032258064513,9dada49e784601183eb3a1e1723ce2d4,,,
5,15,x[11],True,x[11],0.16129032258064513,9dada49e784601183eb3a1e1723ce2d4,,,
5,15,x[11],True,x[11],0.16129032258064513,9dada49e784601183eb3a1e1723ce2d4,,,
5,15,x[11],True,x[11],0.16129032258064513,9dada49e784601183eb3a1e1723ce2d4,,,
5,15,x[11],True,x[11],0.16129032258064513,9dada49e784601183eb3a1e1723ce2d4,,,
5,15,x[11],True,x[11],0.16129032258064513,9dada49e784601183eb3a1e1723ce2d4,,,
5,15,x[11],True,x[11],0.16129032258064513,9dada49e784601183eb3a1e1723ce2d4,,,
5,15,x[11],True,x[11],0.16129032258064513,9dada49e784601183eb3a1e1723ce2d4,,,
5,15,x[11],True,x[11],0.16129032258064513,9dada49e784601183eb3a1e1723ce2d4,,,
5,15,x[15],True,x[15],0.22580645161290325,301bd409bd67cc588ceaa53a6f5220a4,,,
5,15,x[11],True,x[11],0.16129032258064513,9dada49e784601183eb3a1e1723ce2d4,,,
5,15,x[11],True,x[11],0.16129032258064513,9dada49e784601183eb3a1e1723ce2d4,,,
5,15,x[11],True,x[11],0.16129032258064513,9dada49e784601183eb3a1e1723ce2d4,,,
5,15,x[11],True,x[11],0.16129032258064513,9dada49e784601183eb3a1e1723ce2d4,,,
5,15,x[11],True,x[11],0.16129032258064513,9dada49e784601183eb3a1e1723ce2d4,,,
5,15,x[11],True,x[11],0.16129032258064513,9dada49e784601183eb3a1e1723ce2d4,,,
5,15,x[11],True,x[11],0.16129032258064513,9dada49e784601183eb3a1e1723ce2d4,,,
5,15,x[11],True,x[11],0.16129032258064513,9dada49e784601183eb3a1e1723ce2d4,,,
5,15,x[11],True,x[11],0.16129032258064513,9dada49e784601183eb3a1e1723ce2d4,,,
5,15,x[11],True,x[11],0.16129032258064513,9dada49e784601183eb3a1e1723ce2d4,,,
5,15,x[11],True,x[11],0.16129032258064513,9dada49e784601183eb3a1e1723ce2d4,,,
5,15,x[11],True,x[11],0.16129032258064513,9dada49e784601183eb3a1e1723ce2d4,,,
5,15,x[11],True,x[11],0.16129032258064513,9dada49e784601183eb3a1e1723ce2d4,,,
5,15,x[11],True,x[11],0.16129032258064513,9dada49e784601183eb3a1e1723ce2d4,,,
5,15,x[11],True,x[11],0.16129032258064513,9dada49e784601183eb3a1e1723ce2d4,,,
5,15,x[11],True,x[11],0.16129032258064513,9dada49e784601183eb3a1e1723ce2d4,,,
5,15,x[11],True,x[11],0.16129032258064513,9dada49e784601183eb3a1e1723ce2d4,,,
5,15,x[11],True,x[11],0.16129032258064513,9dada49e784601183eb3a1e1723ce2d4,,,
5,15,x[11],True,x[11],0.16129032258064513,9dada49e784601183eb3a1e1723ce2d4,,,
5,15,x[11],True,x[11],0.16129032258064513,9dada49e784601183eb3a1e1723ce2d4,,,
5,15,x[11],True,x[11],0.16129032258064513,9dada49e784601183eb3a1e1723ce2d4,,,
5,15,x[11],True,x[11],0.16129032258064513,9dada49e784601183eb3a1e1723ce2d4,,,
5,15,x[16],True,x[16],0.217741935483871,2b4aec85a499a1f7baf764b48bcf9178,,,
5,15,x[11],True,x[11],0.16129032258064513,9dada49e784601183eb3a1e1723ce2d4,,,
5,15,x[11],True,x[11],0.16129032258064513,9dada49e784601183eb3a1e1723ce2d4,,,
5,15,x[11],True,x[11],0.16129032258064513,9dada49e784601183eb3a1e1723ce2d4,,,
5,15,x[11],True,x[11],0.16129032258064513,9dada49e784601183eb3a1e1723ce2d4,,,
5,15,x[9],True,x[9],0.2338709677419355,2e0260aa627dff742f7c723c8367e701,,,
5,15,x[11],True,x[11],0.16129032258064513,9dada49e784601183eb3a1e1723ce2d4,,,
5,15,x[11],True,x[11],0.16129032258064513,9dada49e784601183eb3a1e1723ce2d4,,,
5,15,x[11],True,x[11],0.16129032258064513,9dada49e784601183eb3a1e1723ce2d4,,,
5,15,x[11],True,x[11],0.16129032258064513,9dada49e784601183eb3a1e1723ce2d4,,,
5,15,x[11],True,x[11],0.16129032258064513,9dada49e784601183eb3a1e1723ce2d4,,,
5,15,x[11],True,x[11],0.16129032258064513,9dada49e784601183eb3a1e1723ce2d4,,,
5,15,x[11],True,x[11],0.16129032258064513,9dada49e784601183eb3a1e1723ce2d4,,,
5,15,x[11],True,x[11],0.16129032258064513,9dada49e784601183eb3a1e1723ce2d4,,,
5,15,x[11],True,x[11],0.16129032258064513,9dada49e784601183eb3a1e1723ce2d4,,,
5,15,x[11],True,x[11],0.16129032258064513,9dada49e784601183eb3a1e1723ce2d4,,,
5,15,x[11],True,x[11],0.16129032258064513,9dada49e784601183eb3a1e1723ce2d4,,,
5,15,x[11],True,x[11],0.16129032258064513,9dada49e784601183eb3a1e1723ce2d4,,,
5,15,x[11],True,x[11],0.16129032258064513,9dada49e784601183eb3a1e1723ce2d4,,,
5,15,x[11],True,x[11],0.16129032258064513,9dada49e784601183eb3a1e1723ce2d4,,,
5,15,x[11],True,x[11],0.16129032258064513,9dada49e784601183eb3a1e1723ce2d4,,,
5,15,x[11],True,x[11],0.16129032258064513,9dada49e784601183eb3a1e1723ce2d4,,,
5,15,x[11],True,x[11],0.16129032258064513,9dada49e784601183eb3a1e1723ce2d4,,,
5,15,x[12],True,x[12],0.18548387096774188,0d372214e94f96a8c686509e4d084014,,,
5,15,x[11],True,x[11],0.16129032258064513,9dada49e784601183eb3a1e1723ce2d4,,,
5,15,x[8],True,x[8],0.4354838709677419,8c6b56831adf589cc7ca352d27aafe6d,,,
5,15,x[11],True,x[11],0.16129032258064513,9dada49e784601183eb3a1e1723ce2d4,,,
5,15,x[11],True,x[11],0.16129032258064513,9dada49e784601183eb3a1e1723ce2d4,,,
5,15,x[11],True,x[11],0.16129032258064513,9dada49e784601183eb3a1e1723ce2d4,,,
5,15,x[11],True,x[11],0.16129032258064513,9dada49e784601183eb3a1e1723ce2d4,,,
5,15,x[11],True,x[11],0.16129032258064513,9dada49e784601183eb3a1e1723ce2d4,,,
5,15,x[11],True,x[11],0.16129032258064513,9dada49e784601183eb3a1e1723ce2d4,,,
5,15,x[6],True,x[6],0.30645161290322576,d902aea98596abf07e07d9c42be380bf,,,
5,15,x[11],True,x[11],0.16129032258064513,9dada49e784601183eb3a1e1723ce2d4,,,
5,15,x[11],True,x[11],0.16129032258064513,9dada49e784601183eb3a1e1723ce2d4,,,
5,15,x[11],True,x[11],0.16129032258064513,9dada49e784601183eb3a1e1723ce2d4,,,
5,15,x[11],True,x[11],0.16129032258064513,9dada49e784601183eb3a1e1723ce2d4,,,
5,15,x[11],True,x[11],0.16129032258064513,9dada49e784601183eb3a1e1723ce2d4,,,
5,15,x[11],True,x[11],0.16129032258064513,9dada49e784601183eb3a1e1723ce2d4,,,
5,15,x[11],True,x[11],0.16129032258064513,9dada49e784601183eb3a1e1723ce2d4,,,
5,15,x[11],True,x[11],0.16129032258064513,9dada49e784601183eb3a1e1723ce2d4,,,
5,15,x[11],True,x[11],0.16129032258064513,9dada49e784601183eb3a1e1723ce2d4,,,
5,15,x[11],True,x[11],0.16129032258064513,9dada49e784601183eb3a1e1723ce2d4,,,
5,15,x[11],True,x[11],0.16129032258064513,9dada49e784601183eb3a1e1723ce2d4,,,
5,15,x[11],True,x[11],0.16129032258064513,9dada49e784601183eb3a1e1723ce2d4,,,
5,15,x[11],True,x[11],0.16129032258064513,9dada49e784601183eb3a1e1723ce2d4,,,
5,15,x[11],True,x[11],0.16129032258064513,9dada49e784601183eb3a1e1723ce2d4,,,
5,15,x[11],True,x[11],0.16129032258064513,9dada49e784601183eb3a1e1723ce2d4,,,
5,15,x[11],True,x[11],0.16129032258064513,9dada49e784601183eb3a1e1723ce2d4,,,
5,15,x[11],True,x[11],0.16129032258064513,9dada49e784601183eb3a1e1723ce2d4,,,
5,15,x[11],True,x[11],0.16129032258064513,9dada49e784601183eb3a1e1723ce2d4,,,
5,16,x[11],True,x[11],0.16129032258064513,9dada49e784601183eb3a1e1723ce2d4,,,
5,16,x[11],True,x[11],0.16129032258064513,9dada49e784601183eb3a1e1723ce2d4,,,
5,16,x[11],True,x[11],0.16129032258064513,9dada49e784601183eb3a1e1723ce2d4,,,
5,16,x[11],True,x[11],0.16129032258064513,9dada49e784601183eb3a1e1723ce2d4,,,
5,16,x[11],True,x[11],0.16129032258064513,9dada49e784601183eb3a1e1723ce2d4,,,
5,16,x[11],True,x[11],0.16129032258064513,9dada49e784601183eb3a1e1723ce2d4,,,
5,16,x[11],True,x[11],0.16129032258064513,9dada49e784601183eb3a1e1723ce2d4,,,
5,16,x[11],True,x[11],0.16129032258064513,9dada49e784601183eb3a1e1723ce2d4,,,
5,16,x[11],True,x[11],0.16129032258064513,9dada49e784601183eb3a1e1723ce2d4,,,
5,16,x[11],True,x[11],0.16129032258064513,9dada49e784601183eb3a1e1723ce2d4,,,
5,16,x[11],True,x[11],0.16129032258064513,9dada49e784601183eb3a1e1723ce2d4,,,
5,16,x[11],True,x[11],0.16129032258064513,9dada49e784601183eb3a1e1723ce2d4,,,
5,16,x[11],True,x[11],0.16129032258064513,9dada49e784601183eb3a1e1723ce2d4,,,
5,16,x[11],True,x[11],0.16129032258064513,9dada49e784601183eb3a1e1723ce2d4,,,
5,16,x[9],True,x[9],0.2338709677419355,2e0260aa627dff742f7c723c8367e701,,,
5,16,x[11],True,x[11],0.16129032258064513,9dada49e784601183eb3a1e1723ce2d4,,,
5,16,x[11],True,x[11],0.16129032258064513,9dada49e784601183eb3a1e1723ce2d4,,,
5,16,x[11],True,x[11],0.16129032258064513,9dada49e784601183eb3a1e1723ce2d4,,,
5,16,x[11],True,x[11],0.16129032258064513,9dada49e784601183eb3a1e1723ce2d4,,,
5,16,x[11],True,x[11],0.16129032258064513,9dada49e784601183eb3a1e1723ce2d4,,,
5,16,x[11],True,x[11],0.16129032258064513,9dada49e784601183eb3a1e1723ce2d4,,,
5,16,x[11],True,x[11],0.16129032258064513,9dada49e784601183eb3a1e1723ce2d4,,,
5,16,x[11],True,x[11],0.16129032258064513,9dada49e784601183eb3a1e1723ce2d4,,,
5,16,x[11],True,x[11],0.16129032258064513,9dada49e784601183eb3a1e1723ce2d4,,,
5,16,x[11],True,x[11],0.16129032258064513,9dada49e784601183eb3a1e1723ce2d4,,,
5,16,x[11],True,x[11],0.16129032258064513,9dada49e784601183eb3a1e1723ce2d4,,,
5,16,x[11],True,x[11],0.16129032258064513,9dada49e784601183eb3a1e1723ce2d4,,,
5,16,x[11],True,x[11],0.16129032258064513,9dada49e784601183eb3a1e1723ce2d4,,,
5,16,x[11],True,x[11],0.16129032258064513,9dada49e784601183eb3a1e1723ce2d4,,,
5,16,x[11],True,x[11],0.16129032258064513,9dada49e784601183eb3a1e1723ce2d4,,,
5,16,x[9],True,x[9],0.2338709677419355,2e0260aa627dff742f7c723c8367e701,,,
5,16,x[11],True,x[11],0.16129032258064513,9dada49e784601183eb3a1e1723ce2d4,,,
5,16,x[11],True,x[11],0.16129032258064513,9dada49e784601183eb3a1e1723ce2d4,,,
5,16,x[11],True,x[11],0.16129032258064513,9dada49e784601183eb3a1e1723ce2d4,,,
5,16,x[11],True,x[11],0.16129032258064513,9dada49e784601183eb3a1e1723ce2d4,,,
5,16,x[11],True,x[11],0.16129032258064513,9dada49e784601183eb3a1e1723ce2d4,,,
5,16,x[10],True,x[10],0.24193548387096775,7424f049dcd7de48c5ec487367408f4f,,,
5,16,x[11],True,x[11],0.16129032258064513,9dada49e784601183eb3a1e1723ce2d4,,,
5,16,x[11],True,x[11],0.16129032258064513,9dada49e784601183eb3a1e1723ce2d4,,,
5,16,x[11],True,x[11],0.16129032258064513,9dada49e784601183eb3a1e1723ce2d4,,,
5,16,x[11],True,x[11],0.16129032258064513,9dada49e784601183eb3a1e1723ce2d4,,,
5,16,x[11],True,x[11],0.16129032258064513,9dada49e784601183eb3a1e1723ce2d4,,,
5,16,x[11],True,x[11],0.16129032258064513,9dada49e784601183eb3a1e1723ce2d4,,,
5,16,x[11],True,x[11],0.16129032258064513,9dada49e784601183eb3a1e1723ce2d4,,,
5,16,x[11],True,x[11],0.16129032258064513,9dada49e784601183eb3a1e1723ce2d4,,,
5,16,x[11],True,x[11],0.16129032258064513,9dada49e784601183eb3a1e1723ce2d4,,,
5,16,x[11],True,x[11],0.16129032258064513,9dada49e784601183eb3a1e1723ce2d4,,,
5,16,x[11],True,x[11],0.16129032258064513,9dada49e784601183eb3a1e1723ce2d4,,,
5,16,x[11],True,x[11],0.16129032258064513,9dada49e784601183eb3a1e1723ce2d4,,,
5,16,x[11],True,x[11],0.16129032258064513,9dada49e784601183eb3a1e1723ce2d4,,,
5,16,x[11],True,x[11],0.16129032258064513,9dada49e784601183eb3a1e1723ce2d4,,,
5,16,x[11],True,x[11],0.16129032258064513,9dada49e784601183eb3a1e1723ce2d4,,,
5,16,x[17],True,x[17],0.217741935483871,078a7ef4b1d424e54e976f158f2a5fa5,,,
5,16,x[11],True,x[11],0.16129032258064513,9dada49e784601183eb3a1e1723ce2d4,,,
5,16,x[11],True,x[11],0.16129032258064513,9dada49e784601183eb3a1e1723ce2d4,,,
5,16,x[11],True,x[11],0.16129032258064513,9dada49e784601183eb3a1e1723ce2d4,,,
5,16,x[11],True,x[11],0.16129032258064513,9dada49e784601183eb3a1e1723ce2d4,,,
5,16,x[11],True,x[11],0.16129032258064513,9dada49e784601183eb3a1e1723ce2d4,,,
5,16,x[11],True,x[11],0.16129032258064513,9dada49e784601183eb3a1e1723ce2d4,,,
5,16,x[11],True,x[11],0.16129032258064513,9dada49e784601183eb3a1e1723ce2d4,,,
5,16,x[11],True,x[11],0.16129032258064513,9dada49e784601183eb3a1e1723ce2d4,,,
5,16,x[11],True,x[11],0.16129032258064513,9dada49e784601183eb3a1e1723ce2d4,,,
5,16,x[11],True,x[11],0.16129032258064513,9dada49e784601183eb3a1e1723ce2d4,,,
5,16,x[11],True,x[11],0.16129032258064513,9dada49e784601183eb3a1e1723ce2d4,,,
5,16,x[11],True,x[11],0.16129032258064513,9dada49e784601183eb3a1e1723ce2d4,,,
5,16,x[11],True,x[11],0.16129032258064513,9dada49e784601183eb3a1e1723ce2d4,,,
5,16,x[11],True,x[11],0.16129032258064513,9dada49e784601183eb3a1e1723ce2d4,,,
5,16,x[11],True,x[11],0.16129032258064513,9dada49e784601183eb3a1e1723ce2d4,,,
5,16,x[11],True,x[11],0.16129032258064513,9dada49e784601183eb3a1e1723ce2d4,,,
5,16,x[11],True,x[11],0.16129032258064513,9dada49e784601183eb3a1e1723ce2d4,,,
5,16,x[11],True,x[11],0.16129032258064513,9dada49e784601183eb3a1e1723ce2d4,,,
5,16,x[11],True,x[11],0.16129032258064513,9dada49e784601183eb3a1e1723ce2d4,,,
5,16,x[11],True,x[11],0.16129032258064513,9dada49e784601183eb3a1e1723ce2d4,,,
5,16,x[11],True,x[11],0.16129032258064513,9dada49e784601183eb3a1e1723ce2d4,,,
5,16,x[11],True,x[11],0.16129032258064513,9dada49e784601183eb3a1e1723ce2d4,,,
5,16,x[11],True,x[11],0.16129032258064513,9dada49e784601183eb3a1e1723ce2d4,,,
5,16,x[11],True,x[11],0.16129032258064513,9dada49e784601183eb3a1e1723ce2d4,,,
5,16,x[9],True,x[9],0.2338709677419355,2e0260aa627dff742f7c723c8367e701,,,
5,16,x[11],True,x[11],0.16129032258064513,9dada49e784601183eb3a1e1723ce2d4,,,
5,16,x[11],True,x[11],0.16129032258064513,9dada49e784601183eb3a1e1723ce2d4,,,
5,16,x[11],True,x[11],0.16129032258064513,9dada49e784601183eb3a1e1723ce2d4,,,
5,16,x[11],True,x[11],0.16129032258064513,9dada49e784601183eb3a1e1723ce2d4,,,
5,16,x[11],True,x[11],0.16129032258064513,9dada49e784601183eb3a1e1723ce2d4,,,
5,16,x[11],True,x[11],0.16129032258064513,9dada49e784601183eb3a1e1723ce2d4,,,
5,16,x[11],True,x[11],0.16129032258064513,9dada49e784601183eb3a1e1723ce2d4,,,
5,16,x[11],True,x[11],0.16129032258064513,9dada49e784601183eb3a1e1723ce2d4,,,
5,16,x[11],True,x[11],0.16129032258064513,9dada49e784601183eb3a1e1723ce2d4,,,
5,16,x[11],True,x[11],0.16129032258064513,9dada49e784601183eb3a1e1723ce2d4,,,
5,16,x[11],True,x[11],0.16129032258064513,9dada49e784601183eb3a1e1723ce2d4,,,
5,16,x[11],True,x[11],0.16129032258064513,9dada49e784601183eb3a1e1723ce2d4,,,
5,16,x[11],True,x[11],0.16129032258064513,9dada49e784601183eb3a1e1723ce2d4,,,
5,16,x[11],True,x[11],0.16129032258064513,9dada49e784601183eb3a1e1723ce2d4,,,
5,16,x[11],True,x[11],0.16129032258064513,9dada49e784601183eb3a1e1723ce2d4,,,
5,16,x[13],True,x[13],0.217741935483871,060f7b59fcb1852e9befb4d0292eca15,,,
5,16,x[11],True,x[11],0.16129032258064513,9dada49e784601183eb3a1e1723ce2d4,,,
5,16,x[11],True,x[11],0.16129032258064513,9dada49e784601183eb3a1e1723ce2d4,,,
5,16,x[11],True,x[11],0.16129032258064513,9dada49e784601183eb3a1e1723ce2d4,,,
5,16,x[11],True,x[11],0.16129032258064513,9dada49e784601183eb3a1e1723ce2d4,,,
5,16,x[11],True,x[11],0.16129032258064513,9dada49e784601183eb3a1e1723ce2d4,,,
5,16,x[11],True,x[11],0.16129032258064513,9dada49e784601183eb3a1e1723ce2d4,,,
5,16,x[11],True,x[11],0.16129032258064513,9dada49e784601183eb3a1e1723ce2d4,,,
5,16,x[11],True,x[11],0.16129032258064513,9dada49e784601183eb3a1e1723ce2d4,,,
5,16,x[11],True,x[11],0.16129032258064513,9dada49e784601183eb3a1e1723ce2d4,,,
5,16,x[11],True,x[11],0.16129032258064513,9dada49e784601183eb3a1e1723ce2d4,,,
5,16,x[11],True,x[11],0.16129032258064513,9dada49e784601183eb3a1e1723ce2d4,,,
5,16,x[11],True,x[11],0.16129032258064513,9dada49e784601183eb3a1e1723ce2d4,,,
5,16,x[11],True,x[11],0.16129032258064513,9dada49e784601183eb3a1e1723ce2d4,,,
5,16,x[9],True,x[9],0.2338709677419355,2e0260aa627dff742f7c723c8367e701,,,
5,16,x[11],True,x[11],0.16129032258064513,9dada49e784601183eb3a1e1723ce2d4,,,
5,16,x[11],True,x[11],0.16129032258064513,9dada49e784601183eb3a1e1723ce2d4,,,
5,16,x[1],True,x[1],0.685483870967742,48150b63a14de07ac8ada4efd9d4896c,,,
5,16,x[11],True,x[11],0.16129032258064513,9dada49e784601183eb3a1e1723ce2d4,,,
5,16,x[11],True,x[11],0.16129032258064513,9dada49e784601183eb3a1e1723ce2d4,,,
5,16,x[11],True,x[11],0.16129032258064513,9dada49e784601183eb3a1e1723ce2d4,,,
5,16,x[11],True,x[11],0.16129032258064513,9dada49e784601183eb3a1e1723ce2d4,,,
5,16,x[11],True,x[11],0.16129032258064513,9dada49e784601183eb3a1e1723ce2d4,,,
5,16,x[11],True,x[11],0.16129032258064513,9dada49e784601183eb3a1e1723ce2d4,,,
5,16,x[12],True,x[12],0.18548387096774188,0d372214e94f96a8c686509e4d084014,,,
5,16,x[11],True,x[11],0.16129032258064513,9dada49e784601183eb3a1e1723ce2d4,,,
5,16,x[11],True,x[11],0.16129032258064513,9dada49e784601183eb3a1e1723ce2d4,,,
5,16,x[11],True,x[11],0.16129032258064513,9dada49e784601183eb3a1e1723ce2d4,,,
5,16,x[11],True,x[11],0.16129032258064513,9dada49e784601183eb3a1e1723ce2d4,,,
5,16,x[11],True,x[11],0.16129032258064513,9dada49e784601183eb3a1e1723ce2d4,,,
5,16,x[11],True,x[11],0.16129032258064513,9dada49e784601183eb3a1e1723ce2d4,,,
5,16,x[11],True,x[11],0.16129032258064513,9dada49e784601183eb3a1e1723ce2d4,,,
5,16,x[11],True,x[11],0.16129032258064513,9dada49e784601183eb3a1e1723ce2d4,,,
5,16,x[11],True,x[11],0.16129032258064513,9dada49e784601183eb3a1e1723ce2d4,,,
5,16,x[11],True,x[11],0.16129032258064513,9dada49e784601183eb3a1e1723ce2d4,,,
5,16,x[11],True,x[11],0.16129032258064513,9dada49e784601183eb3a1e1723ce2d4,,,
5,16,x[11],True,x[11],0.16129032258064513,9dada49e784601183eb3a1e1723ce2d4,,,
5,16,x[11],True,x[11],0.16129032258064513,9dada49e784601183eb3a1e1723ce2d4,,,
5,16,x[11],True,x[11],0.16129032258064513,9dada49e784601183eb3a1e1723ce2d4,,,
5,16,x[11],True,x[11],0.16129032258064513,9dada49e784601183eb3a1e1723ce2d4,,,
5,16,x[11],True,x[11],0.16129032258064513,9dada49e784601183eb3a1e1723ce2d4,,,
5,16,x[11],True,x[11],0.16129032258064513,9dada49e784601183eb3a1e1723ce2d4,,,
5,16,x[11],True,x[11],0.16129032258064513,9dada49e784601183eb3a1e1723ce2d4,,,
5,16,x[11],True,x[11],0.16129032258064513,9dada49e784601183eb3a1e1723ce2d4,,,
5,16,x[11],True,x[11],0.16129032258064513,9dada49e784601183eb3a1e1723ce2d4,,,
5,16,x[11],True,x[11],0.16129032258064513,9dada49e784601183eb3a1e1723ce2d4,,,
5,16,x[11],True,x[11],0.16129032258064513,9dada49e784601183eb3a1e1723ce2d4,,,
5,16,x[11],True,x[11],0.16129032258064513,9dada49e784601183eb3a1e1723ce2d4,,,
5,16,x[11],True,x[11],0.16129032258064513,9dada49e784601183eb3a1e1723ce2d4,,,
5,16,not_(x[6]),True,not_(x[6]),0.6935483870967742,8839f1dc0ffff756798ecf146867846d,,,
5,16,x[11],True,x[11],0.16129032258064513,9dada49e784601183eb3a1e1723ce2d4,,,
5,16,x[11],True,x[11],0.16129032258064513,9dada49e784601183eb3a1e1723ce2d4,,,
5,16,x[11],True,x[11],0.16129032258064513,9dada49e784601183eb3a1e1723ce2d4,,,
5,16,x[11],True,x[11],0.16129032258064513,9dada49e784601183eb3a1e1723ce2d4,,,
5,16,x[11],True,x[11],0.16129032258064513,9dada49e784601183eb3a1e1723ce2d4,,,
5,16,x[11],True,x[11],0.16129032258064513,9dada49e784601183eb3a1e1723ce2d4,,,
5,16,x[11],True,x[11],0.16129032258064513,9dada49e784601183eb3a1e1723ce2d4,,,
5,16,x[11],True,x[11],0.16129032258064513,9dada49e784601183eb3a1e1723ce2d4,,,
5,16,x[11],True,x[11],0.16129032258064513,9dada49e784601183eb3a1e1723ce2d4,,,
5,16,x[11],True,x[11],0.16129032258064513,9dada49e784601183eb3a1e1723ce2d4,,,
5,16,x[11],True,x[11],0.16129032258064513,9dada49e784601183eb3a1e1723ce2d4,,,
5,16,x[11],True,x[11],0.16129032258064513,9dada49e784601183eb3a1e1723ce2d4,,,
5,16,x[13],True,x[13],0.217741935483871,060f7b59fcb1852e9befb4d0292eca15,,,
5,16,x[11],True,x[11],0.16129032258064513,9dada49e784601183eb3a1e1723ce2d4,,,
5,16,x[11],True,x[11],0.16129032258064513,9dada49e784601183eb3a1e1723ce2d4,,,
5,16,x[11],True,x[11],0.16129032258064513,9dada49e784601183eb3a1e1723ce2d4,,,
5,16,x[11],True,x[11],0.16129032258064513,9dada49e784601183eb3a1e1723ce2d4,,,
5,16,x[11],True,x[11],0.16129032258064513,9dada49e784601183eb3a1e1723ce2d4,,,
5,16,x[11],True,x[11],0.16129032258064513,9dada49e784601183eb3a1e1723ce2d4,,,
5,16,x[12],True,x[12],0.18548387096774188,0d372214e94f96a8c686509e4d084014,,,
5,16,x[11],True,x[11],0.16129032258064513,9dada49e784601183eb3a1e1723ce2d4,,,
5,16,x[11],True,x[11],0.16129032258064513,9dada49e784601183eb3a1e1723ce2d4,,,
5,16,x[11],True,x[11],0.16129032258064513,9dada49e784601183eb3a1e1723ce2d4,,,
5,16,x[11],True,x[11],0.16129032258064513,9dada49e784601183eb3a1e1723ce2d4,,,
5,16,x[11],True,x[11],0.16129032258064513,9dada49e784601183eb3a1e1723ce2d4,,,
5,16,x[11],True,x[11],0.16129032258064513,9dada49e784601183eb3a1e1723ce2d4,,,
5,16,x[11],True,x[11],0.16129032258064513,9dada49e784601183eb3a1e1723ce2d4,,,
5,16,x[11],True,x[11],0.16129032258064513,9dada49e784601183eb3a1e1723ce2d4,,,
5,16,x[11],True,x[11],0.16129032258064513,9dada49e784601183eb3a1e1723ce2d4,,,
5,16,x[11],True,x[11],0.16129032258064513,9dada49e784601183eb3a1e1723ce2d4,,,
5,16,x[11],True,x[11],0.16129032258064513,9dada49e784601183eb3a1e1723ce2d4,,,
5,16,x[1],True,x[1],0.685483870967742,48150b63a14de07ac8ada4efd9d4896c,,,
5,16,x[11],True,x[11],0.16129032258064513,9dada49e784601183eb3a1e1723ce2d4,,,
5,16,"not_(and_(or_(and_(x[4],x[12]),or_(x[17],x[17])),x[12]))",True,not_(x[12]),0.814516129032258,32f35d718795303ec1ec128f1bc8295b,,,
5,16,x[11],True,x[11],0.16129032258064513,9dada49e784601183eb3a1e1723ce2d4,,,
5,16,x[11],True,x[11],0.16129032258064513,9dada49e784601183eb3a1e1723ce2d4,,,
5,16,x[11],True,x[11],0.16129032258064513,9dada49e784601183eb3a1e1723ce2d4,,,
5,16,x[11],True,x[11],0.16129032258064513,9dada49e784601183eb3a1e1723ce2d4,,,
5,16,x[11],True,x[11],0.16129032258064513,9dada49e784601183eb3a1e1723ce2d4,,,
5,16,x[16],True,x[16],0.217741935483871,2b4aec85a499a1f7baf764b48bcf9178,,,
5,16,x[13],True,x[13],0.217741935483871,060f7b59fcb1852e9befb4d0292eca15,,,
5,16,x[11],True,x[11],0.16129032258064513,9dada49e784601183eb3a1e1723ce2d4,,,
5,16,x[11],True,x[11],0.16129032258064513,9dada49e784601183eb3a1e1723ce2d4,,,
5,16,x[11],True,x[11],0.16129032258064513,9dada49e784601183eb3a1e1723ce2d4,,,
5,16,x[11],True,x[11],0.16129032258064513,9dada49e784601183eb3a1e1723ce2d4,,,
5,16,x[11],True,x[11],0.16129032258064513,9dada49e784601183eb3a1e1723ce2d4,,,
5,16,x[11],True,x[11],0.16129032258064513,9dada49e784601183eb3a1e1723ce2d4,,,
5,16,x[11],True,x[11],0.16129032258064513,9dada49e784601183eb3a1e1723ce2d4,,,
5,16,x[11],True,x[11],0.16129032258064513,9dada49e784601183eb3a1e1723ce2d4,,,
5,16,x[11],True,x[11],0.16129032258064513,9dada49e784601183eb3a1e1723ce2d4,,,
5,16,x[11],True,x[11],0.16129032258064513,9dada49e784601183eb3a1e1723ce2d4,,,
5,16,x[11],True,x[11],0.16129032258064513,9dada49e784601183eb3a1e1723ce2d4,,,
5,16,x[11],True,x[11],0.16129032258064513,9dada49e784601183eb3a1e1723ce2d4,,,
5,16,x[11],True,x[11],0.16129032258064513,9dada49e784601183eb3a1e1723ce2d4,,,
5,16,x[11],True,x[11],0.16129032258064513,9dada49e784601183eb3a1e1723ce2d4,,,
5,16,x[11],True,x[11],0.16129032258064513,9dada49e784601183eb3a1e1723ce2d4,,,
5,16,x[11],True,x[11],0.16129032258064513,9dada49e784601183eb3a1e1723ce2d4,,,
5,16,x[15],True,x[15],0.22580645161290325,301bd409bd67cc588ceaa53a6f5220a4,,,
5,16,x[11],True,x[11],0.16129032258064513,9dada49e784601183eb3a1e1723ce2d4,,,
5,16,x[11],True,x[11],0.16129032258064513,9dada49e784601183eb3a1e1723ce2d4,,,
5,16,x[11],True,x[11],0.16129032258064513,9dada49e784601183eb3a1e1723ce2d4,,,
5,16,x[11],True,x[11],0.16129032258064513,9dada49e784601183eb3a1e1723ce2d4,,,
5,16,x[16],True,x[16],0.217741935483871,2b4aec85a499a1f7baf764b48bcf9178,,,
5,16,x[11],True,x[11],0.16129032258064513,9dada49e784601183eb3a1e1723ce2d4,,,
5,16,x[11],True,x[11],0.16129032258064513,9dada49e784601183eb3a1e1723ce2d4,,,
5,16,x[11],True,x[11],0.16129032258064513,9dada49e784601183eb3a1e1723ce2d4,,,
5,16,x[11],True,x[11],0.16129032258064513,9dada49e784601183eb3a1e1723ce2d4,,,
5,16,x[11],True,x[11],0.16129032258064513,9dada49e784601183eb3a1e1723ce2d4,,,
5,16,x[11],True,x[11],0.16129032258064513,9dada49e784601183eb3a1e1723ce2d4,,,
5,16,x[11],True,x[11],0.16129032258064513,9dada49e784601183eb3a1e1723ce2d4,,,
5,16,x[11],True,x[11],0.16129032258064513,9dada49e784601183eb3a1e1723ce2d4,,,
5,16,x[11],True,x[11],0.16129032258064513,9dada49e784601183eb3a1e1723ce2d4,,,
5,16,x[11],True,x[11],0.16129032258064513,9dada49e784601183eb3a1e1723ce2d4,,,
5,16,x[11],True,x[11],0.16129032258064513,9dada49e784601183eb3a1e1723ce2d4,,,
5,16,x[11],True,x[11],0.16129032258064513,9dada49e784601183eb3a1e1723ce2d4,,,
5,16,x[4],True,x[4],0.49193548387096775,c062f6f76dec194bafe0ddbf91add8d9,,,
5,16,x[11],True,x[11],0.16129032258064513,9dada49e784601183eb3a1e1723ce2d4,,,
5,16,x[11],True,x[11],0.16129032258064513,9dada49e784601183eb3a1e1723ce2d4,,,
5,16,x[11],True,x[11],0.16129032258064513,9dada49e784601183eb3a1e1723ce2d4,,,
5,16,x[11],True,x[11],0.16129032258064513,9dada49e784601183eb3a1e1723ce2d4,,,
5,16,x[11],True,x[11],0.16129032258064513,9dada49e784601183eb3a1e1723ce2d4,,,
5,16,x[18],True,x[18],0.6451612903225806,6a4c84e0915d9d2b86d121e994683436,,,
5,16,x[11],True,x[11],0.16129032258064513,9dada49e784601183eb3a1e1723ce2d4,,,
5,16,x[11],True,x[11],0.16129032258064513,9dada49e784601183eb3a1e1723ce2d4,,,
5,16,x[11],True,x[11],0.16129032258064513,9dada49e784601183eb3a1e1723ce2d4,,,
5,16,x[11],True,x[11],0.16129032258064513,9dada49e784601183eb3a1e1723ce2d4,,,
5,16,x[11],True,x[11],0.16129032258064513,9dada49e784601183eb3a1e1723ce2d4,,,
5,16,x[11],True,x[11],0.16129032258064513,9dada49e784601183eb3a1e1723ce2d4,,,
5,16,x[11],True,x[11],0.16129032258064513,9dada49e784601183eb3a1e1723ce2d4,,,
5,16,x[11],True,x[11],0.16129032258064513,9dada49e784601183eb3a1e1723ce2d4,,,
5,16,x[11],True,x[11],0.16129032258064513,9dada49e784601183eb3a1e1723ce2d4,,,
5,16,x[11],True,x[11],0.16129032258064513,9dada49e784601183eb3a1e1723ce2d4,,,
5,16,x[11],True,x[11],0.16129032258064513,9dada49e784601183eb3a1e1723ce2d4,,,
5,16,x[11],True,x[11],0.16129032258064513,9dada49e784601183eb3a1e1723ce2d4,,,
5,16,x[11],True,x[11],0.16129032258064513,9dada49e784601183eb3a1e1723ce2d4,,,
5,16,x[11],True,x[11],0.16129032258064513,9dada49e784601183eb3a1e1723ce2d4,,,
5,16,x[11],True,x[11],0.16129032258064513,9dada49e784601183eb3a1e1723ce2d4,,,
5,16,x[18],True,x[18],0.6451612903225806,6a4c84e0915d9d2b86d121e994683436,,,
5,16,x[11],True,x[11],0.16129032258064513,9dada49e784601183eb3a1e1723ce2d4,,,
5,16,x[11],True,x[11],0.16129032258064513,9dada49e784601183eb3a1e1723ce2d4,,,
5,16,x[11],True,x[11],0.16129032258064513,9dada49e784601183eb3a1e1723ce2d4,,,
5,16,x[11],True,x[11],0.16129032258064513,9dada49e784601183eb3a1e1723ce2d4,,,
5,16,x[11],True,x[11],0.16129032258064513,9dada49e784601183eb3a1e1723ce2d4,,,
5,16,x[11],True,x[11],0.16129032258064513,9dada49e784601183eb3a1e1723ce2d4,,,
5,16,x[11],True,x[11],0.16129032258064513,9dada49e784601183eb3a1e1723ce2d4,,,
5,16,x[11],True,x[11],0.16129032258064513,9dada49e784601183eb3a1e1723ce2d4,,,
5,16,x[11],True,x[11],0.16129032258064513,9dada49e784601183eb3a1e1723ce2d4,,,
5,16,x[11],True,x[11],0.16129032258064513,9dada49e784601183eb3a1e1723ce2d4,,,
5,16,x[11],True,x[11],0.16129032258064513,9dada49e784601183eb3a1e1723ce2d4,,,
5,16,x[1],True,x[1],0.685483870967742,48150b63a14de07ac8ada4efd9d4896c,,,
5,16,x[11],True,x[11],0.16129032258064513,9dada49e784601183eb3a1e1723ce2d4,,,
5,16,x[11],True,x[11],0.16129032258064513,9dada49e784601183eb3a1e1723ce2d4,,,
5,16,x[13],True,x[13],0.217741935483871,060f7b59fcb1852e9befb4d0292eca15,,,
5,16,x[11],True,x[11],0.16129032258064513,9dada49e784601183eb3a1e1723ce2d4,,,
5,16,x[11],True,x[11],0.16129032258064513,9dada49e784601183eb3a1e1723ce2d4,,,
5,16,x[11],True,x[11],0.16129032258064513,9dada49e784601183eb3a1e1723ce2d4,,,
5,16,x[11],True,x[11],0.16129032258064513,9dada49e784601183eb3a1e1723ce2d4,,,
5,16,x[11],True,x[11],0.16129032258064513,9dada49e784601183eb3a1e1723ce2d4,,,
5,16,x[11],True,x[11],0.16129032258064513,9dada49e784601183eb3a1e1723ce2d4,,,
5,16,x[11],True,x[11],0.16129032258064513,9dada49e784601183eb3a1e1723ce2d4,,,
5,16,x[11],True,x[11],0.16129032258064513,9dada49e784601183eb3a1e1723ce2d4,,,
5,16,x[11],True,x[11],0.16129032258064513,9dada49e784601183eb3a1e1723ce2d4,,,
5,16,x[11],True,x[11],0.16129032258064513,9dada49e784601183eb3a1e1723ce2d4,,,
5,16,x[11],True,x[11],0.16129032258064513,9dada49e784601183eb3a1e1723ce2d4,,,
5,16,x[11],True,x[11],0.16129032258064513,9dada49e784601183eb3a1e1723ce2d4,,,
5,16,x[11],True,x[11],0.16129032258064513,9dada49e784601183eb3a1e1723ce2d4,,,
5,16,x[11],True,x[11],0.16129032258064513,9dada49e784601183eb3a1e1723ce2d4,,,
5,16,x[11],True,x[11],0.16129032258064513,9dada49e784601183eb3a1e1723ce2d4,,,
5,16,x[11],True,x[11],0.16129032258064513,9dada49e784601183eb3a1e1723ce2d4,,,
5,16,x[11],True,x[11],0.16129032258064513,9dada49e784601183eb3a1e1723ce2d4,,,
5,16,x[11],True,x[11],0.16129032258064513,9dada49e784601183eb3a1e1723ce2d4,,,
5,16,x[11],True,x[11],0.16129032258064513,9dada49e784601183eb3a1e1723ce2d4,,,
5,16,x[11],True,x[11],0.16129032258064513,9dada49e784601183eb3a1e1723ce2d4,,,
5,16,x[11],True,x[11],0.16129032258064513,9dada49e784601183eb3a1e1723ce2d4,,,
5,16,x[11],True,x[11],0.16129032258064513,9dada49e784601183eb3a1e1723ce2d4,,,
5,16,x[11],True,x[11],0.16129032258064513,9dada49e784601183eb3a1e1723ce2d4,,,
5,16,x[9],True,x[9],0.2338709677419355,2e0260aa627dff742f7c723c8367e701,,,
5,16,x[11],True,x[11],0.16129032258064513,9dada49e784601183eb3a1e1723ce2d4,,,
5,16,x[11],True,x[11],0.16129032258064513,9dada49e784601183eb3a1e1723ce2d4,,,
5,16,x[11],True,x[11],0.16129032258064513,9dada49e784601183eb3a1e1723ce2d4,,,
5,16,x[11],True,x[11],0.16129032258064513,9dada49e784601183eb3a1e1723ce2d4,,,
5,16,x[11],True,x[11],0.16129032258064513,9dada49e784601183eb3a1e1723ce2d4,,,
5,16,x[11],True,x[11],0.16129032258064513,9dada49e784601183eb3a1e1723ce2d4,,,
5,16,x[11],True,x[11],0.16129032258064513,9dada49e784601183eb3a1e1723ce2d4,,,
5,16,x[11],True,x[11],0.16129032258064513,9dada49e784601183eb3a1e1723ce2d4,,,
5,16,x[11],True,x[11],0.16129032258064513,9dada49e784601183eb3a1e1723ce2d4,,,
5,16,x[11],True,x[11],0.16129032258064513,9dada49e784601183eb3a1e1723ce2d4,,,
5,16,x[11],True,x[11],0.16129032258064513,9dada49e784601183eb3a1e1723ce2d4,,,
5,16,x[11],True,x[11],0.16129032258064513,9dada49e784601183eb3a1e1723ce2d4,,,
5,16,x[11],True,x[11],0.16129032258064513,9dada49e784601183eb3a1e1723ce2d4,,,
5,16,x[11],True,x[11],0.16129032258064513,9dada49e784601183eb3a1e1723ce2d4,,,
5,16,x[11],True,x[11],0.16129032258064513,9dada49e784601183eb3a1e1723ce2d4,,,
5,16,x[11],True,x[11],0.16129032258064513,9dada49e784601183eb3a1e1723ce2d4,,,
5,16,x[11],True,x[11],0.16129032258064513,9dada49e784601183eb3a1e1723ce2d4,,,
5,16,x[11],True,x[11],0.16129032258064513,9dada49e784601183eb3a1e1723ce2d4,,,
5,16,x[11],True,x[11],0.16129032258064513,9dada49e784601183eb3a1e1723ce2d4,,,
5,16,x[11],True,x[11],0.16129032258064513,9dada49e784601183eb3a1e1723ce2d4,,,
5,16,x[11],True,x[11],0.16129032258064513,9dada49e784601183eb3a1e1723ce2d4,,,
5,16,x[11],True,x[11],0.16129032258064513,9dada49e784601183eb3a1e1723ce2d4,,,
5,16,x[11],True,x[11],0.16129032258064513,9dada49e784601183eb3a1e1723ce2d4,,,
5,16,x[11],True,x[11],0.16129032258064513,9dada49e784601183eb3a1e1723ce2d4,,,
5,16,x[14],True,x[14],0.22580645161290325,5184b187f6f474f266ff1a9e52a8b41f,,,
5,16,x[11],True,x[11],0.16129032258064513,9dada49e784601183eb3a1e1723ce2d4,,,
5,16,x[11],True,x[11],0.16129032258064513,9dada49e784601183eb3a1e1723ce2d4,,,
5,16,x[13],True,x[13],0.217741935483871,060f7b59fcb1852e9befb4d0292eca15,,,
5,16,x[11],True,x[11],0.16129032258064513,9dada49e784601183eb3a1e1723ce2d4,,,
5,16,x[11],True,x[11],0.16129032258064513,9dada49e784601183eb3a1e1723ce2d4,,,
5,16,x[11],True,x[11],0.16129032258064513,9dada49e784601183eb3a1e1723ce2d4,,,
5,16,x[11],True,x[11],0.16129032258064513,9dada49e784601183eb3a1e1723ce2d4,,,
5,16,x[11],True,x[11],0.16129032258064513,9dada49e784601183eb3a1e1723ce2d4,,,
5,16,x[15],True,x[15],0.22580645161290325,301bd409bd67cc588ceaa53a6f5220a4,,,
5,16,x[11],True,x[11],0.16129032258064513,9dada49e784601183eb3a1e1723ce2d4,,,
5,16,x[11],True,x[11],0.16129032258064513,9dada49e784601183eb3a1e1723ce2d4,,,
5,16,x[8],True,x[8],0.4354838709677419,8c6b56831adf589cc7ca352d27aafe6d,,,
5,16,x[11],True,x[11],0.16129032258064513,9dada49e784601183eb3a1e1723ce2d4,,,
5,16,x[6],True,x[6],0.30645161290322576,d902aea98596abf07e07d9c42be380bf,,,
5,16,x[11],True,x[11],0.16129032258064513,9dada49e784601183eb3a1e1723ce2d4,,,
5,16,x[12],True,x[12],0.18548387096774188,0d372214e94f96a8c686509e4d084014,,,
5,16,x[11],True,x[11],0.16129032258064513,9dada49e784601183eb3a1e1723ce2d4,,,
5,16,x[11],True,x[11],0.16129032258064513,9dada49e784601183eb3a1e1723ce2d4,,,
5,16,x[11],True,x[11],0.16129032258064513,9dada49e784601183eb3a1e1723ce2d4,,,
5,16,x[11],True,x[11],0.16129032258064513,9dada49e784601183eb3a1e1723ce2d4,,,
5,16,x[11],True,x[11],0.16129032258064513,9dada49e784601183eb3a1e1723ce2d4,,,
5,16,x[11],True,x[11],0.16129032258064513,9dada49e784601183eb3a1e1723ce2d4,,,
5,16,x[11],True,x[11],0.16129032258064513,9dada49e784601183eb3a1e1723ce2d4,,,
5,16,x[11],True,x[11],0.16129032258064513,9dada49e784601183eb3a1e1723ce2d4,,,
5,16,x[11],True,x[11],0.16129032258064513,9dada49e784601183eb3a1e1723ce2d4,,,
5,16,x[11],True,x[11],0.16129032258064513,9dada49e784601183eb3a1e1723ce2d4,,,
5,16,x[1],True,x[1],0.685483870967742,48150b63a14de07ac8ada4efd9d4896c,,,
5,16,x[11],True,x[11],0.16129032258064513,9dada49e784601183eb3a1e1723ce2d4,,,
5,16,x[11],True,x[11],0.16129032258064513,9dada49e784601183eb3a1e1723ce2d4,,,
5,16,x[11],True,x[11],0.16129032258064513,9dada49e784601183eb3a1e1723ce2d4,,,
5,16,x[11],True,x[11],0.16129032258064513,9dada49e784601183eb3a1e1723ce2d4,,,
5,16,x[11],True,x[11],0.16129032258064513,9dada49e784601183eb3a1e1723ce2d4,,,
5,16,x[11],True,x[11],0.16129032258064513,9dada49e784601183eb3a1e1723ce2d4,,,
5,16,x[11],True,x[11],0.16129032258064513,9dada49e784601183eb3a1e1723ce2d4,,,
5,16,x[11],True,x[11],0.16129032258064513,9dada49e784601183eb3a1e1723ce2d4,,,
5,16,x[11],True,x[11],0.16129032258064513,9dada49e784601183eb3a1e1723ce2d4,,,
5,16,x[11],True,x[11],0.16129032258064513,9dada49e784601183eb3a1e1723ce2d4,,,
5,16,x[11],True,x[11],0.16129032258064513,9dada49e784601183eb3a1e1723ce2d4,,,
5,16,x[11],True,x[11],0.16129032258064513,9dada49e784601183eb3a1e1723ce2d4,,,
5,16,x[11],True,x[11],0.16129032258064513,9dada49e784601183eb3a1e1723ce2d4,,,
5,16,x[11],True,x[11],0.16129032258064513,9dada49e784601183eb3a1e1723ce2d4,,,
5,16,x[16],True,x[16],0.217741935483871,2b4aec85a499a1f7baf764b48bcf9178,,,
5,16,x[11],True,x[11],0.16129032258064513,9dada49e784601183eb3a1e1723ce2d4,,,
5,16,x[11],True,x[11],0.16129032258064513,9dada49e784601183eb3a1e1723ce2d4,,,
5,16,x[11],True,x[11],0.16129032258064513,9dada49e784601183eb3a1e1723ce2d4,,,
5,16,x[11],True,x[11],0.16129032258064513,9dada49e784601183eb3a1e1723ce2d4,,,
5,16,x[11],True,x[11],0.16129032258064513,9dada49e784601183eb3a1e1723ce2d4,,,
5,16,x[11],True,x[11],0.16129032258064513,9dada49e784601183eb3a1e1723ce2d4,,,
5,16,x[11],True,x[11],0.16129032258064513,9dada49e784601183eb3a1e1723ce2d4,,,
5,16,x[11],True,x[11],0.16129032258064513,9dada49e784601183eb3a1e1723ce2d4,,,
5,16,x[11],True,x[11],0.16129032258064513,9dada49e784601183eb3a1e1723ce2d4,,,
5,16,x[11],True,x[11],0.16129032258064513,9dada49e784601183eb3a1e1723ce2d4,,,
5,16,x[11],True,x[11],0.16129032258064513,9dada49e784601183eb3a1e1723ce2d4,,,
5,16,x[11],True,x[11],0.16129032258064513,9dada49e784601183eb3a1e1723ce2d4,,,
5,16,x[11],True,x[11],0.16129032258064513,9dada49e784601183eb3a1e1723ce2d4,,,
5,17,x[11],True,x[11],0.16129032258064513,9dada49e784601183eb3a1e1723ce2d4,,,
5,17,x[11],True,x[11],0.16129032258064513,9dada49e784601183eb3a1e1723ce2d4,,,
5,17,x[11],True,x[11],0.16129032258064513,9dada49e784601183eb3a1e1723ce2d4,,,
5,17,x[11],True,x[11],0.16129032258064513,9dada49e784601183eb3a1e1723ce2d4,,,
5,17,x[11],True,x[11],0.16129032258064513,9dada49e784601183eb3a1e1723ce2d4,,,
5,17,x[11],True,x[11],0.16129032258064513,9dada49e784601183eb3a1e1723ce2d4,,,
5,17,x[11],True,x[11],0.16129032258064513,9dada49e784601183eb3a1e1723ce2d4,,,
5,17,x[11],True,x[11],0.16129032258064513,9dada49e784601183eb3a1e1723ce2d4,,,
5,17,x[10],True,x[10],0.24193548387096775,7424f049dcd7de48c5ec487367408f4f,,,
5,17,x[11],True,x[11],0.16129032258064513,9dada49e784601183eb3a1e1723ce2d4,,,
5,17,x[11],True,x[11],0.16129032258064513,9dada49e784601183eb3a1e1723ce2d4,,,
5,17,x[11],True,x[11],0.16129032258064513,9dada49e784601183eb3a1e1723ce2d4,,,
5,17,x[11],True,x[11],0.16129032258064513,9dada49e784601183eb3a1e1723ce2d4,,,
5,17,x[11],True,x[11],0.16129032258064513,9dada49e784601183eb3a1e1723ce2d4,,,
5,17,x[11],True,x[11],0.16129032258064513,9dada49e784601183eb3a1e1723ce2d4,,,
5,17,x[11],True,x[11],0.16129032258064513,9dada49e784601183eb3a1e1723ce2d4,,,
5,17,x[11],True,x[11],0.16129032258064513,9dada49e784601183eb3a1e1723ce2d4,,,
5,17,x[11],True,x[11],0.16129032258064513,9dada49e784601183eb3a1e1723ce2d4,,,
5,17,x[15],True,x[15],0.22580645161290325,301bd409bd67cc588ceaa53a6f5220a4,,,
5,17,x[11],True,x[11],0.16129032258064513,9dada49e784601183eb3a1e1723ce2d4,,,
5,17,x[11],True,x[11],0.16129032258064513,9dada49e784601183eb3a1e1723ce2d4,,,
5,17,x[11],True,x[11],0.16129032258064513,9dada49e784601183eb3a1e1723ce2d4,,,
5,17,x[11],True,x[11],0.16129032258064513,9dada49e784601183eb3a1e1723ce2d4,,,
5,17,x[1],True,x[1],0.685483870967742,48150b63a14de07ac8ada4efd9d4896c,,,
5,17,x[11],True,x[11],0.16129032258064513,9dada49e784601183eb3a1e1723ce2d4,,,
5,17,x[8],True,x[8],0.4354838709677419,8c6b56831adf589cc7ca352d27aafe6d,,,
5,17,x[11],True,x[11],0.16129032258064513,9dada49e784601183eb3a1e1723ce2d4,,,
5,17,x[11],True,x[11],0.16129032258064513,9dada49e784601183eb3a1e1723ce2d4,,,
5,17,x[11],True,x[11],0.16129032258064513,9dada49e784601183eb3a1e1723ce2d4,,,
5,17,x[11],True,x[11],0.16129032258064513,9dada49e784601183eb3a1e1723ce2d4,,,
5,17,x[11],True,x[11],0.16129032258064513,9dada49e784601183eb3a1e1723ce2d4,,,
5,17,x[11],True,x[11],0.16129032258064513,9dada49e784601183eb3a1e1723ce2d4,,,
5,17,x[11],True,x[11],0.16129032258064513,9dada49e784601183eb3a1e1723ce2d4,,,
5,17,x[11],True,x[11],0.16129032258064513,9dada49e784601183eb3a1e1723ce2d4,,,
5,17,x[11],True,x[11],0.16129032258064513,9dada49e784601183eb3a1e1723ce2d4,,,
5,17,x[11],True,x[11],0.16129032258064513,9dada49e784601183eb3a1e1723ce2d4,,,
5,17,x[1],True,x[1],0.685483870967742,48150b63a14de07ac8ada4efd9d4896c,,,
5,17,x[11],True,x[11],0.16129032258064513,9dada49e784601183eb3a1e1723ce2d4,,,
5,17,x[11],True,x[11],0.16129032258064513,9dada49e784601183eb3a1e1723ce2d4,,,
5,17,x[11],True,x[11],0.16129032258064513,9dada49e784601183eb3a1e1723ce2d4,,,
5,17,x[11],True,x[11],0.16129032258064513,9dada49e784601183eb3a1e1723ce2d4,,,
5,17,x[11],True,x[11],0.16129032258064513,9dada49e784601183eb3a1e1723ce2d4,,,
5,17,x[11],True,x[11],0.16129032258064513,9dada49e784601183eb3a1e1723ce2d4,,,
5,17,x[11],True,x[11],0.16129032258064513,9dada49e784601183eb3a1e1723ce2d4,,,
5,17,x[11],True,x[11],0.16129032258064513,9dada49e784601183eb3a1e1723ce2d4,,,
5,17,x[11],True,x[11],0.16129032258064513,9dada49e784601183eb3a1e1723ce2d4,,,
5,17,x[18],True,x[18],0.6451612903225806,6a4c84e0915d9d2b86d121e994683436,,,
5,17,x[11],True,x[11],0.16129032258064513,9dada49e784601183eb3a1e1723ce2d4,,,
5,17,x[11],True,x[11],0.16129032258064513,9dada49e784601183eb3a1e1723ce2d4,,,
5,17,x[9],True,x[9],0.2338709677419355,2e0260aa627dff742f7c723c8367e701,,,
5,17,x[11],True,x[11],0.16129032258064513,9dada49e784601183eb3a1e1723ce2d4,,,
5,17,x[11],True,x[11],0.16129032258064513,9dada49e784601183eb3a1e1723ce2d4,,,
5,17,x[11],True,x[11],0.16129032258064513,9dada49e784601183eb3a1e1723ce2d4,,,
5,17,x[11],True,x[11],0.16129032258064513,9dada49e784601183eb3a1e1723ce2d4,,,
5,17,x[11],True,x[11],0.16129032258064513,9dada49e784601183eb3a1e1723ce2d4,,,
5,17,x[11],True,x[11],0.16129032258064513,9dada49e784601183eb3a1e1723ce2d4,,,
5,17,x[11],True,x[11],0.16129032258064513,9dada49e784601183eb3a1e1723ce2d4,,,
5,17,x[11],True,x[11],0.16129032258064513,9dada49e784601183eb3a1e1723ce2d4,,,
5,17,x[11],True,x[11],0.16129032258064513,9dada49e784601183eb3a1e1723ce2d4,,,
5,17,x[11],True,x[11],0.16129032258064513,9dada49e784601183eb3a1e1723ce2d4,,,
5,17,x[11],True,x[11],0.16129032258064513,9dada49e784601183eb3a1e1723ce2d4,,,
5,17,x[11],True,x[11],0.16129032258064513,9dada49e784601183eb3a1e1723ce2d4,,,
5,17,x[11],True,x[11],0.16129032258064513,9dada49e784601183eb3a1e1723ce2d4,,,
5,17,x[11],True,x[11],0.16129032258064513,9dada49e784601183eb3a1e1723ce2d4,,,
5,17,x[11],True,x[11],0.16129032258064513,9dada49e784601183eb3a1e1723ce2d4,,,
5,17,x[11],True,x[11],0.16129032258064513,9dada49e784601183eb3a1e1723ce2d4,,,
5,17,x[11],True,x[11],0.16129032258064513,9dada49e784601183eb3a1e1723ce2d4,,,
5,17,x[11],True,x[11],0.16129032258064513,9dada49e784601183eb3a1e1723ce2d4,,,
5,17,x[11],True,x[11],0.16129032258064513,9dada49e784601183eb3a1e1723ce2d4,,,
5,17,x[11],True,x[11],0.16129032258064513,9dada49e784601183eb3a1e1723ce2d4,,,
5,17,x[11],True,x[11],0.16129032258064513,9dada49e784601183eb3a1e1723ce2d4,,,
5,17,x[11],True,x[11],0.16129032258064513,9dada49e784601183eb3a1e1723ce2d4,,,
5,17,x[11],True,x[11],0.16129032258064513,9dada49e784601183eb3a1e1723ce2d4,,,
5,17,x[11],True,x[11],0.16129032258064513,9dada49e784601183eb3a1e1723ce2d4,,,
5,17,x[11],True,x[11],0.16129032258064513,9dada49e784601183eb3a1e1723ce2d4,,,
5,17,x[11],True,x[11],0.16129032258064513,9dada49e784601183eb3a1e1723ce2d4,,,
5,17,x[11],True,x[11],0.16129032258064513,9dada49e784601183eb3a1e1723ce2d4,,,
5,17,x[11],True,x[11],0.16129032258064513,9dada49e784601183eb3a1e1723ce2d4,,,
5,17,x[11],True,x[11],0.16129032258064513,9dada49e784601183eb3a1e1723ce2d4,,,
5,17,x[11],True,x[11],0.16129032258064513,9dada49e784601183eb3a1e1723ce2d4,,,
5,17,x[11],True,x[11],0.16129032258064513,9dada49e784601183eb3a1e1723ce2d4,,,
5,17,x[11],True,x[11],0.16129032258064513,9dada49e784601183eb3a1e1723ce2d4,,,
5,17,x[11],True,x[11],0.16129032258064513,9dada49e784601183eb3a1e1723ce2d4,,,
5,17,"less_than_or_equal(x[0],sub(x[7],x[3]))",True,"less_than_or_equal(mul(add(x[7],x[0]),add(x[3],x[0])),sub(pdiv(x[3],x[2]),add(x[3],x[7])))",0.7419354838709677,65ccf253e36dffc7be4311c20f5645b7,,,
5,17,x[11],True,x[11],0.16129032258064513,9dada49e784601183eb3a1e1723ce2d4,,,
5,17,x[11],True,x[11],0.16129032258064513,9dada49e784601183eb3a1e1723ce2d4,,,
5,17,x[11],True,x[11],0.16129032258064513,9dada49e784601183eb3a1e1723ce2d4,,,
5,17,x[11],True,x[11],0.16129032258064513,9dada49e784601183eb3a1e1723ce2d4,,,
5,17,x[11],True,x[11],0.16129032258064513,9dada49e784601183eb3a1e1723ce2d4,,,
5,17,x[11],True,x[11],0.16129032258064513,9dada49e784601183eb3a1e1723ce2d4,,,
5,17,x[11],True,x[11],0.16129032258064513,9dada49e784601183eb3a1e1723ce2d4,,,
5,17,x[11],True,x[11],0.16129032258064513,9dada49e784601183eb3a1e1723ce2d4,,,
5,17,x[11],True,x[11],0.16129032258064513,9dada49e784601183eb3a1e1723ce2d4,,,
5,17,x[11],True,x[11],0.16129032258064513,9dada49e784601183eb3a1e1723ce2d4,,,
5,17,x[11],True,x[11],0.16129032258064513,9dada49e784601183eb3a1e1723ce2d4,,,
5,17,x[11],True,x[11],0.16129032258064513,9dada49e784601183eb3a1e1723ce2d4,,,
5,17,x[11],True,x[11],0.16129032258064513,9dada49e784601183eb3a1e1723ce2d4,,,
5,17,x[11],True,x[11],0.16129032258064513,9dada49e784601183eb3a1e1723ce2d4,,,
5,17,x[11],True,x[11],0.16129032258064513,9dada49e784601183eb3a1e1723ce2d4,,,
5,17,x[11],True,x[11],0.16129032258064513,9dada49e784601183eb3a1e1723ce2d4,,,
5,17,x[11],True,x[11],0.16129032258064513,9dada49e784601183eb3a1e1723ce2d4,,,
5,17,x[11],True,x[11],0.16129032258064513,9dada49e784601183eb3a1e1723ce2d4,,,
5,17,x[11],True,x[11],0.16129032258064513,9dada49e784601183eb3a1e1723ce2d4,,,
5,17,x[11],True,x[11],0.16129032258064513,9dada49e784601183eb3a1e1723ce2d4,,,
5,17,x[11],True,x[11],0.16129032258064513,9dada49e784601183eb3a1e1723ce2d4,,,
5,17,x[11],True,x[11],0.16129032258064513,9dada49e784601183eb3a1e1723ce2d4,,,
5,17,x[11],True,x[11],0.16129032258064513,9dada49e784601183eb3a1e1723ce2d4,,,
5,17,x[11],True,x[11],0.16129032258064513,9dada49e784601183eb3a1e1723ce2d4,,,
5,17,x[11],True,x[11],0.16129032258064513,9dada49e784601183eb3a1e1723ce2d4,,,
5,17,x[11],True,x[11],0.16129032258064513,9dada49e784601183eb3a1e1723ce2d4,,,
5,17,x[11],True,x[11],0.16129032258064513,9dada49e784601183eb3a1e1723ce2d4,,,
5,17,x[11],True,x[11],0.16129032258064513,9dada49e784601183eb3a1e1723ce2d4,,,
5,17,x[11],True,x[11],0.16129032258064513,9dada49e784601183eb3a1e1723ce2d4,,,
5,17,x[11],True,x[11],0.16129032258064513,9dada49e784601183eb3a1e1723ce2d4,,,
5,17,x[11],True,x[11],0.16129032258064513,9dada49e784601183eb3a1e1723ce2d4,,,
5,17,x[11],True,x[11],0.16129032258064513,9dada49e784601183eb3a1e1723ce2d4,,,
5,17,x[11],True,x[11],0.16129032258064513,9dada49e784601183eb3a1e1723ce2d4,,,
5,17,x[11],True,x[11],0.16129032258064513,9dada49e784601183eb3a1e1723ce2d4,,,
5,17,x[11],True,x[11],0.16129032258064513,9dada49e784601183eb3a1e1723ce2d4,,,
5,17,x[11],True,x[11],0.16129032258064513,9dada49e784601183eb3a1e1723ce2d4,,,
5,17,x[17],True,x[17],0.217741935483871,078a7ef4b1d424e54e976f158f2a5fa5,,,
5,17,x[12],True,x[12],0.18548387096774188,0d372214e94f96a8c686509e4d084014,,,
5,17,x[11],True,x[11],0.16129032258064513,9dada49e784601183eb3a1e1723ce2d4,,,
5,17,x[11],True,x[11],0.16129032258064513,9dada49e784601183eb3a1e1723ce2d4,,,
5,17,x[11],True,x[11],0.16129032258064513,9dada49e784601183eb3a1e1723ce2d4,,,
5,17,x[11],True,x[11],0.16129032258064513,9dada49e784601183eb3a1e1723ce2d4,,,
5,17,x[11],True,x[11],0.16129032258064513,9dada49e784601183eb3a1e1723ce2d4,,,
5,17,x[11],True,x[11],0.16129032258064513,9dada49e784601183eb3a1e1723ce2d4,,,
5,17,x[11],True,x[11],0.16129032258064513,9dada49e784601183eb3a1e1723ce2d4,,,
5,17,x[11],True,x[11],0.16129032258064513,9dada49e784601183eb3a1e1723ce2d4,,,
5,17,x[11],True,x[11],0.16129032258064513,9dada49e784601183eb3a1e1723ce2d4,,,
5,17,x[11],True,x[11],0.16129032258064513,9dada49e784601183eb3a1e1723ce2d4,,,
5,17,x[11],True,x[11],0.16129032258064513,9dada49e784601183eb3a1e1723ce2d4,,,
5,17,x[15],True,x[15],0.22580645161290325,301bd409bd67cc588ceaa53a6f5220a4,,,
5,17,x[11],True,x[11],0.16129032258064513,9dada49e784601183eb3a1e1723ce2d4,,,
5,17,x[11],True,x[11],0.16129032258064513,9dada49e784601183eb3a1e1723ce2d4,,,
5,17,x[11],True,x[11],0.16129032258064513,9dada49e784601183eb3a1e1723ce2d4,,,
5,17,x[11],True,x[11],0.16129032258064513,9dada49e784601183eb3a1e1723ce2d4,,,
5,17,x[11],True,x[11],0.16129032258064513,9dada49e784601183eb3a1e1723ce2d4,,,
5,17,x[11],True,x[11],0.16129032258064513,9dada49e784601183eb3a1e1723ce2d4,,,
5,17,x[11],True,x[11],0.16129032258064513,9dada49e784601183eb3a1e1723ce2d4,,,
5,17,x[11],True,x[11],0.16129032258064513,9dada49e784601183eb3a1e1723ce2d4,,,
5,17,x[11],True,x[11],0.16129032258064513,9dada49e784601183eb3a1e1723ce2d4,,,
5,17,x[11],True,x[11],0.16129032258064513,9dada49e784601183eb3a1e1723ce2d4,,,
5,17,x[11],True,x[11],0.16129032258064513,9dada49e784601183eb3a1e1723ce2d4,,,
5,17,x[11],True,x[11],0.16129032258064513,9dada49e784601183eb3a1e1723ce2d4,,,
5,17,x[11],True,x[11],0.16129032258064513,9dada49e784601183eb3a1e1723ce2d4,,,
5,17,x[11],True,x[11],0.16129032258064513,9dada49e784601183eb3a1e1723ce2d4,,,
5,17,x[11],True,x[11],0.16129032258064513,9dada49e784601183eb3a1e1723ce2d4,,,
5,17,x[11],True,x[11],0.16129032258064513,9dada49e784601183eb3a1e1723ce2d4,,,
5,17,x[11],True,x[11],0.16129032258064513,9dada49e784601183eb3a1e1723ce2d4,,,
5,17,x[11],True,x[11],0.16129032258064513,9dada49e784601183eb3a1e1723ce2d4,,,
5,17,x[11],True,x[11],0.16129032258064513,9dada49e784601183eb3a1e1723ce2d4,,,
5,17,x[11],True,x[11],0.16129032258064513,9dada49e784601183eb3a1e1723ce2d4,,,
5,17,x[11],True,x[11],0.16129032258064513,9dada49e784601183eb3a1e1723ce2d4,,,
5,17,x[11],True,x[11],0.16129032258064513,9dada49e784601183eb3a1e1723ce2d4,,,
5,17,x[11],True,x[11],0.16129032258064513,9dada49e784601183eb3a1e1723ce2d4,,,
5,17,x[11],True,x[11],0.16129032258064513,9dada49e784601183eb3a1e1723ce2d4,,,
5,17,x[9],True,x[9],0.2338709677419355,2e0260aa627dff742f7c723c8367e701,,,
5,17,x[11],True,x[11],0.16129032258064513,9dada49e784601183eb3a1e1723ce2d4,,,
5,17,x[11],True,x[11],0.16129032258064513,9dada49e784601183eb3a1e1723ce2d4,,,
5,17,x[11],True,x[11],0.16129032258064513,9dada49e784601183eb3a1e1723ce2d4,,,
5,17,x[11],True,x[11],0.16129032258064513,9dada49e784601183eb3a1e1723ce2d4,,,
5,17,x[11],True,x[11],0.16129032258064513,9dada49e784601183eb3a1e1723ce2d4,,,
5,17,x[11],True,x[11],0.16129032258064513,9dada49e784601183eb3a1e1723ce2d4,,,
5,17,x[11],True,x[11],0.16129032258064513,9dada49e784601183eb3a1e1723ce2d4,,,
5,17,x[11],True,x[11],0.16129032258064513,9dada49e784601183eb3a1e1723ce2d4,,,
5,17,x[11],True,x[11],0.16129032258064513,9dada49e784601183eb3a1e1723ce2d4,,,
5,17,x[14],True,x[14],0.22580645161290325,5184b187f6f474f266ff1a9e52a8b41f,,,
5,17,x[11],True,x[11],0.16129032258064513,9dada49e784601183eb3a1e1723ce2d4,,,
5,17,x[11],True,x[11],0.16129032258064513,9dada49e784601183eb3a1e1723ce2d4,,,
5,17,x[11],True,x[11],0.16129032258064513,9dada49e784601183eb3a1e1723ce2d4,,,
5,17,x[11],True,x[11],0.16129032258064513,9dada49e784601183eb3a1e1723ce2d4,,,
5,17,x[11],True,x[11],0.16129032258064513,9dada49e784601183eb3a1e1723ce2d4,,,
5,17,x[11],True,x[11],0.16129032258064513,9dada49e784601183eb3a1e1723ce2d4,,,
5,17,x[11],True,x[11],0.16129032258064513,9dada49e784601183eb3a1e1723ce2d4,,,
5,17,x[11],True,x[11],0.16129032258064513,9dada49e784601183eb3a1e1723ce2d4,,,
5,17,x[11],True,x[11],0.16129032258064513,9dada49e784601183eb3a1e1723ce2d4,,,
5,17,x[11],True,x[11],0.16129032258064513,9dada49e784601183eb3a1e1723ce2d4,,,
5,17,x[11],True,x[11],0.16129032258064513,9dada49e784601183eb3a1e1723ce2d4,,,
5,17,x[11],True,x[11],0.16129032258064513,9dada49e784601183eb3a1e1723ce2d4,,,
5,17,x[11],True,x[11],0.16129032258064513,9dada49e784601183eb3a1e1723ce2d4,,,
5,17,x[11],True,x[11],0.16129032258064513,9dada49e784601183eb3a1e1723ce2d4,,,
5,17,x[11],True,x[11],0.16129032258064513,9dada49e784601183eb3a1e1723ce2d4,,,
5,17,x[11],True,x[11],0.16129032258064513,9dada49e784601183eb3a1e1723ce2d4,,,
5,17,x[11],True,x[11],0.16129032258064513,9dada49e784601183eb3a1e1723ce2d4,,,
5,17,x[11],True,x[11],0.16129032258064513,9dada49e784601183eb3a1e1723ce2d4,,,
5,17,x[11],True,x[11],0.16129032258064513,9dada49e784601183eb3a1e1723ce2d4,,,
5,17,x[9],True,x[9],0.2338709677419355,2e0260aa627dff742f7c723c8367e701,,,
5,17,x[11],True,x[11],0.16129032258064513,9dada49e784601183eb3a1e1723ce2d4,,,
5,17,x[11],True,x[11],0.16129032258064513,9dada49e784601183eb3a1e1723ce2d4,,,
5,17,x[11],True,x[11],0.16129032258064513,9dada49e784601183eb3a1e1723ce2d4,,,
5,17,x[12],True,x[12],0.18548387096774188,0d372214e94f96a8c686509e4d084014,,,
5,17,x[11],True,x[11],0.16129032258064513,9dada49e784601183eb3a1e1723ce2d4,,,
5,17,x[11],True,x[11],0.16129032258064513,9dada49e784601183eb3a1e1723ce2d4,,,
5,17,x[11],True,x[11],0.16129032258064513,9dada49e784601183eb3a1e1723ce2d4,,,
5,17,x[11],True,x[11],0.16129032258064513,9dada49e784601183eb3a1e1723ce2d4,,,
5,17,x[11],True,x[11],0.16129032258064513,9dada49e784601183eb3a1e1723ce2d4,,,
5,17,x[11],True,x[11],0.16129032258064513,9dada49e784601183eb3a1e1723ce2d4,,,
5,17,x[11],True,x[11],0.16129032258064513,9dada49e784601183eb3a1e1723ce2d4,,,
5,17,x[11],True,x[11],0.16129032258064513,9dada49e784601183eb3a1e1723ce2d4,,,
5,17,x[11],True,x[11],0.16129032258064513,9dada49e784601183eb3a1e1723ce2d4,,,
5,17,x[11],True,x[11],0.16129032258064513,9dada49e784601183eb3a1e1723ce2d4,,,
5,17,x[11],True,x[11],0.16129032258064513,9dada49e784601183eb3a1e1723ce2d4,,,
5,17,x[6],True,x[6],0.30645161290322576,d902aea98596abf07e07d9c42be380bf,,,
5,17,x[11],True,x[11],0.16129032258064513,9dada49e784601183eb3a1e1723ce2d4,,,
5,17,x[11],True,x[11],0.16129032258064513,9dada49e784601183eb3a1e1723ce2d4,,,
5,17,x[9],True,x[9],0.2338709677419355,2e0260aa627dff742f7c723c8367e701,,,
5,17,x[11],True,x[11],0.16129032258064513,9dada49e784601183eb3a1e1723ce2d4,,,
5,17,x[11],True,x[11],0.16129032258064513,9dada49e784601183eb3a1e1723ce2d4,,,
5,17,x[11],True,x[11],0.16129032258064513,9dada49e784601183eb3a1e1723ce2d4,,,
5,17,x[11],True,x[11],0.16129032258064513,9dada49e784601183eb3a1e1723ce2d4,,,
5,17,x[11],True,x[11],0.16129032258064513,9dada49e784601183eb3a1e1723ce2d4,,,
5,17,x[11],True,x[11],0.16129032258064513,9dada49e784601183eb3a1e1723ce2d4,,,
5,17,x[11],True,x[11],0.16129032258064513,9dada49e784601183eb3a1e1723ce2d4,,,
5,17,x[11],True,x[11],0.16129032258064513,9dada49e784601183eb3a1e1723ce2d4,,,
5,17,x[11],True,x[11],0.16129032258064513,9dada49e784601183eb3a1e1723ce2d4,,,
5,17,x[11],True,x[11],0.16129032258064513,9dada49e784601183eb3a1e1723ce2d4,,,
5,17,x[11],True,x[11],0.16129032258064513,9dada49e784601183eb3a1e1723ce2d4,,,
5,17,x[11],True,x[11],0.16129032258064513,9dada49e784601183eb3a1e1723ce2d4,,,
5,17,x[11],True,x[11],0.16129032258064513,9dada49e784601183eb3a1e1723ce2d4,,,
5,17,x[11],True,x[11],0.16129032258064513,9dada49e784601183eb3a1e1723ce2d4,,,
5,17,x[11],True,x[11],0.16129032258064513,9dada49e784601183eb3a1e1723ce2d4,,,
5,17,x[11],True,x[11],0.16129032258064513,9dada49e784601183eb3a1e1723ce2d4,,,
5,17,x[11],True,x[11],0.16129032258064513,9dada49e784601183eb3a1e1723ce2d4,,,
5,17,x[11],True,x[11],0.16129032258064513,9dada49e784601183eb3a1e1723ce2d4,,,
5,17,x[11],True,x[11],0.16129032258064513,9dada49e784601183eb3a1e1723ce2d4,,,
5,17,x[11],True,x[11],0.16129032258064513,9dada49e784601183eb3a1e1723ce2d4,,,
5,17,x[11],True,x[11],0.16129032258064513,9dada49e784601183eb3a1e1723ce2d4,,,
5,17,x[11],True,x[11],0.16129032258064513,9dada49e784601183eb3a1e1723ce2d4,,,
5,17,x[11],True,x[11],0.16129032258064513,9dada49e784601183eb3a1e1723ce2d4,,,
5,17,x[11],True,x[11],0.16129032258064513,9dada49e784601183eb3a1e1723ce2d4,,,
5,17,x[11],True,x[11],0.16129032258064513,9dada49e784601183eb3a1e1723ce2d4,,,
5,17,x[11],True,x[11],0.16129032258064513,9dada49e784601183eb3a1e1723ce2d4,,,
5,17,x[11],True,x[11],0.16129032258064513,9dada49e784601183eb3a1e1723ce2d4,,,
5,17,x[11],True,x[11],0.16129032258064513,9dada49e784601183eb3a1e1723ce2d4,,,
5,17,x[11],True,x[11],0.16129032258064513,9dada49e784601183eb3a1e1723ce2d4,,,
5,17,x[11],True,x[11],0.16129032258064513,9dada49e784601183eb3a1e1723ce2d4,,,
5,17,x[11],True,x[11],0.16129032258064513,9dada49e784601183eb3a1e1723ce2d4,,,
5,17,x[11],True,x[11],0.16129032258064513,9dada49e784601183eb3a1e1723ce2d4,,,
5,17,x[11],True,x[11],0.16129032258064513,9dada49e784601183eb3a1e1723ce2d4,,,
5,17,x[11],True,x[11],0.16129032258064513,9dada49e784601183eb3a1e1723ce2d4,,,
5,17,x[11],True,x[11],0.16129032258064513,9dada49e784601183eb3a1e1723ce2d4,,,
5,17,x[11],True,x[11],0.16129032258064513,9dada49e784601183eb3a1e1723ce2d4,,,
5,17,x[11],True,x[11],0.16129032258064513,9dada49e784601183eb3a1e1723ce2d4,,,
5,17,x[11],True,x[11],0.16129032258064513,9dada49e784601183eb3a1e1723ce2d4,,,
5,17,x[11],True,x[11],0.16129032258064513,9dada49e784601183eb3a1e1723ce2d4,,,
5,17,x[11],True,x[11],0.16129032258064513,9dada49e784601183eb3a1e1723ce2d4,,,
5,17,x[11],True,x[11],0.16129032258064513,9dada49e784601183eb3a1e1723ce2d4,,,
5,17,x[11],True,x[11],0.16129032258064513,9dada49e784601183eb3a1e1723ce2d4,,,
5,17,x[11],True,x[11],0.16129032258064513,9dada49e784601183eb3a1e1723ce2d4,,,
5,17,x[11],True,x[11],0.16129032258064513,9dada49e784601183eb3a1e1723ce2d4,,,
5,17,x[4],True,x[4],0.49193548387096775,c062f6f76dec194bafe0ddbf91add8d9,,,
5,17,x[11],True,x[11],0.16129032258064513,9dada49e784601183eb3a1e1723ce2d4,,,
5,17,x[11],True,x[11],0.16129032258064513,9dada49e784601183eb3a1e1723ce2d4,,,
5,17,x[11],True,x[11],0.16129032258064513,9dada49e784601183eb3a1e1723ce2d4,,,
5,17,x[11],True,x[11],0.16129032258064513,9dada49e784601183eb3a1e1723ce2d4,,,
5,17,x[11],True,x[11],0.16129032258064513,9dada49e784601183eb3a1e1723ce2d4,,,
5,17,x[9],True,x[9],0.2338709677419355,2e0260aa627dff742f7c723c8367e701,,,
5,17,x[11],True,x[11],0.16129032258064513,9dada49e784601183eb3a1e1723ce2d4,,,
5,17,x[11],True,x[11],0.16129032258064513,9dada49e784601183eb3a1e1723ce2d4,,,
5,17,x[8],True,x[8],0.4354838709677419,8c6b56831adf589cc7ca352d27aafe6d,,,
5,17,x[11],True,x[11],0.16129032258064513,9dada49e784601183eb3a1e1723ce2d4,,,
5,17,x[11],True,x[11],0.16129032258064513,9dada49e784601183eb3a1e1723ce2d4,,,
5,17,x[11],True,x[11],0.16129032258064513,9dada49e784601183eb3a1e1723ce2d4,,,
5,17,x[11],True,x[11],0.16129032258064513,9dada49e784601183eb3a1e1723ce2d4,,,
5,17,x[11],True,x[11],0.16129032258064513,9dada49e784601183eb3a1e1723ce2d4,,,
5,17,x[11],True,x[11],0.16129032258064513,9dada49e784601183eb3a1e1723ce2d4,,,
5,17,x[11],True,x[11],0.16129032258064513,9dada49e784601183eb3a1e1723ce2d4,,,
5,17,x[11],True,x[11],0.16129032258064513,9dada49e784601183eb3a1e1723ce2d4,,,
5,17,x[11],True,x[11],0.16129032258064513,9dada49e784601183eb3a1e1723ce2d4,,,
5,17,x[11],True,x[11],0.16129032258064513,9dada49e784601183eb3a1e1723ce2d4,,,
5,17,x[11],True,x[11],0.16129032258064513,9dada49e784601183eb3a1e1723ce2d4,,,
5,17,x[11],True,x[11],0.16129032258064513,9dada49e784601183eb3a1e1723ce2d4,,,
5,17,x[11],True,x[11],0.16129032258064513,9dada49e784601183eb3a1e1723ce2d4,,,
5,17,x[11],True,x[11],0.16129032258064513,9dada49e784601183eb3a1e1723ce2d4,,,
5,17,x[11],True,x[11],0.16129032258064513,9dada49e784601183eb3a1e1723ce2d4,,,
5,17,x[4],True,x[4],0.49193548387096775,c062f6f76dec194bafe0ddbf91add8d9,,,
5,17,x[11],True,x[11],0.16129032258064513,9dada49e784601183eb3a1e1723ce2d4,,,
5,17,x[11],True,x[11],0.16129032258064513,9dada49e784601183eb3a1e1723ce2d4,,,
5,17,x[11],True,x[11],0.16129032258064513,9dada49e784601183eb3a1e1723ce2d4,,,
5,17,x[11],True,x[11],0.16129032258064513,9dada49e784601183eb3a1e1723ce2d4,,,
5,17,x[11],True,x[11],0.16129032258064513,9dada49e784601183eb3a1e1723ce2d4,,,
5,17,x[11],True,x[11],0.16129032258064513,9dada49e784601183eb3a1e1723ce2d4,,,
5,17,x[11],True,x[11],0.16129032258064513,9dada49e784601183eb3a1e1723ce2d4,,,
5,17,x[11],True,x[11],0.16129032258064513,9dada49e784601183eb3a1e1723ce2d4,,,
5,17,x[11],True,x[11],0.16129032258064513,9dada49e784601183eb3a1e1723ce2d4,,,
5,17,x[11],True,x[11],0.16129032258064513,9dada49e784601183eb3a1e1723ce2d4,,,
5,17,x[11],True,x[11],0.16129032258064513,9dada49e784601183eb3a1e1723ce2d4,,,
5,17,x[11],True,x[11],0.16129032258064513,9dada49e784601183eb3a1e1723ce2d4,,,
5,17,x[11],True,x[11],0.16129032258064513,9dada49e784601183eb3a1e1723ce2d4,,,
5,17,x[11],True,x[11],0.16129032258064513,9dada49e784601183eb3a1e1723ce2d4,,,
5,17,x[11],True,x[11],0.16129032258064513,9dada49e784601183eb3a1e1723ce2d4,,,
5,17,x[11],True,x[11],0.16129032258064513,9dada49e784601183eb3a1e1723ce2d4,,,
5,17,x[11],True,x[11],0.16129032258064513,9dada49e784601183eb3a1e1723ce2d4,,,
5,17,x[11],True,x[11],0.16129032258064513,9dada49e784601183eb3a1e1723ce2d4,,,
5,17,x[11],True,x[11],0.16129032258064513,9dada49e784601183eb3a1e1723ce2d4,,,
5,17,x[11],True,x[11],0.16129032258064513,9dada49e784601183eb3a1e1723ce2d4,,,
5,17,x[11],True,x[11],0.16129032258064513,9dada49e784601183eb3a1e1723ce2d4,,,
5,17,x[11],True,x[11],0.16129032258064513,9dada49e784601183eb3a1e1723ce2d4,,,
5,17,x[11],True,x[11],0.16129032258064513,9dada49e784601183eb3a1e1723ce2d4,,,
5,17,x[11],True,x[11],0.16129032258064513,9dada49e784601183eb3a1e1723ce2d4,,,
5,17,x[11],True,x[11],0.16129032258064513,9dada49e784601183eb3a1e1723ce2d4,,,
5,17,x[11],True,x[11],0.16129032258064513,9dada49e784601183eb3a1e1723ce2d4,,,
5,17,x[11],True,x[11],0.16129032258064513,9dada49e784601183eb3a1e1723ce2d4,,,
5,17,x[11],True,x[11],0.16129032258064513,9dada49e784601183eb3a1e1723ce2d4,,,
5,17,x[11],True,x[11],0.16129032258064513,9dada49e784601183eb3a1e1723ce2d4,,,
5,17,x[11],True,x[11],0.16129032258064513,9dada49e784601183eb3a1e1723ce2d4,,,
5,17,x[11],True,x[11],0.16129032258064513,9dada49e784601183eb3a1e1723ce2d4,,,
5,17,x[11],True,x[11],0.16129032258064513,9dada49e784601183eb3a1e1723ce2d4,,,
5,17,x[11],True,x[11],0.16129032258064513,9dada49e784601183eb3a1e1723ce2d4,,,
5,17,x[11],True,x[11],0.16129032258064513,9dada49e784601183eb3a1e1723ce2d4,,,
5,17,x[11],True,x[11],0.16129032258064513,9dada49e784601183eb3a1e1723ce2d4,,,
5,17,x[11],True,x[11],0.16129032258064513,9dada49e784601183eb3a1e1723ce2d4,,,
5,17,x[11],True,x[11],0.16129032258064513,9dada49e784601183eb3a1e1723ce2d4,,,
5,17,x[11],True,x[11],0.16129032258064513,9dada49e784601183eb3a1e1723ce2d4,,,
5,17,x[11],True,x[11],0.16129032258064513,9dada49e784601183eb3a1e1723ce2d4,,,
5,17,x[11],True,x[11],0.16129032258064513,9dada49e784601183eb3a1e1723ce2d4,,,
5,17,x[11],True,x[11],0.16129032258064513,9dada49e784601183eb3a1e1723ce2d4,,,
5,17,x[11],True,x[11],0.16129032258064513,9dada49e784601183eb3a1e1723ce2d4,,,
5,17,x[11],True,x[11],0.16129032258064513,9dada49e784601183eb3a1e1723ce2d4,,,
5,17,x[11],True,x[11],0.16129032258064513,9dada49e784601183eb3a1e1723ce2d4,,,
5,17,x[11],True,x[11],0.16129032258064513,9dada49e784601183eb3a1e1723ce2d4,,,
5,17,x[11],True,x[11],0.16129032258064513,9dada49e784601183eb3a1e1723ce2d4,,,
5,17,x[11],True,x[11],0.16129032258064513,9dada49e784601183eb3a1e1723ce2d4,,,
5,17,x[11],True,x[11],0.16129032258064513,9dada49e784601183eb3a1e1723ce2d4,,,
5,17,x[11],True,x[11],0.16129032258064513,9dada49e784601183eb3a1e1723ce2d4,,,
5,17,x[11],True,x[11],0.16129032258064513,9dada49e784601183eb3a1e1723ce2d4,,,
5,17,x[11],True,x[11],0.16129032258064513,9dada49e784601183eb3a1e1723ce2d4,,,
5,17,x[11],True,x[11],0.16129032258064513,9dada49e784601183eb3a1e1723ce2d4,,,
5,17,x[11],True,x[11],0.16129032258064513,9dada49e784601183eb3a1e1723ce2d4,,,
5,17,x[11],True,x[11],0.16129032258064513,9dada49e784601183eb3a1e1723ce2d4,,,
5,17,x[11],True,x[11],0.16129032258064513,9dada49e784601183eb3a1e1723ce2d4,,,
5,17,x[11],True,x[11],0.16129032258064513,9dada49e784601183eb3a1e1723ce2d4,,,
5,17,x[11],True,x[11],0.16129032258064513,9dada49e784601183eb3a1e1723ce2d4,,,
5,17,x[11],True,x[11],0.16129032258064513,9dada49e784601183eb3a1e1723ce2d4,,,
5,17,x[11],True,x[11],0.16129032258064513,9dada49e784601183eb3a1e1723ce2d4,,,
5,17,x[11],True,x[11],0.16129032258064513,9dada49e784601183eb3a1e1723ce2d4,,,
5,17,x[11],True,x[11],0.16129032258064513,9dada49e784601183eb3a1e1723ce2d4,,,
5,17,x[11],True,x[11],0.16129032258064513,9dada49e784601183eb3a1e1723ce2d4,,,
5,17,x[11],True,x[11],0.16129032258064513,9dada49e784601183eb3a1e1723ce2d4,,,
5,17,x[11],True,x[11],0.16129032258064513,9dada49e784601183eb3a1e1723ce2d4,,,
5,17,x[11],True,x[11],0.16129032258064513,9dada49e784601183eb3a1e1723ce2d4,,,
5,17,x[11],True,x[11],0.16129032258064513,9dada49e784601183eb3a1e1723ce2d4,,,
5,17,x[11],True,x[11],0.16129032258064513,9dada49e784601183eb3a1e1723ce2d4,,,
5,17,x[11],True,x[11],0.16129032258064513,9dada49e784601183eb3a1e1723ce2d4,,,
5,17,x[11],True,x[11],0.16129032258064513,9dada49e784601183eb3a1e1723ce2d4,,,
5,17,x[11],True,x[11],0.16129032258064513,9dada49e784601183eb3a1e1723ce2d4,,,
5,17,x[11],True,x[11],0.16129032258064513,9dada49e784601183eb3a1e1723ce2d4,,,
5,17,x[11],True,x[11],0.16129032258064513,9dada49e784601183eb3a1e1723ce2d4,,,
5,17,x[12],True,x[12],0.18548387096774188,0d372214e94f96a8c686509e4d084014,,,
5,17,x[11],True,x[11],0.16129032258064513,9dada49e784601183eb3a1e1723ce2d4,,,
5,17,x[11],True,x[11],0.16129032258064513,9dada49e784601183eb3a1e1723ce2d4,,,
5,17,x[11],True,x[11],0.16129032258064513,9dada49e784601183eb3a1e1723ce2d4,,,
5,17,x[11],True,x[11],0.16129032258064513,9dada49e784601183eb3a1e1723ce2d4,,,
5,17,x[11],True,x[11],0.16129032258064513,9dada49e784601183eb3a1e1723ce2d4,,,
5,17,x[11],True,x[11],0.16129032258064513,9dada49e784601183eb3a1e1723ce2d4,,,
5,17,x[11],True,x[11],0.16129032258064513,9dada49e784601183eb3a1e1723ce2d4,,,
5,17,x[11],True,x[11],0.16129032258064513,9dada49e784601183eb3a1e1723ce2d4,,,
5,17,x[11],True,x[11],0.16129032258064513,9dada49e784601183eb3a1e1723ce2d4,,,
5,17,x[11],True,x[11],0.16129032258064513,9dada49e784601183eb3a1e1723ce2d4,,,
5,17,x[11],True,x[11],0.16129032258064513,9dada49e784601183eb3a1e1723ce2d4,,,
5,17,x[11],True,x[11],0.16129032258064513,9dada49e784601183eb3a1e1723ce2d4,,,
5,17,x[11],True,x[11],0.16129032258064513,9dada49e784601183eb3a1e1723ce2d4,,,
5,17,x[11],True,x[11],0.16129032258064513,9dada49e784601183eb3a1e1723ce2d4,,,
5,17,x[11],True,x[11],0.16129032258064513,9dada49e784601183eb3a1e1723ce2d4,,,
5,17,x[11],True,x[11],0.16129032258064513,9dada49e784601183eb3a1e1723ce2d4,,,
5,17,x[11],True,x[11],0.16129032258064513,9dada49e784601183eb3a1e1723ce2d4,,,
5,17,x[11],True,x[11],0.16129032258064513,9dada49e784601183eb3a1e1723ce2d4,,,
5,17,x[11],True,x[11],0.16129032258064513,9dada49e784601183eb3a1e1723ce2d4,,,
5,17,x[11],True,x[11],0.16129032258064513,9dada49e784601183eb3a1e1723ce2d4,,,
5,17,x[11],True,x[11],0.16129032258064513,9dada49e784601183eb3a1e1723ce2d4,,,
5,17,x[11],True,x[11],0.16129032258064513,9dada49e784601183eb3a1e1723ce2d4,,,
5,17,x[1],True,x[1],0.685483870967742,48150b63a14de07ac8ada4efd9d4896c,,,
5,17,x[11],True,x[11],0.16129032258064513,9dada49e784601183eb3a1e1723ce2d4,,,
5,17,x[11],True,x[11],0.16129032258064513,9dada49e784601183eb3a1e1723ce2d4,,,
5,17,x[9],True,x[9],0.2338709677419355,2e0260aa627dff742f7c723c8367e701,,,
5,17,x[11],True,x[11],0.16129032258064513,9dada49e784601183eb3a1e1723ce2d4,,,
5,18,x[11],True,x[11],0.16129032258064513,9dada49e784601183eb3a1e1723ce2d4,,,
5,18,x[11],True,x[11],0.16129032258064513,9dada49e784601183eb3a1e1723ce2d4,,,
5,18,x[11],True,x[11],0.16129032258064513,9dada49e784601183eb3a1e1723ce2d4,,,
5,18,x[11],True,x[11],0.16129032258064513,9dada49e784601183eb3a1e1723ce2d4,,,
5,18,x[11],True,x[11],0.16129032258064513,9dada49e784601183eb3a1e1723ce2d4,,,
5,18,x[11],True,x[11],0.16129032258064513,9dada49e784601183eb3a1e1723ce2d4,,,
5,18,x[11],True,x[11],0.16129032258064513,9dada49e784601183eb3a1e1723ce2d4,,,
5,18,x[11],True,x[11],0.16129032258064513,9dada49e784601183eb3a1e1723ce2d4,,,
5,18,x[13],True,x[13],0.217741935483871,060f7b59fcb1852e9befb4d0292eca15,,,
5,18,x[11],True,x[11],0.16129032258064513,9dada49e784601183eb3a1e1723ce2d4,,,
5,18,x[11],True,x[11],0.16129032258064513,9dada49e784601183eb3a1e1723ce2d4,,,
5,18,x[11],True,x[11],0.16129032258064513,9dada49e784601183eb3a1e1723ce2d4,,,
5,18,x[11],True,x[11],0.16129032258064513,9dada49e784601183eb3a1e1723ce2d4,,,
5,18,x[11],True,x[11],0.16129032258064513,9dada49e784601183eb3a1e1723ce2d4,,,
5,18,x[11],True,x[11],0.16129032258064513,9dada49e784601183eb3a1e1723ce2d4,,,
5,18,x[11],True,x[11],0.16129032258064513,9dada49e784601183eb3a1e1723ce2d4,,,
5,18,x[11],True,x[11],0.16129032258064513,9dada49e784601183eb3a1e1723ce2d4,,,
5,18,x[11],True,x[11],0.16129032258064513,9dada49e784601183eb3a1e1723ce2d4,,,
5,18,x[11],True,x[11],0.16129032258064513,9dada49e784601183eb3a1e1723ce2d4,,,
5,18,x[11],True,x[11],0.16129032258064513,9dada49e784601183eb3a1e1723ce2d4,,,
5,18,x[11],True,x[11],0.16129032258064513,9dada49e784601183eb3a1e1723ce2d4,,,
5,18,x[8],True,x[8],0.4354838709677419,8c6b56831adf589cc7ca352d27aafe6d,,,
5,18,x[11],True,x[11],0.16129032258064513,9dada49e784601183eb3a1e1723ce2d4,,,
5,18,x[11],True,x[11],0.16129032258064513,9dada49e784601183eb3a1e1723ce2d4,,,
5,18,x[11],True,x[11],0.16129032258064513,9dada49e784601183eb3a1e1723ce2d4,,,
5,18,x[6],True,x[6],0.30645161290322576,d902aea98596abf07e07d9c42be380bf,,,
5,18,x[11],True,x[11],0.16129032258064513,9dada49e784601183eb3a1e1723ce2d4,,,
5,18,x[11],True,x[11],0.16129032258064513,9dada49e784601183eb3a1e1723ce2d4,,,
5,18,x[11],True,x[11],0.16129032258064513,9dada49e784601183eb3a1e1723ce2d4,,,
5,18,x[11],True,x[11],0.16129032258064513,9dada49e784601183eb3a1e1723ce2d4,,,
5,18,x[11],True,x[11],0.16129032258064513,9dada49e784601183eb3a1e1723ce2d4,,,
5,18,x[11],True,x[11],0.16129032258064513,9dada49e784601183eb3a1e1723ce2d4,,,
5,18,x[11],True,x[11],0.16129032258064513,9dada49e784601183eb3a1e1723ce2d4,,,
5,18,x[11],True,x[11],0.16129032258064513,9dada49e784601183eb3a1e1723ce2d4,,,
5,18,x[11],True,x[11],0.16129032258064513,9dada49e784601183eb3a1e1723ce2d4,,,
5,18,x[11],True,x[11],0.16129032258064513,9dada49e784601183eb3a1e1723ce2d4,,,
5,18,x[11],True,x[11],0.16129032258064513,9dada49e784601183eb3a1e1723ce2d4,,,
5,18,x[15],True,x[15],0.22580645161290325,301bd409bd67cc588ceaa53a6f5220a4,,,
5,18,x[11],True,x[11],0.16129032258064513,9dada49e784601183eb3a1e1723ce2d4,,,
5,18,x[16],True,x[16],0.217741935483871,2b4aec85a499a1f7baf764b48bcf9178,,,
5,18,x[11],True,x[11],0.16129032258064513,9dada49e784601183eb3a1e1723ce2d4,,,
5,18,x[11],True,x[11],0.16129032258064513,9dada49e784601183eb3a1e1723ce2d4,,,
5,18,x[11],True,x[11],0.16129032258064513,9dada49e784601183eb3a1e1723ce2d4,,,
5,18,x[11],True,x[11],0.16129032258064513,9dada49e784601183eb3a1e1723ce2d4,,,
5,18,x[11],True,x[11],0.16129032258064513,9dada49e784601183eb3a1e1723ce2d4,,,
5,18,x[11],True,x[11],0.16129032258064513,9dada49e784601183eb3a1e1723ce2d4,,,
5,18,x[11],True,x[11],0.16129032258064513,9dada49e784601183eb3a1e1723ce2d4,,,
5,18,x[11],True,x[11],0.16129032258064513,9dada49e784601183eb3a1e1723ce2d4,,,
5,18,x[4],True,x[4],0.49193548387096775,c062f6f76dec194bafe0ddbf91add8d9,,,
5,18,x[11],True,x[11],0.16129032258064513,9dada49e784601183eb3a1e1723ce2d4,,,
5,18,x[11],True,x[11],0.16129032258064513,9dada49e784601183eb3a1e1723ce2d4,,,
5,18,x[11],True,x[11],0.16129032258064513,9dada49e784601183eb3a1e1723ce2d4,,,
5,18,x[11],True,x[11],0.16129032258064513,9dada49e784601183eb3a1e1723ce2d4,,,
5,18,x[11],True,x[11],0.16129032258064513,9dada49e784601183eb3a1e1723ce2d4,,,
5,18,x[11],True,x[11],0.16129032258064513,9dada49e784601183eb3a1e1723ce2d4,,,
5,18,x[11],True,x[11],0.16129032258064513,9dada49e784601183eb3a1e1723ce2d4,,,
5,18,x[18],True,x[18],0.6451612903225806,6a4c84e0915d9d2b86d121e994683436,,,
5,18,x[11],True,x[11],0.16129032258064513,9dada49e784601183eb3a1e1723ce2d4,,,
5,18,x[11],True,x[11],0.16129032258064513,9dada49e784601183eb3a1e1723ce2d4,,,
5,18,x[11],True,x[11],0.16129032258064513,9dada49e784601183eb3a1e1723ce2d4,,,
5,18,x[11],True,x[11],0.16129032258064513,9dada49e784601183eb3a1e1723ce2d4,,,
5,18,x[11],True,x[11],0.16129032258064513,9dada49e784601183eb3a1e1723ce2d4,,,
5,18,x[11],True,x[11],0.16129032258064513,9dada49e784601183eb3a1e1723ce2d4,,,
5,18,x[11],True,x[11],0.16129032258064513,9dada49e784601183eb3a1e1723ce2d4,,,
5,18,x[11],True,x[11],0.16129032258064513,9dada49e784601183eb3a1e1723ce2d4,,,
5,18,x[11],True,x[11],0.16129032258064513,9dada49e784601183eb3a1e1723ce2d4,,,
5,18,x[11],True,x[11],0.16129032258064513,9dada49e784601183eb3a1e1723ce2d4,,,
5,18,x[11],True,x[11],0.16129032258064513,9dada49e784601183eb3a1e1723ce2d4,,,
5,18,x[11],True,x[11],0.16129032258064513,9dada49e784601183eb3a1e1723ce2d4,,,
5,18,x[11],True,x[11],0.16129032258064513,9dada49e784601183eb3a1e1723ce2d4,,,
5,18,x[11],True,x[11],0.16129032258064513,9dada49e784601183eb3a1e1723ce2d4,,,
5,18,x[11],True,x[11],0.16129032258064513,9dada49e784601183eb3a1e1723ce2d4,,,
5,18,x[11],True,x[11],0.16129032258064513,9dada49e784601183eb3a1e1723ce2d4,,,
5,18,x[11],True,x[11],0.16129032258064513,9dada49e784601183eb3a1e1723ce2d4,,,
5,18,x[18],True,x[18],0.6451612903225806,6a4c84e0915d9d2b86d121e994683436,,,
5,18,x[6],True,x[6],0.30645161290322576,d902aea98596abf07e07d9c42be380bf,,,
5,18,x[11],True,x[11],0.16129032258064513,9dada49e784601183eb3a1e1723ce2d4,,,
5,18,x[11],True,x[11],0.16129032258064513,9dada49e784601183eb3a1e1723ce2d4,,,
5,18,x[11],True,x[11],0.16129032258064513,9dada49e784601183eb3a1e1723ce2d4,,,
5,18,x[11],True,x[11],0.16129032258064513,9dada49e784601183eb3a1e1723ce2d4,,,
5,18,x[11],True,x[11],0.16129032258064513,9dada49e784601183eb3a1e1723ce2d4,,,
5,18,x[11],True,x[11],0.16129032258064513,9dada49e784601183eb3a1e1723ce2d4,,,
5,18,x[11],True,x[11],0.16129032258064513,9dada49e784601183eb3a1e1723ce2d4,,,
5,18,x[11],True,x[11],0.16129032258064513,9dada49e784601183eb3a1e1723ce2d4,,,
5,18,x[11],True,x[11],0.16129032258064513,9dada49e784601183eb3a1e1723ce2d4,,,
5,18,x[11],True,x[11],0.16129032258064513,9dada49e784601183eb3a1e1723ce2d4,,,
5,18,x[11],True,x[11],0.16129032258064513,9dada49e784601183eb3a1e1723ce2d4,,,
5,18,x[11],True,x[11],0.16129032258064513,9dada49e784601183eb3a1e1723ce2d4,,,
5,18,x[11],True,x[11],0.16129032258064513,9dada49e784601183eb3a1e1723ce2d4,,,
5,18,x[11],True,x[11],0.16129032258064513,9dada49e784601183eb3a1e1723ce2d4,,,
5,18,x[8],True,x[8],0.4354838709677419,8c6b56831adf589cc7ca352d27aafe6d,,,
5,18,x[11],True,x[11],0.16129032258064513,9dada49e784601183eb3a1e1723ce2d4,,,
5,18,x[11],True,x[11],0.16129032258064513,9dada49e784601183eb3a1e1723ce2d4,,,
5,18,x[11],True,x[11],0.16129032258064513,9dada49e784601183eb3a1e1723ce2d4,,,
5,18,x[11],True,x[11],0.16129032258064513,9dada49e784601183eb3a1e1723ce2d4,,,
5,18,x[11],True,x[11],0.16129032258064513,9dada49e784601183eb3a1e1723ce2d4,,,
5,18,x[11],True,x[11],0.16129032258064513,9dada49e784601183eb3a1e1723ce2d4,,,
5,18,x[11],True,x[11],0.16129032258064513,9dada49e784601183eb3a1e1723ce2d4,,,
5,18,x[11],True,x[11],0.16129032258064513,9dada49e784601183eb3a1e1723ce2d4,,,
5,18,x[11],True,x[11],0.16129032258064513,9dada49e784601183eb3a1e1723ce2d4,,,
5,18,x[11],True,x[11],0.16129032258064513,9dada49e784601183eb3a1e1723ce2d4,,,
5,18,x[11],True,x[11],0.16129032258064513,9dada49e784601183eb3a1e1723ce2d4,,,
5,18,x[11],True,x[11],0.16129032258064513,9dada49e784601183eb3a1e1723ce2d4,,,
5,18,x[11],True,x[11],0.16129032258064513,9dada49e784601183eb3a1e1723ce2d4,,,
5,18,x[11],True,x[11],0.16129032258064513,9dada49e784601183eb3a1e1723ce2d4,,,
5,18,x[11],True,x[11],0.16129032258064513,9dada49e784601183eb3a1e1723ce2d4,,,
5,18,x[11],True,x[11],0.16129032258064513,9dada49e784601183eb3a1e1723ce2d4,,,
5,18,x[11],True,x[11],0.16129032258064513,9dada49e784601183eb3a1e1723ce2d4,,,
5,18,x[11],True,x[11],0.16129032258064513,9dada49e784601183eb3a1e1723ce2d4,,,
5,18,x[11],True,x[11],0.16129032258064513,9dada49e784601183eb3a1e1723ce2d4,,,
5,18,x[11],True,x[11],0.16129032258064513,9dada49e784601183eb3a1e1723ce2d4,,,
5,18,x[11],True,x[11],0.16129032258064513,9dada49e784601183eb3a1e1723ce2d4,,,
5,18,x[11],True,x[11],0.16129032258064513,9dada49e784601183eb3a1e1723ce2d4,,,
5,18,x[11],True,x[11],0.16129032258064513,9dada49e784601183eb3a1e1723ce2d4,,,
5,18,x[8],True,x[8],0.4354838709677419,8c6b56831adf589cc7ca352d27aafe6d,,,
5,18,x[11],True,x[11],0.16129032258064513,9dada49e784601183eb3a1e1723ce2d4,,,
5,18,x[11],True,x[11],0.16129032258064513,9dada49e784601183eb3a1e1723ce2d4,,,
5,18,x[11],True,x[11],0.16129032258064513,9dada49e784601183eb3a1e1723ce2d4,,,
5,18,x[4],True,x[4],0.49193548387096775,c062f6f76dec194bafe0ddbf91add8d9,,,
5,18,x[11],True,x[11],0.16129032258064513,9dada49e784601183eb3a1e1723ce2d4,,,
5,18,x[11],True,x[11],0.16129032258064513,9dada49e784601183eb3a1e1723ce2d4,,,
5,18,x[11],True,x[11],0.16129032258064513,9dada49e784601183eb3a1e1723ce2d4,,,
5,18,x[11],True,x[11],0.16129032258064513,9dada49e784601183eb3a1e1723ce2d4,,,
5,18,x[11],True,x[11],0.16129032258064513,9dada49e784601183eb3a1e1723ce2d4,,,
5,18,x[11],True,x[11],0.16129032258064513,9dada49e784601183eb3a1e1723ce2d4,,,
5,18,x[11],True,x[11],0.16129032258064513,9dada49e784601183eb3a1e1723ce2d4,,,
5,18,x[11],True,x[11],0.16129032258064513,9dada49e784601183eb3a1e1723ce2d4,,,
5,18,x[11],True,x[11],0.16129032258064513,9dada49e784601183eb3a1e1723ce2d4,,,
5,18,x[11],True,x[11],0.16129032258064513,9dada49e784601183eb3a1e1723ce2d4,,,
5,18,x[11],True,x[11],0.16129032258064513,9dada49e784601183eb3a1e1723ce2d4,,,
5,18,x[11],True,x[11],0.16129032258064513,9dada49e784601183eb3a1e1723ce2d4,,,
5,18,x[11],True,x[11],0.16129032258064513,9dada49e784601183eb3a1e1723ce2d4,,,
5,18,x[11],True,x[11],0.16129032258064513,9dada49e784601183eb3a1e1723ce2d4,,,
5,18,x[11],True,x[11],0.16129032258064513,9dada49e784601183eb3a1e1723ce2d4,,,
5,18,x[11],True,x[11],0.16129032258064513,9dada49e784601183eb3a1e1723ce2d4,,,
5,18,x[11],True,x[11],0.16129032258064513,9dada49e784601183eb3a1e1723ce2d4,,,
5,18,x[11],True,x[11],0.16129032258064513,9dada49e784601183eb3a1e1723ce2d4,,,
5,18,x[11],True,x[11],0.16129032258064513,9dada49e784601183eb3a1e1723ce2d4,,,
5,18,x[11],True,x[11],0.16129032258064513,9dada49e784601183eb3a1e1723ce2d4,,,
5,18,x[11],True,x[11],0.16129032258064513,9dada49e784601183eb3a1e1723ce2d4,,,
5,18,x[11],True,x[11],0.16129032258064513,9dada49e784601183eb3a1e1723ce2d4,,,
5,18,x[11],True,x[11],0.16129032258064513,9dada49e784601183eb3a1e1723ce2d4,,,
5,18,x[11],True,x[11],0.16129032258064513,9dada49e784601183eb3a1e1723ce2d4,,,
5,18,x[11],True,x[11],0.16129032258064513,9dada49e784601183eb3a1e1723ce2d4,,,
5,18,x[11],True,x[11],0.16129032258064513,9dada49e784601183eb3a1e1723ce2d4,,,
5,18,x[11],True,x[11],0.16129032258064513,9dada49e784601183eb3a1e1723ce2d4,,,
5,18,x[11],True,x[11],0.16129032258064513,9dada49e784601183eb3a1e1723ce2d4,,,
5,18,x[11],True,x[11],0.16129032258064513,9dada49e784601183eb3a1e1723ce2d4,,,
5,18,x[11],True,x[11],0.16129032258064513,9dada49e784601183eb3a1e1723ce2d4,,,
5,18,x[11],True,x[11],0.16129032258064513,9dada49e784601183eb3a1e1723ce2d4,,,
5,18,x[11],True,x[11],0.16129032258064513,9dada49e784601183eb3a1e1723ce2d4,,,
5,18,x[11],True,x[11],0.16129032258064513,9dada49e784601183eb3a1e1723ce2d4,,,
5,18,x[11],True,x[11],0.16129032258064513,9dada49e784601183eb3a1e1723ce2d4,,,
5,18,x[11],True,x[11],0.16129032258064513,9dada49e784601183eb3a1e1723ce2d4,,,
5,18,x[11],True,x[11],0.16129032258064513,9dada49e784601183eb3a1e1723ce2d4,,,
5,18,x[11],True,x[11],0.16129032258064513,9dada49e784601183eb3a1e1723ce2d4,,,
5,18,x[11],True,x[11],0.16129032258064513,9dada49e784601183eb3a1e1723ce2d4,,,
5,18,x[11],True,x[11],0.16129032258064513,9dada49e784601183eb3a1e1723ce2d4,,,
5,18,x[11],True,x[11],0.16129032258064513,9dada49e784601183eb3a1e1723ce2d4,,,
5,18,x[11],True,x[11],0.16129032258064513,9dada49e784601183eb3a1e1723ce2d4,,,
5,18,x[11],True,x[11],0.16129032258064513,9dada49e784601183eb3a1e1723ce2d4,,,
5,18,x[11],True,x[11],0.16129032258064513,9dada49e784601183eb3a1e1723ce2d4,,,
5,18,x[11],True,x[11],0.16129032258064513,9dada49e784601183eb3a1e1723ce2d4,,,
5,18,x[11],True,x[11],0.16129032258064513,9dada49e784601183eb3a1e1723ce2d4,,,
5,18,x[11],True,x[11],0.16129032258064513,9dada49e784601183eb3a1e1723ce2d4,,,
5,18,x[11],True,x[11],0.16129032258064513,9dada49e784601183eb3a1e1723ce2d4,,,
5,18,x[11],True,x[11],0.16129032258064513,9dada49e784601183eb3a1e1723ce2d4,,,
5,18,x[11],True,x[11],0.16129032258064513,9dada49e784601183eb3a1e1723ce2d4,,,
5,18,x[11],True,x[11],0.16129032258064513,9dada49e784601183eb3a1e1723ce2d4,,,
5,18,x[11],True,x[11],0.16129032258064513,9dada49e784601183eb3a1e1723ce2d4,,,
5,18,x[11],True,x[11],0.16129032258064513,9dada49e784601183eb3a1e1723ce2d4,,,
5,18,x[11],True,x[11],0.16129032258064513,9dada49e784601183eb3a1e1723ce2d4,,,
5,18,x[11],True,x[11],0.16129032258064513,9dada49e784601183eb3a1e1723ce2d4,,,
5,18,x[11],True,x[11],0.16129032258064513,9dada49e784601183eb3a1e1723ce2d4,,,
5,18,x[11],True,x[11],0.16129032258064513,9dada49e784601183eb3a1e1723ce2d4,,,
5,18,x[9],True,x[9],0.2338709677419355,2e0260aa627dff742f7c723c8367e701,,,
5,18,x[11],True,x[11],0.16129032258064513,9dada49e784601183eb3a1e1723ce2d4,,,
5,18,x[11],True,x[11],0.16129032258064513,9dada49e784601183eb3a1e1723ce2d4,,,
5,18,x[11],True,x[11],0.16129032258064513,9dada49e784601183eb3a1e1723ce2d4,,,
5,18,x[11],True,x[11],0.16129032258064513,9dada49e784601183eb3a1e1723ce2d4,,,
5,18,x[11],True,x[11],0.16129032258064513,9dada49e784601183eb3a1e1723ce2d4,,,
5,18,x[11],True,x[11],0.16129032258064513,9dada49e784601183eb3a1e1723ce2d4,,,
5,18,x[11],True,x[11],0.16129032258064513,9dada49e784601183eb3a1e1723ce2d4,,,
5,18,x[11],True,x[11],0.16129032258064513,9dada49e784601183eb3a1e1723ce2d4,,,
5,18,x[11],True,x[11],0.16129032258064513,9dada49e784601183eb3a1e1723ce2d4,,,
5,18,x[11],True,x[11],0.16129032258064513,9dada49e784601183eb3a1e1723ce2d4,,,
5,18,x[11],True,x[11],0.16129032258064513,9dada49e784601183eb3a1e1723ce2d4,,,
5,18,x[11],True,x[11],0.16129032258064513,9dada49e784601183eb3a1e1723ce2d4,,,
5,18,x[11],True,x[11],0.16129032258064513,9dada49e784601183eb3a1e1723ce2d4,,,
5,18,x[11],True,x[11],0.16129032258064513,9dada49e784601183eb3a1e1723ce2d4,,,
5,18,x[11],True,x[11],0.16129032258064513,9dada49e784601183eb3a1e1723ce2d4,,,
5,18,x[11],True,x[11],0.16129032258064513,9dada49e784601183eb3a1e1723ce2d4,,,
5,18,x[11],True,x[11],0.16129032258064513,9dada49e784601183eb3a1e1723ce2d4,,,
5,18,x[11],True,x[11],0.16129032258064513,9dada49e784601183eb3a1e1723ce2d4,,,
5,18,x[11],True,x[11],0.16129032258064513,9dada49e784601183eb3a1e1723ce2d4,,,
5,18,x[11],True,x[11],0.16129032258064513,9dada49e784601183eb3a1e1723ce2d4,,,
5,18,x[11],True,x[11],0.16129032258064513,9dada49e784601183eb3a1e1723ce2d4,,,
5,18,"and_(and_(x[9],and_(and_(x[6],x[13]),not_(x[10]))),x[6])",True,"and_(and_(x[9],and_(and_(x[6],x[13]),not_(x[10]))),x[6])",0.7661290322580645,147c7c37315362cfc455b376118e2d72,,,
5,18,x[11],True,x[11],0.16129032258064513,9dada49e784601183eb3a1e1723ce2d4,,,
5,18,x[11],True,x[11],0.16129032258064513,9dada49e784601183eb3a1e1723ce2d4,,,
5,18,x[11],True,x[11],0.16129032258064513,9dada49e784601183eb3a1e1723ce2d4,,,
5,18,x[11],True,x[11],0.16129032258064513,9dada49e784601183eb3a1e1723ce2d4,,,
5,18,x[11],True,x[11],0.16129032258064513,9dada49e784601183eb3a1e1723ce2d4,,,
5,18,x[11],True,x[11],0.16129032258064513,9dada49e784601183eb3a1e1723ce2d4,,,
5,18,x[11],True,x[11],0.16129032258064513,9dada49e784601183eb3a1e1723ce2d4,,,
5,18,x[11],True,x[11],0.16129032258064513,9dada49e784601183eb3a1e1723ce2d4,,,
5,18,x[11],True,x[11],0.16129032258064513,9dada49e784601183eb3a1e1723ce2d4,,,
5,18,x[11],True,x[11],0.16129032258064513,9dada49e784601183eb3a1e1723ce2d4,,,
5,18,x[11],True,x[11],0.16129032258064513,9dada49e784601183eb3a1e1723ce2d4,,,
5,18,x[11],True,x[11],0.16129032258064513,9dada49e784601183eb3a1e1723ce2d4,,,
5,18,x[11],True,x[11],0.16129032258064513,9dada49e784601183eb3a1e1723ce2d4,,,
5,18,x[11],True,x[11],0.16129032258064513,9dada49e784601183eb3a1e1723ce2d4,,,
5,18,x[11],True,x[11],0.16129032258064513,9dada49e784601183eb3a1e1723ce2d4,,,
5,18,x[11],True,x[11],0.16129032258064513,9dada49e784601183eb3a1e1723ce2d4,,,
5,18,x[11],True,x[11],0.16129032258064513,9dada49e784601183eb3a1e1723ce2d4,,,
5,18,x[11],True,x[11],0.16129032258064513,9dada49e784601183eb3a1e1723ce2d4,,,
5,18,x[11],True,x[11],0.16129032258064513,9dada49e784601183eb3a1e1723ce2d4,,,
5,18,x[11],True,x[11],0.16129032258064513,9dada49e784601183eb3a1e1723ce2d4,,,
5,18,x[11],True,x[11],0.16129032258064513,9dada49e784601183eb3a1e1723ce2d4,,,
5,18,x[11],True,x[11],0.16129032258064513,9dada49e784601183eb3a1e1723ce2d4,,,
5,18,x[11],True,x[11],0.16129032258064513,9dada49e784601183eb3a1e1723ce2d4,,,
5,18,x[11],True,x[11],0.16129032258064513,9dada49e784601183eb3a1e1723ce2d4,,,
5,18,x[11],True,x[11],0.16129032258064513,9dada49e784601183eb3a1e1723ce2d4,,,
5,18,x[11],True,x[11],0.16129032258064513,9dada49e784601183eb3a1e1723ce2d4,,,
5,18,x[11],True,x[11],0.16129032258064513,9dada49e784601183eb3a1e1723ce2d4,,,
5,18,x[11],True,x[11],0.16129032258064513,9dada49e784601183eb3a1e1723ce2d4,,,
5,18,x[11],True,x[11],0.16129032258064513,9dada49e784601183eb3a1e1723ce2d4,,,
5,18,x[11],True,x[11],0.16129032258064513,9dada49e784601183eb3a1e1723ce2d4,,,
5,18,x[11],True,x[11],0.16129032258064513,9dada49e784601183eb3a1e1723ce2d4,,,
5,18,x[11],True,x[11],0.16129032258064513,9dada49e784601183eb3a1e1723ce2d4,,,
5,18,x[11],True,x[11],0.16129032258064513,9dada49e784601183eb3a1e1723ce2d4,,,
5,18,x[11],True,x[11],0.16129032258064513,9dada49e784601183eb3a1e1723ce2d4,,,
5,18,x[11],True,x[11],0.16129032258064513,9dada49e784601183eb3a1e1723ce2d4,,,
5,18,x[11],True,x[11],0.16129032258064513,9dada49e784601183eb3a1e1723ce2d4,,,
5,18,x[11],True,x[11],0.16129032258064513,9dada49e784601183eb3a1e1723ce2d4,,,
5,18,x[11],True,x[11],0.16129032258064513,9dada49e784601183eb3a1e1723ce2d4,,,
5,18,x[11],True,x[11],0.16129032258064513,9dada49e784601183eb3a1e1723ce2d4,,,
5,18,x[11],True,x[11],0.16129032258064513,9dada49e784601183eb3a1e1723ce2d4,,,
5,18,x[11],True,x[11],0.16129032258064513,9dada49e784601183eb3a1e1723ce2d4,,,
5,18,x[11],True,x[11],0.16129032258064513,9dada49e784601183eb3a1e1723ce2d4,,,
5,18,x[11],True,x[11],0.16129032258064513,9dada49e784601183eb3a1e1723ce2d4,,,
5,18,x[11],True,x[11],0.16129032258064513,9dada49e784601183eb3a1e1723ce2d4,,,
5,18,x[11],True,x[11],0.16129032258064513,9dada49e784601183eb3a1e1723ce2d4,,,
5,18,x[11],True,x[11],0.16129032258064513,9dada49e784601183eb3a1e1723ce2d4,,,
5,18,x[11],True,x[11],0.16129032258064513,9dada49e784601183eb3a1e1723ce2d4,,,
5,18,x[11],True,x[11],0.16129032258064513,9dada49e784601183eb3a1e1723ce2d4,,,
5,18,x[11],True,x[11],0.16129032258064513,9dada49e784601183eb3a1e1723ce2d4,,,
5,18,"not_(and_(and_(x[9],and_(and_(x[6],x[13]),not_(x[10]))),x[6]))",True,"not_(and_(x[9],and_(and_(x[6],x[13]),not_(x[10]))))",0.2338709677419355,f06ce488fb9596077ad2aea453608f76,,,
5,18,x[11],True,x[11],0.16129032258064513,9dada49e784601183eb3a1e1723ce2d4,,,
5,18,x[11],True,x[11],0.16129032258064513,9dada49e784601183eb3a1e1723ce2d4,,,
5,18,x[11],True,x[11],0.16129032258064513,9dada49e784601183eb3a1e1723ce2d4,,,
5,18,x[11],True,x[11],0.16129032258064513,9dada49e784601183eb3a1e1723ce2d4,,,
5,18,x[11],True,x[11],0.16129032258064513,9dada49e784601183eb3a1e1723ce2d4,,,
5,18,x[11],True,x[11],0.16129032258064513,9dada49e784601183eb3a1e1723ce2d4,,,
5,18,x[11],True,x[11],0.16129032258064513,9dada49e784601183eb3a1e1723ce2d4,,,
5,18,x[11],True,x[11],0.16129032258064513,9dada49e784601183eb3a1e1723ce2d4,,,
5,18,x[11],True,x[11],0.16129032258064513,9dada49e784601183eb3a1e1723ce2d4,,,
5,18,x[11],True,x[11],0.16129032258064513,9dada49e784601183eb3a1e1723ce2d4,,,
5,18,x[11],True,x[11],0.16129032258064513,9dada49e784601183eb3a1e1723ce2d4,,,
5,18,x[11],True,x[11],0.16129032258064513,9dada49e784601183eb3a1e1723ce2d4,,,
5,18,x[11],True,x[11],0.16129032258064513,9dada49e784601183eb3a1e1723ce2d4,,,
5,18,x[11],True,x[11],0.16129032258064513,9dada49e784601183eb3a1e1723ce2d4,,,
5,18,x[11],True,x[11],0.16129032258064513,9dada49e784601183eb3a1e1723ce2d4,,,
5,18,x[11],True,x[11],0.16129032258064513,9dada49e784601183eb3a1e1723ce2d4,,,
5,18,x[11],True,x[11],0.16129032258064513,9dada49e784601183eb3a1e1723ce2d4,,,
5,18,x[11],True,x[11],0.16129032258064513,9dada49e784601183eb3a1e1723ce2d4,,,
5,18,x[11],True,x[11],0.16129032258064513,9dada49e784601183eb3a1e1723ce2d4,,,
5,18,x[11],True,x[11],0.16129032258064513,9dada49e784601183eb3a1e1723ce2d4,,,
5,18,x[11],True,x[11],0.16129032258064513,9dada49e784601183eb3a1e1723ce2d4,,,
5,18,x[11],True,x[11],0.16129032258064513,9dada49e784601183eb3a1e1723ce2d4,,,
5,18,x[11],True,x[11],0.16129032258064513,9dada49e784601183eb3a1e1723ce2d4,,,
5,18,x[11],True,x[11],0.16129032258064513,9dada49e784601183eb3a1e1723ce2d4,,,
5,18,x[11],True,x[11],0.16129032258064513,9dada49e784601183eb3a1e1723ce2d4,,,
5,18,x[11],True,x[11],0.16129032258064513,9dada49e784601183eb3a1e1723ce2d4,,,
5,18,x[11],True,x[11],0.16129032258064513,9dada49e784601183eb3a1e1723ce2d4,,,
5,18,x[11],True,x[11],0.16129032258064513,9dada49e784601183eb3a1e1723ce2d4,,,
5,18,x[11],True,x[11],0.16129032258064513,9dada49e784601183eb3a1e1723ce2d4,,,
5,18,x[11],True,x[11],0.16129032258064513,9dada49e784601183eb3a1e1723ce2d4,,,
5,18,x[11],True,x[11],0.16129032258064513,9dada49e784601183eb3a1e1723ce2d4,,,
5,18,x[11],True,x[11],0.16129032258064513,9dada49e784601183eb3a1e1723ce2d4,,,
5,18,x[11],True,x[11],0.16129032258064513,9dada49e784601183eb3a1e1723ce2d4,,,
5,18,x[11],True,x[11],0.16129032258064513,9dada49e784601183eb3a1e1723ce2d4,,,
5,18,x[11],True,x[11],0.16129032258064513,9dada49e784601183eb3a1e1723ce2d4,,,
5,18,x[4],True,x[4],0.49193548387096775,c062f6f76dec194bafe0ddbf91add8d9,,,
5,18,x[11],True,x[11],0.16129032258064513,9dada49e784601183eb3a1e1723ce2d4,,,
5,18,x[11],True,x[11],0.16129032258064513,9dada49e784601183eb3a1e1723ce2d4,,,
5,18,x[11],True,x[11],0.16129032258064513,9dada49e784601183eb3a1e1723ce2d4,,,
5,18,x[11],True,x[11],0.16129032258064513,9dada49e784601183eb3a1e1723ce2d4,,,
5,18,x[11],True,x[11],0.16129032258064513,9dada49e784601183eb3a1e1723ce2d4,,,
5,18,x[11],True,x[11],0.16129032258064513,9dada49e784601183eb3a1e1723ce2d4,,,
5,18,x[1],True,x[1],0.685483870967742,48150b63a14de07ac8ada4efd9d4896c,,,
5,18,x[9],True,x[9],0.2338709677419355,2e0260aa627dff742f7c723c8367e701,,,
5,18,x[8],True,x[8],0.4354838709677419,8c6b56831adf589cc7ca352d27aafe6d,,,
5,18,x[6],True,x[6],0.30645161290322576,d902aea98596abf07e07d9c42be380bf,,,
5,18,x[11],True,x[11],0.16129032258064513,9dada49e784601183eb3a1e1723ce2d4,,,
5,18,x[11],True,x[11],0.16129032258064513,9dada49e784601183eb3a1e1723ce2d4,,,
5,18,x[11],True,x[11],0.16129032258064513,9dada49e784601183eb3a1e1723ce2d4,,,
5,18,x[12],True,x[12],0.18548387096774188,0d372214e94f96a8c686509e4d084014,,,
5,18,x[11],True,x[11],0.16129032258064513,9dada49e784601183eb3a1e1723ce2d4,,,
5,18,x[11],True,x[11],0.16129032258064513,9dada49e784601183eb3a1e1723ce2d4,,,
5,18,x[13],True,x[13],0.217741935483871,060f7b59fcb1852e9befb4d0292eca15,,,
5,18,x[11],True,x[11],0.16129032258064513,9dada49e784601183eb3a1e1723ce2d4,,,
5,18,x[13],True,x[13],0.217741935483871,060f7b59fcb1852e9befb4d0292eca15,,,
5,18,x[11],True,x[11],0.16129032258064513,9dada49e784601183eb3a1e1723ce2d4,,,
5,18,x[11],True,x[11],0.16129032258064513,9dada49e784601183eb3a1e1723ce2d4,,,
5,18,x[11],True,x[11],0.16129032258064513,9dada49e784601183eb3a1e1723ce2d4,,,
5,18,x[11],True,x[11],0.16129032258064513,9dada49e784601183eb3a1e1723ce2d4,,,
5,18,x[11],True,x[11],0.16129032258064513,9dada49e784601183eb3a1e1723ce2d4,,,
5,18,x[11],True,x[11],0.16129032258064513,9dada49e784601183eb3a1e1723ce2d4,,,
5,18,x[11],True,x[11],0.16129032258064513,9dada49e784601183eb3a1e1723ce2d4,,,
5,18,x[11],True,x[11],0.16129032258064513,9dada49e784601183eb3a1e1723ce2d4,,,
5,18,x[11],True,x[11],0.16129032258064513,9dada49e784601183eb3a1e1723ce2d4,,,
5,18,x[11],True,x[11],0.16129032258064513,9dada49e784601183eb3a1e1723ce2d4,,,
5,18,x[11],True,x[11],0.16129032258064513,9dada49e784601183eb3a1e1723ce2d4,,,
5,18,x[11],True,x[11],0.16129032258064513,9dada49e784601183eb3a1e1723ce2d4,,,
5,18,x[11],True,x[11],0.16129032258064513,9dada49e784601183eb3a1e1723ce2d4,,,
5,18,x[11],True,x[11],0.16129032258064513,9dada49e784601183eb3a1e1723ce2d4,,,
5,18,x[11],True,x[11],0.16129032258064513,9dada49e784601183eb3a1e1723ce2d4,,,
5,18,x[11],True,x[11],0.16129032258064513,9dada49e784601183eb3a1e1723ce2d4,,,
5,18,x[11],True,x[11],0.16129032258064513,9dada49e784601183eb3a1e1723ce2d4,,,
5,18,x[11],True,x[11],0.16129032258064513,9dada49e784601183eb3a1e1723ce2d4,,,
5,18,x[11],True,x[11],0.16129032258064513,9dada49e784601183eb3a1e1723ce2d4,,,
5,18,x[11],True,x[11],0.16129032258064513,9dada49e784601183eb3a1e1723ce2d4,,,
5,18,x[11],True,x[11],0.16129032258064513,9dada49e784601183eb3a1e1723ce2d4,,,
5,18,x[11],True,x[11],0.16129032258064513,9dada49e784601183eb3a1e1723ce2d4,,,
5,18,x[11],True,x[11],0.16129032258064513,9dada49e784601183eb3a1e1723ce2d4,,,
5,18,x[11],True,x[11],0.16129032258064513,9dada49e784601183eb3a1e1723ce2d4,,,
5,18,x[11],True,x[11],0.16129032258064513,9dada49e784601183eb3a1e1723ce2d4,,,
5,18,x[11],True,x[11],0.16129032258064513,9dada49e784601183eb3a1e1723ce2d4,,,
5,18,x[11],True,x[11],0.16129032258064513,9dada49e784601183eb3a1e1723ce2d4,,,
5,18,x[11],True,x[11],0.16129032258064513,9dada49e784601183eb3a1e1723ce2d4,,,
5,18,x[11],True,x[11],0.16129032258064513,9dada49e784601183eb3a1e1723ce2d4,,,
5,18,x[4],True,x[4],0.49193548387096775,c062f6f76dec194bafe0ddbf91add8d9,,,
5,18,x[11],True,x[11],0.16129032258064513,9dada49e784601183eb3a1e1723ce2d4,,,
5,18,x[11],True,x[11],0.16129032258064513,9dada49e784601183eb3a1e1723ce2d4,,,
5,18,x[11],True,x[11],0.16129032258064513,9dada49e784601183eb3a1e1723ce2d4,,,
5,18,x[11],True,x[11],0.16129032258064513,9dada49e784601183eb3a1e1723ce2d4,,,
5,18,x[11],True,x[11],0.16129032258064513,9dada49e784601183eb3a1e1723ce2d4,,,
5,18,x[11],True,x[11],0.16129032258064513,9dada49e784601183eb3a1e1723ce2d4,,,
5,18,x[11],True,x[11],0.16129032258064513,9dada49e784601183eb3a1e1723ce2d4,,,
5,18,x[11],True,x[11],0.16129032258064513,9dada49e784601183eb3a1e1723ce2d4,,,
5,18,x[11],True,x[11],0.16129032258064513,9dada49e784601183eb3a1e1723ce2d4,,,
5,18,x[11],True,x[11],0.16129032258064513,9dada49e784601183eb3a1e1723ce2d4,,,
5,18,x[11],True,x[11],0.16129032258064513,9dada49e784601183eb3a1e1723ce2d4,,,
5,18,x[11],True,x[11],0.16129032258064513,9dada49e784601183eb3a1e1723ce2d4,,,
5,18,x[11],True,x[11],0.16129032258064513,9dada49e784601183eb3a1e1723ce2d4,,,
5,18,x[10],True,x[10],0.24193548387096775,7424f049dcd7de48c5ec487367408f4f,,,
5,18,x[11],True,x[11],0.16129032258064513,9dada49e784601183eb3a1e1723ce2d4,,,
5,18,x[14],True,x[14],0.22580645161290325,5184b187f6f474f266ff1a9e52a8b41f,,,
5,18,x[11],True,x[11],0.16129032258064513,9dada49e784601183eb3a1e1723ce2d4,,,
5,18,x[6],True,x[6],0.30645161290322576,d902aea98596abf07e07d9c42be380bf,,,
5,18,x[11],True,x[11],0.16129032258064513,9dada49e784601183eb3a1e1723ce2d4,,,
5,18,x[11],True,x[11],0.16129032258064513,9dada49e784601183eb3a1e1723ce2d4,,,
5,18,x[11],True,x[11],0.16129032258064513,9dada49e784601183eb3a1e1723ce2d4,,,
5,18,x[11],True,x[11],0.16129032258064513,9dada49e784601183eb3a1e1723ce2d4,,,
5,18,x[11],True,x[11],0.16129032258064513,9dada49e784601183eb3a1e1723ce2d4,,,
5,18,x[11],True,x[11],0.16129032258064513,9dada49e784601183eb3a1e1723ce2d4,,,
5,18,x[11],True,x[11],0.16129032258064513,9dada49e784601183eb3a1e1723ce2d4,,,
5,18,x[11],True,x[11],0.16129032258064513,9dada49e784601183eb3a1e1723ce2d4,,,
5,18,x[11],True,x[11],0.16129032258064513,9dada49e784601183eb3a1e1723ce2d4,,,
5,18,x[11],True,x[11],0.16129032258064513,9dada49e784601183eb3a1e1723ce2d4,,,
5,18,x[11],True,x[11],0.16129032258064513,9dada49e784601183eb3a1e1723ce2d4,,,
5,18,x[11],True,x[11],0.16129032258064513,9dada49e784601183eb3a1e1723ce2d4,,,
5,18,x[11],True,x[11],0.16129032258064513,9dada49e784601183eb3a1e1723ce2d4,,,
5,18,x[11],True,x[11],0.16129032258064513,9dada49e784601183eb3a1e1723ce2d4,,,
5,18,x[11],True,x[11],0.16129032258064513,9dada49e784601183eb3a1e1723ce2d4,,,
5,18,x[13],True,x[13],0.217741935483871,060f7b59fcb1852e9befb4d0292eca15,,,
5,18,x[11],True,x[11],0.16129032258064513,9dada49e784601183eb3a1e1723ce2d4,,,
5,18,x[11],True,x[11],0.16129032258064513,9dada49e784601183eb3a1e1723ce2d4,,,
5,18,x[11],True,x[11],0.16129032258064513,9dada49e784601183eb3a1e1723ce2d4,,,
5,18,x[11],True,x[11],0.16129032258064513,9dada49e784601183eb3a1e1723ce2d4,,,
5,18,x[11],True,x[11],0.16129032258064513,9dada49e784601183eb3a1e1723ce2d4,,,
5,18,x[11],True,x[11],0.16129032258064513,9dada49e784601183eb3a1e1723ce2d4,,,
5,18,x[11],True,x[11],0.16129032258064513,9dada49e784601183eb3a1e1723ce2d4,,,
5,18,x[11],True,x[11],0.16129032258064513,9dada49e784601183eb3a1e1723ce2d4,,,
5,18,x[11],True,x[11],0.16129032258064513,9dada49e784601183eb3a1e1723ce2d4,,,
5,18,x[11],True,x[11],0.16129032258064513,9dada49e784601183eb3a1e1723ce2d4,,,
5,19,x[11],True,x[11],0.16129032258064513,9dada49e784601183eb3a1e1723ce2d4,,,
5,19,x[11],True,x[11],0.16129032258064513,9dada49e784601183eb3a1e1723ce2d4,,,
5,19,x[11],True,x[11],0.16129032258064513,9dada49e784601183eb3a1e1723ce2d4,,,
5,19,x[11],True,x[11],0.16129032258064513,9dada49e784601183eb3a1e1723ce2d4,,,
5,19,x[4],True,x[4],0.49193548387096775,c062f6f76dec194bafe0ddbf91add8d9,,,
5,19,x[11],True,x[11],0.16129032258064513,9dada49e784601183eb3a1e1723ce2d4,,,
5,19,x[11],True,x[11],0.16129032258064513,9dada49e784601183eb3a1e1723ce2d4,,,
5,19,x[11],True,x[11],0.16129032258064513,9dada49e784601183eb3a1e1723ce2d4,,,
5,19,x[11],True,x[11],0.16129032258064513,9dada49e784601183eb3a1e1723ce2d4,,,
5,19,x[11],True,x[11],0.16129032258064513,9dada49e784601183eb3a1e1723ce2d4,,,
5,19,x[11],True,x[11],0.16129032258064513,9dada49e784601183eb3a1e1723ce2d4,,,
5,19,x[11],True,x[11],0.16129032258064513,9dada49e784601183eb3a1e1723ce2d4,,,
5,19,x[11],True,x[11],0.16129032258064513,9dada49e784601183eb3a1e1723ce2d4,,,
5,19,x[11],True,x[11],0.16129032258064513,9dada49e784601183eb3a1e1723ce2d4,,,
5,19,x[11],True,x[11],0.16129032258064513,9dada49e784601183eb3a1e1723ce2d4,,,
5,19,x[9],True,x[9],0.2338709677419355,2e0260aa627dff742f7c723c8367e701,,,
5,19,x[11],True,x[11],0.16129032258064513,9dada49e784601183eb3a1e1723ce2d4,,,
5,19,x[11],True,x[11],0.16129032258064513,9dada49e784601183eb3a1e1723ce2d4,,,
5,19,x[11],True,x[11],0.16129032258064513,9dada49e784601183eb3a1e1723ce2d4,,,
5,19,x[11],True,x[11],0.16129032258064513,9dada49e784601183eb3a1e1723ce2d4,,,
5,19,x[11],True,x[11],0.16129032258064513,9dada49e784601183eb3a1e1723ce2d4,,,
5,19,x[4],True,x[4],0.49193548387096775,c062f6f76dec194bafe0ddbf91add8d9,,,
5,19,x[11],True,x[11],0.16129032258064513,9dada49e784601183eb3a1e1723ce2d4,,,
5,19,x[11],True,x[11],0.16129032258064513,9dada49e784601183eb3a1e1723ce2d4,,,
5,19,x[11],True,x[11],0.16129032258064513,9dada49e784601183eb3a1e1723ce2d4,,,
5,19,x[11],True,x[11],0.16129032258064513,9dada49e784601183eb3a1e1723ce2d4,,,
5,19,x[11],True,x[11],0.16129032258064513,9dada49e784601183eb3a1e1723ce2d4,,,
5,19,x[11],True,x[11],0.16129032258064513,9dada49e784601183eb3a1e1723ce2d4,,,
5,19,x[11],True,x[11],0.16129032258064513,9dada49e784601183eb3a1e1723ce2d4,,,
5,19,x[6],True,x[6],0.30645161290322576,d902aea98596abf07e07d9c42be380bf,,,
5,19,x[11],True,x[11],0.16129032258064513,9dada49e784601183eb3a1e1723ce2d4,,,
5,19,x[11],True,x[11],0.16129032258064513,9dada49e784601183eb3a1e1723ce2d4,,,
5,19,x[11],True,x[11],0.16129032258064513,9dada49e784601183eb3a1e1723ce2d4,,,
5,19,x[11],True,x[11],0.16129032258064513,9dada49e784601183eb3a1e1723ce2d4,,,
5,19,x[11],True,x[11],0.16129032258064513,9dada49e784601183eb3a1e1723ce2d4,,,
5,19,x[11],True,x[11],0.16129032258064513,9dada49e784601183eb3a1e1723ce2d4,,,
5,19,x[11],True,x[11],0.16129032258064513,9dada49e784601183eb3a1e1723ce2d4,,,
5,19,x[11],True,x[11],0.16129032258064513,9dada49e784601183eb3a1e1723ce2d4,,,
5,19,x[11],True,x[11],0.16129032258064513,9dada49e784601183eb3a1e1723ce2d4,,,
5,19,x[11],True,x[11],0.16129032258064513,9dada49e784601183eb3a1e1723ce2d4,,,
5,19,x[11],True,x[11],0.16129032258064513,9dada49e784601183eb3a1e1723ce2d4,,,
5,19,x[11],True,x[11],0.16129032258064513,9dada49e784601183eb3a1e1723ce2d4,,,
5,19,x[11],True,x[11],0.16129032258064513,9dada49e784601183eb3a1e1723ce2d4,,,
5,19,x[11],True,x[11],0.16129032258064513,9dada49e784601183eb3a1e1723ce2d4,,,
5,19,x[11],True,x[11],0.16129032258064513,9dada49e784601183eb3a1e1723ce2d4,,,
5,19,x[11],True,x[11],0.16129032258064513,9dada49e784601183eb3a1e1723ce2d4,,,
5,19,x[11],True,x[11],0.16129032258064513,9dada49e784601183eb3a1e1723ce2d4,,,
5,19,x[11],True,x[11],0.16129032258064513,9dada49e784601183eb3a1e1723ce2d4,,,
5,19,x[11],True,x[11],0.16129032258064513,9dada49e784601183eb3a1e1723ce2d4,,,
5,19,x[11],True,x[11],0.16129032258064513,9dada49e784601183eb3a1e1723ce2d4,,,
5,19,x[11],True,x[11],0.16129032258064513,9dada49e784601183eb3a1e1723ce2d4,,,
5,19,x[11],True,x[11],0.16129032258064513,9dada49e784601183eb3a1e1723ce2d4,,,
5,19,x[11],True,x[11],0.16129032258064513,9dada49e784601183eb3a1e1723ce2d4,,,
5,19,x[11],True,x[11],0.16129032258064513,9dada49e784601183eb3a1e1723ce2d4,,,
5,19,x[11],True,x[11],0.16129032258064513,9dada49e784601183eb3a1e1723ce2d4,,,
5,19,x[11],True,x[11],0.16129032258064513,9dada49e784601183eb3a1e1723ce2d4,,,
5,19,x[11],True,x[11],0.16129032258064513,9dada49e784601183eb3a1e1723ce2d4,,,
5,19,x[11],True,x[11],0.16129032258064513,9dada49e784601183eb3a1e1723ce2d4,,,
5,19,x[11],True,x[11],0.16129032258064513,9dada49e784601183eb3a1e1723ce2d4,,,
5,19,x[1],True,x[1],0.685483870967742,48150b63a14de07ac8ada4efd9d4896c,,,
5,19,x[11],True,x[11],0.16129032258064513,9dada49e784601183eb3a1e1723ce2d4,,,
5,19,x[11],True,x[11],0.16129032258064513,9dada49e784601183eb3a1e1723ce2d4,,,
5,19,x[11],True,x[11],0.16129032258064513,9dada49e784601183eb3a1e1723ce2d4,,,
5,19,x[11],True,x[11],0.16129032258064513,9dada49e784601183eb3a1e1723ce2d4,,,
5,19,x[11],True,x[11],0.16129032258064513,9dada49e784601183eb3a1e1723ce2d4,,,
5,19,x[11],True,x[11],0.16129032258064513,9dada49e784601183eb3a1e1723ce2d4,,,
5,19,x[13],True,x[13],0.217741935483871,060f7b59fcb1852e9befb4d0292eca15,,,
5,19,x[11],True,x[11],0.16129032258064513,9dada49e784601183eb3a1e1723ce2d4,,,
5,19,x[11],True,x[11],0.16129032258064513,9dada49e784601183eb3a1e1723ce2d4,,,
5,19,x[11],True,x[11],0.16129032258064513,9dada49e784601183eb3a1e1723ce2d4,,,
5,19,x[11],True,x[11],0.16129032258064513,9dada49e784601183eb3a1e1723ce2d4,,,
5,19,x[11],True,x[11],0.16129032258064513,9dada49e784601183eb3a1e1723ce2d4,,,
5,19,x[11],True,x[11],0.16129032258064513,9dada49e784601183eb3a1e1723ce2d4,,,
5,19,x[11],True,x[11],0.16129032258064513,9dada49e784601183eb3a1e1723ce2d4,,,
5,19,x[11],True,x[11],0.16129032258064513,9dada49e784601183eb3a1e1723ce2d4,,,
5,19,x[11],True,x[11],0.16129032258064513,9dada49e784601183eb3a1e1723ce2d4,,,
5,19,x[11],True,x[11],0.16129032258064513,9dada49e784601183eb3a1e1723ce2d4,,,
5,19,x[11],True,x[11],0.16129032258064513,9dada49e784601183eb3a1e1723ce2d4,,,
5,19,x[11],True,x[11],0.16129032258064513,9dada49e784601183eb3a1e1723ce2d4,,,
5,19,x[11],True,x[11],0.16129032258064513,9dada49e784601183eb3a1e1723ce2d4,,,
5,19,x[11],True,x[11],0.16129032258064513,9dada49e784601183eb3a1e1723ce2d4,,,
5,19,x[11],True,x[11],0.16129032258064513,9dada49e784601183eb3a1e1723ce2d4,,,
5,19,x[11],True,x[11],0.16129032258064513,9dada49e784601183eb3a1e1723ce2d4,,,
5,19,x[11],True,x[11],0.16129032258064513,9dada49e784601183eb3a1e1723ce2d4,,,
5,19,x[11],True,x[11],0.16129032258064513,9dada49e784601183eb3a1e1723ce2d4,,,
5,19,x[4],True,x[4],0.49193548387096775,c062f6f76dec194bafe0ddbf91add8d9,,,
5,19,x[11],True,x[11],0.16129032258064513,9dada49e784601183eb3a1e1723ce2d4,,,
5,19,x[11],True,x[11],0.16129032258064513,9dada49e784601183eb3a1e1723ce2d4,,,
5,19,x[14],True,x[14],0.22580645161290325,5184b187f6f474f266ff1a9e52a8b41f,,,
5,19,x[11],True,x[11],0.16129032258064513,9dada49e784601183eb3a1e1723ce2d4,,,
5,19,x[11],True,x[11],0.16129032258064513,9dada49e784601183eb3a1e1723ce2d4,,,
5,19,x[11],True,x[11],0.16129032258064513,9dada49e784601183eb3a1e1723ce2d4,,,
5,19,x[11],True,x[11],0.16129032258064513,9dada49e784601183eb3a1e1723ce2d4,,,
5,19,x[9],True,x[9],0.2338709677419355,2e0260aa627dff742f7c723c8367e701,,,
5,19,x[11],True,x[11],0.16129032258064513,9dada49e784601183eb3a1e1723ce2d4,,,
5,19,x[11],True,x[11],0.16129032258064513,9dada49e784601183eb3a1e1723ce2d4,,,
5,19,x[11],True,x[11],0.16129032258064513,9dada49e784601183eb3a1e1723ce2d4,,,
5,19,x[11],True,x[11],0.16129032258064513,9dada49e784601183eb3a1e1723ce2d4,,,
5,19,x[11],True,x[11],0.16129032258064513,9dada49e784601183eb3a1e1723ce2d4,,,
5,19,x[11],True,x[11],0.16129032258064513,9dada49e784601183eb3a1e1723ce2d4,,,
5,19,x[11],True,x[11],0.16129032258064513,9dada49e784601183eb3a1e1723ce2d4,,,
5,19,x[11],True,x[11],0.16129032258064513,9dada49e784601183eb3a1e1723ce2d4,,,
5,19,x[11],True,x[11],0.16129032258064513,9dada49e784601183eb3a1e1723ce2d4,,,
5,19,x[11],True,x[11],0.16129032258064513,9dada49e784601183eb3a1e1723ce2d4,,,
5,19,x[11],True,x[11],0.16129032258064513,9dada49e784601183eb3a1e1723ce2d4,,,
5,19,x[11],True,x[11],0.16129032258064513,9dada49e784601183eb3a1e1723ce2d4,,,
5,19,x[11],True,x[11],0.16129032258064513,9dada49e784601183eb3a1e1723ce2d4,,,
5,19,x[4],True,x[4],0.49193548387096775,c062f6f76dec194bafe0ddbf91add8d9,,,
5,19,x[11],True,x[11],0.16129032258064513,9dada49e784601183eb3a1e1723ce2d4,,,
5,19,x[11],True,x[11],0.16129032258064513,9dada49e784601183eb3a1e1723ce2d4,,,
5,19,x[11],True,x[11],0.16129032258064513,9dada49e784601183eb3a1e1723ce2d4,,,
5,19,x[11],True,x[11],0.16129032258064513,9dada49e784601183eb3a1e1723ce2d4,,,
5,19,x[11],True,x[11],0.16129032258064513,9dada49e784601183eb3a1e1723ce2d4,,,
5,19,x[11],True,x[11],0.16129032258064513,9dada49e784601183eb3a1e1723ce2d4,,,
5,19,x[11],True,x[11],0.16129032258064513,9dada49e784601183eb3a1e1723ce2d4,,,
5,19,x[11],True,x[11],0.16129032258064513,9dada49e784601183eb3a1e1723ce2d4,,,
5,19,x[11],True,x[11],0.16129032258064513,9dada49e784601183eb3a1e1723ce2d4,,,
5,19,x[11],True,x[11],0.16129032258064513,9dada49e784601183eb3a1e1723ce2d4,,,
5,19,x[11],True,x[11],0.16129032258064513,9dada49e784601183eb3a1e1723ce2d4,,,
5,19,x[11],True,x[11],0.16129032258064513,9dada49e784601183eb3a1e1723ce2d4,,,
5,19,x[11],True,x[11],0.16129032258064513,9dada49e784601183eb3a1e1723ce2d4,,,
5,19,x[15],True,x[15],0.22580645161290325,301bd409bd67cc588ceaa53a6f5220a4,,,
5,19,x[11],True,x[11],0.16129032258064513,9dada49e784601183eb3a1e1723ce2d4,,,
5,19,x[11],True,x[11],0.16129032258064513,9dada49e784601183eb3a1e1723ce2d4,,,
5,19,x[11],True,x[11],0.16129032258064513,9dada49e784601183eb3a1e1723ce2d4,,,
5,19,x[18],True,x[18],0.6451612903225806,6a4c84e0915d9d2b86d121e994683436,,,
5,19,x[11],True,x[11],0.16129032258064513,9dada49e784601183eb3a1e1723ce2d4,,,
5,19,x[11],True,x[11],0.16129032258064513,9dada49e784601183eb3a1e1723ce2d4,,,
5,19,"not_(and_(and_(x[9],and_(and_(x[6],x[13]),not_(x[10]))),x[6]))",True,"not_(and_(x[9],and_(and_(x[6],x[13]),not_(x[10]))))",0.2338709677419355,f06ce488fb9596077ad2aea453608f76,,,
5,19,x[11],True,x[11],0.16129032258064513,9dada49e784601183eb3a1e1723ce2d4,,,
5,19,x[11],True,x[11],0.16129032258064513,9dada49e784601183eb3a1e1723ce2d4,,,
5,19,x[11],True,x[11],0.16129032258064513,9dada49e784601183eb3a1e1723ce2d4,,,
5,19,x[11],True,x[11],0.16129032258064513,9dada49e784601183eb3a1e1723ce2d4,,,
5,19,x[11],True,x[11],0.16129032258064513,9dada49e784601183eb3a1e1723ce2d4,,,
5,19,x[11],True,x[11],0.16129032258064513,9dada49e784601183eb3a1e1723ce2d4,,,
5,19,x[11],True,x[11],0.16129032258064513,9dada49e784601183eb3a1e1723ce2d4,,,
5,19,x[11],True,x[11],0.16129032258064513,9dada49e784601183eb3a1e1723ce2d4,,,
5,19,x[11],True,x[11],0.16129032258064513,9dada49e784601183eb3a1e1723ce2d4,,,
5,19,x[11],True,x[11],0.16129032258064513,9dada49e784601183eb3a1e1723ce2d4,,,
5,19,x[11],True,x[11],0.16129032258064513,9dada49e784601183eb3a1e1723ce2d4,,,
5,19,x[11],True,x[11],0.16129032258064513,9dada49e784601183eb3a1e1723ce2d4,,,
5,19,x[11],True,x[11],0.16129032258064513,9dada49e784601183eb3a1e1723ce2d4,,,
5,19,x[11],True,x[11],0.16129032258064513,9dada49e784601183eb3a1e1723ce2d4,,,
5,19,x[15],True,x[15],0.22580645161290325,301bd409bd67cc588ceaa53a6f5220a4,,,
5,19,x[11],True,x[11],0.16129032258064513,9dada49e784601183eb3a1e1723ce2d4,,,
5,19,x[11],True,x[11],0.16129032258064513,9dada49e784601183eb3a1e1723ce2d4,,,
5,19,x[11],True,x[11],0.16129032258064513,9dada49e784601183eb3a1e1723ce2d4,,,
5,19,x[11],True,x[11],0.16129032258064513,9dada49e784601183eb3a1e1723ce2d4,,,
5,19,x[11],True,x[11],0.16129032258064513,9dada49e784601183eb3a1e1723ce2d4,,,
5,19,x[11],True,x[11],0.16129032258064513,9dada49e784601183eb3a1e1723ce2d4,,,
5,19,x[11],True,x[11],0.16129032258064513,9dada49e784601183eb3a1e1723ce2d4,,,
5,19,x[11],True,x[11],0.16129032258064513,9dada49e784601183eb3a1e1723ce2d4,,,
5,19,x[11],True,x[11],0.16129032258064513,9dada49e784601183eb3a1e1723ce2d4,,,
5,19,x[10],True,x[10],0.24193548387096775,7424f049dcd7de48c5ec487367408f4f,,,
5,19,x[11],True,x[11],0.16129032258064513,9dada49e784601183eb3a1e1723ce2d4,,,
5,19,x[11],True,x[11],0.16129032258064513,9dada49e784601183eb3a1e1723ce2d4,,,
5,19,x[11],True,x[11],0.16129032258064513,9dada49e784601183eb3a1e1723ce2d4,,,
5,19,x[11],True,x[11],0.16129032258064513,9dada49e784601183eb3a1e1723ce2d4,,,
5,19,x[11],True,x[11],0.16129032258064513,9dada49e784601183eb3a1e1723ce2d4,,,
5,19,x[11],True,x[11],0.16129032258064513,9dada49e784601183eb3a1e1723ce2d4,,,
5,19,x[11],True,x[11],0.16129032258064513,9dada49e784601183eb3a1e1723ce2d4,,,
5,19,x[11],True,x[11],0.16129032258064513,9dada49e784601183eb3a1e1723ce2d4,,,
5,19,x[11],True,x[11],0.16129032258064513,9dada49e784601183eb3a1e1723ce2d4,,,
5,19,x[11],True,x[11],0.16129032258064513,9dada49e784601183eb3a1e1723ce2d4,,,
5,19,x[11],True,x[11],0.16129032258064513,9dada49e784601183eb3a1e1723ce2d4,,,
5,19,x[11],True,x[11],0.16129032258064513,9dada49e784601183eb3a1e1723ce2d4,,,
5,19,x[11],True,x[11],0.16129032258064513,9dada49e784601183eb3a1e1723ce2d4,,,
5,19,x[11],True,x[11],0.16129032258064513,9dada49e784601183eb3a1e1723ce2d4,,,
5,19,x[11],True,x[11],0.16129032258064513,9dada49e784601183eb3a1e1723ce2d4,,,
5,19,x[11],True,x[11],0.16129032258064513,9dada49e784601183eb3a1e1723ce2d4,,,
5,19,x[11],True,x[11],0.16129032258064513,9dada49e784601183eb3a1e1723ce2d4,,,
5,19,x[14],True,x[14],0.22580645161290325,5184b187f6f474f266ff1a9e52a8b41f,,,
5,19,x[11],True,x[11],0.16129032258064513,9dada49e784601183eb3a1e1723ce2d4,,,
5,19,x[11],True,x[11],0.16129032258064513,9dada49e784601183eb3a1e1723ce2d4,,,
5,19,x[11],True,x[11],0.16129032258064513,9dada49e784601183eb3a1e1723ce2d4,,,
5,19,x[11],True,x[11],0.16129032258064513,9dada49e784601183eb3a1e1723ce2d4,,,
5,19,x[11],True,x[11],0.16129032258064513,9dada49e784601183eb3a1e1723ce2d4,,,
5,19,x[11],True,x[11],0.16129032258064513,9dada49e784601183eb3a1e1723ce2d4,,,
5,19,x[11],True,x[11],0.16129032258064513,9dada49e784601183eb3a1e1723ce2d4,,,
5,19,x[11],True,x[11],0.16129032258064513,9dada49e784601183eb3a1e1723ce2d4,,,
5,19,x[11],True,x[11],0.16129032258064513,9dada49e784601183eb3a1e1723ce2d4,,,
5,19,x[11],True,x[11],0.16129032258064513,9dada49e784601183eb3a1e1723ce2d4,,,
5,19,x[11],True,x[11],0.16129032258064513,9dada49e784601183eb3a1e1723ce2d4,,,
5,19,x[11],True,x[11],0.16129032258064513,9dada49e784601183eb3a1e1723ce2d4,,,
5,19,x[11],True,x[11],0.16129032258064513,9dada49e784601183eb3a1e1723ce2d4,,,
5,19,x[11],True,x[11],0.16129032258064513,9dada49e784601183eb3a1e1723ce2d4,,,
5,19,x[11],True,x[11],0.16129032258064513,9dada49e784601183eb3a1e1723ce2d4,,,
5,19,x[11],True,x[11],0.16129032258064513,9dada49e784601183eb3a1e1723ce2d4,,,
5,19,x[11],True,x[11],0.16129032258064513,9dada49e784601183eb3a1e1723ce2d4,,,
5,19,x[11],True,x[11],0.16129032258064513,9dada49e784601183eb3a1e1723ce2d4,,,
5,19,x[11],True,x[11],0.16129032258064513,9dada49e784601183eb3a1e1723ce2d4,,,
5,19,x[11],True,x[11],0.16129032258064513,9dada49e784601183eb3a1e1723ce2d4,,,
5,19,x[11],True,x[11],0.16129032258064513,9dada49e784601183eb3a1e1723ce2d4,,,
5,19,x[11],True,x[11],0.16129032258064513,9dada49e784601183eb3a1e1723ce2d4,,,
5,19,x[11],True,x[11],0.16129032258064513,9dada49e784601183eb3a1e1723ce2d4,,,
5,19,x[11],True,x[11],0.16129032258064513,9dada49e784601183eb3a1e1723ce2d4,,,
5,19,x[11],True,x[11],0.16129032258064513,9dada49e784601183eb3a1e1723ce2d4,,,
5,19,x[11],True,x[11],0.16129032258064513,9dada49e784601183eb3a1e1723ce2d4,,,
5,19,x[11],True,x[11],0.16129032258064513,9dada49e784601183eb3a1e1723ce2d4,,,
5,19,x[11],True,x[11],0.16129032258064513,9dada49e784601183eb3a1e1723ce2d4,,,
5,19,x[11],True,x[11],0.16129032258064513,9dada49e784601183eb3a1e1723ce2d4,,,
5,19,x[11],True,x[11],0.16129032258064513,9dada49e784601183eb3a1e1723ce2d4,,,
5,19,x[11],True,x[11],0.16129032258064513,9dada49e784601183eb3a1e1723ce2d4,,,
5,19,x[11],True,x[11],0.16129032258064513,9dada49e784601183eb3a1e1723ce2d4,,,
5,19,x[11],True,x[11],0.16129032258064513,9dada49e784601183eb3a1e1723ce2d4,,,
5,19,x[11],True,x[11],0.16129032258064513,9dada49e784601183eb3a1e1723ce2d4,,,
5,19,x[11],True,x[11],0.16129032258064513,9dada49e784601183eb3a1e1723ce2d4,,,
5,19,x[18],True,x[18],0.6451612903225806,6a4c84e0915d9d2b86d121e994683436,,,
5,19,x[11],True,x[11],0.16129032258064513,9dada49e784601183eb3a1e1723ce2d4,,,
5,19,x[11],True,x[11],0.16129032258064513,9dada49e784601183eb3a1e1723ce2d4,,,
5,19,x[4],True,x[4],0.49193548387096775,c062f6f76dec194bafe0ddbf91add8d9,,,
5,19,x[11],True,x[11],0.16129032258064513,9dada49e784601183eb3a1e1723ce2d4,,,
5,19,x[11],True,x[11],0.16129032258064513,9dada49e784601183eb3a1e1723ce2d4,,,
5,19,x[11],True,x[11],0.16129032258064513,9dada49e784601183eb3a1e1723ce2d4,,,
5,19,x[11],True,x[11],0.16129032258064513,9dada49e784601183eb3a1e1723ce2d4,,,
5,19,x[11],True,x[11],0.16129032258064513,9dada49e784601183eb3a1e1723ce2d4,,,
5,19,x[11],True,x[11],0.16129032258064513,9dada49e784601183eb3a1e1723ce2d4,,,
5,19,x[11],True,x[11],0.16129032258064513,9dada49e784601183eb3a1e1723ce2d4,,,
5,19,x[11],True,x[11],0.16129032258064513,9dada49e784601183eb3a1e1723ce2d4,,,
5,19,x[11],True,x[11],0.16129032258064513,9dada49e784601183eb3a1e1723ce2d4,,,
5,19,x[11],True,x[11],0.16129032258064513,9dada49e784601183eb3a1e1723ce2d4,,,
5,19,x[11],True,x[11],0.16129032258064513,9dada49e784601183eb3a1e1723ce2d4,,,
5,19,x[11],True,x[11],0.16129032258064513,9dada49e784601183eb3a1e1723ce2d4,,,
5,19,x[11],True,x[11],0.16129032258064513,9dada49e784601183eb3a1e1723ce2d4,,,
5,19,x[11],True,x[11],0.16129032258064513,9dada49e784601183eb3a1e1723ce2d4,,,
5,19,x[11],True,x[11],0.16129032258064513,9dada49e784601183eb3a1e1723ce2d4,,,
5,19,x[11],True,x[11],0.16129032258064513,9dada49e784601183eb3a1e1723ce2d4,,,
5,19,x[11],True,x[11],0.16129032258064513,9dada49e784601183eb3a1e1723ce2d4,,,
5,19,x[11],True,x[11],0.16129032258064513,9dada49e784601183eb3a1e1723ce2d4,,,
5,19,x[11],True,x[11],0.16129032258064513,9dada49e784601183eb3a1e1723ce2d4,,,
5,19,x[11],True,x[11],0.16129032258064513,9dada49e784601183eb3a1e1723ce2d4,,,
5,19,x[11],True,x[11],0.16129032258064513,9dada49e784601183eb3a1e1723ce2d4,,,
5,19,x[11],True,x[11],0.16129032258064513,9dada49e784601183eb3a1e1723ce2d4,,,
5,19,x[11],True,x[11],0.16129032258064513,9dada49e784601183eb3a1e1723ce2d4,,,
5,19,x[11],True,x[11],0.16129032258064513,9dada49e784601183eb3a1e1723ce2d4,,,
5,19,x[11],True,x[11],0.16129032258064513,9dada49e784601183eb3a1e1723ce2d4,,,
5,19,x[11],True,x[11],0.16129032258064513,9dada49e784601183eb3a1e1723ce2d4,,,
5,19,x[11],True,x[11],0.16129032258064513,9dada49e784601183eb3a1e1723ce2d4,,,
5,19,x[11],True,x[11],0.16129032258064513,9dada49e784601183eb3a1e1723ce2d4,,,
5,19,x[11],True,x[11],0.16129032258064513,9dada49e784601183eb3a1e1723ce2d4,,,
5,19,x[11],True,x[11],0.16129032258064513,9dada49e784601183eb3a1e1723ce2d4,,,
5,19,x[11],True,x[11],0.16129032258064513,9dada49e784601183eb3a1e1723ce2d4,,,
5,19,x[11],True,x[11],0.16129032258064513,9dada49e784601183eb3a1e1723ce2d4,,,
5,19,x[11],True,x[11],0.16129032258064513,9dada49e784601183eb3a1e1723ce2d4,,,
5,19,x[11],True,x[11],0.16129032258064513,9dada49e784601183eb3a1e1723ce2d4,,,
5,19,x[11],True,x[11],0.16129032258064513,9dada49e784601183eb3a1e1723ce2d4,,,
5,19,x[11],True,x[11],0.16129032258064513,9dada49e784601183eb3a1e1723ce2d4,,,
5,19,x[11],True,x[11],0.16129032258064513,9dada49e784601183eb3a1e1723ce2d4,,,
5,19,x[11],True,x[11],0.16129032258064513,9dada49e784601183eb3a1e1723ce2d4,,,
5,19,x[11],True,x[11],0.16129032258064513,9dada49e784601183eb3a1e1723ce2d4,,,
5,19,x[11],True,x[11],0.16129032258064513,9dada49e784601183eb3a1e1723ce2d4,,,
5,19,x[11],True,x[11],0.16129032258064513,9dada49e784601183eb3a1e1723ce2d4,,,
5,19,x[11],True,x[11],0.16129032258064513,9dada49e784601183eb3a1e1723ce2d4,,,
5,19,x[11],True,x[11],0.16129032258064513,9dada49e784601183eb3a1e1723ce2d4,,,
5,19,x[11],True,x[11],0.16129032258064513,9dada49e784601183eb3a1e1723ce2d4,,,
5,19,x[11],True,x[11],0.16129032258064513,9dada49e784601183eb3a1e1723ce2d4,,,
5,19,x[11],True,x[11],0.16129032258064513,9dada49e784601183eb3a1e1723ce2d4,,,
5,19,x[11],True,x[11],0.16129032258064513,9dada49e784601183eb3a1e1723ce2d4,,,
5,19,x[11],True,x[11],0.16129032258064513,9dada49e784601183eb3a1e1723ce2d4,,,
5,19,x[1],True,x[1],0.685483870967742,48150b63a14de07ac8ada4efd9d4896c,,,
5,19,x[11],True,x[11],0.16129032258064513,9dada49e784601183eb3a1e1723ce2d4,,,
5,19,x[11],True,x[11],0.16129032258064513,9dada49e784601183eb3a1e1723ce2d4,,,
5,19,x[11],True,x[11],0.16129032258064513,9dada49e784601183eb3a1e1723ce2d4,,,
5,19,x[11],True,x[11],0.16129032258064513,9dada49e784601183eb3a1e1723ce2d4,,,
5,19,x[11],True,x[11],0.16129032258064513,9dada49e784601183eb3a1e1723ce2d4,,,
5,19,x[11],True,x[11],0.16129032258064513,9dada49e784601183eb3a1e1723ce2d4,,,
5,19,x[11],True,x[11],0.16129032258064513,9dada49e784601183eb3a1e1723ce2d4,,,
5,19,x[11],True,x[11],0.16129032258064513,9dada49e784601183eb3a1e1723ce2d4,,,
5,19,x[11],True,x[11],0.16129032258064513,9dada49e784601183eb3a1e1723ce2d4,,,
5,19,x[11],True,x[11],0.16129032258064513,9dada49e784601183eb3a1e1723ce2d4,,,
5,19,x[11],True,x[11],0.16129032258064513,9dada49e784601183eb3a1e1723ce2d4,,,
5,19,x[11],True,x[11],0.16129032258064513,9dada49e784601183eb3a1e1723ce2d4,,,
5,19,x[12],True,x[12],0.18548387096774188,0d372214e94f96a8c686509e4d084014,,,
5,19,x[11],True,x[11],0.16129032258064513,9dada49e784601183eb3a1e1723ce2d4,,,
5,19,x[11],True,x[11],0.16129032258064513,9dada49e784601183eb3a1e1723ce2d4,,,
5,19,x[11],True,x[11],0.16129032258064513,9dada49e784601183eb3a1e1723ce2d4,,,
5,19,x[11],True,x[11],0.16129032258064513,9dada49e784601183eb3a1e1723ce2d4,,,
5,19,x[11],True,x[11],0.16129032258064513,9dada49e784601183eb3a1e1723ce2d4,,,
5,19,x[11],True,x[11],0.16129032258064513,9dada49e784601183eb3a1e1723ce2d4,,,
5,19,x[11],True,x[11],0.16129032258064513,9dada49e784601183eb3a1e1723ce2d4,,,
5,19,x[11],True,x[11],0.16129032258064513,9dada49e784601183eb3a1e1723ce2d4,,,
5,19,x[11],True,x[11],0.16129032258064513,9dada49e784601183eb3a1e1723ce2d4,,,
5,19,x[11],True,x[11],0.16129032258064513,9dada49e784601183eb3a1e1723ce2d4,,,
5,19,x[11],True,x[11],0.16129032258064513,9dada49e784601183eb3a1e1723ce2d4,,,
5,19,x[11],True,x[11],0.16129032258064513,9dada49e784601183eb3a1e1723ce2d4,,,
5,19,x[11],True,x[11],0.16129032258064513,9dada49e784601183eb3a1e1723ce2d4,,,
5,19,x[11],True,x[11],0.16129032258064513,9dada49e784601183eb3a1e1723ce2d4,,,
5,19,x[11],True,x[11],0.16129032258064513,9dada49e784601183eb3a1e1723ce2d4,,,
5,19,x[11],True,x[11],0.16129032258064513,9dada49e784601183eb3a1e1723ce2d4,,,
5,19,x[11],True,x[11],0.16129032258064513,9dada49e784601183eb3a1e1723ce2d4,,,
5,19,x[11],True,x[11],0.16129032258064513,9dada49e784601183eb3a1e1723ce2d4,,,
5,19,x[11],True,x[11],0.16129032258064513,9dada49e784601183eb3a1e1723ce2d4,,,
5,19,x[11],True,x[11],0.16129032258064513,9dada49e784601183eb3a1e1723ce2d4,,,
5,19,x[11],True,x[11],0.16129032258064513,9dada49e784601183eb3a1e1723ce2d4,,,
5,19,x[11],True,x[11],0.16129032258064513,9dada49e784601183eb3a1e1723ce2d4,,,
5,19,x[11],True,x[11],0.16129032258064513,9dada49e784601183eb3a1e1723ce2d4,,,
5,19,x[11],True,x[11],0.16129032258064513,9dada49e784601183eb3a1e1723ce2d4,,,
5,19,x[11],True,x[11],0.16129032258064513,9dada49e784601183eb3a1e1723ce2d4,,,
5,19,x[1],True,x[1],0.685483870967742,48150b63a14de07ac8ada4efd9d4896c,,,
5,19,x[11],True,x[11],0.16129032258064513,9dada49e784601183eb3a1e1723ce2d4,,,
5,19,x[11],True,x[11],0.16129032258064513,9dada49e784601183eb3a1e1723ce2d4,,,
5,19,x[11],True,x[11],0.16129032258064513,9dada49e784601183eb3a1e1723ce2d4,,,
5,19,x[11],True,x[11],0.16129032258064513,9dada49e784601183eb3a1e1723ce2d4,,,
5,19,x[8],True,x[8],0.4354838709677419,8c6b56831adf589cc7ca352d27aafe6d,,,
5,19,x[11],True,x[11],0.16129032258064513,9dada49e784601183eb3a1e1723ce2d4,,,
5,19,x[11],True,x[11],0.16129032258064513,9dada49e784601183eb3a1e1723ce2d4,,,
5,19,x[11],True,x[11],0.16129032258064513,9dada49e784601183eb3a1e1723ce2d4,,,
5,19,x[11],True,x[11],0.16129032258064513,9dada49e784601183eb3a1e1723ce2d4,,,
5,19,x[13],True,x[13],0.217741935483871,060f7b59fcb1852e9befb4d0292eca15,,,
5,19,x[11],True,x[11],0.16129032258064513,9dada49e784601183eb3a1e1723ce2d4,,,
5,19,x[11],True,x[11],0.16129032258064513,9dada49e784601183eb3a1e1723ce2d4,,,
5,19,x[11],True,x[11],0.16129032258064513,9dada49e784601183eb3a1e1723ce2d4,,,
5,19,x[11],True,x[11],0.16129032258064513,9dada49e784601183eb3a1e1723ce2d4,,,
5,19,x[11],True,x[11],0.16129032258064513,9dada49e784601183eb3a1e1723ce2d4,,,
5,19,x[11],True,x[11],0.16129032258064513,9dada49e784601183eb3a1e1723ce2d4,,,
5,19,x[11],True,x[11],0.16129032258064513,9dada49e784601183eb3a1e1723ce2d4,,,
5,19,x[11],True,x[11],0.16129032258064513,9dada49e784601183eb3a1e1723ce2d4,,,
5,19,x[11],True,x[11],0.16129032258064513,9dada49e784601183eb3a1e1723ce2d4,,,
5,19,x[11],True,x[11],0.16129032258064513,9dada49e784601183eb3a1e1723ce2d4,,,
5,19,x[11],True,x[11],0.16129032258064513,9dada49e784601183eb3a1e1723ce2d4,,,
5,19,x[11],True,x[11],0.16129032258064513,9dada49e784601183eb3a1e1723ce2d4,,,
5,19,x[11],True,x[11],0.16129032258064513,9dada49e784601183eb3a1e1723ce2d4,,,
5,19,x[11],True,x[11],0.16129032258064513,9dada49e784601183eb3a1e1723ce2d4,,,
5,19,x[11],True,x[11],0.16129032258064513,9dada49e784601183eb3a1e1723ce2d4,,,
5,19,x[11],True,x[11],0.16129032258064513,9dada49e784601183eb3a1e1723ce2d4,,,
5,19,x[11],True,x[11],0.16129032258064513,9dada49e784601183eb3a1e1723ce2d4,,,
5,19,x[11],True,x[11],0.16129032258064513,9dada49e784601183eb3a1e1723ce2d4,,,
5,19,x[11],True,x[11],0.16129032258064513,9dada49e784601183eb3a1e1723ce2d4,,,
5,19,x[11],True,x[11],0.16129032258064513,9dada49e784601183eb3a1e1723ce2d4,,,
5,19,x[16],True,x[16],0.217741935483871,2b4aec85a499a1f7baf764b48bcf9178,,,
5,19,x[18],True,x[18],0.6451612903225806,6a4c84e0915d9d2b86d121e994683436,,,
5,19,x[11],True,x[11],0.16129032258064513,9dada49e784601183eb3a1e1723ce2d4,,,
5,19,x[11],True,x[11],0.16129032258064513,9dada49e784601183eb3a1e1723ce2d4,,,
5,19,x[11],True,x[11],0.16129032258064513,9dada49e784601183eb3a1e1723ce2d4,,,
5,19,x[11],True,x[11],0.16129032258064513,9dada49e784601183eb3a1e1723ce2d4,,,
5,19,x[11],True,x[11],0.16129032258064513,9dada49e784601183eb3a1e1723ce2d4,,,
5,19,x[11],True,x[11],0.16129032258064513,9dada49e784601183eb3a1e1723ce2d4,,,
5,19,x[11],True,x[11],0.16129032258064513,9dada49e784601183eb3a1e1723ce2d4,,,
5,19,x[11],True,x[11],0.16129032258064513,9dada49e784601183eb3a1e1723ce2d4,,,
5,19,x[11],True,x[11],0.16129032258064513,9dada49e784601183eb3a1e1723ce2d4,,,
5,19,x[11],True,x[11],0.16129032258064513,9dada49e784601183eb3a1e1723ce2d4,,,
5,19,x[11],True,x[11],0.16129032258064513,9dada49e784601183eb3a1e1723ce2d4,,,
5,19,x[11],True,x[11],0.16129032258064513,9dada49e784601183eb3a1e1723ce2d4,,,
5,19,x[11],True,x[11],0.16129032258064513,9dada49e784601183eb3a1e1723ce2d4,,,
5,19,x[11],True,x[11],0.16129032258064513,9dada49e784601183eb3a1e1723ce2d4,,,
5,19,x[11],True,x[11],0.16129032258064513,9dada49e784601183eb3a1e1723ce2d4,,,
5,19,x[11],True,x[11],0.16129032258064513,9dada49e784601183eb3a1e1723ce2d4,,,
5,19,x[11],True,x[11],0.16129032258064513,9dada49e784601183eb3a1e1723ce2d4,,,
5,19,x[11],True,x[11],0.16129032258064513,9dada49e784601183eb3a1e1723ce2d4,,,
5,19,x[11],True,x[11],0.16129032258064513,9dada49e784601183eb3a1e1723ce2d4,,,
5,19,x[14],True,x[14],0.22580645161290325,5184b187f6f474f266ff1a9e52a8b41f,,,
5,19,x[6],True,x[6],0.30645161290322576,d902aea98596abf07e07d9c42be380bf,,,
5,19,x[11],True,x[11],0.16129032258064513,9dada49e784601183eb3a1e1723ce2d4,,,
5,19,x[11],True,x[11],0.16129032258064513,9dada49e784601183eb3a1e1723ce2d4,,,
5,19,x[11],True,x[11],0.16129032258064513,9dada49e784601183eb3a1e1723ce2d4,,,
5,19,x[11],True,x[11],0.16129032258064513,9dada49e784601183eb3a1e1723ce2d4,,,
5,19,x[11],True,x[11],0.16129032258064513,9dada49e784601183eb3a1e1723ce2d4,,,
5,19,x[11],True,x[11],0.16129032258064513,9dada49e784601183eb3a1e1723ce2d4,,,
5,19,x[11],True,x[11],0.16129032258064513,9dada49e784601183eb3a1e1723ce2d4,,,
5,19,x[11],True,x[11],0.16129032258064513,9dada49e784601183eb3a1e1723ce2d4,,,
5,19,x[11],True,x[11],0.16129032258064513,9dada49e784601183eb3a1e1723ce2d4,,,
5,19,x[11],True,x[11],0.16129032258064513,9dada49e784601183eb3a1e1723ce2d4,,,
5,19,x[11],True,x[11],0.16129032258064513,9dada49e784601183eb3a1e1723ce2d4,,,
5,19,x[14],True,x[14],0.22580645161290325,5184b187f6f474f266ff1a9e52a8b41f,,,
5,19,x[11],True,x[11],0.16129032258064513,9dada49e784601183eb3a1e1723ce2d4,,,
5,19,x[1],True,x[1],0.685483870967742,48150b63a14de07ac8ada4efd9d4896c,,,
5,19,x[11],True,x[11],0.16129032258064513,9dada49e784601183eb3a1e1723ce2d4,,,
5,19,x[11],True,x[11],0.16129032258064513,9dada49e784601183eb3a1e1723ce2d4,,,
5,19,x[11],True,x[11],0.16129032258064513,9dada49e784601183eb3a1e1723ce2d4,,,
5,19,x[11],True,x[11],0.16129032258064513,9dada49e784601183eb3a1e1723ce2d4,,,
5,19,x[11],True,x[11],0.16129032258064513,9dada49e784601183eb3a1e1723ce2d4,,,
5,19,x[11],True,x[11],0.16129032258064513,9dada49e784601183eb3a1e1723ce2d4,,,
5,19,x[11],True,x[11],0.16129032258064513,9dada49e784601183eb3a1e1723ce2d4,,,
5,19,x[11],True,x[11],0.16129032258064513,9dada49e784601183eb3a1e1723ce2d4,,,
5,19,x[16],True,x[16],0.217741935483871,2b4aec85a499a1f7baf764b48bcf9178,,,
5,19,x[4],True,x[4],0.49193548387096775,c062f6f76dec194bafe0ddbf91add8d9,,,
5,19,x[11],True,x[11],0.16129032258064513,9dada49e784601183eb3a1e1723ce2d4,,,
5,19,x[11],True,x[11],0.16129032258064513,9dada49e784601183eb3a1e1723ce2d4,,,
5,19,x[11],True,x[11],0.16129032258064513,9dada49e784601183eb3a1e1723ce2d4,,,
5,19,x[11],True,x[11],0.16129032258064513,9dada49e784601183eb3a1e1723ce2d4,,,
5,20,x[11],True,x[11],0.16129032258064513,9dada49e784601183eb3a1e1723ce2d4,,,
5,20,x[11],True,x[11],0.16129032258064513,9dada49e784601183eb3a1e1723ce2d4,,,
5,20,x[11],True,x[11],0.16129032258064513,9dada49e784601183eb3a1e1723ce2d4,,,
5,20,x[11],True,x[11],0.16129032258064513,9dada49e784601183eb3a1e1723ce2d4,,,
5,20,x[11],True,x[11],0.16129032258064513,9dada49e784601183eb3a1e1723ce2d4,,,
5,20,x[11],True,x[11],0.16129032258064513,9dada49e784601183eb3a1e1723ce2d4,,,
5,20,x[11],True,x[11],0.16129032258064513,9dada49e784601183eb3a1e1723ce2d4,,,
5,20,x[11],True,x[11],0.16129032258064513,9dada49e784601183eb3a1e1723ce2d4,,,
5,20,x[11],True,x[11],0.16129032258064513,9dada49e784601183eb3a1e1723ce2d4,,,
5,20,x[9],True,x[9],0.2338709677419355,2e0260aa627dff742f7c723c8367e701,,,
5,20,x[11],True,x[11],0.16129032258064513,9dada49e784601183eb3a1e1723ce2d4,,,
5,20,x[11],True,x[11],0.16129032258064513,9dada49e784601183eb3a1e1723ce2d4,,,
5,20,x[11],True,x[11],0.16129032258064513,9dada49e784601183eb3a1e1723ce2d4,,,
5,20,x[11],True,x[11],0.16129032258064513,9dada49e784601183eb3a1e1723ce2d4,,,
5,20,x[11],True,x[11],0.16129032258064513,9dada49e784601183eb3a1e1723ce2d4,,,
5,20,x[11],True,x[11],0.16129032258064513,9dada49e784601183eb3a1e1723ce2d4,,,
5,20,x[11],True,x[11],0.16129032258064513,9dada49e784601183eb3a1e1723ce2d4,,,
5,20,x[11],True,x[11],0.16129032258064513,9dada49e784601183eb3a1e1723ce2d4,,,
5,20,x[11],True,x[11],0.16129032258064513,9dada49e784601183eb3a1e1723ce2d4,,,
5,20,x[11],True,x[11],0.16129032258064513,9dada49e784601183eb3a1e1723ce2d4,,,
5,20,x[11],True,x[11],0.16129032258064513,9dada49e784601183eb3a1e1723ce2d4,,,
5,20,x[11],True,x[11],0.16129032258064513,9dada49e784601183eb3a1e1723ce2d4,,,
5,20,x[11],True,x[11],0.16129032258064513,9dada49e784601183eb3a1e1723ce2d4,,,
5,20,x[11],True,x[11],0.16129032258064513,9dada49e784601183eb3a1e1723ce2d4,,,
5,20,x[11],True,x[11],0.16129032258064513,9dada49e784601183eb3a1e1723ce2d4,,,
5,20,x[11],True,x[11],0.16129032258064513,9dada49e784601183eb3a1e1723ce2d4,,,
5,20,x[11],True,x[11],0.16129032258064513,9dada49e784601183eb3a1e1723ce2d4,,,
5,20,x[11],True,x[11],0.16129032258064513,9dada49e784601183eb3a1e1723ce2d4,,,
5,20,x[11],True,x[11],0.16129032258064513,9dada49e784601183eb3a1e1723ce2d4,,,
5,20,x[11],True,x[11],0.16129032258064513,9dada49e784601183eb3a1e1723ce2d4,,,
5,20,x[11],True,x[11],0.16129032258064513,9dada49e784601183eb3a1e1723ce2d4,,,
5,20,x[11],True,x[11],0.16129032258064513,9dada49e784601183eb3a1e1723ce2d4,,,
5,20,x[11],True,x[11],0.16129032258064513,9dada49e784601183eb3a1e1723ce2d4,,,
5,20,x[11],True,x[11],0.16129032258064513,9dada49e784601183eb3a1e1723ce2d4,,,
5,20,x[11],True,x[11],0.16129032258064513,9dada49e784601183eb3a1e1723ce2d4,,,
5,20,x[11],True,x[11],0.16129032258064513,9dada49e784601183eb3a1e1723ce2d4,,,
5,20,x[11],True,x[11],0.16129032258064513,9dada49e784601183eb3a1e1723ce2d4,,,
5,20,x[11],True,x[11],0.16129032258064513,9dada49e784601183eb3a1e1723ce2d4,,,
5,20,x[11],True,x[11],0.16129032258064513,9dada49e784601183eb3a1e1723ce2d4,,,
5,20,x[11],True,x[11],0.16129032258064513,9dada49e784601183eb3a1e1723ce2d4,,,
5,20,x[11],True,x[11],0.16129032258064513,9dada49e784601183eb3a1e1723ce2d4,,,
5,20,x[11],True,x[11],0.16129032258064513,9dada49e784601183eb3a1e1723ce2d4,,,
5,20,x[11],True,x[11],0.16129032258064513,9dada49e784601183eb3a1e1723ce2d4,,,
5,20,x[11],True,x[11],0.16129032258064513,9dada49e784601183eb3a1e1723ce2d4,,,
5,20,x[11],True,x[11],0.16129032258064513,9dada49e784601183eb3a1e1723ce2d4,,,
5,20,x[11],True,x[11],0.16129032258064513,9dada49e784601183eb3a1e1723ce2d4,,,
5,20,x[11],True,x[11],0.16129032258064513,9dada49e784601183eb3a1e1723ce2d4,,,
5,20,x[11],True,x[11],0.16129032258064513,9dada49e784601183eb3a1e1723ce2d4,,,
5,20,x[11],True,x[11],0.16129032258064513,9dada49e784601183eb3a1e1723ce2d4,,,
5,20,x[11],True,x[11],0.16129032258064513,9dada49e784601183eb3a1e1723ce2d4,,,
5,20,x[11],True,x[11],0.16129032258064513,9dada49e784601183eb3a1e1723ce2d4,,,
5,20,x[11],True,x[11],0.16129032258064513,9dada49e784601183eb3a1e1723ce2d4,,,
5,20,x[11],True,x[11],0.16129032258064513,9dada49e784601183eb3a1e1723ce2d4,,,
5,20,x[11],True,x[11],0.16129032258064513,9dada49e784601183eb3a1e1723ce2d4,,,
5,20,x[11],True,x[11],0.16129032258064513,9dada49e784601183eb3a1e1723ce2d4,,,
5,20,x[11],True,x[11],0.16129032258064513,9dada49e784601183eb3a1e1723ce2d4,,,
5,20,x[11],True,x[11],0.16129032258064513,9dada49e784601183eb3a1e1723ce2d4,,,
5,20,x[11],True,x[11],0.16129032258064513,9dada49e784601183eb3a1e1723ce2d4,,,
5,20,x[11],True,x[11],0.16129032258064513,9dada49e784601183eb3a1e1723ce2d4,,,
5,20,x[11],True,x[11],0.16129032258064513,9dada49e784601183eb3a1e1723ce2d4,,,
5,20,x[11],True,x[11],0.16129032258064513,9dada49e784601183eb3a1e1723ce2d4,,,
5,20,x[11],True,x[11],0.16129032258064513,9dada49e784601183eb3a1e1723ce2d4,,,
5,20,x[11],True,x[11],0.16129032258064513,9dada49e784601183eb3a1e1723ce2d4,,,
5,20,x[11],True,x[11],0.16129032258064513,9dada49e784601183eb3a1e1723ce2d4,,,
5,20,x[11],True,x[11],0.16129032258064513,9dada49e784601183eb3a1e1723ce2d4,,,
5,20,x[10],True,x[10],0.24193548387096775,7424f049dcd7de48c5ec487367408f4f,,,
5,20,x[11],True,x[11],0.16129032258064513,9dada49e784601183eb3a1e1723ce2d4,,,
5,20,x[11],True,x[11],0.16129032258064513,9dada49e784601183eb3a1e1723ce2d4,,,
5,20,x[11],True,x[11],0.16129032258064513,9dada49e784601183eb3a1e1723ce2d4,,,
5,20,x[11],True,x[11],0.16129032258064513,9dada49e784601183eb3a1e1723ce2d4,,,
5,20,x[17],True,x[17],0.217741935483871,078a7ef4b1d424e54e976f158f2a5fa5,,,
5,20,x[11],True,x[11],0.16129032258064513,9dada49e784601183eb3a1e1723ce2d4,,,
5,20,x[11],True,x[11],0.16129032258064513,9dada49e784601183eb3a1e1723ce2d4,,,
5,20,x[11],True,x[11],0.16129032258064513,9dada49e784601183eb3a1e1723ce2d4,,,
5,20,x[11],True,x[11],0.16129032258064513,9dada49e784601183eb3a1e1723ce2d4,,,
5,20,x[11],True,x[11],0.16129032258064513,9dada49e784601183eb3a1e1723ce2d4,,,
5,20,x[11],True,x[11],0.16129032258064513,9dada49e784601183eb3a1e1723ce2d4,,,
5,20,x[11],True,x[11],0.16129032258064513,9dada49e784601183eb3a1e1723ce2d4,,,
5,20,x[11],True,x[11],0.16129032258064513,9dada49e784601183eb3a1e1723ce2d4,,,
5,20,x[11],True,x[11],0.16129032258064513,9dada49e784601183eb3a1e1723ce2d4,,,
5,20,x[11],True,x[11],0.16129032258064513,9dada49e784601183eb3a1e1723ce2d4,,,
5,20,x[11],True,x[11],0.16129032258064513,9dada49e784601183eb3a1e1723ce2d4,,,
5,20,x[11],True,x[11],0.16129032258064513,9dada49e784601183eb3a1e1723ce2d4,,,
5,20,x[11],True,x[11],0.16129032258064513,9dada49e784601183eb3a1e1723ce2d4,,,
5,20,x[11],True,x[11],0.16129032258064513,9dada49e784601183eb3a1e1723ce2d4,,,
5,20,x[11],True,x[11],0.16129032258064513,9dada49e784601183eb3a1e1723ce2d4,,,
5,20,x[11],True,x[11],0.16129032258064513,9dada49e784601183eb3a1e1723ce2d4,,,
5,20,x[11],True,x[11],0.16129032258064513,9dada49e784601183eb3a1e1723ce2d4,,,
5,20,x[11],True,x[11],0.16129032258064513,9dada49e784601183eb3a1e1723ce2d4,,,
5,20,x[11],True,x[11],0.16129032258064513,9dada49e784601183eb3a1e1723ce2d4,,,
5,20,x[11],True,x[11],0.16129032258064513,9dada49e784601183eb3a1e1723ce2d4,,,
5,20,x[11],True,x[11],0.16129032258064513,9dada49e784601183eb3a1e1723ce2d4,,,
5,20,x[11],True,x[11],0.16129032258064513,9dada49e784601183eb3a1e1723ce2d4,,,
5,20,x[11],True,x[11],0.16129032258064513,9dada49e784601183eb3a1e1723ce2d4,,,
5,20,x[11],True,x[11],0.16129032258064513,9dada49e784601183eb3a1e1723ce2d4,,,
5,20,x[11],True,x[11],0.16129032258064513,9dada49e784601183eb3a1e1723ce2d4,,,
5,20,x[11],True,x[11],0.16129032258064513,9dada49e784601183eb3a1e1723ce2d4,,,
5,20,x[13],True,x[13],0.217741935483871,060f7b59fcb1852e9befb4d0292eca15,,,
5,20,x[11],True,x[11],0.16129032258064513,9dada49e784601183eb3a1e1723ce2d4,,,
5,20,x[11],True,x[11],0.16129032258064513,9dada49e784601183eb3a1e1723ce2d4,,,
5,20,x[11],True,x[11],0.16129032258064513,9dada49e784601183eb3a1e1723ce2d4,,,
5,20,x[11],True,x[11],0.16129032258064513,9dada49e784601183eb3a1e1723ce2d4,,,
5,20,x[11],True,x[11],0.16129032258064513,9dada49e784601183eb3a1e1723ce2d4,,,
5,20,x[11],True,x[11],0.16129032258064513,9dada49e784601183eb3a1e1723ce2d4,,,
5,20,x[11],True,x[11],0.16129032258064513,9dada49e784601183eb3a1e1723ce2d4,,,
5,20,x[15],True,x[15],0.22580645161290325,301bd409bd67cc588ceaa53a6f5220a4,,,
5,20,x[11],True,x[11],0.16129032258064513,9dada49e784601183eb3a1e1723ce2d4,,,
5,20,x[11],True,x[11],0.16129032258064513,9dada49e784601183eb3a1e1723ce2d4,,,
5,20,x[11],True,x[11],0.16129032258064513,9dada49e784601183eb3a1e1723ce2d4,,,
5,20,x[11],True,x[11],0.16129032258064513,9dada49e784601183eb3a1e1723ce2d4,,,
5,20,x[9],True,x[9],0.2338709677419355,2e0260aa627dff742f7c723c8367e701,,,
5,20,x[11],True,x[11],0.16129032258064513,9dada49e784601183eb3a1e1723ce2d4,,,
5,20,x[11],True,x[11],0.16129032258064513,9dada49e784601183eb3a1e1723ce2d4,,,
5,20,x[12],True,x[12],0.18548387096774188,0d372214e94f96a8c686509e4d084014,,,
5,20,x[11],True,x[11],0.16129032258064513,9dada49e784601183eb3a1e1723ce2d4,,,
5,20,x[11],True,x[11],0.16129032258064513,9dada49e784601183eb3a1e1723ce2d4,,,
5,20,x[11],True,x[11],0.16129032258064513,9dada49e784601183eb3a1e1723ce2d4,,,
5,20,x[11],True,x[11],0.16129032258064513,9dada49e784601183eb3a1e1723ce2d4,,,
5,20,x[11],True,x[11],0.16129032258064513,9dada49e784601183eb3a1e1723ce2d4,,,
5,20,x[11],True,x[11],0.16129032258064513,9dada49e784601183eb3a1e1723ce2d4,,,
5,20,x[11],True,x[11],0.16129032258064513,9dada49e784601183eb3a1e1723ce2d4,,,
5,20,x[11],True,x[11],0.16129032258064513,9dada49e784601183eb3a1e1723ce2d4,,,
5,20,x[11],True,x[11],0.16129032258064513,9dada49e784601183eb3a1e1723ce2d4,,,
5,20,x[11],True,x[11],0.16129032258064513,9dada49e784601183eb3a1e1723ce2d4,,,
5,20,x[11],True,x[11],0.16129032258064513,9dada49e784601183eb3a1e1723ce2d4,,,
5,20,x[11],True,x[11],0.16129032258064513,9dada49e784601183eb3a1e1723ce2d4,,,
5,20,x[11],True,x[11],0.16129032258064513,9dada49e784601183eb3a1e1723ce2d4,,,
5,20,x[11],True,x[11],0.16129032258064513,9dada49e784601183eb3a1e1723ce2d4,,,
5,20,x[8],True,x[8],0.4354838709677419,8c6b56831adf589cc7ca352d27aafe6d,,,
5,20,x[11],True,x[11],0.16129032258064513,9dada49e784601183eb3a1e1723ce2d4,,,
5,20,x[11],True,x[11],0.16129032258064513,9dada49e784601183eb3a1e1723ce2d4,,,
5,20,x[11],True,x[11],0.16129032258064513,9dada49e784601183eb3a1e1723ce2d4,,,
5,20,x[11],True,x[11],0.16129032258064513,9dada49e784601183eb3a1e1723ce2d4,,,
5,20,x[11],True,x[11],0.16129032258064513,9dada49e784601183eb3a1e1723ce2d4,,,
5,20,x[11],True,x[11],0.16129032258064513,9dada49e784601183eb3a1e1723ce2d4,,,
5,20,x[11],True,x[11],0.16129032258064513,9dada49e784601183eb3a1e1723ce2d4,,,
5,20,x[14],True,x[14],0.22580645161290325,5184b187f6f474f266ff1a9e52a8b41f,,,
5,20,x[17],True,x[17],0.217741935483871,078a7ef4b1d424e54e976f158f2a5fa5,,,
5,20,x[11],True,x[11],0.16129032258064513,9dada49e784601183eb3a1e1723ce2d4,,,
5,20,x[11],True,x[11],0.16129032258064513,9dada49e784601183eb3a1e1723ce2d4,,,
5,20,x[11],True,x[11],0.16129032258064513,9dada49e784601183eb3a1e1723ce2d4,,,
5,20,x[11],True,x[11],0.16129032258064513,9dada49e784601183eb3a1e1723ce2d4,,,
5,20,x[12],True,x[12],0.18548387096774188,0d372214e94f96a8c686509e4d084014,,,
5,20,x[11],True,x[11],0.16129032258064513,9dada49e784601183eb3a1e1723ce2d4,,,
5,20,x[11],True,x[11],0.16129032258064513,9dada49e784601183eb3a1e1723ce2d4,,,
5,20,x[11],True,x[11],0.16129032258064513,9dada49e784601183eb3a1e1723ce2d4,,,
5,20,x[11],True,x[11],0.16129032258064513,9dada49e784601183eb3a1e1723ce2d4,,,
5,20,x[11],True,x[11],0.16129032258064513,9dada49e784601183eb3a1e1723ce2d4,,,
5,20,x[11],True,x[11],0.16129032258064513,9dada49e784601183eb3a1e1723ce2d4,,,
5,20,x[11],True,x[11],0.16129032258064513,9dada49e784601183eb3a1e1723ce2d4,,,
5,20,x[11],True,x[11],0.16129032258064513,9dada49e784601183eb3a1e1723ce2d4,,,
5,20,x[11],True,x[11],0.16129032258064513,9dada49e784601183eb3a1e1723ce2d4,,,
5,20,x[11],True,x[11],0.16129032258064513,9dada49e784601183eb3a1e1723ce2d4,,,
5,20,x[11],True,x[11],0.16129032258064513,9dada49e784601183eb3a1e1723ce2d4,,,
5,20,x[11],True,x[11],0.16129032258064513,9dada49e784601183eb3a1e1723ce2d4,,,
5,20,x[11],True,x[11],0.16129032258064513,9dada49e784601183eb3a1e1723ce2d4,,,
5,20,x[11],True,x[11],0.16129032258064513,9dada49e784601183eb3a1e1723ce2d4,,,
5,20,x[11],True,x[11],0.16129032258064513,9dada49e784601183eb3a1e1723ce2d4,,,
5,20,x[11],True,x[11],0.16129032258064513,9dada49e784601183eb3a1e1723ce2d4,,,
5,20,x[11],True,x[11],0.16129032258064513,9dada49e784601183eb3a1e1723ce2d4,,,
5,20,x[11],True,x[11],0.16129032258064513,9dada49e784601183eb3a1e1723ce2d4,,,
5,20,x[11],True,x[11],0.16129032258064513,9dada49e784601183eb3a1e1723ce2d4,,,
5,20,x[11],True,x[11],0.16129032258064513,9dada49e784601183eb3a1e1723ce2d4,,,
5,20,x[11],True,x[11],0.16129032258064513,9dada49e784601183eb3a1e1723ce2d4,,,
5,20,x[11],True,x[11],0.16129032258064513,9dada49e784601183eb3a1e1723ce2d4,,,
5,20,x[11],True,x[11],0.16129032258064513,9dada49e784601183eb3a1e1723ce2d4,,,
5,20,x[11],True,x[11],0.16129032258064513,9dada49e784601183eb3a1e1723ce2d4,,,
5,20,x[11],True,x[11],0.16129032258064513,9dada49e784601183eb3a1e1723ce2d4,,,
5,20,x[11],True,x[11],0.16129032258064513,9dada49e784601183eb3a1e1723ce2d4,,,
5,20,x[11],True,x[11],0.16129032258064513,9dada49e784601183eb3a1e1723ce2d4,,,
5,20,x[11],True,x[11],0.16129032258064513,9dada49e784601183eb3a1e1723ce2d4,,,
5,20,x[6],True,x[6],0.30645161290322576,d902aea98596abf07e07d9c42be380bf,,,
5,20,x[11],True,x[11],0.16129032258064513,9dada49e784601183eb3a1e1723ce2d4,,,
5,20,x[11],True,x[11],0.16129032258064513,9dada49e784601183eb3a1e1723ce2d4,,,
5,20,x[11],True,x[11],0.16129032258064513,9dada49e784601183eb3a1e1723ce2d4,,,
5,20,x[11],True,x[11],0.16129032258064513,9dada49e784601183eb3a1e1723ce2d4,,,
5,20,x[11],True,x[11],0.16129032258064513,9dada49e784601183eb3a1e1723ce2d4,,,
5,20,x[11],True,x[11],0.16129032258064513,9dada49e784601183eb3a1e1723ce2d4,,,
5,20,x[11],True,x[11],0.16129032258064513,9dada49e784601183eb3a1e1723ce2d4,,,
5,20,x[11],True,x[11],0.16129032258064513,9dada49e784601183eb3a1e1723ce2d4,,,
5,20,x[11],True,x[11],0.16129032258064513,9dada49e784601183eb3a1e1723ce2d4,,,
5,20,x[11],True,x[11],0.16129032258064513,9dada49e784601183eb3a1e1723ce2d4,,,
5,20,x[11],True,x[11],0.16129032258064513,9dada49e784601183eb3a1e1723ce2d4,,,
5,20,x[11],True,x[11],0.16129032258064513,9dada49e784601183eb3a1e1723ce2d4,,,
5,20,x[11],True,x[11],0.16129032258064513,9dada49e784601183eb3a1e1723ce2d4,,,
5,20,x[11],True,x[11],0.16129032258064513,9dada49e784601183eb3a1e1723ce2d4,,,
5,20,x[11],True,x[11],0.16129032258064513,9dada49e784601183eb3a1e1723ce2d4,,,
5,20,x[11],True,x[11],0.16129032258064513,9dada49e784601183eb3a1e1723ce2d4,,,
5,20,x[11],True,x[11],0.16129032258064513,9dada49e784601183eb3a1e1723ce2d4,,,
5,20,x[11],True,x[11],0.16129032258064513,9dada49e784601183eb3a1e1723ce2d4,,,
5,20,x[11],True,x[11],0.16129032258064513,9dada49e784601183eb3a1e1723ce2d4,,,
5,20,x[11],True,x[11],0.16129032258064513,9dada49e784601183eb3a1e1723ce2d4,,,
5,20,x[11],True,x[11],0.16129032258064513,9dada49e784601183eb3a1e1723ce2d4,,,
5,20,x[11],True,x[11],0.16129032258064513,9dada49e784601183eb3a1e1723ce2d4,,,
5,20,x[11],True,x[11],0.16129032258064513,9dada49e784601183eb3a1e1723ce2d4,,,
5,20,x[11],True,x[11],0.16129032258064513,9dada49e784601183eb3a1e1723ce2d4,,,
5,20,x[11],True,x[11],0.16129032258064513,9dada49e784601183eb3a1e1723ce2d4,,,
5,20,x[11],True,x[11],0.16129032258064513,9dada49e784601183eb3a1e1723ce2d4,,,
5,20,x[11],True,x[11],0.16129032258064513,9dada49e784601183eb3a1e1723ce2d4,,,
5,20,x[11],True,x[11],0.16129032258064513,9dada49e784601183eb3a1e1723ce2d4,,,
5,20,x[11],True,x[11],0.16129032258064513,9dada49e784601183eb3a1e1723ce2d4,,,
5,20,x[11],True,x[11],0.16129032258064513,9dada49e784601183eb3a1e1723ce2d4,,,
5,20,x[11],True,x[11],0.16129032258064513,9dada49e784601183eb3a1e1723ce2d4,,,
5,20,x[11],True,x[11],0.16129032258064513,9dada49e784601183eb3a1e1723ce2d4,,,
5,20,x[11],True,x[11],0.16129032258064513,9dada49e784601183eb3a1e1723ce2d4,,,
5,20,x[11],True,x[11],0.16129032258064513,9dada49e784601183eb3a1e1723ce2d4,,,
5,20,x[11],True,x[11],0.16129032258064513,9dada49e784601183eb3a1e1723ce2d4,,,
5,20,x[11],True,x[11],0.16129032258064513,9dada49e784601183eb3a1e1723ce2d4,,,
5,20,x[11],True,x[11],0.16129032258064513,9dada49e784601183eb3a1e1723ce2d4,,,
5,20,x[11],True,x[11],0.16129032258064513,9dada49e784601183eb3a1e1723ce2d4,,,
5,20,x[11],True,x[11],0.16129032258064513,9dada49e784601183eb3a1e1723ce2d4,,,
5,20,x[11],True,x[11],0.16129032258064513,9dada49e784601183eb3a1e1723ce2d4,,,
5,20,x[11],True,x[11],0.16129032258064513,9dada49e784601183eb3a1e1723ce2d4,,,
5,20,x[11],True,x[11],0.16129032258064513,9dada49e784601183eb3a1e1723ce2d4,,,
5,20,x[9],True,x[9],0.2338709677419355,2e0260aa627dff742f7c723c8367e701,,,
5,20,x[11],True,x[11],0.16129032258064513,9dada49e784601183eb3a1e1723ce2d4,,,
5,20,x[11],True,x[11],0.16129032258064513,9dada49e784601183eb3a1e1723ce2d4,,,
5,20,x[11],True,x[11],0.16129032258064513,9dada49e784601183eb3a1e1723ce2d4,,,
5,20,x[11],True,x[11],0.16129032258064513,9dada49e784601183eb3a1e1723ce2d4,,,
5,20,x[11],True,x[11],0.16129032258064513,9dada49e784601183eb3a1e1723ce2d4,,,
5,20,x[11],True,x[11],0.16129032258064513,9dada49e784601183eb3a1e1723ce2d4,,,
5,20,x[11],True,x[11],0.16129032258064513,9dada49e784601183eb3a1e1723ce2d4,,,
5,20,x[11],True,x[11],0.16129032258064513,9dada49e784601183eb3a1e1723ce2d4,,,
5,20,x[11],True,x[11],0.16129032258064513,9dada49e784601183eb3a1e1723ce2d4,,,
5,20,x[11],True,x[11],0.16129032258064513,9dada49e784601183eb3a1e1723ce2d4,,,
5,20,x[11],True,x[11],0.16129032258064513,9dada49e784601183eb3a1e1723ce2d4,,,
5,20,x[11],True,x[11],0.16129032258064513,9dada49e784601183eb3a1e1723ce2d4,,,
5,20,x[11],True,x[11],0.16129032258064513,9dada49e784601183eb3a1e1723ce2d4,,,
5,20,x[11],True,x[11],0.16129032258064513,9dada49e784601183eb3a1e1723ce2d4,,,
5,20,x[1],True,x[1],0.685483870967742,48150b63a14de07ac8ada4efd9d4896c,,,
5,20,x[11],True,x[11],0.16129032258064513,9dada49e784601183eb3a1e1723ce2d4,,,
5,20,x[11],True,x[11],0.16129032258064513,9dada49e784601183eb3a1e1723ce2d4,,,
5,20,x[11],True,x[11],0.16129032258064513,9dada49e784601183eb3a1e1723ce2d4,,,
5,20,x[11],True,x[11],0.16129032258064513,9dada49e784601183eb3a1e1723ce2d4,,,
5,20,x[11],True,x[11],0.16129032258064513,9dada49e784601183eb3a1e1723ce2d4,,,
5,20,x[11],True,x[11],0.16129032258064513,9dada49e784601183eb3a1e1723ce2d4,,,
5,20,x[11],True,x[11],0.16129032258064513,9dada49e784601183eb3a1e1723ce2d4,,,
5,20,x[11],True,x[11],0.16129032258064513,9dada49e784601183eb3a1e1723ce2d4,,,
5,20,x[11],True,x[11],0.16129032258064513,9dada49e784601183eb3a1e1723ce2d4,,,
5,20,x[11],True,x[11],0.16129032258064513,9dada49e784601183eb3a1e1723ce2d4,,,
5,20,x[11],True,x[11],0.16129032258064513,9dada49e784601183eb3a1e1723ce2d4,,,
5,20,x[11],True,x[11],0.16129032258064513,9dada49e784601183eb3a1e1723ce2d4,,,
5,20,x[11],True,x[11],0.16129032258064513,9dada49e784601183eb3a1e1723ce2d4,,,
5,20,x[11],True,x[11],0.16129032258064513,9dada49e784601183eb3a1e1723ce2d4,,,
5,20,x[11],True,x[11],0.16129032258064513,9dada49e784601183eb3a1e1723ce2d4,,,
5,20,x[11],True,x[11],0.16129032258064513,9dada49e784601183eb3a1e1723ce2d4,,,
5,20,x[11],True,x[11],0.16129032258064513,9dada49e784601183eb3a1e1723ce2d4,,,
5,20,x[11],True,x[11],0.16129032258064513,9dada49e784601183eb3a1e1723ce2d4,,,
5,20,x[11],True,x[11],0.16129032258064513,9dada49e784601183eb3a1e1723ce2d4,,,
5,20,x[11],True,x[11],0.16129032258064513,9dada49e784601183eb3a1e1723ce2d4,,,
5,20,x[11],True,x[11],0.16129032258064513,9dada49e784601183eb3a1e1723ce2d4,,,
5,20,x[1],True,x[1],0.685483870967742,48150b63a14de07ac8ada4efd9d4896c,,,
5,20,x[11],True,x[11],0.16129032258064513,9dada49e784601183eb3a1e1723ce2d4,,,
5,20,x[11],True,x[11],0.16129032258064513,9dada49e784601183eb3a1e1723ce2d4,,,
5,20,x[11],True,x[11],0.16129032258064513,9dada49e784601183eb3a1e1723ce2d4,,,
5,20,x[11],True,x[11],0.16129032258064513,9dada49e784601183eb3a1e1723ce2d4,,,
5,20,x[11],True,x[11],0.16129032258064513,9dada49e784601183eb3a1e1723ce2d4,,,
5,20,x[11],True,x[11],0.16129032258064513,9dada49e784601183eb3a1e1723ce2d4,,,
5,20,x[11],True,x[11],0.16129032258064513,9dada49e784601183eb3a1e1723ce2d4,,,
5,20,x[11],True,x[11],0.16129032258064513,9dada49e784601183eb3a1e1723ce2d4,,,
5,20,x[11],True,x[11],0.16129032258064513,9dada49e784601183eb3a1e1723ce2d4,,,
5,20,x[11],True,x[11],0.16129032258064513,9dada49e784601183eb3a1e1723ce2d4,,,
5,20,x[11],True,x[11],0.16129032258064513,9dada49e784601183eb3a1e1723ce2d4,,,
5,20,x[11],True,x[11],0.16129032258064513,9dada49e784601183eb3a1e1723ce2d4,,,
5,20,x[11],True,x[11],0.16129032258064513,9dada49e784601183eb3a1e1723ce2d4,,,
5,20,x[11],True,x[11],0.16129032258064513,9dada49e784601183eb3a1e1723ce2d4,,,
5,20,x[11],True,x[11],0.16129032258064513,9dada49e784601183eb3a1e1723ce2d4,,,
5,20,x[11],True,x[11],0.16129032258064513,9dada49e784601183eb3a1e1723ce2d4,,,
5,20,x[10],True,x[10],0.24193548387096775,7424f049dcd7de48c5ec487367408f4f,,,
5,20,x[11],True,x[11],0.16129032258064513,9dada49e784601183eb3a1e1723ce2d4,,,
5,20,x[16],True,x[16],0.217741935483871,2b4aec85a499a1f7baf764b48bcf9178,,,
5,20,x[11],True,x[11],0.16129032258064513,9dada49e784601183eb3a1e1723ce2d4,,,
5,20,x[11],True,x[11],0.16129032258064513,9dada49e784601183eb3a1e1723ce2d4,,,
5,20,x[11],True,x[11],0.16129032258064513,9dada49e784601183eb3a1e1723ce2d4,,,
5,20,x[11],True,x[11],0.16129032258064513,9dada49e784601183eb3a1e1723ce2d4,,,
5,20,x[11],True,x[11],0.16129032258064513,9dada49e784601183eb3a1e1723ce2d4,,,
5,20,x[11],True,x[11],0.16129032258064513,9dada49e784601183eb3a1e1723ce2d4,,,
5,20,x[11],True,x[11],0.16129032258064513,9dada49e784601183eb3a1e1723ce2d4,,,
5,20,x[11],True,x[11],0.16129032258064513,9dada49e784601183eb3a1e1723ce2d4,,,
5,20,x[11],True,x[11],0.16129032258064513,9dada49e784601183eb3a1e1723ce2d4,,,
5,20,x[11],True,x[11],0.16129032258064513,9dada49e784601183eb3a1e1723ce2d4,,,
5,20,x[11],True,x[11],0.16129032258064513,9dada49e784601183eb3a1e1723ce2d4,,,
5,20,x[11],True,x[11],0.16129032258064513,9dada49e784601183eb3a1e1723ce2d4,,,
5,20,x[11],True,x[11],0.16129032258064513,9dada49e784601183eb3a1e1723ce2d4,,,
5,20,x[11],True,x[11],0.16129032258064513,9dada49e784601183eb3a1e1723ce2d4,,,
5,20,x[11],True,x[11],0.16129032258064513,9dada49e784601183eb3a1e1723ce2d4,,,
5,20,x[11],True,x[11],0.16129032258064513,9dada49e784601183eb3a1e1723ce2d4,,,
5,20,x[11],True,x[11],0.16129032258064513,9dada49e784601183eb3a1e1723ce2d4,,,
5,20,x[11],True,x[11],0.16129032258064513,9dada49e784601183eb3a1e1723ce2d4,,,
5,20,x[12],True,x[12],0.18548387096774188,0d372214e94f96a8c686509e4d084014,,,
5,20,x[11],True,x[11],0.16129032258064513,9dada49e784601183eb3a1e1723ce2d4,,,
5,20,x[11],True,x[11],0.16129032258064513,9dada49e784601183eb3a1e1723ce2d4,,,
5,20,x[11],True,x[11],0.16129032258064513,9dada49e784601183eb3a1e1723ce2d4,,,
5,20,x[11],True,x[11],0.16129032258064513,9dada49e784601183eb3a1e1723ce2d4,,,
5,20,x[11],True,x[11],0.16129032258064513,9dada49e784601183eb3a1e1723ce2d4,,,
5,20,x[11],True,x[11],0.16129032258064513,9dada49e784601183eb3a1e1723ce2d4,,,
5,20,x[11],True,x[11],0.16129032258064513,9dada49e784601183eb3a1e1723ce2d4,,,
5,20,x[11],True,x[11],0.16129032258064513,9dada49e784601183eb3a1e1723ce2d4,,,
5,20,x[11],True,x[11],0.16129032258064513,9dada49e784601183eb3a1e1723ce2d4,,,
5,20,x[11],True,x[11],0.16129032258064513,9dada49e784601183eb3a1e1723ce2d4,,,
5,20,x[11],True,x[11],0.16129032258064513,9dada49e784601183eb3a1e1723ce2d4,,,
5,20,x[11],True,x[11],0.16129032258064513,9dada49e784601183eb3a1e1723ce2d4,,,
5,20,x[11],True,x[11],0.16129032258064513,9dada49e784601183eb3a1e1723ce2d4,,,
5,20,x[11],True,x[11],0.16129032258064513,9dada49e784601183eb3a1e1723ce2d4,,,
5,20,x[11],True,x[11],0.16129032258064513,9dada49e784601183eb3a1e1723ce2d4,,,
5,20,x[11],True,x[11],0.16129032258064513,9dada49e784601183eb3a1e1723ce2d4,,,
5,20,x[11],True,x[11],0.16129032258064513,9dada49e784601183eb3a1e1723ce2d4,,,
5,20,x[11],True,x[11],0.16129032258064513,9dada49e784601183eb3a1e1723ce2d4,,,
5,20,x[11],True,x[11],0.16129032258064513,9dada49e784601183eb3a1e1723ce2d4,,,
5,20,x[11],True,x[11],0.16129032258064513,9dada49e784601183eb3a1e1723ce2d4,,,
5,20,x[11],True,x[11],0.16129032258064513,9dada49e784601183eb3a1e1723ce2d4,,,
5,20,x[11],True,x[11],0.16129032258064513,9dada49e784601183eb3a1e1723ce2d4,,,
5,20,x[11],True,x[11],0.16129032258064513,9dada49e784601183eb3a1e1723ce2d4,,,
5,20,x[11],True,x[11],0.16129032258064513,9dada49e784601183eb3a1e1723ce2d4,,,
5,20,x[11],True,x[11],0.16129032258064513,9dada49e784601183eb3a1e1723ce2d4,,,
5,20,x[11],True,x[11],0.16129032258064513,9dada49e784601183eb3a1e1723ce2d4,,,
5,20,x[11],True,x[11],0.16129032258064513,9dada49e784601183eb3a1e1723ce2d4,,,
5,20,x[11],True,x[11],0.16129032258064513,9dada49e784601183eb3a1e1723ce2d4,,,
5,20,x[11],True,x[11],0.16129032258064513,9dada49e784601183eb3a1e1723ce2d4,,,
5,20,x[11],True,x[11],0.16129032258064513,9dada49e784601183eb3a1e1723ce2d4,,,
5,20,x[11],True,x[11],0.16129032258064513,9dada49e784601183eb3a1e1723ce2d4,,,
5,20,x[11],True,x[11],0.16129032258064513,9dada49e784601183eb3a1e1723ce2d4,,,
5,20,x[11],True,x[11],0.16129032258064513,9dada49e784601183eb3a1e1723ce2d4,,,
5,20,x[11],True,x[11],0.16129032258064513,9dada49e784601183eb3a1e1723ce2d4,,,
5,20,x[11],True,x[11],0.16129032258064513,9dada49e784601183eb3a1e1723ce2d4,,,
5,20,x[11],True,x[11],0.16129032258064513,9dada49e784601183eb3a1e1723ce2d4,,,
5,20,x[11],True,x[11],0.16129032258064513,9dada49e784601183eb3a1e1723ce2d4,,,
5,20,x[11],True,x[11],0.16129032258064513,9dada49e784601183eb3a1e1723ce2d4,,,
5,20,x[11],True,x[11],0.16129032258064513,9dada49e784601183eb3a1e1723ce2d4,,,
5,20,x[11],True,x[11],0.16129032258064513,9dada49e784601183eb3a1e1723ce2d4,,,
5,20,x[11],True,x[11],0.16129032258064513,9dada49e784601183eb3a1e1723ce2d4,,,
5,20,x[11],True,x[11],0.16129032258064513,9dada49e784601183eb3a1e1723ce2d4,,,
5,20,x[11],True,x[11],0.16129032258064513,9dada49e784601183eb3a1e1723ce2d4,,,
5,20,x[11],True,x[11],0.16129032258064513,9dada49e784601183eb3a1e1723ce2d4,,,
5,20,x[11],True,x[11],0.16129032258064513,9dada49e784601183eb3a1e1723ce2d4,,,
5,20,x[11],True,x[11],0.16129032258064513,9dada49e784601183eb3a1e1723ce2d4,,,
5,20,x[11],True,x[11],0.16129032258064513,9dada49e784601183eb3a1e1723ce2d4,,,
5,20,x[11],True,x[11],0.16129032258064513,9dada49e784601183eb3a1e1723ce2d4,,,
5,20,x[11],True,x[11],0.16129032258064513,9dada49e784601183eb3a1e1723ce2d4,,,
5,20,x[11],True,x[11],0.16129032258064513,9dada49e784601183eb3a1e1723ce2d4,,,
5,20,x[11],True,x[11],0.16129032258064513,9dada49e784601183eb3a1e1723ce2d4,,,
5,20,x[11],True,x[11],0.16129032258064513,9dada49e784601183eb3a1e1723ce2d4,,,
5,20,x[11],True,x[11],0.16129032258064513,9dada49e784601183eb3a1e1723ce2d4,,,
5,20,x[11],True,x[11],0.16129032258064513,9dada49e784601183eb3a1e1723ce2d4,,,
5,20,x[11],True,x[11],0.16129032258064513,9dada49e784601183eb3a1e1723ce2d4,,,
5,20,x[11],True,x[11],0.16129032258064513,9dada49e784601183eb3a1e1723ce2d4,,,
5,20,x[11],True,x[11],0.16129032258064513,9dada49e784601183eb3a1e1723ce2d4,,,
5,20,x[11],True,x[11],0.16129032258064513,9dada49e784601183eb3a1e1723ce2d4,,,
5,20,x[11],True,x[11],0.16129032258064513,9dada49e784601183eb3a1e1723ce2d4,,,
5,20,x[11],True,x[11],0.16129032258064513,9dada49e784601183eb3a1e1723ce2d4,,,
5,20,x[11],True,x[11],0.16129032258064513,9dada49e784601183eb3a1e1723ce2d4,,,
5,20,x[11],True,x[11],0.16129032258064513,9dada49e784601183eb3a1e1723ce2d4,,,
5,20,x[11],True,x[11],0.16129032258064513,9dada49e784601183eb3a1e1723ce2d4,,,
5,20,x[1],True,x[1],0.685483870967742,48150b63a14de07ac8ada4efd9d4896c,,,
5,20,x[14],True,x[14],0.22580645161290325,5184b187f6f474f266ff1a9e52a8b41f,,,
5,20,x[11],True,x[11],0.16129032258064513,9dada49e784601183eb3a1e1723ce2d4,,,
5,20,x[11],True,x[11],0.16129032258064513,9dada49e784601183eb3a1e1723ce2d4,,,
5,20,x[11],True,x[11],0.16129032258064513,9dada49e784601183eb3a1e1723ce2d4,,,
5,20,x[11],True,x[11],0.16129032258064513,9dada49e784601183eb3a1e1723ce2d4,,,
5,20,x[11],True,x[11],0.16129032258064513,9dada49e784601183eb3a1e1723ce2d4,,,
5,20,x[11],True,x[11],0.16129032258064513,9dada49e784601183eb3a1e1723ce2d4,,,
5,20,x[11],True,x[11],0.16129032258064513,9dada49e784601183eb3a1e1723ce2d4,,,
5,20,x[11],True,x[11],0.16129032258064513,9dada49e784601183eb3a1e1723ce2d4,,,
5,20,x[11],True,x[11],0.16129032258064513,9dada49e784601183eb3a1e1723ce2d4,,,
5,20,x[11],True,x[11],0.16129032258064513,9dada49e784601183eb3a1e1723ce2d4,,,
5,20,x[11],True,x[11],0.16129032258064513,9dada49e784601183eb3a1e1723ce2d4,,,
5,20,x[11],True,x[11],0.16129032258064513,9dada49e784601183eb3a1e1723ce2d4,,,
5,20,x[11],True,x[11],0.16129032258064513,9dada49e784601183eb3a1e1723ce2d4,,,
5,20,x[11],True,x[11],0.16129032258064513,9dada49e784601183eb3a1e1723ce2d4,,,
5,20,x[11],True,x[11],0.16129032258064513,9dada49e784601183eb3a1e1723ce2d4,,,
5,20,x[11],True,x[11],0.16129032258064513,9dada49e784601183eb3a1e1723ce2d4,,,
5,20,x[11],True,x[11],0.16129032258064513,9dada49e784601183eb3a1e1723ce2d4,,,
5,20,x[11],True,x[11],0.16129032258064513,9dada49e784601183eb3a1e1723ce2d4,,,
5,20,x[17],True,x[17],0.217741935483871,078a7ef4b1d424e54e976f158f2a5fa5,,,
5,20,x[11],True,x[11],0.16129032258064513,9dada49e784601183eb3a1e1723ce2d4,,,
5,20,x[11],True,x[11],0.16129032258064513,9dada49e784601183eb3a1e1723ce2d4,,,
5,20,x[11],True,x[11],0.16129032258064513,9dada49e784601183eb3a1e1723ce2d4,,,
5,20,x[11],True,x[11],0.16129032258064513,9dada49e784601183eb3a1e1723ce2d4,,,
5,20,x[11],True,x[11],0.16129032258064513,9dada49e784601183eb3a1e1723ce2d4,,,
5,21,x[11],True,x[11],0.16129032258064513,9dada49e784601183eb3a1e1723ce2d4,,,
5,21,x[11],True,x[11],0.16129032258064513,9dada49e784601183eb3a1e1723ce2d4,,,
5,21,x[11],True,x[11],0.16129032258064513,9dada49e784601183eb3a1e1723ce2d4,,,
5,21,x[11],True,x[11],0.16129032258064513,9dada49e784601183eb3a1e1723ce2d4,,,
5,21,x[11],True,x[11],0.16129032258064513,9dada49e784601183eb3a1e1723ce2d4,,,
5,21,x[11],True,x[11],0.16129032258064513,9dada49e784601183eb3a1e1723ce2d4,,,
5,21,x[11],True,x[11],0.16129032258064513,9dada49e784601183eb3a1e1723ce2d4,,,
5,21,x[11],True,x[11],0.16129032258064513,9dada49e784601183eb3a1e1723ce2d4,,,
5,21,x[11],True,x[11],0.16129032258064513,9dada49e784601183eb3a1e1723ce2d4,,,
5,21,x[13],True,x[13],0.217741935483871,060f7b59fcb1852e9befb4d0292eca15,,,
5,21,x[11],True,x[11],0.16129032258064513,9dada49e784601183eb3a1e1723ce2d4,,,
5,21,x[11],True,x[11],0.16129032258064513,9dada49e784601183eb3a1e1723ce2d4,,,
5,21,x[11],True,x[11],0.16129032258064513,9dada49e784601183eb3a1e1723ce2d4,,,
5,21,x[11],True,x[11],0.16129032258064513,9dada49e784601183eb3a1e1723ce2d4,,,
5,21,x[11],True,x[11],0.16129032258064513,9dada49e784601183eb3a1e1723ce2d4,,,
5,21,x[11],True,x[11],0.16129032258064513,9dada49e784601183eb3a1e1723ce2d4,,,
5,21,x[11],True,x[11],0.16129032258064513,9dada49e784601183eb3a1e1723ce2d4,,,
5,21,x[11],True,x[11],0.16129032258064513,9dada49e784601183eb3a1e1723ce2d4,,,
5,21,x[11],True,x[11],0.16129032258064513,9dada49e784601183eb3a1e1723ce2d4,,,
5,21,x[11],True,x[11],0.16129032258064513,9dada49e784601183eb3a1e1723ce2d4,,,
5,21,x[11],True,x[11],0.16129032258064513,9dada49e784601183eb3a1e1723ce2d4,,,
5,21,x[11],True,x[11],0.16129032258064513,9dada49e784601183eb3a1e1723ce2d4,,,
5,21,x[11],True,x[11],0.16129032258064513,9dada49e784601183eb3a1e1723ce2d4,,,
5,21,x[1],True,x[1],0.685483870967742,48150b63a14de07ac8ada4efd9d4896c,,,
5,21,x[11],True,x[11],0.16129032258064513,9dada49e784601183eb3a1e1723ce2d4,,,
5,21,x[12],True,x[12],0.18548387096774188,0d372214e94f96a8c686509e4d084014,,,
5,21,x[11],True,x[11],0.16129032258064513,9dada49e784601183eb3a1e1723ce2d4,,,
5,21,x[11],True,x[11],0.16129032258064513,9dada49e784601183eb3a1e1723ce2d4,,,
5,21,x[11],True,x[11],0.16129032258064513,9dada49e784601183eb3a1e1723ce2d4,,,
5,21,x[11],True,x[11],0.16129032258064513,9dada49e784601183eb3a1e1723ce2d4,,,
5,21,x[11],True,x[11],0.16129032258064513,9dada49e784601183eb3a1e1723ce2d4,,,
5,21,x[11],True,x[11],0.16129032258064513,9dada49e784601183eb3a1e1723ce2d4,,,
5,21,x[11],True,x[11],0.16129032258064513,9dada49e784601183eb3a1e1723ce2d4,,,
5,21,x[11],True,x[11],0.16129032258064513,9dada49e784601183eb3a1e1723ce2d4,,,
5,21,x[12],True,x[12],0.18548387096774188,0d372214e94f96a8c686509e4d084014,,,
5,21,x[11],True,x[11],0.16129032258064513,9dada49e784601183eb3a1e1723ce2d4,,,
5,21,x[11],True,x[11],0.16129032258064513,9dada49e784601183eb3a1e1723ce2d4,,,
5,21,x[11],True,x[11],0.16129032258064513,9dada49e784601183eb3a1e1723ce2d4,,,
5,21,x[11],True,x[11],0.16129032258064513,9dada49e784601183eb3a1e1723ce2d4,,,
5,21,x[11],True,x[11],0.16129032258064513,9dada49e784601183eb3a1e1723ce2d4,,,
5,21,x[11],True,x[11],0.16129032258064513,9dada49e784601183eb3a1e1723ce2d4,,,
5,21,x[11],True,x[11],0.16129032258064513,9dada49e784601183eb3a1e1723ce2d4,,,
5,21,x[11],True,x[11],0.16129032258064513,9dada49e784601183eb3a1e1723ce2d4,,,
5,21,x[11],True,x[11],0.16129032258064513,9dada49e784601183eb3a1e1723ce2d4,,,
5,21,x[11],True,x[11],0.16129032258064513,9dada49e784601183eb3a1e1723ce2d4,,,
5,21,x[11],True,x[11],0.16129032258064513,9dada49e784601183eb3a1e1723ce2d4,,,
5,21,x[11],True,x[11],0.16129032258064513,9dada49e784601183eb3a1e1723ce2d4,,,
5,21,x[11],True,x[11],0.16129032258064513,9dada49e784601183eb3a1e1723ce2d4,,,
5,21,x[11],True,x[11],0.16129032258064513,9dada49e784601183eb3a1e1723ce2d4,,,
5,21,x[11],True,x[11],0.16129032258064513,9dada49e784601183eb3a1e1723ce2d4,,,
5,21,x[11],True,x[11],0.16129032258064513,9dada49e784601183eb3a1e1723ce2d4,,,
5,21,x[11],True,x[11],0.16129032258064513,9dada49e784601183eb3a1e1723ce2d4,,,
5,21,x[11],True,x[11],0.16129032258064513,9dada49e784601183eb3a1e1723ce2d4,,,
5,21,x[11],True,x[11],0.16129032258064513,9dada49e784601183eb3a1e1723ce2d4,,,
5,21,x[11],True,x[11],0.16129032258064513,9dada49e784601183eb3a1e1723ce2d4,,,
5,21,x[11],True,x[11],0.16129032258064513,9dada49e784601183eb3a1e1723ce2d4,,,
5,21,x[11],True,x[11],0.16129032258064513,9dada49e784601183eb3a1e1723ce2d4,,,
5,21,x[11],True,x[11],0.16129032258064513,9dada49e784601183eb3a1e1723ce2d4,,,
5,21,x[11],True,x[11],0.16129032258064513,9dada49e784601183eb3a1e1723ce2d4,,,
5,21,x[11],True,x[11],0.16129032258064513,9dada49e784601183eb3a1e1723ce2d4,,,
5,21,x[11],True,x[11],0.16129032258064513,9dada49e784601183eb3a1e1723ce2d4,,,
5,21,x[11],True,x[11],0.16129032258064513,9dada49e784601183eb3a1e1723ce2d4,,,
5,21,x[11],True,x[11],0.16129032258064513,9dada49e784601183eb3a1e1723ce2d4,,,
5,21,x[11],True,x[11],0.16129032258064513,9dada49e784601183eb3a1e1723ce2d4,,,
5,21,x[11],True,x[11],0.16129032258064513,9dada49e784601183eb3a1e1723ce2d4,,,
5,21,x[12],True,x[12],0.18548387096774188,0d372214e94f96a8c686509e4d084014,,,
5,21,x[11],True,x[11],0.16129032258064513,9dada49e784601183eb3a1e1723ce2d4,,,
5,21,x[11],True,x[11],0.16129032258064513,9dada49e784601183eb3a1e1723ce2d4,,,
5,21,x[11],True,x[11],0.16129032258064513,9dada49e784601183eb3a1e1723ce2d4,,,
5,21,x[11],True,x[11],0.16129032258064513,9dada49e784601183eb3a1e1723ce2d4,,,
5,21,x[11],True,x[11],0.16129032258064513,9dada49e784601183eb3a1e1723ce2d4,,,
5,21,x[11],True,x[11],0.16129032258064513,9dada49e784601183eb3a1e1723ce2d4,,,
5,21,x[11],True,x[11],0.16129032258064513,9dada49e784601183eb3a1e1723ce2d4,,,
5,21,x[11],True,x[11],0.16129032258064513,9dada49e784601183eb3a1e1723ce2d4,,,
5,21,x[11],True,x[11],0.16129032258064513,9dada49e784601183eb3a1e1723ce2d4,,,
5,21,x[11],True,x[11],0.16129032258064513,9dada49e784601183eb3a1e1723ce2d4,,,
5,21,x[11],True,x[11],0.16129032258064513,9dada49e784601183eb3a1e1723ce2d4,,,
5,21,x[11],True,x[11],0.16129032258064513,9dada49e784601183eb3a1e1723ce2d4,,,
5,21,x[11],True,x[11],0.16129032258064513,9dada49e784601183eb3a1e1723ce2d4,,,
5,21,x[11],True,x[11],0.16129032258064513,9dada49e784601183eb3a1e1723ce2d4,,,
5,21,x[11],True,x[11],0.16129032258064513,9dada49e784601183eb3a1e1723ce2d4,,,
5,21,x[11],True,x[11],0.16129032258064513,9dada49e784601183eb3a1e1723ce2d4,,,
5,21,x[11],True,x[11],0.16129032258064513,9dada49e784601183eb3a1e1723ce2d4,,,
5,21,x[11],True,x[11],0.16129032258064513,9dada49e784601183eb3a1e1723ce2d4,,,
5,21,x[11],True,x[11],0.16129032258064513,9dada49e784601183eb3a1e1723ce2d4,,,
5,21,x[11],True,x[11],0.16129032258064513,9dada49e784601183eb3a1e1723ce2d4,,,
5,21,x[11],True,x[11],0.16129032258064513,9dada49e784601183eb3a1e1723ce2d4,,,
5,21,x[11],True,x[11],0.16129032258064513,9dada49e784601183eb3a1e1723ce2d4,,,
5,21,x[9],True,x[9],0.2338709677419355,2e0260aa627dff742f7c723c8367e701,,,
5,21,x[11],True,x[11],0.16129032258064513,9dada49e784601183eb3a1e1723ce2d4,,,
5,21,x[11],True,x[11],0.16129032258064513,9dada49e784601183eb3a1e1723ce2d4,,,
5,21,x[11],True,x[11],0.16129032258064513,9dada49e784601183eb3a1e1723ce2d4,,,
5,21,x[11],True,x[11],0.16129032258064513,9dada49e784601183eb3a1e1723ce2d4,,,
5,21,x[11],True,x[11],0.16129032258064513,9dada49e784601183eb3a1e1723ce2d4,,,
5,21,x[11],True,x[11],0.16129032258064513,9dada49e784601183eb3a1e1723ce2d4,,,
5,21,x[11],True,x[11],0.16129032258064513,9dada49e784601183eb3a1e1723ce2d4,,,
5,21,not_(x[9]),True,not_(x[9]),0.7661290322580645,2ff729779af7bdb0705c3efe96b2b826,,,
5,21,x[11],True,x[11],0.16129032258064513,9dada49e784601183eb3a1e1723ce2d4,,,
5,21,x[11],True,x[11],0.16129032258064513,9dada49e784601183eb3a1e1723ce2d4,,,
5,21,x[11],True,x[11],0.16129032258064513,9dada49e784601183eb3a1e1723ce2d4,,,
5,21,x[11],True,x[11],0.16129032258064513,9dada49e784601183eb3a1e1723ce2d4,,,
5,21,x[11],True,x[11],0.16129032258064513,9dada49e784601183eb3a1e1723ce2d4,,,
5,21,x[11],True,x[11],0.16129032258064513,9dada49e784601183eb3a1e1723ce2d4,,,
5,21,x[11],True,x[11],0.16129032258064513,9dada49e784601183eb3a1e1723ce2d4,,,
5,21,x[11],True,x[11],0.16129032258064513,9dada49e784601183eb3a1e1723ce2d4,,,
5,21,x[11],True,x[11],0.16129032258064513,9dada49e784601183eb3a1e1723ce2d4,,,
5,21,x[11],True,x[11],0.16129032258064513,9dada49e784601183eb3a1e1723ce2d4,,,
5,21,x[11],True,x[11],0.16129032258064513,9dada49e784601183eb3a1e1723ce2d4,,,
5,21,x[11],True,x[11],0.16129032258064513,9dada49e784601183eb3a1e1723ce2d4,,,
5,21,x[11],True,x[11],0.16129032258064513,9dada49e784601183eb3a1e1723ce2d4,,,
5,21,x[11],True,x[11],0.16129032258064513,9dada49e784601183eb3a1e1723ce2d4,,,
5,21,x[11],True,x[11],0.16129032258064513,9dada49e784601183eb3a1e1723ce2d4,,,
5,21,x[11],True,x[11],0.16129032258064513,9dada49e784601183eb3a1e1723ce2d4,,,
5,21,x[11],True,x[11],0.16129032258064513,9dada49e784601183eb3a1e1723ce2d4,,,
5,21,x[11],True,x[11],0.16129032258064513,9dada49e784601183eb3a1e1723ce2d4,,,
5,21,x[9],True,x[9],0.2338709677419355,2e0260aa627dff742f7c723c8367e701,,,
5,21,x[11],True,x[11],0.16129032258064513,9dada49e784601183eb3a1e1723ce2d4,,,
5,21,x[11],True,x[11],0.16129032258064513,9dada49e784601183eb3a1e1723ce2d4,,,
5,21,x[11],True,x[11],0.16129032258064513,9dada49e784601183eb3a1e1723ce2d4,,,
5,21,x[11],True,x[11],0.16129032258064513,9dada49e784601183eb3a1e1723ce2d4,,,
5,21,x[11],True,x[11],0.16129032258064513,9dada49e784601183eb3a1e1723ce2d4,,,
5,21,x[11],True,x[11],0.16129032258064513,9dada49e784601183eb3a1e1723ce2d4,,,
5,21,x[11],True,x[11],0.16129032258064513,9dada49e784601183eb3a1e1723ce2d4,,,
5,21,x[11],True,x[11],0.16129032258064513,9dada49e784601183eb3a1e1723ce2d4,,,
5,21,x[11],True,x[11],0.16129032258064513,9dada49e784601183eb3a1e1723ce2d4,,,
5,21,x[11],True,x[11],0.16129032258064513,9dada49e784601183eb3a1e1723ce2d4,,,
5,21,x[11],True,x[11],0.16129032258064513,9dada49e784601183eb3a1e1723ce2d4,,,
5,21,x[11],True,x[11],0.16129032258064513,9dada49e784601183eb3a1e1723ce2d4,,,
5,21,x[11],True,x[11],0.16129032258064513,9dada49e784601183eb3a1e1723ce2d4,,,
5,21,x[1],True,x[1],0.685483870967742,48150b63a14de07ac8ada4efd9d4896c,,,
5,21,x[11],True,x[11],0.16129032258064513,9dada49e784601183eb3a1e1723ce2d4,,,
5,21,x[11],True,x[11],0.16129032258064513,9dada49e784601183eb3a1e1723ce2d4,,,
5,21,x[11],True,x[11],0.16129032258064513,9dada49e784601183eb3a1e1723ce2d4,,,
5,21,x[11],True,x[11],0.16129032258064513,9dada49e784601183eb3a1e1723ce2d4,,,
5,21,x[11],True,x[11],0.16129032258064513,9dada49e784601183eb3a1e1723ce2d4,,,
5,21,x[11],True,x[11],0.16129032258064513,9dada49e784601183eb3a1e1723ce2d4,,,
5,21,x[11],True,x[11],0.16129032258064513,9dada49e784601183eb3a1e1723ce2d4,,,
5,21,x[11],True,x[11],0.16129032258064513,9dada49e784601183eb3a1e1723ce2d4,,,
5,21,x[11],True,x[11],0.16129032258064513,9dada49e784601183eb3a1e1723ce2d4,,,
5,21,x[11],True,x[11],0.16129032258064513,9dada49e784601183eb3a1e1723ce2d4,,,
5,21,x[11],True,x[11],0.16129032258064513,9dada49e784601183eb3a1e1723ce2d4,,,
5,21,x[13],True,x[13],0.217741935483871,060f7b59fcb1852e9befb4d0292eca15,,,
5,21,x[11],True,x[11],0.16129032258064513,9dada49e784601183eb3a1e1723ce2d4,,,
5,21,x[11],True,x[11],0.16129032258064513,9dada49e784601183eb3a1e1723ce2d4,,,
5,21,x[11],True,x[11],0.16129032258064513,9dada49e784601183eb3a1e1723ce2d4,,,
5,21,x[11],True,x[11],0.16129032258064513,9dada49e784601183eb3a1e1723ce2d4,,,
5,21,x[11],True,x[11],0.16129032258064513,9dada49e784601183eb3a1e1723ce2d4,,,
5,21,x[11],True,x[11],0.16129032258064513,9dada49e784601183eb3a1e1723ce2d4,,,
5,21,x[12],True,x[12],0.18548387096774188,0d372214e94f96a8c686509e4d084014,,,
5,21,x[11],True,x[11],0.16129032258064513,9dada49e784601183eb3a1e1723ce2d4,,,
5,21,x[11],True,x[11],0.16129032258064513,9dada49e784601183eb3a1e1723ce2d4,,,
5,21,x[11],True,x[11],0.16129032258064513,9dada49e784601183eb3a1e1723ce2d4,,,
5,21,x[11],True,x[11],0.16129032258064513,9dada49e784601183eb3a1e1723ce2d4,,,
5,21,x[11],True,x[11],0.16129032258064513,9dada49e784601183eb3a1e1723ce2d4,,,
5,21,x[11],True,x[11],0.16129032258064513,9dada49e784601183eb3a1e1723ce2d4,,,
5,21,x[11],True,x[11],0.16129032258064513,9dada49e784601183eb3a1e1723ce2d4,,,
5,21,x[11],True,x[11],0.16129032258064513,9dada49e784601183eb3a1e1723ce2d4,,,
5,21,x[11],True,x[11],0.16129032258064513,9dada49e784601183eb3a1e1723ce2d4,,,
5,21,x[11],True,x[11],0.16129032258064513,9dada49e784601183eb3a1e1723ce2d4,,,
5,21,x[11],True,x[11],0.16129032258064513,9dada49e784601183eb3a1e1723ce2d4,,,
5,21,x[11],True,x[11],0.16129032258064513,9dada49e784601183eb3a1e1723ce2d4,,,
5,21,x[11],True,x[11],0.16129032258064513,9dada49e784601183eb3a1e1723ce2d4,,,
5,21,x[11],True,x[11],0.16129032258064513,9dada49e784601183eb3a1e1723ce2d4,,,
5,21,x[11],True,x[11],0.16129032258064513,9dada49e784601183eb3a1e1723ce2d4,,,
5,21,x[11],True,x[11],0.16129032258064513,9dada49e784601183eb3a1e1723ce2d4,,,
5,21,x[11],True,x[11],0.16129032258064513,9dada49e784601183eb3a1e1723ce2d4,,,
5,21,x[11],True,x[11],0.16129032258064513,9dada49e784601183eb3a1e1723ce2d4,,,
5,21,x[11],True,x[11],0.16129032258064513,9dada49e784601183eb3a1e1723ce2d4,,,
5,21,x[11],True,x[11],0.16129032258064513,9dada49e784601183eb3a1e1723ce2d4,,,
5,21,x[11],True,x[11],0.16129032258064513,9dada49e784601183eb3a1e1723ce2d4,,,
5,21,x[11],True,x[11],0.16129032258064513,9dada49e784601183eb3a1e1723ce2d4,,,
5,21,x[11],True,x[11],0.16129032258064513,9dada49e784601183eb3a1e1723ce2d4,,,
5,21,x[11],True,x[11],0.16129032258064513,9dada49e784601183eb3a1e1723ce2d4,,,
5,21,x[11],True,x[11],0.16129032258064513,9dada49e784601183eb3a1e1723ce2d4,,,
5,21,x[11],True,x[11],0.16129032258064513,9dada49e784601183eb3a1e1723ce2d4,,,
5,21,x[11],True,x[11],0.16129032258064513,9dada49e784601183eb3a1e1723ce2d4,,,
5,21,x[11],True,x[11],0.16129032258064513,9dada49e784601183eb3a1e1723ce2d4,,,
5,21,x[11],True,x[11],0.16129032258064513,9dada49e784601183eb3a1e1723ce2d4,,,
5,21,x[11],True,x[11],0.16129032258064513,9dada49e784601183eb3a1e1723ce2d4,,,
5,21,x[11],True,x[11],0.16129032258064513,9dada49e784601183eb3a1e1723ce2d4,,,
5,21,x[11],True,x[11],0.16129032258064513,9dada49e784601183eb3a1e1723ce2d4,,,
5,21,x[11],True,x[11],0.16129032258064513,9dada49e784601183eb3a1e1723ce2d4,,,
5,21,x[11],True,x[11],0.16129032258064513,9dada49e784601183eb3a1e1723ce2d4,,,
5,21,x[11],True,x[11],0.16129032258064513,9dada49e784601183eb3a1e1723ce2d4,,,
5,21,x[11],True,x[11],0.16129032258064513,9dada49e784601183eb3a1e1723ce2d4,,,
5,21,x[11],True,x[11],0.16129032258064513,9dada49e784601183eb3a1e1723ce2d4,,,
5,21,x[11],True,x[11],0.16129032258064513,9dada49e784601183eb3a1e1723ce2d4,,,
5,21,x[11],True,x[11],0.16129032258064513,9dada49e784601183eb3a1e1723ce2d4,,,
5,21,x[11],True,x[11],0.16129032258064513,9dada49e784601183eb3a1e1723ce2d4,,,
5,21,x[11],True,x[11],0.16129032258064513,9dada49e784601183eb3a1e1723ce2d4,,,
5,21,x[11],True,x[11],0.16129032258064513,9dada49e784601183eb3a1e1723ce2d4,,,
5,21,x[11],True,x[11],0.16129032258064513,9dada49e784601183eb3a1e1723ce2d4,,,
5,21,x[11],True,x[11],0.16129032258064513,9dada49e784601183eb3a1e1723ce2d4,,,
5,21,x[11],True,x[11],0.16129032258064513,9dada49e784601183eb3a1e1723ce2d4,,,
5,21,x[11],True,x[11],0.16129032258064513,9dada49e784601183eb3a1e1723ce2d4,,,
5,21,x[11],True,x[11],0.16129032258064513,9dada49e784601183eb3a1e1723ce2d4,,,
5,21,x[11],True,x[11],0.16129032258064513,9dada49e784601183eb3a1e1723ce2d4,,,
5,21,x[8],True,x[8],0.4354838709677419,8c6b56831adf589cc7ca352d27aafe6d,,,
5,21,x[11],True,x[11],0.16129032258064513,9dada49e784601183eb3a1e1723ce2d4,,,
5,21,x[11],True,x[11],0.16129032258064513,9dada49e784601183eb3a1e1723ce2d4,,,
5,21,x[11],True,x[11],0.16129032258064513,9dada49e784601183eb3a1e1723ce2d4,,,
5,21,x[14],True,x[14],0.22580645161290325,5184b187f6f474f266ff1a9e52a8b41f,,,
5,21,x[11],True,x[11],0.16129032258064513,9dada49e784601183eb3a1e1723ce2d4,,,
5,21,x[11],True,x[11],0.16129032258064513,9dada49e784601183eb3a1e1723ce2d4,,,
5,21,x[11],True,x[11],0.16129032258064513,9dada49e784601183eb3a1e1723ce2d4,,,
5,21,x[11],True,x[11],0.16129032258064513,9dada49e784601183eb3a1e1723ce2d4,,,
5,21,x[11],True,x[11],0.16129032258064513,9dada49e784601183eb3a1e1723ce2d4,,,
5,21,x[11],True,x[11],0.16129032258064513,9dada49e784601183eb3a1e1723ce2d4,,,
5,21,x[11],True,x[11],0.16129032258064513,9dada49e784601183eb3a1e1723ce2d4,,,
5,21,x[11],True,x[11],0.16129032258064513,9dada49e784601183eb3a1e1723ce2d4,,,
5,21,x[11],True,x[11],0.16129032258064513,9dada49e784601183eb3a1e1723ce2d4,,,
5,21,x[11],True,x[11],0.16129032258064513,9dada49e784601183eb3a1e1723ce2d4,,,
5,21,x[11],True,x[11],0.16129032258064513,9dada49e784601183eb3a1e1723ce2d4,,,
5,21,x[11],True,x[11],0.16129032258064513,9dada49e784601183eb3a1e1723ce2d4,,,
5,21,x[11],True,x[11],0.16129032258064513,9dada49e784601183eb3a1e1723ce2d4,,,
5,21,x[11],True,x[11],0.16129032258064513,9dada49e784601183eb3a1e1723ce2d4,,,
5,21,x[11],True,x[11],0.16129032258064513,9dada49e784601183eb3a1e1723ce2d4,,,
5,21,x[11],True,x[11],0.16129032258064513,9dada49e784601183eb3a1e1723ce2d4,,,
5,21,x[11],True,x[11],0.16129032258064513,9dada49e784601183eb3a1e1723ce2d4,,,
5,21,x[11],True,x[11],0.16129032258064513,9dada49e784601183eb3a1e1723ce2d4,,,
5,21,x[11],True,x[11],0.16129032258064513,9dada49e784601183eb3a1e1723ce2d4,,,
5,21,x[11],True,x[11],0.16129032258064513,9dada49e784601183eb3a1e1723ce2d4,,,
5,21,x[11],True,x[11],0.16129032258064513,9dada49e784601183eb3a1e1723ce2d4,,,
5,21,x[11],True,x[11],0.16129032258064513,9dada49e784601183eb3a1e1723ce2d4,,,
5,21,x[11],True,x[11],0.16129032258064513,9dada49e784601183eb3a1e1723ce2d4,,,
5,21,x[11],True,x[11],0.16129032258064513,9dada49e784601183eb3a1e1723ce2d4,,,
5,21,x[11],True,x[11],0.16129032258064513,9dada49e784601183eb3a1e1723ce2d4,,,
5,21,x[11],True,x[11],0.16129032258064513,9dada49e784601183eb3a1e1723ce2d4,,,
5,21,x[11],True,x[11],0.16129032258064513,9dada49e784601183eb3a1e1723ce2d4,,,
5,21,x[11],True,x[11],0.16129032258064513,9dada49e784601183eb3a1e1723ce2d4,,,
5,21,x[16],True,x[16],0.217741935483871,2b4aec85a499a1f7baf764b48bcf9178,,,
5,21,x[11],True,x[11],0.16129032258064513,9dada49e784601183eb3a1e1723ce2d4,,,
5,21,x[11],True,x[11],0.16129032258064513,9dada49e784601183eb3a1e1723ce2d4,,,
5,21,x[11],True,x[11],0.16129032258064513,9dada49e784601183eb3a1e1723ce2d4,,,
5,21,x[10],True,x[10],0.24193548387096775,7424f049dcd7de48c5ec487367408f4f,,,
5,21,x[12],True,x[12],0.18548387096774188,0d372214e94f96a8c686509e4d084014,,,
5,21,x[11],True,x[11],0.16129032258064513,9dada49e784601183eb3a1e1723ce2d4,,,
5,21,x[11],True,x[11],0.16129032258064513,9dada49e784601183eb3a1e1723ce2d4,,,
5,21,x[11],True,x[11],0.16129032258064513,9dada49e784601183eb3a1e1723ce2d4,,,
5,21,x[11],True,x[11],0.16129032258064513,9dada49e784601183eb3a1e1723ce2d4,,,
5,21,x[11],True,x[11],0.16129032258064513,9dada49e784601183eb3a1e1723ce2d4,,,
5,21,x[11],True,x[11],0.16129032258064513,9dada49e784601183eb3a1e1723ce2d4,,,
5,21,x[11],True,x[11],0.16129032258064513,9dada49e784601183eb3a1e1723ce2d4,,,
5,21,x[11],True,x[11],0.16129032258064513,9dada49e784601183eb3a1e1723ce2d4,,,
5,21,x[11],True,x[11],0.16129032258064513,9dada49e784601183eb3a1e1723ce2d4,,,
5,21,x[11],True,x[11],0.16129032258064513,9dada49e784601183eb3a1e1723ce2d4,,,
5,21,x[11],True,x[11],0.16129032258064513,9dada49e784601183eb3a1e1723ce2d4,,,
5,21,x[11],True,x[11],0.16129032258064513,9dada49e784601183eb3a1e1723ce2d4,,,
5,21,x[11],True,x[11],0.16129032258064513,9dada49e784601183eb3a1e1723ce2d4,,,
5,21,x[11],True,x[11],0.16129032258064513,9dada49e784601183eb3a1e1723ce2d4,,,
5,21,x[11],True,x[11],0.16129032258064513,9dada49e784601183eb3a1e1723ce2d4,,,
5,21,x[11],True,x[11],0.16129032258064513,9dada49e784601183eb3a1e1723ce2d4,,,
5,21,x[11],True,x[11],0.16129032258064513,9dada49e784601183eb3a1e1723ce2d4,,,
5,21,x[11],True,x[11],0.16129032258064513,9dada49e784601183eb3a1e1723ce2d4,,,
5,21,x[11],True,x[11],0.16129032258064513,9dada49e784601183eb3a1e1723ce2d4,,,
5,21,x[11],True,x[11],0.16129032258064513,9dada49e784601183eb3a1e1723ce2d4,,,
5,21,x[10],True,x[10],0.24193548387096775,7424f049dcd7de48c5ec487367408f4f,,,
5,21,x[11],True,x[11],0.16129032258064513,9dada49e784601183eb3a1e1723ce2d4,,,
5,21,x[11],True,x[11],0.16129032258064513,9dada49e784601183eb3a1e1723ce2d4,,,
5,21,x[11],True,x[11],0.16129032258064513,9dada49e784601183eb3a1e1723ce2d4,,,
5,21,x[11],True,x[11],0.16129032258064513,9dada49e784601183eb3a1e1723ce2d4,,,
5,21,x[11],True,x[11],0.16129032258064513,9dada49e784601183eb3a1e1723ce2d4,,,
5,21,x[11],True,x[11],0.16129032258064513,9dada49e784601183eb3a1e1723ce2d4,,,
5,21,x[11],True,x[11],0.16129032258064513,9dada49e784601183eb3a1e1723ce2d4,,,
5,21,x[11],True,x[11],0.16129032258064513,9dada49e784601183eb3a1e1723ce2d4,,,
5,21,x[11],True,x[11],0.16129032258064513,9dada49e784601183eb3a1e1723ce2d4,,,
5,21,x[11],True,x[11],0.16129032258064513,9dada49e784601183eb3a1e1723ce2d4,,,
5,21,x[11],True,x[11],0.16129032258064513,9dada49e784601183eb3a1e1723ce2d4,,,
5,21,x[16],True,x[16],0.217741935483871,2b4aec85a499a1f7baf764b48bcf9178,,,
5,21,x[11],True,x[11],0.16129032258064513,9dada49e784601183eb3a1e1723ce2d4,,,
5,21,x[11],True,x[11],0.16129032258064513,9dada49e784601183eb3a1e1723ce2d4,,,
5,21,x[11],True,x[11],0.16129032258064513,9dada49e784601183eb3a1e1723ce2d4,,,
5,21,x[11],True,x[11],0.16129032258064513,9dada49e784601183eb3a1e1723ce2d4,,,
5,21,x[11],True,x[11],0.16129032258064513,9dada49e784601183eb3a1e1723ce2d4,,,
5,21,x[11],True,x[11],0.16129032258064513,9dada49e784601183eb3a1e1723ce2d4,,,
5,21,x[11],True,x[11],0.16129032258064513,9dada49e784601183eb3a1e1723ce2d4,,,
5,21,x[11],True,x[11],0.16129032258064513,9dada49e784601183eb3a1e1723ce2d4,,,
5,21,x[11],True,x[11],0.16129032258064513,9dada49e784601183eb3a1e1723ce2d4,,,
5,21,x[11],True,x[11],0.16129032258064513,9dada49e784601183eb3a1e1723ce2d4,,,
5,21,x[11],True,x[11],0.16129032258064513,9dada49e784601183eb3a1e1723ce2d4,,,
5,21,x[11],True,x[11],0.16129032258064513,9dada49e784601183eb3a1e1723ce2d4,,,
5,21,x[11],True,x[11],0.16129032258064513,9dada49e784601183eb3a1e1723ce2d4,,,
5,21,x[11],True,x[11],0.16129032258064513,9dada49e784601183eb3a1e1723ce2d4,,,
5,21,x[11],True,x[11],0.16129032258064513,9dada49e784601183eb3a1e1723ce2d4,,,
5,21,x[11],True,x[11],0.16129032258064513,9dada49e784601183eb3a1e1723ce2d4,,,
5,21,x[18],True,x[18],0.6451612903225806,6a4c84e0915d9d2b86d121e994683436,,,
5,21,x[11],True,x[11],0.16129032258064513,9dada49e784601183eb3a1e1723ce2d4,,,
5,21,x[11],True,x[11],0.16129032258064513,9dada49e784601183eb3a1e1723ce2d4,,,
5,21,x[4],True,x[4],0.49193548387096775,c062f6f76dec194bafe0ddbf91add8d9,,,
5,21,x[11],True,x[11],0.16129032258064513,9dada49e784601183eb3a1e1723ce2d4,,,
5,21,x[11],True,x[11],0.16129032258064513,9dada49e784601183eb3a1e1723ce2d4,,,
5,21,x[9],True,x[9],0.2338709677419355,2e0260aa627dff742f7c723c8367e701,,,
5,21,x[11],True,x[11],0.16129032258064513,9dada49e784601183eb3a1e1723ce2d4,,,
5,21,x[11],True,x[11],0.16129032258064513,9dada49e784601183eb3a1e1723ce2d4,,,
5,21,x[11],True,x[11],0.16129032258064513,9dada49e784601183eb3a1e1723ce2d4,,,
5,21,x[11],True,x[11],0.16129032258064513,9dada49e784601183eb3a1e1723ce2d4,,,
5,21,x[11],True,x[11],0.16129032258064513,9dada49e784601183eb3a1e1723ce2d4,,,
5,21,"not_(and_(and_(x[9],and_(and_(x[6],x[13]),not_(x[10]))),x[6]))",True,"not_(and_(x[9],and_(and_(x[6],x[13]),not_(x[10]))))",0.2338709677419355,f06ce488fb9596077ad2aea453608f76,,,
5,21,x[11],True,x[11],0.16129032258064513,9dada49e784601183eb3a1e1723ce2d4,,,
5,21,x[11],True,x[11],0.16129032258064513,9dada49e784601183eb3a1e1723ce2d4,,,
5,21,x[13],True,x[13],0.217741935483871,060f7b59fcb1852e9befb4d0292eca15,,,
5,21,x[11],True,x[11],0.16129032258064513,9dada49e784601183eb3a1e1723ce2d4,,,
5,21,x[11],True,x[11],0.16129032258064513,9dada49e784601183eb3a1e1723ce2d4,,,
5,21,x[11],True,x[11],0.16129032258064513,9dada49e784601183eb3a1e1723ce2d4,,,
5,21,x[11],True,x[11],0.16129032258064513,9dada49e784601183eb3a1e1723ce2d4,,,
5,21,x[11],True,x[11],0.16129032258064513,9dada49e784601183eb3a1e1723ce2d4,,,
5,21,x[11],True,x[11],0.16129032258064513,9dada49e784601183eb3a1e1723ce2d4,,,
5,21,x[11],True,x[11],0.16129032258064513,9dada49e784601183eb3a1e1723ce2d4,,,
5,21,x[11],True,x[11],0.16129032258064513,9dada49e784601183eb3a1e1723ce2d4,,,
5,21,x[11],True,x[11],0.16129032258064513,9dada49e784601183eb3a1e1723ce2d4,,,
5,21,x[8],True,x[8],0.4354838709677419,8c6b56831adf589cc7ca352d27aafe6d,,,
5,21,x[11],True,x[11],0.16129032258064513,9dada49e784601183eb3a1e1723ce2d4,,,
5,21,x[11],True,x[11],0.16129032258064513,9dada49e784601183eb3a1e1723ce2d4,,,
5,21,x[11],True,x[11],0.16129032258064513,9dada49e784601183eb3a1e1723ce2d4,,,
5,21,x[11],True,x[11],0.16129032258064513,9dada49e784601183eb3a1e1723ce2d4,,,
5,21,x[11],True,x[11],0.16129032258064513,9dada49e784601183eb3a1e1723ce2d4,,,
5,21,x[11],True,x[11],0.16129032258064513,9dada49e784601183eb3a1e1723ce2d4,,,
5,21,x[11],True,x[11],0.16129032258064513,9dada49e784601183eb3a1e1723ce2d4,,,
5,21,x[11],True,x[11],0.16129032258064513,9dada49e784601183eb3a1e1723ce2d4,,,
5,21,x[11],True,x[11],0.16129032258064513,9dada49e784601183eb3a1e1723ce2d4,,,
5,21,x[11],True,x[11],0.16129032258064513,9dada49e784601183eb3a1e1723ce2d4,,,
5,21,x[11],True,x[11],0.16129032258064513,9dada49e784601183eb3a1e1723ce2d4,,,
5,21,x[11],True,x[11],0.16129032258064513,9dada49e784601183eb3a1e1723ce2d4,,,
5,21,x[11],True,x[11],0.16129032258064513,9dada49e784601183eb3a1e1723ce2d4,,,
5,21,x[11],True,x[11],0.16129032258064513,9dada49e784601183eb3a1e1723ce2d4,,,
5,21,x[11],True,x[11],0.16129032258064513,9dada49e784601183eb3a1e1723ce2d4,,,
5,21,x[11],True,x[11],0.16129032258064513,9dada49e784601183eb3a1e1723ce2d4,,,
5,21,x[11],True,x[11],0.16129032258064513,9dada49e784601183eb3a1e1723ce2d4,,,
5,21,x[11],True,x[11],0.16129032258064513,9dada49e784601183eb3a1e1723ce2d4,,,
5,21,x[11],True,x[11],0.16129032258064513,9dada49e784601183eb3a1e1723ce2d4,,,
5,21,x[11],True,x[11],0.16129032258064513,9dada49e784601183eb3a1e1723ce2d4,,,
5,21,x[11],True,x[11],0.16129032258064513,9dada49e784601183eb3a1e1723ce2d4,,,
5,21,x[11],True,x[11],0.16129032258064513,9dada49e784601183eb3a1e1723ce2d4,,,
5,21,x[11],True,x[11],0.16129032258064513,9dada49e784601183eb3a1e1723ce2d4,,,
5,21,x[14],True,x[14],0.22580645161290325,5184b187f6f474f266ff1a9e52a8b41f,,,
5,21,x[11],True,x[11],0.16129032258064513,9dada49e784601183eb3a1e1723ce2d4,,,
5,21,x[11],True,x[11],0.16129032258064513,9dada49e784601183eb3a1e1723ce2d4,,,
5,21,x[11],True,x[11],0.16129032258064513,9dada49e784601183eb3a1e1723ce2d4,,,
5,21,x[11],True,x[11],0.16129032258064513,9dada49e784601183eb3a1e1723ce2d4,,,
5,21,x[11],True,x[11],0.16129032258064513,9dada49e784601183eb3a1e1723ce2d4,,,
5,21,x[9],True,x[9],0.2338709677419355,2e0260aa627dff742f7c723c8367e701,,,
5,21,x[11],True,x[11],0.16129032258064513,9dada49e784601183eb3a1e1723ce2d4,,,
5,21,x[11],True,x[11],0.16129032258064513,9dada49e784601183eb3a1e1723ce2d4,,,
5,21,x[11],True,x[11],0.16129032258064513,9dada49e784601183eb3a1e1723ce2d4,,,
5,21,x[11],True,x[11],0.16129032258064513,9dada49e784601183eb3a1e1723ce2d4,,,
5,21,x[11],True,x[11],0.16129032258064513,9dada49e784601183eb3a1e1723ce2d4,,,
5,21,x[11],True,x[11],0.16129032258064513,9dada49e784601183eb3a1e1723ce2d4,,,
5,21,x[11],True,x[11],0.16129032258064513,9dada49e784601183eb3a1e1723ce2d4,,,
5,21,x[11],True,x[11],0.16129032258064513,9dada49e784601183eb3a1e1723ce2d4,,,
5,21,x[4],True,x[4],0.49193548387096775,c062f6f76dec194bafe0ddbf91add8d9,,,
5,21,x[11],True,x[11],0.16129032258064513,9dada49e784601183eb3a1e1723ce2d4,,,
5,21,x[11],True,x[11],0.16129032258064513,9dada49e784601183eb3a1e1723ce2d4,,,
5,21,x[11],True,x[11],0.16129032258064513,9dada49e784601183eb3a1e1723ce2d4,,,
5,21,x[11],True,x[11],0.16129032258064513,9dada49e784601183eb3a1e1723ce2d4,,,
5,21,x[11],True,x[11],0.16129032258064513,9dada49e784601183eb3a1e1723ce2d4,,,
5,21,x[11],True,x[11],0.16129032258064513,9dada49e784601183eb3a1e1723ce2d4,,,
5,21,x[11],True,x[11],0.16129032258064513,9dada49e784601183eb3a1e1723ce2d4,,,
5,21,x[11],True,x[11],0.16129032258064513,9dada49e784601183eb3a1e1723ce2d4,,,
5,21,x[11],True,x[11],0.16129032258064513,9dada49e784601183eb3a1e1723ce2d4,,,
5,21,x[11],True,x[11],0.16129032258064513,9dada49e784601183eb3a1e1723ce2d4,,,
5,21,x[11],True,x[11],0.16129032258064513,9dada49e784601183eb3a1e1723ce2d4,,,
5,21,x[9],True,x[9],0.2338709677419355,2e0260aa627dff742f7c723c8367e701,,,
5,21,x[11],True,x[11],0.16129032258064513,9dada49e784601183eb3a1e1723ce2d4,,,
5,21,x[11],True,x[11],0.16129032258064513,9dada49e784601183eb3a1e1723ce2d4,,,
5,21,x[11],True,x[11],0.16129032258064513,9dada49e784601183eb3a1e1723ce2d4,,,
5,21,x[11],True,x[11],0.16129032258064513,9dada49e784601183eb3a1e1723ce2d4,,,
5,21,x[6],True,x[6],0.30645161290322576,d902aea98596abf07e07d9c42be380bf,,,
5,21,x[11],True,x[11],0.16129032258064513,9dada49e784601183eb3a1e1723ce2d4,,,
5,21,x[11],True,x[11],0.16129032258064513,9dada49e784601183eb3a1e1723ce2d4,,,
5,21,x[11],True,x[11],0.16129032258064513,9dada49e784601183eb3a1e1723ce2d4,,,
5,22,x[11],True,x[11],0.16129032258064513,9dada49e784601183eb3a1e1723ce2d4,,,
5,22,x[11],True,x[11],0.16129032258064513,9dada49e784601183eb3a1e1723ce2d4,,,
5,22,x[11],True,x[11],0.16129032258064513,9dada49e784601183eb3a1e1723ce2d4,,,
5,22,x[11],True,x[11],0.16129032258064513,9dada49e784601183eb3a1e1723ce2d4,,,
5,22,x[11],True,x[11],0.16129032258064513,9dada49e784601183eb3a1e1723ce2d4,,,
5,22,x[11],True,x[11],0.16129032258064513,9dada49e784601183eb3a1e1723ce2d4,,,
5,22,x[11],True,x[11],0.16129032258064513,9dada49e784601183eb3a1e1723ce2d4,,,
5,22,x[11],True,x[11],0.16129032258064513,9dada49e784601183eb3a1e1723ce2d4,,,
5,22,x[11],True,x[11],0.16129032258064513,9dada49e784601183eb3a1e1723ce2d4,,,
5,22,x[11],True,x[11],0.16129032258064513,9dada49e784601183eb3a1e1723ce2d4,,,
5,22,x[11],True,x[11],0.16129032258064513,9dada49e784601183eb3a1e1723ce2d4,,,
5,22,x[11],True,x[11],0.16129032258064513,9dada49e784601183eb3a1e1723ce2d4,,,
5,22,x[11],True,x[11],0.16129032258064513,9dada49e784601183eb3a1e1723ce2d4,,,
5,22,x[8],True,x[8],0.4354838709677419,8c6b56831adf589cc7ca352d27aafe6d,,,
5,22,x[11],True,x[11],0.16129032258064513,9dada49e784601183eb3a1e1723ce2d4,,,
5,22,x[11],True,x[11],0.16129032258064513,9dada49e784601183eb3a1e1723ce2d4,,,
5,22,x[11],True,x[11],0.16129032258064513,9dada49e784601183eb3a1e1723ce2d4,,,
5,22,x[11],True,x[11],0.16129032258064513,9dada49e784601183eb3a1e1723ce2d4,,,
5,22,x[11],True,x[11],0.16129032258064513,9dada49e784601183eb3a1e1723ce2d4,,,
5,22,x[11],True,x[11],0.16129032258064513,9dada49e784601183eb3a1e1723ce2d4,,,
5,22,x[11],True,x[11],0.16129032258064513,9dada49e784601183eb3a1e1723ce2d4,,,
5,22,x[18],True,x[18],0.6451612903225806,6a4c84e0915d9d2b86d121e994683436,,,
5,22,x[11],True,x[11],0.16129032258064513,9dada49e784601183eb3a1e1723ce2d4,,,
5,22,x[11],True,x[11],0.16129032258064513,9dada49e784601183eb3a1e1723ce2d4,,,
5,22,x[11],True,x[11],0.16129032258064513,9dada49e784601183eb3a1e1723ce2d4,,,
5,22,x[11],True,x[11],0.16129032258064513,9dada49e784601183eb3a1e1723ce2d4,,,
5,22,x[11],True,x[11],0.16129032258064513,9dada49e784601183eb3a1e1723ce2d4,,,
5,22,x[11],True,x[11],0.16129032258064513,9dada49e784601183eb3a1e1723ce2d4,,,
5,22,x[13],True,x[13],0.217741935483871,060f7b59fcb1852e9befb4d0292eca15,,,
5,22,x[11],True,x[11],0.16129032258064513,9dada49e784601183eb3a1e1723ce2d4,,,
5,22,x[11],True,x[11],0.16129032258064513,9dada49e784601183eb3a1e1723ce2d4,,,
5,22,x[11],True,x[11],0.16129032258064513,9dada49e784601183eb3a1e1723ce2d4,,,
5,22,x[11],True,x[11],0.16129032258064513,9dada49e784601183eb3a1e1723ce2d4,,,
5,22,x[11],True,x[11],0.16129032258064513,9dada49e784601183eb3a1e1723ce2d4,,,
5,22,x[11],True,x[11],0.16129032258064513,9dada49e784601183eb3a1e1723ce2d4,,,
5,22,x[13],True,x[13],0.217741935483871,060f7b59fcb1852e9befb4d0292eca15,,,
5,22,x[11],True,x[11],0.16129032258064513,9dada49e784601183eb3a1e1723ce2d4,,,
5,22,x[11],True,x[11],0.16129032258064513,9dada49e784601183eb3a1e1723ce2d4,,,
5,22,x[11],True,x[11],0.16129032258064513,9dada49e784601183eb3a1e1723ce2d4,,,
5,22,x[11],True,x[11],0.16129032258064513,9dada49e784601183eb3a1e1723ce2d4,,,
5,22,x[6],True,x[6],0.30645161290322576,d902aea98596abf07e07d9c42be380bf,,,
5,22,x[11],True,x[11],0.16129032258064513,9dada49e784601183eb3a1e1723ce2d4,,,
5,22,x[11],True,x[11],0.16129032258064513,9dada49e784601183eb3a1e1723ce2d4,,,
5,22,x[11],True,x[11],0.16129032258064513,9dada49e784601183eb3a1e1723ce2d4,,,
5,22,x[11],True,x[11],0.16129032258064513,9dada49e784601183eb3a1e1723ce2d4,,,
5,22,x[11],True,x[11],0.16129032258064513,9dada49e784601183eb3a1e1723ce2d4,,,
5,22,x[11],True,x[11],0.16129032258064513,9dada49e784601183eb3a1e1723ce2d4,,,
5,22,x[11],True,x[11],0.16129032258064513,9dada49e784601183eb3a1e1723ce2d4,,,
5,22,x[11],True,x[11],0.16129032258064513,9dada49e784601183eb3a1e1723ce2d4,,,
5,22,x[11],True,x[11],0.16129032258064513,9dada49e784601183eb3a1e1723ce2d4,,,
5,22,x[11],True,x[11],0.16129032258064513,9dada49e784601183eb3a1e1723ce2d4,,,
5,22,x[11],True,x[11],0.16129032258064513,9dada49e784601183eb3a1e1723ce2d4,,,
5,22,x[11],True,x[11],0.16129032258064513,9dada49e784601183eb3a1e1723ce2d4,,,
5,22,x[11],True,x[11],0.16129032258064513,9dada49e784601183eb3a1e1723ce2d4,,,
5,22,x[11],True,x[11],0.16129032258064513,9dada49e784601183eb3a1e1723ce2d4,,,
5,22,x[18],True,x[18],0.6451612903225806,6a4c84e0915d9d2b86d121e994683436,,,
5,22,x[11],True,x[11],0.16129032258064513,9dada49e784601183eb3a1e1723ce2d4,,,
5,22,x[11],True,x[11],0.16129032258064513,9dada49e784601183eb3a1e1723ce2d4,,,
5,22,x[11],True,x[11],0.16129032258064513,9dada49e784601183eb3a1e1723ce2d4,,,
5,22,x[11],True,x[11],0.16129032258064513,9dada49e784601183eb3a1e1723ce2d4,,,
5,22,x[10],True,x[10],0.24193548387096775,7424f049dcd7de48c5ec487367408f4f,,,
5,22,x[11],True,x[11],0.16129032258064513,9dada49e784601183eb3a1e1723ce2d4,,,
5,22,x[11],True,x[11],0.16129032258064513,9dada49e784601183eb3a1e1723ce2d4,,,
5,22,x[11],True,x[11],0.16129032258064513,9dada49e784601183eb3a1e1723ce2d4,,,
5,22,x[11],True,x[11],0.16129032258064513,9dada49e784601183eb3a1e1723ce2d4,,,
5,22,x[11],True,x[11],0.16129032258064513,9dada49e784601183eb3a1e1723ce2d4,,,
5,22,x[11],True,x[11],0.16129032258064513,9dada49e784601183eb3a1e1723ce2d4,,,
5,22,x[11],True,x[11],0.16129032258064513,9dada49e784601183eb3a1e1723ce2d4,,,
5,22,x[11],True,x[11],0.16129032258064513,9dada49e784601183eb3a1e1723ce2d4,,,
5,22,x[11],True,x[11],0.16129032258064513,9dada49e784601183eb3a1e1723ce2d4,,,
5,22,x[11],True,x[11],0.16129032258064513,9dada49e784601183eb3a1e1723ce2d4,,,
5,22,x[11],True,x[11],0.16129032258064513,9dada49e784601183eb3a1e1723ce2d4,,,
5,22,x[11],True,x[11],0.16129032258064513,9dada49e784601183eb3a1e1723ce2d4,,,
5,22,x[11],True,x[11],0.16129032258064513,9dada49e784601183eb3a1e1723ce2d4,,,
5,22,x[11],True,x[11],0.16129032258064513,9dada49e784601183eb3a1e1723ce2d4,,,
5,22,x[9],True,x[9],0.2338709677419355,2e0260aa627dff742f7c723c8367e701,,,
5,22,x[11],True,x[11],0.16129032258064513,9dada49e784601183eb3a1e1723ce2d4,,,
5,22,x[11],True,x[11],0.16129032258064513,9dada49e784601183eb3a1e1723ce2d4,,,
5,22,x[11],True,x[11],0.16129032258064513,9dada49e784601183eb3a1e1723ce2d4,,,
5,22,x[11],True,x[11],0.16129032258064513,9dada49e784601183eb3a1e1723ce2d4,,,
5,22,x[11],True,x[11],0.16129032258064513,9dada49e784601183eb3a1e1723ce2d4,,,
5,22,x[11],True,x[11],0.16129032258064513,9dada49e784601183eb3a1e1723ce2d4,,,
5,22,x[11],True,x[11],0.16129032258064513,9dada49e784601183eb3a1e1723ce2d4,,,
5,22,x[11],True,x[11],0.16129032258064513,9dada49e784601183eb3a1e1723ce2d4,,,
5,22,x[11],True,x[11],0.16129032258064513,9dada49e784601183eb3a1e1723ce2d4,,,
5,22,x[11],True,x[11],0.16129032258064513,9dada49e784601183eb3a1e1723ce2d4,,,
5,22,x[11],True,x[11],0.16129032258064513,9dada49e784601183eb3a1e1723ce2d4,,,
5,22,x[11],True,x[11],0.16129032258064513,9dada49e784601183eb3a1e1723ce2d4,,,
5,22,x[11],True,x[11],0.16129032258064513,9dada49e784601183eb3a1e1723ce2d4,,,
5,22,x[11],True,x[11],0.16129032258064513,9dada49e784601183eb3a1e1723ce2d4,,,
5,22,x[11],True,x[11],0.16129032258064513,9dada49e784601183eb3a1e1723ce2d4,,,
5,22,x[11],True,x[11],0.16129032258064513,9dada49e784601183eb3a1e1723ce2d4,,,
5,22,x[11],True,x[11],0.16129032258064513,9dada49e784601183eb3a1e1723ce2d4,,,
5,22,x[11],True,x[11],0.16129032258064513,9dada49e784601183eb3a1e1723ce2d4,,,
5,22,x[11],True,x[11],0.16129032258064513,9dada49e784601183eb3a1e1723ce2d4,,,
5,22,x[11],True,x[11],0.16129032258064513,9dada49e784601183eb3a1e1723ce2d4,,,
5,22,x[11],True,x[11],0.16129032258064513,9dada49e784601183eb3a1e1723ce2d4,,,
5,22,x[11],True,x[11],0.16129032258064513,9dada49e784601183eb3a1e1723ce2d4,,,
5,22,x[11],True,x[11],0.16129032258064513,9dada49e784601183eb3a1e1723ce2d4,,,
5,22,x[1],True,x[1],0.685483870967742,48150b63a14de07ac8ada4efd9d4896c,,,
5,22,x[11],True,x[11],0.16129032258064513,9dada49e784601183eb3a1e1723ce2d4,,,
5,22,x[11],True,x[11],0.16129032258064513,9dada49e784601183eb3a1e1723ce2d4,,,
5,22,x[11],True,x[11],0.16129032258064513,9dada49e784601183eb3a1e1723ce2d4,,,
5,22,x[11],True,x[11],0.16129032258064513,9dada49e784601183eb3a1e1723ce2d4,,,
5,22,x[11],True,x[11],0.16129032258064513,9dada49e784601183eb3a1e1723ce2d4,,,
5,22,x[11],True,x[11],0.16129032258064513,9dada49e784601183eb3a1e1723ce2d4,,,
5,22,x[11],True,x[11],0.16129032258064513,9dada49e784601183eb3a1e1723ce2d4,,,
5,22,x[11],True,x[11],0.16129032258064513,9dada49e784601183eb3a1e1723ce2d4,,,
5,22,x[11],True,x[11],0.16129032258064513,9dada49e784601183eb3a1e1723ce2d4,,,
5,22,x[11],True,x[11],0.16129032258064513,9dada49e784601183eb3a1e1723ce2d4,,,
5,22,x[11],True,x[11],0.16129032258064513,9dada49e784601183eb3a1e1723ce2d4,,,
5,22,x[11],True,x[11],0.16129032258064513,9dada49e784601183eb3a1e1723ce2d4,,,
5,22,x[11],True,x[11],0.16129032258064513,9dada49e784601183eb3a1e1723ce2d4,,,
5,22,x[11],True,x[11],0.16129032258064513,9dada49e784601183eb3a1e1723ce2d4,,,
5,22,x[11],True,x[11],0.16129032258064513,9dada49e784601183eb3a1e1723ce2d4,,,
5,22,x[11],True,x[11],0.16129032258064513,9dada49e784601183eb3a1e1723ce2d4,,,
5,22,x[11],True,x[11],0.16129032258064513,9dada49e784601183eb3a1e1723ce2d4,,,
5,22,x[11],True,x[11],0.16129032258064513,9dada49e784601183eb3a1e1723ce2d4,,,
5,22,x[11],True,x[11],0.16129032258064513,9dada49e784601183eb3a1e1723ce2d4,,,
5,22,x[18],True,x[18],0.6451612903225806,6a4c84e0915d9d2b86d121e994683436,,,
5,22,x[11],True,x[11],0.16129032258064513,9dada49e784601183eb3a1e1723ce2d4,,,
5,22,x[11],True,x[11],0.16129032258064513,9dada49e784601183eb3a1e1723ce2d4,,,
5,22,x[11],True,x[11],0.16129032258064513,9dada49e784601183eb3a1e1723ce2d4,,,
5,22,x[11],True,x[11],0.16129032258064513,9dada49e784601183eb3a1e1723ce2d4,,,
5,22,x[11],True,x[11],0.16129032258064513,9dada49e784601183eb3a1e1723ce2d4,,,
5,22,x[11],True,x[11],0.16129032258064513,9dada49e784601183eb3a1e1723ce2d4,,,
5,22,x[11],True,x[11],0.16129032258064513,9dada49e784601183eb3a1e1723ce2d4,,,
5,22,x[11],True,x[11],0.16129032258064513,9dada49e784601183eb3a1e1723ce2d4,,,
5,22,x[11],True,x[11],0.16129032258064513,9dada49e784601183eb3a1e1723ce2d4,,,
5,22,x[11],True,x[11],0.16129032258064513,9dada49e784601183eb3a1e1723ce2d4,,,
5,22,x[11],True,x[11],0.16129032258064513,9dada49e784601183eb3a1e1723ce2d4,,,
5,22,x[4],True,x[4],0.49193548387096775,c062f6f76dec194bafe0ddbf91add8d9,,,
5,22,x[11],True,x[11],0.16129032258064513,9dada49e784601183eb3a1e1723ce2d4,,,
5,22,x[11],True,x[11],0.16129032258064513,9dada49e784601183eb3a1e1723ce2d4,,,
5,22,x[11],True,x[11],0.16129032258064513,9dada49e784601183eb3a1e1723ce2d4,,,
5,22,x[10],True,x[10],0.24193548387096775,7424f049dcd7de48c5ec487367408f4f,,,
5,22,x[11],True,x[11],0.16129032258064513,9dada49e784601183eb3a1e1723ce2d4,,,
5,22,x[11],True,x[11],0.16129032258064513,9dada49e784601183eb3a1e1723ce2d4,,,
5,22,x[11],True,x[11],0.16129032258064513,9dada49e784601183eb3a1e1723ce2d4,,,
5,22,x[11],True,x[11],0.16129032258064513,9dada49e784601183eb3a1e1723ce2d4,,,
5,22,x[11],True,x[11],0.16129032258064513,9dada49e784601183eb3a1e1723ce2d4,,,
5,22,x[11],True,x[11],0.16129032258064513,9dada49e784601183eb3a1e1723ce2d4,,,
5,22,x[11],True,x[11],0.16129032258064513,9dada49e784601183eb3a1e1723ce2d4,,,
5,22,x[11],True,x[11],0.16129032258064513,9dada49e784601183eb3a1e1723ce2d4,,,
5,22,x[11],True,x[11],0.16129032258064513,9dada49e784601183eb3a1e1723ce2d4,,,
5,22,x[11],True,x[11],0.16129032258064513,9dada49e784601183eb3a1e1723ce2d4,,,
5,22,x[11],True,x[11],0.16129032258064513,9dada49e784601183eb3a1e1723ce2d4,,,
5,22,x[11],True,x[11],0.16129032258064513,9dada49e784601183eb3a1e1723ce2d4,,,
5,22,x[16],True,x[16],0.217741935483871,2b4aec85a499a1f7baf764b48bcf9178,,,
5,22,x[11],True,x[11],0.16129032258064513,9dada49e784601183eb3a1e1723ce2d4,,,
5,22,x[11],True,x[11],0.16129032258064513,9dada49e784601183eb3a1e1723ce2d4,,,
5,22,x[11],True,x[11],0.16129032258064513,9dada49e784601183eb3a1e1723ce2d4,,,
5,22,x[11],True,x[11],0.16129032258064513,9dada49e784601183eb3a1e1723ce2d4,,,
5,22,x[11],True,x[11],0.16129032258064513,9dada49e784601183eb3a1e1723ce2d4,,,
5,22,x[11],True,x[11],0.16129032258064513,9dada49e784601183eb3a1e1723ce2d4,,,
5,22,x[11],True,x[11],0.16129032258064513,9dada49e784601183eb3a1e1723ce2d4,,,
5,22,x[11],True,x[11],0.16129032258064513,9dada49e784601183eb3a1e1723ce2d4,,,
5,22,x[11],True,x[11],0.16129032258064513,9dada49e784601183eb3a1e1723ce2d4,,,
5,22,x[11],True,x[11],0.16129032258064513,9dada49e784601183eb3a1e1723ce2d4,,,
5,22,x[11],True,x[11],0.16129032258064513,9dada49e784601183eb3a1e1723ce2d4,,,
5,22,x[11],True,x[11],0.16129032258064513,9dada49e784601183eb3a1e1723ce2d4,,,
5,22,x[14],True,x[14],0.22580645161290325,5184b187f6f474f266ff1a9e52a8b41f,,,
5,22,x[11],True,x[11],0.16129032258064513,9dada49e784601183eb3a1e1723ce2d4,,,
5,22,x[11],True,x[11],0.16129032258064513,9dada49e784601183eb3a1e1723ce2d4,,,
5,22,x[11],True,x[11],0.16129032258064513,9dada49e784601183eb3a1e1723ce2d4,,,
5,22,x[11],True,x[11],0.16129032258064513,9dada49e784601183eb3a1e1723ce2d4,,,
5,22,x[11],True,x[11],0.16129032258064513,9dada49e784601183eb3a1e1723ce2d4,,,
5,22,x[11],True,x[11],0.16129032258064513,9dada49e784601183eb3a1e1723ce2d4,,,
5,22,x[11],True,x[11],0.16129032258064513,9dada49e784601183eb3a1e1723ce2d4,,,
5,22,x[11],True,x[11],0.16129032258064513,9dada49e784601183eb3a1e1723ce2d4,,,
5,22,x[11],True,x[11],0.16129032258064513,9dada49e784601183eb3a1e1723ce2d4,,,
5,22,x[11],True,x[11],0.16129032258064513,9dada49e784601183eb3a1e1723ce2d4,,,
5,22,x[6],True,x[6],0.30645161290322576,d902aea98596abf07e07d9c42be380bf,,,
5,22,x[11],True,x[11],0.16129032258064513,9dada49e784601183eb3a1e1723ce2d4,,,
5,22,x[11],True,x[11],0.16129032258064513,9dada49e784601183eb3a1e1723ce2d4,,,
5,22,x[11],True,x[11],0.16129032258064513,9dada49e784601183eb3a1e1723ce2d4,,,
5,22,x[11],True,x[11],0.16129032258064513,9dada49e784601183eb3a1e1723ce2d4,,,
5,22,x[11],True,x[11],0.16129032258064513,9dada49e784601183eb3a1e1723ce2d4,,,
5,22,x[11],True,x[11],0.16129032258064513,9dada49e784601183eb3a1e1723ce2d4,,,
5,22,x[6],True,x[6],0.30645161290322576,d902aea98596abf07e07d9c42be380bf,,,
5,22,x[11],True,x[11],0.16129032258064513,9dada49e784601183eb3a1e1723ce2d4,,,
5,22,x[11],True,x[11],0.16129032258064513,9dada49e784601183eb3a1e1723ce2d4,,,
5,22,x[11],True,x[11],0.16129032258064513,9dada49e784601183eb3a1e1723ce2d4,,,
5,22,x[11],True,x[11],0.16129032258064513,9dada49e784601183eb3a1e1723ce2d4,,,
5,22,x[11],True,x[11],0.16129032258064513,9dada49e784601183eb3a1e1723ce2d4,,,
5,22,x[11],True,x[11],0.16129032258064513,9dada49e784601183eb3a1e1723ce2d4,,,
5,22,x[11],True,x[11],0.16129032258064513,9dada49e784601183eb3a1e1723ce2d4,,,
5,22,x[11],True,x[11],0.16129032258064513,9dada49e784601183eb3a1e1723ce2d4,,,
5,22,x[11],True,x[11],0.16129032258064513,9dada49e784601183eb3a1e1723ce2d4,,,
5,22,x[11],True,x[11],0.16129032258064513,9dada49e784601183eb3a1e1723ce2d4,,,
5,22,x[11],True,x[11],0.16129032258064513,9dada49e784601183eb3a1e1723ce2d4,,,
5,22,x[11],True,x[11],0.16129032258064513,9dada49e784601183eb3a1e1723ce2d4,,,
5,22,x[11],True,x[11],0.16129032258064513,9dada49e784601183eb3a1e1723ce2d4,,,
5,22,x[11],True,x[11],0.16129032258064513,9dada49e784601183eb3a1e1723ce2d4,,,
5,22,x[11],True,x[11],0.16129032258064513,9dada49e784601183eb3a1e1723ce2d4,,,
5,22,x[9],True,x[9],0.2338709677419355,2e0260aa627dff742f7c723c8367e701,,,
5,22,x[11],True,x[11],0.16129032258064513,9dada49e784601183eb3a1e1723ce2d4,,,
5,22,x[11],True,x[11],0.16129032258064513,9dada49e784601183eb3a1e1723ce2d4,,,
5,22,x[11],True,x[11],0.16129032258064513,9dada49e784601183eb3a1e1723ce2d4,,,
5,22,x[11],True,x[11],0.16129032258064513,9dada49e784601183eb3a1e1723ce2d4,,,
5,22,x[11],True,x[11],0.16129032258064513,9dada49e784601183eb3a1e1723ce2d4,,,
5,22,x[11],True,x[11],0.16129032258064513,9dada49e784601183eb3a1e1723ce2d4,,,
5,22,x[11],True,x[11],0.16129032258064513,9dada49e784601183eb3a1e1723ce2d4,,,
5,22,x[11],True,x[11],0.16129032258064513,9dada49e784601183eb3a1e1723ce2d4,,,
5,22,x[9],True,x[9],0.2338709677419355,2e0260aa627dff742f7c723c8367e701,,,
5,22,x[17],True,x[17],0.217741935483871,078a7ef4b1d424e54e976f158f2a5fa5,,,
5,22,x[11],True,x[11],0.16129032258064513,9dada49e784601183eb3a1e1723ce2d4,,,
5,22,x[11],True,x[11],0.16129032258064513,9dada49e784601183eb3a1e1723ce2d4,,,
5,22,x[11],True,x[11],0.16129032258064513,9dada49e784601183eb3a1e1723ce2d4,,,
5,22,x[11],True,x[11],0.16129032258064513,9dada49e784601183eb3a1e1723ce2d4,,,
5,22,x[11],True,x[11],0.16129032258064513,9dada49e784601183eb3a1e1723ce2d4,,,
5,22,x[11],True,x[11],0.16129032258064513,9dada49e784601183eb3a1e1723ce2d4,,,
5,22,x[11],True,x[11],0.16129032258064513,9dada49e784601183eb3a1e1723ce2d4,,,
5,22,x[11],True,x[11],0.16129032258064513,9dada49e784601183eb3a1e1723ce2d4,,,
5,22,x[11],True,x[11],0.16129032258064513,9dada49e784601183eb3a1e1723ce2d4,,,
5,22,x[11],True,x[11],0.16129032258064513,9dada49e784601183eb3a1e1723ce2d4,,,
5,22,x[11],True,x[11],0.16129032258064513,9dada49e784601183eb3a1e1723ce2d4,,,
5,22,x[11],True,x[11],0.16129032258064513,9dada49e784601183eb3a1e1723ce2d4,,,
5,22,x[11],True,x[11],0.16129032258064513,9dada49e784601183eb3a1e1723ce2d4,,,
5,22,x[11],True,x[11],0.16129032258064513,9dada49e784601183eb3a1e1723ce2d4,,,
5,22,x[11],True,x[11],0.16129032258064513,9dada49e784601183eb3a1e1723ce2d4,,,
5,22,x[11],True,x[11],0.16129032258064513,9dada49e784601183eb3a1e1723ce2d4,,,
5,22,x[11],True,x[11],0.16129032258064513,9dada49e784601183eb3a1e1723ce2d4,,,
5,22,x[11],True,x[11],0.16129032258064513,9dada49e784601183eb3a1e1723ce2d4,,,
5,22,x[11],True,x[11],0.16129032258064513,9dada49e784601183eb3a1e1723ce2d4,,,
5,22,x[11],True,x[11],0.16129032258064513,9dada49e784601183eb3a1e1723ce2d4,,,
5,22,x[11],True,x[11],0.16129032258064513,9dada49e784601183eb3a1e1723ce2d4,,,
5,22,x[11],True,x[11],0.16129032258064513,9dada49e784601183eb3a1e1723ce2d4,,,
5,22,x[11],True,x[11],0.16129032258064513,9dada49e784601183eb3a1e1723ce2d4,,,
5,22,x[11],True,x[11],0.16129032258064513,9dada49e784601183eb3a1e1723ce2d4,,,
5,22,x[11],True,x[11],0.16129032258064513,9dada49e784601183eb3a1e1723ce2d4,,,
5,22,x[11],True,x[11],0.16129032258064513,9dada49e784601183eb3a1e1723ce2d4,,,
5,22,x[9],True,x[9],0.2338709677419355,2e0260aa627dff742f7c723c8367e701,,,
5,22,x[11],True,x[11],0.16129032258064513,9dada49e784601183eb3a1e1723ce2d4,,,
5,22,x[11],True,x[11],0.16129032258064513,9dada49e784601183eb3a1e1723ce2d4,,,
5,22,x[10],True,x[10],0.24193548387096775,7424f049dcd7de48c5ec487367408f4f,,,
5,22,x[11],True,x[11],0.16129032258064513,9dada49e784601183eb3a1e1723ce2d4,,,
5,22,x[11],True,x[11],0.16129032258064513,9dada49e784601183eb3a1e1723ce2d4,,,
5,22,x[11],True,x[11],0.16129032258064513,9dada49e784601183eb3a1e1723ce2d4,,,
5,22,x[11],True,x[11],0.16129032258064513,9dada49e784601183eb3a1e1723ce2d4,,,
5,22,x[11],True,x[11],0.16129032258064513,9dada49e784601183eb3a1e1723ce2d4,,,
5,22,x[11],True,x[11],0.16129032258064513,9dada49e784601183eb3a1e1723ce2d4,,,
5,22,x[11],True,x[11],0.16129032258064513,9dada49e784601183eb3a1e1723ce2d4,,,
5,22,x[11],True,x[11],0.16129032258064513,9dada49e784601183eb3a1e1723ce2d4,,,
5,22,x[17],True,x[17],0.217741935483871,078a7ef4b1d424e54e976f158f2a5fa5,,,
5,22,x[11],True,x[11],0.16129032258064513,9dada49e784601183eb3a1e1723ce2d4,,,
5,22,x[11],True,x[11],0.16129032258064513,9dada49e784601183eb3a1e1723ce2d4,,,
5,22,x[11],True,x[11],0.16129032258064513,9dada49e784601183eb3a1e1723ce2d4,,,
5,22,x[11],True,x[11],0.16129032258064513,9dada49e784601183eb3a1e1723ce2d4,,,
5,22,x[11],True,x[11],0.16129032258064513,9dada49e784601183eb3a1e1723ce2d4,,,
5,22,x[11],True,x[11],0.16129032258064513,9dada49e784601183eb3a1e1723ce2d4,,,
5,22,x[11],True,x[11],0.16129032258064513,9dada49e784601183eb3a1e1723ce2d4,,,
5,22,x[11],True,x[11],0.16129032258064513,9dada49e784601183eb3a1e1723ce2d4,,,
5,22,x[11],True,x[11],0.16129032258064513,9dada49e784601183eb3a1e1723ce2d4,,,
5,22,x[11],True,x[11],0.16129032258064513,9dada49e784601183eb3a1e1723ce2d4,,,
5,22,x[11],True,x[11],0.16129032258064513,9dada49e784601183eb3a1e1723ce2d4,,,
5,22,x[11],True,x[11],0.16129032258064513,9dada49e784601183eb3a1e1723ce2d4,,,
5,22,x[11],True,x[11],0.16129032258064513,9dada49e784601183eb3a1e1723ce2d4,,,
5,22,x[11],True,x[11],0.16129032258064513,9dada49e784601183eb3a1e1723ce2d4,,,
5,22,x[11],True,x[11],0.16129032258064513,9dada49e784601183eb3a1e1723ce2d4,,,
5,22,x[11],True,x[11],0.16129032258064513,9dada49e784601183eb3a1e1723ce2d4,,,
5,22,x[11],True,x[11],0.16129032258064513,9dada49e784601183eb3a1e1723ce2d4,,,
5,22,x[11],True,x[11],0.16129032258064513,9dada49e784601183eb3a1e1723ce2d4,,,
5,22,x[11],True,x[11],0.16129032258064513,9dada49e784601183eb3a1e1723ce2d4,,,
5,22,x[11],True,x[11],0.16129032258064513,9dada49e784601183eb3a1e1723ce2d4,,,
5,22,x[11],True,x[11],0.16129032258064513,9dada49e784601183eb3a1e1723ce2d4,,,
5,22,x[9],True,x[9],0.2338709677419355,2e0260aa627dff742f7c723c8367e701,,,
5,22,x[11],True,x[11],0.16129032258064513,9dada49e784601183eb3a1e1723ce2d4,,,
5,22,x[11],True,x[11],0.16129032258064513,9dada49e784601183eb3a1e1723ce2d4,,,
5,22,x[11],True,x[11],0.16129032258064513,9dada49e784601183eb3a1e1723ce2d4,,,
5,22,x[11],True,x[11],0.16129032258064513,9dada49e784601183eb3a1e1723ce2d4,,,
5,22,x[11],True,x[11],0.16129032258064513,9dada49e784601183eb3a1e1723ce2d4,,,
5,22,x[11],True,x[11],0.16129032258064513,9dada49e784601183eb3a1e1723ce2d4,,,
5,22,x[11],True,x[11],0.16129032258064513,9dada49e784601183eb3a1e1723ce2d4,,,
5,22,x[11],True,x[11],0.16129032258064513,9dada49e784601183eb3a1e1723ce2d4,,,
5,22,x[11],True,x[11],0.16129032258064513,9dada49e784601183eb3a1e1723ce2d4,,,
5,22,x[11],True,x[11],0.16129032258064513,9dada49e784601183eb3a1e1723ce2d4,,,
5,22,x[11],True,x[11],0.16129032258064513,9dada49e784601183eb3a1e1723ce2d4,,,
5,22,x[11],True,x[11],0.16129032258064513,9dada49e784601183eb3a1e1723ce2d4,,,
5,22,x[11],True,x[11],0.16129032258064513,9dada49e784601183eb3a1e1723ce2d4,,,
5,22,x[11],True,x[11],0.16129032258064513,9dada49e784601183eb3a1e1723ce2d4,,,
5,22,x[11],True,x[11],0.16129032258064513,9dada49e784601183eb3a1e1723ce2d4,,,
5,22,x[11],True,x[11],0.16129032258064513,9dada49e784601183eb3a1e1723ce2d4,,,
5,22,x[11],True,x[11],0.16129032258064513,9dada49e784601183eb3a1e1723ce2d4,,,
5,22,x[11],True,x[11],0.16129032258064513,9dada49e784601183eb3a1e1723ce2d4,,,
5,22,x[11],True,x[11],0.16129032258064513,9dada49e784601183eb3a1e1723ce2d4,,,
5,22,x[11],True,x[11],0.16129032258064513,9dada49e784601183eb3a1e1723ce2d4,,,
5,22,x[11],True,x[11],0.16129032258064513,9dada49e784601183eb3a1e1723ce2d4,,,
5,22,x[11],True,x[11],0.16129032258064513,9dada49e784601183eb3a1e1723ce2d4,,,
5,22,x[11],True,x[11],0.16129032258064513,9dada49e784601183eb3a1e1723ce2d4,,,
5,22,x[11],True,x[11],0.16129032258064513,9dada49e784601183eb3a1e1723ce2d4,,,
5,22,x[11],True,x[11],0.16129032258064513,9dada49e784601183eb3a1e1723ce2d4,,,
5,22,x[11],True,x[11],0.16129032258064513,9dada49e784601183eb3a1e1723ce2d4,,,
5,22,x[11],True,x[11],0.16129032258064513,9dada49e784601183eb3a1e1723ce2d4,,,
5,22,x[10],True,x[10],0.24193548387096775,7424f049dcd7de48c5ec487367408f4f,,,
5,22,x[11],True,x[11],0.16129032258064513,9dada49e784601183eb3a1e1723ce2d4,,,
5,22,x[11],True,x[11],0.16129032258064513,9dada49e784601183eb3a1e1723ce2d4,,,
5,22,x[11],True,x[11],0.16129032258064513,9dada49e784601183eb3a1e1723ce2d4,,,
5,22,x[11],True,x[11],0.16129032258064513,9dada49e784601183eb3a1e1723ce2d4,,,
5,22,x[11],True,x[11],0.16129032258064513,9dada49e784601183eb3a1e1723ce2d4,,,
5,22,x[11],True,x[11],0.16129032258064513,9dada49e784601183eb3a1e1723ce2d4,,,
5,22,x[11],True,x[11],0.16129032258064513,9dada49e784601183eb3a1e1723ce2d4,,,
5,22,x[11],True,x[11],0.16129032258064513,9dada49e784601183eb3a1e1723ce2d4,,,
5,22,x[11],True,x[11],0.16129032258064513,9dada49e784601183eb3a1e1723ce2d4,,,
5,22,x[11],True,x[11],0.16129032258064513,9dada49e784601183eb3a1e1723ce2d4,,,
5,22,x[11],True,x[11],0.16129032258064513,9dada49e784601183eb3a1e1723ce2d4,,,
5,22,x[11],True,x[11],0.16129032258064513,9dada49e784601183eb3a1e1723ce2d4,,,
5,22,x[11],True,x[11],0.16129032258064513,9dada49e784601183eb3a1e1723ce2d4,,,
5,22,x[11],True,x[11],0.16129032258064513,9dada49e784601183eb3a1e1723ce2d4,,,
5,22,x[11],True,x[11],0.16129032258064513,9dada49e784601183eb3a1e1723ce2d4,,,
5,22,x[11],True,x[11],0.16129032258064513,9dada49e784601183eb3a1e1723ce2d4,,,
5,22,x[11],True,x[11],0.16129032258064513,9dada49e784601183eb3a1e1723ce2d4,,,
5,22,x[11],True,x[11],0.16129032258064513,9dada49e784601183eb3a1e1723ce2d4,,,
5,22,x[11],True,x[11],0.16129032258064513,9dada49e784601183eb3a1e1723ce2d4,,,
5,22,x[11],True,x[11],0.16129032258064513,9dada49e784601183eb3a1e1723ce2d4,,,
5,22,x[11],True,x[11],0.16129032258064513,9dada49e784601183eb3a1e1723ce2d4,,,
5,22,x[11],True,x[11],0.16129032258064513,9dada49e784601183eb3a1e1723ce2d4,,,
5,22,x[11],True,x[11],0.16129032258064513,9dada49e784601183eb3a1e1723ce2d4,,,
5,22,x[11],True,x[11],0.16129032258064513,9dada49e784601183eb3a1e1723ce2d4,,,
5,22,x[11],True,x[11],0.16129032258064513,9dada49e784601183eb3a1e1723ce2d4,,,
5,22,x[11],True,x[11],0.16129032258064513,9dada49e784601183eb3a1e1723ce2d4,,,
5,22,x[12],True,x[12],0.18548387096774188,0d372214e94f96a8c686509e4d084014,,,
5,22,x[11],True,x[11],0.16129032258064513,9dada49e784601183eb3a1e1723ce2d4,,,
5,22,x[13],True,x[13],0.217741935483871,060f7b59fcb1852e9befb4d0292eca15,,,
5,22,x[11],True,x[11],0.16129032258064513,9dada49e784601183eb3a1e1723ce2d4,,,
5,22,x[11],True,x[11],0.16129032258064513,9dada49e784601183eb3a1e1723ce2d4,,,
5,22,x[10],True,x[10],0.24193548387096775,7424f049dcd7de48c5ec487367408f4f,,,
5,22,x[11],True,x[11],0.16129032258064513,9dada49e784601183eb3a1e1723ce2d4,,,
5,22,x[11],True,x[11],0.16129032258064513,9dada49e784601183eb3a1e1723ce2d4,,,
5,22,x[9],True,x[9],0.2338709677419355,2e0260aa627dff742f7c723c8367e701,,,
5,22,x[11],True,x[11],0.16129032258064513,9dada49e784601183eb3a1e1723ce2d4,,,
5,22,x[11],True,x[11],0.16129032258064513,9dada49e784601183eb3a1e1723ce2d4,,,
5,22,x[11],True,x[11],0.16129032258064513,9dada49e784601183eb3a1e1723ce2d4,,,
5,22,x[12],True,x[12],0.18548387096774188,0d372214e94f96a8c686509e4d084014,,,
5,22,x[11],True,x[11],0.16129032258064513,9dada49e784601183eb3a1e1723ce2d4,,,
5,22,x[11],True,x[11],0.16129032258064513,9dada49e784601183eb3a1e1723ce2d4,,,
5,22,x[11],True,x[11],0.16129032258064513,9dada49e784601183eb3a1e1723ce2d4,,,
5,22,x[11],True,x[11],0.16129032258064513,9dada49e784601183eb3a1e1723ce2d4,,,
5,22,x[11],True,x[11],0.16129032258064513,9dada49e784601183eb3a1e1723ce2d4,,,
5,22,x[11],True,x[11],0.16129032258064513,9dada49e784601183eb3a1e1723ce2d4,,,
5,22,x[11],True,x[11],0.16129032258064513,9dada49e784601183eb3a1e1723ce2d4,,,
5,22,x[11],True,x[11],0.16129032258064513,9dada49e784601183eb3a1e1723ce2d4,,,
5,22,x[11],True,x[11],0.16129032258064513,9dada49e784601183eb3a1e1723ce2d4,,,
5,22,x[11],True,x[11],0.16129032258064513,9dada49e784601183eb3a1e1723ce2d4,,,
5,22,x[11],True,x[11],0.16129032258064513,9dada49e784601183eb3a1e1723ce2d4,,,
5,22,x[11],True,x[11],0.16129032258064513,9dada49e784601183eb3a1e1723ce2d4,,,
5,22,x[11],True,x[11],0.16129032258064513,9dada49e784601183eb3a1e1723ce2d4,,,
5,22,x[11],True,x[11],0.16129032258064513,9dada49e784601183eb3a1e1723ce2d4,,,
5,22,x[11],True,x[11],0.16129032258064513,9dada49e784601183eb3a1e1723ce2d4,,,
5,22,x[11],True,x[11],0.16129032258064513,9dada49e784601183eb3a1e1723ce2d4,,,
5,22,x[11],True,x[11],0.16129032258064513,9dada49e784601183eb3a1e1723ce2d4,,,
5,22,x[11],True,x[11],0.16129032258064513,9dada49e784601183eb3a1e1723ce2d4,,,
5,22,x[11],True,x[11],0.16129032258064513,9dada49e784601183eb3a1e1723ce2d4,,,
5,22,x[11],True,x[11],0.16129032258064513,9dada49e784601183eb3a1e1723ce2d4,,,
5,22,x[11],True,x[11],0.16129032258064513,9dada49e784601183eb3a1e1723ce2d4,,,
5,22,x[11],True,x[11],0.16129032258064513,9dada49e784601183eb3a1e1723ce2d4,,,
5,22,x[11],True,x[11],0.16129032258064513,9dada49e784601183eb3a1e1723ce2d4,,,
5,22,x[11],True,x[11],0.16129032258064513,9dada49e784601183eb3a1e1723ce2d4,,,
5,22,x[11],True,x[11],0.16129032258064513,9dada49e784601183eb3a1e1723ce2d4,,,
5,22,x[11],True,x[11],0.16129032258064513,9dada49e784601183eb3a1e1723ce2d4,,,
5,22,x[11],True,x[11],0.16129032258064513,9dada49e784601183eb3a1e1723ce2d4,,,
5,22,x[11],True,x[11],0.16129032258064513,9dada49e784601183eb3a1e1723ce2d4,,,
5,22,x[11],True,x[11],0.16129032258064513,9dada49e784601183eb3a1e1723ce2d4,,,
5,22,x[11],True,x[11],0.16129032258064513,9dada49e784601183eb3a1e1723ce2d4,,,
5,22,x[11],True,x[11],0.16129032258064513,9dada49e784601183eb3a1e1723ce2d4,,,
5,22,x[11],True,x[11],0.16129032258064513,9dada49e784601183eb3a1e1723ce2d4,,,
5,22,x[11],True,x[11],0.16129032258064513,9dada49e784601183eb3a1e1723ce2d4,,,
5,22,x[11],True,x[11],0.16129032258064513,9dada49e784601183eb3a1e1723ce2d4,,,
5,22,x[11],True,x[11],0.16129032258064513,9dada49e784601183eb3a1e1723ce2d4,,,
5,22,x[11],True,x[11],0.16129032258064513,9dada49e784601183eb3a1e1723ce2d4,,,
5,22,x[11],True,x[11],0.16129032258064513,9dada49e784601183eb3a1e1723ce2d4,,,
5,23,x[11],True,x[11],0.16129032258064513,9dada49e784601183eb3a1e1723ce2d4,,,
5,23,x[11],True,x[11],0.16129032258064513,9dada49e784601183eb3a1e1723ce2d4,,,
5,23,x[11],True,x[11],0.16129032258064513,9dada49e784601183eb3a1e1723ce2d4,,,
5,23,x[11],True,x[11],0.16129032258064513,9dada49e784601183eb3a1e1723ce2d4,,,
5,23,x[11],True,x[11],0.16129032258064513,9dada49e784601183eb3a1e1723ce2d4,,,
5,23,x[11],True,x[11],0.16129032258064513,9dada49e784601183eb3a1e1723ce2d4,,,
5,23,x[11],True,x[11],0.16129032258064513,9dada49e784601183eb3a1e1723ce2d4,,,
5,23,x[11],True,x[11],0.16129032258064513,9dada49e784601183eb3a1e1723ce2d4,,,
5,23,x[11],True,x[11],0.16129032258064513,9dada49e784601183eb3a1e1723ce2d4,,,
5,23,x[11],True,x[11],0.16129032258064513,9dada49e784601183eb3a1e1723ce2d4,,,
5,23,x[11],True,x[11],0.16129032258064513,9dada49e784601183eb3a1e1723ce2d4,,,
5,23,x[11],True,x[11],0.16129032258064513,9dada49e784601183eb3a1e1723ce2d4,,,
5,23,x[11],True,x[11],0.16129032258064513,9dada49e784601183eb3a1e1723ce2d4,,,
5,23,x[11],True,x[11],0.16129032258064513,9dada49e784601183eb3a1e1723ce2d4,,,
5,23,x[11],True,x[11],0.16129032258064513,9dada49e784601183eb3a1e1723ce2d4,,,
5,23,x[11],True,x[11],0.16129032258064513,9dada49e784601183eb3a1e1723ce2d4,,,
5,23,x[11],True,x[11],0.16129032258064513,9dada49e784601183eb3a1e1723ce2d4,,,
5,23,x[11],True,x[11],0.16129032258064513,9dada49e784601183eb3a1e1723ce2d4,,,
5,23,x[11],True,x[11],0.16129032258064513,9dada49e784601183eb3a1e1723ce2d4,,,
5,23,x[11],True,x[11],0.16129032258064513,9dada49e784601183eb3a1e1723ce2d4,,,
5,23,x[11],True,x[11],0.16129032258064513,9dada49e784601183eb3a1e1723ce2d4,,,
5,23,x[11],True,x[11],0.16129032258064513,9dada49e784601183eb3a1e1723ce2d4,,,
5,23,x[11],True,x[11],0.16129032258064513,9dada49e784601183eb3a1e1723ce2d4,,,
5,23,x[11],True,x[11],0.16129032258064513,9dada49e784601183eb3a1e1723ce2d4,,,
5,23,x[11],True,x[11],0.16129032258064513,9dada49e784601183eb3a1e1723ce2d4,,,
5,23,x[11],True,x[11],0.16129032258064513,9dada49e784601183eb3a1e1723ce2d4,,,
5,23,x[11],True,x[11],0.16129032258064513,9dada49e784601183eb3a1e1723ce2d4,,,
5,23,x[11],True,x[11],0.16129032258064513,9dada49e784601183eb3a1e1723ce2d4,,,
5,23,x[4],True,x[4],0.49193548387096775,c062f6f76dec194bafe0ddbf91add8d9,,,
5,23,x[11],True,x[11],0.16129032258064513,9dada49e784601183eb3a1e1723ce2d4,,,
5,23,x[11],True,x[11],0.16129032258064513,9dada49e784601183eb3a1e1723ce2d4,,,
5,23,x[11],True,x[11],0.16129032258064513,9dada49e784601183eb3a1e1723ce2d4,,,
5,23,x[11],True,x[11],0.16129032258064513,9dada49e784601183eb3a1e1723ce2d4,,,
5,23,x[11],True,x[11],0.16129032258064513,9dada49e784601183eb3a1e1723ce2d4,,,
5,23,x[11],True,x[11],0.16129032258064513,9dada49e784601183eb3a1e1723ce2d4,,,
5,23,x[11],True,x[11],0.16129032258064513,9dada49e784601183eb3a1e1723ce2d4,,,
5,23,x[11],True,x[11],0.16129032258064513,9dada49e784601183eb3a1e1723ce2d4,,,
5,23,x[11],True,x[11],0.16129032258064513,9dada49e784601183eb3a1e1723ce2d4,,,
5,23,x[11],True,x[11],0.16129032258064513,9dada49e784601183eb3a1e1723ce2d4,,,
5,23,x[11],True,x[11],0.16129032258064513,9dada49e784601183eb3a1e1723ce2d4,,,
5,23,x[11],True,x[11],0.16129032258064513,9dada49e784601183eb3a1e1723ce2d4,,,
5,23,x[11],True,x[11],0.16129032258064513,9dada49e784601183eb3a1e1723ce2d4,,,
5,23,x[11],True,x[11],0.16129032258064513,9dada49e784601183eb3a1e1723ce2d4,,,
5,23,x[11],True,x[11],0.16129032258064513,9dada49e784601183eb3a1e1723ce2d4,,,
5,23,x[11],True,x[11],0.16129032258064513,9dada49e784601183eb3a1e1723ce2d4,,,
5,23,x[11],True,x[11],0.16129032258064513,9dada49e784601183eb3a1e1723ce2d4,,,
5,23,x[11],True,x[11],0.16129032258064513,9dada49e784601183eb3a1e1723ce2d4,,,
5,23,x[11],True,x[11],0.16129032258064513,9dada49e784601183eb3a1e1723ce2d4,,,
5,23,x[11],True,x[11],0.16129032258064513,9dada49e784601183eb3a1e1723ce2d4,,,
5,23,x[11],True,x[11],0.16129032258064513,9dada49e784601183eb3a1e1723ce2d4,,,
5,23,x[11],True,x[11],0.16129032258064513,9dada49e784601183eb3a1e1723ce2d4,,,
5,23,x[11],True,x[11],0.16129032258064513,9dada49e784601183eb3a1e1723ce2d4,,,
5,23,x[11],True,x[11],0.16129032258064513,9dada49e784601183eb3a1e1723ce2d4,,,
5,23,x[12],True,x[12],0.18548387096774188,0d372214e94f96a8c686509e4d084014,,,
5,23,x[11],True,x[11],0.16129032258064513,9dada49e784601183eb3a1e1723ce2d4,,,
5,23,x[11],True,x[11],0.16129032258064513,9dada49e784601183eb3a1e1723ce2d4,,,
5,23,x[11],True,x[11],0.16129032258064513,9dada49e784601183eb3a1e1723ce2d4,,,
5,23,x[11],True,x[11],0.16129032258064513,9dada49e784601183eb3a1e1723ce2d4,,,
5,23,x[11],True,x[11],0.16129032258064513,9dada49e784601183eb3a1e1723ce2d4,,,
5,23,x[11],True,x[11],0.16129032258064513,9dada49e784601183eb3a1e1723ce2d4,,,
5,23,x[11],True,x[11],0.16129032258064513,9dada49e784601183eb3a1e1723ce2d4,,,
5,23,x[11],True,x[11],0.16129032258064513,9dada49e784601183eb3a1e1723ce2d4,,,
5,23,x[11],True,x[11],0.16129032258064513,9dada49e784601183eb3a1e1723ce2d4,,,
5,23,x[11],True,x[11],0.16129032258064513,9dada49e784601183eb3a1e1723ce2d4,,,
5,23,x[11],True,x[11],0.16129032258064513,9dada49e784601183eb3a1e1723ce2d4,,,
5,23,x[11],True,x[11],0.16129032258064513,9dada49e784601183eb3a1e1723ce2d4,,,
5,23,x[11],True,x[11],0.16129032258064513,9dada49e784601183eb3a1e1723ce2d4,,,
5,23,x[11],True,x[11],0.16129032258064513,9dada49e784601183eb3a1e1723ce2d4,,,
5,23,x[11],True,x[11],0.16129032258064513,9dada49e784601183eb3a1e1723ce2d4,,,
5,23,x[11],True,x[11],0.16129032258064513,9dada49e784601183eb3a1e1723ce2d4,,,
5,23,x[11],True,x[11],0.16129032258064513,9dada49e784601183eb3a1e1723ce2d4,,,
5,23,x[11],True,x[11],0.16129032258064513,9dada49e784601183eb3a1e1723ce2d4,,,
5,23,x[11],True,x[11],0.16129032258064513,9dada49e784601183eb3a1e1723ce2d4,,,
5,23,x[11],True,x[11],0.16129032258064513,9dada49e784601183eb3a1e1723ce2d4,,,
5,23,x[11],True,x[11],0.16129032258064513,9dada49e784601183eb3a1e1723ce2d4,,,
5,23,x[11],True,x[11],0.16129032258064513,9dada49e784601183eb3a1e1723ce2d4,,,
5,23,x[11],True,x[11],0.16129032258064513,9dada49e784601183eb3a1e1723ce2d4,,,
5,23,x[11],True,x[11],0.16129032258064513,9dada49e784601183eb3a1e1723ce2d4,,,
5,23,x[11],True,x[11],0.16129032258064513,9dada49e784601183eb3a1e1723ce2d4,,,
5,23,x[11],True,x[11],0.16129032258064513,9dada49e784601183eb3a1e1723ce2d4,,,
5,23,x[11],True,x[11],0.16129032258064513,9dada49e784601183eb3a1e1723ce2d4,,,
5,23,x[11],True,x[11],0.16129032258064513,9dada49e784601183eb3a1e1723ce2d4,,,
5,23,x[11],True,x[11],0.16129032258064513,9dada49e784601183eb3a1e1723ce2d4,,,
5,23,x[9],True,x[9],0.2338709677419355,2e0260aa627dff742f7c723c8367e701,,,
5,23,x[11],True,x[11],0.16129032258064513,9dada49e784601183eb3a1e1723ce2d4,,,
5,23,x[11],True,x[11],0.16129032258064513,9dada49e784601183eb3a1e1723ce2d4,,,
5,23,x[11],True,x[11],0.16129032258064513,9dada49e784601183eb3a1e1723ce2d4,,,
5,23,x[17],True,x[17],0.217741935483871,078a7ef4b1d424e54e976f158f2a5fa5,,,
5,23,x[11],True,x[11],0.16129032258064513,9dada49e784601183eb3a1e1723ce2d4,,,
5,23,x[11],True,x[11],0.16129032258064513,9dada49e784601183eb3a1e1723ce2d4,,,
5,23,x[11],True,x[11],0.16129032258064513,9dada49e784601183eb3a1e1723ce2d4,,,
5,23,x[11],True,x[11],0.16129032258064513,9dada49e784601183eb3a1e1723ce2d4,,,
5,23,x[11],True,x[11],0.16129032258064513,9dada49e784601183eb3a1e1723ce2d4,,,
5,23,x[11],True,x[11],0.16129032258064513,9dada49e784601183eb3a1e1723ce2d4,,,
5,23,x[11],True,x[11],0.16129032258064513,9dada49e784601183eb3a1e1723ce2d4,,,
5,23,x[11],True,x[11],0.16129032258064513,9dada49e784601183eb3a1e1723ce2d4,,,
5,23,x[11],True,x[11],0.16129032258064513,9dada49e784601183eb3a1e1723ce2d4,,,
5,23,x[11],True,x[11],0.16129032258064513,9dada49e784601183eb3a1e1723ce2d4,,,
5,23,x[11],True,x[11],0.16129032258064513,9dada49e784601183eb3a1e1723ce2d4,,,
5,23,x[11],True,x[11],0.16129032258064513,9dada49e784601183eb3a1e1723ce2d4,,,
5,23,x[11],True,x[11],0.16129032258064513,9dada49e784601183eb3a1e1723ce2d4,,,
5,23,x[11],True,x[11],0.16129032258064513,9dada49e784601183eb3a1e1723ce2d4,,,
5,23,x[11],True,x[11],0.16129032258064513,9dada49e784601183eb3a1e1723ce2d4,,,
5,23,x[11],True,x[11],0.16129032258064513,9dada49e784601183eb3a1e1723ce2d4,,,
5,23,x[11],True,x[11],0.16129032258064513,9dada49e784601183eb3a1e1723ce2d4,,,
5,23,x[11],True,x[11],0.16129032258064513,9dada49e784601183eb3a1e1723ce2d4,,,
5,23,x[11],True,x[11],0.16129032258064513,9dada49e784601183eb3a1e1723ce2d4,,,
5,23,x[11],True,x[11],0.16129032258064513,9dada49e784601183eb3a1e1723ce2d4,,,
5,23,x[11],True,x[11],0.16129032258064513,9dada49e784601183eb3a1e1723ce2d4,,,
5,23,x[11],True,x[11],0.16129032258064513,9dada49e784601183eb3a1e1723ce2d4,,,
5,23,x[11],True,x[11],0.16129032258064513,9dada49e784601183eb3a1e1723ce2d4,,,
5,23,x[11],True,x[11],0.16129032258064513,9dada49e784601183eb3a1e1723ce2d4,,,
5,23,x[11],True,x[11],0.16129032258064513,9dada49e784601183eb3a1e1723ce2d4,,,
5,23,x[11],True,x[11],0.16129032258064513,9dada49e784601183eb3a1e1723ce2d4,,,
5,23,x[4],True,x[4],0.49193548387096775,c062f6f76dec194bafe0ddbf91add8d9,,,
5,23,x[11],True,x[11],0.16129032258064513,9dada49e784601183eb3a1e1723ce2d4,,,
5,23,x[11],True,x[11],0.16129032258064513,9dada49e784601183eb3a1e1723ce2d4,,,
5,23,x[11],True,x[11],0.16129032258064513,9dada49e784601183eb3a1e1723ce2d4,,,
5,23,x[11],True,x[11],0.16129032258064513,9dada49e784601183eb3a1e1723ce2d4,,,
5,23,x[11],True,x[11],0.16129032258064513,9dada49e784601183eb3a1e1723ce2d4,,,
5,23,x[11],True,x[11],0.16129032258064513,9dada49e784601183eb3a1e1723ce2d4,,,
5,23,x[11],True,x[11],0.16129032258064513,9dada49e784601183eb3a1e1723ce2d4,,,
5,23,x[11],True,x[11],0.16129032258064513,9dada49e784601183eb3a1e1723ce2d4,,,
5,23,x[11],True,x[11],0.16129032258064513,9dada49e784601183eb3a1e1723ce2d4,,,
5,23,x[11],True,x[11],0.16129032258064513,9dada49e784601183eb3a1e1723ce2d4,,,
5,23,x[11],True,x[11],0.16129032258064513,9dada49e784601183eb3a1e1723ce2d4,,,
5,23,x[11],True,x[11],0.16129032258064513,9dada49e784601183eb3a1e1723ce2d4,,,
5,23,x[11],True,x[11],0.16129032258064513,9dada49e784601183eb3a1e1723ce2d4,,,
5,23,x[11],True,x[11],0.16129032258064513,9dada49e784601183eb3a1e1723ce2d4,,,
5,23,x[11],True,x[11],0.16129032258064513,9dada49e784601183eb3a1e1723ce2d4,,,
5,23,x[11],True,x[11],0.16129032258064513,9dada49e784601183eb3a1e1723ce2d4,,,
5,23,x[11],True,x[11],0.16129032258064513,9dada49e784601183eb3a1e1723ce2d4,,,
5,23,x[11],True,x[11],0.16129032258064513,9dada49e784601183eb3a1e1723ce2d4,,,
5,23,x[11],True,x[11],0.16129032258064513,9dada49e784601183eb3a1e1723ce2d4,,,
5,23,x[11],True,x[11],0.16129032258064513,9dada49e784601183eb3a1e1723ce2d4,,,
5,23,x[11],True,x[11],0.16129032258064513,9dada49e784601183eb3a1e1723ce2d4,,,
5,23,x[11],True,x[11],0.16129032258064513,9dada49e784601183eb3a1e1723ce2d4,,,
5,23,x[11],True,x[11],0.16129032258064513,9dada49e784601183eb3a1e1723ce2d4,,,
5,23,x[11],True,x[11],0.16129032258064513,9dada49e784601183eb3a1e1723ce2d4,,,
5,23,x[11],True,x[11],0.16129032258064513,9dada49e784601183eb3a1e1723ce2d4,,,
5,23,x[11],True,x[11],0.16129032258064513,9dada49e784601183eb3a1e1723ce2d4,,,
5,23,x[11],True,x[11],0.16129032258064513,9dada49e784601183eb3a1e1723ce2d4,,,
5,23,x[11],True,x[11],0.16129032258064513,9dada49e784601183eb3a1e1723ce2d4,,,
5,23,x[11],True,x[11],0.16129032258064513,9dada49e784601183eb3a1e1723ce2d4,,,
5,23,x[11],True,x[11],0.16129032258064513,9dada49e784601183eb3a1e1723ce2d4,,,
5,23,x[11],True,x[11],0.16129032258064513,9dada49e784601183eb3a1e1723ce2d4,,,
5,23,x[11],True,x[11],0.16129032258064513,9dada49e784601183eb3a1e1723ce2d4,,,
5,23,x[11],True,x[11],0.16129032258064513,9dada49e784601183eb3a1e1723ce2d4,,,
5,23,x[11],True,x[11],0.16129032258064513,9dada49e784601183eb3a1e1723ce2d4,,,
5,23,x[11],True,x[11],0.16129032258064513,9dada49e784601183eb3a1e1723ce2d4,,,
5,23,x[11],True,x[11],0.16129032258064513,9dada49e784601183eb3a1e1723ce2d4,,,
5,23,x[11],True,x[11],0.16129032258064513,9dada49e784601183eb3a1e1723ce2d4,,,
5,23,x[11],True,x[11],0.16129032258064513,9dada49e784601183eb3a1e1723ce2d4,,,
5,23,x[11],True,x[11],0.16129032258064513,9dada49e784601183eb3a1e1723ce2d4,,,
5,23,x[11],True,x[11],0.16129032258064513,9dada49e784601183eb3a1e1723ce2d4,,,
5,23,x[11],True,x[11],0.16129032258064513,9dada49e784601183eb3a1e1723ce2d4,,,
5,23,x[11],True,x[11],0.16129032258064513,9dada49e784601183eb3a1e1723ce2d4,,,
5,23,x[11],True,x[11],0.16129032258064513,9dada49e784601183eb3a1e1723ce2d4,,,
5,23,x[11],True,x[11],0.16129032258064513,9dada49e784601183eb3a1e1723ce2d4,,,
5,23,x[11],True,x[11],0.16129032258064513,9dada49e784601183eb3a1e1723ce2d4,,,
5,23,x[11],True,x[11],0.16129032258064513,9dada49e784601183eb3a1e1723ce2d4,,,
5,23,x[11],True,x[11],0.16129032258064513,9dada49e784601183eb3a1e1723ce2d4,,,
5,23,x[11],True,x[11],0.16129032258064513,9dada49e784601183eb3a1e1723ce2d4,,,
5,23,x[11],True,x[11],0.16129032258064513,9dada49e784601183eb3a1e1723ce2d4,,,
5,23,x[11],True,x[11],0.16129032258064513,9dada49e784601183eb3a1e1723ce2d4,,,
5,23,x[11],True,x[11],0.16129032258064513,9dada49e784601183eb3a1e1723ce2d4,,,
5,23,x[11],True,x[11],0.16129032258064513,9dada49e784601183eb3a1e1723ce2d4,,,
5,23,x[11],True,x[11],0.16129032258064513,9dada49e784601183eb3a1e1723ce2d4,,,
5,23,x[11],True,x[11],0.16129032258064513,9dada49e784601183eb3a1e1723ce2d4,,,
5,23,x[11],True,x[11],0.16129032258064513,9dada49e784601183eb3a1e1723ce2d4,,,
5,23,x[11],True,x[11],0.16129032258064513,9dada49e784601183eb3a1e1723ce2d4,,,
5,23,x[11],True,x[11],0.16129032258064513,9dada49e784601183eb3a1e1723ce2d4,,,
5,23,x[11],True,x[11],0.16129032258064513,9dada49e784601183eb3a1e1723ce2d4,,,
5,23,x[11],True,x[11],0.16129032258064513,9dada49e784601183eb3a1e1723ce2d4,,,
5,23,x[11],True,x[11],0.16129032258064513,9dada49e784601183eb3a1e1723ce2d4,,,
5,23,x[11],True,x[11],0.16129032258064513,9dada49e784601183eb3a1e1723ce2d4,,,
5,23,x[11],True,x[11],0.16129032258064513,9dada49e784601183eb3a1e1723ce2d4,,,
5,23,x[13],True,x[13],0.217741935483871,060f7b59fcb1852e9befb4d0292eca15,,,
5,23,x[14],True,x[14],0.22580645161290325,5184b187f6f474f266ff1a9e52a8b41f,,,
5,23,x[11],True,x[11],0.16129032258064513,9dada49e784601183eb3a1e1723ce2d4,,,
5,23,x[11],True,x[11],0.16129032258064513,9dada49e784601183eb3a1e1723ce2d4,,,
5,23,x[11],True,x[11],0.16129032258064513,9dada49e784601183eb3a1e1723ce2d4,,,
5,23,x[11],True,x[11],0.16129032258064513,9dada49e784601183eb3a1e1723ce2d4,,,
5,23,x[11],True,x[11],0.16129032258064513,9dada49e784601183eb3a1e1723ce2d4,,,
5,23,x[11],True,x[11],0.16129032258064513,9dada49e784601183eb3a1e1723ce2d4,,,
5,23,x[11],True,x[11],0.16129032258064513,9dada49e784601183eb3a1e1723ce2d4,,,
5,23,x[11],True,x[11],0.16129032258064513,9dada49e784601183eb3a1e1723ce2d4,,,
5,23,x[11],True,x[11],0.16129032258064513,9dada49e784601183eb3a1e1723ce2d4,,,
5,23,x[11],True,x[11],0.16129032258064513,9dada49e784601183eb3a1e1723ce2d4,,,
5,23,x[11],True,x[11],0.16129032258064513,9dada49e784601183eb3a1e1723ce2d4,,,
5,23,x[11],True,x[11],0.16129032258064513,9dada49e784601183eb3a1e1723ce2d4,,,
5,23,x[11],True,x[11],0.16129032258064513,9dada49e784601183eb3a1e1723ce2d4,,,
5,23,x[11],True,x[11],0.16129032258064513,9dada49e784601183eb3a1e1723ce2d4,,,
5,23,x[11],True,x[11],0.16129032258064513,9dada49e784601183eb3a1e1723ce2d4,,,
5,23,x[11],True,x[11],0.16129032258064513,9dada49e784601183eb3a1e1723ce2d4,,,
5,23,x[11],True,x[11],0.16129032258064513,9dada49e784601183eb3a1e1723ce2d4,,,
5,23,x[11],True,x[11],0.16129032258064513,9dada49e784601183eb3a1e1723ce2d4,,,
5,23,x[11],True,x[11],0.16129032258064513,9dada49e784601183eb3a1e1723ce2d4,,,
5,23,x[11],True,x[11],0.16129032258064513,9dada49e784601183eb3a1e1723ce2d4,,,
5,23,x[11],True,x[11],0.16129032258064513,9dada49e784601183eb3a1e1723ce2d4,,,
5,23,x[11],True,x[11],0.16129032258064513,9dada49e784601183eb3a1e1723ce2d4,,,
5,23,x[11],True,x[11],0.16129032258064513,9dada49e784601183eb3a1e1723ce2d4,,,
5,23,x[11],True,x[11],0.16129032258064513,9dada49e784601183eb3a1e1723ce2d4,,,
5,23,x[11],True,x[11],0.16129032258064513,9dada49e784601183eb3a1e1723ce2d4,,,
5,23,x[11],True,x[11],0.16129032258064513,9dada49e784601183eb3a1e1723ce2d4,,,
5,23,x[11],True,x[11],0.16129032258064513,9dada49e784601183eb3a1e1723ce2d4,,,
5,23,x[11],True,x[11],0.16129032258064513,9dada49e784601183eb3a1e1723ce2d4,,,
5,23,x[11],True,x[11],0.16129032258064513,9dada49e784601183eb3a1e1723ce2d4,,,
5,23,x[11],True,x[11],0.16129032258064513,9dada49e784601183eb3a1e1723ce2d4,,,
5,23,x[11],True,x[11],0.16129032258064513,9dada49e784601183eb3a1e1723ce2d4,,,
5,23,x[11],True,x[11],0.16129032258064513,9dada49e784601183eb3a1e1723ce2d4,,,
5,23,x[11],True,x[11],0.16129032258064513,9dada49e784601183eb3a1e1723ce2d4,,,
5,23,x[11],True,x[11],0.16129032258064513,9dada49e784601183eb3a1e1723ce2d4,,,
5,23,x[11],True,x[11],0.16129032258064513,9dada49e784601183eb3a1e1723ce2d4,,,
5,23,x[11],True,x[11],0.16129032258064513,9dada49e784601183eb3a1e1723ce2d4,,,
5,23,x[11],True,x[11],0.16129032258064513,9dada49e784601183eb3a1e1723ce2d4,,,
5,23,x[11],True,x[11],0.16129032258064513,9dada49e784601183eb3a1e1723ce2d4,,,
5,23,x[11],True,x[11],0.16129032258064513,9dada49e784601183eb3a1e1723ce2d4,,,
5,23,x[11],True,x[11],0.16129032258064513,9dada49e784601183eb3a1e1723ce2d4,,,
5,23,x[11],True,x[11],0.16129032258064513,9dada49e784601183eb3a1e1723ce2d4,,,
5,23,x[11],True,x[11],0.16129032258064513,9dada49e784601183eb3a1e1723ce2d4,,,
5,23,x[11],True,x[11],0.16129032258064513,9dada49e784601183eb3a1e1723ce2d4,,,
5,23,x[11],True,x[11],0.16129032258064513,9dada49e784601183eb3a1e1723ce2d4,,,
5,23,x[6],True,x[6],0.30645161290322576,d902aea98596abf07e07d9c42be380bf,,,
5,23,x[11],True,x[11],0.16129032258064513,9dada49e784601183eb3a1e1723ce2d4,,,
5,23,x[11],True,x[11],0.16129032258064513,9dada49e784601183eb3a1e1723ce2d4,,,
5,23,x[11],True,x[11],0.16129032258064513,9dada49e784601183eb3a1e1723ce2d4,,,
5,23,x[11],True,x[11],0.16129032258064513,9dada49e784601183eb3a1e1723ce2d4,,,
5,23,x[11],True,x[11],0.16129032258064513,9dada49e784601183eb3a1e1723ce2d4,,,
5,23,x[11],True,x[11],0.16129032258064513,9dada49e784601183eb3a1e1723ce2d4,,,
5,23,x[11],True,x[11],0.16129032258064513,9dada49e784601183eb3a1e1723ce2d4,,,
5,23,x[1],True,x[1],0.685483870967742,48150b63a14de07ac8ada4efd9d4896c,,,
5,23,x[11],True,x[11],0.16129032258064513,9dada49e784601183eb3a1e1723ce2d4,,,
5,23,x[11],True,x[11],0.16129032258064513,9dada49e784601183eb3a1e1723ce2d4,,,
5,23,x[11],True,x[11],0.16129032258064513,9dada49e784601183eb3a1e1723ce2d4,,,
5,23,x[11],True,x[11],0.16129032258064513,9dada49e784601183eb3a1e1723ce2d4,,,
5,23,x[11],True,x[11],0.16129032258064513,9dada49e784601183eb3a1e1723ce2d4,,,
5,23,x[11],True,x[11],0.16129032258064513,9dada49e784601183eb3a1e1723ce2d4,,,
5,23,x[11],True,x[11],0.16129032258064513,9dada49e784601183eb3a1e1723ce2d4,,,
5,23,x[11],True,x[11],0.16129032258064513,9dada49e784601183eb3a1e1723ce2d4,,,
5,23,x[11],True,x[11],0.16129032258064513,9dada49e784601183eb3a1e1723ce2d4,,,
5,23,x[11],True,x[11],0.16129032258064513,9dada49e784601183eb3a1e1723ce2d4,,,
5,23,x[11],True,x[11],0.16129032258064513,9dada49e784601183eb3a1e1723ce2d4,,,
5,23,x[11],True,x[11],0.16129032258064513,9dada49e784601183eb3a1e1723ce2d4,,,
5,23,x[11],True,x[11],0.16129032258064513,9dada49e784601183eb3a1e1723ce2d4,,,
5,23,x[11],True,x[11],0.16129032258064513,9dada49e784601183eb3a1e1723ce2d4,,,
5,23,x[11],True,x[11],0.16129032258064513,9dada49e784601183eb3a1e1723ce2d4,,,
5,23,x[11],True,x[11],0.16129032258064513,9dada49e784601183eb3a1e1723ce2d4,,,
5,23,x[11],True,x[11],0.16129032258064513,9dada49e784601183eb3a1e1723ce2d4,,,
5,23,x[11],True,x[11],0.16129032258064513,9dada49e784601183eb3a1e1723ce2d4,,,
5,23,x[9],True,x[9],0.2338709677419355,2e0260aa627dff742f7c723c8367e701,,,
5,23,x[11],True,x[11],0.16129032258064513,9dada49e784601183eb3a1e1723ce2d4,,,
5,23,x[11],True,x[11],0.16129032258064513,9dada49e784601183eb3a1e1723ce2d4,,,
5,23,x[11],True,x[11],0.16129032258064513,9dada49e784601183eb3a1e1723ce2d4,,,
5,23,x[11],True,x[11],0.16129032258064513,9dada49e784601183eb3a1e1723ce2d4,,,
5,23,x[11],True,x[11],0.16129032258064513,9dada49e784601183eb3a1e1723ce2d4,,,
5,23,x[11],True,x[11],0.16129032258064513,9dada49e784601183eb3a1e1723ce2d4,,,
5,23,x[11],True,x[11],0.16129032258064513,9dada49e784601183eb3a1e1723ce2d4,,,
5,23,x[11],True,x[11],0.16129032258064513,9dada49e784601183eb3a1e1723ce2d4,,,
5,23,x[11],True,x[11],0.16129032258064513,9dada49e784601183eb3a1e1723ce2d4,,,
5,23,x[11],True,x[11],0.16129032258064513,9dada49e784601183eb3a1e1723ce2d4,,,
5,23,x[9],True,x[9],0.2338709677419355,2e0260aa627dff742f7c723c8367e701,,,
5,23,x[11],True,x[11],0.16129032258064513,9dada49e784601183eb3a1e1723ce2d4,,,
5,23,x[11],True,x[11],0.16129032258064513,9dada49e784601183eb3a1e1723ce2d4,,,
5,23,x[11],True,x[11],0.16129032258064513,9dada49e784601183eb3a1e1723ce2d4,,,
5,23,x[11],True,x[11],0.16129032258064513,9dada49e784601183eb3a1e1723ce2d4,,,
5,23,x[11],True,x[11],0.16129032258064513,9dada49e784601183eb3a1e1723ce2d4,,,
5,23,x[11],True,x[11],0.16129032258064513,9dada49e784601183eb3a1e1723ce2d4,,,
5,23,x[11],True,x[11],0.16129032258064513,9dada49e784601183eb3a1e1723ce2d4,,,
5,23,x[11],True,x[11],0.16129032258064513,9dada49e784601183eb3a1e1723ce2d4,,,
5,23,x[11],True,x[11],0.16129032258064513,9dada49e784601183eb3a1e1723ce2d4,,,
5,23,x[11],True,x[11],0.16129032258064513,9dada49e784601183eb3a1e1723ce2d4,,,
5,23,x[11],True,x[11],0.16129032258064513,9dada49e784601183eb3a1e1723ce2d4,,,
5,23,x[11],True,x[11],0.16129032258064513,9dada49e784601183eb3a1e1723ce2d4,,,
5,23,x[11],True,x[11],0.16129032258064513,9dada49e784601183eb3a1e1723ce2d4,,,
5,23,x[11],True,x[11],0.16129032258064513,9dada49e784601183eb3a1e1723ce2d4,,,
5,23,x[11],True,x[11],0.16129032258064513,9dada49e784601183eb3a1e1723ce2d4,,,
5,23,x[11],True,x[11],0.16129032258064513,9dada49e784601183eb3a1e1723ce2d4,,,
5,23,x[11],True,x[11],0.16129032258064513,9dada49e784601183eb3a1e1723ce2d4,,,
5,23,x[11],True,x[11],0.16129032258064513,9dada49e784601183eb3a1e1723ce2d4,,,
5,23,x[13],True,x[13],0.217741935483871,060f7b59fcb1852e9befb4d0292eca15,,,
5,23,x[11],True,x[11],0.16129032258064513,9dada49e784601183eb3a1e1723ce2d4,,,
5,23,x[11],True,x[11],0.16129032258064513,9dada49e784601183eb3a1e1723ce2d4,,,
5,23,x[10],True,x[10],0.24193548387096775,7424f049dcd7de48c5ec487367408f4f,,,
5,23,x[11],True,x[11],0.16129032258064513,9dada49e784601183eb3a1e1723ce2d4,,,
5,23,x[11],True,x[11],0.16129032258064513,9dada49e784601183eb3a1e1723ce2d4,,,
5,23,x[11],True,x[11],0.16129032258064513,9dada49e784601183eb3a1e1723ce2d4,,,
5,23,x[11],True,x[11],0.16129032258064513,9dada49e784601183eb3a1e1723ce2d4,,,
5,23,x[13],True,x[13],0.217741935483871,060f7b59fcb1852e9befb4d0292eca15,,,
5,23,x[11],True,x[11],0.16129032258064513,9dada49e784601183eb3a1e1723ce2d4,,,
5,23,x[11],True,x[11],0.16129032258064513,9dada49e784601183eb3a1e1723ce2d4,,,
5,23,x[11],True,x[11],0.16129032258064513,9dada49e784601183eb3a1e1723ce2d4,,,
5,23,x[11],True,x[11],0.16129032258064513,9dada49e784601183eb3a1e1723ce2d4,,,
5,23,x[11],True,x[11],0.16129032258064513,9dada49e784601183eb3a1e1723ce2d4,,,
5,23,x[11],True,x[11],0.16129032258064513,9dada49e784601183eb3a1e1723ce2d4,,,
5,23,x[11],True,x[11],0.16129032258064513,9dada49e784601183eb3a1e1723ce2d4,,,
5,23,x[17],True,x[17],0.217741935483871,078a7ef4b1d424e54e976f158f2a5fa5,,,
5,23,x[11],True,x[11],0.16129032258064513,9dada49e784601183eb3a1e1723ce2d4,,,
5,23,x[12],True,x[12],0.18548387096774188,0d372214e94f96a8c686509e4d084014,,,
5,23,x[11],True,x[11],0.16129032258064513,9dada49e784601183eb3a1e1723ce2d4,,,
5,23,x[11],True,x[11],0.16129032258064513,9dada49e784601183eb3a1e1723ce2d4,,,
5,23,x[4],True,x[4],0.49193548387096775,c062f6f76dec194bafe0ddbf91add8d9,,,
5,23,x[11],True,x[11],0.16129032258064513,9dada49e784601183eb3a1e1723ce2d4,,,
5,23,x[11],True,x[11],0.16129032258064513,9dada49e784601183eb3a1e1723ce2d4,,,
5,23,x[11],True,x[11],0.16129032258064513,9dada49e784601183eb3a1e1723ce2d4,,,
5,23,x[8],True,x[8],0.4354838709677419,8c6b56831adf589cc7ca352d27aafe6d,,,
5,23,x[11],True,x[11],0.16129032258064513,9dada49e784601183eb3a1e1723ce2d4,,,
5,23,x[11],True,x[11],0.16129032258064513,9dada49e784601183eb3a1e1723ce2d4,,,
5,23,x[11],True,x[11],0.16129032258064513,9dada49e784601183eb3a1e1723ce2d4,,,
5,23,x[11],True,x[11],0.16129032258064513,9dada49e784601183eb3a1e1723ce2d4,,,
5,23,x[11],True,x[11],0.16129032258064513,9dada49e784601183eb3a1e1723ce2d4,,,
5,23,x[11],True,x[11],0.16129032258064513,9dada49e784601183eb3a1e1723ce2d4,,,
5,23,x[11],True,x[11],0.16129032258064513,9dada49e784601183eb3a1e1723ce2d4,,,
5,23,x[11],True,x[11],0.16129032258064513,9dada49e784601183eb3a1e1723ce2d4,,,
5,23,x[11],True,x[11],0.16129032258064513,9dada49e784601183eb3a1e1723ce2d4,,,
5,23,x[11],True,x[11],0.16129032258064513,9dada49e784601183eb3a1e1723ce2d4,,,
5,23,x[8],True,x[8],0.4354838709677419,8c6b56831adf589cc7ca352d27aafe6d,,,
5,23,x[11],True,x[11],0.16129032258064513,9dada49e784601183eb3a1e1723ce2d4,,,
5,23,x[11],True,x[11],0.16129032258064513,9dada49e784601183eb3a1e1723ce2d4,,,
5,23,x[11],True,x[11],0.16129032258064513,9dada49e784601183eb3a1e1723ce2d4,,,
5,23,x[11],True,x[11],0.16129032258064513,9dada49e784601183eb3a1e1723ce2d4,,,
5,23,x[11],True,x[11],0.16129032258064513,9dada49e784601183eb3a1e1723ce2d4,,,
5,23,x[11],True,x[11],0.16129032258064513,9dada49e784601183eb3a1e1723ce2d4,,,
5,23,x[11],True,x[11],0.16129032258064513,9dada49e784601183eb3a1e1723ce2d4,,,
5,23,x[11],True,x[11],0.16129032258064513,9dada49e784601183eb3a1e1723ce2d4,,,
5,23,x[11],True,x[11],0.16129032258064513,9dada49e784601183eb3a1e1723ce2d4,,,
5,23,x[11],True,x[11],0.16129032258064513,9dada49e784601183eb3a1e1723ce2d4,,,
5,23,x[11],True,x[11],0.16129032258064513,9dada49e784601183eb3a1e1723ce2d4,,,
5,23,x[11],True,x[11],0.16129032258064513,9dada49e784601183eb3a1e1723ce2d4,,,
5,23,x[11],True,x[11],0.16129032258064513,9dada49e784601183eb3a1e1723ce2d4,,,
5,23,x[11],True,x[11],0.16129032258064513,9dada49e784601183eb3a1e1723ce2d4,,,
5,23,x[11],True,x[11],0.16129032258064513,9dada49e784601183eb3a1e1723ce2d4,,,
5,23,x[11],True,x[11],0.16129032258064513,9dada49e784601183eb3a1e1723ce2d4,,,
5,23,x[11],True,x[11],0.16129032258064513,9dada49e784601183eb3a1e1723ce2d4,,,
5,23,x[11],True,x[11],0.16129032258064513,9dada49e784601183eb3a1e1723ce2d4,,,
5,23,x[11],True,x[11],0.16129032258064513,9dada49e784601183eb3a1e1723ce2d4,,,
5,23,x[11],True,x[11],0.16129032258064513,9dada49e784601183eb3a1e1723ce2d4,,,
5,23,x[11],True,x[11],0.16129032258064513,9dada49e784601183eb3a1e1723ce2d4,,,
5,23,x[11],True,x[11],0.16129032258064513,9dada49e784601183eb3a1e1723ce2d4,,,
5,23,x[11],True,x[11],0.16129032258064513,9dada49e784601183eb3a1e1723ce2d4,,,
5,23,x[11],True,x[11],0.16129032258064513,9dada49e784601183eb3a1e1723ce2d4,,,
5,23,x[11],True,x[11],0.16129032258064513,9dada49e784601183eb3a1e1723ce2d4,,,
5,23,x[11],True,x[11],0.16129032258064513,9dada49e784601183eb3a1e1723ce2d4,,,
5,23,x[11],True,x[11],0.16129032258064513,9dada49e784601183eb3a1e1723ce2d4,,,
5,23,x[11],True,x[11],0.16129032258064513,9dada49e784601183eb3a1e1723ce2d4,,,
5,23,x[11],True,x[11],0.16129032258064513,9dada49e784601183eb3a1e1723ce2d4,,,
5,23,x[11],True,x[11],0.16129032258064513,9dada49e784601183eb3a1e1723ce2d4,,,
5,23,x[11],True,x[11],0.16129032258064513,9dada49e784601183eb3a1e1723ce2d4,,,
5,23,x[11],True,x[11],0.16129032258064513,9dada49e784601183eb3a1e1723ce2d4,,,
5,23,x[11],True,x[11],0.16129032258064513,9dada49e784601183eb3a1e1723ce2d4,,,
5,23,x[15],True,x[15],0.22580645161290325,301bd409bd67cc588ceaa53a6f5220a4,,,
5,23,x[11],True,x[11],0.16129032258064513,9dada49e784601183eb3a1e1723ce2d4,,,
5,23,x[10],True,x[10],0.24193548387096775,7424f049dcd7de48c5ec487367408f4f,,,
5,23,x[11],True,x[11],0.16129032258064513,9dada49e784601183eb3a1e1723ce2d4,,,
5,23,x[11],True,x[11],0.16129032258064513,9dada49e784601183eb3a1e1723ce2d4,,,
5,23,x[11],True,x[11],0.16129032258064513,9dada49e784601183eb3a1e1723ce2d4,,,
5,23,x[11],True,x[11],0.16129032258064513,9dada49e784601183eb3a1e1723ce2d4,,,
5,23,x[11],True,x[11],0.16129032258064513,9dada49e784601183eb3a1e1723ce2d4,,,
5,23,x[11],True,x[11],0.16129032258064513,9dada49e784601183eb3a1e1723ce2d4,,,
5,23,x[11],True,x[11],0.16129032258064513,9dada49e784601183eb3a1e1723ce2d4,,,
5,23,x[11],True,x[11],0.16129032258064513,9dada49e784601183eb3a1e1723ce2d4,,,
5,23,x[11],True,x[11],0.16129032258064513,9dada49e784601183eb3a1e1723ce2d4,,,
5,23,x[11],True,x[11],0.16129032258064513,9dada49e784601183eb3a1e1723ce2d4,,,
5,23,x[11],True,x[11],0.16129032258064513,9dada49e784601183eb3a1e1723ce2d4,,,
5,23,x[11],True,x[11],0.16129032258064513,9dada49e784601183eb3a1e1723ce2d4,,,
5,24,x[11],True,x[11],0.16129032258064513,9dada49e784601183eb3a1e1723ce2d4,,,
5,24,x[11],True,x[11],0.16129032258064513,9dada49e784601183eb3a1e1723ce2d4,,,
5,24,x[11],True,x[11],0.16129032258064513,9dada49e784601183eb3a1e1723ce2d4,,,
5,24,x[13],True,x[13],0.217741935483871,060f7b59fcb1852e9befb4d0292eca15,,,
5,24,x[11],True,x[11],0.16129032258064513,9dada49e784601183eb3a1e1723ce2d4,,,
5,24,x[11],True,x[11],0.16129032258064513,9dada49e784601183eb3a1e1723ce2d4,,,
5,24,x[11],True,x[11],0.16129032258064513,9dada49e784601183eb3a1e1723ce2d4,,,
5,24,x[11],True,x[11],0.16129032258064513,9dada49e784601183eb3a1e1723ce2d4,,,
5,24,x[11],True,x[11],0.16129032258064513,9dada49e784601183eb3a1e1723ce2d4,,,
5,24,x[4],True,x[4],0.49193548387096775,c062f6f76dec194bafe0ddbf91add8d9,,,
5,24,x[11],True,x[11],0.16129032258064513,9dada49e784601183eb3a1e1723ce2d4,,,
5,24,x[11],True,x[11],0.16129032258064513,9dada49e784601183eb3a1e1723ce2d4,,,
5,24,x[11],True,x[11],0.16129032258064513,9dada49e784601183eb3a1e1723ce2d4,,,
5,24,x[11],True,x[11],0.16129032258064513,9dada49e784601183eb3a1e1723ce2d4,,,
5,24,x[11],True,x[11],0.16129032258064513,9dada49e784601183eb3a1e1723ce2d4,,,
5,24,x[11],True,x[11],0.16129032258064513,9dada49e784601183eb3a1e1723ce2d4,,,
5,24,x[11],True,x[11],0.16129032258064513,9dada49e784601183eb3a1e1723ce2d4,,,
5,24,x[11],True,x[11],0.16129032258064513,9dada49e784601183eb3a1e1723ce2d4,,,
5,24,x[11],True,x[11],0.16129032258064513,9dada49e784601183eb3a1e1723ce2d4,,,
5,24,x[11],True,x[11],0.16129032258064513,9dada49e784601183eb3a1e1723ce2d4,,,
5,24,x[11],True,x[11],0.16129032258064513,9dada49e784601183eb3a1e1723ce2d4,,,
5,24,x[11],True,x[11],0.16129032258064513,9dada49e784601183eb3a1e1723ce2d4,,,
5,24,x[11],True,x[11],0.16129032258064513,9dada49e784601183eb3a1e1723ce2d4,,,
5,24,x[11],True,x[11],0.16129032258064513,9dada49e784601183eb3a1e1723ce2d4,,,
5,24,x[1],True,x[1],0.685483870967742,48150b63a14de07ac8ada4efd9d4896c,,,
5,24,x[11],True,x[11],0.16129032258064513,9dada49e784601183eb3a1e1723ce2d4,,,
5,24,x[11],True,x[11],0.16129032258064513,9dada49e784601183eb3a1e1723ce2d4,,,
5,24,x[11],True,x[11],0.16129032258064513,9dada49e784601183eb3a1e1723ce2d4,,,
5,24,x[11],True,x[11],0.16129032258064513,9dada49e784601183eb3a1e1723ce2d4,,,
5,24,x[11],True,x[11],0.16129032258064513,9dada49e784601183eb3a1e1723ce2d4,,,
5,24,x[11],True,x[11],0.16129032258064513,9dada49e784601183eb3a1e1723ce2d4,,,
5,24,x[11],True,x[11],0.16129032258064513,9dada49e784601183eb3a1e1723ce2d4,,,
5,24,x[11],True,x[11],0.16129032258064513,9dada49e784601183eb3a1e1723ce2d4,,,
5,24,x[11],True,x[11],0.16129032258064513,9dada49e784601183eb3a1e1723ce2d4,,,
5,24,x[11],True,x[11],0.16129032258064513,9dada49e784601183eb3a1e1723ce2d4,,,
5,24,x[11],True,x[11],0.16129032258064513,9dada49e784601183eb3a1e1723ce2d4,,,
5,24,x[11],True,x[11],0.16129032258064513,9dada49e784601183eb3a1e1723ce2d4,,,
5,24,x[11],True,x[11],0.16129032258064513,9dada49e784601183eb3a1e1723ce2d4,,,
5,24,x[11],True,x[11],0.16129032258064513,9dada49e784601183eb3a1e1723ce2d4,,,
5,24,x[11],True,x[11],0.16129032258064513,9dada49e784601183eb3a1e1723ce2d4,,,
5,24,x[11],True,x[11],0.16129032258064513,9dada49e784601183eb3a1e1723ce2d4,,,
5,24,x[11],True,x[11],0.16129032258064513,9dada49e784601183eb3a1e1723ce2d4,,,
5,24,x[11],True,x[11],0.16129032258064513,9dada49e784601183eb3a1e1723ce2d4,,,
5,24,x[11],True,x[11],0.16129032258064513,9dada49e784601183eb3a1e1723ce2d4,,,
5,24,x[11],True,x[11],0.16129032258064513,9dada49e784601183eb3a1e1723ce2d4,,,
5,24,x[11],True,x[11],0.16129032258064513,9dada49e784601183eb3a1e1723ce2d4,,,
5,24,x[11],True,x[11],0.16129032258064513,9dada49e784601183eb3a1e1723ce2d4,,,
5,24,x[11],True,x[11],0.16129032258064513,9dada49e784601183eb3a1e1723ce2d4,,,
5,24,x[11],True,x[11],0.16129032258064513,9dada49e784601183eb3a1e1723ce2d4,,,
5,24,x[11],True,x[11],0.16129032258064513,9dada49e784601183eb3a1e1723ce2d4,,,
5,24,x[11],True,x[11],0.16129032258064513,9dada49e784601183eb3a1e1723ce2d4,,,
5,24,x[11],True,x[11],0.16129032258064513,9dada49e784601183eb3a1e1723ce2d4,,,
5,24,x[17],True,x[17],0.217741935483871,078a7ef4b1d424e54e976f158f2a5fa5,,,
5,24,x[11],True,x[11],0.16129032258064513,9dada49e784601183eb3a1e1723ce2d4,,,
5,24,x[11],True,x[11],0.16129032258064513,9dada49e784601183eb3a1e1723ce2d4,,,
5,24,x[11],True,x[11],0.16129032258064513,9dada49e784601183eb3a1e1723ce2d4,,,
5,24,x[11],True,x[11],0.16129032258064513,9dada49e784601183eb3a1e1723ce2d4,,,
5,24,x[11],True,x[11],0.16129032258064513,9dada49e784601183eb3a1e1723ce2d4,,,
5,24,x[11],True,x[11],0.16129032258064513,9dada49e784601183eb3a1e1723ce2d4,,,
5,24,x[11],True,x[11],0.16129032258064513,9dada49e784601183eb3a1e1723ce2d4,,,
5,24,x[11],True,x[11],0.16129032258064513,9dada49e784601183eb3a1e1723ce2d4,,,
5,24,x[11],True,x[11],0.16129032258064513,9dada49e784601183eb3a1e1723ce2d4,,,
5,24,x[11],True,x[11],0.16129032258064513,9dada49e784601183eb3a1e1723ce2d4,,,
5,24,x[11],True,x[11],0.16129032258064513,9dada49e784601183eb3a1e1723ce2d4,,,
5,24,x[11],True,x[11],0.16129032258064513,9dada49e784601183eb3a1e1723ce2d4,,,
5,24,x[11],True,x[11],0.16129032258064513,9dada49e784601183eb3a1e1723ce2d4,,,
5,24,x[11],True,x[11],0.16129032258064513,9dada49e784601183eb3a1e1723ce2d4,,,
5,24,x[11],True,x[11],0.16129032258064513,9dada49e784601183eb3a1e1723ce2d4,,,
5,24,x[11],True,x[11],0.16129032258064513,9dada49e784601183eb3a1e1723ce2d4,,,
5,24,x[11],True,x[11],0.16129032258064513,9dada49e784601183eb3a1e1723ce2d4,,,
5,24,x[11],True,x[11],0.16129032258064513,9dada49e784601183eb3a1e1723ce2d4,,,
5,24,x[11],True,x[11],0.16129032258064513,9dada49e784601183eb3a1e1723ce2d4,,,
5,24,x[11],True,x[11],0.16129032258064513,9dada49e784601183eb3a1e1723ce2d4,,,
5,24,x[11],True,x[11],0.16129032258064513,9dada49e784601183eb3a1e1723ce2d4,,,
5,24,x[11],True,x[11],0.16129032258064513,9dada49e784601183eb3a1e1723ce2d4,,,
5,24,x[11],True,x[11],0.16129032258064513,9dada49e784601183eb3a1e1723ce2d4,,,
5,24,x[11],True,x[11],0.16129032258064513,9dada49e784601183eb3a1e1723ce2d4,,,
5,24,x[11],True,x[11],0.16129032258064513,9dada49e784601183eb3a1e1723ce2d4,,,
5,24,x[11],True,x[11],0.16129032258064513,9dada49e784601183eb3a1e1723ce2d4,,,
5,24,x[11],True,x[11],0.16129032258064513,9dada49e784601183eb3a1e1723ce2d4,,,
5,24,x[11],True,x[11],0.16129032258064513,9dada49e784601183eb3a1e1723ce2d4,,,
5,24,x[11],True,x[11],0.16129032258064513,9dada49e784601183eb3a1e1723ce2d4,,,
5,24,x[11],True,x[11],0.16129032258064513,9dada49e784601183eb3a1e1723ce2d4,,,
5,24,x[11],True,x[11],0.16129032258064513,9dada49e784601183eb3a1e1723ce2d4,,,
5,24,x[11],True,x[11],0.16129032258064513,9dada49e784601183eb3a1e1723ce2d4,,,
5,24,x[11],True,x[11],0.16129032258064513,9dada49e784601183eb3a1e1723ce2d4,,,
5,24,x[11],True,x[11],0.16129032258064513,9dada49e784601183eb3a1e1723ce2d4,,,
5,24,x[9],True,x[9],0.2338709677419355,2e0260aa627dff742f7c723c8367e701,,,
5,24,x[11],True,x[11],0.16129032258064513,9dada49e784601183eb3a1e1723ce2d4,,,
5,24,x[11],True,x[11],0.16129032258064513,9dada49e784601183eb3a1e1723ce2d4,,,
5,24,x[11],True,x[11],0.16129032258064513,9dada49e784601183eb3a1e1723ce2d4,,,
5,24,x[11],True,x[11],0.16129032258064513,9dada49e784601183eb3a1e1723ce2d4,,,
5,24,x[11],True,x[11],0.16129032258064513,9dada49e784601183eb3a1e1723ce2d4,,,
5,24,x[11],True,x[11],0.16129032258064513,9dada49e784601183eb3a1e1723ce2d4,,,
5,24,x[11],True,x[11],0.16129032258064513,9dada49e784601183eb3a1e1723ce2d4,,,
5,24,x[11],True,x[11],0.16129032258064513,9dada49e784601183eb3a1e1723ce2d4,,,
5,24,x[11],True,x[11],0.16129032258064513,9dada49e784601183eb3a1e1723ce2d4,,,
5,24,x[11],True,x[11],0.16129032258064513,9dada49e784601183eb3a1e1723ce2d4,,,
5,24,x[11],True,x[11],0.16129032258064513,9dada49e784601183eb3a1e1723ce2d4,,,
5,24,x[11],True,x[11],0.16129032258064513,9dada49e784601183eb3a1e1723ce2d4,,,
5,24,x[4],True,x[4],0.49193548387096775,c062f6f76dec194bafe0ddbf91add8d9,,,
5,24,x[11],True,x[11],0.16129032258064513,9dada49e784601183eb3a1e1723ce2d4,,,
5,24,x[11],True,x[11],0.16129032258064513,9dada49e784601183eb3a1e1723ce2d4,,,
5,24,x[11],True,x[11],0.16129032258064513,9dada49e784601183eb3a1e1723ce2d4,,,
5,24,x[11],True,x[11],0.16129032258064513,9dada49e784601183eb3a1e1723ce2d4,,,
5,24,x[11],True,x[11],0.16129032258064513,9dada49e784601183eb3a1e1723ce2d4,,,
5,24,x[11],True,x[11],0.16129032258064513,9dada49e784601183eb3a1e1723ce2d4,,,
5,24,x[11],True,x[11],0.16129032258064513,9dada49e784601183eb3a1e1723ce2d4,,,
5,24,x[11],True,x[11],0.16129032258064513,9dada49e784601183eb3a1e1723ce2d4,,,
5,24,x[11],True,x[11],0.16129032258064513,9dada49e784601183eb3a1e1723ce2d4,,,
5,24,x[11],True,x[11],0.16129032258064513,9dada49e784601183eb3a1e1723ce2d4,,,
5,24,x[11],True,x[11],0.16129032258064513,9dada49e784601183eb3a1e1723ce2d4,,,
5,24,x[11],True,x[11],0.16129032258064513,9dada49e784601183eb3a1e1723ce2d4,,,
5,24,x[11],True,x[11],0.16129032258064513,9dada49e784601183eb3a1e1723ce2d4,,,
5,24,x[11],True,x[11],0.16129032258064513,9dada49e784601183eb3a1e1723ce2d4,,,
5,24,x[11],True,x[11],0.16129032258064513,9dada49e784601183eb3a1e1723ce2d4,,,
5,24,x[11],True,x[11],0.16129032258064513,9dada49e784601183eb3a1e1723ce2d4,,,
5,24,x[11],True,x[11],0.16129032258064513,9dada49e784601183eb3a1e1723ce2d4,,,
5,24,x[11],True,x[11],0.16129032258064513,9dada49e784601183eb3a1e1723ce2d4,,,
5,24,x[11],True,x[11],0.16129032258064513,9dada49e784601183eb3a1e1723ce2d4,,,
5,24,x[11],True,x[11],0.16129032258064513,9dada49e784601183eb3a1e1723ce2d4,,,
5,24,x[11],True,x[11],0.16129032258064513,9dada49e784601183eb3a1e1723ce2d4,,,
5,24,x[11],True,x[11],0.16129032258064513,9dada49e784601183eb3a1e1723ce2d4,,,
5,24,x[11],True,x[11],0.16129032258064513,9dada49e784601183eb3a1e1723ce2d4,,,
5,24,x[11],True,x[11],0.16129032258064513,9dada49e784601183eb3a1e1723ce2d4,,,
5,24,x[11],True,x[11],0.16129032258064513,9dada49e784601183eb3a1e1723ce2d4,,,
5,24,x[11],True,x[11],0.16129032258064513,9dada49e784601183eb3a1e1723ce2d4,,,
5,24,x[11],True,x[11],0.16129032258064513,9dada49e784601183eb3a1e1723ce2d4,,,
5,24,x[11],True,x[11],0.16129032258064513,9dada49e784601183eb3a1e1723ce2d4,,,
5,24,x[11],True,x[11],0.16129032258064513,9dada49e784601183eb3a1e1723ce2d4,,,
5,24,x[11],True,x[11],0.16129032258064513,9dada49e784601183eb3a1e1723ce2d4,,,
5,24,x[11],True,x[11],0.16129032258064513,9dada49e784601183eb3a1e1723ce2d4,,,
5,24,x[11],True,x[11],0.16129032258064513,9dada49e784601183eb3a1e1723ce2d4,,,
5,24,x[11],True,x[11],0.16129032258064513,9dada49e784601183eb3a1e1723ce2d4,,,
5,24,x[11],True,x[11],0.16129032258064513,9dada49e784601183eb3a1e1723ce2d4,,,
5,24,x[4],True,x[4],0.49193548387096775,c062f6f76dec194bafe0ddbf91add8d9,,,
5,24,x[11],True,x[11],0.16129032258064513,9dada49e784601183eb3a1e1723ce2d4,,,
5,24,x[11],True,x[11],0.16129032258064513,9dada49e784601183eb3a1e1723ce2d4,,,
5,24,x[11],True,x[11],0.16129032258064513,9dada49e784601183eb3a1e1723ce2d4,,,
5,24,x[11],True,x[11],0.16129032258064513,9dada49e784601183eb3a1e1723ce2d4,,,
5,24,x[11],True,x[11],0.16129032258064513,9dada49e784601183eb3a1e1723ce2d4,,,
5,24,x[11],True,x[11],0.16129032258064513,9dada49e784601183eb3a1e1723ce2d4,,,
5,24,x[11],True,x[11],0.16129032258064513,9dada49e784601183eb3a1e1723ce2d4,,,
5,24,x[11],True,x[11],0.16129032258064513,9dada49e784601183eb3a1e1723ce2d4,,,
5,24,x[11],True,x[11],0.16129032258064513,9dada49e784601183eb3a1e1723ce2d4,,,
5,24,x[11],True,x[11],0.16129032258064513,9dada49e784601183eb3a1e1723ce2d4,,,
5,24,x[11],True,x[11],0.16129032258064513,9dada49e784601183eb3a1e1723ce2d4,,,
5,24,x[11],True,x[11],0.16129032258064513,9dada49e784601183eb3a1e1723ce2d4,,,
5,24,x[11],True,x[11],0.16129032258064513,9dada49e784601183eb3a1e1723ce2d4,,,
5,24,x[11],True,x[11],0.16129032258064513,9dada49e784601183eb3a1e1723ce2d4,,,
5,24,x[11],True,x[11],0.16129032258064513,9dada49e784601183eb3a1e1723ce2d4,,,
5,24,x[11],True,x[11],0.16129032258064513,9dada49e784601183eb3a1e1723ce2d4,,,
5,24,x[11],True,x[11],0.16129032258064513,9dada49e784601183eb3a1e1723ce2d4,,,
5,24,x[11],True,x[11],0.16129032258064513,9dada49e784601183eb3a1e1723ce2d4,,,
5,24,x[11],True,x[11],0.16129032258064513,9dada49e784601183eb3a1e1723ce2d4,,,
5,24,x[11],True,x[11],0.16129032258064513,9dada49e784601183eb3a1e1723ce2d4,,,
5,24,x[11],True,x[11],0.16129032258064513,9dada49e784601183eb3a1e1723ce2d4,,,
5,24,x[11],True,x[11],0.16129032258064513,9dada49e784601183eb3a1e1723ce2d4,,,
5,24,x[4],True,x[4],0.49193548387096775,c062f6f76dec194bafe0ddbf91add8d9,,,
5,24,x[11],True,x[11],0.16129032258064513,9dada49e784601183eb3a1e1723ce2d4,,,
5,24,x[11],True,x[11],0.16129032258064513,9dada49e784601183eb3a1e1723ce2d4,,,
5,24,x[11],True,x[11],0.16129032258064513,9dada49e784601183eb3a1e1723ce2d4,,,
5,24,x[11],True,x[11],0.16129032258064513,9dada49e784601183eb3a1e1723ce2d4,,,
5,24,x[11],True,x[11],0.16129032258064513,9dada49e784601183eb3a1e1723ce2d4,,,
5,24,x[11],True,x[11],0.16129032258064513,9dada49e784601183eb3a1e1723ce2d4,,,
5,24,x[11],True,x[11],0.16129032258064513,9dada49e784601183eb3a1e1723ce2d4,,,
5,24,x[11],True,x[11],0.16129032258064513,9dada49e784601183eb3a1e1723ce2d4,,,
5,24,x[11],True,x[11],0.16129032258064513,9dada49e784601183eb3a1e1723ce2d4,,,
5,24,x[11],True,x[11],0.16129032258064513,9dada49e784601183eb3a1e1723ce2d4,,,
5,24,x[11],True,x[11],0.16129032258064513,9dada49e784601183eb3a1e1723ce2d4,,,
5,24,x[11],True,x[11],0.16129032258064513,9dada49e784601183eb3a1e1723ce2d4,,,
5,24,x[11],True,x[11],0.16129032258064513,9dada49e784601183eb3a1e1723ce2d4,,,
5,24,x[11],True,x[11],0.16129032258064513,9dada49e784601183eb3a1e1723ce2d4,,,
5,24,x[11],True,x[11],0.16129032258064513,9dada49e784601183eb3a1e1723ce2d4,,,
5,24,x[11],True,x[11],0.16129032258064513,9dada49e784601183eb3a1e1723ce2d4,,,
5,24,x[11],True,x[11],0.16129032258064513,9dada49e784601183eb3a1e1723ce2d4,,,
5,24,x[11],True,x[11],0.16129032258064513,9dada49e784601183eb3a1e1723ce2d4,,,
5,24,x[11],True,x[11],0.16129032258064513,9dada49e784601183eb3a1e1723ce2d4,,,
5,24,x[11],True,x[11],0.16129032258064513,9dada49e784601183eb3a1e1723ce2d4,,,
5,24,x[11],True,x[11],0.16129032258064513,9dada49e784601183eb3a1e1723ce2d4,,,
5,24,x[11],True,x[11],0.16129032258064513,9dada49e784601183eb3a1e1723ce2d4,,,
5,24,x[11],True,x[11],0.16129032258064513,9dada49e784601183eb3a1e1723ce2d4,,,
5,24,x[11],True,x[11],0.16129032258064513,9dada49e784601183eb3a1e1723ce2d4,,,
5,24,x[11],True,x[11],0.16129032258064513,9dada49e784601183eb3a1e1723ce2d4,,,
5,24,x[11],True,x[11],0.16129032258064513,9dada49e784601183eb3a1e1723ce2d4,,,
5,24,x[11],True,x[11],0.16129032258064513,9dada49e784601183eb3a1e1723ce2d4,,,
5,24,x[11],True,x[11],0.16129032258064513,9dada49e784601183eb3a1e1723ce2d4,,,
5,24,x[9],True,x[9],0.2338709677419355,2e0260aa627dff742f7c723c8367e701,,,
5,24,x[11],True,x[11],0.16129032258064513,9dada49e784601183eb3a1e1723ce2d4,,,
5,24,x[11],True,x[11],0.16129032258064513,9dada49e784601183eb3a1e1723ce2d4,,,
5,24,x[11],True,x[11],0.16129032258064513,9dada49e784601183eb3a1e1723ce2d4,,,
5,24,x[11],True,x[11],0.16129032258064513,9dada49e784601183eb3a1e1723ce2d4,,,
5,24,x[11],True,x[11],0.16129032258064513,9dada49e784601183eb3a1e1723ce2d4,,,
5,24,x[11],True,x[11],0.16129032258064513,9dada49e784601183eb3a1e1723ce2d4,,,
5,24,x[11],True,x[11],0.16129032258064513,9dada49e784601183eb3a1e1723ce2d4,,,
5,24,x[11],True,x[11],0.16129032258064513,9dada49e784601183eb3a1e1723ce2d4,,,
5,24,x[11],True,x[11],0.16129032258064513,9dada49e784601183eb3a1e1723ce2d4,,,
5,24,x[11],True,x[11],0.16129032258064513,9dada49e784601183eb3a1e1723ce2d4,,,
5,24,x[11],True,x[11],0.16129032258064513,9dada49e784601183eb3a1e1723ce2d4,,,
5,24,x[11],True,x[11],0.16129032258064513,9dada49e784601183eb3a1e1723ce2d4,,,
5,24,x[11],True,x[11],0.16129032258064513,9dada49e784601183eb3a1e1723ce2d4,,,
5,24,x[11],True,x[11],0.16129032258064513,9dada49e784601183eb3a1e1723ce2d4,,,
5,24,x[11],True,x[11],0.16129032258064513,9dada49e784601183eb3a1e1723ce2d4,,,
5,24,x[11],True,x[11],0.16129032258064513,9dada49e784601183eb3a1e1723ce2d4,,,
5,24,x[11],True,x[11],0.16129032258064513,9dada49e784601183eb3a1e1723ce2d4,,,
5,24,x[11],True,x[11],0.16129032258064513,9dada49e784601183eb3a1e1723ce2d4,,,
5,24,x[11],True,x[11],0.16129032258064513,9dada49e784601183eb3a1e1723ce2d4,,,
5,24,x[11],True,x[11],0.16129032258064513,9dada49e784601183eb3a1e1723ce2d4,,,
5,24,x[11],True,x[11],0.16129032258064513,9dada49e784601183eb3a1e1723ce2d4,,,
5,24,x[11],True,x[11],0.16129032258064513,9dada49e784601183eb3a1e1723ce2d4,,,
5,24,x[11],True,x[11],0.16129032258064513,9dada49e784601183eb3a1e1723ce2d4,,,
5,24,x[11],True,x[11],0.16129032258064513,9dada49e784601183eb3a1e1723ce2d4,,,
5,24,x[11],True,x[11],0.16129032258064513,9dada49e784601183eb3a1e1723ce2d4,,,
5,24,x[11],True,x[11],0.16129032258064513,9dada49e784601183eb3a1e1723ce2d4,,,
5,24,x[11],True,x[11],0.16129032258064513,9dada49e784601183eb3a1e1723ce2d4,,,
5,24,x[11],True,x[11],0.16129032258064513,9dada49e784601183eb3a1e1723ce2d4,,,
5,24,x[11],True,x[11],0.16129032258064513,9dada49e784601183eb3a1e1723ce2d4,,,
5,24,x[11],True,x[11],0.16129032258064513,9dada49e784601183eb3a1e1723ce2d4,,,
5,24,x[11],True,x[11],0.16129032258064513,9dada49e784601183eb3a1e1723ce2d4,,,
5,24,x[11],True,x[11],0.16129032258064513,9dada49e784601183eb3a1e1723ce2d4,,,
5,24,x[13],True,x[13],0.217741935483871,060f7b59fcb1852e9befb4d0292eca15,,,
5,24,x[11],True,x[11],0.16129032258064513,9dada49e784601183eb3a1e1723ce2d4,,,
5,24,x[11],True,x[11],0.16129032258064513,9dada49e784601183eb3a1e1723ce2d4,,,
5,24,x[11],True,x[11],0.16129032258064513,9dada49e784601183eb3a1e1723ce2d4,,,
5,24,x[11],True,x[11],0.16129032258064513,9dada49e784601183eb3a1e1723ce2d4,,,
5,24,x[11],True,x[11],0.16129032258064513,9dada49e784601183eb3a1e1723ce2d4,,,
5,24,x[11],True,x[11],0.16129032258064513,9dada49e784601183eb3a1e1723ce2d4,,,
5,24,x[11],True,x[11],0.16129032258064513,9dada49e784601183eb3a1e1723ce2d4,,,
5,24,x[11],True,x[11],0.16129032258064513,9dada49e784601183eb3a1e1723ce2d4,,,
5,24,x[11],True,x[11],0.16129032258064513,9dada49e784601183eb3a1e1723ce2d4,,,
5,24,x[11],True,x[11],0.16129032258064513,9dada49e784601183eb3a1e1723ce2d4,,,
5,24,x[11],True,x[11],0.16129032258064513,9dada49e784601183eb3a1e1723ce2d4,,,
5,24,x[11],True,x[11],0.16129032258064513,9dada49e784601183eb3a1e1723ce2d4,,,
5,24,x[11],True,x[11],0.16129032258064513,9dada49e784601183eb3a1e1723ce2d4,,,
5,24,x[11],True,x[11],0.16129032258064513,9dada49e784601183eb3a1e1723ce2d4,,,
5,24,x[11],True,x[11],0.16129032258064513,9dada49e784601183eb3a1e1723ce2d4,,,
5,24,x[11],True,x[11],0.16129032258064513,9dada49e784601183eb3a1e1723ce2d4,,,
5,24,x[11],True,x[11],0.16129032258064513,9dada49e784601183eb3a1e1723ce2d4,,,
5,24,x[11],True,x[11],0.16129032258064513,9dada49e784601183eb3a1e1723ce2d4,,,
5,24,x[11],True,x[11],0.16129032258064513,9dada49e784601183eb3a1e1723ce2d4,,,
5,24,x[13],True,x[13],0.217741935483871,060f7b59fcb1852e9befb4d0292eca15,,,
5,24,x[11],True,x[11],0.16129032258064513,9dada49e784601183eb3a1e1723ce2d4,,,
5,24,x[11],True,x[11],0.16129032258064513,9dada49e784601183eb3a1e1723ce2d4,,,
5,24,x[11],True,x[11],0.16129032258064513,9dada49e784601183eb3a1e1723ce2d4,,,
5,24,x[11],True,x[11],0.16129032258064513,9dada49e784601183eb3a1e1723ce2d4,,,
5,24,x[11],True,x[11],0.16129032258064513,9dada49e784601183eb3a1e1723ce2d4,,,
5,24,x[11],True,x[11],0.16129032258064513,9dada49e784601183eb3a1e1723ce2d4,,,
5,24,x[11],True,x[11],0.16129032258064513,9dada49e784601183eb3a1e1723ce2d4,,,
5,24,x[11],True,x[11],0.16129032258064513,9dada49e784601183eb3a1e1723ce2d4,,,
5,24,x[11],True,x[11],0.16129032258064513,9dada49e784601183eb3a1e1723ce2d4,,,
5,24,x[11],True,x[11],0.16129032258064513,9dada49e784601183eb3a1e1723ce2d4,,,
5,24,x[11],True,x[11],0.16129032258064513,9dada49e784601183eb3a1e1723ce2d4,,,
5,24,x[11],True,x[11],0.16129032258064513,9dada49e784601183eb3a1e1723ce2d4,,,
5,24,x[11],True,x[11],0.16129032258064513,9dada49e784601183eb3a1e1723ce2d4,,,
5,24,x[11],True,x[11],0.16129032258064513,9dada49e784601183eb3a1e1723ce2d4,,,
5,24,x[11],True,x[11],0.16129032258064513,9dada49e784601183eb3a1e1723ce2d4,,,
5,24,x[11],True,x[11],0.16129032258064513,9dada49e784601183eb3a1e1723ce2d4,,,
5,24,x[11],True,x[11],0.16129032258064513,9dada49e784601183eb3a1e1723ce2d4,,,
5,24,x[11],True,x[11],0.16129032258064513,9dada49e784601183eb3a1e1723ce2d4,,,
5,24,x[11],True,x[11],0.16129032258064513,9dada49e784601183eb3a1e1723ce2d4,,,
5,24,x[11],True,x[11],0.16129032258064513,9dada49e784601183eb3a1e1723ce2d4,,,
5,24,x[11],True,x[11],0.16129032258064513,9dada49e784601183eb3a1e1723ce2d4,,,
5,24,x[11],True,x[11],0.16129032258064513,9dada49e784601183eb3a1e1723ce2d4,,,
5,24,x[11],True,x[11],0.16129032258064513,9dada49e784601183eb3a1e1723ce2d4,,,
5,24,x[11],True,x[11],0.16129032258064513,9dada49e784601183eb3a1e1723ce2d4,,,
5,24,x[11],True,x[11],0.16129032258064513,9dada49e784601183eb3a1e1723ce2d4,,,
5,24,x[11],True,x[11],0.16129032258064513,9dada49e784601183eb3a1e1723ce2d4,,,
5,24,x[11],True,x[11],0.16129032258064513,9dada49e784601183eb3a1e1723ce2d4,,,
5,24,x[11],True,x[11],0.16129032258064513,9dada49e784601183eb3a1e1723ce2d4,,,
5,24,x[13],True,x[13],0.217741935483871,060f7b59fcb1852e9befb4d0292eca15,,,
5,24,x[11],True,x[11],0.16129032258064513,9dada49e784601183eb3a1e1723ce2d4,,,
5,24,x[11],True,x[11],0.16129032258064513,9dada49e784601183eb3a1e1723ce2d4,,,
5,24,x[11],True,x[11],0.16129032258064513,9dada49e784601183eb3a1e1723ce2d4,,,
5,24,x[11],True,x[11],0.16129032258064513,9dada49e784601183eb3a1e1723ce2d4,,,
5,24,x[11],True,x[11],0.16129032258064513,9dada49e784601183eb3a1e1723ce2d4,,,
5,24,x[11],True,x[11],0.16129032258064513,9dada49e784601183eb3a1e1723ce2d4,,,
5,24,x[11],True,x[11],0.16129032258064513,9dada49e784601183eb3a1e1723ce2d4,,,
5,24,x[11],True,x[11],0.16129032258064513,9dada49e784601183eb3a1e1723ce2d4,,,
5,24,x[11],True,x[11],0.16129032258064513,9dada49e784601183eb3a1e1723ce2d4,,,
5,24,x[4],True,x[4],0.49193548387096775,c062f6f76dec194bafe0ddbf91add8d9,,,
5,24,x[11],True,x[11],0.16129032258064513,9dada49e784601183eb3a1e1723ce2d4,,,
5,24,x[11],True,x[11],0.16129032258064513,9dada49e784601183eb3a1e1723ce2d4,,,
5,24,x[11],True,x[11],0.16129032258064513,9dada49e784601183eb3a1e1723ce2d4,,,
5,24,x[11],True,x[11],0.16129032258064513,9dada49e784601183eb3a1e1723ce2d4,,,
5,24,x[11],True,x[11],0.16129032258064513,9dada49e784601183eb3a1e1723ce2d4,,,
5,24,x[11],True,x[11],0.16129032258064513,9dada49e784601183eb3a1e1723ce2d4,,,
5,24,x[11],True,x[11],0.16129032258064513,9dada49e784601183eb3a1e1723ce2d4,,,
5,24,x[11],True,x[11],0.16129032258064513,9dada49e784601183eb3a1e1723ce2d4,,,
5,24,x[11],True,x[11],0.16129032258064513,9dada49e784601183eb3a1e1723ce2d4,,,
5,24,x[11],True,x[11],0.16129032258064513,9dada49e784601183eb3a1e1723ce2d4,,,
5,24,x[11],True,x[11],0.16129032258064513,9dada49e784601183eb3a1e1723ce2d4,,,
5,24,x[11],True,x[11],0.16129032258064513,9dada49e784601183eb3a1e1723ce2d4,,,
5,24,x[11],True,x[11],0.16129032258064513,9dada49e784601183eb3a1e1723ce2d4,,,
5,24,x[11],True,x[11],0.16129032258064513,9dada49e784601183eb3a1e1723ce2d4,,,
5,24,x[11],True,x[11],0.16129032258064513,9dada49e784601183eb3a1e1723ce2d4,,,
5,24,x[11],True,x[11],0.16129032258064513,9dada49e784601183eb3a1e1723ce2d4,,,
5,24,x[11],True,x[11],0.16129032258064513,9dada49e784601183eb3a1e1723ce2d4,,,
5,24,x[11],True,x[11],0.16129032258064513,9dada49e784601183eb3a1e1723ce2d4,,,
5,24,x[11],True,x[11],0.16129032258064513,9dada49e784601183eb3a1e1723ce2d4,,,
5,24,x[11],True,x[11],0.16129032258064513,9dada49e784601183eb3a1e1723ce2d4,,,
5,24,x[11],True,x[11],0.16129032258064513,9dada49e784601183eb3a1e1723ce2d4,,,
5,24,x[11],True,x[11],0.16129032258064513,9dada49e784601183eb3a1e1723ce2d4,,,
5,24,x[11],True,x[11],0.16129032258064513,9dada49e784601183eb3a1e1723ce2d4,,,
5,24,x[11],True,x[11],0.16129032258064513,9dada49e784601183eb3a1e1723ce2d4,,,
5,24,x[11],True,x[11],0.16129032258064513,9dada49e784601183eb3a1e1723ce2d4,,,
5,24,x[11],True,x[11],0.16129032258064513,9dada49e784601183eb3a1e1723ce2d4,,,
5,24,x[11],True,x[11],0.16129032258064513,9dada49e784601183eb3a1e1723ce2d4,,,
5,24,x[11],True,x[11],0.16129032258064513,9dada49e784601183eb3a1e1723ce2d4,,,
5,24,x[11],True,x[11],0.16129032258064513,9dada49e784601183eb3a1e1723ce2d4,,,
5,24,x[11],True,x[11],0.16129032258064513,9dada49e784601183eb3a1e1723ce2d4,,,
5,24,x[11],True,x[11],0.16129032258064513,9dada49e784601183eb3a1e1723ce2d4,,,
5,24,x[11],True,x[11],0.16129032258064513,9dada49e784601183eb3a1e1723ce2d4,,,
5,24,x[11],True,x[11],0.16129032258064513,9dada49e784601183eb3a1e1723ce2d4,,,
5,24,x[16],True,x[16],0.217741935483871,2b4aec85a499a1f7baf764b48bcf9178,,,
5,24,x[11],True,x[11],0.16129032258064513,9dada49e784601183eb3a1e1723ce2d4,,,
5,24,x[11],True,x[11],0.16129032258064513,9dada49e784601183eb3a1e1723ce2d4,,,
5,24,x[11],True,x[11],0.16129032258064513,9dada49e784601183eb3a1e1723ce2d4,,,
5,24,x[12],True,x[12],0.18548387096774188,0d372214e94f96a8c686509e4d084014,,,
5,24,x[11],True,x[11],0.16129032258064513,9dada49e784601183eb3a1e1723ce2d4,,,
5,24,x[11],True,x[11],0.16129032258064513,9dada49e784601183eb3a1e1723ce2d4,,,
5,24,x[11],True,x[11],0.16129032258064513,9dada49e784601183eb3a1e1723ce2d4,,,
5,24,x[11],True,x[11],0.16129032258064513,9dada49e784601183eb3a1e1723ce2d4,,,
5,24,x[11],True,x[11],0.16129032258064513,9dada49e784601183eb3a1e1723ce2d4,,,
5,24,x[11],True,x[11],0.16129032258064513,9dada49e784601183eb3a1e1723ce2d4,,,
5,24,x[11],True,x[11],0.16129032258064513,9dada49e784601183eb3a1e1723ce2d4,,,
5,24,x[11],True,x[11],0.16129032258064513,9dada49e784601183eb3a1e1723ce2d4,,,
5,24,"not_(and_(and_(x[9],and_(and_(x[6],x[13]),not_(x[10]))),x[6]))",True,"not_(and_(x[9],and_(and_(x[6],x[13]),not_(x[10]))))",0.2338709677419355,f06ce488fb9596077ad2aea453608f76,,,
5,24,x[11],True,x[11],0.16129032258064513,9dada49e784601183eb3a1e1723ce2d4,,,
5,24,x[11],True,x[11],0.16129032258064513,9dada49e784601183eb3a1e1723ce2d4,,,
5,24,x[11],True,x[11],0.16129032258064513,9dada49e784601183eb3a1e1723ce2d4,,,
5,24,x[11],True,x[11],0.16129032258064513,9dada49e784601183eb3a1e1723ce2d4,,,
5,24,x[11],True,x[11],0.16129032258064513,9dada49e784601183eb3a1e1723ce2d4,,,
5,24,x[11],True,x[11],0.16129032258064513,9dada49e784601183eb3a1e1723ce2d4,,,
5,24,x[11],True,x[11],0.16129032258064513,9dada49e784601183eb3a1e1723ce2d4,,,
5,24,x[11],True,x[11],0.16129032258064513,9dada49e784601183eb3a1e1723ce2d4,,,
5,24,x[11],True,x[11],0.16129032258064513,9dada49e784601183eb3a1e1723ce2d4,,,
5,24,x[11],True,x[11],0.16129032258064513,9dada49e784601183eb3a1e1723ce2d4,,,
5,24,x[11],True,x[11],0.16129032258064513,9dada49e784601183eb3a1e1723ce2d4,,,
5,24,x[11],True,x[11],0.16129032258064513,9dada49e784601183eb3a1e1723ce2d4,,,
5,24,x[11],True,x[11],0.16129032258064513,9dada49e784601183eb3a1e1723ce2d4,,,
5,24,x[11],True,x[11],0.16129032258064513,9dada49e784601183eb3a1e1723ce2d4,,,
5,24,x[11],True,x[11],0.16129032258064513,9dada49e784601183eb3a1e1723ce2d4,,,
5,24,x[11],True,x[11],0.16129032258064513,9dada49e784601183eb3a1e1723ce2d4,,,
5,24,x[11],True,x[11],0.16129032258064513,9dada49e784601183eb3a1e1723ce2d4,,,
5,24,x[11],True,x[11],0.16129032258064513,9dada49e784601183eb3a1e1723ce2d4,,,
5,24,x[11],True,x[11],0.16129032258064513,9dada49e784601183eb3a1e1723ce2d4,,,
5,24,x[11],True,x[11],0.16129032258064513,9dada49e784601183eb3a1e1723ce2d4,,,
5,24,x[11],True,x[11],0.16129032258064513,9dada49e784601183eb3a1e1723ce2d4,,,
5,24,x[11],True,x[11],0.16129032258064513,9dada49e784601183eb3a1e1723ce2d4,,,
5,24,x[6],True,x[6],0.30645161290322576,d902aea98596abf07e07d9c42be380bf,,,
5,24,x[11],True,x[11],0.16129032258064513,9dada49e784601183eb3a1e1723ce2d4,,,
5,24,x[11],True,x[11],0.16129032258064513,9dada49e784601183eb3a1e1723ce2d4,,,
5,24,x[11],True,x[11],0.16129032258064513,9dada49e784601183eb3a1e1723ce2d4,,,
5,24,x[11],True,x[11],0.16129032258064513,9dada49e784601183eb3a1e1723ce2d4,,,
5,24,x[11],True,x[11],0.16129032258064513,9dada49e784601183eb3a1e1723ce2d4,,,
5,24,x[11],True,x[11],0.16129032258064513,9dada49e784601183eb3a1e1723ce2d4,,,
5,24,x[11],True,x[11],0.16129032258064513,9dada49e784601183eb3a1e1723ce2d4,,,
5,24,x[11],True,x[11],0.16129032258064513,9dada49e784601183eb3a1e1723ce2d4,,,
5,24,x[11],True,x[11],0.16129032258064513,9dada49e784601183eb3a1e1723ce2d4,,,
5,24,x[11],True,x[11],0.16129032258064513,9dada49e784601183eb3a1e1723ce2d4,,,
5,24,x[11],True,x[11],0.16129032258064513,9dada49e784601183eb3a1e1723ce2d4,,,
5,24,x[11],True,x[11],0.16129032258064513,9dada49e784601183eb3a1e1723ce2d4,,,
5,24,x[11],True,x[11],0.16129032258064513,9dada49e784601183eb3a1e1723ce2d4,,,
5,24,x[11],True,x[11],0.16129032258064513,9dada49e784601183eb3a1e1723ce2d4,,,
5,24,x[11],True,x[11],0.16129032258064513,9dada49e784601183eb3a1e1723ce2d4,,,
5,24,x[11],True,x[11],0.16129032258064513,9dada49e784601183eb3a1e1723ce2d4,,,
5,24,x[11],True,x[11],0.16129032258064513,9dada49e784601183eb3a1e1723ce2d4,,,
5,24,x[13],True,x[13],0.217741935483871,060f7b59fcb1852e9befb4d0292eca15,,,
5,24,x[11],True,x[11],0.16129032258064513,9dada49e784601183eb3a1e1723ce2d4,,,
5,24,x[11],True,x[11],0.16129032258064513,9dada49e784601183eb3a1e1723ce2d4,,,
5,24,x[11],True,x[11],0.16129032258064513,9dada49e784601183eb3a1e1723ce2d4,,,
5,24,x[13],True,x[13],0.217741935483871,060f7b59fcb1852e9befb4d0292eca15,,,
5,24,x[11],True,x[11],0.16129032258064513,9dada49e784601183eb3a1e1723ce2d4,,,
5,24,x[11],True,x[11],0.16129032258064513,9dada49e784601183eb3a1e1723ce2d4,,,
5,24,x[11],True,x[11],0.16129032258064513,9dada49e784601183eb3a1e1723ce2d4,,,
5,24,x[11],True,x[11],0.16129032258064513,9dada49e784601183eb3a1e1723ce2d4,,,
5,24,x[11],True,x[11],0.16129032258064513,9dada49e784601183eb3a1e1723ce2d4,,,
5,24,x[11],True,x[11],0.16129032258064513,9dada49e784601183eb3a1e1723ce2d4,,,
5,24,x[11],True,x[11],0.16129032258064513,9dada49e784601183eb3a1e1723ce2d4,,,
5,24,x[11],True,x[11],0.16129032258064513,9dada49e784601183eb3a1e1723ce2d4,,,
5,24,x[11],True,x[11],0.16129032258064513,9dada49e784601183eb3a1e1723ce2d4,,,
5,24,x[11],True,x[11],0.16129032258064513,9dada49e784601183eb3a1e1723ce2d4,,,
5,24,x[11],True,x[11],0.16129032258064513,9dada49e784601183eb3a1e1723ce2d4,,,
5,24,x[11],True,x[11],0.16129032258064513,9dada49e784601183eb3a1e1723ce2d4,,,
5,24,x[11],True,x[11],0.16129032258064513,9dada49e784601183eb3a1e1723ce2d4,,,
5,24,x[11],True,x[11],0.16129032258064513,9dada49e784601183eb3a1e1723ce2d4,,,
5,24,x[11],True,x[11],0.16129032258064513,9dada49e784601183eb3a1e1723ce2d4,,,
5,24,x[11],True,x[11],0.16129032258064513,9dada49e784601183eb3a1e1723ce2d4,,,
5,24,x[11],True,x[11],0.16129032258064513,9dada49e784601183eb3a1e1723ce2d4,,,
5,24,x[11],True,x[11],0.16129032258064513,9dada49e784601183eb3a1e1723ce2d4,,,
5,24,x[11],True,x[11],0.16129032258064513,9dada49e784601183eb3a1e1723ce2d4,,,
5,24,x[9],True,x[9],0.2338709677419355,2e0260aa627dff742f7c723c8367e701,,,
5,24,x[11],True,x[11],0.16129032258064513,9dada49e784601183eb3a1e1723ce2d4,,,
5,25,x[11],True,x[11],0.16129032258064513,9dada49e784601183eb3a1e1723ce2d4,,,
5,25,x[11],True,x[11],0.16129032258064513,9dada49e784601183eb3a1e1723ce2d4,,,
5,25,x[11],True,x[11],0.16129032258064513,9dada49e784601183eb3a1e1723ce2d4,,,
5,25,x[11],True,x[11],0.16129032258064513,9dada49e784601183eb3a1e1723ce2d4,,,
5,25,x[11],True,x[11],0.16129032258064513,9dada49e784601183eb3a1e1723ce2d4,,,
5,25,x[11],True,x[11],0.16129032258064513,9dada49e784601183eb3a1e1723ce2d4,,,
5,25,x[11],True,x[11],0.16129032258064513,9dada49e784601183eb3a1e1723ce2d4,,,
5,25,x[11],True,x[11],0.16129032258064513,9dada49e784601183eb3a1e1723ce2d4,,,
5,25,x[11],True,x[11],0.16129032258064513,9dada49e784601183eb3a1e1723ce2d4,,,
5,25,x[11],True,x[11],0.16129032258064513,9dada49e784601183eb3a1e1723ce2d4,,,
5,25,x[4],True,x[4],0.49193548387096775,c062f6f76dec194bafe0ddbf91add8d9,,,
5,25,x[11],True,x[11],0.16129032258064513,9dada49e784601183eb3a1e1723ce2d4,,,
5,25,x[11],True,x[11],0.16129032258064513,9dada49e784601183eb3a1e1723ce2d4,,,
5,25,x[11],True,x[11],0.16129032258064513,9dada49e784601183eb3a1e1723ce2d4,,,
5,25,x[11],True,x[11],0.16129032258064513,9dada49e784601183eb3a1e1723ce2d4,,,
5,25,x[11],True,x[11],0.16129032258064513,9dada49e784601183eb3a1e1723ce2d4,,,
5,25,x[11],True,x[11],0.16129032258064513,9dada49e784601183eb3a1e1723ce2d4,,,
5,25,x[11],True,x[11],0.16129032258064513,9dada49e784601183eb3a1e1723ce2d4,,,
5,25,x[11],True,x[11],0.16129032258064513,9dada49e784601183eb3a1e1723ce2d4,,,
5,25,x[11],True,x[11],0.16129032258064513,9dada49e784601183eb3a1e1723ce2d4,,,
5,25,x[11],True,x[11],0.16129032258064513,9dada49e784601183eb3a1e1723ce2d4,,,
5,25,x[11],True,x[11],0.16129032258064513,9dada49e784601183eb3a1e1723ce2d4,,,
5,25,x[11],True,x[11],0.16129032258064513,9dada49e784601183eb3a1e1723ce2d4,,,
5,25,x[11],True,x[11],0.16129032258064513,9dada49e784601183eb3a1e1723ce2d4,,,
5,25,x[11],True,x[11],0.16129032258064513,9dada49e784601183eb3a1e1723ce2d4,,,
5,25,x[11],True,x[11],0.16129032258064513,9dada49e784601183eb3a1e1723ce2d4,,,
5,25,x[11],True,x[11],0.16129032258064513,9dada49e784601183eb3a1e1723ce2d4,,,
5,25,x[11],True,x[11],0.16129032258064513,9dada49e784601183eb3a1e1723ce2d4,,,
5,25,x[11],True,x[11],0.16129032258064513,9dada49e784601183eb3a1e1723ce2d4,,,
5,25,x[11],True,x[11],0.16129032258064513,9dada49e784601183eb3a1e1723ce2d4,,,
5,25,x[11],True,x[11],0.16129032258064513,9dada49e784601183eb3a1e1723ce2d4,,,
5,25,x[11],True,x[11],0.16129032258064513,9dada49e784601183eb3a1e1723ce2d4,,,
5,25,x[11],True,x[11],0.16129032258064513,9dada49e784601183eb3a1e1723ce2d4,,,
5,25,x[11],True,x[11],0.16129032258064513,9dada49e784601183eb3a1e1723ce2d4,,,
5,25,x[11],True,x[11],0.16129032258064513,9dada49e784601183eb3a1e1723ce2d4,,,
5,25,x[11],True,x[11],0.16129032258064513,9dada49e784601183eb3a1e1723ce2d4,,,
5,25,x[11],True,x[11],0.16129032258064513,9dada49e784601183eb3a1e1723ce2d4,,,
5,25,x[11],True,x[11],0.16129032258064513,9dada49e784601183eb3a1e1723ce2d4,,,
5,25,x[11],True,x[11],0.16129032258064513,9dada49e784601183eb3a1e1723ce2d4,,,
5,25,x[11],True,x[11],0.16129032258064513,9dada49e784601183eb3a1e1723ce2d4,,,
5,25,x[11],True,x[11],0.16129032258064513,9dada49e784601183eb3a1e1723ce2d4,,,
5,25,x[11],True,x[11],0.16129032258064513,9dada49e784601183eb3a1e1723ce2d4,,,
5,25,x[11],True,x[11],0.16129032258064513,9dada49e784601183eb3a1e1723ce2d4,,,
5,25,x[11],True,x[11],0.16129032258064513,9dada49e784601183eb3a1e1723ce2d4,,,
5,25,x[11],True,x[11],0.16129032258064513,9dada49e784601183eb3a1e1723ce2d4,,,
5,25,x[11],True,x[11],0.16129032258064513,9dada49e784601183eb3a1e1723ce2d4,,,
5,25,x[11],True,x[11],0.16129032258064513,9dada49e784601183eb3a1e1723ce2d4,,,
5,25,x[11],True,x[11],0.16129032258064513,9dada49e784601183eb3a1e1723ce2d4,,,
5,25,x[11],True,x[11],0.16129032258064513,9dada49e784601183eb3a1e1723ce2d4,,,
5,25,x[11],True,x[11],0.16129032258064513,9dada49e784601183eb3a1e1723ce2d4,,,
5,25,x[11],True,x[11],0.16129032258064513,9dada49e784601183eb3a1e1723ce2d4,,,
5,25,x[11],True,x[11],0.16129032258064513,9dada49e784601183eb3a1e1723ce2d4,,,
5,25,x[11],True,x[11],0.16129032258064513,9dada49e784601183eb3a1e1723ce2d4,,,
5,25,x[11],True,x[11],0.16129032258064513,9dada49e784601183eb3a1e1723ce2d4,,,
5,25,x[11],True,x[11],0.16129032258064513,9dada49e784601183eb3a1e1723ce2d4,,,
5,25,x[11],True,x[11],0.16129032258064513,9dada49e784601183eb3a1e1723ce2d4,,,
5,25,x[11],True,x[11],0.16129032258064513,9dada49e784601183eb3a1e1723ce2d4,,,
5,25,x[11],True,x[11],0.16129032258064513,9dada49e784601183eb3a1e1723ce2d4,,,
5,25,x[11],True,x[11],0.16129032258064513,9dada49e784601183eb3a1e1723ce2d4,,,
5,25,x[11],True,x[11],0.16129032258064513,9dada49e784601183eb3a1e1723ce2d4,,,
5,25,x[11],True,x[11],0.16129032258064513,9dada49e784601183eb3a1e1723ce2d4,,,
5,25,x[11],True,x[11],0.16129032258064513,9dada49e784601183eb3a1e1723ce2d4,,,
5,25,x[11],True,x[11],0.16129032258064513,9dada49e784601183eb3a1e1723ce2d4,,,
5,25,x[11],True,x[11],0.16129032258064513,9dada49e784601183eb3a1e1723ce2d4,,,
5,25,x[11],True,x[11],0.16129032258064513,9dada49e784601183eb3a1e1723ce2d4,,,
5,25,x[11],True,x[11],0.16129032258064513,9dada49e784601183eb3a1e1723ce2d4,,,
5,25,x[11],True,x[11],0.16129032258064513,9dada49e784601183eb3a1e1723ce2d4,,,
5,25,x[11],True,x[11],0.16129032258064513,9dada49e784601183eb3a1e1723ce2d4,,,
5,25,x[11],True,x[11],0.16129032258064513,9dada49e784601183eb3a1e1723ce2d4,,,
5,25,x[11],True,x[11],0.16129032258064513,9dada49e784601183eb3a1e1723ce2d4,,,
5,25,x[11],True,x[11],0.16129032258064513,9dada49e784601183eb3a1e1723ce2d4,,,
5,25,x[11],True,x[11],0.16129032258064513,9dada49e784601183eb3a1e1723ce2d4,,,
5,25,x[11],True,x[11],0.16129032258064513,9dada49e784601183eb3a1e1723ce2d4,,,
5,25,x[11],True,x[11],0.16129032258064513,9dada49e784601183eb3a1e1723ce2d4,,,
5,25,x[11],True,x[11],0.16129032258064513,9dada49e784601183eb3a1e1723ce2d4,,,
5,25,x[11],True,x[11],0.16129032258064513,9dada49e784601183eb3a1e1723ce2d4,,,
5,25,x[11],True,x[11],0.16129032258064513,9dada49e784601183eb3a1e1723ce2d4,,,
5,25,x[11],True,x[11],0.16129032258064513,9dada49e784601183eb3a1e1723ce2d4,,,
5,25,x[11],True,x[11],0.16129032258064513,9dada49e784601183eb3a1e1723ce2d4,,,
5,25,x[11],True,x[11],0.16129032258064513,9dada49e784601183eb3a1e1723ce2d4,,,
5,25,x[11],True,x[11],0.16129032258064513,9dada49e784601183eb3a1e1723ce2d4,,,
5,25,x[11],True,x[11],0.16129032258064513,9dada49e784601183eb3a1e1723ce2d4,,,
5,25,x[11],True,x[11],0.16129032258064513,9dada49e784601183eb3a1e1723ce2d4,,,
5,25,x[11],True,x[11],0.16129032258064513,9dada49e784601183eb3a1e1723ce2d4,,,
5,25,x[11],True,x[11],0.16129032258064513,9dada49e784601183eb3a1e1723ce2d4,,,
5,25,x[17],True,x[17],0.217741935483871,078a7ef4b1d424e54e976f158f2a5fa5,,,
5,25,x[11],True,x[11],0.16129032258064513,9dada49e784601183eb3a1e1723ce2d4,,,
5,25,x[11],True,x[11],0.16129032258064513,9dada49e784601183eb3a1e1723ce2d4,,,
5,25,x[11],True,x[11],0.16129032258064513,9dada49e784601183eb3a1e1723ce2d4,,,
5,25,x[11],True,x[11],0.16129032258064513,9dada49e784601183eb3a1e1723ce2d4,,,
5,25,x[11],True,x[11],0.16129032258064513,9dada49e784601183eb3a1e1723ce2d4,,,
5,25,x[11],True,x[11],0.16129032258064513,9dada49e784601183eb3a1e1723ce2d4,,,
5,25,x[11],True,x[11],0.16129032258064513,9dada49e784601183eb3a1e1723ce2d4,,,
5,25,x[11],True,x[11],0.16129032258064513,9dada49e784601183eb3a1e1723ce2d4,,,
5,25,x[11],True,x[11],0.16129032258064513,9dada49e784601183eb3a1e1723ce2d4,,,
5,25,x[11],True,x[11],0.16129032258064513,9dada49e784601183eb3a1e1723ce2d4,,,
5,25,x[11],True,x[11],0.16129032258064513,9dada49e784601183eb3a1e1723ce2d4,,,
5,25,x[11],True,x[11],0.16129032258064513,9dada49e784601183eb3a1e1723ce2d4,,,
5,25,x[11],True,x[11],0.16129032258064513,9dada49e784601183eb3a1e1723ce2d4,,,
5,25,x[11],True,x[11],0.16129032258064513,9dada49e784601183eb3a1e1723ce2d4,,,
5,25,x[11],True,x[11],0.16129032258064513,9dada49e784601183eb3a1e1723ce2d4,,,
5,25,x[11],True,x[11],0.16129032258064513,9dada49e784601183eb3a1e1723ce2d4,,,
5,25,x[11],True,x[11],0.16129032258064513,9dada49e784601183eb3a1e1723ce2d4,,,
5,25,x[11],True,x[11],0.16129032258064513,9dada49e784601183eb3a1e1723ce2d4,,,
5,25,x[11],True,x[11],0.16129032258064513,9dada49e784601183eb3a1e1723ce2d4,,,
5,25,x[11],True,x[11],0.16129032258064513,9dada49e784601183eb3a1e1723ce2d4,,,
5,25,x[11],True,x[11],0.16129032258064513,9dada49e784601183eb3a1e1723ce2d4,,,
5,25,x[11],True,x[11],0.16129032258064513,9dada49e784601183eb3a1e1723ce2d4,,,
5,25,x[11],True,x[11],0.16129032258064513,9dada49e784601183eb3a1e1723ce2d4,,,
5,25,x[11],True,x[11],0.16129032258064513,9dada49e784601183eb3a1e1723ce2d4,,,
5,25,x[11],True,x[11],0.16129032258064513,9dada49e784601183eb3a1e1723ce2d4,,,
5,25,x[11],True,x[11],0.16129032258064513,9dada49e784601183eb3a1e1723ce2d4,,,
5,25,x[11],True,x[11],0.16129032258064513,9dada49e784601183eb3a1e1723ce2d4,,,
5,25,x[11],True,x[11],0.16129032258064513,9dada49e784601183eb3a1e1723ce2d4,,,
5,25,x[11],True,x[11],0.16129032258064513,9dada49e784601183eb3a1e1723ce2d4,,,
5,25,x[11],True,x[11],0.16129032258064513,9dada49e784601183eb3a1e1723ce2d4,,,
5,25,x[11],True,x[11],0.16129032258064513,9dada49e784601183eb3a1e1723ce2d4,,,
5,25,x[11],True,x[11],0.16129032258064513,9dada49e784601183eb3a1e1723ce2d4,,,
5,25,x[11],True,x[11],0.16129032258064513,9dada49e784601183eb3a1e1723ce2d4,,,
5,25,x[11],True,x[11],0.16129032258064513,9dada49e784601183eb3a1e1723ce2d4,,,
5,25,x[11],True,x[11],0.16129032258064513,9dada49e784601183eb3a1e1723ce2d4,,,
5,25,x[11],True,x[11],0.16129032258064513,9dada49e784601183eb3a1e1723ce2d4,,,
5,25,x[11],True,x[11],0.16129032258064513,9dada49e784601183eb3a1e1723ce2d4,,,
5,25,x[11],True,x[11],0.16129032258064513,9dada49e784601183eb3a1e1723ce2d4,,,
5,25,x[11],True,x[11],0.16129032258064513,9dada49e784601183eb3a1e1723ce2d4,,,
5,25,x[11],True,x[11],0.16129032258064513,9dada49e784601183eb3a1e1723ce2d4,,,
5,25,x[11],True,x[11],0.16129032258064513,9dada49e784601183eb3a1e1723ce2d4,,,
5,25,x[11],True,x[11],0.16129032258064513,9dada49e784601183eb3a1e1723ce2d4,,,
5,25,x[11],True,x[11],0.16129032258064513,9dada49e784601183eb3a1e1723ce2d4,,,
5,25,x[11],True,x[11],0.16129032258064513,9dada49e784601183eb3a1e1723ce2d4,,,
5,25,x[11],True,x[11],0.16129032258064513,9dada49e784601183eb3a1e1723ce2d4,,,
5,25,x[11],True,x[11],0.16129032258064513,9dada49e784601183eb3a1e1723ce2d4,,,
5,25,x[11],True,x[11],0.16129032258064513,9dada49e784601183eb3a1e1723ce2d4,,,
5,25,x[11],True,x[11],0.16129032258064513,9dada49e784601183eb3a1e1723ce2d4,,,
5,25,x[11],True,x[11],0.16129032258064513,9dada49e784601183eb3a1e1723ce2d4,,,
5,25,x[11],True,x[11],0.16129032258064513,9dada49e784601183eb3a1e1723ce2d4,,,
5,25,x[11],True,x[11],0.16129032258064513,9dada49e784601183eb3a1e1723ce2d4,,,
5,25,x[11],True,x[11],0.16129032258064513,9dada49e784601183eb3a1e1723ce2d4,,,
5,25,x[11],True,x[11],0.16129032258064513,9dada49e784601183eb3a1e1723ce2d4,,,
5,25,x[11],True,x[11],0.16129032258064513,9dada49e784601183eb3a1e1723ce2d4,,,
5,25,x[11],True,x[11],0.16129032258064513,9dada49e784601183eb3a1e1723ce2d4,,,
5,25,x[11],True,x[11],0.16129032258064513,9dada49e784601183eb3a1e1723ce2d4,,,
5,25,x[1],True,x[1],0.685483870967742,48150b63a14de07ac8ada4efd9d4896c,,,
5,25,x[11],True,x[11],0.16129032258064513,9dada49e784601183eb3a1e1723ce2d4,,,
5,25,x[11],True,x[11],0.16129032258064513,9dada49e784601183eb3a1e1723ce2d4,,,
5,25,x[11],True,x[11],0.16129032258064513,9dada49e784601183eb3a1e1723ce2d4,,,
5,25,x[11],True,x[11],0.16129032258064513,9dada49e784601183eb3a1e1723ce2d4,,,
5,25,x[11],True,x[11],0.16129032258064513,9dada49e784601183eb3a1e1723ce2d4,,,
5,25,x[11],True,x[11],0.16129032258064513,9dada49e784601183eb3a1e1723ce2d4,,,
5,25,x[11],True,x[11],0.16129032258064513,9dada49e784601183eb3a1e1723ce2d4,,,
5,25,x[11],True,x[11],0.16129032258064513,9dada49e784601183eb3a1e1723ce2d4,,,
5,25,x[11],True,x[11],0.16129032258064513,9dada49e784601183eb3a1e1723ce2d4,,,
5,25,x[11],True,x[11],0.16129032258064513,9dada49e784601183eb3a1e1723ce2d4,,,
5,25,x[11],True,x[11],0.16129032258064513,9dada49e784601183eb3a1e1723ce2d4,,,
5,25,x[11],True,x[11],0.16129032258064513,9dada49e784601183eb3a1e1723ce2d4,,,
5,25,x[11],True,x[11],0.16129032258064513,9dada49e784601183eb3a1e1723ce2d4,,,
5,25,x[11],True,x[11],0.16129032258064513,9dada49e784601183eb3a1e1723ce2d4,,,
5,25,x[11],True,x[11],0.16129032258064513,9dada49e784601183eb3a1e1723ce2d4,,,
5,25,x[11],True,x[11],0.16129032258064513,9dada49e784601183eb3a1e1723ce2d4,,,
5,25,x[11],True,x[11],0.16129032258064513,9dada49e784601183eb3a1e1723ce2d4,,,
5,25,x[11],True,x[11],0.16129032258064513,9dada49e784601183eb3a1e1723ce2d4,,,
5,25,x[11],True,x[11],0.16129032258064513,9dada49e784601183eb3a1e1723ce2d4,,,
5,25,x[11],True,x[11],0.16129032258064513,9dada49e784601183eb3a1e1723ce2d4,,,
5,25,x[11],True,x[11],0.16129032258064513,9dada49e784601183eb3a1e1723ce2d4,,,
5,25,x[11],True,x[11],0.16129032258064513,9dada49e784601183eb3a1e1723ce2d4,,,
5,25,x[11],True,x[11],0.16129032258064513,9dada49e784601183eb3a1e1723ce2d4,,,
5,25,x[11],True,x[11],0.16129032258064513,9dada49e784601183eb3a1e1723ce2d4,,,
5,25,x[11],True,x[11],0.16129032258064513,9dada49e784601183eb3a1e1723ce2d4,,,
5,25,x[11],True,x[11],0.16129032258064513,9dada49e784601183eb3a1e1723ce2d4,,,
5,25,x[11],True,x[11],0.16129032258064513,9dada49e784601183eb3a1e1723ce2d4,,,
5,25,x[11],True,x[11],0.16129032258064513,9dada49e784601183eb3a1e1723ce2d4,,,
5,25,x[14],True,x[14],0.22580645161290325,5184b187f6f474f266ff1a9e52a8b41f,,,
5,25,x[11],True,x[11],0.16129032258064513,9dada49e784601183eb3a1e1723ce2d4,,,
5,25,x[13],True,x[13],0.217741935483871,060f7b59fcb1852e9befb4d0292eca15,,,
5,25,x[11],True,x[11],0.16129032258064513,9dada49e784601183eb3a1e1723ce2d4,,,
5,25,x[11],True,x[11],0.16129032258064513,9dada49e784601183eb3a1e1723ce2d4,,,
5,25,x[11],True,x[11],0.16129032258064513,9dada49e784601183eb3a1e1723ce2d4,,,
5,25,x[11],True,x[11],0.16129032258064513,9dada49e784601183eb3a1e1723ce2d4,,,
5,25,x[11],True,x[11],0.16129032258064513,9dada49e784601183eb3a1e1723ce2d4,,,
5,25,x[11],True,x[11],0.16129032258064513,9dada49e784601183eb3a1e1723ce2d4,,,
5,25,x[11],True,x[11],0.16129032258064513,9dada49e784601183eb3a1e1723ce2d4,,,
5,25,x[11],True,x[11],0.16129032258064513,9dada49e784601183eb3a1e1723ce2d4,,,
5,25,x[6],True,x[6],0.30645161290322576,d902aea98596abf07e07d9c42be380bf,,,
5,25,x[11],True,x[11],0.16129032258064513,9dada49e784601183eb3a1e1723ce2d4,,,
5,25,x[11],True,x[11],0.16129032258064513,9dada49e784601183eb3a1e1723ce2d4,,,
5,25,x[11],True,x[11],0.16129032258064513,9dada49e784601183eb3a1e1723ce2d4,,,
5,25,x[11],True,x[11],0.16129032258064513,9dada49e784601183eb3a1e1723ce2d4,,,
5,25,x[11],True,x[11],0.16129032258064513,9dada49e784601183eb3a1e1723ce2d4,,,
5,25,x[11],True,x[11],0.16129032258064513,9dada49e784601183eb3a1e1723ce2d4,,,
5,25,x[11],True,x[11],0.16129032258064513,9dada49e784601183eb3a1e1723ce2d4,,,
5,25,x[11],True,x[11],0.16129032258064513,9dada49e784601183eb3a1e1723ce2d4,,,
5,25,x[11],True,x[11],0.16129032258064513,9dada49e784601183eb3a1e1723ce2d4,,,
5,25,x[11],True,x[11],0.16129032258064513,9dada49e784601183eb3a1e1723ce2d4,,,
5,25,x[16],True,x[16],0.217741935483871,2b4aec85a499a1f7baf764b48bcf9178,,,
5,25,x[11],True,x[11],0.16129032258064513,9dada49e784601183eb3a1e1723ce2d4,,,
5,25,x[11],True,x[11],0.16129032258064513,9dada49e784601183eb3a1e1723ce2d4,,,
5,25,x[11],True,x[11],0.16129032258064513,9dada49e784601183eb3a1e1723ce2d4,,,
5,25,x[11],True,x[11],0.16129032258064513,9dada49e784601183eb3a1e1723ce2d4,,,
5,25,x[11],True,x[11],0.16129032258064513,9dada49e784601183eb3a1e1723ce2d4,,,
5,25,x[14],True,x[14],0.22580645161290325,5184b187f6f474f266ff1a9e52a8b41f,,,
5,25,x[11],True,x[11],0.16129032258064513,9dada49e784601183eb3a1e1723ce2d4,,,
5,25,x[11],True,x[11],0.16129032258064513,9dada49e784601183eb3a1e1723ce2d4,,,
5,25,x[11],True,x[11],0.16129032258064513,9dada49e784601183eb3a1e1723ce2d4,,,
5,25,x[11],True,x[11],0.16129032258064513,9dada49e784601183eb3a1e1723ce2d4,,,
5,25,x[11],True,x[11],0.16129032258064513,9dada49e784601183eb3a1e1723ce2d4,,,
5,25,x[11],True,x[11],0.16129032258064513,9dada49e784601183eb3a1e1723ce2d4,,,
5,25,x[11],True,x[11],0.16129032258064513,9dada49e784601183eb3a1e1723ce2d4,,,
5,25,x[11],True,x[11],0.16129032258064513,9dada49e784601183eb3a1e1723ce2d4,,,
5,25,x[11],True,x[11],0.16129032258064513,9dada49e784601183eb3a1e1723ce2d4,,,
5,25,x[11],True,x[11],0.16129032258064513,9dada49e784601183eb3a1e1723ce2d4,,,
5,25,x[11],True,x[11],0.16129032258064513,9dada49e784601183eb3a1e1723ce2d4,,,
5,25,x[11],True,x[11],0.16129032258064513,9dada49e784601183eb3a1e1723ce2d4,,,
5,25,x[11],True,x[11],0.16129032258064513,9dada49e784601183eb3a1e1723ce2d4,,,
5,25,x[11],True,x[11],0.16129032258064513,9dada49e784601183eb3a1e1723ce2d4,,,
5,25,x[11],True,x[11],0.16129032258064513,9dada49e784601183eb3a1e1723ce2d4,,,
5,25,x[11],True,x[11],0.16129032258064513,9dada49e784601183eb3a1e1723ce2d4,,,
5,25,x[16],True,x[16],0.217741935483871,2b4aec85a499a1f7baf764b48bcf9178,,,
5,25,x[11],True,x[11],0.16129032258064513,9dada49e784601183eb3a1e1723ce2d4,,,
5,25,x[11],True,x[11],0.16129032258064513,9dada49e784601183eb3a1e1723ce2d4,,,
5,25,x[11],True,x[11],0.16129032258064513,9dada49e784601183eb3a1e1723ce2d4,,,
5,25,x[11],True,x[11],0.16129032258064513,9dada49e784601183eb3a1e1723ce2d4,,,
5,25,x[11],True,x[11],0.16129032258064513,9dada49e784601183eb3a1e1723ce2d4,,,
5,25,x[11],True,x[11],0.16129032258064513,9dada49e784601183eb3a1e1723ce2d4,,,
5,25,x[11],True,x[11],0.16129032258064513,9dada49e784601183eb3a1e1723ce2d4,,,
5,25,x[11],True,x[11],0.16129032258064513,9dada49e784601183eb3a1e1723ce2d4,,,
5,25,x[11],True,x[11],0.16129032258064513,9dada49e784601183eb3a1e1723ce2d4,,,
5,25,x[11],True,x[11],0.16129032258064513,9dada49e784601183eb3a1e1723ce2d4,,,
5,25,x[8],True,x[8],0.4354838709677419,8c6b56831adf589cc7ca352d27aafe6d,,,
5,25,x[11],True,x[11],0.16129032258064513,9dada49e784601183eb3a1e1723ce2d4,,,
5,25,x[11],True,x[11],0.16129032258064513,9dada49e784601183eb3a1e1723ce2d4,,,
5,25,x[11],True,x[11],0.16129032258064513,9dada49e784601183eb3a1e1723ce2d4,,,
5,25,x[11],True,x[11],0.16129032258064513,9dada49e784601183eb3a1e1723ce2d4,,,
5,25,x[11],True,x[11],0.16129032258064513,9dada49e784601183eb3a1e1723ce2d4,,,
5,25,x[4],True,x[4],0.49193548387096775,c062f6f76dec194bafe0ddbf91add8d9,,,
5,25,x[11],True,x[11],0.16129032258064513,9dada49e784601183eb3a1e1723ce2d4,,,
5,25,x[11],True,x[11],0.16129032258064513,9dada49e784601183eb3a1e1723ce2d4,,,
5,25,x[11],True,x[11],0.16129032258064513,9dada49e784601183eb3a1e1723ce2d4,,,
5,25,x[11],True,x[11],0.16129032258064513,9dada49e784601183eb3a1e1723ce2d4,,,
5,25,x[11],True,x[11],0.16129032258064513,9dada49e784601183eb3a1e1723ce2d4,,,
5,25,x[11],True,x[11],0.16129032258064513,9dada49e784601183eb3a1e1723ce2d4,,,
5,25,x[11],True,x[11],0.16129032258064513,9dada49e784601183eb3a1e1723ce2d4,,,
5,25,x[11],True,x[11],0.16129032258064513,9dada49e784601183eb3a1e1723ce2d4,,,
5,25,x[11],True,x[11],0.16129032258064513,9dada49e784601183eb3a1e1723ce2d4,,,
5,25,x[11],True,x[11],0.16129032258064513,9dada49e784601183eb3a1e1723ce2d4,,,
5,25,x[11],True,x[11],0.16129032258064513,9dada49e784601183eb3a1e1723ce2d4,,,
5,25,x[11],True,x[11],0.16129032258064513,9dada49e784601183eb3a1e1723ce2d4,,,
5,25,x[11],True,x[11],0.16129032258064513,9dada49e784601183eb3a1e1723ce2d4,,,
5,25,x[11],True,x[11],0.16129032258064513,9dada49e784601183eb3a1e1723ce2d4,,,
5,25,x[11],True,x[11],0.16129032258064513,9dada49e784601183eb3a1e1723ce2d4,,,
5,25,x[11],True,x[11],0.16129032258064513,9dada49e784601183eb3a1e1723ce2d4,,,
5,25,x[11],True,x[11],0.16129032258064513,9dada49e784601183eb3a1e1723ce2d4,,,
5,25,x[11],True,x[11],0.16129032258064513,9dada49e784601183eb3a1e1723ce2d4,,,
5,25,x[11],True,x[11],0.16129032258064513,9dada49e784601183eb3a1e1723ce2d4,,,
5,25,x[11],True,x[11],0.16129032258064513,9dada49e784601183eb3a1e1723ce2d4,,,
5,25,x[11],True,x[11],0.16129032258064513,9dada49e784601183eb3a1e1723ce2d4,,,
5,25,x[11],True,x[11],0.16129032258064513,9dada49e784601183eb3a1e1723ce2d4,,,
5,25,x[11],True,x[11],0.16129032258064513,9dada49e784601183eb3a1e1723ce2d4,,,
5,25,x[11],True,x[11],0.16129032258064513,9dada49e784601183eb3a1e1723ce2d4,,,
5,25,x[11],True,x[11],0.16129032258064513,9dada49e784601183eb3a1e1723ce2d4,,,
5,25,x[11],True,x[11],0.16129032258064513,9dada49e784601183eb3a1e1723ce2d4,,,
5,25,x[11],True,x[11],0.16129032258064513,9dada49e784601183eb3a1e1723ce2d4,,,
5,25,x[11],True,x[11],0.16129032258064513,9dada49e784601183eb3a1e1723ce2d4,,,
5,25,x[11],True,x[11],0.16129032258064513,9dada49e784601183eb3a1e1723ce2d4,,,
5,25,x[11],True,x[11],0.16129032258064513,9dada49e784601183eb3a1e1723ce2d4,,,
5,25,x[11],True,x[11],0.16129032258064513,9dada49e784601183eb3a1e1723ce2d4,,,
5,25,x[11],True,x[11],0.16129032258064513,9dada49e784601183eb3a1e1723ce2d4,,,
5,25,x[11],True,x[11],0.16129032258064513,9dada49e784601183eb3a1e1723ce2d4,,,
5,25,x[11],True,x[11],0.16129032258064513,9dada49e784601183eb3a1e1723ce2d4,,,
5,25,x[11],True,x[11],0.16129032258064513,9dada49e784601183eb3a1e1723ce2d4,,,
5,25,x[10],True,x[10],0.24193548387096775,7424f049dcd7de48c5ec487367408f4f,,,
5,25,x[11],True,x[11],0.16129032258064513,9dada49e784601183eb3a1e1723ce2d4,,,
5,25,x[11],True,x[11],0.16129032258064513,9dada49e784601183eb3a1e1723ce2d4,,,
5,25,x[11],True,x[11],0.16129032258064513,9dada49e784601183eb3a1e1723ce2d4,,,
5,25,x[11],True,x[11],0.16129032258064513,9dada49e784601183eb3a1e1723ce2d4,,,
5,25,x[11],True,x[11],0.16129032258064513,9dada49e784601183eb3a1e1723ce2d4,,,
5,25,x[11],True,x[11],0.16129032258064513,9dada49e784601183eb3a1e1723ce2d4,,,
5,25,x[11],True,x[11],0.16129032258064513,9dada49e784601183eb3a1e1723ce2d4,,,
5,25,x[11],True,x[11],0.16129032258064513,9dada49e784601183eb3a1e1723ce2d4,,,
5,25,x[11],True,x[11],0.16129032258064513,9dada49e784601183eb3a1e1723ce2d4,,,
5,25,x[11],True,x[11],0.16129032258064513,9dada49e784601183eb3a1e1723ce2d4,,,
5,25,x[11],True,x[11],0.16129032258064513,9dada49e784601183eb3a1e1723ce2d4,,,
5,25,x[11],True,x[11],0.16129032258064513,9dada49e784601183eb3a1e1723ce2d4,,,
5,25,x[11],True,x[11],0.16129032258064513,9dada49e784601183eb3a1e1723ce2d4,,,
5,25,x[11],True,x[11],0.16129032258064513,9dada49e784601183eb3a1e1723ce2d4,,,
5,25,x[11],True,x[11],0.16129032258064513,9dada49e784601183eb3a1e1723ce2d4,,,
5,25,x[11],True,x[11],0.16129032258064513,9dada49e784601183eb3a1e1723ce2d4,,,
5,25,x[11],True,x[11],0.16129032258064513,9dada49e784601183eb3a1e1723ce2d4,,,
5,25,x[11],True,x[11],0.16129032258064513,9dada49e784601183eb3a1e1723ce2d4,,,
5,25,x[11],True,x[11],0.16129032258064513,9dada49e784601183eb3a1e1723ce2d4,,,
5,25,x[11],True,x[11],0.16129032258064513,9dada49e784601183eb3a1e1723ce2d4,,,
5,25,x[11],True,x[11],0.16129032258064513,9dada49e784601183eb3a1e1723ce2d4,,,
5,25,x[11],True,x[11],0.16129032258064513,9dada49e784601183eb3a1e1723ce2d4,,,
5,25,x[12],True,x[12],0.18548387096774188,0d372214e94f96a8c686509e4d084014,,,
5,25,x[11],True,x[11],0.16129032258064513,9dada49e784601183eb3a1e1723ce2d4,,,
5,25,x[11],True,x[11],0.16129032258064513,9dada49e784601183eb3a1e1723ce2d4,,,
5,25,x[11],True,x[11],0.16129032258064513,9dada49e784601183eb3a1e1723ce2d4,,,
5,25,x[11],True,x[11],0.16129032258064513,9dada49e784601183eb3a1e1723ce2d4,,,
5,25,x[11],True,x[11],0.16129032258064513,9dada49e784601183eb3a1e1723ce2d4,,,
5,25,x[11],True,x[11],0.16129032258064513,9dada49e784601183eb3a1e1723ce2d4,,,
5,25,x[11],True,x[11],0.16129032258064513,9dada49e784601183eb3a1e1723ce2d4,,,
5,25,x[11],True,x[11],0.16129032258064513,9dada49e784601183eb3a1e1723ce2d4,,,
5,25,x[11],True,x[11],0.16129032258064513,9dada49e784601183eb3a1e1723ce2d4,,,
5,25,x[11],True,x[11],0.16129032258064513,9dada49e784601183eb3a1e1723ce2d4,,,
5,25,x[11],True,x[11],0.16129032258064513,9dada49e784601183eb3a1e1723ce2d4,,,
5,25,x[11],True,x[11],0.16129032258064513,9dada49e784601183eb3a1e1723ce2d4,,,
5,25,x[11],True,x[11],0.16129032258064513,9dada49e784601183eb3a1e1723ce2d4,,,
5,25,x[11],True,x[11],0.16129032258064513,9dada49e784601183eb3a1e1723ce2d4,,,
5,25,x[11],True,x[11],0.16129032258064513,9dada49e784601183eb3a1e1723ce2d4,,,
5,25,x[11],True,x[11],0.16129032258064513,9dada49e784601183eb3a1e1723ce2d4,,,
5,25,x[11],True,x[11],0.16129032258064513,9dada49e784601183eb3a1e1723ce2d4,,,
5,25,x[11],True,x[11],0.16129032258064513,9dada49e784601183eb3a1e1723ce2d4,,,
5,25,x[11],True,x[11],0.16129032258064513,9dada49e784601183eb3a1e1723ce2d4,,,
5,25,x[11],True,x[11],0.16129032258064513,9dada49e784601183eb3a1e1723ce2d4,,,
5,25,x[11],True,x[11],0.16129032258064513,9dada49e784601183eb3a1e1723ce2d4,,,
5,25,x[11],True,x[11],0.16129032258064513,9dada49e784601183eb3a1e1723ce2d4,,,
5,25,x[11],True,x[11],0.16129032258064513,9dada49e784601183eb3a1e1723ce2d4,,,
5,25,x[11],True,x[11],0.16129032258064513,9dada49e784601183eb3a1e1723ce2d4,,,
5,25,x[11],True,x[11],0.16129032258064513,9dada49e784601183eb3a1e1723ce2d4,,,
5,25,x[11],True,x[11],0.16129032258064513,9dada49e784601183eb3a1e1723ce2d4,,,
5,25,x[11],True,x[11],0.16129032258064513,9dada49e784601183eb3a1e1723ce2d4,,,
5,25,x[11],True,x[11],0.16129032258064513,9dada49e784601183eb3a1e1723ce2d4,,,
5,25,x[11],True,x[11],0.16129032258064513,9dada49e784601183eb3a1e1723ce2d4,,,
5,25,x[11],True,x[11],0.16129032258064513,9dada49e784601183eb3a1e1723ce2d4,,,
5,25,x[11],True,x[11],0.16129032258064513,9dada49e784601183eb3a1e1723ce2d4,,,
5,25,x[11],True,x[11],0.16129032258064513,9dada49e784601183eb3a1e1723ce2d4,,,
5,25,x[11],True,x[11],0.16129032258064513,9dada49e784601183eb3a1e1723ce2d4,,,
5,25,x[11],True,x[11],0.16129032258064513,9dada49e784601183eb3a1e1723ce2d4,,,
5,25,x[11],True,x[11],0.16129032258064513,9dada49e784601183eb3a1e1723ce2d4,,,
5,25,x[11],True,x[11],0.16129032258064513,9dada49e784601183eb3a1e1723ce2d4,,,
5,25,x[11],True,x[11],0.16129032258064513,9dada49e784601183eb3a1e1723ce2d4,,,
5,25,x[11],True,x[11],0.16129032258064513,9dada49e784601183eb3a1e1723ce2d4,,,
5,25,x[11],True,x[11],0.16129032258064513,9dada49e784601183eb3a1e1723ce2d4,,,
5,25,x[14],True,x[14],0.22580645161290325,5184b187f6f474f266ff1a9e52a8b41f,,,
5,25,x[14],True,x[14],0.22580645161290325,5184b187f6f474f266ff1a9e52a8b41f,,,
5,25,x[11],True,x[11],0.16129032258064513,9dada49e784601183eb3a1e1723ce2d4,,,
5,25,x[11],True,x[11],0.16129032258064513,9dada49e784601183eb3a1e1723ce2d4,,,
5,25,x[11],True,x[11],0.16129032258064513,9dada49e784601183eb3a1e1723ce2d4,,,
5,25,x[11],True,x[11],0.16129032258064513,9dada49e784601183eb3a1e1723ce2d4,,,
5,25,x[11],True,x[11],0.16129032258064513,9dada49e784601183eb3a1e1723ce2d4,,,
5,25,x[11],True,x[11],0.16129032258064513,9dada49e784601183eb3a1e1723ce2d4,,,
5,25,x[11],True,x[11],0.16129032258064513,9dada49e784601183eb3a1e1723ce2d4,,,
5,25,x[11],True,x[11],0.16129032258064513,9dada49e784601183eb3a1e1723ce2d4,,,
5,25,x[11],True,x[11],0.16129032258064513,9dada49e784601183eb3a1e1723ce2d4,,,
5,25,x[11],True,x[11],0.16129032258064513,9dada49e784601183eb3a1e1723ce2d4,,,
5,25,x[11],True,x[11],0.16129032258064513,9dada49e784601183eb3a1e1723ce2d4,,,
5,25,x[11],True,x[11],0.16129032258064513,9dada49e784601183eb3a1e1723ce2d4,,,
5,25,x[11],True,x[11],0.16129032258064513,9dada49e784601183eb3a1e1723ce2d4,,,
5,25,x[11],True,x[11],0.16129032258064513,9dada49e784601183eb3a1e1723ce2d4,,,
5,25,x[11],True,x[11],0.16129032258064513,9dada49e784601183eb3a1e1723ce2d4,,,
5,25,x[11],True,x[11],0.16129032258064513,9dada49e784601183eb3a1e1723ce2d4,,,
5,25,x[11],True,x[11],0.16129032258064513,9dada49e784601183eb3a1e1723ce2d4,,,
5,25,x[11],True,x[11],0.16129032258064513,9dada49e784601183eb3a1e1723ce2d4,,,
5,25,x[11],True,x[11],0.16129032258064513,9dada49e784601183eb3a1e1723ce2d4,,,
5,25,x[1],True,x[1],0.685483870967742,48150b63a14de07ac8ada4efd9d4896c,,,
5,25,x[11],True,x[11],0.16129032258064513,9dada49e784601183eb3a1e1723ce2d4,,,
5,25,x[11],True,x[11],0.16129032258064513,9dada49e784601183eb3a1e1723ce2d4,,,
5,25,x[11],True,x[11],0.16129032258064513,9dada49e784601183eb3a1e1723ce2d4,,,
5,25,x[11],True,x[11],0.16129032258064513,9dada49e784601183eb3a1e1723ce2d4,,,
5,25,x[11],True,x[11],0.16129032258064513,9dada49e784601183eb3a1e1723ce2d4,,,
5,25,x[11],True,x[11],0.16129032258064513,9dada49e784601183eb3a1e1723ce2d4,,,
5,25,x[11],True,x[11],0.16129032258064513,9dada49e784601183eb3a1e1723ce2d4,,,
5,25,x[11],True,x[11],0.16129032258064513,9dada49e784601183eb3a1e1723ce2d4,,,
5,25,x[11],True,x[11],0.16129032258064513,9dada49e784601183eb3a1e1723ce2d4,,,
5,25,x[11],True,x[11],0.16129032258064513,9dada49e784601183eb3a1e1723ce2d4,,,
5,25,x[11],True,x[11],0.16129032258064513,9dada49e784601183eb3a1e1723ce2d4,,,
5,25,x[11],True,x[11],0.16129032258064513,9dada49e784601183eb3a1e1723ce2d4,,,
5,25,x[11],True,x[11],0.16129032258064513,9dada49e784601183eb3a1e1723ce2d4,,,
5,25,x[11],True,x[11],0.16129032258064513,9dada49e784601183eb3a1e1723ce2d4,,,
5,25,x[11],True,x[11],0.16129032258064513,9dada49e784601183eb3a1e1723ce2d4,,,
5,25,x[11],True,x[11],0.16129032258064513,9dada49e784601183eb3a1e1723ce2d4,,,
5,25,x[11],True,x[11],0.16129032258064513,9dada49e784601183eb3a1e1723ce2d4,,,
5,26,x[11],True,x[11],0.16129032258064513,9dada49e784601183eb3a1e1723ce2d4,,,
5,26,x[11],True,x[11],0.16129032258064513,9dada49e784601183eb3a1e1723ce2d4,,,
5,26,x[11],True,x[11],0.16129032258064513,9dada49e784601183eb3a1e1723ce2d4,,,
5,26,x[11],True,x[11],0.16129032258064513,9dada49e784601183eb3a1e1723ce2d4,,,
5,26,x[18],True,x[18],0.6451612903225806,6a4c84e0915d9d2b86d121e994683436,,,
5,26,x[11],True,x[11],0.16129032258064513,9dada49e784601183eb3a1e1723ce2d4,,,
5,26,x[11],True,x[11],0.16129032258064513,9dada49e784601183eb3a1e1723ce2d4,,,
5,26,x[11],True,x[11],0.16129032258064513,9dada49e784601183eb3a1e1723ce2d4,,,
5,26,x[11],True,x[11],0.16129032258064513,9dada49e784601183eb3a1e1723ce2d4,,,
5,26,x[11],True,x[11],0.16129032258064513,9dada49e784601183eb3a1e1723ce2d4,,,
5,26,x[11],True,x[11],0.16129032258064513,9dada49e784601183eb3a1e1723ce2d4,,,
5,26,x[11],True,x[11],0.16129032258064513,9dada49e784601183eb3a1e1723ce2d4,,,
5,26,x[11],True,x[11],0.16129032258064513,9dada49e784601183eb3a1e1723ce2d4,,,
5,26,x[11],True,x[11],0.16129032258064513,9dada49e784601183eb3a1e1723ce2d4,,,
5,26,x[11],True,x[11],0.16129032258064513,9dada49e784601183eb3a1e1723ce2d4,,,
5,26,x[11],True,x[11],0.16129032258064513,9dada49e784601183eb3a1e1723ce2d4,,,
5,26,x[11],True,x[11],0.16129032258064513,9dada49e784601183eb3a1e1723ce2d4,,,
5,26,x[11],True,x[11],0.16129032258064513,9dada49e784601183eb3a1e1723ce2d4,,,
5,26,x[11],True,x[11],0.16129032258064513,9dada49e784601183eb3a1e1723ce2d4,,,
5,26,x[11],True,x[11],0.16129032258064513,9dada49e784601183eb3a1e1723ce2d4,,,
5,26,x[11],True,x[11],0.16129032258064513,9dada49e784601183eb3a1e1723ce2d4,,,
5,26,x[11],True,x[11],0.16129032258064513,9dada49e784601183eb3a1e1723ce2d4,,,
5,26,x[11],True,x[11],0.16129032258064513,9dada49e784601183eb3a1e1723ce2d4,,,
5,26,x[11],True,x[11],0.16129032258064513,9dada49e784601183eb3a1e1723ce2d4,,,
5,26,x[11],True,x[11],0.16129032258064513,9dada49e784601183eb3a1e1723ce2d4,,,
5,26,x[11],True,x[11],0.16129032258064513,9dada49e784601183eb3a1e1723ce2d4,,,
5,26,x[11],True,x[11],0.16129032258064513,9dada49e784601183eb3a1e1723ce2d4,,,
5,26,x[11],True,x[11],0.16129032258064513,9dada49e784601183eb3a1e1723ce2d4,,,
5,26,x[11],True,x[11],0.16129032258064513,9dada49e784601183eb3a1e1723ce2d4,,,
5,26,x[11],True,x[11],0.16129032258064513,9dada49e784601183eb3a1e1723ce2d4,,,
5,26,x[11],True,x[11],0.16129032258064513,9dada49e784601183eb3a1e1723ce2d4,,,
5,26,x[11],True,x[11],0.16129032258064513,9dada49e784601183eb3a1e1723ce2d4,,,
5,26,x[11],True,x[11],0.16129032258064513,9dada49e784601183eb3a1e1723ce2d4,,,
5,26,x[11],True,x[11],0.16129032258064513,9dada49e784601183eb3a1e1723ce2d4,,,
5,26,x[11],True,x[11],0.16129032258064513,9dada49e784601183eb3a1e1723ce2d4,,,
5,26,x[11],True,x[11],0.16129032258064513,9dada49e784601183eb3a1e1723ce2d4,,,
5,26,x[11],True,x[11],0.16129032258064513,9dada49e784601183eb3a1e1723ce2d4,,,
5,26,x[11],True,x[11],0.16129032258064513,9dada49e784601183eb3a1e1723ce2d4,,,
5,26,x[11],True,x[11],0.16129032258064513,9dada49e784601183eb3a1e1723ce2d4,,,
5,26,x[11],True,x[11],0.16129032258064513,9dada49e784601183eb3a1e1723ce2d4,,,
5,26,x[11],True,x[11],0.16129032258064513,9dada49e784601183eb3a1e1723ce2d4,,,
5,26,x[9],True,x[9],0.2338709677419355,2e0260aa627dff742f7c723c8367e701,,,
5,26,x[11],True,x[11],0.16129032258064513,9dada49e784601183eb3a1e1723ce2d4,,,
5,26,x[11],True,x[11],0.16129032258064513,9dada49e784601183eb3a1e1723ce2d4,,,
5,26,x[11],True,x[11],0.16129032258064513,9dada49e784601183eb3a1e1723ce2d4,,,
5,26,x[11],True,x[11],0.16129032258064513,9dada49e784601183eb3a1e1723ce2d4,,,
5,26,x[11],True,x[11],0.16129032258064513,9dada49e784601183eb3a1e1723ce2d4,,,
5,26,x[11],True,x[11],0.16129032258064513,9dada49e784601183eb3a1e1723ce2d4,,,
5,26,x[11],True,x[11],0.16129032258064513,9dada49e784601183eb3a1e1723ce2d4,,,
5,26,x[11],True,x[11],0.16129032258064513,9dada49e784601183eb3a1e1723ce2d4,,,
5,26,x[11],True,x[11],0.16129032258064513,9dada49e784601183eb3a1e1723ce2d4,,,
5,26,x[11],True,x[11],0.16129032258064513,9dada49e784601183eb3a1e1723ce2d4,,,
5,26,x[11],True,x[11],0.16129032258064513,9dada49e784601183eb3a1e1723ce2d4,,,
5,26,x[11],True,x[11],0.16129032258064513,9dada49e784601183eb3a1e1723ce2d4,,,
5,26,x[11],True,x[11],0.16129032258064513,9dada49e784601183eb3a1e1723ce2d4,,,
5,26,x[11],True,x[11],0.16129032258064513,9dada49e784601183eb3a1e1723ce2d4,,,
5,26,x[11],True,x[11],0.16129032258064513,9dada49e784601183eb3a1e1723ce2d4,,,
5,26,x[11],True,x[11],0.16129032258064513,9dada49e784601183eb3a1e1723ce2d4,,,
5,26,x[11],True,x[11],0.16129032258064513,9dada49e784601183eb3a1e1723ce2d4,,,
5,26,x[11],True,x[11],0.16129032258064513,9dada49e784601183eb3a1e1723ce2d4,,,
5,26,x[11],True,x[11],0.16129032258064513,9dada49e784601183eb3a1e1723ce2d4,,,
5,26,x[11],True,x[11],0.16129032258064513,9dada49e784601183eb3a1e1723ce2d4,,,
5,26,x[11],True,x[11],0.16129032258064513,9dada49e784601183eb3a1e1723ce2d4,,,
5,26,x[11],True,x[11],0.16129032258064513,9dada49e784601183eb3a1e1723ce2d4,,,
5,26,x[11],True,x[11],0.16129032258064513,9dada49e784601183eb3a1e1723ce2d4,,,
5,26,x[10],True,x[10],0.24193548387096775,7424f049dcd7de48c5ec487367408f4f,,,
5,26,x[11],True,x[11],0.16129032258064513,9dada49e784601183eb3a1e1723ce2d4,,,
5,26,x[11],True,x[11],0.16129032258064513,9dada49e784601183eb3a1e1723ce2d4,,,
5,26,x[11],True,x[11],0.16129032258064513,9dada49e784601183eb3a1e1723ce2d4,,,
5,26,x[11],True,x[11],0.16129032258064513,9dada49e784601183eb3a1e1723ce2d4,,,
5,26,x[11],True,x[11],0.16129032258064513,9dada49e784601183eb3a1e1723ce2d4,,,
5,26,x[11],True,x[11],0.16129032258064513,9dada49e784601183eb3a1e1723ce2d4,,,
5,26,x[11],True,x[11],0.16129032258064513,9dada49e784601183eb3a1e1723ce2d4,,,
5,26,x[11],True,x[11],0.16129032258064513,9dada49e784601183eb3a1e1723ce2d4,,,
5,26,x[11],True,x[11],0.16129032258064513,9dada49e784601183eb3a1e1723ce2d4,,,
5,26,x[11],True,x[11],0.16129032258064513,9dada49e784601183eb3a1e1723ce2d4,,,
5,26,x[11],True,x[11],0.16129032258064513,9dada49e784601183eb3a1e1723ce2d4,,,
5,26,x[11],True,x[11],0.16129032258064513,9dada49e784601183eb3a1e1723ce2d4,,,
5,26,x[11],True,x[11],0.16129032258064513,9dada49e784601183eb3a1e1723ce2d4,,,
5,26,x[11],True,x[11],0.16129032258064513,9dada49e784601183eb3a1e1723ce2d4,,,
5,26,x[11],True,x[11],0.16129032258064513,9dada49e784601183eb3a1e1723ce2d4,,,
5,26,x[11],True,x[11],0.16129032258064513,9dada49e784601183eb3a1e1723ce2d4,,,
5,26,x[11],True,x[11],0.16129032258064513,9dada49e784601183eb3a1e1723ce2d4,,,
5,26,x[11],True,x[11],0.16129032258064513,9dada49e784601183eb3a1e1723ce2d4,,,
5,26,x[11],True,x[11],0.16129032258064513,9dada49e784601183eb3a1e1723ce2d4,,,
5,26,x[11],True,x[11],0.16129032258064513,9dada49e784601183eb3a1e1723ce2d4,,,
5,26,x[11],True,x[11],0.16129032258064513,9dada49e784601183eb3a1e1723ce2d4,,,
5,26,x[11],True,x[11],0.16129032258064513,9dada49e784601183eb3a1e1723ce2d4,,,
5,26,x[11],True,x[11],0.16129032258064513,9dada49e784601183eb3a1e1723ce2d4,,,
5,26,x[11],True,x[11],0.16129032258064513,9dada49e784601183eb3a1e1723ce2d4,,,
5,26,x[11],True,x[11],0.16129032258064513,9dada49e784601183eb3a1e1723ce2d4,,,
5,26,x[11],True,x[11],0.16129032258064513,9dada49e784601183eb3a1e1723ce2d4,,,
5,26,x[11],True,x[11],0.16129032258064513,9dada49e784601183eb3a1e1723ce2d4,,,
5,26,x[11],True,x[11],0.16129032258064513,9dada49e784601183eb3a1e1723ce2d4,,,
5,26,x[11],True,x[11],0.16129032258064513,9dada49e784601183eb3a1e1723ce2d4,,,
5,26,x[11],True,x[11],0.16129032258064513,9dada49e784601183eb3a1e1723ce2d4,,,
5,26,x[11],True,x[11],0.16129032258064513,9dada49e784601183eb3a1e1723ce2d4,,,
5,26,x[11],True,x[11],0.16129032258064513,9dada49e784601183eb3a1e1723ce2d4,,,
5,26,x[11],True,x[11],0.16129032258064513,9dada49e784601183eb3a1e1723ce2d4,,,
5,26,x[11],True,x[11],0.16129032258064513,9dada49e784601183eb3a1e1723ce2d4,,,
5,26,x[11],True,x[11],0.16129032258064513,9dada49e784601183eb3a1e1723ce2d4,,,
5,26,x[11],True,x[11],0.16129032258064513,9dada49e784601183eb3a1e1723ce2d4,,,
5,26,x[11],True,x[11],0.16129032258064513,9dada49e784601183eb3a1e1723ce2d4,,,
5,26,x[11],True,x[11],0.16129032258064513,9dada49e784601183eb3a1e1723ce2d4,,,
5,26,x[11],True,x[11],0.16129032258064513,9dada49e784601183eb3a1e1723ce2d4,,,
5,26,x[11],True,x[11],0.16129032258064513,9dada49e784601183eb3a1e1723ce2d4,,,
5,26,x[11],True,x[11],0.16129032258064513,9dada49e784601183eb3a1e1723ce2d4,,,
5,26,x[11],True,x[11],0.16129032258064513,9dada49e784601183eb3a1e1723ce2d4,,,
5,26,x[16],True,x[16],0.217741935483871,2b4aec85a499a1f7baf764b48bcf9178,,,
5,26,x[4],True,x[4],0.49193548387096775,c062f6f76dec194bafe0ddbf91add8d9,,,
5,26,x[11],True,x[11],0.16129032258064513,9dada49e784601183eb3a1e1723ce2d4,,,
5,26,x[11],True,x[11],0.16129032258064513,9dada49e784601183eb3a1e1723ce2d4,,,
5,26,x[11],True,x[11],0.16129032258064513,9dada49e784601183eb3a1e1723ce2d4,,,
5,26,x[11],True,x[11],0.16129032258064513,9dada49e784601183eb3a1e1723ce2d4,,,
5,26,x[11],True,x[11],0.16129032258064513,9dada49e784601183eb3a1e1723ce2d4,,,
5,26,x[11],True,x[11],0.16129032258064513,9dada49e784601183eb3a1e1723ce2d4,,,
5,26,x[17],True,x[17],0.217741935483871,078a7ef4b1d424e54e976f158f2a5fa5,,,
5,26,x[11],True,x[11],0.16129032258064513,9dada49e784601183eb3a1e1723ce2d4,,,
5,26,x[11],True,x[11],0.16129032258064513,9dada49e784601183eb3a1e1723ce2d4,,,
5,26,x[11],True,x[11],0.16129032258064513,9dada49e784601183eb3a1e1723ce2d4,,,
5,26,x[11],True,x[11],0.16129032258064513,9dada49e784601183eb3a1e1723ce2d4,,,
5,26,x[11],True,x[11],0.16129032258064513,9dada49e784601183eb3a1e1723ce2d4,,,
5,26,x[11],True,x[11],0.16129032258064513,9dada49e784601183eb3a1e1723ce2d4,,,
5,26,x[11],True,x[11],0.16129032258064513,9dada49e784601183eb3a1e1723ce2d4,,,
5,26,x[11],True,x[11],0.16129032258064513,9dada49e784601183eb3a1e1723ce2d4,,,
5,26,x[11],True,x[11],0.16129032258064513,9dada49e784601183eb3a1e1723ce2d4,,,
5,26,x[11],True,x[11],0.16129032258064513,9dada49e784601183eb3a1e1723ce2d4,,,
5,26,x[18],True,x[18],0.6451612903225806,6a4c84e0915d9d2b86d121e994683436,,,
5,26,x[11],True,x[11],0.16129032258064513,9dada49e784601183eb3a1e1723ce2d4,,,
5,26,x[11],True,x[11],0.16129032258064513,9dada49e784601183eb3a1e1723ce2d4,,,
5,26,x[11],True,x[11],0.16129032258064513,9dada49e784601183eb3a1e1723ce2d4,,,
5,26,x[11],True,x[11],0.16129032258064513,9dada49e784601183eb3a1e1723ce2d4,,,
5,26,x[11],True,x[11],0.16129032258064513,9dada49e784601183eb3a1e1723ce2d4,,,
5,26,x[11],True,x[11],0.16129032258064513,9dada49e784601183eb3a1e1723ce2d4,,,
5,26,x[11],True,x[11],0.16129032258064513,9dada49e784601183eb3a1e1723ce2d4,,,
5,26,x[11],True,x[11],0.16129032258064513,9dada49e784601183eb3a1e1723ce2d4,,,
5,26,x[11],True,x[11],0.16129032258064513,9dada49e784601183eb3a1e1723ce2d4,,,
5,26,x[11],True,x[11],0.16129032258064513,9dada49e784601183eb3a1e1723ce2d4,,,
5,26,x[11],True,x[11],0.16129032258064513,9dada49e784601183eb3a1e1723ce2d4,,,
5,26,x[11],True,x[11],0.16129032258064513,9dada49e784601183eb3a1e1723ce2d4,,,
5,26,x[11],True,x[11],0.16129032258064513,9dada49e784601183eb3a1e1723ce2d4,,,
5,26,x[11],True,x[11],0.16129032258064513,9dada49e784601183eb3a1e1723ce2d4,,,
5,26,x[11],True,x[11],0.16129032258064513,9dada49e784601183eb3a1e1723ce2d4,,,
5,26,x[11],True,x[11],0.16129032258064513,9dada49e784601183eb3a1e1723ce2d4,,,
5,26,x[11],True,x[11],0.16129032258064513,9dada49e784601183eb3a1e1723ce2d4,,,
5,26,x[11],True,x[11],0.16129032258064513,9dada49e784601183eb3a1e1723ce2d4,,,
5,26,x[14],True,x[14],0.22580645161290325,5184b187f6f474f266ff1a9e52a8b41f,,,
5,26,x[11],True,x[11],0.16129032258064513,9dada49e784601183eb3a1e1723ce2d4,,,
5,26,x[11],True,x[11],0.16129032258064513,9dada49e784601183eb3a1e1723ce2d4,,,
5,26,x[11],True,x[11],0.16129032258064513,9dada49e784601183eb3a1e1723ce2d4,,,
5,26,x[11],True,x[11],0.16129032258064513,9dada49e784601183eb3a1e1723ce2d4,,,
5,26,x[11],True,x[11],0.16129032258064513,9dada49e784601183eb3a1e1723ce2d4,,,
5,26,x[11],True,x[11],0.16129032258064513,9dada49e784601183eb3a1e1723ce2d4,,,
5,26,x[11],True,x[11],0.16129032258064513,9dada49e784601183eb3a1e1723ce2d4,,,
5,26,x[11],True,x[11],0.16129032258064513,9dada49e784601183eb3a1e1723ce2d4,,,
5,26,x[11],True,x[11],0.16129032258064513,9dada49e784601183eb3a1e1723ce2d4,,,
5,26,x[11],True,x[11],0.16129032258064513,9dada49e784601183eb3a1e1723ce2d4,,,
5,26,x[11],True,x[11],0.16129032258064513,9dada49e784601183eb3a1e1723ce2d4,,,
5,26,x[11],True,x[11],0.16129032258064513,9dada49e784601183eb3a1e1723ce2d4,,,
5,26,x[11],True,x[11],0.16129032258064513,9dada49e784601183eb3a1e1723ce2d4,,,
5,26,x[15],True,x[15],0.22580645161290325,301bd409bd67cc588ceaa53a6f5220a4,,,
5,26,x[11],True,x[11],0.16129032258064513,9dada49e784601183eb3a1e1723ce2d4,,,
5,26,x[11],True,x[11],0.16129032258064513,9dada49e784601183eb3a1e1723ce2d4,,,
5,26,x[11],True,x[11],0.16129032258064513,9dada49e784601183eb3a1e1723ce2d4,,,
5,26,x[11],True,x[11],0.16129032258064513,9dada49e784601183eb3a1e1723ce2d4,,,
5,26,x[11],True,x[11],0.16129032258064513,9dada49e784601183eb3a1e1723ce2d4,,,
5,26,x[11],True,x[11],0.16129032258064513,9dada49e784601183eb3a1e1723ce2d4,,,
5,26,x[11],True,x[11],0.16129032258064513,9dada49e784601183eb3a1e1723ce2d4,,,
5,26,x[11],True,x[11],0.16129032258064513,9dada49e784601183eb3a1e1723ce2d4,,,
5,26,x[11],True,x[11],0.16129032258064513,9dada49e784601183eb3a1e1723ce2d4,,,
5,26,x[11],True,x[11],0.16129032258064513,9dada49e784601183eb3a1e1723ce2d4,,,
5,26,x[11],True,x[11],0.16129032258064513,9dada49e784601183eb3a1e1723ce2d4,,,
5,26,x[11],True,x[11],0.16129032258064513,9dada49e784601183eb3a1e1723ce2d4,,,
5,26,x[11],True,x[11],0.16129032258064513,9dada49e784601183eb3a1e1723ce2d4,,,
5,26,x[11],True,x[11],0.16129032258064513,9dada49e784601183eb3a1e1723ce2d4,,,
5,26,x[11],True,x[11],0.16129032258064513,9dada49e784601183eb3a1e1723ce2d4,,,
5,26,x[4],True,x[4],0.49193548387096775,c062f6f76dec194bafe0ddbf91add8d9,,,
5,26,x[11],True,x[11],0.16129032258064513,9dada49e784601183eb3a1e1723ce2d4,,,
5,26,x[11],True,x[11],0.16129032258064513,9dada49e784601183eb3a1e1723ce2d4,,,
5,26,x[11],True,x[11],0.16129032258064513,9dada49e784601183eb3a1e1723ce2d4,,,
5,26,x[11],True,x[11],0.16129032258064513,9dada49e784601183eb3a1e1723ce2d4,,,
5,26,x[11],True,x[11],0.16129032258064513,9dada49e784601183eb3a1e1723ce2d4,,,
5,26,x[11],True,x[11],0.16129032258064513,9dada49e784601183eb3a1e1723ce2d4,,,
5,26,x[11],True,x[11],0.16129032258064513,9dada49e784601183eb3a1e1723ce2d4,,,
5,26,x[11],True,x[11],0.16129032258064513,9dada49e784601183eb3a1e1723ce2d4,,,
5,26,x[11],True,x[11],0.16129032258064513,9dada49e784601183eb3a1e1723ce2d4,,,
5,26,x[11],True,x[11],0.16129032258064513,9dada49e784601183eb3a1e1723ce2d4,,,
5,26,x[11],True,x[11],0.16129032258064513,9dada49e784601183eb3a1e1723ce2d4,,,
5,26,x[11],True,x[11],0.16129032258064513,9dada49e784601183eb3a1e1723ce2d4,,,
5,26,x[11],True,x[11],0.16129032258064513,9dada49e784601183eb3a1e1723ce2d4,,,
5,26,x[11],True,x[11],0.16129032258064513,9dada49e784601183eb3a1e1723ce2d4,,,
5,26,x[11],True,x[11],0.16129032258064513,9dada49e784601183eb3a1e1723ce2d4,,,
5,26,x[11],True,x[11],0.16129032258064513,9dada49e784601183eb3a1e1723ce2d4,,,
5,26,x[11],True,x[11],0.16129032258064513,9dada49e784601183eb3a1e1723ce2d4,,,
5,26,x[11],True,x[11],0.16129032258064513,9dada49e784601183eb3a1e1723ce2d4,,,
5,26,x[11],True,x[11],0.16129032258064513,9dada49e784601183eb3a1e1723ce2d4,,,
5,26,x[11],True,x[11],0.16129032258064513,9dada49e784601183eb3a1e1723ce2d4,,,
5,26,x[11],True,x[11],0.16129032258064513,9dada49e784601183eb3a1e1723ce2d4,,,
5,26,x[17],True,x[17],0.217741935483871,078a7ef4b1d424e54e976f158f2a5fa5,,,
5,26,x[11],True,x[11],0.16129032258064513,9dada49e784601183eb3a1e1723ce2d4,,,
5,26,x[11],True,x[11],0.16129032258064513,9dada49e784601183eb3a1e1723ce2d4,,,
5,26,x[11],True,x[11],0.16129032258064513,9dada49e784601183eb3a1e1723ce2d4,,,
5,26,x[16],True,x[16],0.217741935483871,2b4aec85a499a1f7baf764b48bcf9178,,,
5,26,x[11],True,x[11],0.16129032258064513,9dada49e784601183eb3a1e1723ce2d4,,,
5,26,x[11],True,x[11],0.16129032258064513,9dada49e784601183eb3a1e1723ce2d4,,,
5,26,x[11],True,x[11],0.16129032258064513,9dada49e784601183eb3a1e1723ce2d4,,,
5,26,x[11],True,x[11],0.16129032258064513,9dada49e784601183eb3a1e1723ce2d4,,,
5,26,x[11],True,x[11],0.16129032258064513,9dada49e784601183eb3a1e1723ce2d4,,,
5,26,x[11],True,x[11],0.16129032258064513,9dada49e784601183eb3a1e1723ce2d4,,,
5,26,x[11],True,x[11],0.16129032258064513,9dada49e784601183eb3a1e1723ce2d4,,,
5,26,x[11],True,x[11],0.16129032258064513,9dada49e784601183eb3a1e1723ce2d4,,,
5,26,x[11],True,x[11],0.16129032258064513,9dada49e784601183eb3a1e1723ce2d4,,,
5,26,x[11],True,x[11],0.16129032258064513,9dada49e784601183eb3a1e1723ce2d4,,,
5,26,x[11],True,x[11],0.16129032258064513,9dada49e784601183eb3a1e1723ce2d4,,,
5,26,x[11],True,x[11],0.16129032258064513,9dada49e784601183eb3a1e1723ce2d4,,,
5,26,x[11],True,x[11],0.16129032258064513,9dada49e784601183eb3a1e1723ce2d4,,,
5,26,x[13],True,x[13],0.217741935483871,060f7b59fcb1852e9befb4d0292eca15,,,
5,26,x[11],True,x[11],0.16129032258064513,9dada49e784601183eb3a1e1723ce2d4,,,
5,26,x[11],True,x[11],0.16129032258064513,9dada49e784601183eb3a1e1723ce2d4,,,
5,26,x[11],True,x[11],0.16129032258064513,9dada49e784601183eb3a1e1723ce2d4,,,
5,26,x[1],True,x[1],0.685483870967742,48150b63a14de07ac8ada4efd9d4896c,,,
5,26,x[11],True,x[11],0.16129032258064513,9dada49e784601183eb3a1e1723ce2d4,,,
5,26,x[11],True,x[11],0.16129032258064513,9dada49e784601183eb3a1e1723ce2d4,,,
5,26,x[11],True,x[11],0.16129032258064513,9dada49e784601183eb3a1e1723ce2d4,,,
5,26,x[11],True,x[11],0.16129032258064513,9dada49e784601183eb3a1e1723ce2d4,,,
5,26,x[11],True,x[11],0.16129032258064513,9dada49e784601183eb3a1e1723ce2d4,,,
5,26,x[10],True,x[10],0.24193548387096775,7424f049dcd7de48c5ec487367408f4f,,,
5,26,x[11],True,x[11],0.16129032258064513,9dada49e784601183eb3a1e1723ce2d4,,,
5,26,x[11],True,x[11],0.16129032258064513,9dada49e784601183eb3a1e1723ce2d4,,,
5,26,x[11],True,x[11],0.16129032258064513,9dada49e784601183eb3a1e1723ce2d4,,,
5,26,x[11],True,x[11],0.16129032258064513,9dada49e784601183eb3a1e1723ce2d4,,,
5,26,x[11],True,x[11],0.16129032258064513,9dada49e784601183eb3a1e1723ce2d4,,,
5,26,x[11],True,x[11],0.16129032258064513,9dada49e784601183eb3a1e1723ce2d4,,,
5,26,x[11],True,x[11],0.16129032258064513,9dada49e784601183eb3a1e1723ce2d4,,,
5,26,x[11],True,x[11],0.16129032258064513,9dada49e784601183eb3a1e1723ce2d4,,,
5,26,x[11],True,x[11],0.16129032258064513,9dada49e784601183eb3a1e1723ce2d4,,,
5,26,x[11],True,x[11],0.16129032258064513,9dada49e784601183eb3a1e1723ce2d4,,,
5,26,x[11],True,x[11],0.16129032258064513,9dada49e784601183eb3a1e1723ce2d4,,,
5,26,x[11],True,x[11],0.16129032258064513,9dada49e784601183eb3a1e1723ce2d4,,,
5,26,x[11],True,x[11],0.16129032258064513,9dada49e784601183eb3a1e1723ce2d4,,,
5,26,x[11],True,x[11],0.16129032258064513,9dada49e784601183eb3a1e1723ce2d4,,,
5,26,x[11],True,x[11],0.16129032258064513,9dada49e784601183eb3a1e1723ce2d4,,,
5,26,x[11],True,x[11],0.16129032258064513,9dada49e784601183eb3a1e1723ce2d4,,,
5,26,x[11],True,x[11],0.16129032258064513,9dada49e784601183eb3a1e1723ce2d4,,,
5,26,x[11],True,x[11],0.16129032258064513,9dada49e784601183eb3a1e1723ce2d4,,,
5,26,x[11],True,x[11],0.16129032258064513,9dada49e784601183eb3a1e1723ce2d4,,,
5,26,x[11],True,x[11],0.16129032258064513,9dada49e784601183eb3a1e1723ce2d4,,,
5,26,x[11],True,x[11],0.16129032258064513,9dada49e784601183eb3a1e1723ce2d4,,,
5,26,x[11],True,x[11],0.16129032258064513,9dada49e784601183eb3a1e1723ce2d4,,,
5,26,x[11],True,x[11],0.16129032258064513,9dada49e784601183eb3a1e1723ce2d4,,,
5,26,x[11],True,x[11],0.16129032258064513,9dada49e784601183eb3a1e1723ce2d4,,,
5,26,x[11],True,x[11],0.16129032258064513,9dada49e784601183eb3a1e1723ce2d4,,,
5,26,x[11],True,x[11],0.16129032258064513,9dada49e784601183eb3a1e1723ce2d4,,,
5,26,x[11],True,x[11],0.16129032258064513,9dada49e784601183eb3a1e1723ce2d4,,,
5,26,x[11],True,x[11],0.16129032258064513,9dada49e784601183eb3a1e1723ce2d4,,,
5,26,x[11],True,x[11],0.16129032258064513,9dada49e784601183eb3a1e1723ce2d4,,,
5,26,x[11],True,x[11],0.16129032258064513,9dada49e784601183eb3a1e1723ce2d4,,,
5,26,x[11],True,x[11],0.16129032258064513,9dada49e784601183eb3a1e1723ce2d4,,,
5,26,x[11],True,x[11],0.16129032258064513,9dada49e784601183eb3a1e1723ce2d4,,,
5,26,x[11],True,x[11],0.16129032258064513,9dada49e784601183eb3a1e1723ce2d4,,,
5,26,x[11],True,x[11],0.16129032258064513,9dada49e784601183eb3a1e1723ce2d4,,,
5,26,x[11],True,x[11],0.16129032258064513,9dada49e784601183eb3a1e1723ce2d4,,,
5,26,x[11],True,x[11],0.16129032258064513,9dada49e784601183eb3a1e1723ce2d4,,,
5,26,x[11],True,x[11],0.16129032258064513,9dada49e784601183eb3a1e1723ce2d4,,,
5,26,x[11],True,x[11],0.16129032258064513,9dada49e784601183eb3a1e1723ce2d4,,,
5,26,x[11],True,x[11],0.16129032258064513,9dada49e784601183eb3a1e1723ce2d4,,,
5,26,x[11],True,x[11],0.16129032258064513,9dada49e784601183eb3a1e1723ce2d4,,,
5,26,x[11],True,x[11],0.16129032258064513,9dada49e784601183eb3a1e1723ce2d4,,,
5,26,x[11],True,x[11],0.16129032258064513,9dada49e784601183eb3a1e1723ce2d4,,,
5,26,x[11],True,x[11],0.16129032258064513,9dada49e784601183eb3a1e1723ce2d4,,,
5,26,x[11],True,x[11],0.16129032258064513,9dada49e784601183eb3a1e1723ce2d4,,,
5,26,x[11],True,x[11],0.16129032258064513,9dada49e784601183eb3a1e1723ce2d4,,,
5,26,x[11],True,x[11],0.16129032258064513,9dada49e784601183eb3a1e1723ce2d4,,,
5,26,x[11],True,x[11],0.16129032258064513,9dada49e784601183eb3a1e1723ce2d4,,,
5,26,x[11],True,x[11],0.16129032258064513,9dada49e784601183eb3a1e1723ce2d4,,,
5,26,x[4],True,x[4],0.49193548387096775,c062f6f76dec194bafe0ddbf91add8d9,,,
5,26,x[11],True,x[11],0.16129032258064513,9dada49e784601183eb3a1e1723ce2d4,,,
5,26,x[11],True,x[11],0.16129032258064513,9dada49e784601183eb3a1e1723ce2d4,,,
5,26,x[11],True,x[11],0.16129032258064513,9dada49e784601183eb3a1e1723ce2d4,,,
5,26,x[11],True,x[11],0.16129032258064513,9dada49e784601183eb3a1e1723ce2d4,,,
5,26,x[11],True,x[11],0.16129032258064513,9dada49e784601183eb3a1e1723ce2d4,,,
5,26,x[11],True,x[11],0.16129032258064513,9dada49e784601183eb3a1e1723ce2d4,,,
5,26,x[11],True,x[11],0.16129032258064513,9dada49e784601183eb3a1e1723ce2d4,,,
5,26,x[11],True,x[11],0.16129032258064513,9dada49e784601183eb3a1e1723ce2d4,,,
5,26,x[11],True,x[11],0.16129032258064513,9dada49e784601183eb3a1e1723ce2d4,,,
5,26,x[11],True,x[11],0.16129032258064513,9dada49e784601183eb3a1e1723ce2d4,,,
5,26,x[11],True,x[11],0.16129032258064513,9dada49e784601183eb3a1e1723ce2d4,,,
5,26,x[11],True,x[11],0.16129032258064513,9dada49e784601183eb3a1e1723ce2d4,,,
5,26,x[11],True,x[11],0.16129032258064513,9dada49e784601183eb3a1e1723ce2d4,,,
5,26,x[11],True,x[11],0.16129032258064513,9dada49e784601183eb3a1e1723ce2d4,,,
5,26,x[11],True,x[11],0.16129032258064513,9dada49e784601183eb3a1e1723ce2d4,,,
5,26,x[11],True,x[11],0.16129032258064513,9dada49e784601183eb3a1e1723ce2d4,,,
5,26,x[11],True,x[11],0.16129032258064513,9dada49e784601183eb3a1e1723ce2d4,,,
5,26,x[11],True,x[11],0.16129032258064513,9dada49e784601183eb3a1e1723ce2d4,,,
5,26,x[11],True,x[11],0.16129032258064513,9dada49e784601183eb3a1e1723ce2d4,,,
5,26,x[9],True,x[9],0.2338709677419355,2e0260aa627dff742f7c723c8367e701,,,
5,26,x[11],True,x[11],0.16129032258064513,9dada49e784601183eb3a1e1723ce2d4,,,
5,26,x[11],True,x[11],0.16129032258064513,9dada49e784601183eb3a1e1723ce2d4,,,
5,26,x[11],True,x[11],0.16129032258064513,9dada49e784601183eb3a1e1723ce2d4,,,
5,26,x[11],True,x[11],0.16129032258064513,9dada49e784601183eb3a1e1723ce2d4,,,
5,26,x[11],True,x[11],0.16129032258064513,9dada49e784601183eb3a1e1723ce2d4,,,
5,26,x[11],True,x[11],0.16129032258064513,9dada49e784601183eb3a1e1723ce2d4,,,
5,26,x[11],True,x[11],0.16129032258064513,9dada49e784601183eb3a1e1723ce2d4,,,
5,26,x[11],True,x[11],0.16129032258064513,9dada49e784601183eb3a1e1723ce2d4,,,
5,26,x[11],True,x[11],0.16129032258064513,9dada49e784601183eb3a1e1723ce2d4,,,
5,26,x[11],True,x[11],0.16129032258064513,9dada49e784601183eb3a1e1723ce2d4,,,
5,26,x[11],True,x[11],0.16129032258064513,9dada49e784601183eb3a1e1723ce2d4,,,
5,26,x[11],True,x[11],0.16129032258064513,9dada49e784601183eb3a1e1723ce2d4,,,
5,26,x[11],True,x[11],0.16129032258064513,9dada49e784601183eb3a1e1723ce2d4,,,
5,26,x[11],True,x[11],0.16129032258064513,9dada49e784601183eb3a1e1723ce2d4,,,
5,26,x[11],True,x[11],0.16129032258064513,9dada49e784601183eb3a1e1723ce2d4,,,
5,26,x[11],True,x[11],0.16129032258064513,9dada49e784601183eb3a1e1723ce2d4,,,
5,26,x[11],True,x[11],0.16129032258064513,9dada49e784601183eb3a1e1723ce2d4,,,
5,26,x[11],True,x[11],0.16129032258064513,9dada49e784601183eb3a1e1723ce2d4,,,
5,26,x[11],True,x[11],0.16129032258064513,9dada49e784601183eb3a1e1723ce2d4,,,
5,26,x[11],True,x[11],0.16129032258064513,9dada49e784601183eb3a1e1723ce2d4,,,
5,26,x[11],True,x[11],0.16129032258064513,9dada49e784601183eb3a1e1723ce2d4,,,
5,26,x[11],True,x[11],0.16129032258064513,9dada49e784601183eb3a1e1723ce2d4,,,
5,26,x[11],True,x[11],0.16129032258064513,9dada49e784601183eb3a1e1723ce2d4,,,
5,26,x[11],True,x[11],0.16129032258064513,9dada49e784601183eb3a1e1723ce2d4,,,
5,26,x[11],True,x[11],0.16129032258064513,9dada49e784601183eb3a1e1723ce2d4,,,
5,26,x[11],True,x[11],0.16129032258064513,9dada49e784601183eb3a1e1723ce2d4,,,
5,26,x[11],True,x[11],0.16129032258064513,9dada49e784601183eb3a1e1723ce2d4,,,
5,26,x[11],True,x[11],0.16129032258064513,9dada49e784601183eb3a1e1723ce2d4,,,
5,26,x[11],True,x[11],0.16129032258064513,9dada49e784601183eb3a1e1723ce2d4,,,
5,26,x[11],True,x[11],0.16129032258064513,9dada49e784601183eb3a1e1723ce2d4,,,
5,26,x[11],True,x[11],0.16129032258064513,9dada49e784601183eb3a1e1723ce2d4,,,
5,26,x[11],True,x[11],0.16129032258064513,9dada49e784601183eb3a1e1723ce2d4,,,
5,26,x[11],True,x[11],0.16129032258064513,9dada49e784601183eb3a1e1723ce2d4,,,
5,26,x[11],True,x[11],0.16129032258064513,9dada49e784601183eb3a1e1723ce2d4,,,
5,26,x[11],True,x[11],0.16129032258064513,9dada49e784601183eb3a1e1723ce2d4,,,
5,26,x[11],True,x[11],0.16129032258064513,9dada49e784601183eb3a1e1723ce2d4,,,
5,26,x[11],True,x[11],0.16129032258064513,9dada49e784601183eb3a1e1723ce2d4,,,
5,26,x[11],True,x[11],0.16129032258064513,9dada49e784601183eb3a1e1723ce2d4,,,
5,26,x[11],True,x[11],0.16129032258064513,9dada49e784601183eb3a1e1723ce2d4,,,
5,26,x[11],True,x[11],0.16129032258064513,9dada49e784601183eb3a1e1723ce2d4,,,
5,26,x[11],True,x[11],0.16129032258064513,9dada49e784601183eb3a1e1723ce2d4,,,
5,26,x[6],True,x[6],0.30645161290322576,d902aea98596abf07e07d9c42be380bf,,,
5,26,x[11],True,x[11],0.16129032258064513,9dada49e784601183eb3a1e1723ce2d4,,,
5,26,x[11],True,x[11],0.16129032258064513,9dada49e784601183eb3a1e1723ce2d4,,,
5,26,x[11],True,x[11],0.16129032258064513,9dada49e784601183eb3a1e1723ce2d4,,,
5,26,x[11],True,x[11],0.16129032258064513,9dada49e784601183eb3a1e1723ce2d4,,,
5,26,x[11],True,x[11],0.16129032258064513,9dada49e784601183eb3a1e1723ce2d4,,,
5,26,x[11],True,x[11],0.16129032258064513,9dada49e784601183eb3a1e1723ce2d4,,,
5,26,x[11],True,x[11],0.16129032258064513,9dada49e784601183eb3a1e1723ce2d4,,,
5,26,x[11],True,x[11],0.16129032258064513,9dada49e784601183eb3a1e1723ce2d4,,,
5,26,x[11],True,x[11],0.16129032258064513,9dada49e784601183eb3a1e1723ce2d4,,,
5,26,x[11],True,x[11],0.16129032258064513,9dada49e784601183eb3a1e1723ce2d4,,,
5,26,x[11],True,x[11],0.16129032258064513,9dada49e784601183eb3a1e1723ce2d4,,,
5,26,x[11],True,x[11],0.16129032258064513,9dada49e784601183eb3a1e1723ce2d4,,,
5,26,x[11],True,x[11],0.16129032258064513,9dada49e784601183eb3a1e1723ce2d4,,,
5,26,x[6],True,x[6],0.30645161290322576,d902aea98596abf07e07d9c42be380bf,,,
5,26,x[11],True,x[11],0.16129032258064513,9dada49e784601183eb3a1e1723ce2d4,,,
5,26,x[11],True,x[11],0.16129032258064513,9dada49e784601183eb3a1e1723ce2d4,,,
5,26,x[11],True,x[11],0.16129032258064513,9dada49e784601183eb3a1e1723ce2d4,,,
5,26,x[11],True,x[11],0.16129032258064513,9dada49e784601183eb3a1e1723ce2d4,,,
5,26,x[11],True,x[11],0.16129032258064513,9dada49e784601183eb3a1e1723ce2d4,,,
5,26,x[11],True,x[11],0.16129032258064513,9dada49e784601183eb3a1e1723ce2d4,,,
5,26,x[11],True,x[11],0.16129032258064513,9dada49e784601183eb3a1e1723ce2d4,,,
5,26,x[11],True,x[11],0.16129032258064513,9dada49e784601183eb3a1e1723ce2d4,,,
5,26,x[12],True,x[12],0.18548387096774188,0d372214e94f96a8c686509e4d084014,,,
5,26,x[11],True,x[11],0.16129032258064513,9dada49e784601183eb3a1e1723ce2d4,,,
5,26,x[11],True,x[11],0.16129032258064513,9dada49e784601183eb3a1e1723ce2d4,,,
5,26,x[11],True,x[11],0.16129032258064513,9dada49e784601183eb3a1e1723ce2d4,,,
5,26,x[11],True,x[11],0.16129032258064513,9dada49e784601183eb3a1e1723ce2d4,,,
5,26,x[11],True,x[11],0.16129032258064513,9dada49e784601183eb3a1e1723ce2d4,,,
5,26,x[11],True,x[11],0.16129032258064513,9dada49e784601183eb3a1e1723ce2d4,,,
5,26,x[11],True,x[11],0.16129032258064513,9dada49e784601183eb3a1e1723ce2d4,,,
5,26,x[11],True,x[11],0.16129032258064513,9dada49e784601183eb3a1e1723ce2d4,,,
5,26,x[11],True,x[11],0.16129032258064513,9dada49e784601183eb3a1e1723ce2d4,,,
5,26,x[11],True,x[11],0.16129032258064513,9dada49e784601183eb3a1e1723ce2d4,,,
5,26,x[11],True,x[11],0.16129032258064513,9dada49e784601183eb3a1e1723ce2d4,,,
5,26,x[18],True,x[18],0.6451612903225806,6a4c84e0915d9d2b86d121e994683436,,,
5,26,x[11],True,x[11],0.16129032258064513,9dada49e784601183eb3a1e1723ce2d4,,,
5,26,x[11],True,x[11],0.16129032258064513,9dada49e784601183eb3a1e1723ce2d4,,,
5,26,x[18],True,x[18],0.6451612903225806,6a4c84e0915d9d2b86d121e994683436,,,
5,26,x[11],True,x[11],0.16129032258064513,9dada49e784601183eb3a1e1723ce2d4,,,
5,26,x[11],True,x[11],0.16129032258064513,9dada49e784601183eb3a1e1723ce2d4,,,
5,26,x[11],True,x[11],0.16129032258064513,9dada49e784601183eb3a1e1723ce2d4,,,
5,26,x[11],True,x[11],0.16129032258064513,9dada49e784601183eb3a1e1723ce2d4,,,
5,26,x[11],True,x[11],0.16129032258064513,9dada49e784601183eb3a1e1723ce2d4,,,
5,26,x[11],True,x[11],0.16129032258064513,9dada49e784601183eb3a1e1723ce2d4,,,
5,26,x[11],True,x[11],0.16129032258064513,9dada49e784601183eb3a1e1723ce2d4,,,
5,26,x[11],True,x[11],0.16129032258064513,9dada49e784601183eb3a1e1723ce2d4,,,
5,26,x[11],True,x[11],0.16129032258064513,9dada49e784601183eb3a1e1723ce2d4,,,
5,26,x[11],True,x[11],0.16129032258064513,9dada49e784601183eb3a1e1723ce2d4,,,
5,26,x[11],True,x[11],0.16129032258064513,9dada49e784601183eb3a1e1723ce2d4,,,
5,26,x[11],True,x[11],0.16129032258064513,9dada49e784601183eb3a1e1723ce2d4,,,
5,26,x[11],True,x[11],0.16129032258064513,9dada49e784601183eb3a1e1723ce2d4,,,
5,26,x[9],True,x[9],0.2338709677419355,2e0260aa627dff742f7c723c8367e701,,,
5,26,x[11],True,x[11],0.16129032258064513,9dada49e784601183eb3a1e1723ce2d4,,,
5,26,x[11],True,x[11],0.16129032258064513,9dada49e784601183eb3a1e1723ce2d4,,,
5,26,"greater_than_or_equal(sub(x[5],x[2]), mul(x[0],x[3]))",False,,,f3619c2f5264bce61cd74e8691ee8bf9,0.5806451612903225,False,0.0
5,26,x[11],True,x[11],0.16129032258064513,9dada49e784601183eb3a1e1723ce2d4,,,
5,26,x[11],True,x[11],0.16129032258064513,9dada49e784601183eb3a1e1723ce2d4,,,
5,26,x[11],True,x[11],0.16129032258064513,9dada49e784601183eb3a1e1723ce2d4,,,
5,26,x[11],True,x[11],0.16129032258064513,9dada49e784601183eb3a1e1723ce2d4,,,
5,26,x[11],True,x[11],0.16129032258064513,9dada49e784601183eb3a1e1723ce2d4,,,
5,26,x[11],True,x[11],0.16129032258064513,9dada49e784601183eb3a1e1723ce2d4,,,
5,26,x[11],True,x[11],0.16129032258064513,9dada49e784601183eb3a1e1723ce2d4,,,
5,26,x[11],True,x[11],0.16129032258064513,9dada49e784601183eb3a1e1723ce2d4,,,
5,26,x[11],True,x[11],0.16129032258064513,9dada49e784601183eb3a1e1723ce2d4,,,
5,26,x[11],True,x[11],0.16129032258064513,9dada49e784601183eb3a1e1723ce2d4,,,
5,26,x[11],True,x[11],0.16129032258064513,9dada49e784601183eb3a1e1723ce2d4,,,
5,27,x[11],True,x[11],0.16129032258064513,9dada49e784601183eb3a1e1723ce2d4,,,
5,27,x[11],True,x[11],0.16129032258064513,9dada49e784601183eb3a1e1723ce2d4,,,
5,27,x[11],True,x[11],0.16129032258064513,9dada49e784601183eb3a1e1723ce2d4,,,
5,27,x[11],True,x[11],0.16129032258064513,9dada49e784601183eb3a1e1723ce2d4,,,
5,27,x[11],True,x[11],0.16129032258064513,9dada49e784601183eb3a1e1723ce2d4,,,
5,27,x[11],True,x[11],0.16129032258064513,9dada49e784601183eb3a1e1723ce2d4,,,
5,27,x[11],True,x[11],0.16129032258064513,9dada49e784601183eb3a1e1723ce2d4,,,
5,27,x[11],True,x[11],0.16129032258064513,9dada49e784601183eb3a1e1723ce2d4,,,
5,27,x[11],True,x[11],0.16129032258064513,9dada49e784601183eb3a1e1723ce2d4,,,
5,27,x[11],True,x[11],0.16129032258064513,9dada49e784601183eb3a1e1723ce2d4,,,
5,27,x[11],True,x[11],0.16129032258064513,9dada49e784601183eb3a1e1723ce2d4,,,
5,27,x[11],True,x[11],0.16129032258064513,9dada49e784601183eb3a1e1723ce2d4,,,
5,27,x[11],True,x[11],0.16129032258064513,9dada49e784601183eb3a1e1723ce2d4,,,
5,27,x[11],True,x[11],0.16129032258064513,9dada49e784601183eb3a1e1723ce2d4,,,
5,27,x[11],True,x[11],0.16129032258064513,9dada49e784601183eb3a1e1723ce2d4,,,
5,27,x[11],True,x[11],0.16129032258064513,9dada49e784601183eb3a1e1723ce2d4,,,
5,27,x[11],True,x[11],0.16129032258064513,9dada49e784601183eb3a1e1723ce2d4,,,
5,27,x[11],True,x[11],0.16129032258064513,9dada49e784601183eb3a1e1723ce2d4,,,
5,27,x[11],True,x[11],0.16129032258064513,9dada49e784601183eb3a1e1723ce2d4,,,
5,27,x[11],True,x[11],0.16129032258064513,9dada49e784601183eb3a1e1723ce2d4,,,
5,27,x[11],True,x[11],0.16129032258064513,9dada49e784601183eb3a1e1723ce2d4,,,
5,27,x[11],True,x[11],0.16129032258064513,9dada49e784601183eb3a1e1723ce2d4,,,
5,27,x[11],True,x[11],0.16129032258064513,9dada49e784601183eb3a1e1723ce2d4,,,
5,27,x[11],True,x[11],0.16129032258064513,9dada49e784601183eb3a1e1723ce2d4,,,
5,27,x[11],True,x[11],0.16129032258064513,9dada49e784601183eb3a1e1723ce2d4,,,
5,27,x[11],True,x[11],0.16129032258064513,9dada49e784601183eb3a1e1723ce2d4,,,
5,27,x[11],True,x[11],0.16129032258064513,9dada49e784601183eb3a1e1723ce2d4,,,
5,27,x[11],True,x[11],0.16129032258064513,9dada49e784601183eb3a1e1723ce2d4,,,
5,27,x[11],True,x[11],0.16129032258064513,9dada49e784601183eb3a1e1723ce2d4,,,
5,27,x[11],True,x[11],0.16129032258064513,9dada49e784601183eb3a1e1723ce2d4,,,
5,27,x[11],True,x[11],0.16129032258064513,9dada49e784601183eb3a1e1723ce2d4,,,
5,27,x[11],True,x[11],0.16129032258064513,9dada49e784601183eb3a1e1723ce2d4,,,
5,27,x[11],True,x[11],0.16129032258064513,9dada49e784601183eb3a1e1723ce2d4,,,
5,27,x[11],True,x[11],0.16129032258064513,9dada49e784601183eb3a1e1723ce2d4,,,
5,27,x[11],True,x[11],0.16129032258064513,9dada49e784601183eb3a1e1723ce2d4,,,
5,27,x[11],True,x[11],0.16129032258064513,9dada49e784601183eb3a1e1723ce2d4,,,
5,27,x[11],True,x[11],0.16129032258064513,9dada49e784601183eb3a1e1723ce2d4,,,
5,27,x[11],True,x[11],0.16129032258064513,9dada49e784601183eb3a1e1723ce2d4,,,
5,27,x[11],True,x[11],0.16129032258064513,9dada49e784601183eb3a1e1723ce2d4,,,
5,27,x[11],True,x[11],0.16129032258064513,9dada49e784601183eb3a1e1723ce2d4,,,
5,27,x[11],True,x[11],0.16129032258064513,9dada49e784601183eb3a1e1723ce2d4,,,
5,27,x[11],True,x[11],0.16129032258064513,9dada49e784601183eb3a1e1723ce2d4,,,
5,27,x[11],True,x[11],0.16129032258064513,9dada49e784601183eb3a1e1723ce2d4,,,
5,27,x[11],True,x[11],0.16129032258064513,9dada49e784601183eb3a1e1723ce2d4,,,
5,27,x[11],True,x[11],0.16129032258064513,9dada49e784601183eb3a1e1723ce2d4,,,
5,27,x[11],True,x[11],0.16129032258064513,9dada49e784601183eb3a1e1723ce2d4,,,
5,27,x[11],True,x[11],0.16129032258064513,9dada49e784601183eb3a1e1723ce2d4,,,
5,27,x[11],True,x[11],0.16129032258064513,9dada49e784601183eb3a1e1723ce2d4,,,
5,27,x[11],True,x[11],0.16129032258064513,9dada49e784601183eb3a1e1723ce2d4,,,
5,27,x[11],True,x[11],0.16129032258064513,9dada49e784601183eb3a1e1723ce2d4,,,
5,27,x[11],True,x[11],0.16129032258064513,9dada49e784601183eb3a1e1723ce2d4,,,
5,27,x[11],True,x[11],0.16129032258064513,9dada49e784601183eb3a1e1723ce2d4,,,
5,27,x[11],True,x[11],0.16129032258064513,9dada49e784601183eb3a1e1723ce2d4,,,
5,27,x[11],True,x[11],0.16129032258064513,9dada49e784601183eb3a1e1723ce2d4,,,
5,27,x[11],True,x[11],0.16129032258064513,9dada49e784601183eb3a1e1723ce2d4,,,
5,27,x[11],True,x[11],0.16129032258064513,9dada49e784601183eb3a1e1723ce2d4,,,
5,27,x[11],True,x[11],0.16129032258064513,9dada49e784601183eb3a1e1723ce2d4,,,
5,27,x[11],True,x[11],0.16129032258064513,9dada49e784601183eb3a1e1723ce2d4,,,
5,27,x[11],True,x[11],0.16129032258064513,9dada49e784601183eb3a1e1723ce2d4,,,
5,27,x[11],True,x[11],0.16129032258064513,9dada49e784601183eb3a1e1723ce2d4,,,
5,27,x[11],True,x[11],0.16129032258064513,9dada49e784601183eb3a1e1723ce2d4,,,
5,27,x[11],True,x[11],0.16129032258064513,9dada49e784601183eb3a1e1723ce2d4,,,
5,27,x[11],True,x[11],0.16129032258064513,9dada49e784601183eb3a1e1723ce2d4,,,
5,27,x[10],True,x[10],0.24193548387096775,7424f049dcd7de48c5ec487367408f4f,,,
5,27,x[11],True,x[11],0.16129032258064513,9dada49e784601183eb3a1e1723ce2d4,,,
5,27,x[11],True,x[11],0.16129032258064513,9dada49e784601183eb3a1e1723ce2d4,,,
5,27,x[1],True,x[1],0.685483870967742,48150b63a14de07ac8ada4efd9d4896c,,,
5,27,x[11],True,x[11],0.16129032258064513,9dada49e784601183eb3a1e1723ce2d4,,,
5,27,x[11],True,x[11],0.16129032258064513,9dada49e784601183eb3a1e1723ce2d4,,,
5,27,x[11],True,x[11],0.16129032258064513,9dada49e784601183eb3a1e1723ce2d4,,,
5,27,x[11],True,x[11],0.16129032258064513,9dada49e784601183eb3a1e1723ce2d4,,,
5,27,x[11],True,x[11],0.16129032258064513,9dada49e784601183eb3a1e1723ce2d4,,,
5,27,x[14],True,x[14],0.22580645161290325,5184b187f6f474f266ff1a9e52a8b41f,,,
5,27,x[11],True,x[11],0.16129032258064513,9dada49e784601183eb3a1e1723ce2d4,,,
5,27,x[11],True,x[11],0.16129032258064513,9dada49e784601183eb3a1e1723ce2d4,,,
5,27,x[11],True,x[11],0.16129032258064513,9dada49e784601183eb3a1e1723ce2d4,,,
5,27,x[11],True,x[11],0.16129032258064513,9dada49e784601183eb3a1e1723ce2d4,,,
5,27,x[11],True,x[11],0.16129032258064513,9dada49e784601183eb3a1e1723ce2d4,,,
5,27,x[18],True,x[18],0.6451612903225806,6a4c84e0915d9d2b86d121e994683436,,,
5,27,x[11],True,x[11],0.16129032258064513,9dada49e784601183eb3a1e1723ce2d4,,,
5,27,x[11],True,x[11],0.16129032258064513,9dada49e784601183eb3a1e1723ce2d4,,,
5,27,x[11],True,x[11],0.16129032258064513,9dada49e784601183eb3a1e1723ce2d4,,,
5,27,x[11],True,x[11],0.16129032258064513,9dada49e784601183eb3a1e1723ce2d4,,,
5,27,x[11],True,x[11],0.16129032258064513,9dada49e784601183eb3a1e1723ce2d4,,,
5,27,x[11],True,x[11],0.16129032258064513,9dada49e784601183eb3a1e1723ce2d4,,,
5,27,x[11],True,x[11],0.16129032258064513,9dada49e784601183eb3a1e1723ce2d4,,,
5,27,x[11],True,x[11],0.16129032258064513,9dada49e784601183eb3a1e1723ce2d4,,,
5,27,x[11],True,x[11],0.16129032258064513,9dada49e784601183eb3a1e1723ce2d4,,,
5,27,x[11],True,x[11],0.16129032258064513,9dada49e784601183eb3a1e1723ce2d4,,,
5,27,x[11],True,x[11],0.16129032258064513,9dada49e784601183eb3a1e1723ce2d4,,,
5,27,x[11],True,x[11],0.16129032258064513,9dada49e784601183eb3a1e1723ce2d4,,,
5,27,x[17],True,x[17],0.217741935483871,078a7ef4b1d424e54e976f158f2a5fa5,,,
5,27,x[11],True,x[11],0.16129032258064513,9dada49e784601183eb3a1e1723ce2d4,,,
5,27,x[11],True,x[11],0.16129032258064513,9dada49e784601183eb3a1e1723ce2d4,,,
5,27,x[11],True,x[11],0.16129032258064513,9dada49e784601183eb3a1e1723ce2d4,,,
5,27,x[11],True,x[11],0.16129032258064513,9dada49e784601183eb3a1e1723ce2d4,,,
5,27,x[11],True,x[11],0.16129032258064513,9dada49e784601183eb3a1e1723ce2d4,,,
5,27,x[11],True,x[11],0.16129032258064513,9dada49e784601183eb3a1e1723ce2d4,,,
5,27,"not_(and_(not_(less_than_or_equal(x[0],x[0])),not_(x[17])))",True,"or_(x[13],x[13])",0.217741935483871,36111fea987f400a898cb3f2f5b81685,,,
5,27,x[11],True,x[11],0.16129032258064513,9dada49e784601183eb3a1e1723ce2d4,,,
5,27,x[11],True,x[11],0.16129032258064513,9dada49e784601183eb3a1e1723ce2d4,,,
5,27,x[11],True,x[11],0.16129032258064513,9dada49e784601183eb3a1e1723ce2d4,,,
5,27,x[11],True,x[11],0.16129032258064513,9dada49e784601183eb3a1e1723ce2d4,,,
5,27,x[11],True,x[11],0.16129032258064513,9dada49e784601183eb3a1e1723ce2d4,,,
5,27,x[11],True,x[11],0.16129032258064513,9dada49e784601183eb3a1e1723ce2d4,,,
5,27,x[11],True,x[11],0.16129032258064513,9dada49e784601183eb3a1e1723ce2d4,,,
5,27,x[11],True,x[11],0.16129032258064513,9dada49e784601183eb3a1e1723ce2d4,,,
5,27,x[11],True,x[11],0.16129032258064513,9dada49e784601183eb3a1e1723ce2d4,,,
5,27,x[11],True,x[11],0.16129032258064513,9dada49e784601183eb3a1e1723ce2d4,,,
5,27,x[11],True,x[11],0.16129032258064513,9dada49e784601183eb3a1e1723ce2d4,,,
5,27,x[11],True,x[11],0.16129032258064513,9dada49e784601183eb3a1e1723ce2d4,,,
5,27,x[11],True,x[11],0.16129032258064513,9dada49e784601183eb3a1e1723ce2d4,,,
5,27,x[14],True,x[14],0.22580645161290325,5184b187f6f474f266ff1a9e52a8b41f,,,
5,27,x[11],True,x[11],0.16129032258064513,9dada49e784601183eb3a1e1723ce2d4,,,
5,27,x[11],True,x[11],0.16129032258064513,9dada49e784601183eb3a1e1723ce2d4,,,
5,27,x[11],True,x[11],0.16129032258064513,9dada49e784601183eb3a1e1723ce2d4,,,
5,27,x[11],True,x[11],0.16129032258064513,9dada49e784601183eb3a1e1723ce2d4,,,
5,27,x[11],True,x[11],0.16129032258064513,9dada49e784601183eb3a1e1723ce2d4,,,
5,27,x[11],True,x[11],0.16129032258064513,9dada49e784601183eb3a1e1723ce2d4,,,
5,27,x[11],True,x[11],0.16129032258064513,9dada49e784601183eb3a1e1723ce2d4,,,
5,27,x[11],True,x[11],0.16129032258064513,9dada49e784601183eb3a1e1723ce2d4,,,
5,27,x[11],True,x[11],0.16129032258064513,9dada49e784601183eb3a1e1723ce2d4,,,
5,27,x[11],True,x[11],0.16129032258064513,9dada49e784601183eb3a1e1723ce2d4,,,
5,27,x[11],True,x[11],0.16129032258064513,9dada49e784601183eb3a1e1723ce2d4,,,
5,27,x[11],True,x[11],0.16129032258064513,9dada49e784601183eb3a1e1723ce2d4,,,
5,27,x[11],True,x[11],0.16129032258064513,9dada49e784601183eb3a1e1723ce2d4,,,
5,27,x[11],True,x[11],0.16129032258064513,9dada49e784601183eb3a1e1723ce2d4,,,
5,27,x[11],True,x[11],0.16129032258064513,9dada49e784601183eb3a1e1723ce2d4,,,
5,27,x[11],True,x[11],0.16129032258064513,9dada49e784601183eb3a1e1723ce2d4,,,
5,27,x[11],True,x[11],0.16129032258064513,9dada49e784601183eb3a1e1723ce2d4,,,
5,27,x[11],True,x[11],0.16129032258064513,9dada49e784601183eb3a1e1723ce2d4,,,
5,27,x[11],True,x[11],0.16129032258064513,9dada49e784601183eb3a1e1723ce2d4,,,
5,27,x[11],True,x[11],0.16129032258064513,9dada49e784601183eb3a1e1723ce2d4,,,
5,27,x[6],True,x[6],0.30645161290322576,d902aea98596abf07e07d9c42be380bf,,,
5,27,x[11],True,x[11],0.16129032258064513,9dada49e784601183eb3a1e1723ce2d4,,,
5,27,x[11],True,x[11],0.16129032258064513,9dada49e784601183eb3a1e1723ce2d4,,,
5,27,x[11],True,x[11],0.16129032258064513,9dada49e784601183eb3a1e1723ce2d4,,,
5,27,x[11],True,x[11],0.16129032258064513,9dada49e784601183eb3a1e1723ce2d4,,,
5,27,x[11],True,x[11],0.16129032258064513,9dada49e784601183eb3a1e1723ce2d4,,,
5,27,x[11],True,x[11],0.16129032258064513,9dada49e784601183eb3a1e1723ce2d4,,,
5,27,x[11],True,x[11],0.16129032258064513,9dada49e784601183eb3a1e1723ce2d4,,,
5,27,x[11],True,x[11],0.16129032258064513,9dada49e784601183eb3a1e1723ce2d4,,,
5,27,x[11],True,x[11],0.16129032258064513,9dada49e784601183eb3a1e1723ce2d4,,,
5,27,x[11],True,x[11],0.16129032258064513,9dada49e784601183eb3a1e1723ce2d4,,,
5,27,x[11],True,x[11],0.16129032258064513,9dada49e784601183eb3a1e1723ce2d4,,,
5,27,x[11],True,x[11],0.16129032258064513,9dada49e784601183eb3a1e1723ce2d4,,,
5,27,x[11],True,x[11],0.16129032258064513,9dada49e784601183eb3a1e1723ce2d4,,,
5,27,x[11],True,x[11],0.16129032258064513,9dada49e784601183eb3a1e1723ce2d4,,,
5,27,x[11],True,x[11],0.16129032258064513,9dada49e784601183eb3a1e1723ce2d4,,,
5,27,x[11],True,x[11],0.16129032258064513,9dada49e784601183eb3a1e1723ce2d4,,,
5,27,x[11],True,x[11],0.16129032258064513,9dada49e784601183eb3a1e1723ce2d4,,,
5,27,x[11],True,x[11],0.16129032258064513,9dada49e784601183eb3a1e1723ce2d4,,,
5,27,x[11],True,x[11],0.16129032258064513,9dada49e784601183eb3a1e1723ce2d4,,,
5,27,x[11],True,x[11],0.16129032258064513,9dada49e784601183eb3a1e1723ce2d4,,,
5,27,x[11],True,x[11],0.16129032258064513,9dada49e784601183eb3a1e1723ce2d4,,,
5,27,x[11],True,x[11],0.16129032258064513,9dada49e784601183eb3a1e1723ce2d4,,,
5,27,x[11],True,x[11],0.16129032258064513,9dada49e784601183eb3a1e1723ce2d4,,,
5,27,x[11],True,x[11],0.16129032258064513,9dada49e784601183eb3a1e1723ce2d4,,,
5,27,x[11],True,x[11],0.16129032258064513,9dada49e784601183eb3a1e1723ce2d4,,,
5,27,x[11],True,x[11],0.16129032258064513,9dada49e784601183eb3a1e1723ce2d4,,,
5,27,x[15],True,x[15],0.22580645161290325,301bd409bd67cc588ceaa53a6f5220a4,,,
5,27,x[11],True,x[11],0.16129032258064513,9dada49e784601183eb3a1e1723ce2d4,,,
5,27,x[11],True,x[11],0.16129032258064513,9dada49e784601183eb3a1e1723ce2d4,,,
5,27,x[11],True,x[11],0.16129032258064513,9dada49e784601183eb3a1e1723ce2d4,,,
5,27,x[11],True,x[11],0.16129032258064513,9dada49e784601183eb3a1e1723ce2d4,,,
5,27,x[11],True,x[11],0.16129032258064513,9dada49e784601183eb3a1e1723ce2d4,,,
5,27,x[11],True,x[11],0.16129032258064513,9dada49e784601183eb3a1e1723ce2d4,,,
5,27,x[11],True,x[11],0.16129032258064513,9dada49e784601183eb3a1e1723ce2d4,,,
5,27,x[14],True,x[14],0.22580645161290325,5184b187f6f474f266ff1a9e52a8b41f,,,
5,27,x[11],True,x[11],0.16129032258064513,9dada49e784601183eb3a1e1723ce2d4,,,
5,27,x[11],True,x[11],0.16129032258064513,9dada49e784601183eb3a1e1723ce2d4,,,
5,27,x[11],True,x[11],0.16129032258064513,9dada49e784601183eb3a1e1723ce2d4,,,
5,27,x[11],True,x[11],0.16129032258064513,9dada49e784601183eb3a1e1723ce2d4,,,
5,27,x[11],True,x[11],0.16129032258064513,9dada49e784601183eb3a1e1723ce2d4,,,
5,27,x[11],True,x[11],0.16129032258064513,9dada49e784601183eb3a1e1723ce2d4,,,
5,27,x[11],True,x[11],0.16129032258064513,9dada49e784601183eb3a1e1723ce2d4,,,
5,27,x[11],True,x[11],0.16129032258064513,9dada49e784601183eb3a1e1723ce2d4,,,
5,27,x[11],True,x[11],0.16129032258064513,9dada49e784601183eb3a1e1723ce2d4,,,
5,27,x[11],True,x[11],0.16129032258064513,9dada49e784601183eb3a1e1723ce2d4,,,
5,27,x[11],True,x[11],0.16129032258064513,9dada49e784601183eb3a1e1723ce2d4,,,
5,27,x[11],True,x[11],0.16129032258064513,9dada49e784601183eb3a1e1723ce2d4,,,
5,27,x[11],True,x[11],0.16129032258064513,9dada49e784601183eb3a1e1723ce2d4,,,
5,27,x[11],True,x[11],0.16129032258064513,9dada49e784601183eb3a1e1723ce2d4,,,
5,27,x[11],True,x[11],0.16129032258064513,9dada49e784601183eb3a1e1723ce2d4,,,
5,27,x[11],True,x[11],0.16129032258064513,9dada49e784601183eb3a1e1723ce2d4,,,
5,27,x[11],True,x[11],0.16129032258064513,9dada49e784601183eb3a1e1723ce2d4,,,
5,27,x[11],True,x[11],0.16129032258064513,9dada49e784601183eb3a1e1723ce2d4,,,
5,27,x[11],True,x[11],0.16129032258064513,9dada49e784601183eb3a1e1723ce2d4,,,
5,27,x[11],True,x[11],0.16129032258064513,9dada49e784601183eb3a1e1723ce2d4,,,
5,27,x[11],True,x[11],0.16129032258064513,9dada49e784601183eb3a1e1723ce2d4,,,
5,27,x[11],True,x[11],0.16129032258064513,9dada49e784601183eb3a1e1723ce2d4,,,
5,27,x[11],True,x[11],0.16129032258064513,9dada49e784601183eb3a1e1723ce2d4,,,
5,27,x[11],True,x[11],0.16129032258064513,9dada49e784601183eb3a1e1723ce2d4,,,
5,27,x[11],True,x[11],0.16129032258064513,9dada49e784601183eb3a1e1723ce2d4,,,
5,27,x[14],True,x[14],0.22580645161290325,5184b187f6f474f266ff1a9e52a8b41f,,,
5,27,x[4],True,x[4],0.49193548387096775,c062f6f76dec194bafe0ddbf91add8d9,,,
5,27,x[11],True,x[11],0.16129032258064513,9dada49e784601183eb3a1e1723ce2d4,,,
5,27,x[11],True,x[11],0.16129032258064513,9dada49e784601183eb3a1e1723ce2d4,,,
5,27,x[11],True,x[11],0.16129032258064513,9dada49e784601183eb3a1e1723ce2d4,,,
5,27,x[11],True,x[11],0.16129032258064513,9dada49e784601183eb3a1e1723ce2d4,,,
5,27,x[11],True,x[11],0.16129032258064513,9dada49e784601183eb3a1e1723ce2d4,,,
5,27,x[11],True,x[11],0.16129032258064513,9dada49e784601183eb3a1e1723ce2d4,,,
5,27,x[11],True,x[11],0.16129032258064513,9dada49e784601183eb3a1e1723ce2d4,,,
5,27,x[11],True,x[11],0.16129032258064513,9dada49e784601183eb3a1e1723ce2d4,,,
5,27,x[11],True,x[11],0.16129032258064513,9dada49e784601183eb3a1e1723ce2d4,,,
5,27,x[11],True,x[11],0.16129032258064513,9dada49e784601183eb3a1e1723ce2d4,,,
5,27,x[11],True,x[11],0.16129032258064513,9dada49e784601183eb3a1e1723ce2d4,,,
5,27,x[11],True,x[11],0.16129032258064513,9dada49e784601183eb3a1e1723ce2d4,,,
5,27,x[11],True,x[11],0.16129032258064513,9dada49e784601183eb3a1e1723ce2d4,,,
5,27,x[11],True,x[11],0.16129032258064513,9dada49e784601183eb3a1e1723ce2d4,,,
5,27,x[8],True,x[8],0.4354838709677419,8c6b56831adf589cc7ca352d27aafe6d,,,
5,27,x[11],True,x[11],0.16129032258064513,9dada49e784601183eb3a1e1723ce2d4,,,
5,27,x[11],True,x[11],0.16129032258064513,9dada49e784601183eb3a1e1723ce2d4,,,
5,27,x[11],True,x[11],0.16129032258064513,9dada49e784601183eb3a1e1723ce2d4,,,
5,27,x[11],True,x[11],0.16129032258064513,9dada49e784601183eb3a1e1723ce2d4,,,
5,27,x[14],True,x[14],0.22580645161290325,5184b187f6f474f266ff1a9e52a8b41f,,,
5,27,x[11],True,x[11],0.16129032258064513,9dada49e784601183eb3a1e1723ce2d4,,,
5,27,x[11],True,x[11],0.16129032258064513,9dada49e784601183eb3a1e1723ce2d4,,,
5,27,x[11],True,x[11],0.16129032258064513,9dada49e784601183eb3a1e1723ce2d4,,,
5,27,x[11],True,x[11],0.16129032258064513,9dada49e784601183eb3a1e1723ce2d4,,,
5,27,x[11],True,x[11],0.16129032258064513,9dada49e784601183eb3a1e1723ce2d4,,,
5,27,x[11],True,x[11],0.16129032258064513,9dada49e784601183eb3a1e1723ce2d4,,,
5,27,x[11],True,x[11],0.16129032258064513,9dada49e784601183eb3a1e1723ce2d4,,,
5,27,x[11],True,x[11],0.16129032258064513,9dada49e784601183eb3a1e1723ce2d4,,,
5,27,x[11],True,x[11],0.16129032258064513,9dada49e784601183eb3a1e1723ce2d4,,,
5,27,x[11],True,x[11],0.16129032258064513,9dada49e784601183eb3a1e1723ce2d4,,,
5,27,x[11],True,x[11],0.16129032258064513,9dada49e784601183eb3a1e1723ce2d4,,,
5,27,x[11],True,x[11],0.16129032258064513,9dada49e784601183eb3a1e1723ce2d4,,,
5,27,x[11],True,x[11],0.16129032258064513,9dada49e784601183eb3a1e1723ce2d4,,,
5,27,x[11],True,x[11],0.16129032258064513,9dada49e784601183eb3a1e1723ce2d4,,,
5,27,x[11],True,x[11],0.16129032258064513,9dada49e784601183eb3a1e1723ce2d4,,,
5,27,x[11],True,x[11],0.16129032258064513,9dada49e784601183eb3a1e1723ce2d4,,,
5,27,x[11],True,x[11],0.16129032258064513,9dada49e784601183eb3a1e1723ce2d4,,,
5,27,x[11],True,x[11],0.16129032258064513,9dada49e784601183eb3a1e1723ce2d4,,,
5,27,x[11],True,x[11],0.16129032258064513,9dada49e784601183eb3a1e1723ce2d4,,,
5,27,x[11],True,x[11],0.16129032258064513,9dada49e784601183eb3a1e1723ce2d4,,,
5,27,x[11],True,x[11],0.16129032258064513,9dada49e784601183eb3a1e1723ce2d4,,,
5,27,x[11],True,x[11],0.16129032258064513,9dada49e784601183eb3a1e1723ce2d4,,,
5,27,x[11],True,x[11],0.16129032258064513,9dada49e784601183eb3a1e1723ce2d4,,,
5,27,x[11],True,x[11],0.16129032258064513,9dada49e784601183eb3a1e1723ce2d4,,,
5,27,x[11],True,x[11],0.16129032258064513,9dada49e784601183eb3a1e1723ce2d4,,,
5,27,x[11],True,x[11],0.16129032258064513,9dada49e784601183eb3a1e1723ce2d4,,,
5,27,x[11],True,x[11],0.16129032258064513,9dada49e784601183eb3a1e1723ce2d4,,,
5,27,x[11],True,x[11],0.16129032258064513,9dada49e784601183eb3a1e1723ce2d4,,,
5,27,x[11],True,x[11],0.16129032258064513,9dada49e784601183eb3a1e1723ce2d4,,,
5,27,x[11],True,x[11],0.16129032258064513,9dada49e784601183eb3a1e1723ce2d4,,,
5,27,x[11],True,x[11],0.16129032258064513,9dada49e784601183eb3a1e1723ce2d4,,,
5,27,x[11],True,x[11],0.16129032258064513,9dada49e784601183eb3a1e1723ce2d4,,,
5,27,x[11],True,x[11],0.16129032258064513,9dada49e784601183eb3a1e1723ce2d4,,,
5,27,x[11],True,x[11],0.16129032258064513,9dada49e784601183eb3a1e1723ce2d4,,,
5,27,x[11],True,x[11],0.16129032258064513,9dada49e784601183eb3a1e1723ce2d4,,,
5,27,x[11],True,x[11],0.16129032258064513,9dada49e784601183eb3a1e1723ce2d4,,,
5,27,x[11],True,x[11],0.16129032258064513,9dada49e784601183eb3a1e1723ce2d4,,,
5,27,x[11],True,x[11],0.16129032258064513,9dada49e784601183eb3a1e1723ce2d4,,,
5,27,x[11],True,x[11],0.16129032258064513,9dada49e784601183eb3a1e1723ce2d4,,,
5,27,x[11],True,x[11],0.16129032258064513,9dada49e784601183eb3a1e1723ce2d4,,,
5,27,x[11],True,x[11],0.16129032258064513,9dada49e784601183eb3a1e1723ce2d4,,,
5,27,x[11],True,x[11],0.16129032258064513,9dada49e784601183eb3a1e1723ce2d4,,,
5,27,x[11],True,x[11],0.16129032258064513,9dada49e784601183eb3a1e1723ce2d4,,,
5,27,x[11],True,x[11],0.16129032258064513,9dada49e784601183eb3a1e1723ce2d4,,,
5,27,x[11],True,x[11],0.16129032258064513,9dada49e784601183eb3a1e1723ce2d4,,,
5,27,x[11],True,x[11],0.16129032258064513,9dada49e784601183eb3a1e1723ce2d4,,,
5,27,x[11],True,x[11],0.16129032258064513,9dada49e784601183eb3a1e1723ce2d4,,,
5,27,x[18],True,x[18],0.6451612903225806,6a4c84e0915d9d2b86d121e994683436,,,
5,27,x[11],True,x[11],0.16129032258064513,9dada49e784601183eb3a1e1723ce2d4,,,
5,27,x[11],True,x[11],0.16129032258064513,9dada49e784601183eb3a1e1723ce2d4,,,
5,27,x[11],True,x[11],0.16129032258064513,9dada49e784601183eb3a1e1723ce2d4,,,
5,27,x[11],True,x[11],0.16129032258064513,9dada49e784601183eb3a1e1723ce2d4,,,
5,27,x[11],True,x[11],0.16129032258064513,9dada49e784601183eb3a1e1723ce2d4,,,
5,27,x[6],True,x[6],0.30645161290322576,d902aea98596abf07e07d9c42be380bf,,,
5,27,x[11],True,x[11],0.16129032258064513,9dada49e784601183eb3a1e1723ce2d4,,,
5,27,x[11],True,x[11],0.16129032258064513,9dada49e784601183eb3a1e1723ce2d4,,,
5,27,x[18],True,x[18],0.6451612903225806,6a4c84e0915d9d2b86d121e994683436,,,
5,27,x[11],True,x[11],0.16129032258064513,9dada49e784601183eb3a1e1723ce2d4,,,
5,27,x[11],True,x[11],0.16129032258064513,9dada49e784601183eb3a1e1723ce2d4,,,
5,27,x[11],True,x[11],0.16129032258064513,9dada49e784601183eb3a1e1723ce2d4,,,
5,27,x[11],True,x[11],0.16129032258064513,9dada49e784601183eb3a1e1723ce2d4,,,
5,27,x[11],True,x[11],0.16129032258064513,9dada49e784601183eb3a1e1723ce2d4,,,
5,27,x[11],True,x[11],0.16129032258064513,9dada49e784601183eb3a1e1723ce2d4,,,
5,27,x[11],True,x[11],0.16129032258064513,9dada49e784601183eb3a1e1723ce2d4,,,
5,27,x[11],True,x[11],0.16129032258064513,9dada49e784601183eb3a1e1723ce2d4,,,
5,27,x[11],True,x[11],0.16129032258064513,9dada49e784601183eb3a1e1723ce2d4,,,
5,27,x[11],True,x[11],0.16129032258064513,9dada49e784601183eb3a1e1723ce2d4,,,
5,27,x[11],True,x[11],0.16129032258064513,9dada49e784601183eb3a1e1723ce2d4,,,
5,27,x[11],True,x[11],0.16129032258064513,9dada49e784601183eb3a1e1723ce2d4,,,
5,27,x[11],True,x[11],0.16129032258064513,9dada49e784601183eb3a1e1723ce2d4,,,
5,27,x[11],True,x[11],0.16129032258064513,9dada49e784601183eb3a1e1723ce2d4,,,
5,27,x[11],True,x[11],0.16129032258064513,9dada49e784601183eb3a1e1723ce2d4,,,
5,27,x[11],True,x[11],0.16129032258064513,9dada49e784601183eb3a1e1723ce2d4,,,
5,27,x[11],True,x[11],0.16129032258064513,9dada49e784601183eb3a1e1723ce2d4,,,
5,27,x[11],True,x[11],0.16129032258064513,9dada49e784601183eb3a1e1723ce2d4,,,
5,27,x[11],True,x[11],0.16129032258064513,9dada49e784601183eb3a1e1723ce2d4,,,
5,27,x[11],True,x[11],0.16129032258064513,9dada49e784601183eb3a1e1723ce2d4,,,
5,27,x[11],True,x[11],0.16129032258064513,9dada49e784601183eb3a1e1723ce2d4,,,
5,27,x[11],True,x[11],0.16129032258064513,9dada49e784601183eb3a1e1723ce2d4,,,
5,27,x[11],True,x[11],0.16129032258064513,9dada49e784601183eb3a1e1723ce2d4,,,
5,27,x[6],True,x[6],0.30645161290322576,d902aea98596abf07e07d9c42be380bf,,,
5,27,x[11],True,x[11],0.16129032258064513,9dada49e784601183eb3a1e1723ce2d4,,,
5,27,x[11],True,x[11],0.16129032258064513,9dada49e784601183eb3a1e1723ce2d4,,,
5,27,x[11],True,x[11],0.16129032258064513,9dada49e784601183eb3a1e1723ce2d4,,,
5,27,x[11],True,x[11],0.16129032258064513,9dada49e784601183eb3a1e1723ce2d4,,,
5,27,x[11],True,x[11],0.16129032258064513,9dada49e784601183eb3a1e1723ce2d4,,,
5,27,x[11],True,x[11],0.16129032258064513,9dada49e784601183eb3a1e1723ce2d4,,,
5,27,x[4],True,x[4],0.49193548387096775,c062f6f76dec194bafe0ddbf91add8d9,,,
5,27,x[11],True,x[11],0.16129032258064513,9dada49e784601183eb3a1e1723ce2d4,,,
5,27,x[11],True,x[11],0.16129032258064513,9dada49e784601183eb3a1e1723ce2d4,,,
5,27,x[11],True,x[11],0.16129032258064513,9dada49e784601183eb3a1e1723ce2d4,,,
5,27,x[11],True,x[11],0.16129032258064513,9dada49e784601183eb3a1e1723ce2d4,,,
5,27,x[11],True,x[11],0.16129032258064513,9dada49e784601183eb3a1e1723ce2d4,,,
5,27,x[11],True,x[11],0.16129032258064513,9dada49e784601183eb3a1e1723ce2d4,,,
5,27,x[11],True,x[11],0.16129032258064513,9dada49e784601183eb3a1e1723ce2d4,,,
5,27,x[11],True,x[11],0.16129032258064513,9dada49e784601183eb3a1e1723ce2d4,,,
5,27,x[11],True,x[11],0.16129032258064513,9dada49e784601183eb3a1e1723ce2d4,,,
5,27,x[11],True,x[11],0.16129032258064513,9dada49e784601183eb3a1e1723ce2d4,,,
5,27,x[11],True,x[11],0.16129032258064513,9dada49e784601183eb3a1e1723ce2d4,,,
5,27,x[9],True,x[9],0.2338709677419355,2e0260aa627dff742f7c723c8367e701,,,
5,27,x[11],True,x[11],0.16129032258064513,9dada49e784601183eb3a1e1723ce2d4,,,
5,27,x[11],True,x[11],0.16129032258064513,9dada49e784601183eb3a1e1723ce2d4,,,
5,27,x[11],True,x[11],0.16129032258064513,9dada49e784601183eb3a1e1723ce2d4,,,
5,27,x[11],True,x[11],0.16129032258064513,9dada49e784601183eb3a1e1723ce2d4,,,
5,27,x[14],True,x[14],0.22580645161290325,5184b187f6f474f266ff1a9e52a8b41f,,,
5,27,x[11],True,x[11],0.16129032258064513,9dada49e784601183eb3a1e1723ce2d4,,,
5,27,x[11],True,x[11],0.16129032258064513,9dada49e784601183eb3a1e1723ce2d4,,,
5,27,x[11],True,x[11],0.16129032258064513,9dada49e784601183eb3a1e1723ce2d4,,,
5,27,x[11],True,x[11],0.16129032258064513,9dada49e784601183eb3a1e1723ce2d4,,,
5,27,x[11],True,x[11],0.16129032258064513,9dada49e784601183eb3a1e1723ce2d4,,,
5,27,x[11],True,x[11],0.16129032258064513,9dada49e784601183eb3a1e1723ce2d4,,,
5,27,x[11],True,x[11],0.16129032258064513,9dada49e784601183eb3a1e1723ce2d4,,,
5,27,x[11],True,x[11],0.16129032258064513,9dada49e784601183eb3a1e1723ce2d4,,,
5,27,x[11],True,x[11],0.16129032258064513,9dada49e784601183eb3a1e1723ce2d4,,,
5,27,x[11],True,x[11],0.16129032258064513,9dada49e784601183eb3a1e1723ce2d4,,,
5,27,x[11],True,x[11],0.16129032258064513,9dada49e784601183eb3a1e1723ce2d4,,,
5,27,x[11],True,x[11],0.16129032258064513,9dada49e784601183eb3a1e1723ce2d4,,,
5,27,x[11],True,x[11],0.16129032258064513,9dada49e784601183eb3a1e1723ce2d4,,,
5,27,x[11],True,x[11],0.16129032258064513,9dada49e784601183eb3a1e1723ce2d4,,,
5,27,x[11],True,x[11],0.16129032258064513,9dada49e784601183eb3a1e1723ce2d4,,,
5,27,x[11],True,x[11],0.16129032258064513,9dada49e784601183eb3a1e1723ce2d4,,,
5,27,x[11],True,x[11],0.16129032258064513,9dada49e784601183eb3a1e1723ce2d4,,,
5,27,x[17],True,x[17],0.217741935483871,078a7ef4b1d424e54e976f158f2a5fa5,,,
5,27,x[11],True,x[11],0.16129032258064513,9dada49e784601183eb3a1e1723ce2d4,,,
5,27,x[11],True,x[11],0.16129032258064513,9dada49e784601183eb3a1e1723ce2d4,,,
5,27,x[11],True,x[11],0.16129032258064513,9dada49e784601183eb3a1e1723ce2d4,,,
5,27,x[11],True,x[11],0.16129032258064513,9dada49e784601183eb3a1e1723ce2d4,,,
5,27,x[11],True,x[11],0.16129032258064513,9dada49e784601183eb3a1e1723ce2d4,,,
5,27,x[11],True,x[11],0.16129032258064513,9dada49e784601183eb3a1e1723ce2d4,,,
5,27,x[11],True,x[11],0.16129032258064513,9dada49e784601183eb3a1e1723ce2d4,,,
5,27,x[11],True,x[11],0.16129032258064513,9dada49e784601183eb3a1e1723ce2d4,,,
5,27,x[11],True,x[11],0.16129032258064513,9dada49e784601183eb3a1e1723ce2d4,,,
5,27,x[11],True,x[11],0.16129032258064513,9dada49e784601183eb3a1e1723ce2d4,,,
5,27,x[11],True,x[11],0.16129032258064513,9dada49e784601183eb3a1e1723ce2d4,,,
5,27,x[11],True,x[11],0.16129032258064513,9dada49e784601183eb3a1e1723ce2d4,,,
5,27,x[11],True,x[11],0.16129032258064513,9dada49e784601183eb3a1e1723ce2d4,,,
5,27,x[11],True,x[11],0.16129032258064513,9dada49e784601183eb3a1e1723ce2d4,,,
5,27,x[11],True,x[11],0.16129032258064513,9dada49e784601183eb3a1e1723ce2d4,,,
5,27,x[13],True,x[13],0.217741935483871,060f7b59fcb1852e9befb4d0292eca15,,,
5,27,x[11],True,x[11],0.16129032258064513,9dada49e784601183eb3a1e1723ce2d4,,,
5,27,x[11],True,x[11],0.16129032258064513,9dada49e784601183eb3a1e1723ce2d4,,,
5,27,x[11],True,x[11],0.16129032258064513,9dada49e784601183eb3a1e1723ce2d4,,,
5,27,x[11],True,x[11],0.16129032258064513,9dada49e784601183eb3a1e1723ce2d4,,,
5,27,x[11],True,x[11],0.16129032258064513,9dada49e784601183eb3a1e1723ce2d4,,,
5,27,x[11],True,x[11],0.16129032258064513,9dada49e784601183eb3a1e1723ce2d4,,,
5,27,x[11],True,x[11],0.16129032258064513,9dada49e784601183eb3a1e1723ce2d4,,,
5,27,x[11],True,x[11],0.16129032258064513,9dada49e784601183eb3a1e1723ce2d4,,,
5,27,x[11],True,x[11],0.16129032258064513,9dada49e784601183eb3a1e1723ce2d4,,,
5,27,x[11],True,x[11],0.16129032258064513,9dada49e784601183eb3a1e1723ce2d4,,,
5,27,x[11],True,x[11],0.16129032258064513,9dada49e784601183eb3a1e1723ce2d4,,,
5,27,x[11],True,x[11],0.16129032258064513,9dada49e784601183eb3a1e1723ce2d4,,,
5,27,x[11],True,x[11],0.16129032258064513,9dada49e784601183eb3a1e1723ce2d4,,,
5,27,x[11],True,x[11],0.16129032258064513,9dada49e784601183eb3a1e1723ce2d4,,,
5,27,x[11],True,x[11],0.16129032258064513,9dada49e784601183eb3a1e1723ce2d4,,,
5,27,x[11],True,x[11],0.16129032258064513,9dada49e784601183eb3a1e1723ce2d4,,,
5,27,x[11],True,x[11],0.16129032258064513,9dada49e784601183eb3a1e1723ce2d4,,,
5,27,x[11],True,x[11],0.16129032258064513,9dada49e784601183eb3a1e1723ce2d4,,,
5,27,x[11],True,x[11],0.16129032258064513,9dada49e784601183eb3a1e1723ce2d4,,,
5,27,x[11],True,x[11],0.16129032258064513,9dada49e784601183eb3a1e1723ce2d4,,,
5,27,x[11],True,x[11],0.16129032258064513,9dada49e784601183eb3a1e1723ce2d4,,,
5,28,x[11],True,x[11],0.16129032258064513,9dada49e784601183eb3a1e1723ce2d4,,,
5,28,x[11],True,x[11],0.16129032258064513,9dada49e784601183eb3a1e1723ce2d4,,,
5,28,x[11],True,x[11],0.16129032258064513,9dada49e784601183eb3a1e1723ce2d4,,,
5,28,x[11],True,x[11],0.16129032258064513,9dada49e784601183eb3a1e1723ce2d4,,,
5,28,x[11],True,x[11],0.16129032258064513,9dada49e784601183eb3a1e1723ce2d4,,,
5,28,x[11],True,x[11],0.16129032258064513,9dada49e784601183eb3a1e1723ce2d4,,,
5,28,x[11],True,x[11],0.16129032258064513,9dada49e784601183eb3a1e1723ce2d4,,,
5,28,x[11],True,x[11],0.16129032258064513,9dada49e784601183eb3a1e1723ce2d4,,,
5,28,x[11],True,x[11],0.16129032258064513,9dada49e784601183eb3a1e1723ce2d4,,,
5,28,x[11],True,x[11],0.16129032258064513,9dada49e784601183eb3a1e1723ce2d4,,,
5,28,x[11],True,x[11],0.16129032258064513,9dada49e784601183eb3a1e1723ce2d4,,,
5,28,x[11],True,x[11],0.16129032258064513,9dada49e784601183eb3a1e1723ce2d4,,,
5,28,x[11],True,x[11],0.16129032258064513,9dada49e784601183eb3a1e1723ce2d4,,,
5,28,x[10],True,x[10],0.24193548387096775,7424f049dcd7de48c5ec487367408f4f,,,
5,28,x[11],True,x[11],0.16129032258064513,9dada49e784601183eb3a1e1723ce2d4,,,
5,28,x[11],True,x[11],0.16129032258064513,9dada49e784601183eb3a1e1723ce2d4,,,
5,28,x[11],True,x[11],0.16129032258064513,9dada49e784601183eb3a1e1723ce2d4,,,
5,28,x[11],True,x[11],0.16129032258064513,9dada49e784601183eb3a1e1723ce2d4,,,
5,28,x[11],True,x[11],0.16129032258064513,9dada49e784601183eb3a1e1723ce2d4,,,
5,28,x[14],True,x[14],0.22580645161290325,5184b187f6f474f266ff1a9e52a8b41f,,,
5,28,x[11],True,x[11],0.16129032258064513,9dada49e784601183eb3a1e1723ce2d4,,,
5,28,x[11],True,x[11],0.16129032258064513,9dada49e784601183eb3a1e1723ce2d4,,,
5,28,x[11],True,x[11],0.16129032258064513,9dada49e784601183eb3a1e1723ce2d4,,,
5,28,x[11],True,x[11],0.16129032258064513,9dada49e784601183eb3a1e1723ce2d4,,,
5,28,x[11],True,x[11],0.16129032258064513,9dada49e784601183eb3a1e1723ce2d4,,,
5,28,x[11],True,x[11],0.16129032258064513,9dada49e784601183eb3a1e1723ce2d4,,,
5,28,x[11],True,x[11],0.16129032258064513,9dada49e784601183eb3a1e1723ce2d4,,,
5,28,x[11],True,x[11],0.16129032258064513,9dada49e784601183eb3a1e1723ce2d4,,,
5,28,x[11],True,x[11],0.16129032258064513,9dada49e784601183eb3a1e1723ce2d4,,,
5,28,x[11],True,x[11],0.16129032258064513,9dada49e784601183eb3a1e1723ce2d4,,,
5,28,x[11],True,x[11],0.16129032258064513,9dada49e784601183eb3a1e1723ce2d4,,,
5,28,x[11],True,x[11],0.16129032258064513,9dada49e784601183eb3a1e1723ce2d4,,,
5,28,x[11],True,x[11],0.16129032258064513,9dada49e784601183eb3a1e1723ce2d4,,,
5,28,x[11],True,x[11],0.16129032258064513,9dada49e784601183eb3a1e1723ce2d4,,,
5,28,x[11],True,x[11],0.16129032258064513,9dada49e784601183eb3a1e1723ce2d4,,,
5,28,x[11],True,x[11],0.16129032258064513,9dada49e784601183eb3a1e1723ce2d4,,,
5,28,x[11],True,x[11],0.16129032258064513,9dada49e784601183eb3a1e1723ce2d4,,,
5,28,x[11],True,x[11],0.16129032258064513,9dada49e784601183eb3a1e1723ce2d4,,,
5,28,x[11],True,x[11],0.16129032258064513,9dada49e784601183eb3a1e1723ce2d4,,,
5,28,x[11],True,x[11],0.16129032258064513,9dada49e784601183eb3a1e1723ce2d4,,,
5,28,x[11],True,x[11],0.16129032258064513,9dada49e784601183eb3a1e1723ce2d4,,,
5,28,x[11],True,x[11],0.16129032258064513,9dada49e784601183eb3a1e1723ce2d4,,,
5,28,x[11],True,x[11],0.16129032258064513,9dada49e784601183eb3a1e1723ce2d4,,,
5,28,x[11],True,x[11],0.16129032258064513,9dada49e784601183eb3a1e1723ce2d4,,,
5,28,x[11],True,x[11],0.16129032258064513,9dada49e784601183eb3a1e1723ce2d4,,,
5,28,x[11],True,x[11],0.16129032258064513,9dada49e784601183eb3a1e1723ce2d4,,,
5,28,x[11],True,x[11],0.16129032258064513,9dada49e784601183eb3a1e1723ce2d4,,,
5,28,x[11],True,x[11],0.16129032258064513,9dada49e784601183eb3a1e1723ce2d4,,,
5,28,x[11],True,x[11],0.16129032258064513,9dada49e784601183eb3a1e1723ce2d4,,,
5,28,x[11],True,x[11],0.16129032258064513,9dada49e784601183eb3a1e1723ce2d4,,,
5,28,x[11],True,x[11],0.16129032258064513,9dada49e784601183eb3a1e1723ce2d4,,,
5,28,x[11],True,x[11],0.16129032258064513,9dada49e784601183eb3a1e1723ce2d4,,,
5,28,x[11],True,x[11],0.16129032258064513,9dada49e784601183eb3a1e1723ce2d4,,,
5,28,x[11],True,x[11],0.16129032258064513,9dada49e784601183eb3a1e1723ce2d4,,,
5,28,x[11],True,x[11],0.16129032258064513,9dada49e784601183eb3a1e1723ce2d4,,,
5,28,x[11],True,x[11],0.16129032258064513,9dada49e784601183eb3a1e1723ce2d4,,,
5,28,x[11],True,x[11],0.16129032258064513,9dada49e784601183eb3a1e1723ce2d4,,,
5,28,x[11],True,x[11],0.16129032258064513,9dada49e784601183eb3a1e1723ce2d4,,,
5,28,x[11],True,x[11],0.16129032258064513,9dada49e784601183eb3a1e1723ce2d4,,,
5,28,x[11],True,x[11],0.16129032258064513,9dada49e784601183eb3a1e1723ce2d4,,,
5,28,x[11],True,x[11],0.16129032258064513,9dada49e784601183eb3a1e1723ce2d4,,,
5,28,x[11],True,x[11],0.16129032258064513,9dada49e784601183eb3a1e1723ce2d4,,,
5,28,x[11],True,x[11],0.16129032258064513,9dada49e784601183eb3a1e1723ce2d4,,,
5,28,x[11],True,x[11],0.16129032258064513,9dada49e784601183eb3a1e1723ce2d4,,,
5,28,x[11],True,x[11],0.16129032258064513,9dada49e784601183eb3a1e1723ce2d4,,,
5,28,x[11],True,x[11],0.16129032258064513,9dada49e784601183eb3a1e1723ce2d4,,,
5,28,x[11],True,x[11],0.16129032258064513,9dada49e784601183eb3a1e1723ce2d4,,,
5,28,x[11],True,x[11],0.16129032258064513,9dada49e784601183eb3a1e1723ce2d4,,,
5,28,x[11],True,x[11],0.16129032258064513,9dada49e784601183eb3a1e1723ce2d4,,,
5,28,x[11],True,x[11],0.16129032258064513,9dada49e784601183eb3a1e1723ce2d4,,,
5,28,x[11],True,x[11],0.16129032258064513,9dada49e784601183eb3a1e1723ce2d4,,,
5,28,x[11],True,x[11],0.16129032258064513,9dada49e784601183eb3a1e1723ce2d4,,,
5,28,x[11],True,x[11],0.16129032258064513,9dada49e784601183eb3a1e1723ce2d4,,,
5,28,x[11],True,x[11],0.16129032258064513,9dada49e784601183eb3a1e1723ce2d4,,,
5,28,x[11],True,x[11],0.16129032258064513,9dada49e784601183eb3a1e1723ce2d4,,,
5,28,x[11],True,x[11],0.16129032258064513,9dada49e784601183eb3a1e1723ce2d4,,,
5,28,x[11],True,x[11],0.16129032258064513,9dada49e784601183eb3a1e1723ce2d4,,,
5,28,x[11],True,x[11],0.16129032258064513,9dada49e784601183eb3a1e1723ce2d4,,,
5,28,x[11],True,x[11],0.16129032258064513,9dada49e784601183eb3a1e1723ce2d4,,,
5,28,x[11],True,x[11],0.16129032258064513,9dada49e784601183eb3a1e1723ce2d4,,,
5,28,x[11],True,x[11],0.16129032258064513,9dada49e784601183eb3a1e1723ce2d4,,,
5,28,x[11],True,x[11],0.16129032258064513,9dada49e784601183eb3a1e1723ce2d4,,,
5,28,x[11],True,x[11],0.16129032258064513,9dada49e784601183eb3a1e1723ce2d4,,,
5,28,x[16],True,x[16],0.217741935483871,2b4aec85a499a1f7baf764b48bcf9178,,,
5,28,x[12],True,x[12],0.18548387096774188,0d372214e94f96a8c686509e4d084014,,,
5,28,x[11],True,x[11],0.16129032258064513,9dada49e784601183eb3a1e1723ce2d4,,,
5,28,x[11],True,x[11],0.16129032258064513,9dada49e784601183eb3a1e1723ce2d4,,,
5,28,x[11],True,x[11],0.16129032258064513,9dada49e784601183eb3a1e1723ce2d4,,,
5,28,x[11],True,x[11],0.16129032258064513,9dada49e784601183eb3a1e1723ce2d4,,,
5,28,x[11],True,x[11],0.16129032258064513,9dada49e784601183eb3a1e1723ce2d4,,,
5,28,x[11],True,x[11],0.16129032258064513,9dada49e784601183eb3a1e1723ce2d4,,,
5,28,x[11],True,x[11],0.16129032258064513,9dada49e784601183eb3a1e1723ce2d4,,,
5,28,x[11],True,x[11],0.16129032258064513,9dada49e784601183eb3a1e1723ce2d4,,,
5,28,x[11],True,x[11],0.16129032258064513,9dada49e784601183eb3a1e1723ce2d4,,,
5,28,x[11],True,x[11],0.16129032258064513,9dada49e784601183eb3a1e1723ce2d4,,,
5,28,x[11],True,x[11],0.16129032258064513,9dada49e784601183eb3a1e1723ce2d4,,,
5,28,x[11],True,x[11],0.16129032258064513,9dada49e784601183eb3a1e1723ce2d4,,,
5,28,x[11],True,x[11],0.16129032258064513,9dada49e784601183eb3a1e1723ce2d4,,,
5,28,x[11],True,x[11],0.16129032258064513,9dada49e784601183eb3a1e1723ce2d4,,,
5,28,x[11],True,x[11],0.16129032258064513,9dada49e784601183eb3a1e1723ce2d4,,,
5,28,x[14],True,x[14],0.22580645161290325,5184b187f6f474f266ff1a9e52a8b41f,,,
5,28,x[17],True,x[17],0.217741935483871,078a7ef4b1d424e54e976f158f2a5fa5,,,
5,28,x[11],True,x[11],0.16129032258064513,9dada49e784601183eb3a1e1723ce2d4,,,
5,28,x[11],True,x[11],0.16129032258064513,9dada49e784601183eb3a1e1723ce2d4,,,
5,28,x[11],True,x[11],0.16129032258064513,9dada49e784601183eb3a1e1723ce2d4,,,
5,28,x[11],True,x[11],0.16129032258064513,9dada49e784601183eb3a1e1723ce2d4,,,
5,28,x[11],True,x[11],0.16129032258064513,9dada49e784601183eb3a1e1723ce2d4,,,
5,28,x[11],True,x[11],0.16129032258064513,9dada49e784601183eb3a1e1723ce2d4,,,
5,28,x[11],True,x[11],0.16129032258064513,9dada49e784601183eb3a1e1723ce2d4,,,
5,28,x[11],True,x[11],0.16129032258064513,9dada49e784601183eb3a1e1723ce2d4,,,
5,28,x[8],True,x[8],0.4354838709677419,8c6b56831adf589cc7ca352d27aafe6d,,,
5,28,x[11],True,x[11],0.16129032258064513,9dada49e784601183eb3a1e1723ce2d4,,,
5,28,x[11],True,x[11],0.16129032258064513,9dada49e784601183eb3a1e1723ce2d4,,,
5,28,x[11],True,x[11],0.16129032258064513,9dada49e784601183eb3a1e1723ce2d4,,,
5,28,x[11],True,x[11],0.16129032258064513,9dada49e784601183eb3a1e1723ce2d4,,,
5,28,x[11],True,x[11],0.16129032258064513,9dada49e784601183eb3a1e1723ce2d4,,,
5,28,x[11],True,x[11],0.16129032258064513,9dada49e784601183eb3a1e1723ce2d4,,,
5,28,x[11],True,x[11],0.16129032258064513,9dada49e784601183eb3a1e1723ce2d4,,,
5,28,x[8],True,x[8],0.4354838709677419,8c6b56831adf589cc7ca352d27aafe6d,,,
5,28,x[11],True,x[11],0.16129032258064513,9dada49e784601183eb3a1e1723ce2d4,,,
5,28,x[11],True,x[11],0.16129032258064513,9dada49e784601183eb3a1e1723ce2d4,,,
5,28,x[11],True,x[11],0.16129032258064513,9dada49e784601183eb3a1e1723ce2d4,,,
5,28,x[11],True,x[11],0.16129032258064513,9dada49e784601183eb3a1e1723ce2d4,,,
5,28,x[11],True,x[11],0.16129032258064513,9dada49e784601183eb3a1e1723ce2d4,,,
5,28,x[11],True,x[11],0.16129032258064513,9dada49e784601183eb3a1e1723ce2d4,,,
5,28,x[11],True,x[11],0.16129032258064513,9dada49e784601183eb3a1e1723ce2d4,,,
5,28,x[11],True,x[11],0.16129032258064513,9dada49e784601183eb3a1e1723ce2d4,,,
5,28,x[11],True,x[11],0.16129032258064513,9dada49e784601183eb3a1e1723ce2d4,,,
5,28,x[11],True,x[11],0.16129032258064513,9dada49e784601183eb3a1e1723ce2d4,,,
5,28,x[11],True,x[11],0.16129032258064513,9dada49e784601183eb3a1e1723ce2d4,,,
5,28,x[11],True,x[11],0.16129032258064513,9dada49e784601183eb3a1e1723ce2d4,,,
5,28,x[11],True,x[11],0.16129032258064513,9dada49e784601183eb3a1e1723ce2d4,,,
5,28,x[11],True,x[11],0.16129032258064513,9dada49e784601183eb3a1e1723ce2d4,,,
5,28,x[11],True,x[11],0.16129032258064513,9dada49e784601183eb3a1e1723ce2d4,,,
5,28,x[11],True,x[11],0.16129032258064513,9dada49e784601183eb3a1e1723ce2d4,,,
5,28,x[11],True,x[11],0.16129032258064513,9dada49e784601183eb3a1e1723ce2d4,,,
5,28,x[11],True,x[11],0.16129032258064513,9dada49e784601183eb3a1e1723ce2d4,,,
5,28,x[11],True,x[11],0.16129032258064513,9dada49e784601183eb3a1e1723ce2d4,,,
5,28,x[11],True,x[11],0.16129032258064513,9dada49e784601183eb3a1e1723ce2d4,,,
5,28,x[11],True,x[11],0.16129032258064513,9dada49e784601183eb3a1e1723ce2d4,,,
5,28,x[11],True,x[11],0.16129032258064513,9dada49e784601183eb3a1e1723ce2d4,,,
5,28,x[11],True,x[11],0.16129032258064513,9dada49e784601183eb3a1e1723ce2d4,,,
5,28,x[11],True,x[11],0.16129032258064513,9dada49e784601183eb3a1e1723ce2d4,,,
5,28,x[11],True,x[11],0.16129032258064513,9dada49e784601183eb3a1e1723ce2d4,,,
5,28,x[11],True,x[11],0.16129032258064513,9dada49e784601183eb3a1e1723ce2d4,,,
5,28,x[11],True,x[11],0.16129032258064513,9dada49e784601183eb3a1e1723ce2d4,,,
5,28,x[11],True,x[11],0.16129032258064513,9dada49e784601183eb3a1e1723ce2d4,,,
5,28,x[11],True,x[11],0.16129032258064513,9dada49e784601183eb3a1e1723ce2d4,,,
5,28,x[11],True,x[11],0.16129032258064513,9dada49e784601183eb3a1e1723ce2d4,,,
5,28,x[11],True,x[11],0.16129032258064513,9dada49e784601183eb3a1e1723ce2d4,,,
5,28,x[11],True,x[11],0.16129032258064513,9dada49e784601183eb3a1e1723ce2d4,,,
5,28,x[11],True,x[11],0.16129032258064513,9dada49e784601183eb3a1e1723ce2d4,,,
5,28,x[11],True,x[11],0.16129032258064513,9dada49e784601183eb3a1e1723ce2d4,,,
5,28,x[11],True,x[11],0.16129032258064513,9dada49e784601183eb3a1e1723ce2d4,,,
5,28,x[11],True,x[11],0.16129032258064513,9dada49e784601183eb3a1e1723ce2d4,,,
5,28,x[11],True,x[11],0.16129032258064513,9dada49e784601183eb3a1e1723ce2d4,,,
5,28,x[11],True,x[11],0.16129032258064513,9dada49e784601183eb3a1e1723ce2d4,,,
5,28,x[11],True,x[11],0.16129032258064513,9dada49e784601183eb3a1e1723ce2d4,,,
5,28,x[11],True,x[11],0.16129032258064513,9dada49e784601183eb3a1e1723ce2d4,,,
5,28,x[11],True,x[11],0.16129032258064513,9dada49e784601183eb3a1e1723ce2d4,,,
5,28,x[11],True,x[11],0.16129032258064513,9dada49e784601183eb3a1e1723ce2d4,,,
5,28,x[11],True,x[11],0.16129032258064513,9dada49e784601183eb3a1e1723ce2d4,,,
5,28,x[11],True,x[11],0.16129032258064513,9dada49e784601183eb3a1e1723ce2d4,,,
5,28,x[11],True,x[11],0.16129032258064513,9dada49e784601183eb3a1e1723ce2d4,,,
5,28,x[11],True,x[11],0.16129032258064513,9dada49e784601183eb3a1e1723ce2d4,,,
5,28,x[11],True,x[11],0.16129032258064513,9dada49e784601183eb3a1e1723ce2d4,,,
5,28,x[11],True,x[11],0.16129032258064513,9dada49e784601183eb3a1e1723ce2d4,,,
5,28,x[11],True,x[11],0.16129032258064513,9dada49e784601183eb3a1e1723ce2d4,,,
5,28,x[11],True,x[11],0.16129032258064513,9dada49e784601183eb3a1e1723ce2d4,,,
5,28,x[11],True,x[11],0.16129032258064513,9dada49e784601183eb3a1e1723ce2d4,,,
5,28,x[11],True,x[11],0.16129032258064513,9dada49e784601183eb3a1e1723ce2d4,,,
5,28,x[11],True,x[11],0.16129032258064513,9dada49e784601183eb3a1e1723ce2d4,,,
5,28,x[11],True,x[11],0.16129032258064513,9dada49e784601183eb3a1e1723ce2d4,,,
5,28,x[11],True,x[11],0.16129032258064513,9dada49e784601183eb3a1e1723ce2d4,,,
5,28,x[15],True,x[15],0.22580645161290325,301bd409bd67cc588ceaa53a6f5220a4,,,
5,28,x[11],True,x[11],0.16129032258064513,9dada49e784601183eb3a1e1723ce2d4,,,
5,28,x[11],True,x[11],0.16129032258064513,9dada49e784601183eb3a1e1723ce2d4,,,
5,28,x[11],True,x[11],0.16129032258064513,9dada49e784601183eb3a1e1723ce2d4,,,
5,28,x[11],True,x[11],0.16129032258064513,9dada49e784601183eb3a1e1723ce2d4,,,
5,28,x[11],True,x[11],0.16129032258064513,9dada49e784601183eb3a1e1723ce2d4,,,
5,28,x[11],True,x[11],0.16129032258064513,9dada49e784601183eb3a1e1723ce2d4,,,
5,28,x[11],True,x[11],0.16129032258064513,9dada49e784601183eb3a1e1723ce2d4,,,
5,28,x[18],True,x[18],0.6451612903225806,6a4c84e0915d9d2b86d121e994683436,,,
5,28,x[11],True,x[11],0.16129032258064513,9dada49e784601183eb3a1e1723ce2d4,,,
5,28,x[11],True,x[11],0.16129032258064513,9dada49e784601183eb3a1e1723ce2d4,,,
5,28,x[11],True,x[11],0.16129032258064513,9dada49e784601183eb3a1e1723ce2d4,,,
5,28,x[11],True,x[11],0.16129032258064513,9dada49e784601183eb3a1e1723ce2d4,,,
5,28,x[11],True,x[11],0.16129032258064513,9dada49e784601183eb3a1e1723ce2d4,,,
5,28,x[11],True,x[11],0.16129032258064513,9dada49e784601183eb3a1e1723ce2d4,,,
5,28,x[11],True,x[11],0.16129032258064513,9dada49e784601183eb3a1e1723ce2d4,,,
5,28,x[11],True,x[11],0.16129032258064513,9dada49e784601183eb3a1e1723ce2d4,,,
5,28,x[11],True,x[11],0.16129032258064513,9dada49e784601183eb3a1e1723ce2d4,,,
5,28,x[11],True,x[11],0.16129032258064513,9dada49e784601183eb3a1e1723ce2d4,,,
5,28,x[11],True,x[11],0.16129032258064513,9dada49e784601183eb3a1e1723ce2d4,,,
5,28,x[12],True,x[12],0.18548387096774188,0d372214e94f96a8c686509e4d084014,,,
5,28,x[11],True,x[11],0.16129032258064513,9dada49e784601183eb3a1e1723ce2d4,,,
5,28,x[11],True,x[11],0.16129032258064513,9dada49e784601183eb3a1e1723ce2d4,,,
5,28,x[11],True,x[11],0.16129032258064513,9dada49e784601183eb3a1e1723ce2d4,,,
5,28,x[11],True,x[11],0.16129032258064513,9dada49e784601183eb3a1e1723ce2d4,,,
5,28,x[16],True,x[16],0.217741935483871,2b4aec85a499a1f7baf764b48bcf9178,,,
5,28,x[11],True,x[11],0.16129032258064513,9dada49e784601183eb3a1e1723ce2d4,,,
5,28,x[11],True,x[11],0.16129032258064513,9dada49e784601183eb3a1e1723ce2d4,,,
5,28,x[11],True,x[11],0.16129032258064513,9dada49e784601183eb3a1e1723ce2d4,,,
5,28,x[11],True,x[11],0.16129032258064513,9dada49e784601183eb3a1e1723ce2d4,,,
5,28,x[11],True,x[11],0.16129032258064513,9dada49e784601183eb3a1e1723ce2d4,,,
5,28,x[11],True,x[11],0.16129032258064513,9dada49e784601183eb3a1e1723ce2d4,,,
5,28,x[11],True,x[11],0.16129032258064513,9dada49e784601183eb3a1e1723ce2d4,,,
5,28,x[11],True,x[11],0.16129032258064513,9dada49e784601183eb3a1e1723ce2d4,,,
5,28,x[11],True,x[11],0.16129032258064513,9dada49e784601183eb3a1e1723ce2d4,,,
5,28,x[11],True,x[11],0.16129032258064513,9dada49e784601183eb3a1e1723ce2d4,,,
5,28,x[11],True,x[11],0.16129032258064513,9dada49e784601183eb3a1e1723ce2d4,,,
5,28,x[8],True,x[8],0.4354838709677419,8c6b56831adf589cc7ca352d27aafe6d,,,
5,28,x[11],True,x[11],0.16129032258064513,9dada49e784601183eb3a1e1723ce2d4,,,
5,28,x[11],True,x[11],0.16129032258064513,9dada49e784601183eb3a1e1723ce2d4,,,
5,28,x[11],True,x[11],0.16129032258064513,9dada49e784601183eb3a1e1723ce2d4,,,
5,28,x[11],True,x[11],0.16129032258064513,9dada49e784601183eb3a1e1723ce2d4,,,
5,28,x[11],True,x[11],0.16129032258064513,9dada49e784601183eb3a1e1723ce2d4,,,
5,28,x[11],True,x[11],0.16129032258064513,9dada49e784601183eb3a1e1723ce2d4,,,
5,28,x[11],True,x[11],0.16129032258064513,9dada49e784601183eb3a1e1723ce2d4,,,
5,28,x[11],True,x[11],0.16129032258064513,9dada49e784601183eb3a1e1723ce2d4,,,
5,28,x[11],True,x[11],0.16129032258064513,9dada49e784601183eb3a1e1723ce2d4,,,
5,28,x[11],True,x[11],0.16129032258064513,9dada49e784601183eb3a1e1723ce2d4,,,
5,28,x[11],True,x[11],0.16129032258064513,9dada49e784601183eb3a1e1723ce2d4,,,
5,28,x[11],True,x[11],0.16129032258064513,9dada49e784601183eb3a1e1723ce2d4,,,
5,28,x[11],True,x[11],0.16129032258064513,9dada49e784601183eb3a1e1723ce2d4,,,
5,28,x[11],True,x[11],0.16129032258064513,9dada49e784601183eb3a1e1723ce2d4,,,
5,28,x[11],True,x[11],0.16129032258064513,9dada49e784601183eb3a1e1723ce2d4,,,
5,28,x[11],True,x[11],0.16129032258064513,9dada49e784601183eb3a1e1723ce2d4,,,
5,28,x[11],True,x[11],0.16129032258064513,9dada49e784601183eb3a1e1723ce2d4,,,
5,28,x[11],True,x[11],0.16129032258064513,9dada49e784601183eb3a1e1723ce2d4,,,
5,28,x[11],True,x[11],0.16129032258064513,9dada49e784601183eb3a1e1723ce2d4,,,
5,28,x[11],True,x[11],0.16129032258064513,9dada49e784601183eb3a1e1723ce2d4,,,
5,28,x[11],True,x[11],0.16129032258064513,9dada49e784601183eb3a1e1723ce2d4,,,
5,28,x[11],True,x[11],0.16129032258064513,9dada49e784601183eb3a1e1723ce2d4,,,
5,28,x[11],True,x[11],0.16129032258064513,9dada49e784601183eb3a1e1723ce2d4,,,
5,28,x[11],True,x[11],0.16129032258064513,9dada49e784601183eb3a1e1723ce2d4,,,
5,28,x[11],True,x[11],0.16129032258064513,9dada49e784601183eb3a1e1723ce2d4,,,
5,28,x[11],True,x[11],0.16129032258064513,9dada49e784601183eb3a1e1723ce2d4,,,
5,28,x[11],True,x[11],0.16129032258064513,9dada49e784601183eb3a1e1723ce2d4,,,
5,28,x[11],True,x[11],0.16129032258064513,9dada49e784601183eb3a1e1723ce2d4,,,
5,28,x[11],True,x[11],0.16129032258064513,9dada49e784601183eb3a1e1723ce2d4,,,
5,28,x[1],True,x[1],0.685483870967742,48150b63a14de07ac8ada4efd9d4896c,,,
5,28,x[11],True,x[11],0.16129032258064513,9dada49e784601183eb3a1e1723ce2d4,,,
5,28,x[11],True,x[11],0.16129032258064513,9dada49e784601183eb3a1e1723ce2d4,,,
5,28,x[11],True,x[11],0.16129032258064513,9dada49e784601183eb3a1e1723ce2d4,,,
5,28,x[11],True,x[11],0.16129032258064513,9dada49e784601183eb3a1e1723ce2d4,,,
5,28,x[11],True,x[11],0.16129032258064513,9dada49e784601183eb3a1e1723ce2d4,,,
5,28,x[11],True,x[11],0.16129032258064513,9dada49e784601183eb3a1e1723ce2d4,,,
5,28,x[11],True,x[11],0.16129032258064513,9dada49e784601183eb3a1e1723ce2d4,,,
5,28,x[11],True,x[11],0.16129032258064513,9dada49e784601183eb3a1e1723ce2d4,,,
5,28,x[11],True,x[11],0.16129032258064513,9dada49e784601183eb3a1e1723ce2d4,,,
5,28,x[11],True,x[11],0.16129032258064513,9dada49e784601183eb3a1e1723ce2d4,,,
5,28,x[11],True,x[11],0.16129032258064513,9dada49e784601183eb3a1e1723ce2d4,,,
5,28,"less_than_or_equal(x[3],sub(sub(x[7],x[3]),pdiv(x[2],x[3])))",True,not_(x[17]),0.782258064516129,ac739370374d1daddf9260a9a76ceba0,,,
5,28,x[11],True,x[11],0.16129032258064513,9dada49e784601183eb3a1e1723ce2d4,,,
5,28,x[11],True,x[11],0.16129032258064513,9dada49e784601183eb3a1e1723ce2d4,,,
5,28,x[16],True,x[16],0.217741935483871,2b4aec85a499a1f7baf764b48bcf9178,,,
5,28,x[11],True,x[11],0.16129032258064513,9dada49e784601183eb3a1e1723ce2d4,,,
5,28,x[11],True,x[11],0.16129032258064513,9dada49e784601183eb3a1e1723ce2d4,,,
5,28,x[11],True,x[11],0.16129032258064513,9dada49e784601183eb3a1e1723ce2d4,,,
5,28,x[11],True,x[11],0.16129032258064513,9dada49e784601183eb3a1e1723ce2d4,,,
5,28,x[11],True,x[11],0.16129032258064513,9dada49e784601183eb3a1e1723ce2d4,,,
5,28,x[11],True,x[11],0.16129032258064513,9dada49e784601183eb3a1e1723ce2d4,,,
5,28,x[11],True,x[11],0.16129032258064513,9dada49e784601183eb3a1e1723ce2d4,,,
5,28,x[11],True,x[11],0.16129032258064513,9dada49e784601183eb3a1e1723ce2d4,,,
5,28,x[11],True,x[11],0.16129032258064513,9dada49e784601183eb3a1e1723ce2d4,,,
5,28,x[11],True,x[11],0.16129032258064513,9dada49e784601183eb3a1e1723ce2d4,,,
5,28,x[11],True,x[11],0.16129032258064513,9dada49e784601183eb3a1e1723ce2d4,,,
5,28,x[11],True,x[11],0.16129032258064513,9dada49e784601183eb3a1e1723ce2d4,,,
5,28,x[11],True,x[11],0.16129032258064513,9dada49e784601183eb3a1e1723ce2d4,,,
5,28,x[11],True,x[11],0.16129032258064513,9dada49e784601183eb3a1e1723ce2d4,,,
5,28,x[11],True,x[11],0.16129032258064513,9dada49e784601183eb3a1e1723ce2d4,,,
5,28,x[11],True,x[11],0.16129032258064513,9dada49e784601183eb3a1e1723ce2d4,,,
5,28,x[11],True,x[11],0.16129032258064513,9dada49e784601183eb3a1e1723ce2d4,,,
5,28,x[11],True,x[11],0.16129032258064513,9dada49e784601183eb3a1e1723ce2d4,,,
5,28,x[11],True,x[11],0.16129032258064513,9dada49e784601183eb3a1e1723ce2d4,,,
5,28,x[11],True,x[11],0.16129032258064513,9dada49e784601183eb3a1e1723ce2d4,,,
5,28,x[11],True,x[11],0.16129032258064513,9dada49e784601183eb3a1e1723ce2d4,,,
5,28,x[11],True,x[11],0.16129032258064513,9dada49e784601183eb3a1e1723ce2d4,,,
5,28,x[11],True,x[11],0.16129032258064513,9dada49e784601183eb3a1e1723ce2d4,,,
5,28,x[11],True,x[11],0.16129032258064513,9dada49e784601183eb3a1e1723ce2d4,,,
5,28,x[11],True,x[11],0.16129032258064513,9dada49e784601183eb3a1e1723ce2d4,,,
5,28,x[11],True,x[11],0.16129032258064513,9dada49e784601183eb3a1e1723ce2d4,,,
5,28,x[11],True,x[11],0.16129032258064513,9dada49e784601183eb3a1e1723ce2d4,,,
5,28,x[11],True,x[11],0.16129032258064513,9dada49e784601183eb3a1e1723ce2d4,,,
5,28,x[11],True,x[11],0.16129032258064513,9dada49e784601183eb3a1e1723ce2d4,,,
5,28,x[11],True,x[11],0.16129032258064513,9dada49e784601183eb3a1e1723ce2d4,,,
5,28,x[11],True,x[11],0.16129032258064513,9dada49e784601183eb3a1e1723ce2d4,,,
5,28,x[11],True,x[11],0.16129032258064513,9dada49e784601183eb3a1e1723ce2d4,,,
5,28,x[11],True,x[11],0.16129032258064513,9dada49e784601183eb3a1e1723ce2d4,,,
5,28,x[11],True,x[11],0.16129032258064513,9dada49e784601183eb3a1e1723ce2d4,,,
5,28,x[11],True,x[11],0.16129032258064513,9dada49e784601183eb3a1e1723ce2d4,,,
5,28,x[11],True,x[11],0.16129032258064513,9dada49e784601183eb3a1e1723ce2d4,,,
5,28,x[11],True,x[11],0.16129032258064513,9dada49e784601183eb3a1e1723ce2d4,,,
5,28,x[11],True,x[11],0.16129032258064513,9dada49e784601183eb3a1e1723ce2d4,,,
5,28,x[11],True,x[11],0.16129032258064513,9dada49e784601183eb3a1e1723ce2d4,,,
5,28,x[11],True,x[11],0.16129032258064513,9dada49e784601183eb3a1e1723ce2d4,,,
5,28,x[11],True,x[11],0.16129032258064513,9dada49e784601183eb3a1e1723ce2d4,,,
5,28,x[11],True,x[11],0.16129032258064513,9dada49e784601183eb3a1e1723ce2d4,,,
5,28,x[11],True,x[11],0.16129032258064513,9dada49e784601183eb3a1e1723ce2d4,,,
5,28,x[11],True,x[11],0.16129032258064513,9dada49e784601183eb3a1e1723ce2d4,,,
5,28,x[11],True,x[11],0.16129032258064513,9dada49e784601183eb3a1e1723ce2d4,,,
5,28,x[11],True,x[11],0.16129032258064513,9dada49e784601183eb3a1e1723ce2d4,,,
5,28,x[11],True,x[11],0.16129032258064513,9dada49e784601183eb3a1e1723ce2d4,,,
5,28,x[11],True,x[11],0.16129032258064513,9dada49e784601183eb3a1e1723ce2d4,,,
5,28,x[11],True,x[11],0.16129032258064513,9dada49e784601183eb3a1e1723ce2d4,,,
5,28,x[11],True,x[11],0.16129032258064513,9dada49e784601183eb3a1e1723ce2d4,,,
5,28,x[11],True,x[11],0.16129032258064513,9dada49e784601183eb3a1e1723ce2d4,,,
5,28,x[11],True,x[11],0.16129032258064513,9dada49e784601183eb3a1e1723ce2d4,,,
5,28,x[11],True,x[11],0.16129032258064513,9dada49e784601183eb3a1e1723ce2d4,,,
5,28,x[11],True,x[11],0.16129032258064513,9dada49e784601183eb3a1e1723ce2d4,,,
5,28,x[11],True,x[11],0.16129032258064513,9dada49e784601183eb3a1e1723ce2d4,,,
5,28,x[14],True,x[14],0.22580645161290325,5184b187f6f474f266ff1a9e52a8b41f,,,
5,28,x[15],True,x[15],0.22580645161290325,301bd409bd67cc588ceaa53a6f5220a4,,,
5,28,x[11],True,x[11],0.16129032258064513,9dada49e784601183eb3a1e1723ce2d4,,,
5,28,x[11],True,x[11],0.16129032258064513,9dada49e784601183eb3a1e1723ce2d4,,,
5,28,x[11],True,x[11],0.16129032258064513,9dada49e784601183eb3a1e1723ce2d4,,,
5,28,x[11],True,x[11],0.16129032258064513,9dada49e784601183eb3a1e1723ce2d4,,,
5,28,x[11],True,x[11],0.16129032258064513,9dada49e784601183eb3a1e1723ce2d4,,,
5,28,x[11],True,x[11],0.16129032258064513,9dada49e784601183eb3a1e1723ce2d4,,,
5,28,x[4],True,x[4],0.49193548387096775,c062f6f76dec194bafe0ddbf91add8d9,,,
5,28,x[11],True,x[11],0.16129032258064513,9dada49e784601183eb3a1e1723ce2d4,,,
5,28,x[11],True,x[11],0.16129032258064513,9dada49e784601183eb3a1e1723ce2d4,,,
5,28,x[11],True,x[11],0.16129032258064513,9dada49e784601183eb3a1e1723ce2d4,,,
5,28,x[11],True,x[11],0.16129032258064513,9dada49e784601183eb3a1e1723ce2d4,,,
5,28,x[11],True,x[11],0.16129032258064513,9dada49e784601183eb3a1e1723ce2d4,,,
5,28,x[11],True,x[11],0.16129032258064513,9dada49e784601183eb3a1e1723ce2d4,,,
5,28,x[11],True,x[11],0.16129032258064513,9dada49e784601183eb3a1e1723ce2d4,,,
5,28,x[11],True,x[11],0.16129032258064513,9dada49e784601183eb3a1e1723ce2d4,,,
5,28,x[11],True,x[11],0.16129032258064513,9dada49e784601183eb3a1e1723ce2d4,,,
5,28,x[11],True,x[11],0.16129032258064513,9dada49e784601183eb3a1e1723ce2d4,,,
5,28,x[11],True,x[11],0.16129032258064513,9dada49e784601183eb3a1e1723ce2d4,,,
5,28,x[11],True,x[11],0.16129032258064513,9dada49e784601183eb3a1e1723ce2d4,,,
5,28,x[11],True,x[11],0.16129032258064513,9dada49e784601183eb3a1e1723ce2d4,,,
5,28,x[11],True,x[11],0.16129032258064513,9dada49e784601183eb3a1e1723ce2d4,,,
5,28,x[14],True,x[14],0.22580645161290325,5184b187f6f474f266ff1a9e52a8b41f,,,
5,28,x[11],True,x[11],0.16129032258064513,9dada49e784601183eb3a1e1723ce2d4,,,
5,28,x[11],True,x[11],0.16129032258064513,9dada49e784601183eb3a1e1723ce2d4,,,
5,28,x[11],True,x[11],0.16129032258064513,9dada49e784601183eb3a1e1723ce2d4,,,
5,28,x[11],True,x[11],0.16129032258064513,9dada49e784601183eb3a1e1723ce2d4,,,
5,28,x[11],True,x[11],0.16129032258064513,9dada49e784601183eb3a1e1723ce2d4,,,
5,28,x[11],True,x[11],0.16129032258064513,9dada49e784601183eb3a1e1723ce2d4,,,
5,28,x[11],True,x[11],0.16129032258064513,9dada49e784601183eb3a1e1723ce2d4,,,
5,28,x[11],True,x[11],0.16129032258064513,9dada49e784601183eb3a1e1723ce2d4,,,
5,28,x[11],True,x[11],0.16129032258064513,9dada49e784601183eb3a1e1723ce2d4,,,
5,28,x[11],True,x[11],0.16129032258064513,9dada49e784601183eb3a1e1723ce2d4,,,
5,28,x[11],True,x[11],0.16129032258064513,9dada49e784601183eb3a1e1723ce2d4,,,
5,28,x[11],True,x[11],0.16129032258064513,9dada49e784601183eb3a1e1723ce2d4,,,
5,28,x[11],True,x[11],0.16129032258064513,9dada49e784601183eb3a1e1723ce2d4,,,
5,28,x[11],True,x[11],0.16129032258064513,9dada49e784601183eb3a1e1723ce2d4,,,
5,28,x[11],True,x[11],0.16129032258064513,9dada49e784601183eb3a1e1723ce2d4,,,
5,28,x[11],True,x[11],0.16129032258064513,9dada49e784601183eb3a1e1723ce2d4,,,
5,28,x[11],True,x[11],0.16129032258064513,9dada49e784601183eb3a1e1723ce2d4,,,
5,28,x[11],True,x[11],0.16129032258064513,9dada49e784601183eb3a1e1723ce2d4,,,
5,28,x[11],True,x[11],0.16129032258064513,9dada49e784601183eb3a1e1723ce2d4,,,
5,28,x[11],True,x[11],0.16129032258064513,9dada49e784601183eb3a1e1723ce2d4,,,
5,28,x[11],True,x[11],0.16129032258064513,9dada49e784601183eb3a1e1723ce2d4,,,
5,28,x[12],True,x[12],0.18548387096774188,0d372214e94f96a8c686509e4d084014,,,
5,28,x[11],True,x[11],0.16129032258064513,9dada49e784601183eb3a1e1723ce2d4,,,
5,28,x[11],True,x[11],0.16129032258064513,9dada49e784601183eb3a1e1723ce2d4,,,
5,28,x[11],True,x[11],0.16129032258064513,9dada49e784601183eb3a1e1723ce2d4,,,
5,28,x[11],True,x[11],0.16129032258064513,9dada49e784601183eb3a1e1723ce2d4,,,
5,28,x[11],True,x[11],0.16129032258064513,9dada49e784601183eb3a1e1723ce2d4,,,
5,28,x[11],True,x[11],0.16129032258064513,9dada49e784601183eb3a1e1723ce2d4,,,
5,28,x[11],True,x[11],0.16129032258064513,9dada49e784601183eb3a1e1723ce2d4,,,
5,28,x[11],True,x[11],0.16129032258064513,9dada49e784601183eb3a1e1723ce2d4,,,
5,28,x[11],True,x[11],0.16129032258064513,9dada49e784601183eb3a1e1723ce2d4,,,
5,28,x[11],True,x[11],0.16129032258064513,9dada49e784601183eb3a1e1723ce2d4,,,
5,28,x[11],True,x[11],0.16129032258064513,9dada49e784601183eb3a1e1723ce2d4,,,
5,28,x[11],True,x[11],0.16129032258064513,9dada49e784601183eb3a1e1723ce2d4,,,
5,28,x[17],True,x[17],0.217741935483871,078a7ef4b1d424e54e976f158f2a5fa5,,,
5,28,x[11],True,x[11],0.16129032258064513,9dada49e784601183eb3a1e1723ce2d4,,,
5,28,x[11],True,x[11],0.16129032258064513,9dada49e784601183eb3a1e1723ce2d4,,,
5,28,x[11],True,x[11],0.16129032258064513,9dada49e784601183eb3a1e1723ce2d4,,,
5,28,x[11],True,x[11],0.16129032258064513,9dada49e784601183eb3a1e1723ce2d4,,,
5,28,x[11],True,x[11],0.16129032258064513,9dada49e784601183eb3a1e1723ce2d4,,,
5,28,x[11],True,x[11],0.16129032258064513,9dada49e784601183eb3a1e1723ce2d4,,,
5,28,x[11],True,x[11],0.16129032258064513,9dada49e784601183eb3a1e1723ce2d4,,,
5,28,x[11],True,x[11],0.16129032258064513,9dada49e784601183eb3a1e1723ce2d4,,,
5,28,x[11],True,x[11],0.16129032258064513,9dada49e784601183eb3a1e1723ce2d4,,,
5,28,x[11],True,x[11],0.16129032258064513,9dada49e784601183eb3a1e1723ce2d4,,,
5,28,x[11],True,x[11],0.16129032258064513,9dada49e784601183eb3a1e1723ce2d4,,,
5,28,x[11],True,x[11],0.16129032258064513,9dada49e784601183eb3a1e1723ce2d4,,,
5,28,x[11],True,x[11],0.16129032258064513,9dada49e784601183eb3a1e1723ce2d4,,,
5,28,x[11],True,x[11],0.16129032258064513,9dada49e784601183eb3a1e1723ce2d4,,,
5,28,x[12],True,x[12],0.18548387096774188,0d372214e94f96a8c686509e4d084014,,,
5,28,x[11],True,x[11],0.16129032258064513,9dada49e784601183eb3a1e1723ce2d4,,,
5,28,x[11],True,x[11],0.16129032258064513,9dada49e784601183eb3a1e1723ce2d4,,,
5,28,x[11],True,x[11],0.16129032258064513,9dada49e784601183eb3a1e1723ce2d4,,,
5,28,x[11],True,x[11],0.16129032258064513,9dada49e784601183eb3a1e1723ce2d4,,,
5,28,x[11],True,x[11],0.16129032258064513,9dada49e784601183eb3a1e1723ce2d4,,,
5,28,x[11],True,x[11],0.16129032258064513,9dada49e784601183eb3a1e1723ce2d4,,,
5,28,x[11],True,x[11],0.16129032258064513,9dada49e784601183eb3a1e1723ce2d4,,,
5,28,x[11],True,x[11],0.16129032258064513,9dada49e784601183eb3a1e1723ce2d4,,,
5,28,x[11],True,x[11],0.16129032258064513,9dada49e784601183eb3a1e1723ce2d4,,,
5,29,x[11],True,x[11],0.16129032258064513,9dada49e784601183eb3a1e1723ce2d4,,,
5,29,x[11],True,x[11],0.16129032258064513,9dada49e784601183eb3a1e1723ce2d4,,,
5,29,x[11],True,x[11],0.16129032258064513,9dada49e784601183eb3a1e1723ce2d4,,,
5,29,x[11],True,x[11],0.16129032258064513,9dada49e784601183eb3a1e1723ce2d4,,,
5,29,x[11],True,x[11],0.16129032258064513,9dada49e784601183eb3a1e1723ce2d4,,,
5,29,x[11],True,x[11],0.16129032258064513,9dada49e784601183eb3a1e1723ce2d4,,,
5,29,x[11],True,x[11],0.16129032258064513,9dada49e784601183eb3a1e1723ce2d4,,,
5,29,x[9],True,x[9],0.2338709677419355,2e0260aa627dff742f7c723c8367e701,,,
5,29,x[11],True,x[11],0.16129032258064513,9dada49e784601183eb3a1e1723ce2d4,,,
5,29,x[11],True,x[11],0.16129032258064513,9dada49e784601183eb3a1e1723ce2d4,,,
5,29,x[11],True,x[11],0.16129032258064513,9dada49e784601183eb3a1e1723ce2d4,,,
5,29,x[11],True,x[11],0.16129032258064513,9dada49e784601183eb3a1e1723ce2d4,,,
5,29,x[11],True,x[11],0.16129032258064513,9dada49e784601183eb3a1e1723ce2d4,,,
5,29,x[11],True,x[11],0.16129032258064513,9dada49e784601183eb3a1e1723ce2d4,,,
5,29,x[11],True,x[11],0.16129032258064513,9dada49e784601183eb3a1e1723ce2d4,,,
5,29,x[11],True,x[11],0.16129032258064513,9dada49e784601183eb3a1e1723ce2d4,,,
5,29,x[11],True,x[11],0.16129032258064513,9dada49e784601183eb3a1e1723ce2d4,,,
5,29,x[11],True,x[11],0.16129032258064513,9dada49e784601183eb3a1e1723ce2d4,,,
5,29,x[11],True,x[11],0.16129032258064513,9dada49e784601183eb3a1e1723ce2d4,,,
5,29,x[11],True,x[11],0.16129032258064513,9dada49e784601183eb3a1e1723ce2d4,,,
5,29,x[11],True,x[11],0.16129032258064513,9dada49e784601183eb3a1e1723ce2d4,,,
5,29,x[11],True,x[11],0.16129032258064513,9dada49e784601183eb3a1e1723ce2d4,,,
5,29,x[11],True,x[11],0.16129032258064513,9dada49e784601183eb3a1e1723ce2d4,,,
5,29,x[11],True,x[11],0.16129032258064513,9dada49e784601183eb3a1e1723ce2d4,,,
5,29,x[11],True,x[11],0.16129032258064513,9dada49e784601183eb3a1e1723ce2d4,,,
5,29,x[11],True,x[11],0.16129032258064513,9dada49e784601183eb3a1e1723ce2d4,,,
5,29,x[11],True,x[11],0.16129032258064513,9dada49e784601183eb3a1e1723ce2d4,,,
5,29,x[11],True,x[11],0.16129032258064513,9dada49e784601183eb3a1e1723ce2d4,,,
5,29,x[11],True,x[11],0.16129032258064513,9dada49e784601183eb3a1e1723ce2d4,,,
5,29,x[11],True,x[11],0.16129032258064513,9dada49e784601183eb3a1e1723ce2d4,,,
5,29,x[11],True,x[11],0.16129032258064513,9dada49e784601183eb3a1e1723ce2d4,,,
5,29,x[11],True,x[11],0.16129032258064513,9dada49e784601183eb3a1e1723ce2d4,,,
5,29,x[11],True,x[11],0.16129032258064513,9dada49e784601183eb3a1e1723ce2d4,,,
5,29,x[11],True,x[11],0.16129032258064513,9dada49e784601183eb3a1e1723ce2d4,,,
5,29,x[11],True,x[11],0.16129032258064513,9dada49e784601183eb3a1e1723ce2d4,,,
5,29,x[11],True,x[11],0.16129032258064513,9dada49e784601183eb3a1e1723ce2d4,,,
5,29,x[11],True,x[11],0.16129032258064513,9dada49e784601183eb3a1e1723ce2d4,,,
5,29,x[9],True,x[9],0.2338709677419355,2e0260aa627dff742f7c723c8367e701,,,
5,29,x[11],True,x[11],0.16129032258064513,9dada49e784601183eb3a1e1723ce2d4,,,
5,29,x[11],True,x[11],0.16129032258064513,9dada49e784601183eb3a1e1723ce2d4,,,
5,29,x[11],True,x[11],0.16129032258064513,9dada49e784601183eb3a1e1723ce2d4,,,
5,29,x[11],True,x[11],0.16129032258064513,9dada49e784601183eb3a1e1723ce2d4,,,
5,29,x[11],True,x[11],0.16129032258064513,9dada49e784601183eb3a1e1723ce2d4,,,
5,29,x[11],True,x[11],0.16129032258064513,9dada49e784601183eb3a1e1723ce2d4,,,
5,29,x[11],True,x[11],0.16129032258064513,9dada49e784601183eb3a1e1723ce2d4,,,
5,29,x[11],True,x[11],0.16129032258064513,9dada49e784601183eb3a1e1723ce2d4,,,
5,29,x[16],True,x[16],0.217741935483871,2b4aec85a499a1f7baf764b48bcf9178,,,
5,29,x[11],True,x[11],0.16129032258064513,9dada49e784601183eb3a1e1723ce2d4,,,
5,29,x[11],True,x[11],0.16129032258064513,9dada49e784601183eb3a1e1723ce2d4,,,
5,29,x[11],True,x[11],0.16129032258064513,9dada49e784601183eb3a1e1723ce2d4,,,
5,29,x[11],True,x[11],0.16129032258064513,9dada49e784601183eb3a1e1723ce2d4,,,
5,29,x[11],True,x[11],0.16129032258064513,9dada49e784601183eb3a1e1723ce2d4,,,
5,29,x[11],True,x[11],0.16129032258064513,9dada49e784601183eb3a1e1723ce2d4,,,
5,29,x[11],True,x[11],0.16129032258064513,9dada49e784601183eb3a1e1723ce2d4,,,
5,29,x[11],True,x[11],0.16129032258064513,9dada49e784601183eb3a1e1723ce2d4,,,
5,29,x[11],True,x[11],0.16129032258064513,9dada49e784601183eb3a1e1723ce2d4,,,
5,29,x[11],True,x[11],0.16129032258064513,9dada49e784601183eb3a1e1723ce2d4,,,
5,29,x[11],True,x[11],0.16129032258064513,9dada49e784601183eb3a1e1723ce2d4,,,
5,29,x[11],True,x[11],0.16129032258064513,9dada49e784601183eb3a1e1723ce2d4,,,
5,29,x[11],True,x[11],0.16129032258064513,9dada49e784601183eb3a1e1723ce2d4,,,
5,29,x[11],True,x[11],0.16129032258064513,9dada49e784601183eb3a1e1723ce2d4,,,
5,29,x[11],True,x[11],0.16129032258064513,9dada49e784601183eb3a1e1723ce2d4,,,
5,29,x[11],True,x[11],0.16129032258064513,9dada49e784601183eb3a1e1723ce2d4,,,
5,29,x[11],True,x[11],0.16129032258064513,9dada49e784601183eb3a1e1723ce2d4,,,
5,29,x[11],True,x[11],0.16129032258064513,9dada49e784601183eb3a1e1723ce2d4,,,
5,29,x[11],True,x[11],0.16129032258064513,9dada49e784601183eb3a1e1723ce2d4,,,
5,29,x[11],True,x[11],0.16129032258064513,9dada49e784601183eb3a1e1723ce2d4,,,
5,29,x[11],True,x[11],0.16129032258064513,9dada49e784601183eb3a1e1723ce2d4,,,
5,29,x[11],True,x[11],0.16129032258064513,9dada49e784601183eb3a1e1723ce2d4,,,
5,29,"not_(and_(x[6],or_(not_(x[9]),x[4])))",False,,,f8f6c1c8cee0b53168a34f447e131832,0.5,False,0.0
5,29,x[11],True,x[11],0.16129032258064513,9dada49e784601183eb3a1e1723ce2d4,,,
5,29,x[11],True,x[11],0.16129032258064513,9dada49e784601183eb3a1e1723ce2d4,,,
5,29,x[11],True,x[11],0.16129032258064513,9dada49e784601183eb3a1e1723ce2d4,,,
5,29,x[11],True,x[11],0.16129032258064513,9dada49e784601183eb3a1e1723ce2d4,,,
5,29,x[11],True,x[11],0.16129032258064513,9dada49e784601183eb3a1e1723ce2d4,,,
5,29,x[11],True,x[11],0.16129032258064513,9dada49e784601183eb3a1e1723ce2d4,,,
5,29,x[13],True,x[13],0.217741935483871,060f7b59fcb1852e9befb4d0292eca15,,,
5,29,x[11],True,x[11],0.16129032258064513,9dada49e784601183eb3a1e1723ce2d4,,,
5,29,x[11],True,x[11],0.16129032258064513,9dada49e784601183eb3a1e1723ce2d4,,,
5,29,x[11],True,x[11],0.16129032258064513,9dada49e784601183eb3a1e1723ce2d4,,,
5,29,x[11],True,x[11],0.16129032258064513,9dada49e784601183eb3a1e1723ce2d4,,,
5,29,x[11],True,x[11],0.16129032258064513,9dada49e784601183eb3a1e1723ce2d4,,,
5,29,x[11],True,x[11],0.16129032258064513,9dada49e784601183eb3a1e1723ce2d4,,,
5,29,x[11],True,x[11],0.16129032258064513,9dada49e784601183eb3a1e1723ce2d4,,,
5,29,x[11],True,x[11],0.16129032258064513,9dada49e784601183eb3a1e1723ce2d4,,,
5,29,x[11],True,x[11],0.16129032258064513,9dada49e784601183eb3a1e1723ce2d4,,,
5,29,x[11],True,x[11],0.16129032258064513,9dada49e784601183eb3a1e1723ce2d4,,,
5,29,x[11],True,x[11],0.16129032258064513,9dada49e784601183eb3a1e1723ce2d4,,,
5,29,x[11],True,x[11],0.16129032258064513,9dada49e784601183eb3a1e1723ce2d4,,,
5,29,x[11],True,x[11],0.16129032258064513,9dada49e784601183eb3a1e1723ce2d4,,,
5,29,x[11],True,x[11],0.16129032258064513,9dada49e784601183eb3a1e1723ce2d4,,,
5,29,x[11],True,x[11],0.16129032258064513,9dada49e784601183eb3a1e1723ce2d4,,,
5,29,x[11],True,x[11],0.16129032258064513,9dada49e784601183eb3a1e1723ce2d4,,,
5,29,x[11],True,x[11],0.16129032258064513,9dada49e784601183eb3a1e1723ce2d4,,,
5,29,x[11],True,x[11],0.16129032258064513,9dada49e784601183eb3a1e1723ce2d4,,,
5,29,x[11],True,x[11],0.16129032258064513,9dada49e784601183eb3a1e1723ce2d4,,,
5,29,x[11],True,x[11],0.16129032258064513,9dada49e784601183eb3a1e1723ce2d4,,,
5,29,x[11],True,x[11],0.16129032258064513,9dada49e784601183eb3a1e1723ce2d4,,,
5,29,x[11],True,x[11],0.16129032258064513,9dada49e784601183eb3a1e1723ce2d4,,,
5,29,x[14],True,x[14],0.22580645161290325,5184b187f6f474f266ff1a9e52a8b41f,,,
5,29,x[11],True,x[11],0.16129032258064513,9dada49e784601183eb3a1e1723ce2d4,,,
5,29,x[11],True,x[11],0.16129032258064513,9dada49e784601183eb3a1e1723ce2d4,,,
5,29,x[11],True,x[11],0.16129032258064513,9dada49e784601183eb3a1e1723ce2d4,,,
5,29,x[11],True,x[11],0.16129032258064513,9dada49e784601183eb3a1e1723ce2d4,,,
5,29,x[11],True,x[11],0.16129032258064513,9dada49e784601183eb3a1e1723ce2d4,,,
5,29,x[11],True,x[11],0.16129032258064513,9dada49e784601183eb3a1e1723ce2d4,,,
5,29,x[11],True,x[11],0.16129032258064513,9dada49e784601183eb3a1e1723ce2d4,,,
5,29,x[11],True,x[11],0.16129032258064513,9dada49e784601183eb3a1e1723ce2d4,,,
5,29,x[11],True,x[11],0.16129032258064513,9dada49e784601183eb3a1e1723ce2d4,,,
5,29,x[11],True,x[11],0.16129032258064513,9dada49e784601183eb3a1e1723ce2d4,,,
5,29,x[11],True,x[11],0.16129032258064513,9dada49e784601183eb3a1e1723ce2d4,,,
5,29,x[11],True,x[11],0.16129032258064513,9dada49e784601183eb3a1e1723ce2d4,,,
5,29,x[11],True,x[11],0.16129032258064513,9dada49e784601183eb3a1e1723ce2d4,,,
5,29,x[11],True,x[11],0.16129032258064513,9dada49e784601183eb3a1e1723ce2d4,,,
5,29,x[11],True,x[11],0.16129032258064513,9dada49e784601183eb3a1e1723ce2d4,,,
5,29,x[11],True,x[11],0.16129032258064513,9dada49e784601183eb3a1e1723ce2d4,,,
5,29,x[11],True,x[11],0.16129032258064513,9dada49e784601183eb3a1e1723ce2d4,,,
5,29,x[11],True,x[11],0.16129032258064513,9dada49e784601183eb3a1e1723ce2d4,,,
5,29,x[11],True,x[11],0.16129032258064513,9dada49e784601183eb3a1e1723ce2d4,,,
5,29,x[11],True,x[11],0.16129032258064513,9dada49e784601183eb3a1e1723ce2d4,,,
5,29,x[11],True,x[11],0.16129032258064513,9dada49e784601183eb3a1e1723ce2d4,,,
5,29,x[11],True,x[11],0.16129032258064513,9dada49e784601183eb3a1e1723ce2d4,,,
5,29,x[11],True,x[11],0.16129032258064513,9dada49e784601183eb3a1e1723ce2d4,,,
5,29,x[11],True,x[11],0.16129032258064513,9dada49e784601183eb3a1e1723ce2d4,,,
5,29,x[11],True,x[11],0.16129032258064513,9dada49e784601183eb3a1e1723ce2d4,,,
5,29,x[11],True,x[11],0.16129032258064513,9dada49e784601183eb3a1e1723ce2d4,,,
5,29,x[11],True,x[11],0.16129032258064513,9dada49e784601183eb3a1e1723ce2d4,,,
5,29,x[11],True,x[11],0.16129032258064513,9dada49e784601183eb3a1e1723ce2d4,,,
5,29,x[11],True,x[11],0.16129032258064513,9dada49e784601183eb3a1e1723ce2d4,,,
5,29,x[11],True,x[11],0.16129032258064513,9dada49e784601183eb3a1e1723ce2d4,,,
5,29,x[11],True,x[11],0.16129032258064513,9dada49e784601183eb3a1e1723ce2d4,,,
5,29,x[11],True,x[11],0.16129032258064513,9dada49e784601183eb3a1e1723ce2d4,,,
5,29,x[9],True,x[9],0.2338709677419355,2e0260aa627dff742f7c723c8367e701,,,
5,29,x[11],True,x[11],0.16129032258064513,9dada49e784601183eb3a1e1723ce2d4,,,
5,29,x[11],True,x[11],0.16129032258064513,9dada49e784601183eb3a1e1723ce2d4,,,
5,29,x[11],True,x[11],0.16129032258064513,9dada49e784601183eb3a1e1723ce2d4,,,
5,29,x[14],True,x[14],0.22580645161290325,5184b187f6f474f266ff1a9e52a8b41f,,,
5,29,x[11],True,x[11],0.16129032258064513,9dada49e784601183eb3a1e1723ce2d4,,,
5,29,x[11],True,x[11],0.16129032258064513,9dada49e784601183eb3a1e1723ce2d4,,,
5,29,x[11],True,x[11],0.16129032258064513,9dada49e784601183eb3a1e1723ce2d4,,,
5,29,x[11],True,x[11],0.16129032258064513,9dada49e784601183eb3a1e1723ce2d4,,,
5,29,x[11],True,x[11],0.16129032258064513,9dada49e784601183eb3a1e1723ce2d4,,,
5,29,x[11],True,x[11],0.16129032258064513,9dada49e784601183eb3a1e1723ce2d4,,,
5,29,x[11],True,x[11],0.16129032258064513,9dada49e784601183eb3a1e1723ce2d4,,,
5,29,x[11],True,x[11],0.16129032258064513,9dada49e784601183eb3a1e1723ce2d4,,,
5,29,x[14],True,x[14],0.22580645161290325,5184b187f6f474f266ff1a9e52a8b41f,,,
5,29,x[11],True,x[11],0.16129032258064513,9dada49e784601183eb3a1e1723ce2d4,,,
5,29,x[11],True,x[11],0.16129032258064513,9dada49e784601183eb3a1e1723ce2d4,,,
5,29,x[11],True,x[11],0.16129032258064513,9dada49e784601183eb3a1e1723ce2d4,,,
5,29,x[11],True,x[11],0.16129032258064513,9dada49e784601183eb3a1e1723ce2d4,,,
5,29,x[14],True,x[14],0.22580645161290325,5184b187f6f474f266ff1a9e52a8b41f,,,
5,29,x[11],True,x[11],0.16129032258064513,9dada49e784601183eb3a1e1723ce2d4,,,
5,29,x[11],True,x[11],0.16129032258064513,9dada49e784601183eb3a1e1723ce2d4,,,
5,29,x[11],True,x[11],0.16129032258064513,9dada49e784601183eb3a1e1723ce2d4,,,
5,29,x[11],True,x[11],0.16129032258064513,9dada49e784601183eb3a1e1723ce2d4,,,
5,29,x[11],True,x[11],0.16129032258064513,9dada49e784601183eb3a1e1723ce2d4,,,
5,29,x[11],True,x[11],0.16129032258064513,9dada49e784601183eb3a1e1723ce2d4,,,
5,29,x[11],True,x[11],0.16129032258064513,9dada49e784601183eb3a1e1723ce2d4,,,
5,29,x[13],True,x[13],0.217741935483871,060f7b59fcb1852e9befb4d0292eca15,,,
5,29,x[1],True,x[1],0.685483870967742,48150b63a14de07ac8ada4efd9d4896c,,,
5,29,x[11],True,x[11],0.16129032258064513,9dada49e784601183eb3a1e1723ce2d4,,,
5,29,x[11],True,x[11],0.16129032258064513,9dada49e784601183eb3a1e1723ce2d4,,,
5,29,x[11],True,x[11],0.16129032258064513,9dada49e784601183eb3a1e1723ce2d4,,,
5,29,x[11],True,x[11],0.16129032258064513,9dada49e784601183eb3a1e1723ce2d4,,,
5,29,x[11],True,x[11],0.16129032258064513,9dada49e784601183eb3a1e1723ce2d4,,,
5,29,x[11],True,x[11],0.16129032258064513,9dada49e784601183eb3a1e1723ce2d4,,,
5,29,x[11],True,x[11],0.16129032258064513,9dada49e784601183eb3a1e1723ce2d4,,,
5,29,x[11],True,x[11],0.16129032258064513,9dada49e784601183eb3a1e1723ce2d4,,,
5,29,x[11],True,x[11],0.16129032258064513,9dada49e784601183eb3a1e1723ce2d4,,,
5,29,x[11],True,x[11],0.16129032258064513,9dada49e784601183eb3a1e1723ce2d4,,,
5,29,x[11],True,x[11],0.16129032258064513,9dada49e784601183eb3a1e1723ce2d4,,,
5,29,x[11],True,x[11],0.16129032258064513,9dada49e784601183eb3a1e1723ce2d4,,,
5,29,x[11],True,x[11],0.16129032258064513,9dada49e784601183eb3a1e1723ce2d4,,,
5,29,x[11],True,x[11],0.16129032258064513,9dada49e784601183eb3a1e1723ce2d4,,,
5,29,x[11],True,x[11],0.16129032258064513,9dada49e784601183eb3a1e1723ce2d4,,,
5,29,x[11],True,x[11],0.16129032258064513,9dada49e784601183eb3a1e1723ce2d4,,,
5,29,x[11],True,x[11],0.16129032258064513,9dada49e784601183eb3a1e1723ce2d4,,,
5,29,x[11],True,x[11],0.16129032258064513,9dada49e784601183eb3a1e1723ce2d4,,,
5,29,x[11],True,x[11],0.16129032258064513,9dada49e784601183eb3a1e1723ce2d4,,,
5,29,x[11],True,x[11],0.16129032258064513,9dada49e784601183eb3a1e1723ce2d4,,,
5,29,x[11],True,x[11],0.16129032258064513,9dada49e784601183eb3a1e1723ce2d4,,,
5,29,x[11],True,x[11],0.16129032258064513,9dada49e784601183eb3a1e1723ce2d4,,,
5,29,x[11],True,x[11],0.16129032258064513,9dada49e784601183eb3a1e1723ce2d4,,,
5,29,x[11],True,x[11],0.16129032258064513,9dada49e784601183eb3a1e1723ce2d4,,,
5,29,x[11],True,x[11],0.16129032258064513,9dada49e784601183eb3a1e1723ce2d4,,,
5,29,x[11],True,x[11],0.16129032258064513,9dada49e784601183eb3a1e1723ce2d4,,,
5,29,x[11],True,x[11],0.16129032258064513,9dada49e784601183eb3a1e1723ce2d4,,,
5,29,x[11],True,x[11],0.16129032258064513,9dada49e784601183eb3a1e1723ce2d4,,,
5,29,x[11],True,x[11],0.16129032258064513,9dada49e784601183eb3a1e1723ce2d4,,,
5,29,x[11],True,x[11],0.16129032258064513,9dada49e784601183eb3a1e1723ce2d4,,,
5,29,x[11],True,x[11],0.16129032258064513,9dada49e784601183eb3a1e1723ce2d4,,,
5,29,x[11],True,x[11],0.16129032258064513,9dada49e784601183eb3a1e1723ce2d4,,,
5,29,x[11],True,x[11],0.16129032258064513,9dada49e784601183eb3a1e1723ce2d4,,,
5,29,x[11],True,x[11],0.16129032258064513,9dada49e784601183eb3a1e1723ce2d4,,,
5,29,x[11],True,x[11],0.16129032258064513,9dada49e784601183eb3a1e1723ce2d4,,,
5,29,x[11],True,x[11],0.16129032258064513,9dada49e784601183eb3a1e1723ce2d4,,,
5,29,x[11],True,x[11],0.16129032258064513,9dada49e784601183eb3a1e1723ce2d4,,,
5,29,x[11],True,x[11],0.16129032258064513,9dada49e784601183eb3a1e1723ce2d4,,,
5,29,x[11],True,x[11],0.16129032258064513,9dada49e784601183eb3a1e1723ce2d4,,,
5,29,x[11],True,x[11],0.16129032258064513,9dada49e784601183eb3a1e1723ce2d4,,,
5,29,x[11],True,x[11],0.16129032258064513,9dada49e784601183eb3a1e1723ce2d4,,,
5,29,x[11],True,x[11],0.16129032258064513,9dada49e784601183eb3a1e1723ce2d4,,,
5,29,x[11],True,x[11],0.16129032258064513,9dada49e784601183eb3a1e1723ce2d4,,,
5,29,x[11],True,x[11],0.16129032258064513,9dada49e784601183eb3a1e1723ce2d4,,,
5,29,x[11],True,x[11],0.16129032258064513,9dada49e784601183eb3a1e1723ce2d4,,,
5,29,x[11],True,x[11],0.16129032258064513,9dada49e784601183eb3a1e1723ce2d4,,,
5,29,x[11],True,x[11],0.16129032258064513,9dada49e784601183eb3a1e1723ce2d4,,,
5,29,x[1],True,x[1],0.685483870967742,48150b63a14de07ac8ada4efd9d4896c,,,
5,29,x[11],True,x[11],0.16129032258064513,9dada49e784601183eb3a1e1723ce2d4,,,
5,29,x[11],True,x[11],0.16129032258064513,9dada49e784601183eb3a1e1723ce2d4,,,
5,29,x[11],True,x[11],0.16129032258064513,9dada49e784601183eb3a1e1723ce2d4,,,
5,29,x[15],True,x[15],0.22580645161290325,301bd409bd67cc588ceaa53a6f5220a4,,,
5,29,x[11],True,x[11],0.16129032258064513,9dada49e784601183eb3a1e1723ce2d4,,,
5,29,x[11],True,x[11],0.16129032258064513,9dada49e784601183eb3a1e1723ce2d4,,,
5,29,x[11],True,x[11],0.16129032258064513,9dada49e784601183eb3a1e1723ce2d4,,,
5,29,x[11],True,x[11],0.16129032258064513,9dada49e784601183eb3a1e1723ce2d4,,,
5,29,x[11],True,x[11],0.16129032258064513,9dada49e784601183eb3a1e1723ce2d4,,,
5,29,x[11],True,x[11],0.16129032258064513,9dada49e784601183eb3a1e1723ce2d4,,,
5,29,x[12],True,x[12],0.18548387096774188,0d372214e94f96a8c686509e4d084014,,,
5,29,x[11],True,x[11],0.16129032258064513,9dada49e784601183eb3a1e1723ce2d4,,,
5,29,x[11],True,x[11],0.16129032258064513,9dada49e784601183eb3a1e1723ce2d4,,,
5,29,x[11],True,x[11],0.16129032258064513,9dada49e784601183eb3a1e1723ce2d4,,,
5,29,x[11],True,x[11],0.16129032258064513,9dada49e784601183eb3a1e1723ce2d4,,,
5,29,x[11],True,x[11],0.16129032258064513,9dada49e784601183eb3a1e1723ce2d4,,,
5,29,x[11],True,x[11],0.16129032258064513,9dada49e784601183eb3a1e1723ce2d4,,,
5,29,x[11],True,x[11],0.16129032258064513,9dada49e784601183eb3a1e1723ce2d4,,,
5,29,x[11],True,x[11],0.16129032258064513,9dada49e784601183eb3a1e1723ce2d4,,,
5,29,x[11],True,x[11],0.16129032258064513,9dada49e784601183eb3a1e1723ce2d4,,,
5,29,x[11],True,x[11],0.16129032258064513,9dada49e784601183eb3a1e1723ce2d4,,,
5,29,x[11],True,x[11],0.16129032258064513,9dada49e784601183eb3a1e1723ce2d4,,,
5,29,x[11],True,x[11],0.16129032258064513,9dada49e784601183eb3a1e1723ce2d4,,,
5,29,x[11],True,x[11],0.16129032258064513,9dada49e784601183eb3a1e1723ce2d4,,,
5,29,x[11],True,x[11],0.16129032258064513,9dada49e784601183eb3a1e1723ce2d4,,,
5,29,x[6],True,x[6],0.30645161290322576,d902aea98596abf07e07d9c42be380bf,,,
5,29,x[11],True,x[11],0.16129032258064513,9dada49e784601183eb3a1e1723ce2d4,,,
5,29,x[11],True,x[11],0.16129032258064513,9dada49e784601183eb3a1e1723ce2d4,,,
5,29,x[11],True,x[11],0.16129032258064513,9dada49e784601183eb3a1e1723ce2d4,,,
5,29,x[11],True,x[11],0.16129032258064513,9dada49e784601183eb3a1e1723ce2d4,,,
5,29,x[11],True,x[11],0.16129032258064513,9dada49e784601183eb3a1e1723ce2d4,,,
5,29,x[11],True,x[11],0.16129032258064513,9dada49e784601183eb3a1e1723ce2d4,,,
5,29,x[11],True,x[11],0.16129032258064513,9dada49e784601183eb3a1e1723ce2d4,,,
5,29,x[11],True,x[11],0.16129032258064513,9dada49e784601183eb3a1e1723ce2d4,,,
5,29,x[11],True,x[11],0.16129032258064513,9dada49e784601183eb3a1e1723ce2d4,,,
5,29,x[11],True,x[11],0.16129032258064513,9dada49e784601183eb3a1e1723ce2d4,,,
5,29,x[11],True,x[11],0.16129032258064513,9dada49e784601183eb3a1e1723ce2d4,,,
5,29,x[11],True,x[11],0.16129032258064513,9dada49e784601183eb3a1e1723ce2d4,,,
5,29,x[11],True,x[11],0.16129032258064513,9dada49e784601183eb3a1e1723ce2d4,,,
5,29,x[11],True,x[11],0.16129032258064513,9dada49e784601183eb3a1e1723ce2d4,,,
5,29,x[11],True,x[11],0.16129032258064513,9dada49e784601183eb3a1e1723ce2d4,,,
5,29,x[11],True,x[11],0.16129032258064513,9dada49e784601183eb3a1e1723ce2d4,,,
5,29,x[11],True,x[11],0.16129032258064513,9dada49e784601183eb3a1e1723ce2d4,,,
5,29,x[11],True,x[11],0.16129032258064513,9dada49e784601183eb3a1e1723ce2d4,,,
5,29,x[11],True,x[11],0.16129032258064513,9dada49e784601183eb3a1e1723ce2d4,,,
5,29,x[11],True,x[11],0.16129032258064513,9dada49e784601183eb3a1e1723ce2d4,,,
5,29,x[11],True,x[11],0.16129032258064513,9dada49e784601183eb3a1e1723ce2d4,,,
5,29,x[11],True,x[11],0.16129032258064513,9dada49e784601183eb3a1e1723ce2d4,,,
5,29,x[11],True,x[11],0.16129032258064513,9dada49e784601183eb3a1e1723ce2d4,,,
5,29,x[11],True,x[11],0.16129032258064513,9dada49e784601183eb3a1e1723ce2d4,,,
5,29,x[11],True,x[11],0.16129032258064513,9dada49e784601183eb3a1e1723ce2d4,,,
5,29,x[11],True,x[11],0.16129032258064513,9dada49e784601183eb3a1e1723ce2d4,,,
5,29,x[11],True,x[11],0.16129032258064513,9dada49e784601183eb3a1e1723ce2d4,,,
5,29,x[11],True,x[11],0.16129032258064513,9dada49e784601183eb3a1e1723ce2d4,,,
5,29,x[11],True,x[11],0.16129032258064513,9dada49e784601183eb3a1e1723ce2d4,,,
5,29,x[11],True,x[11],0.16129032258064513,9dada49e784601183eb3a1e1723ce2d4,,,
5,29,x[11],True,x[11],0.16129032258064513,9dada49e784601183eb3a1e1723ce2d4,,,
5,29,x[11],True,x[11],0.16129032258064513,9dada49e784601183eb3a1e1723ce2d4,,,
5,29,x[11],True,x[11],0.16129032258064513,9dada49e784601183eb3a1e1723ce2d4,,,
5,29,x[11],True,x[11],0.16129032258064513,9dada49e784601183eb3a1e1723ce2d4,,,
5,29,x[11],True,x[11],0.16129032258064513,9dada49e784601183eb3a1e1723ce2d4,,,
5,29,x[16],True,x[16],0.217741935483871,2b4aec85a499a1f7baf764b48bcf9178,,,
5,29,x[11],True,x[11],0.16129032258064513,9dada49e784601183eb3a1e1723ce2d4,,,
5,29,x[11],True,x[11],0.16129032258064513,9dada49e784601183eb3a1e1723ce2d4,,,
5,29,x[11],True,x[11],0.16129032258064513,9dada49e784601183eb3a1e1723ce2d4,,,
5,29,x[11],True,x[11],0.16129032258064513,9dada49e784601183eb3a1e1723ce2d4,,,
5,29,x[11],True,x[11],0.16129032258064513,9dada49e784601183eb3a1e1723ce2d4,,,
5,29,x[11],True,x[11],0.16129032258064513,9dada49e784601183eb3a1e1723ce2d4,,,
5,29,x[11],True,x[11],0.16129032258064513,9dada49e784601183eb3a1e1723ce2d4,,,
5,29,x[11],True,x[11],0.16129032258064513,9dada49e784601183eb3a1e1723ce2d4,,,
5,29,x[11],True,x[11],0.16129032258064513,9dada49e784601183eb3a1e1723ce2d4,,,
5,29,x[11],True,x[11],0.16129032258064513,9dada49e784601183eb3a1e1723ce2d4,,,
5,29,x[11],True,x[11],0.16129032258064513,9dada49e784601183eb3a1e1723ce2d4,,,
5,29,x[11],True,x[11],0.16129032258064513,9dada49e784601183eb3a1e1723ce2d4,,,
5,29,x[11],True,x[11],0.16129032258064513,9dada49e784601183eb3a1e1723ce2d4,,,
5,29,x[11],True,x[11],0.16129032258064513,9dada49e784601183eb3a1e1723ce2d4,,,
5,29,x[11],True,x[11],0.16129032258064513,9dada49e784601183eb3a1e1723ce2d4,,,
5,29,x[11],True,x[11],0.16129032258064513,9dada49e784601183eb3a1e1723ce2d4,,,
5,29,x[11],True,x[11],0.16129032258064513,9dada49e784601183eb3a1e1723ce2d4,,,
5,29,x[11],True,x[11],0.16129032258064513,9dada49e784601183eb3a1e1723ce2d4,,,
5,29,x[11],True,x[11],0.16129032258064513,9dada49e784601183eb3a1e1723ce2d4,,,
5,29,x[11],True,x[11],0.16129032258064513,9dada49e784601183eb3a1e1723ce2d4,,,
5,29,x[11],True,x[11],0.16129032258064513,9dada49e784601183eb3a1e1723ce2d4,,,
5,29,x[11],True,x[11],0.16129032258064513,9dada49e784601183eb3a1e1723ce2d4,,,
5,29,x[11],True,x[11],0.16129032258064513,9dada49e784601183eb3a1e1723ce2d4,,,
5,29,x[11],True,x[11],0.16129032258064513,9dada49e784601183eb3a1e1723ce2d4,,,
5,29,x[11],True,x[11],0.16129032258064513,9dada49e784601183eb3a1e1723ce2d4,,,
5,29,x[11],True,x[11],0.16129032258064513,9dada49e784601183eb3a1e1723ce2d4,,,
5,29,x[11],True,x[11],0.16129032258064513,9dada49e784601183eb3a1e1723ce2d4,,,
5,29,x[11],True,x[11],0.16129032258064513,9dada49e784601183eb3a1e1723ce2d4,,,
5,29,x[11],True,x[11],0.16129032258064513,9dada49e784601183eb3a1e1723ce2d4,,,
5,29,x[11],True,x[11],0.16129032258064513,9dada49e784601183eb3a1e1723ce2d4,,,
5,29,x[11],True,x[11],0.16129032258064513,9dada49e784601183eb3a1e1723ce2d4,,,
5,29,x[11],True,x[11],0.16129032258064513,9dada49e784601183eb3a1e1723ce2d4,,,
5,29,x[11],True,x[11],0.16129032258064513,9dada49e784601183eb3a1e1723ce2d4,,,
5,29,x[11],True,x[11],0.16129032258064513,9dada49e784601183eb3a1e1723ce2d4,,,
5,29,x[11],True,x[11],0.16129032258064513,9dada49e784601183eb3a1e1723ce2d4,,,
5,29,x[11],True,x[11],0.16129032258064513,9dada49e784601183eb3a1e1723ce2d4,,,
5,29,x[11],True,x[11],0.16129032258064513,9dada49e784601183eb3a1e1723ce2d4,,,
5,29,x[11],True,x[11],0.16129032258064513,9dada49e784601183eb3a1e1723ce2d4,,,
5,29,x[11],True,x[11],0.16129032258064513,9dada49e784601183eb3a1e1723ce2d4,,,
5,29,x[11],True,x[11],0.16129032258064513,9dada49e784601183eb3a1e1723ce2d4,,,
5,29,"less_than_or_equal(mul(sub(x[5],x[2]),mul(x[0],x[3])),x[5])",True,"or_(x[13],x[13])",0.217741935483871,36111fea987f400a898cb3f2f5b81685,,,
5,29,x[11],True,x[11],0.16129032258064513,9dada49e784601183eb3a1e1723ce2d4,,,
5,29,x[11],True,x[11],0.16129032258064513,9dada49e784601183eb3a1e1723ce2d4,,,
5,29,x[11],True,x[11],0.16129032258064513,9dada49e784601183eb3a1e1723ce2d4,,,
5,29,x[11],True,x[11],0.16129032258064513,9dada49e784601183eb3a1e1723ce2d4,,,
5,29,x[11],True,x[11],0.16129032258064513,9dada49e784601183eb3a1e1723ce2d4,,,
5,29,x[11],True,x[11],0.16129032258064513,9dada49e784601183eb3a1e1723ce2d4,,,
5,29,x[11],True,x[11],0.16129032258064513,9dada49e784601183eb3a1e1723ce2d4,,,
5,29,x[11],True,x[11],0.16129032258064513,9dada49e784601183eb3a1e1723ce2d4,,,
5,29,x[11],True,x[11],0.16129032258064513,9dada49e784601183eb3a1e1723ce2d4,,,
5,29,x[11],True,x[11],0.16129032258064513,9dada49e784601183eb3a1e1723ce2d4,,,
5,29,x[11],True,x[11],0.16129032258064513,9dada49e784601183eb3a1e1723ce2d4,,,
5,29,x[11],True,x[11],0.16129032258064513,9dada49e784601183eb3a1e1723ce2d4,,,
5,29,x[4],True,x[4],0.49193548387096775,c062f6f76dec194bafe0ddbf91add8d9,,,
5,29,x[11],True,x[11],0.16129032258064513,9dada49e784601183eb3a1e1723ce2d4,,,
5,29,x[11],True,x[11],0.16129032258064513,9dada49e784601183eb3a1e1723ce2d4,,,
5,29,x[11],True,x[11],0.16129032258064513,9dada49e784601183eb3a1e1723ce2d4,,,
5,29,x[11],True,x[11],0.16129032258064513,9dada49e784601183eb3a1e1723ce2d4,,,
5,29,x[11],True,x[11],0.16129032258064513,9dada49e784601183eb3a1e1723ce2d4,,,
5,29,x[11],True,x[11],0.16129032258064513,9dada49e784601183eb3a1e1723ce2d4,,,
5,29,x[11],True,x[11],0.16129032258064513,9dada49e784601183eb3a1e1723ce2d4,,,
5,29,x[11],True,x[11],0.16129032258064513,9dada49e784601183eb3a1e1723ce2d4,,,
5,29,x[14],True,x[14],0.22580645161290325,5184b187f6f474f266ff1a9e52a8b41f,,,
5,29,x[11],True,x[11],0.16129032258064513,9dada49e784601183eb3a1e1723ce2d4,,,
5,29,x[11],True,x[11],0.16129032258064513,9dada49e784601183eb3a1e1723ce2d4,,,
5,29,x[11],True,x[11],0.16129032258064513,9dada49e784601183eb3a1e1723ce2d4,,,
5,29,x[11],True,x[11],0.16129032258064513,9dada49e784601183eb3a1e1723ce2d4,,,
5,29,x[11],True,x[11],0.16129032258064513,9dada49e784601183eb3a1e1723ce2d4,,,
5,29,x[11],True,x[11],0.16129032258064513,9dada49e784601183eb3a1e1723ce2d4,,,
5,29,x[11],True,x[11],0.16129032258064513,9dada49e784601183eb3a1e1723ce2d4,,,
5,29,x[4],True,x[4],0.49193548387096775,c062f6f76dec194bafe0ddbf91add8d9,,,
5,29,x[11],True,x[11],0.16129032258064513,9dada49e784601183eb3a1e1723ce2d4,,,
5,29,x[11],True,x[11],0.16129032258064513,9dada49e784601183eb3a1e1723ce2d4,,,
5,29,x[11],True,x[11],0.16129032258064513,9dada49e784601183eb3a1e1723ce2d4,,,
5,29,x[11],True,x[11],0.16129032258064513,9dada49e784601183eb3a1e1723ce2d4,,,
5,29,x[11],True,x[11],0.16129032258064513,9dada49e784601183eb3a1e1723ce2d4,,,
5,29,x[11],True,x[11],0.16129032258064513,9dada49e784601183eb3a1e1723ce2d4,,,
5,29,x[11],True,x[11],0.16129032258064513,9dada49e784601183eb3a1e1723ce2d4,,,
5,29,x[11],True,x[11],0.16129032258064513,9dada49e784601183eb3a1e1723ce2d4,,,
5,29,x[11],True,x[11],0.16129032258064513,9dada49e784601183eb3a1e1723ce2d4,,,
5,29,x[11],True,x[11],0.16129032258064513,9dada49e784601183eb3a1e1723ce2d4,,,
5,29,x[11],True,x[11],0.16129032258064513,9dada49e784601183eb3a1e1723ce2d4,,,
5,29,x[11],True,x[11],0.16129032258064513,9dada49e784601183eb3a1e1723ce2d4,,,
5,29,x[11],True,x[11],0.16129032258064513,9dada49e784601183eb3a1e1723ce2d4,,,
5,29,x[11],True,x[11],0.16129032258064513,9dada49e784601183eb3a1e1723ce2d4,,,
5,29,x[11],True,x[11],0.16129032258064513,9dada49e784601183eb3a1e1723ce2d4,,,
5,29,x[11],True,x[11],0.16129032258064513,9dada49e784601183eb3a1e1723ce2d4,,,
5,29,x[11],True,x[11],0.16129032258064513,9dada49e784601183eb3a1e1723ce2d4,,,
5,29,x[11],True,x[11],0.16129032258064513,9dada49e784601183eb3a1e1723ce2d4,,,
5,29,x[11],True,x[11],0.16129032258064513,9dada49e784601183eb3a1e1723ce2d4,,,
5,29,x[8],True,x[8],0.4354838709677419,8c6b56831adf589cc7ca352d27aafe6d,,,
5,29,x[11],True,x[11],0.16129032258064513,9dada49e784601183eb3a1e1723ce2d4,,,
5,29,x[11],True,x[11],0.16129032258064513,9dada49e784601183eb3a1e1723ce2d4,,,
5,29,x[11],True,x[11],0.16129032258064513,9dada49e784601183eb3a1e1723ce2d4,,,
5,29,x[11],True,x[11],0.16129032258064513,9dada49e784601183eb3a1e1723ce2d4,,,
5,29,x[11],True,x[11],0.16129032258064513,9dada49e784601183eb3a1e1723ce2d4,,,
5,29,x[11],True,x[11],0.16129032258064513,9dada49e784601183eb3a1e1723ce2d4,,,
5,29,x[11],True,x[11],0.16129032258064513,9dada49e784601183eb3a1e1723ce2d4,,,
5,29,x[11],True,x[11],0.16129032258064513,9dada49e784601183eb3a1e1723ce2d4,,,
5,29,x[11],True,x[11],0.16129032258064513,9dada49e784601183eb3a1e1723ce2d4,,,
5,29,x[11],True,x[11],0.16129032258064513,9dada49e784601183eb3a1e1723ce2d4,,,
5,29,x[11],True,x[11],0.16129032258064513,9dada49e784601183eb3a1e1723ce2d4,,,
5,29,x[11],True,x[11],0.16129032258064513,9dada49e784601183eb3a1e1723ce2d4,,,
5,29,x[11],True,x[11],0.16129032258064513,9dada49e784601183eb3a1e1723ce2d4,,,
5,29,x[11],True,x[11],0.16129032258064513,9dada49e784601183eb3a1e1723ce2d4,,,
5,29,x[11],True,x[11],0.16129032258064513,9dada49e784601183eb3a1e1723ce2d4,,,
5,29,x[11],True,x[11],0.16129032258064513,9dada49e784601183eb3a1e1723ce2d4,,,
5,29,x[11],True,x[11],0.16129032258064513,9dada49e784601183eb3a1e1723ce2d4,,,
5,29,x[11],True,x[11],0.16129032258064513,9dada49e784601183eb3a1e1723ce2d4,,,
5,29,x[11],True,x[11],0.16129032258064513,9dada49e784601183eb3a1e1723ce2d4,,,
5,29,x[11],True,x[11],0.16129032258064513,9dada49e784601183eb3a1e1723ce2d4,,,
5,29,x[11],True,x[11],0.16129032258064513,9dada49e784601183eb3a1e1723ce2d4,,,
5,29,x[11],True,x[11],0.16129032258064513,9dada49e784601183eb3a1e1723ce2d4,,,
5,29,x[11],True,x[11],0.16129032258064513,9dada49e784601183eb3a1e1723ce2d4,,,
5,29,x[11],True,x[11],0.16129032258064513,9dada49e784601183eb3a1e1723ce2d4,,,
5,29,x[11],True,x[11],0.16129032258064513,9dada49e784601183eb3a1e1723ce2d4,,,
5,29,x[11],True,x[11],0.16129032258064513,9dada49e784601183eb3a1e1723ce2d4,,,
5,29,x[11],True,x[11],0.16129032258064513,9dada49e784601183eb3a1e1723ce2d4,,,
5,29,x[11],True,x[11],0.16129032258064513,9dada49e784601183eb3a1e1723ce2d4,,,
5,29,x[11],True,x[11],0.16129032258064513,9dada49e784601183eb3a1e1723ce2d4,,,
5,29,x[11],True,x[11],0.16129032258064513,9dada49e784601183eb3a1e1723ce2d4,,,
5,29,x[11],True,x[11],0.16129032258064513,9dada49e784601183eb3a1e1723ce2d4,,,
5,29,x[11],True,x[11],0.16129032258064513,9dada49e784601183eb3a1e1723ce2d4,,,
5,29,x[11],True,x[11],0.16129032258064513,9dada49e784601183eb3a1e1723ce2d4,,,
5,29,x[11],True,x[11],0.16129032258064513,9dada49e784601183eb3a1e1723ce2d4,,,
5,29,x[11],True,x[11],0.16129032258064513,9dada49e784601183eb3a1e1723ce2d4,,,
5,29,x[11],True,x[11],0.16129032258064513,9dada49e784601183eb3a1e1723ce2d4,,,
5,29,x[11],True,x[11],0.16129032258064513,9dada49e784601183eb3a1e1723ce2d4,,,
5,30,x[11],True,x[11],0.16129032258064513,9dada49e784601183eb3a1e1723ce2d4,,,
5,30,x[11],True,x[11],0.16129032258064513,9dada49e784601183eb3a1e1723ce2d4,,,
5,30,x[11],True,x[11],0.16129032258064513,9dada49e784601183eb3a1e1723ce2d4,,,
5,30,x[11],True,x[11],0.16129032258064513,9dada49e784601183eb3a1e1723ce2d4,,,
5,30,x[11],True,x[11],0.16129032258064513,9dada49e784601183eb3a1e1723ce2d4,,,
5,30,x[11],True,x[11],0.16129032258064513,9dada49e784601183eb3a1e1723ce2d4,,,
5,30,x[11],True,x[11],0.16129032258064513,9dada49e784601183eb3a1e1723ce2d4,,,
5,30,x[11],True,x[11],0.16129032258064513,9dada49e784601183eb3a1e1723ce2d4,,,
5,30,x[11],True,x[11],0.16129032258064513,9dada49e784601183eb3a1e1723ce2d4,,,
5,30,x[11],True,x[11],0.16129032258064513,9dada49e784601183eb3a1e1723ce2d4,,,
5,30,x[11],True,x[11],0.16129032258064513,9dada49e784601183eb3a1e1723ce2d4,,,
5,30,x[11],True,x[11],0.16129032258064513,9dada49e784601183eb3a1e1723ce2d4,,,
5,30,x[11],True,x[11],0.16129032258064513,9dada49e784601183eb3a1e1723ce2d4,,,
5,30,x[11],True,x[11],0.16129032258064513,9dada49e784601183eb3a1e1723ce2d4,,,
5,30,x[11],True,x[11],0.16129032258064513,9dada49e784601183eb3a1e1723ce2d4,,,
5,30,x[11],True,x[11],0.16129032258064513,9dada49e784601183eb3a1e1723ce2d4,,,
5,30,x[11],True,x[11],0.16129032258064513,9dada49e784601183eb3a1e1723ce2d4,,,
5,30,x[13],True,x[13],0.217741935483871,060f7b59fcb1852e9befb4d0292eca15,,,
5,30,x[11],True,x[11],0.16129032258064513,9dada49e784601183eb3a1e1723ce2d4,,,
5,30,x[11],True,x[11],0.16129032258064513,9dada49e784601183eb3a1e1723ce2d4,,,
5,30,x[11],True,x[11],0.16129032258064513,9dada49e784601183eb3a1e1723ce2d4,,,
5,30,x[11],True,x[11],0.16129032258064513,9dada49e784601183eb3a1e1723ce2d4,,,
5,30,x[11],True,x[11],0.16129032258064513,9dada49e784601183eb3a1e1723ce2d4,,,
5,30,x[11],True,x[11],0.16129032258064513,9dada49e784601183eb3a1e1723ce2d4,,,
5,30,x[11],True,x[11],0.16129032258064513,9dada49e784601183eb3a1e1723ce2d4,,,
5,30,x[11],True,x[11],0.16129032258064513,9dada49e784601183eb3a1e1723ce2d4,,,
5,30,x[11],True,x[11],0.16129032258064513,9dada49e784601183eb3a1e1723ce2d4,,,
5,30,x[11],True,x[11],0.16129032258064513,9dada49e784601183eb3a1e1723ce2d4,,,
5,30,x[10],True,x[10],0.24193548387096775,7424f049dcd7de48c5ec487367408f4f,,,
5,30,x[11],True,x[11],0.16129032258064513,9dada49e784601183eb3a1e1723ce2d4,,,
5,30,x[11],True,x[11],0.16129032258064513,9dada49e784601183eb3a1e1723ce2d4,,,
5,30,x[11],True,x[11],0.16129032258064513,9dada49e784601183eb3a1e1723ce2d4,,,
5,30,x[11],True,x[11],0.16129032258064513,9dada49e784601183eb3a1e1723ce2d4,,,
5,30,x[11],True,x[11],0.16129032258064513,9dada49e784601183eb3a1e1723ce2d4,,,
5,30,x[11],True,x[11],0.16129032258064513,9dada49e784601183eb3a1e1723ce2d4,,,
5,30,x[11],True,x[11],0.16129032258064513,9dada49e784601183eb3a1e1723ce2d4,,,
5,30,x[11],True,x[11],0.16129032258064513,9dada49e784601183eb3a1e1723ce2d4,,,
5,30,x[11],True,x[11],0.16129032258064513,9dada49e784601183eb3a1e1723ce2d4,,,
5,30,x[11],True,x[11],0.16129032258064513,9dada49e784601183eb3a1e1723ce2d4,,,
5,30,x[11],True,x[11],0.16129032258064513,9dada49e784601183eb3a1e1723ce2d4,,,
5,30,x[11],True,x[11],0.16129032258064513,9dada49e784601183eb3a1e1723ce2d4,,,
5,30,x[11],True,x[11],0.16129032258064513,9dada49e784601183eb3a1e1723ce2d4,,,
5,30,x[11],True,x[11],0.16129032258064513,9dada49e784601183eb3a1e1723ce2d4,,,
5,30,x[11],True,x[11],0.16129032258064513,9dada49e784601183eb3a1e1723ce2d4,,,
5,30,x[11],True,x[11],0.16129032258064513,9dada49e784601183eb3a1e1723ce2d4,,,
5,30,x[11],True,x[11],0.16129032258064513,9dada49e784601183eb3a1e1723ce2d4,,,
5,30,x[11],True,x[11],0.16129032258064513,9dada49e784601183eb3a1e1723ce2d4,,,
5,30,x[11],True,x[11],0.16129032258064513,9dada49e784601183eb3a1e1723ce2d4,,,
5,30,x[11],True,x[11],0.16129032258064513,9dada49e784601183eb3a1e1723ce2d4,,,
5,30,x[11],True,x[11],0.16129032258064513,9dada49e784601183eb3a1e1723ce2d4,,,
5,30,x[11],True,x[11],0.16129032258064513,9dada49e784601183eb3a1e1723ce2d4,,,
5,30,x[11],True,x[11],0.16129032258064513,9dada49e784601183eb3a1e1723ce2d4,,,
5,30,x[11],True,x[11],0.16129032258064513,9dada49e784601183eb3a1e1723ce2d4,,,
5,30,x[10],True,x[10],0.24193548387096775,7424f049dcd7de48c5ec487367408f4f,,,
5,30,x[11],True,x[11],0.16129032258064513,9dada49e784601183eb3a1e1723ce2d4,,,
5,30,x[11],True,x[11],0.16129032258064513,9dada49e784601183eb3a1e1723ce2d4,,,
5,30,x[11],True,x[11],0.16129032258064513,9dada49e784601183eb3a1e1723ce2d4,,,
5,30,x[11],True,x[11],0.16129032258064513,9dada49e784601183eb3a1e1723ce2d4,,,
5,30,x[11],True,x[11],0.16129032258064513,9dada49e784601183eb3a1e1723ce2d4,,,
5,30,x[11],True,x[11],0.16129032258064513,9dada49e784601183eb3a1e1723ce2d4,,,
5,30,x[11],True,x[11],0.16129032258064513,9dada49e784601183eb3a1e1723ce2d4,,,
5,30,x[11],True,x[11],0.16129032258064513,9dada49e784601183eb3a1e1723ce2d4,,,
5,30,x[11],True,x[11],0.16129032258064513,9dada49e784601183eb3a1e1723ce2d4,,,
5,30,x[11],True,x[11],0.16129032258064513,9dada49e784601183eb3a1e1723ce2d4,,,
5,30,x[11],True,x[11],0.16129032258064513,9dada49e784601183eb3a1e1723ce2d4,,,
5,30,x[11],True,x[11],0.16129032258064513,9dada49e784601183eb3a1e1723ce2d4,,,
5,30,x[11],True,x[11],0.16129032258064513,9dada49e784601183eb3a1e1723ce2d4,,,
5,30,x[11],True,x[11],0.16129032258064513,9dada49e784601183eb3a1e1723ce2d4,,,
5,30,x[11],True,x[11],0.16129032258064513,9dada49e784601183eb3a1e1723ce2d4,,,
5,30,x[11],True,x[11],0.16129032258064513,9dada49e784601183eb3a1e1723ce2d4,,,
5,30,x[11],True,x[11],0.16129032258064513,9dada49e784601183eb3a1e1723ce2d4,,,
5,30,x[11],True,x[11],0.16129032258064513,9dada49e784601183eb3a1e1723ce2d4,,,
5,30,x[11],True,x[11],0.16129032258064513,9dada49e784601183eb3a1e1723ce2d4,,,
5,30,x[11],True,x[11],0.16129032258064513,9dada49e784601183eb3a1e1723ce2d4,,,
5,30,x[11],True,x[11],0.16129032258064513,9dada49e784601183eb3a1e1723ce2d4,,,
5,30,x[11],True,x[11],0.16129032258064513,9dada49e784601183eb3a1e1723ce2d4,,,
5,30,x[11],True,x[11],0.16129032258064513,9dada49e784601183eb3a1e1723ce2d4,,,
5,30,x[11],True,x[11],0.16129032258064513,9dada49e784601183eb3a1e1723ce2d4,,,
5,30,x[11],True,x[11],0.16129032258064513,9dada49e784601183eb3a1e1723ce2d4,,,
5,30,x[11],True,x[11],0.16129032258064513,9dada49e784601183eb3a1e1723ce2d4,,,
5,30,x[13],True,x[13],0.217741935483871,060f7b59fcb1852e9befb4d0292eca15,,,
5,30,x[11],True,x[11],0.16129032258064513,9dada49e784601183eb3a1e1723ce2d4,,,
5,30,x[18],True,x[18],0.6451612903225806,6a4c84e0915d9d2b86d121e994683436,,,
5,30,x[11],True,x[11],0.16129032258064513,9dada49e784601183eb3a1e1723ce2d4,,,
5,30,x[11],True,x[11],0.16129032258064513,9dada49e784601183eb3a1e1723ce2d4,,,
5,30,x[11],True,x[11],0.16129032258064513,9dada49e784601183eb3a1e1723ce2d4,,,
5,30,x[17],True,x[17],0.217741935483871,078a7ef4b1d424e54e976f158f2a5fa5,,,
5,30,x[11],True,x[11],0.16129032258064513,9dada49e784601183eb3a1e1723ce2d4,,,
5,30,x[11],True,x[11],0.16129032258064513,9dada49e784601183eb3a1e1723ce2d4,,,
5,30,x[11],True,x[11],0.16129032258064513,9dada49e784601183eb3a1e1723ce2d4,,,
5,30,x[11],True,x[11],0.16129032258064513,9dada49e784601183eb3a1e1723ce2d4,,,
5,30,x[12],True,x[12],0.18548387096774188,0d372214e94f96a8c686509e4d084014,,,
5,30,x[11],True,x[11],0.16129032258064513,9dada49e784601183eb3a1e1723ce2d4,,,
5,30,x[11],True,x[11],0.16129032258064513,9dada49e784601183eb3a1e1723ce2d4,,,
5,30,x[8],True,x[8],0.4354838709677419,8c6b56831adf589cc7ca352d27aafe6d,,,
5,30,x[11],True,x[11],0.16129032258064513,9dada49e784601183eb3a1e1723ce2d4,,,
5,30,x[11],True,x[11],0.16129032258064513,9dada49e784601183eb3a1e1723ce2d4,,,
5,30,x[11],True,x[11],0.16129032258064513,9dada49e784601183eb3a1e1723ce2d4,,,
5,30,x[11],True,x[11],0.16129032258064513,9dada49e784601183eb3a1e1723ce2d4,,,
5,30,x[11],True,x[11],0.16129032258064513,9dada49e784601183eb3a1e1723ce2d4,,,
5,30,x[11],True,x[11],0.16129032258064513,9dada49e784601183eb3a1e1723ce2d4,,,
5,30,x[11],True,x[11],0.16129032258064513,9dada49e784601183eb3a1e1723ce2d4,,,
5,30,x[11],True,x[11],0.16129032258064513,9dada49e784601183eb3a1e1723ce2d4,,,
5,30,x[11],True,x[11],0.16129032258064513,9dada49e784601183eb3a1e1723ce2d4,,,
5,30,x[11],True,x[11],0.16129032258064513,9dada49e784601183eb3a1e1723ce2d4,,,
5,30,x[11],True,x[11],0.16129032258064513,9dada49e784601183eb3a1e1723ce2d4,,,
5,30,x[11],True,x[11],0.16129032258064513,9dada49e784601183eb3a1e1723ce2d4,,,
5,30,x[11],True,x[11],0.16129032258064513,9dada49e784601183eb3a1e1723ce2d4,,,
5,30,x[11],True,x[11],0.16129032258064513,9dada49e784601183eb3a1e1723ce2d4,,,
5,30,x[11],True,x[11],0.16129032258064513,9dada49e784601183eb3a1e1723ce2d4,,,
5,30,x[11],True,x[11],0.16129032258064513,9dada49e784601183eb3a1e1723ce2d4,,,
5,30,x[11],True,x[11],0.16129032258064513,9dada49e784601183eb3a1e1723ce2d4,,,
5,30,x[11],True,x[11],0.16129032258064513,9dada49e784601183eb3a1e1723ce2d4,,,
5,30,x[11],True,x[11],0.16129032258064513,9dada49e784601183eb3a1e1723ce2d4,,,
5,30,x[11],True,x[11],0.16129032258064513,9dada49e784601183eb3a1e1723ce2d4,,,
5,30,x[11],True,x[11],0.16129032258064513,9dada49e784601183eb3a1e1723ce2d4,,,
5,30,x[11],True,x[11],0.16129032258064513,9dada49e784601183eb3a1e1723ce2d4,,,
5,30,x[11],True,x[11],0.16129032258064513,9dada49e784601183eb3a1e1723ce2d4,,,
5,30,x[11],True,x[11],0.16129032258064513,9dada49e784601183eb3a1e1723ce2d4,,,
5,30,x[11],True,x[11],0.16129032258064513,9dada49e784601183eb3a1e1723ce2d4,,,
5,30,x[11],True,x[11],0.16129032258064513,9dada49e784601183eb3a1e1723ce2d4,,,
5,30,x[11],True,x[11],0.16129032258064513,9dada49e784601183eb3a1e1723ce2d4,,,
5,30,x[11],True,x[11],0.16129032258064513,9dada49e784601183eb3a1e1723ce2d4,,,
5,30,x[11],True,x[11],0.16129032258064513,9dada49e784601183eb3a1e1723ce2d4,,,
5,30,x[11],True,x[11],0.16129032258064513,9dada49e784601183eb3a1e1723ce2d4,,,
5,30,x[11],True,x[11],0.16129032258064513,9dada49e784601183eb3a1e1723ce2d4,,,
5,30,x[14],True,x[14],0.22580645161290325,5184b187f6f474f266ff1a9e52a8b41f,,,
5,30,x[11],True,x[11],0.16129032258064513,9dada49e784601183eb3a1e1723ce2d4,,,
5,30,x[11],True,x[11],0.16129032258064513,9dada49e784601183eb3a1e1723ce2d4,,,
5,30,x[11],True,x[11],0.16129032258064513,9dada49e784601183eb3a1e1723ce2d4,,,
5,30,x[11],True,x[11],0.16129032258064513,9dada49e784601183eb3a1e1723ce2d4,,,
5,30,x[11],True,x[11],0.16129032258064513,9dada49e784601183eb3a1e1723ce2d4,,,
5,30,x[11],True,x[11],0.16129032258064513,9dada49e784601183eb3a1e1723ce2d4,,,
5,30,x[11],True,x[11],0.16129032258064513,9dada49e784601183eb3a1e1723ce2d4,,,
5,30,x[11],True,x[11],0.16129032258064513,9dada49e784601183eb3a1e1723ce2d4,,,
5,30,x[11],True,x[11],0.16129032258064513,9dada49e784601183eb3a1e1723ce2d4,,,
5,30,x[11],True,x[11],0.16129032258064513,9dada49e784601183eb3a1e1723ce2d4,,,
5,30,x[11],True,x[11],0.16129032258064513,9dada49e784601183eb3a1e1723ce2d4,,,
5,30,x[11],True,x[11],0.16129032258064513,9dada49e784601183eb3a1e1723ce2d4,,,
5,30,x[11],True,x[11],0.16129032258064513,9dada49e784601183eb3a1e1723ce2d4,,,
5,30,x[11],True,x[11],0.16129032258064513,9dada49e784601183eb3a1e1723ce2d4,,,
5,30,x[11],True,x[11],0.16129032258064513,9dada49e784601183eb3a1e1723ce2d4,,,
5,30,x[11],True,x[11],0.16129032258064513,9dada49e784601183eb3a1e1723ce2d4,,,
5,30,x[11],True,x[11],0.16129032258064513,9dada49e784601183eb3a1e1723ce2d4,,,
5,30,x[11],True,x[11],0.16129032258064513,9dada49e784601183eb3a1e1723ce2d4,,,
5,30,x[11],True,x[11],0.16129032258064513,9dada49e784601183eb3a1e1723ce2d4,,,
5,30,x[11],True,x[11],0.16129032258064513,9dada49e784601183eb3a1e1723ce2d4,,,
5,30,x[11],True,x[11],0.16129032258064513,9dada49e784601183eb3a1e1723ce2d4,,,
5,30,x[11],True,x[11],0.16129032258064513,9dada49e784601183eb3a1e1723ce2d4,,,
5,30,x[11],True,x[11],0.16129032258064513,9dada49e784601183eb3a1e1723ce2d4,,,
5,30,x[11],True,x[11],0.16129032258064513,9dada49e784601183eb3a1e1723ce2d4,,,
5,30,x[11],True,x[11],0.16129032258064513,9dada49e784601183eb3a1e1723ce2d4,,,
5,30,x[11],True,x[11],0.16129032258064513,9dada49e784601183eb3a1e1723ce2d4,,,
5,30,x[11],True,x[11],0.16129032258064513,9dada49e784601183eb3a1e1723ce2d4,,,
5,30,x[15],True,x[15],0.22580645161290325,301bd409bd67cc588ceaa53a6f5220a4,,,
5,30,x[11],True,x[11],0.16129032258064513,9dada49e784601183eb3a1e1723ce2d4,,,
5,30,x[11],True,x[11],0.16129032258064513,9dada49e784601183eb3a1e1723ce2d4,,,
5,30,x[11],True,x[11],0.16129032258064513,9dada49e784601183eb3a1e1723ce2d4,,,
5,30,x[11],True,x[11],0.16129032258064513,9dada49e784601183eb3a1e1723ce2d4,,,
5,30,x[11],True,x[11],0.16129032258064513,9dada49e784601183eb3a1e1723ce2d4,,,
5,30,x[11],True,x[11],0.16129032258064513,9dada49e784601183eb3a1e1723ce2d4,,,
5,30,x[11],True,x[11],0.16129032258064513,9dada49e784601183eb3a1e1723ce2d4,,,
5,30,x[11],True,x[11],0.16129032258064513,9dada49e784601183eb3a1e1723ce2d4,,,
5,30,x[11],True,x[11],0.16129032258064513,9dada49e784601183eb3a1e1723ce2d4,,,
5,30,x[11],True,x[11],0.16129032258064513,9dada49e784601183eb3a1e1723ce2d4,,,
5,30,x[11],True,x[11],0.16129032258064513,9dada49e784601183eb3a1e1723ce2d4,,,
5,30,x[11],True,x[11],0.16129032258064513,9dada49e784601183eb3a1e1723ce2d4,,,
5,30,x[11],True,x[11],0.16129032258064513,9dada49e784601183eb3a1e1723ce2d4,,,
5,30,x[11],True,x[11],0.16129032258064513,9dada49e784601183eb3a1e1723ce2d4,,,
5,30,x[11],True,x[11],0.16129032258064513,9dada49e784601183eb3a1e1723ce2d4,,,
5,30,x[11],True,x[11],0.16129032258064513,9dada49e784601183eb3a1e1723ce2d4,,,
5,30,x[11],True,x[11],0.16129032258064513,9dada49e784601183eb3a1e1723ce2d4,,,
5,30,x[11],True,x[11],0.16129032258064513,9dada49e784601183eb3a1e1723ce2d4,,,
5,30,x[11],True,x[11],0.16129032258064513,9dada49e784601183eb3a1e1723ce2d4,,,
5,30,x[11],True,x[11],0.16129032258064513,9dada49e784601183eb3a1e1723ce2d4,,,
5,30,x[11],True,x[11],0.16129032258064513,9dada49e784601183eb3a1e1723ce2d4,,,
5,30,x[11],True,x[11],0.16129032258064513,9dada49e784601183eb3a1e1723ce2d4,,,
5,30,x[11],True,x[11],0.16129032258064513,9dada49e784601183eb3a1e1723ce2d4,,,
5,30,x[11],True,x[11],0.16129032258064513,9dada49e784601183eb3a1e1723ce2d4,,,
5,30,x[11],True,x[11],0.16129032258064513,9dada49e784601183eb3a1e1723ce2d4,,,
5,30,x[11],True,x[11],0.16129032258064513,9dada49e784601183eb3a1e1723ce2d4,,,
5,30,x[11],True,x[11],0.16129032258064513,9dada49e784601183eb3a1e1723ce2d4,,,
5,30,x[11],True,x[11],0.16129032258064513,9dada49e784601183eb3a1e1723ce2d4,,,
5,30,x[11],True,x[11],0.16129032258064513,9dada49e784601183eb3a1e1723ce2d4,,,
5,30,x[11],True,x[11],0.16129032258064513,9dada49e784601183eb3a1e1723ce2d4,,,
5,30,x[11],True,x[11],0.16129032258064513,9dada49e784601183eb3a1e1723ce2d4,,,
5,30,x[4],True,x[4],0.49193548387096775,c062f6f76dec194bafe0ddbf91add8d9,,,
5,30,x[11],True,x[11],0.16129032258064513,9dada49e784601183eb3a1e1723ce2d4,,,
5,30,x[11],True,x[11],0.16129032258064513,9dada49e784601183eb3a1e1723ce2d4,,,
5,30,x[11],True,x[11],0.16129032258064513,9dada49e784601183eb3a1e1723ce2d4,,,
5,30,x[11],True,x[11],0.16129032258064513,9dada49e784601183eb3a1e1723ce2d4,,,
5,30,x[11],True,x[11],0.16129032258064513,9dada49e784601183eb3a1e1723ce2d4,,,
5,30,x[11],True,x[11],0.16129032258064513,9dada49e784601183eb3a1e1723ce2d4,,,
5,30,x[11],True,x[11],0.16129032258064513,9dada49e784601183eb3a1e1723ce2d4,,,
5,30,x[1],True,x[1],0.685483870967742,48150b63a14de07ac8ada4efd9d4896c,,,
5,30,x[11],True,x[11],0.16129032258064513,9dada49e784601183eb3a1e1723ce2d4,,,
5,30,x[11],True,x[11],0.16129032258064513,9dada49e784601183eb3a1e1723ce2d4,,,
5,30,x[17],True,x[17],0.217741935483871,078a7ef4b1d424e54e976f158f2a5fa5,,,
5,30,x[11],True,x[11],0.16129032258064513,9dada49e784601183eb3a1e1723ce2d4,,,
5,30,x[11],True,x[11],0.16129032258064513,9dada49e784601183eb3a1e1723ce2d4,,,
5,30,x[11],True,x[11],0.16129032258064513,9dada49e784601183eb3a1e1723ce2d4,,,
5,30,x[11],True,x[11],0.16129032258064513,9dada49e784601183eb3a1e1723ce2d4,,,
5,30,x[11],True,x[11],0.16129032258064513,9dada49e784601183eb3a1e1723ce2d4,,,
5,30,x[11],True,x[11],0.16129032258064513,9dada49e784601183eb3a1e1723ce2d4,,,
5,30,x[11],True,x[11],0.16129032258064513,9dada49e784601183eb3a1e1723ce2d4,,,
5,30,x[11],True,x[11],0.16129032258064513,9dada49e784601183eb3a1e1723ce2d4,,,
5,30,x[11],True,x[11],0.16129032258064513,9dada49e784601183eb3a1e1723ce2d4,,,
5,30,x[11],True,x[11],0.16129032258064513,9dada49e784601183eb3a1e1723ce2d4,,,
5,30,x[11],True,x[11],0.16129032258064513,9dada49e784601183eb3a1e1723ce2d4,,,
5,30,x[11],True,x[11],0.16129032258064513,9dada49e784601183eb3a1e1723ce2d4,,,
5,30,x[11],True,x[11],0.16129032258064513,9dada49e784601183eb3a1e1723ce2d4,,,
5,30,x[11],True,x[11],0.16129032258064513,9dada49e784601183eb3a1e1723ce2d4,,,
5,30,x[11],True,x[11],0.16129032258064513,9dada49e784601183eb3a1e1723ce2d4,,,
5,30,x[11],True,x[11],0.16129032258064513,9dada49e784601183eb3a1e1723ce2d4,,,
5,30,x[11],True,x[11],0.16129032258064513,9dada49e784601183eb3a1e1723ce2d4,,,
5,30,x[18],True,x[18],0.6451612903225806,6a4c84e0915d9d2b86d121e994683436,,,
5,30,x[11],True,x[11],0.16129032258064513,9dada49e784601183eb3a1e1723ce2d4,,,
5,30,x[11],True,x[11],0.16129032258064513,9dada49e784601183eb3a1e1723ce2d4,,,
5,30,x[11],True,x[11],0.16129032258064513,9dada49e784601183eb3a1e1723ce2d4,,,
5,30,x[11],True,x[11],0.16129032258064513,9dada49e784601183eb3a1e1723ce2d4,,,
5,30,x[11],True,x[11],0.16129032258064513,9dada49e784601183eb3a1e1723ce2d4,,,
5,30,x[11],True,x[11],0.16129032258064513,9dada49e784601183eb3a1e1723ce2d4,,,
5,30,x[11],True,x[11],0.16129032258064513,9dada49e784601183eb3a1e1723ce2d4,,,
5,30,x[11],True,x[11],0.16129032258064513,9dada49e784601183eb3a1e1723ce2d4,,,
5,30,x[11],True,x[11],0.16129032258064513,9dada49e784601183eb3a1e1723ce2d4,,,
5,30,x[11],True,x[11],0.16129032258064513,9dada49e784601183eb3a1e1723ce2d4,,,
5,30,x[11],True,x[11],0.16129032258064513,9dada49e784601183eb3a1e1723ce2d4,,,
5,30,x[11],True,x[11],0.16129032258064513,9dada49e784601183eb3a1e1723ce2d4,,,
5,30,x[11],True,x[11],0.16129032258064513,9dada49e784601183eb3a1e1723ce2d4,,,
5,30,x[11],True,x[11],0.16129032258064513,9dada49e784601183eb3a1e1723ce2d4,,,
5,30,x[11],True,x[11],0.16129032258064513,9dada49e784601183eb3a1e1723ce2d4,,,
5,30,x[11],True,x[11],0.16129032258064513,9dada49e784601183eb3a1e1723ce2d4,,,
5,30,x[11],True,x[11],0.16129032258064513,9dada49e784601183eb3a1e1723ce2d4,,,
5,30,x[11],True,x[11],0.16129032258064513,9dada49e784601183eb3a1e1723ce2d4,,,
5,30,x[11],True,x[11],0.16129032258064513,9dada49e784601183eb3a1e1723ce2d4,,,
5,30,x[11],True,x[11],0.16129032258064513,9dada49e784601183eb3a1e1723ce2d4,,,
5,30,x[11],True,x[11],0.16129032258064513,9dada49e784601183eb3a1e1723ce2d4,,,
5,30,x[11],True,x[11],0.16129032258064513,9dada49e784601183eb3a1e1723ce2d4,,,
5,30,x[11],True,x[11],0.16129032258064513,9dada49e784601183eb3a1e1723ce2d4,,,
5,30,x[11],True,x[11],0.16129032258064513,9dada49e784601183eb3a1e1723ce2d4,,,
5,30,x[11],True,x[11],0.16129032258064513,9dada49e784601183eb3a1e1723ce2d4,,,
5,30,x[11],True,x[11],0.16129032258064513,9dada49e784601183eb3a1e1723ce2d4,,,
5,30,x[11],True,x[11],0.16129032258064513,9dada49e784601183eb3a1e1723ce2d4,,,
5,30,x[11],True,x[11],0.16129032258064513,9dada49e784601183eb3a1e1723ce2d4,,,
5,30,x[11],True,x[11],0.16129032258064513,9dada49e784601183eb3a1e1723ce2d4,,,
5,30,x[11],True,x[11],0.16129032258064513,9dada49e784601183eb3a1e1723ce2d4,,,
5,30,x[11],True,x[11],0.16129032258064513,9dada49e784601183eb3a1e1723ce2d4,,,
5,30,x[11],True,x[11],0.16129032258064513,9dada49e784601183eb3a1e1723ce2d4,,,
5,30,x[11],True,x[11],0.16129032258064513,9dada49e784601183eb3a1e1723ce2d4,,,
5,30,x[11],True,x[11],0.16129032258064513,9dada49e784601183eb3a1e1723ce2d4,,,
5,30,x[11],True,x[11],0.16129032258064513,9dada49e784601183eb3a1e1723ce2d4,,,
5,30,x[11],True,x[11],0.16129032258064513,9dada49e784601183eb3a1e1723ce2d4,,,
5,30,x[11],True,x[11],0.16129032258064513,9dada49e784601183eb3a1e1723ce2d4,,,
5,30,x[11],True,x[11],0.16129032258064513,9dada49e784601183eb3a1e1723ce2d4,,,
5,30,"not_(and_(and_(not_(greater_than_or_equal(x[3], x[0])),not_(greater_than_or_equal(x[7], x[7]))),not_(greater_than_or_equal(x[2], x[2]))))",True,"or_(x[13],x[13])",0.217741935483871,36111fea987f400a898cb3f2f5b81685,,,
5,30,x[11],True,x[11],0.16129032258064513,9dada49e784601183eb3a1e1723ce2d4,,,
5,30,x[11],True,x[11],0.16129032258064513,9dada49e784601183eb3a1e1723ce2d4,,,
5,30,x[14],True,x[14],0.22580645161290325,5184b187f6f474f266ff1a9e52a8b41f,,,
5,30,x[11],True,x[11],0.16129032258064513,9dada49e784601183eb3a1e1723ce2d4,,,
5,30,x[11],True,x[11],0.16129032258064513,9dada49e784601183eb3a1e1723ce2d4,,,
5,30,x[11],True,x[11],0.16129032258064513,9dada49e784601183eb3a1e1723ce2d4,,,
5,30,x[11],True,x[11],0.16129032258064513,9dada49e784601183eb3a1e1723ce2d4,,,
5,30,x[11],True,x[11],0.16129032258064513,9dada49e784601183eb3a1e1723ce2d4,,,
5,30,x[11],True,x[11],0.16129032258064513,9dada49e784601183eb3a1e1723ce2d4,,,
5,30,x[11],True,x[11],0.16129032258064513,9dada49e784601183eb3a1e1723ce2d4,,,
5,30,x[11],True,x[11],0.16129032258064513,9dada49e784601183eb3a1e1723ce2d4,,,
5,30,x[11],True,x[11],0.16129032258064513,9dada49e784601183eb3a1e1723ce2d4,,,
5,30,x[11],True,x[11],0.16129032258064513,9dada49e784601183eb3a1e1723ce2d4,,,
5,30,x[11],True,x[11],0.16129032258064513,9dada49e784601183eb3a1e1723ce2d4,,,
5,30,x[11],True,x[11],0.16129032258064513,9dada49e784601183eb3a1e1723ce2d4,,,
5,30,x[15],True,x[15],0.22580645161290325,301bd409bd67cc588ceaa53a6f5220a4,,,
5,30,x[11],True,x[11],0.16129032258064513,9dada49e784601183eb3a1e1723ce2d4,,,
5,30,x[11],True,x[11],0.16129032258064513,9dada49e784601183eb3a1e1723ce2d4,,,
5,30,x[11],True,x[11],0.16129032258064513,9dada49e784601183eb3a1e1723ce2d4,,,
5,30,x[11],True,x[11],0.16129032258064513,9dada49e784601183eb3a1e1723ce2d4,,,
5,30,x[11],True,x[11],0.16129032258064513,9dada49e784601183eb3a1e1723ce2d4,,,
5,30,x[11],True,x[11],0.16129032258064513,9dada49e784601183eb3a1e1723ce2d4,,,
5,30,x[11],True,x[11],0.16129032258064513,9dada49e784601183eb3a1e1723ce2d4,,,
5,30,x[11],True,x[11],0.16129032258064513,9dada49e784601183eb3a1e1723ce2d4,,,
5,30,x[18],True,x[18],0.6451612903225806,6a4c84e0915d9d2b86d121e994683436,,,
5,30,x[11],True,x[11],0.16129032258064513,9dada49e784601183eb3a1e1723ce2d4,,,
5,30,x[11],True,x[11],0.16129032258064513,9dada49e784601183eb3a1e1723ce2d4,,,
5,30,x[11],True,x[11],0.16129032258064513,9dada49e784601183eb3a1e1723ce2d4,,,
5,30,x[11],True,x[11],0.16129032258064513,9dada49e784601183eb3a1e1723ce2d4,,,
5,30,x[11],True,x[11],0.16129032258064513,9dada49e784601183eb3a1e1723ce2d4,,,
5,30,x[11],True,x[11],0.16129032258064513,9dada49e784601183eb3a1e1723ce2d4,,,
5,30,x[11],True,x[11],0.16129032258064513,9dada49e784601183eb3a1e1723ce2d4,,,
5,30,x[11],True,x[11],0.16129032258064513,9dada49e784601183eb3a1e1723ce2d4,,,
5,30,x[12],True,x[12],0.18548387096774188,0d372214e94f96a8c686509e4d084014,,,
5,30,x[8],True,x[8],0.4354838709677419,8c6b56831adf589cc7ca352d27aafe6d,,,
5,30,x[11],True,x[11],0.16129032258064513,9dada49e784601183eb3a1e1723ce2d4,,,
5,30,x[11],True,x[11],0.16129032258064513,9dada49e784601183eb3a1e1723ce2d4,,,
5,30,x[9],True,x[9],0.2338709677419355,2e0260aa627dff742f7c723c8367e701,,,
5,30,x[11],True,x[11],0.16129032258064513,9dada49e784601183eb3a1e1723ce2d4,,,
5,30,x[11],True,x[11],0.16129032258064513,9dada49e784601183eb3a1e1723ce2d4,,,
5,30,x[11],True,x[11],0.16129032258064513,9dada49e784601183eb3a1e1723ce2d4,,,
5,30,x[8],True,x[8],0.4354838709677419,8c6b56831adf589cc7ca352d27aafe6d,,,
5,30,x[11],True,x[11],0.16129032258064513,9dada49e784601183eb3a1e1723ce2d4,,,
5,30,x[11],True,x[11],0.16129032258064513,9dada49e784601183eb3a1e1723ce2d4,,,
5,30,x[11],True,x[11],0.16129032258064513,9dada49e784601183eb3a1e1723ce2d4,,,
5,30,x[11],True,x[11],0.16129032258064513,9dada49e784601183eb3a1e1723ce2d4,,,
5,30,x[11],True,x[11],0.16129032258064513,9dada49e784601183eb3a1e1723ce2d4,,,
5,30,x[11],True,x[11],0.16129032258064513,9dada49e784601183eb3a1e1723ce2d4,,,
5,30,x[11],True,x[11],0.16129032258064513,9dada49e784601183eb3a1e1723ce2d4,,,
5,30,x[11],True,x[11],0.16129032258064513,9dada49e784601183eb3a1e1723ce2d4,,,
5,30,x[11],True,x[11],0.16129032258064513,9dada49e784601183eb3a1e1723ce2d4,,,
5,30,x[11],True,x[11],0.16129032258064513,9dada49e784601183eb3a1e1723ce2d4,,,
5,30,x[11],True,x[11],0.16129032258064513,9dada49e784601183eb3a1e1723ce2d4,,,
5,30,x[11],True,x[11],0.16129032258064513,9dada49e784601183eb3a1e1723ce2d4,,,
5,30,x[11],True,x[11],0.16129032258064513,9dada49e784601183eb3a1e1723ce2d4,,,
5,30,x[11],True,x[11],0.16129032258064513,9dada49e784601183eb3a1e1723ce2d4,,,
5,30,x[11],True,x[11],0.16129032258064513,9dada49e784601183eb3a1e1723ce2d4,,,
5,30,x[11],True,x[11],0.16129032258064513,9dada49e784601183eb3a1e1723ce2d4,,,
5,30,x[11],True,x[11],0.16129032258064513,9dada49e784601183eb3a1e1723ce2d4,,,
5,30,x[10],True,x[10],0.24193548387096775,7424f049dcd7de48c5ec487367408f4f,,,
5,30,x[11],True,x[11],0.16129032258064513,9dada49e784601183eb3a1e1723ce2d4,,,
5,30,x[11],True,x[11],0.16129032258064513,9dada49e784601183eb3a1e1723ce2d4,,,
5,30,x[11],True,x[11],0.16129032258064513,9dada49e784601183eb3a1e1723ce2d4,,,
5,30,x[11],True,x[11],0.16129032258064513,9dada49e784601183eb3a1e1723ce2d4,,,
5,30,x[11],True,x[11],0.16129032258064513,9dada49e784601183eb3a1e1723ce2d4,,,
5,30,x[11],True,x[11],0.16129032258064513,9dada49e784601183eb3a1e1723ce2d4,,,
5,30,x[11],True,x[11],0.16129032258064513,9dada49e784601183eb3a1e1723ce2d4,,,
5,30,x[11],True,x[11],0.16129032258064513,9dada49e784601183eb3a1e1723ce2d4,,,
5,30,x[11],True,x[11],0.16129032258064513,9dada49e784601183eb3a1e1723ce2d4,,,
5,30,x[11],True,x[11],0.16129032258064513,9dada49e784601183eb3a1e1723ce2d4,,,
5,30,x[11],True,x[11],0.16129032258064513,9dada49e784601183eb3a1e1723ce2d4,,,
5,30,x[11],True,x[11],0.16129032258064513,9dada49e784601183eb3a1e1723ce2d4,,,
5,30,x[11],True,x[11],0.16129032258064513,9dada49e784601183eb3a1e1723ce2d4,,,
5,30,x[11],True,x[11],0.16129032258064513,9dada49e784601183eb3a1e1723ce2d4,,,
5,30,x[11],True,x[11],0.16129032258064513,9dada49e784601183eb3a1e1723ce2d4,,,
5,30,x[11],True,x[11],0.16129032258064513,9dada49e784601183eb3a1e1723ce2d4,,,
5,30,x[15],True,x[15],0.22580645161290325,301bd409bd67cc588ceaa53a6f5220a4,,,
5,30,x[11],True,x[11],0.16129032258064513,9dada49e784601183eb3a1e1723ce2d4,,,
5,30,x[11],True,x[11],0.16129032258064513,9dada49e784601183eb3a1e1723ce2d4,,,
5,30,x[11],True,x[11],0.16129032258064513,9dada49e784601183eb3a1e1723ce2d4,,,
5,30,x[11],True,x[11],0.16129032258064513,9dada49e784601183eb3a1e1723ce2d4,,,
5,30,x[11],True,x[11],0.16129032258064513,9dada49e784601183eb3a1e1723ce2d4,,,
5,30,x[11],True,x[11],0.16129032258064513,9dada49e784601183eb3a1e1723ce2d4,,,
5,30,x[11],True,x[11],0.16129032258064513,9dada49e784601183eb3a1e1723ce2d4,,,
5,30,x[11],True,x[11],0.16129032258064513,9dada49e784601183eb3a1e1723ce2d4,,,
5,30,x[11],True,x[11],0.16129032258064513,9dada49e784601183eb3a1e1723ce2d4,,,
5,30,x[11],True,x[11],0.16129032258064513,9dada49e784601183eb3a1e1723ce2d4,,,
5,30,x[11],True,x[11],0.16129032258064513,9dada49e784601183eb3a1e1723ce2d4,,,
5,30,x[11],True,x[11],0.16129032258064513,9dada49e784601183eb3a1e1723ce2d4,,,
5,30,x[11],True,x[11],0.16129032258064513,9dada49e784601183eb3a1e1723ce2d4,,,
5,30,x[11],True,x[11],0.16129032258064513,9dada49e784601183eb3a1e1723ce2d4,,,
5,30,x[11],True,x[11],0.16129032258064513,9dada49e784601183eb3a1e1723ce2d4,,,
5,30,x[11],True,x[11],0.16129032258064513,9dada49e784601183eb3a1e1723ce2d4,,,
5,30,x[11],True,x[11],0.16129032258064513,9dada49e784601183eb3a1e1723ce2d4,,,
5,30,x[11],True,x[11],0.16129032258064513,9dada49e784601183eb3a1e1723ce2d4,,,
5,30,x[11],True,x[11],0.16129032258064513,9dada49e784601183eb3a1e1723ce2d4,,,
5,30,x[11],True,x[11],0.16129032258064513,9dada49e784601183eb3a1e1723ce2d4,,,
5,30,x[11],True,x[11],0.16129032258064513,9dada49e784601183eb3a1e1723ce2d4,,,
5,30,x[11],True,x[11],0.16129032258064513,9dada49e784601183eb3a1e1723ce2d4,,,
5,30,x[11],True,x[11],0.16129032258064513,9dada49e784601183eb3a1e1723ce2d4,,,
5,30,x[11],True,x[11],0.16129032258064513,9dada49e784601183eb3a1e1723ce2d4,,,
5,30,x[11],True,x[11],0.16129032258064513,9dada49e784601183eb3a1e1723ce2d4,,,
5,30,x[11],True,x[11],0.16129032258064513,9dada49e784601183eb3a1e1723ce2d4,,,
5,30,x[11],True,x[11],0.16129032258064513,9dada49e784601183eb3a1e1723ce2d4,,,
5,30,x[11],True,x[11],0.16129032258064513,9dada49e784601183eb3a1e1723ce2d4,,,
5,30,x[11],True,x[11],0.16129032258064513,9dada49e784601183eb3a1e1723ce2d4,,,
5,30,x[11],True,x[11],0.16129032258064513,9dada49e784601183eb3a1e1723ce2d4,,,
5,30,x[11],True,x[11],0.16129032258064513,9dada49e784601183eb3a1e1723ce2d4,,,
5,30,x[11],True,x[11],0.16129032258064513,9dada49e784601183eb3a1e1723ce2d4,,,
5,30,x[11],True,x[11],0.16129032258064513,9dada49e784601183eb3a1e1723ce2d4,,,
5,30,x[11],True,x[11],0.16129032258064513,9dada49e784601183eb3a1e1723ce2d4,,,
5,30,x[11],True,x[11],0.16129032258064513,9dada49e784601183eb3a1e1723ce2d4,,,
5,30,x[11],True,x[11],0.16129032258064513,9dada49e784601183eb3a1e1723ce2d4,,,
5,30,x[11],True,x[11],0.16129032258064513,9dada49e784601183eb3a1e1723ce2d4,,,
5,30,x[11],True,x[11],0.16129032258064513,9dada49e784601183eb3a1e1723ce2d4,,,
5,30,x[11],True,x[11],0.16129032258064513,9dada49e784601183eb3a1e1723ce2d4,,,
5,30,x[11],True,x[11],0.16129032258064513,9dada49e784601183eb3a1e1723ce2d4,,,
5,30,x[11],True,x[11],0.16129032258064513,9dada49e784601183eb3a1e1723ce2d4,,,
5,30,x[11],True,x[11],0.16129032258064513,9dada49e784601183eb3a1e1723ce2d4,,,
