run,gen,phenotype,hit,phenotype_in_cache,fitness_cached,cache_key,fitness_full_train,fake_hit,fitness_diff
2,0,x[6],False,,,5dd9d7c24dce7ece1d734bf6c32f4813,0.7976190476190477,False,0.0
2,0,x[4],False,,,a4f678dee830d65312a3e1b8bd840994,0.7976190476190477,False,0.0
2,0,x[1],False,,,f131a0639fe94384fc6ee90528a36d1c,0.7738095238095238,False,0.0
2,0,x[4],True,x[4],0.7976190476190477,a4f678dee830d65312a3e1b8bd840994,0.7976190476190477,False,0.0
2,0,x[4],True,x[4],0.7976190476190477,a4f678dee830d65312a3e1b8bd840994,0.7976190476190477,False,0.0
2,0,x[1],True,x[1],0.7738095238095238,f131a0639fe94384fc6ee90528a36d1c,0.7738095238095238,False,0.0
2,0,x[6],True,x[6],0.7976190476190477,5dd9d7c24dce7ece1d734bf6c32f4813,0.7976190476190477,False,0.0
2,0,x[6],True,x[6],0.7976190476190477,5dd9d7c24dce7ece1d734bf6c32f4813,0.7976190476190477,False,0.0
2,0,x[4],True,x[4],0.7976190476190477,a4f678dee830d65312a3e1b8bd840994,0.7976190476190477,False,0.0
2,0,x[6],True,x[6],0.7976190476190477,5dd9d7c24dce7ece1d734bf6c32f4813,0.7976190476190477,False,0.0
2,0,not_(x[4]),False,,,e9bf358728c366c73b72393d204b8cd2,0.20238095238095233,False,0.0
2,0,not_(x[6]),False,,,c236778dc5683a72bff278f68dd0aee1,0.20238095238095233,False,0.0
2,0,not_(x[6]),True,not_(x[6]),0.20238095238095233,c236778dc5683a72bff278f68dd0aee1,0.20238095238095233,False,0.0
2,0,x[6],True,x[6],0.7976190476190477,5dd9d7c24dce7ece1d734bf6c32f4813,0.7976190476190477,False,0.0
2,0,x[6],True,x[6],0.7976190476190477,5dd9d7c24dce7ece1d734bf6c32f4813,0.7976190476190477,False,0.0
2,0,not_(x[6]),True,not_(x[6]),0.20238095238095233,c236778dc5683a72bff278f68dd0aee1,0.20238095238095233,False,0.0
2,0,x[1],True,x[1],0.7738095238095238,f131a0639fe94384fc6ee90528a36d1c,0.7738095238095238,False,0.0
2,0,x[1],True,x[1],0.7738095238095238,f131a0639fe94384fc6ee90528a36d1c,0.7738095238095238,False,0.0
2,0,"greater_than_or_equal(x[3], x[2])",False,,,df01b571937a3f7e4f622298a23b040f,0.2857142857142857,False,0.0
2,0,"less_than_or_equal(x[3],x[3])",False,,,3352141c4f785c0403fcb33f533f7848,0.7857142857142857,False,0.0
2,0,"greater_than_or_equal(x[3], x[0])",False,,,c9e509da19e355561199411318802876,0.30952380952380953,False,0.0
2,0,"greater_than_or_equal(x[3], x[2])",True,"greater_than_or_equal(x[3], x[2])",0.2857142857142857,df01b571937a3f7e4f622298a23b040f,0.2857142857142857,False,0.0
2,0,x[6],True,x[6],0.7976190476190477,5dd9d7c24dce7ece1d734bf6c32f4813,0.7976190476190477,False,0.0
2,0,"greater_than_or_equal(x[2], x[3])",False,,,ec9d7fd518310f893eb55346a616ba00,0.7023809523809523,False,0.0
2,0,"less_than_or_equal(x[0],x[0])",True,"less_than_or_equal(x[3],x[3])",0.7857142857142857,3352141c4f785c0403fcb33f533f7848,0.7857142857142857,False,0.0
2,0,"greater_than_or_equal(pdiv(x[5],x[5]), pdiv(x[5],x[3]))",False,,,ce8719c608f2ebe31860362841a2d4f8,0.25,False,0.0
2,0,"less_than_or_equal(53.67,mul(x[3],x[3]))",False,,,2cece411320c1d56790d65c80cc8f440,0.2142857142857143,False,0.0
2,0,"greater_than_or_equal(pdiv(x[3],x[3]), sub(x[5],x[0]))",True,"less_than_or_equal(x[3],x[3])",0.7857142857142857,3352141c4f785c0403fcb33f533f7848,0.7857142857142857,False,0.0
2,0,"less_than_or_equal(x[5],add(x[5],x[5]))",True,"less_than_or_equal(x[3],x[3])",0.7857142857142857,3352141c4f785c0403fcb33f533f7848,0.7857142857142857,False,0.0
2,0,x[4],True,x[4],0.7976190476190477,a4f678dee830d65312a3e1b8bd840994,0.7976190476190477,False,0.0
2,0,"greater_than_or_equal(x[5], sub(sub(x[3],x[2]),x[5]))",True,"less_than_or_equal(x[3],x[3])",0.7857142857142857,3352141c4f785c0403fcb33f533f7848,0.7857142857142857,False,0.0
2,0,"less_than_or_equal(40.83,sub(sub(x[3],x[3]),x[5]))",True,"less_than_or_equal(53.67,mul(x[3],x[3]))",0.2142857142857143,2cece411320c1d56790d65c80cc8f440,0.2142857142857143,False,0.0
2,0,"greater_than_or_equal(x[2], sub(add(x[5],x[0]),97.99))",True,"less_than_or_equal(x[3],x[3])",0.7857142857142857,3352141c4f785c0403fcb33f533f7848,0.7857142857142857,False,0.0
2,0,"or_(not_(greater_than_or_equal(x[3], x[3])),x[6])",False,,,dabf352ca9fc16fe7897b3fa7e73f5cb,0.7976190476190477,False,0.0
2,0,"less_than_or_equal(add(add(x[3],x[5]),add(x[5],x[0])),x[3])",True,"less_than_or_equal(53.67,mul(x[3],x[3]))",0.2142857142857143,2cece411320c1d56790d65c80cc8f440,0.2142857142857143,False,0.0
2,0,"or_(greater_than_or_equal(x[5], pdiv(x[5],x[0])),not_(greater_than_or_equal(x[5], x[2])))",True,"less_than_or_equal(53.67,mul(x[3],x[3]))",0.2142857142857143,2cece411320c1d56790d65c80cc8f440,0.26190476190476186,True,0.04761904761904756
2,0,"or_(less_than_or_equal(sub(x[2],x[5]),x[0]),x[1])",True,"less_than_or_equal(x[3],x[3])",0.7857142857142857,3352141c4f785c0403fcb33f533f7848,0.7857142857142857,False,0.0
2,0,"not_(greater_than_or_equal(sub(x[0],x[3]), x[0]))",False,,,95cffd09c37f5560118f86148db41cd5,0.7976190476190477,False,0.0
2,0,"less_than_or_equal(sub(07.09,x[2]),x[5])",True,"less_than_or_equal(53.67,mul(x[3],x[3]))",0.2142857142857143,2cece411320c1d56790d65c80cc8f440,0.2142857142857143,False,0.0
2,0,x[4],True,x[4],0.7976190476190477,a4f678dee830d65312a3e1b8bd840994,0.7976190476190477,False,0.0
2,0,"or_(greater_than_or_equal(add(x[5],x[2]), mul(x[5],x[2])),not_(greater_than_or_equal(x[3], x[2])))",True,"less_than_or_equal(x[3],x[3])",0.7857142857142857,3352141c4f785c0403fcb33f533f7848,0.7857142857142857,False,0.0
2,0,"not_(not_(less_than_or_equal(x[2],x[5])))",True,"less_than_or_equal(x[3],x[3])",0.7857142857142857,3352141c4f785c0403fcb33f533f7848,0.7380952380952381,True,-0.04761904761904756
2,0,"not_(less_than_or_equal(add(x[5],x[0]),mul(x[0],x[0])))",True,"less_than_or_equal(x[3],x[3])",0.7857142857142857,3352141c4f785c0403fcb33f533f7848,0.7857142857142857,False,0.0
2,0,"less_than_or_equal(add(add(x[2],x[2]),add(x[3],x[2])),add(pdiv(x[2],x[3]),mul(x[3],x[0])))",False,,,7b3bacd4f41e9879bc5af8815d4f2251,0.5357142857142857,False,0.0
2,0,"not_(greater_than_or_equal(mul(x[2],x[3]), mul(x[5],x[0])))",False,,,06834f87768411c312965369246a50fe,0.7142857142857143,False,0.0
2,0,"less_than_or_equal(add(mul(x[2],x[2]),pdiv(x[0],x[0])),sub(add(x[3],x[3]),add(x[3],x[5])))",True,"less_than_or_equal(53.67,mul(x[3],x[3]))",0.2142857142857143,2cece411320c1d56790d65c80cc8f440,0.2142857142857143,False,0.0
2,0,"and_(greater_than_or_equal(add(x[3],x[2]), pdiv(x[2],x[3])),less_than_or_equal(sub(x[0],x[2]),add(x[3],x[0])))",False,,,57d4612aeba4f3a787ed24c5af827569,0.29761904761904767,False,0.0
2,0,"or_(and_(less_than_or_equal(x[2],x[0]),less_than_or_equal(x[5],x[0])),not_(less_than_or_equal(x[2],x[2])))",False,,,a0c78b1f320be2873d4f79460a39f316,0.27380952380952384,False,0.0
2,0,"greater_than_or_equal(add(pdiv(x[3],x[2]),sub(x[0],x[2])), pdiv(sub(x[2],x[3]),pdiv(x[3],x[2])))",False,,,a75958ca14903ea6fe8dca6e09ae1657,0.41666666666666663,False,0.0
2,0,"greater_than_or_equal(add(pdiv(x[0],x[5]),add(x[3],x[3])), pdiv(mul(x[0],x[2]),add(x[3],x[0])))",True,"or_(not_(greater_than_or_equal(x[3], x[3])),x[6])",0.7976190476190477,dabf352ca9fc16fe7897b3fa7e73f5cb,0.7976190476190477,False,0.0
2,0,"less_than_or_equal(sub(add(x[0],x[5]),mul(x[2],x[0])),pdiv(mul(x[5],x[0]),add(x[2],x[5])))",True,"less_than_or_equal(53.67,mul(x[3],x[3]))",0.2142857142857143,2cece411320c1d56790d65c80cc8f440,0.2142857142857143,False,0.0
2,0,"greater_than_or_equal(add(mul(x[5],x[0]),add(x[3],x[5])), mul(pdiv(x[5],x[3]),add(x[2],x[2])))",False,,,69d36225c6b833126d056e20baca7c8a,0.30952380952380953,False,0.0
2,0,"less_than_or_equal(sub(sub(x[2],x[2]),pdiv(x[2],x[5])),add(sub(x[0],x[2]),sub(x[5],x[0])))",True,"less_than_or_equal(x[3],x[3])",0.7857142857142857,3352141c4f785c0403fcb33f533f7848,0.7857142857142857,False,0.0
2,0,"greater_than_or_equal(mul(mul(x[2],x[0]),sub(x[2],x[0])), add(mul(x[0],x[2]),pdiv(x[0],x[3])))",True,"less_than_or_equal(53.67,mul(x[3],x[3]))",0.2142857142857143,2cece411320c1d56790d65c80cc8f440,0.2142857142857143,False,0.0
2,0,"not_(less_than_or_equal(mul(x[3],x[3]),pdiv(x[3],x[3])))",True,"less_than_or_equal(53.67,mul(x[3],x[3]))",0.2142857142857143,2cece411320c1d56790d65c80cc8f440,0.2142857142857143,False,0.0
2,0,"greater_than_or_equal(sub(sub(x[5],x[5]),add(x[0],x[3])), mul(sub(x[2],x[0]),mul(x[2],x[2])))",True,not_(x[6]),0.20238095238095233,c236778dc5683a72bff278f68dd0aee1,0.20238095238095233,False,0.0
2,0,"greater_than_or_equal(mul(pdiv(x[5],x[2]),pdiv(x[5],x[0])), mul(add(x[3],x[3]),mul(x[5],x[2])))",True,"less_than_or_equal(x[3],x[3])",0.7857142857142857,3352141c4f785c0403fcb33f533f7848,0.7738095238095238,True,-0.011904761904761862
2,0,"greater_than_or_equal(mul(pdiv(x[3],x[0]),add(x[5],x[5])), sub(sub(x[3],x[5]),mul(x[3],x[5])))",True,"less_than_or_equal(x[3],x[3])",0.7857142857142857,3352141c4f785c0403fcb33f533f7848,0.7857142857142857,False,0.0
2,0,"not_(not_(not_(or_(x[1],x[4]))))",True,"less_than_or_equal(53.67,mul(x[3],x[3]))",0.2142857142857143,2cece411320c1d56790d65c80cc8f440,0.22619047619047616,True,0.011904761904761862
2,0,"not_(greater_than_or_equal(mul(x[3],x[0]), sub(x[5],x[3])))",False,,,2d5463ef30c24eb3f251a697ca05fdac,0.6904761904761905,False,0.0
2,0,"not_(greater_than_or_equal(pdiv(x[5],x[5]), pdiv(x[3],x[5])))",False,,,aeceba6c233a8a73212b782b274d9205,0.26190476190476186,False,0.0
2,0,"greater_than_or_equal(add(add(x[0],x[2]),sub(x[0],x[3])), add(mul(x[0],x[2]),mul(x[3],x[5])))",False,,,6f8512eed0dd5c5cb035ed87664a0537,0.75,False,0.0
2,1,not_(x[4]),True,not_(x[4]),0.20238095238095233,e9bf358728c366c73b72393d204b8cd2,0.20238095238095233,False,0.0
2,1,"less_than_or_equal(add(add(x[3],x[5]),add(x[5],x[0])),x[3])",True,"less_than_or_equal(53.67,mul(x[3],x[3]))",0.2142857142857143,2cece411320c1d56790d65c80cc8f440,0.2142857142857143,False,0.0
2,1,"greater_than_or_equal(x[3], x[0])",True,"greater_than_or_equal(x[3], x[0])",0.30952380952380953,c9e509da19e355561199411318802876,0.30952380952380953,False,0.0
2,1,"greater_than_or_equal(x[3], x[2])",True,"greater_than_or_equal(x[3], x[2])",0.2857142857142857,df01b571937a3f7e4f622298a23b040f,0.2857142857142857,False,0.0
2,1,"not_(greater_than_or_equal(sub(x[5],x[5]), pdiv(x[3],x[5])))",True,"not_(greater_than_or_equal(sub(x[0],x[3]), x[0]))",0.7976190476190477,95cffd09c37f5560118f86148db41cd5,0.8095238095238095,True,0.011904761904761862
2,1,"less_than_or_equal(53.67,mul(x[5],add(x[3],mul(sub(x[2],x[0]),mul(x[2],x[2])))))",True,"less_than_or_equal(53.67,mul(x[3],x[3]))",0.2142857142857143,2cece411320c1d56790d65c80cc8f440,0.2142857142857143,False,0.0
2,1,not_(x[4]),True,not_(x[4]),0.20238095238095233,e9bf358728c366c73b72393d204b8cd2,0.20238095238095233,False,0.0
2,1,not_(x[6]),True,not_(x[6]),0.20238095238095233,c236778dc5683a72bff278f68dd0aee1,0.20238095238095233,False,0.0
2,1,"and_(greater_than_or_equal(add(x[3],x[2]), pdiv(x[2],x[3])),less_than_or_equal(sub(x[0],x[2]),add(x[3],pdiv(x[5],pdiv(x[3],x[5])))))",True,"and_(greater_than_or_equal(add(x[3],x[2]), pdiv(x[2],x[3])),less_than_or_equal(sub(x[0],x[2]),add(x[3],x[0])))",0.29761904761904767,57d4612aeba4f3a787ed24c5af827569,0.29761904761904767,False,0.0
2,1,"less_than_or_equal(sub(07.09,x[2]),x[5])",True,"less_than_or_equal(53.67,mul(x[3],x[3]))",0.2142857142857143,2cece411320c1d56790d65c80cc8f440,0.2142857142857143,False,0.0
2,1,"less_than_or_equal(sub(02.09,x[2]),x[5])",True,"less_than_or_equal(53.67,mul(x[3],x[3]))",0.2142857142857143,2cece411320c1d56790d65c80cc8f440,0.2142857142857143,False,0.0
2,1,not_(x[6]),True,not_(x[6]),0.20238095238095233,c236778dc5683a72bff278f68dd0aee1,0.20238095238095233,False,0.0
2,1,"greater_than_or_equal(x[3], x[2])",True,"greater_than_or_equal(x[3], x[2])",0.2857142857142857,df01b571937a3f7e4f622298a23b040f,0.2857142857142857,False,0.0
2,1,"less_than_or_equal(mul(mul(x[2],x[0]),sub(x[2],x[0])),add(mul(x[0],x[2]),pdiv(x[0],x[3])))",True,"less_than_or_equal(x[3],x[3])",0.7857142857142857,3352141c4f785c0403fcb33f533f7848,0.7857142857142857,False,0.0
2,1,"less_than_or_equal(add(add(x[0],x[2]),add(x[5],x[0])),x[3])",True,"less_than_or_equal(53.67,mul(x[3],x[3]))",0.2142857142857143,2cece411320c1d56790d65c80cc8f440,0.2142857142857143,False,0.0
2,1,not_(x[6]),True,not_(x[6]),0.20238095238095233,c236778dc5683a72bff278f68dd0aee1,0.20238095238095233,False,0.0
2,1,not_(x[6]),True,not_(x[6]),0.20238095238095233,c236778dc5683a72bff278f68dd0aee1,0.20238095238095233,False,0.0
2,1,"less_than_or_equal(sub(87.09,x[2]),x[5])",True,"less_than_or_equal(53.67,mul(x[3],x[3]))",0.2142857142857143,2cece411320c1d56790d65c80cc8f440,0.2142857142857143,False,0.0
2,1,"less_than_or_equal(40.83,sub(sub(x[3],x[3]),x[3]))",True,"less_than_or_equal(53.67,mul(x[3],x[3]))",0.2142857142857143,2cece411320c1d56790d65c80cc8f440,0.2142857142857143,False,0.0
2,1,not_(x[6]),True,not_(x[6]),0.20238095238095233,c236778dc5683a72bff278f68dd0aee1,0.20238095238095233,False,0.0
2,1,not_(x[4]),True,not_(x[4]),0.20238095238095233,e9bf358728c366c73b72393d204b8cd2,0.20238095238095233,False,0.0
2,1,"not_(less_than_or_equal(x[0],x[2]))",False,,,7cd461d4ffa9db1d1f176024d881091c,0.36904761904761907,False,0.0
2,1,"greater_than_or_equal(mul(mul(x[2],x[0]),sub(x[2],x[0])), x[0])",True,not_(x[6]),0.20238095238095233,c236778dc5683a72bff278f68dd0aee1,0.20238095238095233,False,0.0
2,1,"greater_than_or_equal(x[3], sub(x[3],x[5]))",True,"less_than_or_equal(x[3],x[3])",0.7857142857142857,3352141c4f785c0403fcb33f533f7848,0.7857142857142857,False,0.0
2,1,"not_(less_than_or_equal(x[3],x[5]))",True,"not_(greater_than_or_equal(pdiv(x[5],x[5]), pdiv(x[3],x[5])))",0.26190476190476186,aeceba6c233a8a73212b782b274d9205,0.26190476190476186,False,0.0
2,1,not_(x[6]),True,not_(x[6]),0.20238095238095233,c236778dc5683a72bff278f68dd0aee1,0.20238095238095233,False,0.0
2,1,"greater_than_or_equal(x[3], mul(x[3],x[3]))",True,"less_than_or_equal(x[3],x[3])",0.7857142857142857,3352141c4f785c0403fcb33f533f7848,0.7857142857142857,False,0.0
2,1,"not_(less_than_or_equal(mul(x[3],mul(mul(x[2],x[0]),sub(x[2],x[0]))),add(mul(x[0],x[2]),pdiv(x[0],x[3]))))",True,"less_than_or_equal(53.67,mul(x[3],x[3]))",0.2142857142857143,2cece411320c1d56790d65c80cc8f440,0.2142857142857143,False,0.0
2,1,"greater_than_or_equal(sub(sub(x[5],x[5]),add(x[0],x[3])), mul(sub(x[2],x[0]),mul(x[2],x[0])))",True,not_(x[6]),0.20238095238095233,c236778dc5683a72bff278f68dd0aee1,0.20238095238095233,False,0.0
2,1,"less_than_or_equal(53.67,mul(x[3],x[3]))",True,"less_than_or_equal(53.67,mul(x[3],x[3]))",0.2142857142857143,2cece411320c1d56790d65c80cc8f440,0.2142857142857143,False,0.0
2,1,"greater_than_or_equal(pdiv(x[5],x[5]), pdiv(x[5],x[0]))",False,,,ba33e17760d00e48f1ea4e2af92b9674,0.27380952380952384,False,0.0
2,1,"greater_than_or_equal(pdiv(x[5],x[5]), pdiv(x[3],add(sub(x[2],sub(x[0],x[3])),add(mul(x[0],x[2]),mul(x[3],x[5])))))",False,,,3658f0b64e6130234a335896321943ab,0.8095238095238095,False,0.0
2,1,not_(x[4]),True,not_(x[4]),0.20238095238095233,e9bf358728c366c73b72393d204b8cd2,0.20238095238095233,False,0.0
2,1,not_(x[4]),True,not_(x[4]),0.20238095238095233,e9bf358728c366c73b72393d204b8cd2,0.20238095238095233,False,0.0
2,1,"not_(less_than_or_equal(mul(x[3],x[3]),pdiv(x[3],x[5])))",True,"less_than_or_equal(53.67,mul(x[3],x[3]))",0.2142857142857143,2cece411320c1d56790d65c80cc8f440,0.2142857142857143,False,0.0
2,1,x[1],True,x[1],0.7738095238095238,f131a0639fe94384fc6ee90528a36d1c,0.7738095238095238,False,0.0
2,1,"greater_than_or_equal(sub(sub(x[5],x[5]),add(x[0],x[3])), mul(add(x[2],x[0]),mul(x[2],x[2])))",True,not_(x[6]),0.20238095238095233,c236778dc5683a72bff278f68dd0aee1,0.20238095238095233,False,0.0
2,1,not_(x[6]),True,not_(x[6]),0.20238095238095233,c236778dc5683a72bff278f68dd0aee1,0.20238095238095233,False,0.0
2,1,not_(x[6]),True,not_(x[6]),0.20238095238095233,c236778dc5683a72bff278f68dd0aee1,0.20238095238095233,False,0.0
2,1,"or_(and_(less_than_or_equal(x[2],x[0]),less_than_or_equal(x[5],x[0])),not_(less_than_or_equal(x[2],sub(sub(07.09,x[2]),x[5]))))",True,"or_(and_(less_than_or_equal(x[2],x[0]),less_than_or_equal(x[5],x[0])),not_(less_than_or_equal(x[2],x[2])))",0.27380952380952384,a0c78b1f320be2873d4f79460a39f316,0.27380952380952384,False,0.0
2,1,"and_(greater_than_or_equal(add(x[3],x[2]), pdiv(x[2],x[3])),less_than_or_equal(sub(x[0],x[2]),add(x[3],x[0])))",True,"and_(greater_than_or_equal(add(x[3],x[2]), pdiv(x[2],x[3])),less_than_or_equal(sub(x[0],x[2]),add(x[3],x[0])))",0.29761904761904767,57d4612aeba4f3a787ed24c5af827569,0.29761904761904767,False,0.0
2,1,"not_(greater_than_or_equal(add(x[5],x[0]), x[3]))",False,,,19748f61bf98b56966aabd621012162c,0.2142857142857143,False,0.0
2,1,"less_than_or_equal(53.67,mul(x[3],x[3]))",True,"less_than_or_equal(53.67,mul(x[3],x[3]))",0.2142857142857143,2cece411320c1d56790d65c80cc8f440,0.2142857142857143,False,0.0
2,1,"greater_than_or_equal(mul(mul(x[0],x[3]),x[2]), x[0])",True,not_(x[6]),0.20238095238095233,c236778dc5683a72bff278f68dd0aee1,0.20238095238095233,False,0.0
2,1,"greater_than_or_equal(mul(mul(x[2],x[0]),sub(x[2],x[0])), mul(mul(x[0],x[2]),pdiv(x[2],x[0])))",True,not_(x[6]),0.20238095238095233,c236778dc5683a72bff278f68dd0aee1,0.20238095238095233,False,0.0
2,1,"greater_than_or_equal(mul(mul(x[2],x[0]),x[2]), 45.43)",True,"less_than_or_equal(53.67,mul(x[3],x[3]))",0.2142857142857143,2cece411320c1d56790d65c80cc8f440,0.2142857142857143,False,0.0
2,1,"less_than_or_equal(x[3],x[0])",False,,,5a7fa7598a94110765df057a90bf819f,0.6785714285714286,False,0.0
2,1,"not_(greater_than_or_equal(pdiv(x[5],x[5]), pdiv(x[3],x[3])))",True,"less_than_or_equal(53.67,mul(x[3],x[3]))",0.2142857142857143,2cece411320c1d56790d65c80cc8f440,0.2142857142857143,False,0.0
2,1,"less_than_or_equal(sub(add(x[0],19.60),x[3]),x[5])",True,"less_than_or_equal(53.67,mul(x[3],x[3]))",0.2142857142857143,2cece411320c1d56790d65c80cc8f440,0.2142857142857143,False,0.0
2,1,"not_(greater_than_or_equal(mul(x[3],x[3]), pdiv(x[3],x[3])))",True,"less_than_or_equal(x[3],x[3])",0.7857142857142857,3352141c4f785c0403fcb33f533f7848,0.7738095238095238,True,-0.011904761904761862
2,1,"greater_than_or_equal(mul(mul(x[2],x[0]),sub(x[2],x[0])), add(mul(x[2],x[0]),add(pdiv(x[0],x[2]),pdiv(x[3],x[3]))))",True,"less_than_or_equal(53.67,mul(x[3],x[3]))",0.2142857142857143,2cece411320c1d56790d65c80cc8f440,0.2142857142857143,False,0.0
2,1,"greater_than_or_equal(mul(mul(x[2],x[0]),sub(x[0],x[2])), pdiv(x[0],x[3]))",True,"less_than_or_equal(53.67,mul(x[3],x[3]))",0.2142857142857143,2cece411320c1d56790d65c80cc8f440,0.2142857142857143,False,0.0
2,1,"greater_than_or_equal(pdiv(49.60,x[3]), x[5])",True,"less_than_or_equal(x[3],x[3])",0.7857142857142857,3352141c4f785c0403fcb33f533f7848,0.7857142857142857,False,0.0
2,1,"greater_than_or_equal(x[3], x[2])",True,"greater_than_or_equal(x[3], x[2])",0.2857142857142857,df01b571937a3f7e4f622298a23b040f,0.2857142857142857,False,0.0
2,1,"greater_than_or_equal(sub(x[2],pdiv(x[0],x[0])), sub(add(x[3],x[3]),add(x[3],x[5])))",False,,,62724f9d0ad2b0592a06b7dab5d491f8,0.6190476190476191,False,0.0
2,1,"less_than_or_equal(add(mul(x[5],mul(mul(sub(x[0],sub(x[2],x[0])),add(mul(x[0],x[2]),pdiv(x[0],x[3]))),x[2])),x[0]),x[3])",True,"greater_than_or_equal(x[3], x[0])",0.30952380952380953,c9e509da19e355561199411318802876,0.27380952380952384,True,-0.0357142857142857
2,1,"less_than_or_equal(sub(sub(x[5],x[5]),add(x[0],x[3])),mul(sub(x[2],x[0]),mul(x[2],x[0])))",True,"less_than_or_equal(x[3],x[3])",0.7857142857142857,3352141c4f785c0403fcb33f533f7848,0.7857142857142857,False,0.0
2,1,"greater_than_or_equal(x[2], sub(add(x[5],x[0]),97.99))",True,"less_than_or_equal(x[3],x[3])",0.7857142857142857,3352141c4f785c0403fcb33f533f7848,0.7857142857142857,False,0.0
2,1,"greater_than_or_equal(add(pdiv(x[2],x[2]),sub(x[0],x[2])), pdiv(pdiv(x[2],x[3]),pdiv(x[3],x[2])))",False,,,4bf8253a69f69dcef57c14a034f409ef,0.26190476190476186,False,0.0
2,1,"greater_than_or_equal(x[3], x[2])",True,"greater_than_or_equal(x[3], x[2])",0.2857142857142857,df01b571937a3f7e4f622298a23b040f,0.2857142857142857,False,0.0
2,1,not_(x[6]),True,not_(x[6]),0.20238095238095233,c236778dc5683a72bff278f68dd0aee1,0.20238095238095233,False,0.0
2,1,not_(x[6]),True,not_(x[6]),0.20238095238095233,c236778dc5683a72bff278f68dd0aee1,0.20238095238095233,False,0.0
2,1,x[1],True,x[1],0.7738095238095238,f131a0639fe94384fc6ee90528a36d1c,0.7738095238095238,False,0.0
2,1,not_(x[1]),True,"less_than_or_equal(53.67,mul(x[3],x[3]))",0.2142857142857143,2cece411320c1d56790d65c80cc8f440,0.22619047619047616,True,0.011904761904761862
2,1,x[1],True,x[1],0.7738095238095238,f131a0639fe94384fc6ee90528a36d1c,0.7738095238095238,False,0.0
2,1,"less_than_or_equal(40.83,sub(sub(x[3],x[0]),x[2]))",True,"less_than_or_equal(53.67,mul(x[3],x[3]))",0.2142857142857143,2cece411320c1d56790d65c80cc8f440,0.2142857142857143,False,0.0
2,1,"and_(greater_than_or_equal(add(x[3],x[2]), sub(x[2],x[3])),less_than_or_equal(sub(x[3],x[5]),x[3]))",True,"less_than_or_equal(x[3],x[3])",0.7857142857142857,3352141c4f785c0403fcb33f533f7848,0.7857142857142857,False,0.0
2,1,not_(x[6]),True,not_(x[6]),0.20238095238095233,c236778dc5683a72bff278f68dd0aee1,0.20238095238095233,False,0.0
2,1,"not_(not_(not_(or_(x[1],x[1]))))",True,"less_than_or_equal(53.67,mul(x[3],x[3]))",0.2142857142857143,2cece411320c1d56790d65c80cc8f440,0.22619047619047616,True,0.011904761904761862
2,1,x[1],True,x[1],0.7738095238095238,f131a0639fe94384fc6ee90528a36d1c,0.7738095238095238,False,0.0
2,1,"less_than_or_equal(pdiv(add(x[3],mul(pdiv(x[0],x[3]),x[2])),x[0]),x[3])",True,"less_than_or_equal(53.67,mul(x[3],x[3]))",0.2142857142857143,2cece411320c1d56790d65c80cc8f440,0.2142857142857143,False,0.0
2,1,"greater_than_or_equal(mul(mul(x[2],x[0]),sub(x[2],x[0])), add(mul(44.55,x[5]),x[0]))",True,"less_than_or_equal(53.67,mul(x[3],x[3]))",0.2142857142857143,2cece411320c1d56790d65c80cc8f440,0.2142857142857143,False,0.0
2,1,"not_(and_(less_than_or_equal(x[2],x[0]),less_than_or_equal(x[5],80.64)))",False,,,faa88638084cc6c27b60abf3ce48f801,0.6428571428571428,False,0.0
2,1,"less_than_or_equal(sub(07.09,x[2]),x[5])",True,"less_than_or_equal(53.67,mul(x[3],x[3]))",0.2142857142857143,2cece411320c1d56790d65c80cc8f440,0.2142857142857143,False,0.0
2,1,"less_than_or_equal(sub(07.09,sub(mul(sub(sub(x[5],x[5]),add(x[0],x[3])),mul(sub(x[2],x[0]),mul(x[2],x[2]))),x[2])),45.43)",True,"less_than_or_equal(x[3],x[3])",0.7857142857142857,3352141c4f785c0403fcb33f533f7848,0.7857142857142857,False,0.0
2,1,"greater_than_or_equal(add(mul(x[5],x[0]),add(x[3],x[5])), mul(pdiv(mul(sub(sub(x[5],x[5]),add(x[0],x[3])),mul(sub(x[2],x[0]),x[3])),sub(x[2],x[2])),45.43))",True,"less_than_or_equal(53.67,mul(x[3],x[3]))",0.2142857142857143,2cece411320c1d56790d65c80cc8f440,0.2142857142857143,False,0.0
2,1,"less_than_or_equal(add(add(x[3],x[5]),add(x[5],x[0])),x[2])",True,"less_than_or_equal(53.67,mul(x[3],x[3]))",0.2142857142857143,2cece411320c1d56790d65c80cc8f440,0.2142857142857143,False,0.0
2,1,"greater_than_or_equal(pdiv(x[5],x[5]), pdiv(x[5],x[0]))",True,"greater_than_or_equal(pdiv(x[5],x[5]), pdiv(x[5],x[0]))",0.27380952380952384,ba33e17760d00e48f1ea4e2af92b9674,0.27380952380952384,False,0.0
2,1,"or_(greater_than_or_equal(x[5], pdiv(x[5],x[0])),not_(greater_than_or_equal(x[0], x[3])))",False,,,91f65a5c3455d5d1b7e737bfb04eb860,0.33333333333333337,False,0.0
2,1,"greater_than_or_equal(pdiv(sub(pdiv(mul(mul(x[2],x[0]),sub(x[2],x[0])),add(mul(x[0],x[2]),pdiv(x[0],x[3]))),x[2]),x[0]), x[3])",True,not_(x[6]),0.20238095238095233,c236778dc5683a72bff278f68dd0aee1,0.20238095238095233,False,0.0
2,1,"greater_than_or_equal(07.09, x[2])",True,"less_than_or_equal(x[3],x[3])",0.7857142857142857,3352141c4f785c0403fcb33f533f7848,0.7857142857142857,False,0.0
2,1,"not_(not_(not_(or_(x[1],less_than_or_equal(x[2],x[2])))))",True,"less_than_or_equal(53.67,mul(x[3],x[3]))",0.2142857142857143,2cece411320c1d56790d65c80cc8f440,0.2142857142857143,False,0.0
2,1,"greater_than_or_equal(x[3], x[0])",True,"greater_than_or_equal(x[3], x[0])",0.30952380952380953,c9e509da19e355561199411318802876,0.30952380952380953,False,0.0
2,1,not_(x[6]),True,not_(x[6]),0.20238095238095233,c236778dc5683a72bff278f68dd0aee1,0.20238095238095233,False,0.0
2,1,"less_than_or_equal(53.67,mul(x[3],x[3]))",True,"less_than_or_equal(53.67,mul(x[3],x[3]))",0.2142857142857143,2cece411320c1d56790d65c80cc8f440,0.2142857142857143,False,0.0
2,1,"greater_than_or_equal(sub(sub(x[5],x[5]),add(x[0],76.99)), x[0])",True,"less_than_or_equal(53.67,mul(x[3],x[3]))",0.2142857142857143,2cece411320c1d56790d65c80cc8f440,0.2142857142857143,False,0.0
2,1,"less_than_or_equal(pdiv(x[5],x[5]),pdiv(x[5],x[3]))",True,"greater_than_or_equal(add(add(x[0],x[2]),sub(x[0],x[3])), add(mul(x[0],x[2]),mul(x[3],x[5])))",0.75,6f8512eed0dd5c5cb035ed87664a0537,0.7380952380952381,True,-0.011904761904761862
2,1,"greater_than_or_equal(sub(67.09,x[2]), x[5])",True,"less_than_or_equal(x[3],x[3])",0.7857142857142857,3352141c4f785c0403fcb33f533f7848,0.7857142857142857,False,0.0
2,1,"greater_than_or_equal(mul(mul(x[2],x[0]),pdiv(x[2],x[5])), add(x[5],x[0]))",True,"less_than_or_equal(53.67,mul(x[3],x[3]))",0.2142857142857143,2cece411320c1d56790d65c80cc8f440,0.2142857142857143,False,0.0
2,1,"less_than_or_equal(add(add(x[3],x[5]),add(x[0],x[2])),add(x[3],x[0]))",True,"less_than_or_equal(53.67,mul(x[3],x[3]))",0.2142857142857143,2cece411320c1d56790d65c80cc8f440,0.2142857142857143,False,0.0
2,1,"and_(greater_than_or_equal(add(x[3],x[2]), pdiv(x[2],x[3])),less_than_or_equal(sub(x[5],x[0]),x[3]))",True,"and_(greater_than_or_equal(add(x[3],x[2]), pdiv(x[2],x[3])),less_than_or_equal(sub(x[0],x[2]),add(x[3],x[0])))",0.29761904761904767,57d4612aeba4f3a787ed24c5af827569,0.26190476190476186,True,-0.03571428571428581
2,1,not_(x[6]),True,not_(x[6]),0.20238095238095233,c236778dc5683a72bff278f68dd0aee1,0.20238095238095233,False,0.0
2,1,not_(x[4]),True,not_(x[4]),0.20238095238095233,e9bf358728c366c73b72393d204b8cd2,0.20238095238095233,False,0.0
2,1,not_(x[6]),True,not_(x[6]),0.20238095238095233,c236778dc5683a72bff278f68dd0aee1,0.20238095238095233,False,0.0
2,1,"greater_than_or_equal(sub(mul(x[2],x[3]),sub(x[2],x[0])), add(mul(x[0],x[2]),pdiv(x[0],x[3])))",True,"less_than_or_equal(53.67,mul(x[3],x[3]))",0.2142857142857143,2cece411320c1d56790d65c80cc8f440,0.2142857142857143,False,0.0
2,1,"greater_than_or_equal(pdiv(x[5],x[5]), pdiv(x[5],x[0]))",True,"greater_than_or_equal(pdiv(x[5],x[5]), pdiv(x[5],x[0]))",0.27380952380952384,ba33e17760d00e48f1ea4e2af92b9674,0.27380952380952384,False,0.0
2,1,"greater_than_or_equal(sub(sub(x[5],x[5]),add(x[0],x[3])), mul(sub(x[2],x[3]),x[2]))",True,not_(x[6]),0.20238095238095233,c236778dc5683a72bff278f68dd0aee1,0.20238095238095233,False,0.0
2,1,"or_(greater_than_or_equal(x[5], pdiv(x[5],x[0])),not_(greater_than_or_equal(x[5], x[3])))",True,"not_(greater_than_or_equal(pdiv(x[5],x[5]), pdiv(x[3],x[5])))",0.26190476190476186,aeceba6c233a8a73212b782b274d9205,0.27380952380952384,True,0.011904761904761973
2,1,"less_than_or_equal(40.83,sub(sub(x[3],x[3]),x[5]))",True,"less_than_or_equal(53.67,mul(x[3],x[3]))",0.2142857142857143,2cece411320c1d56790d65c80cc8f440,0.2142857142857143,False,0.0
2,1,"greater_than_or_equal(sub(sub(x[5],x[5]),add(x[0],x[3])), mul(sub(x[0],x[0]),mul(x[2],x[2])))",True,not_(x[6]),0.20238095238095233,c236778dc5683a72bff278f68dd0aee1,0.20238095238095233,False,0.0
2,1,not_(x[4]),True,not_(x[4]),0.20238095238095233,e9bf358728c366c73b72393d204b8cd2,0.20238095238095233,False,0.0
2,1,"greater_than_or_equal(mul(mul(x[2],x[0]),sub(x[2],x[0])), add(mul(x[0],x[2]),add(x[0],x[3])))",True,not_(x[6]),0.20238095238095233,c236778dc5683a72bff278f68dd0aee1,0.20238095238095233,False,0.0
2,1,"less_than_or_equal(add(sub(x[2],x[0]),add(mul(x[0],x[2]),pdiv(x[0],x[3]))),x[2])",True,"less_than_or_equal(53.67,mul(x[3],x[3]))",0.2142857142857143,2cece411320c1d56790d65c80cc8f440,0.2142857142857143,False,0.0
2,1,"not_(greater_than_or_equal(x[2], x[0]))",True,"not_(less_than_or_equal(x[0],x[2]))",0.36904761904761907,7cd461d4ffa9db1d1f176024d881091c,0.36904761904761907,False,0.0
2,1,"greater_than_or_equal(pdiv(x[0],x[5]), pdiv(x[5],x[3]))",False,,,d5931564cce7eeacd4df94052884b349,0.25,False,0.0
2,1,x[6],True,x[6],0.7976190476190477,5dd9d7c24dce7ece1d734bf6c32f4813,0.7976190476190477,False,0.0
2,1,not_(x[1]),True,"less_than_or_equal(53.67,mul(x[3],x[3]))",0.2142857142857143,2cece411320c1d56790d65c80cc8f440,0.22619047619047616,True,0.011904761904761862
2,1,"not_(not_(not_(or_(x[1],x[4]))))",True,"less_than_or_equal(53.67,mul(x[3],x[3]))",0.2142857142857143,2cece411320c1d56790d65c80cc8f440,0.22619047619047616,True,0.011904761904761862
2,1,"less_than_or_equal(sub(add(x[0],x[5]),mul(x[3],mul(add(x[0],x[3]),mul(sub(x[2],x[0]),mul(x[2],x[2]))))),x[2])",True,"less_than_or_equal(53.67,mul(x[3],x[3]))",0.2142857142857143,2cece411320c1d56790d65c80cc8f440,0.2142857142857143,False,0.0
2,1,"greater_than_or_equal(x[3], x[2])",True,"greater_than_or_equal(x[3], x[2])",0.2857142857142857,df01b571937a3f7e4f622298a23b040f,0.2857142857142857,False,0.0
2,1,"greater_than_or_equal(mul(pdiv(x[5],x[2]),pdiv(x[5],x[0])), mul(add(x[3],x[3]),mul(x[5],x[2])))",True,"less_than_or_equal(x[3],x[3])",0.7857142857142857,3352141c4f785c0403fcb33f533f7848,0.7738095238095238,True,-0.011904761904761862
2,1,"less_than_or_equal(sub(07.99,x[2]),x[0])",True,"less_than_or_equal(53.67,mul(x[3],x[3]))",0.2142857142857143,2cece411320c1d56790d65c80cc8f440,0.2142857142857143,False,0.0
2,1,"less_than_or_equal(add(add(x[2],x[2]),add(x[3],x[0])),x[3])",True,not_(x[6]),0.20238095238095233,c236778dc5683a72bff278f68dd0aee1,0.20238095238095233,False,0.0
2,1,not_(x[6]),True,not_(x[6]),0.20238095238095233,c236778dc5683a72bff278f68dd0aee1,0.20238095238095233,False,0.0
2,1,"less_than_or_equal(sub(add(x[0],x[5]),mul(x[2],x[0])),pdiv(mul(x[5],x[0]),add(x[2],x[3])))",False,,,58cc4f21233e882751aa955999da1daf,0.19047619047619047,False,0.0
2,1,not_(x[6]),True,not_(x[6]),0.20238095238095233,c236778dc5683a72bff278f68dd0aee1,0.20238095238095233,False,0.0
2,1,not_(x[6]),True,not_(x[6]),0.20238095238095233,c236778dc5683a72bff278f68dd0aee1,0.20238095238095233,False,0.0
2,1,"not_(less_than_or_equal(mul(x[3],x[3]),pdiv(x[3],x[3])))",True,"less_than_or_equal(53.67,mul(x[3],x[3]))",0.2142857142857143,2cece411320c1d56790d65c80cc8f440,0.2142857142857143,False,0.0
2,1,"not_(or_(x[6],x[6]))",True,not_(x[6]),0.20238095238095233,c236778dc5683a72bff278f68dd0aee1,0.20238095238095233,False,0.0
2,1,"greater_than_or_equal(x[2], x[3])",True,"greater_than_or_equal(x[2], x[3])",0.7023809523809523,ec9d7fd518310f893eb55346a616ba00,0.7023809523809523,False,0.0
2,1,"less_than_or_equal(54.57,x[2])",True,"less_than_or_equal(53.67,mul(x[3],x[3]))",0.2142857142857143,2cece411320c1d56790d65c80cc8f440,0.2142857142857143,False,0.0
2,1,"greater_than_or_equal(sub(sub(x[5],x[5]),add(46.26,x[2])), x[0])",True,"less_than_or_equal(53.67,mul(x[3],x[3]))",0.2142857142857143,2cece411320c1d56790d65c80cc8f440,0.2142857142857143,False,0.0
2,1,"greater_than_or_equal(mul(pdiv(x[5],sub(add(pdiv(x[5],x[0]),mul(add(x[3],x[3]),add(x[0],x[3]))),mul(sub(x[2],x[0]),mul(x[2],x[2])))),x[2]), 45.43)",True,"less_than_or_equal(53.67,mul(x[3],x[3]))",0.2142857142857143,2cece411320c1d56790d65c80cc8f440,0.2142857142857143,False,0.0
2,1,"greater_than_or_equal(sub(sub(x[5],x[5]),mul(x[5],x[2])), x[2])",True,not_(x[6]),0.20238095238095233,c236778dc5683a72bff278f68dd0aee1,0.20238095238095233,False,0.0
2,1,"greater_than_or_equal(x[3], 57.28)",True,"less_than_or_equal(53.67,mul(x[3],x[3]))",0.2142857142857143,2cece411320c1d56790d65c80cc8f440,0.2142857142857143,False,0.0
2,1,"greater_than_or_equal(add(mul(x[5],x[0]),add(x[3],x[5])), mul(pdiv(x[5],x[3]),add(x[2],x[5])))",False,,,f1862aa16e9cfa7f99533265f8a4b0dd,0.29761904761904767,False,0.0
2,1,"greater_than_or_equal(add(pdiv(x[5],x[0]),add(x[3],x[5])), add(x[3],x[2]))",True,"less_than_or_equal(x[3],x[3])",0.7857142857142857,3352141c4f785c0403fcb33f533f7848,0.7738095238095238,True,-0.011904761904761862
2,1,"or_(greater_than_or_equal(x[5], pdiv(x[5],x[0])),not_(greater_than_or_equal(x[3], x[2])))",False,,,95a05052427a57989f320d40336dd431,0.7142857142857143,False,0.0
2,1,x[1],True,x[1],0.7738095238095238,f131a0639fe94384fc6ee90528a36d1c,0.7738095238095238,False,0.0
2,1,"greater_than_or_equal(mul(mul(x[2],x[0]),sub(x[2],x[0])), add(mul(x[0],x[2]),pdiv(x[0],x[0])))",True,"less_than_or_equal(53.67,mul(x[3],x[3]))",0.2142857142857143,2cece411320c1d56790d65c80cc8f440,0.2142857142857143,False,0.0
2,1,"less_than_or_equal(sub(07.03,x[2]),x[5])",True,"less_than_or_equal(53.67,mul(x[3],x[3]))",0.2142857142857143,2cece411320c1d56790d65c80cc8f440,0.2142857142857143,False,0.0
2,1,not_(x[4]),True,not_(x[4]),0.20238095238095233,e9bf358728c366c73b72393d204b8cd2,0.20238095238095233,False,0.0
2,1,"not_(greater_than_or_equal(pdiv(x[5],x[5]), x[3]))",True,"less_than_or_equal(53.67,mul(x[3],x[3]))",0.2142857142857143,2cece411320c1d56790d65c80cc8f440,0.2142857142857143,False,0.0
2,1,"less_than_or_equal(40.83,sub(sub(x[3],x[3]),x[5]))",True,"less_than_or_equal(53.67,mul(x[3],x[3]))",0.2142857142857143,2cece411320c1d56790d65c80cc8f440,0.2142857142857143,False,0.0
2,1,"less_than_or_equal(add(add(x[3],x[5]),add(x[5],x[0])),x[3])",True,"less_than_or_equal(53.67,mul(x[3],x[3]))",0.2142857142857143,2cece411320c1d56790d65c80cc8f440,0.2142857142857143,False,0.0
2,1,"less_than_or_equal(sub(07.09,x[2]),x[3])",True,"less_than_or_equal(53.67,mul(x[3],x[3]))",0.2142857142857143,2cece411320c1d56790d65c80cc8f440,0.2142857142857143,False,0.0
2,1,"greater_than_or_equal(x[2], pdiv(x[0],x[3]))",True,"less_than_or_equal(53.67,mul(x[3],x[3]))",0.2142857142857143,2cece411320c1d56790d65c80cc8f440,0.25,True,0.0357142857142857
2,1,"not_(less_than_or_equal(mul(x[3],x[3]),pdiv(x[3],x[3])))",True,"less_than_or_equal(53.67,mul(x[3],x[3]))",0.2142857142857143,2cece411320c1d56790d65c80cc8f440,0.2142857142857143,False,0.0
2,1,"greater_than_or_equal(sub(sub(x[5],x[5]),add(x[0],82.90)), x[2])",True,"less_than_or_equal(53.67,mul(x[3],x[3]))",0.2142857142857143,2cece411320c1d56790d65c80cc8f440,0.2142857142857143,False,0.0
2,1,"less_than_or_equal(53.67,mul(x[3],x[0]))",True,"less_than_or_equal(53.67,mul(x[3],x[3]))",0.2142857142857143,2cece411320c1d56790d65c80cc8f440,0.2142857142857143,False,0.0
2,1,"greater_than_or_equal(mul(mul(x[2],x[0]),sub(x[2],x[0])), add(x[5],mul(pdiv(x[5],x[3]),add(x[2],x[2]))))",True,"less_than_or_equal(53.67,mul(x[3],x[3]))",0.2142857142857143,2cece411320c1d56790d65c80cc8f440,0.2142857142857143,False,0.0
2,1,"less_than_or_equal(sub(add(x[0],x[5]),mul(x[2],x[0])),pdiv(mul(x[5],x[0]),add(x[2],x[3])))",True,"less_than_or_equal(sub(add(x[0],x[5]),mul(x[2],x[0])),pdiv(mul(x[5],x[0]),add(x[2],x[3])))",0.19047619047619047,58cc4f21233e882751aa955999da1daf,0.13636363636363635,True,-0.05411255411255411
2,2,not_(x[6]),True,not_(x[6]),0.20238095238095233,c236778dc5683a72bff278f68dd0aee1,0.20238095238095233,False,0.0
2,2,not_(x[6]),True,not_(x[6]),0.20238095238095233,c236778dc5683a72bff278f68dd0aee1,0.20238095238095233,False,0.0
2,2,not_(x[6]),True,not_(x[6]),0.20238095238095233,c236778dc5683a72bff278f68dd0aee1,0.20238095238095233,False,0.0
2,2,"less_than_or_equal(sub(97.09,90.46),mul(sub(x[2],24.94),sub(mul(x[2],x[2]),x[2])))",True,"less_than_or_equal(53.67,mul(x[3],x[3]))",0.2142857142857143,2cece411320c1d56790d65c80cc8f440,0.2142857142857143,False,0.0
2,2,"greater_than_or_equal(pdiv(sub(x[0],x[3]),mul(add(x[2],x[0]),mul(x[2],x[2]))), x[2])",False,,,8ced040613c4868ef2303763ae09e36d,0.5714285714285714,False,0.0
2,2,not_(x[4]),True,not_(x[4]),0.20238095238095233,e9bf358728c366c73b72393d204b8cd2,0.20238095238095233,False,0.0
2,2,not_(x[4]),True,not_(x[4]),0.20238095238095233,e9bf358728c366c73b72393d204b8cd2,0.20238095238095233,False,0.0
2,2,"greater_than_or_equal(sub(sub(x[5],x[5]),mul(x[5],x[2])), x[3])",True,not_(x[6]),0.20238095238095233,c236778dc5683a72bff278f68dd0aee1,0.2142857142857143,True,0.011904761904761973
2,2,x[1],True,x[1],0.7738095238095238,f131a0639fe94384fc6ee90528a36d1c,0.7738095238095238,False,0.0
2,2,"not_(less_than_or_equal(mul(x[3],x[3]),pdiv(x[3],x[3])))",True,"less_than_or_equal(53.67,mul(x[3],x[3]))",0.2142857142857143,2cece411320c1d56790d65c80cc8f440,0.2142857142857143,False,0.0
2,2,"greater_than_or_equal(mul(mul(x[2],x[0]),sub(x[2],x[0])), x[3])",True,not_(x[6]),0.20238095238095233,c236778dc5683a72bff278f68dd0aee1,0.22619047619047616,True,0.023809523809523836
2,2,not_(x[4]),True,not_(x[4]),0.20238095238095233,e9bf358728c366c73b72393d204b8cd2,0.20238095238095233,False,0.0
2,2,not_(x[6]),True,not_(x[6]),0.20238095238095233,c236778dc5683a72bff278f68dd0aee1,0.20238095238095233,False,0.0
2,2,not_(x[6]),True,not_(x[6]),0.20238095238095233,c236778dc5683a72bff278f68dd0aee1,0.20238095238095233,False,0.0
2,2,not_(x[6]),True,not_(x[6]),0.20238095238095233,c236778dc5683a72bff278f68dd0aee1,0.20238095238095233,False,0.0
2,2,not_(x[6]),True,not_(x[6]),0.20238095238095233,c236778dc5683a72bff278f68dd0aee1,0.20238095238095233,False,0.0
2,2,"less_than_or_equal(20.99,x[0])",True,"less_than_or_equal(53.67,mul(x[3],x[3]))",0.2142857142857143,2cece411320c1d56790d65c80cc8f440,0.2142857142857143,False,0.0
2,2,"greater_than_or_equal(sub(sub(x[5],x[5]),add(x[0],add(add(x[2],x[2]),add(x[3],x[0])))), x[3])",True,not_(x[6]),0.20238095238095233,c236778dc5683a72bff278f68dd0aee1,0.20238095238095233,False,0.0
2,2,"less_than_or_equal(sub(add(x[0],x[5]),mul(x[5],x[0])),pdiv(mul(x[5],x[0]),add(x[2],x[3])))",True,"less_than_or_equal(sub(add(x[0],x[5]),mul(x[2],x[0])),pdiv(mul(x[5],x[0]),add(x[2],x[3])))",0.19047619047619047,58cc4f21233e882751aa955999da1daf,0.19047619047619047,False,0.0
2,2,not_(x[6]),True,not_(x[6]),0.20238095238095233,c236778dc5683a72bff278f68dd0aee1,0.20238095238095233,False,0.0
2,2,not_(x[6]),True,not_(x[6]),0.20238095238095233,c236778dc5683a72bff278f68dd0aee1,0.20238095238095233,False,0.0
2,2,not_(x[6]),True,not_(x[6]),0.20238095238095233,c236778dc5683a72bff278f68dd0aee1,0.20238095238095233,False,0.0
2,2,not_(x[6]),True,not_(x[6]),0.20238095238095233,c236778dc5683a72bff278f68dd0aee1,0.20238095238095233,False,0.0
2,2,"not_(less_than_or_equal(mul(x[3],x[3]),x[3]))",True,"less_than_or_equal(53.67,mul(x[3],x[3]))",0.2142857142857143,2cece411320c1d56790d65c80cc8f440,0.2142857142857143,False,0.0
2,2,not_(not_(x[1])),True,"less_than_or_equal(x[3],x[3])",0.7857142857142857,3352141c4f785c0403fcb33f533f7848,0.7738095238095238,True,-0.011904761904761862
2,2,not_(x[4]),True,not_(x[4]),0.20238095238095233,e9bf358728c366c73b72393d204b8cd2,0.20238095238095233,False,0.0
2,2,not_(x[4]),True,not_(x[4]),0.20238095238095233,e9bf358728c366c73b72393d204b8cd2,0.20238095238095233,False,0.0
2,2,not_(x[6]),True,not_(x[6]),0.20238095238095233,c236778dc5683a72bff278f68dd0aee1,0.20238095238095233,False,0.0
2,2,not_(x[6]),True,not_(x[6]),0.20238095238095233,c236778dc5683a72bff278f68dd0aee1,0.20238095238095233,False,0.0
2,2,not_(x[4]),True,not_(x[4]),0.20238095238095233,e9bf358728c366c73b72393d204b8cd2,0.20238095238095233,False,0.0
2,2,not_(x[6]),True,not_(x[6]),0.20238095238095233,c236778dc5683a72bff278f68dd0aee1,0.20238095238095233,False,0.0
2,2,not_(x[4]),True,not_(x[4]),0.20238095238095233,e9bf358728c366c73b72393d204b8cd2,0.20238095238095233,False,0.0
2,2,"greater_than_or_equal(mul(pdiv(x[5],sub(add(pdiv(x[0],x[0]),mul(add(x[3],x[3]),add(x[0],x[3]))),mul(sub(x[2],x[0]),mul(x[2],x[2])))),x[2]), 45.43)",True,"less_than_or_equal(53.67,mul(x[3],x[3]))",0.2142857142857143,2cece411320c1d56790d65c80cc8f440,0.2142857142857143,False,0.0
2,2,not_(x[6]),True,not_(x[6]),0.20238095238095233,c236778dc5683a72bff278f68dd0aee1,0.20238095238095233,False,0.0
2,2,not_(x[4]),True,not_(x[4]),0.20238095238095233,e9bf358728c366c73b72393d204b8cd2,0.20238095238095233,False,0.0
2,2,"less_than_or_equal(sub(add(x[0],mul(x[5],x[0])),add(x[3],x[5])),x[0])",True,"less_than_or_equal(x[3],x[3])",0.7857142857142857,3352141c4f785c0403fcb33f533f7848,0.7857142857142857,False,0.0
2,2,"less_than_or_equal(sub(add(x[0],x[0]),x[2]),pdiv(x[0],x[3]))",True,"less_than_or_equal(x[3],x[3])",0.7857142857142857,3352141c4f785c0403fcb33f533f7848,0.7857142857142857,False,0.0
2,2,"not_(less_than_or_equal(x[2],x[2]))",True,"less_than_or_equal(53.67,mul(x[3],x[3]))",0.2142857142857143,2cece411320c1d56790d65c80cc8f440,0.2142857142857143,False,0.0
2,2,"greater_than_or_equal(mul(mul(x[2],x[0]),sub(x[2],x[0])), mul(mul(x[0],x[2]),pdiv(mul(sub(x[0],sub(x[2],x[0])),add(mul(x[0],x[2]),pdiv(x[0],x[3]))),x[2])))",True,not_(x[6]),0.20238095238095233,c236778dc5683a72bff278f68dd0aee1,0.22619047619047616,True,0.023809523809523836
2,2,not_(x[6]),True,not_(x[6]),0.20238095238095233,c236778dc5683a72bff278f68dd0aee1,0.20238095238095233,False,0.0
2,2,not_(x[6]),True,not_(x[6]),0.20238095238095233,c236778dc5683a72bff278f68dd0aee1,0.20238095238095233,False,0.0
2,2,not_(x[6]),True,not_(x[6]),0.20238095238095233,c236778dc5683a72bff278f68dd0aee1,0.20238095238095233,False,0.0
2,2,"not_(greater_than_or_equal(pdiv(x[5],x[5]), x[3]))",True,"less_than_or_equal(53.67,mul(x[3],x[3]))",0.2142857142857143,2cece411320c1d56790d65c80cc8f440,0.2142857142857143,False,0.0
2,2,"less_than_or_equal(sub(pdiv(x[3],x[3]),x[5]),x[3])",False,,,605b71766627558e850cdd790687792a,0.5,False,0.0
2,2,not_(x[6]),True,not_(x[6]),0.20238095238095233,c236778dc5683a72bff278f68dd0aee1,0.20238095238095233,False,0.0
2,2,"less_than_or_equal(mul(x[2],x[2]),x[2])",True,"less_than_or_equal(x[3],x[3])",0.7857142857142857,3352141c4f785c0403fcb33f533f7848,0.7857142857142857,False,0.0
2,2,not_(x[4]),True,not_(x[4]),0.20238095238095233,e9bf358728c366c73b72393d204b8cd2,0.20238095238095233,False,0.0
2,2,not_(x[6]),True,not_(x[6]),0.20238095238095233,c236778dc5683a72bff278f68dd0aee1,0.20238095238095233,False,0.0
2,2,not_(x[6]),True,not_(x[6]),0.20238095238095233,c236778dc5683a72bff278f68dd0aee1,0.20238095238095233,False,0.0
2,2,not_(x[4]),True,not_(x[4]),0.20238095238095233,e9bf358728c366c73b72393d204b8cd2,0.20238095238095233,False,0.0
2,2,"not_(or_(x[6],x[6]))",True,not_(x[6]),0.20238095238095233,c236778dc5683a72bff278f68dd0aee1,0.20238095238095233,False,0.0
2,2,"greater_than_or_equal(pdiv(x[5],mul(mul(x[2],x[0]),sub(x[2],x[0]))), add(mul(x[0],x[2]),pdiv(40.79,x[0])))",False,,,4430ab33ccef3e43c192411f2ca34b22,0.3571428571428571,False,0.0
2,2,not_(x[6]),True,not_(x[6]),0.20238095238095233,c236778dc5683a72bff278f68dd0aee1,0.20238095238095233,False,0.0
2,2,not_(x[6]),True,not_(x[6]),0.20238095238095233,c236778dc5683a72bff278f68dd0aee1,0.20238095238095233,False,0.0
2,2,"not_(less_than_or_equal(add(x[5],x[0]),x[3]))",False,,,9a2dbc96849bcedc997fcb994ff4cef1,0.7857142857142857,False,0.0
2,2,not_(x[6]),True,not_(x[6]),0.20238095238095233,c236778dc5683a72bff278f68dd0aee1,0.20238095238095233,False,0.0
2,2,"greater_than_or_equal(sub(sub(x[2],x[5]),add(x[0],x[3])), mul(sub(x[0],x[0]),mul(x[2],x[2])))",True,"less_than_or_equal(53.67,mul(x[3],x[3]))",0.2142857142857143,2cece411320c1d56790d65c80cc8f440,0.2142857142857143,False,0.0
2,2,"greater_than_or_equal(add(add(x[3],x[5]),add(x[0],x[2])), add(x[3],x[0]))",True,"less_than_or_equal(x[3],x[3])",0.7857142857142857,3352141c4f785c0403fcb33f533f7848,0.7857142857142857,False,0.0
2,2,"not_(not_(less_than_or_equal(sub(x[5],x[5]),add(x[0],x[3]))))",True,"less_than_or_equal(x[3],x[3])",0.7857142857142857,3352141c4f785c0403fcb33f533f7848,0.7857142857142857,False,0.0
2,2,not_(x[6]),True,not_(x[6]),0.20238095238095233,c236778dc5683a72bff278f68dd0aee1,0.20238095238095233,False,0.0
2,2,"less_than_or_equal(add(add(x[2],62.98),x[2]),pdiv(x[0],x[3]))",True,"less_than_or_equal(53.67,mul(x[3],x[3]))",0.2142857142857143,2cece411320c1d56790d65c80cc8f440,0.2142857142857143,False,0.0
2,2,"greater_than_or_equal(pdiv(sub(pdiv(mul(mul(x[2],x[5]),add(x[3],x[5])),add(x[5],x[0])),x[2]),x[5]), x[5])",True,"less_than_or_equal(53.67,mul(x[3],x[3]))",0.2142857142857143,2cece411320c1d56790d65c80cc8f440,0.22619047619047616,True,0.011904761904761862
2,2,"less_than_or_equal(sub(mul(x[2],x[3]),sub(x[2],x[0])),add(mul(x[0],x[2]),pdiv(x[0],x[3])))",True,"less_than_or_equal(x[3],x[3])",0.7857142857142857,3352141c4f785c0403fcb33f533f7848,0.7857142857142857,False,0.0
2,2,"greater_than_or_equal(mul(mul(x[2],x[0]),sub(x[2],x[0])), add(mul(x[0],x[3]),sub(add(x[0],x[5]),mul(x[3],mul(add(x[0],x[3]),mul(sub(x[2],x[0]),mul(x[2],x[2])))))))",True,"less_than_or_equal(53.67,mul(x[3],x[3]))",0.2142857142857143,2cece411320c1d56790d65c80cc8f440,0.2142857142857143,False,0.0
2,2,"greater_than_or_equal(pdiv(x[0],x[3]), x[2])",True,"less_than_or_equal(x[3],x[3])",0.7857142857142857,3352141c4f785c0403fcb33f533f7848,0.75,True,-0.0357142857142857
2,2,not_(x[6]),True,not_(x[6]),0.20238095238095233,c236778dc5683a72bff278f68dd0aee1,0.20238095238095233,False,0.0
2,2,not_(x[6]),True,not_(x[6]),0.20238095238095233,c236778dc5683a72bff278f68dd0aee1,0.20238095238095233,False,0.0
2,2,not_(x[6]),True,not_(x[6]),0.20238095238095233,c236778dc5683a72bff278f68dd0aee1,0.20238095238095233,False,0.0
2,2,"greater_than_or_equal(sub(mul(sub(x[0],x[0]),mul(x[2],x[2])),x[2]), 45.43)",True,"less_than_or_equal(53.67,mul(x[3],x[3]))",0.2142857142857143,2cece411320c1d56790d65c80cc8f440,0.2142857142857143,False,0.0
2,2,"greater_than_or_equal(mul(mul(x[2],x[0]),sub(x[0],mul(mul(pdiv(x[0],x[3]),x[2]),x[0]))), x[3])",True,not_(x[4]),0.20238095238095233,e9bf358728c366c73b72393d204b8cd2,0.20238095238095233,False,0.0
2,2,not_(x[6]),True,not_(x[6]),0.20238095238095233,c236778dc5683a72bff278f68dd0aee1,0.20238095238095233,False,0.0
2,2,not_(x[6]),True,not_(x[6]),0.20238095238095233,c236778dc5683a72bff278f68dd0aee1,0.20238095238095233,False,0.0
2,2,"not_(not_(not_(or_(x[1],x[1]))))",True,"less_than_or_equal(53.67,mul(x[3],x[3]))",0.2142857142857143,2cece411320c1d56790d65c80cc8f440,0.22619047619047616,True,0.011904761904761862
2,2,not_(x[6]),True,not_(x[6]),0.20238095238095233,c236778dc5683a72bff278f68dd0aee1,0.20238095238095233,False,0.0
2,2,not_(x[4]),True,not_(x[4]),0.20238095238095233,e9bf358728c366c73b72393d204b8cd2,0.20238095238095233,False,0.0
2,2,"greater_than_or_equal(sub(sub(x[5],x[5]),add(x[0],x[3])), mul(sub(x[0],x[0]),mul(x[3],x[2])))",True,not_(x[6]),0.20238095238095233,c236778dc5683a72bff278f68dd0aee1,0.20238095238095233,False,0.0
2,2,"greater_than_or_equal(sub(sub(x[5],x[5]),add(x[0],x[3])), mul(sub(x[2],x[0]),mul(x[2],x[0])))",True,not_(x[6]),0.20238095238095233,c236778dc5683a72bff278f68dd0aee1,0.20238095238095233,False,0.0
2,2,"not_(less_than_or_equal(mul(x[3],x[3]),pdiv(x[3],x[3])))",True,"less_than_or_equal(53.67,mul(x[3],x[3]))",0.2142857142857143,2cece411320c1d56790d65c80cc8f440,0.2142857142857143,False,0.0
2,2,not_(x[6]),True,not_(x[6]),0.20238095238095233,c236778dc5683a72bff278f68dd0aee1,0.20238095238095233,False,0.0
2,2,not_(x[6]),True,not_(x[6]),0.20238095238095233,c236778dc5683a72bff278f68dd0aee1,0.20238095238095233,False,0.0
2,2,not_(x[6]),True,not_(x[6]),0.20238095238095233,c236778dc5683a72bff278f68dd0aee1,0.20238095238095233,False,0.0
2,2,not_(x[6]),True,not_(x[6]),0.20238095238095233,c236778dc5683a72bff278f68dd0aee1,0.20238095238095233,False,0.0
2,2,"greater_than_or_equal(mul(sub(x[5],x[5]),add(x[0],x[3])), mul(sub(x[2],x[3]),x[2]))",True,"greater_than_or_equal(x[3], x[2])",0.2857142857142857,df01b571937a3f7e4f622298a23b040f,0.2857142857142857,False,0.0
2,2,not_(x[6]),True,not_(x[6]),0.20238095238095233,c236778dc5683a72bff278f68dd0aee1,0.20238095238095233,False,0.0
2,2,not_(x[6]),True,not_(x[6]),0.20238095238095233,c236778dc5683a72bff278f68dd0aee1,0.20238095238095233,False,0.0
2,2,not_(x[6]),True,not_(x[6]),0.20238095238095233,c236778dc5683a72bff278f68dd0aee1,0.20238095238095233,False,0.0
2,2,not_(x[4]),True,not_(x[4]),0.20238095238095233,e9bf358728c366c73b72393d204b8cd2,0.20238095238095233,False,0.0
2,2,not_(x[6]),True,not_(x[6]),0.20238095238095233,c236778dc5683a72bff278f68dd0aee1,0.20238095238095233,False,0.0
2,2,not_(x[6]),True,not_(x[6]),0.20238095238095233,c236778dc5683a72bff278f68dd0aee1,0.20238095238095233,False,0.0
2,2,not_(x[6]),True,not_(x[6]),0.20238095238095233,c236778dc5683a72bff278f68dd0aee1,0.20238095238095233,False,0.0
2,2,not_(x[6]),True,not_(x[6]),0.20238095238095233,c236778dc5683a72bff278f68dd0aee1,0.20238095238095233,False,0.0
2,2,not_(x[4]),True,not_(x[4]),0.20238095238095233,e9bf358728c366c73b72393d204b8cd2,0.20238095238095233,False,0.0
2,2,not_(x[6]),True,not_(x[6]),0.20238095238095233,c236778dc5683a72bff278f68dd0aee1,0.20238095238095233,False,0.0
2,2,not_(x[1]),True,"less_than_or_equal(53.67,mul(x[3],x[3]))",0.2142857142857143,2cece411320c1d56790d65c80cc8f440,0.22619047619047616,True,0.011904761904761862
2,2,"greater_than_or_equal(sub(sub(sub(pdiv(x[5],add(x[0],76.99)),x[3]),x[0]),x[3]), mul(sub(x[2],x[0]),mul(x[2],x[2])))",True,not_(x[6]),0.20238095238095233,c236778dc5683a72bff278f68dd0aee1,0.20238095238095233,False,0.0
2,2,"greater_than_or_equal(pdiv(x[5],add(x[0],x[3])), mul(sub(x[2],x[0]),mul(x[2],x[0])))",True,"less_than_or_equal(x[3],x[3])",0.7857142857142857,3352141c4f785c0403fcb33f533f7848,0.7857142857142857,False,0.0
2,2,"greater_than_or_equal(sub(sub(pdiv(mul(mul(x[2],x[0]),sub(x[2],x[0])),add(mul(x[0],x[2]),add(x[0],x[3]))),x[2]),x[0]), x[3])",True,not_(x[6]),0.20238095238095233,c236778dc5683a72bff278f68dd0aee1,0.20238095238095233,False,0.0
2,2,"greater_than_or_equal(x[3], x[2])",True,"greater_than_or_equal(x[3], x[2])",0.2857142857142857,df01b571937a3f7e4f622298a23b040f,0.2857142857142857,False,0.0
2,2,not_(x[6]),True,not_(x[6]),0.20238095238095233,c236778dc5683a72bff278f68dd0aee1,0.20238095238095233,False,0.0
2,2,not_(x[4]),True,not_(x[4]),0.20238095238095233,e9bf358728c366c73b72393d204b8cd2,0.20238095238095233,False,0.0
2,2,not_(x[6]),True,not_(x[6]),0.20238095238095233,c236778dc5683a72bff278f68dd0aee1,0.20238095238095233,False,0.0
2,2,"not_(greater_than_or_equal(pdiv(x[5],x[5]), x[0]))",True,"less_than_or_equal(53.67,mul(x[3],x[3]))",0.2142857142857143,2cece411320c1d56790d65c80cc8f440,0.2142857142857143,False,0.0
2,2,not_(x[6]),True,not_(x[6]),0.20238095238095233,c236778dc5683a72bff278f68dd0aee1,0.20238095238095233,False,0.0
2,2,not_(x[6]),True,not_(x[6]),0.20238095238095233,c236778dc5683a72bff278f68dd0aee1,0.20238095238095233,False,0.0
2,2,not_(x[1]),True,"less_than_or_equal(53.67,mul(x[3],x[3]))",0.2142857142857143,2cece411320c1d56790d65c80cc8f440,0.22619047619047616,True,0.011904761904761862
2,2,not_(x[6]),True,not_(x[6]),0.20238095238095233,c236778dc5683a72bff278f68dd0aee1,0.20238095238095233,False,0.0
2,2,not_(x[6]),True,not_(x[6]),0.20238095238095233,c236778dc5683a72bff278f68dd0aee1,0.20238095238095233,False,0.0
2,2,"less_than_or_equal(add(add(x[2],x[2]),add(x[3],x[3])),x[3])",True,not_(x[6]),0.20238095238095233,c236778dc5683a72bff278f68dd0aee1,0.20238095238095233,False,0.0
2,2,"less_than_or_equal(sub(07.03,x[2]),x[3])",True,"less_than_or_equal(53.67,mul(x[3],x[3]))",0.2142857142857143,2cece411320c1d56790d65c80cc8f440,0.2142857142857143,False,0.0
2,2,"less_than_or_equal(sub(02.09,x[2]),x[5])",True,"less_than_or_equal(53.67,mul(x[3],x[3]))",0.2142857142857143,2cece411320c1d56790d65c80cc8f440,0.2142857142857143,False,0.0
2,2,not_(x[6]),True,not_(x[6]),0.20238095238095233,c236778dc5683a72bff278f68dd0aee1,0.20238095238095233,False,0.0
2,2,not_(x[4]),True,not_(x[4]),0.20238095238095233,e9bf358728c366c73b72393d204b8cd2,0.20238095238095233,False,0.0
2,2,not_(x[6]),True,not_(x[6]),0.20238095238095233,c236778dc5683a72bff278f68dd0aee1,0.20238095238095233,False,0.0
2,2,not_(x[6]),True,not_(x[6]),0.20238095238095233,c236778dc5683a72bff278f68dd0aee1,0.20238095238095233,False,0.0
2,2,"greater_than_or_equal(mul(mul(x[2],x[5]),x[3]), x[3])",True,not_(x[4]),0.20238095238095233,e9bf358728c366c73b72393d204b8cd2,0.20238095238095233,False,0.0
2,2,not_(x[6]),True,not_(x[6]),0.20238095238095233,c236778dc5683a72bff278f68dd0aee1,0.20238095238095233,False,0.0
2,2,not_(x[4]),True,not_(x[4]),0.20238095238095233,e9bf358728c366c73b72393d204b8cd2,0.20238095238095233,False,0.0
2,2,"not_(or_(x[6],x[6]))",True,not_(x[6]),0.20238095238095233,c236778dc5683a72bff278f68dd0aee1,0.20238095238095233,False,0.0
2,2,not_(x[6]),True,not_(x[6]),0.20238095238095233,c236778dc5683a72bff278f68dd0aee1,0.20238095238095233,False,0.0
2,2,not_(x[4]),True,not_(x[4]),0.20238095238095233,e9bf358728c366c73b72393d204b8cd2,0.20238095238095233,False,0.0
2,2,not_(x[6]),True,not_(x[6]),0.20238095238095233,c236778dc5683a72bff278f68dd0aee1,0.20238095238095233,False,0.0
2,2,not_(x[6]),True,not_(x[6]),0.20238095238095233,c236778dc5683a72bff278f68dd0aee1,0.20238095238095233,False,0.0
2,2,not_(x[6]),True,not_(x[6]),0.20238095238095233,c236778dc5683a72bff278f68dd0aee1,0.20238095238095233,False,0.0
2,2,not_(x[6]),True,not_(x[6]),0.20238095238095233,c236778dc5683a72bff278f68dd0aee1,0.20238095238095233,False,0.0
2,2,not_(x[4]),True,not_(x[4]),0.20238095238095233,e9bf358728c366c73b72393d204b8cd2,0.20238095238095233,False,0.0
2,2,"not_(less_than_or_equal(mul(x[3],mul(mul(x[2],x[0]),sub(x[2],x[0]))),add(mul(x[0],x[2]),pdiv(x[0],63.09))))",True,"less_than_or_equal(53.67,mul(x[3],x[3]))",0.2142857142857143,2cece411320c1d56790d65c80cc8f440,0.2142857142857143,False,0.0
2,2,not_(x[6]),True,not_(x[6]),0.20238095238095233,c236778dc5683a72bff278f68dd0aee1,0.20238095238095233,False,0.0
2,2,"not_(or_(x[6],x[6]))",True,not_(x[6]),0.20238095238095233,c236778dc5683a72bff278f68dd0aee1,0.20238095238095233,False,0.0
2,2,"greater_than_or_equal(x[3], x[2])",True,"greater_than_or_equal(x[3], x[2])",0.2857142857142857,df01b571937a3f7e4f622298a23b040f,0.2857142857142857,False,0.0
2,2,"not_(less_than_or_equal(x[0],x[2]))",True,"not_(less_than_or_equal(x[0],x[2]))",0.36904761904761907,7cd461d4ffa9db1d1f176024d881091c,0.36904761904761907,False,0.0
2,2,not_(x[4]),True,not_(x[4]),0.20238095238095233,e9bf358728c366c73b72393d204b8cd2,0.20238095238095233,False,0.0
2,2,not_(x[4]),True,not_(x[4]),0.20238095238095233,e9bf358728c366c73b72393d204b8cd2,0.20238095238095233,False,0.0
2,2,not_(x[6]),True,not_(x[6]),0.20238095238095233,c236778dc5683a72bff278f68dd0aee1,0.20238095238095233,False,0.0
2,2,not_(x[6]),True,not_(x[6]),0.20238095238095233,c236778dc5683a72bff278f68dd0aee1,0.20238095238095233,False,0.0
2,2,"greater_than_or_equal(sub(sub(x[5],x[5]),add(x[0],x[3])), mul(sub(x[2],x[3]),x[2]))",True,not_(x[6]),0.20238095238095233,c236778dc5683a72bff278f68dd0aee1,0.20238095238095233,False,0.0
2,2,"less_than_or_equal(add(add(x[2],x[2]),add(x[3],x[0])),x[3])",True,not_(x[6]),0.20238095238095233,c236778dc5683a72bff278f68dd0aee1,0.20238095238095233,False,0.0
2,2,not_(x[6]),True,not_(x[6]),0.20238095238095233,c236778dc5683a72bff278f68dd0aee1,0.20238095238095233,False,0.0
2,2,not_(x[6]),True,not_(x[6]),0.20238095238095233,c236778dc5683a72bff278f68dd0aee1,0.20238095238095233,False,0.0
2,2,not_(x[1]),True,"less_than_or_equal(53.67,mul(x[3],x[3]))",0.2142857142857143,2cece411320c1d56790d65c80cc8f440,0.22619047619047616,True,0.011904761904761862
2,2,"greater_than_or_equal(x[3], x[2])",True,"greater_than_or_equal(x[3], x[2])",0.2857142857142857,df01b571937a3f7e4f622298a23b040f,0.2857142857142857,False,0.0
2,2,not_(x[1]),True,"less_than_or_equal(53.67,mul(x[3],x[3]))",0.2142857142857143,2cece411320c1d56790d65c80cc8f440,0.22619047619047616,True,0.011904761904761862
2,2,not_(x[6]),True,not_(x[6]),0.20238095238095233,c236778dc5683a72bff278f68dd0aee1,0.20238095238095233,False,0.0
2,2,"greater_than_or_equal(mul(mul(x[2],x[0]),sub(x[2],x[0])), add(mul(x[0],x[3]),add(x[0],x[3])))",True,not_(x[6]),0.20238095238095233,c236778dc5683a72bff278f68dd0aee1,0.20238095238095233,False,0.0
2,2,"greater_than_or_equal(53.67, mul(x[3],x[3]))",True,"less_than_or_equal(x[3],x[3])",0.7857142857142857,3352141c4f785c0403fcb33f533f7848,0.7857142857142857,False,0.0
2,2,"not_(greater_than_or_equal(pdiv(x[5],x[5]), pdiv(x[3],x[3])))",True,"less_than_or_equal(53.67,mul(x[3],x[3]))",0.2142857142857143,2cece411320c1d56790d65c80cc8f440,0.2142857142857143,False,0.0
2,2,not_(x[6]),True,not_(x[6]),0.20238095238095233,c236778dc5683a72bff278f68dd0aee1,0.20238095238095233,False,0.0
2,2,not_(x[6]),True,not_(x[6]),0.20238095238095233,c236778dc5683a72bff278f68dd0aee1,0.20238095238095233,False,0.0
2,2,not_(x[4]),True,not_(x[4]),0.20238095238095233,e9bf358728c366c73b72393d204b8cd2,0.20238095238095233,False,0.0
2,2,not_(x[6]),True,not_(x[6]),0.20238095238095233,c236778dc5683a72bff278f68dd0aee1,0.20238095238095233,False,0.0
2,2,not_(x[6]),True,not_(x[6]),0.20238095238095233,c236778dc5683a72bff278f68dd0aee1,0.20238095238095233,False,0.0
2,2,"greater_than_or_equal(mul(mul(x[2],x[0]),sub(x[2],x[0])), add(mul(x[2],x[0]),add(pdiv(x[5],sub(x[0],sub(x[0],x[2]))),pdiv(x[0],x[3]))))",True,"less_than_or_equal(53.67,mul(x[3],x[3]))",0.2142857142857143,2cece411320c1d56790d65c80cc8f440,0.2142857142857143,False,0.0
2,2,"not_(or_(x[4],x[1]))",True,"less_than_or_equal(53.67,mul(x[3],x[3]))",0.2142857142857143,2cece411320c1d56790d65c80cc8f440,0.22619047619047616,True,0.011904761904761862
2,2,"less_than_or_equal(add(mul(x[2],x[2]),pdiv(x[2],x[3])),sub(x[2],x[5]))",True,"less_than_or_equal(53.67,mul(x[3],x[3]))",0.2142857142857143,2cece411320c1d56790d65c80cc8f440,0.2142857142857143,False,0.0
2,2,not_(x[6]),True,not_(x[6]),0.20238095238095233,c236778dc5683a72bff278f68dd0aee1,0.20238095238095233,False,0.0
2,2,not_(x[6]),True,not_(x[6]),0.20238095238095233,c236778dc5683a72bff278f68dd0aee1,0.20238095238095233,False,0.0
2,2,not_(x[6]),True,not_(x[6]),0.20238095238095233,c236778dc5683a72bff278f68dd0aee1,0.20238095238095233,False,0.0
2,2,"not_(or_(x[4],x[1]))",True,"less_than_or_equal(53.67,mul(x[3],x[3]))",0.2142857142857143,2cece411320c1d56790d65c80cc8f440,0.22619047619047616,True,0.011904761904761862
2,2,not_(x[4]),True,not_(x[4]),0.20238095238095233,e9bf358728c366c73b72393d204b8cd2,0.20238095238095233,False,0.0
2,2,"not_(greater_than_or_equal(mul(x[3],x[5]), x[0]))",True,"not_(greater_than_or_equal(mul(x[2],x[3]), mul(x[5],x[0])))",0.7142857142857143,06834f87768411c312965369246a50fe,0.75,True,0.0357142857142857
2,2,not_(x[6]),True,not_(x[6]),0.20238095238095233,c236778dc5683a72bff278f68dd0aee1,0.20238095238095233,False,0.0
2,2,not_(x[6]),True,not_(x[6]),0.20238095238095233,c236778dc5683a72bff278f68dd0aee1,0.20238095238095233,False,0.0
2,2,not_(x[6]),True,not_(x[6]),0.20238095238095233,c236778dc5683a72bff278f68dd0aee1,0.20238095238095233,False,0.0
2,2,not_(x[6]),True,not_(x[6]),0.20238095238095233,c236778dc5683a72bff278f68dd0aee1,0.20238095238095233,False,0.0
2,2,"greater_than_or_equal(sub(sub(x[5],x[5]),pdiv(x[5],x[2])), x[2])",True,"less_than_or_equal(53.67,mul(x[3],x[3]))",0.2142857142857143,2cece411320c1d56790d65c80cc8f440,0.2142857142857143,False,0.0
2,2,not_(x[4]),True,not_(x[4]),0.20238095238095233,e9bf358728c366c73b72393d204b8cd2,0.20238095238095233,False,0.0
2,2,"greater_than_or_equal(x[3], x[0])",True,"greater_than_or_equal(x[3], x[0])",0.30952380952380953,c9e509da19e355561199411318802876,0.30952380952380953,False,0.0
2,2,not_(x[6]),True,not_(x[6]),0.20238095238095233,c236778dc5683a72bff278f68dd0aee1,0.20238095238095233,False,0.0
2,2,not_(x[6]),True,not_(x[6]),0.20238095238095233,c236778dc5683a72bff278f68dd0aee1,0.20238095238095233,False,0.0
2,2,not_(x[6]),True,not_(x[6]),0.20238095238095233,c236778dc5683a72bff278f68dd0aee1,0.20238095238095233,False,0.0
2,2,not_(x[6]),True,not_(x[6]),0.20238095238095233,c236778dc5683a72bff278f68dd0aee1,0.20238095238095233,False,0.0
2,2,not_(x[6]),True,not_(x[6]),0.20238095238095233,c236778dc5683a72bff278f68dd0aee1,0.20238095238095233,False,0.0
2,2,"greater_than_or_equal(x[3], x[3])",True,"less_than_or_equal(x[3],x[3])",0.7857142857142857,3352141c4f785c0403fcb33f533f7848,0.7857142857142857,False,0.0
2,2,"less_than_or_equal(sub(add(x[0],x[5]),mul(x[2],x[0])),pdiv(mul(x[5],x[0]),add(x[2],x[3])))",True,"less_than_or_equal(sub(add(x[0],x[5]),mul(x[2],x[0])),pdiv(mul(x[5],x[0]),add(x[2],x[3])))",0.19047619047619047,58cc4f21233e882751aa955999da1daf,0.13636363636363635,True,-0.05411255411255411
2,3,not_(x[4]),True,not_(x[4]),0.20238095238095233,e9bf358728c366c73b72393d204b8cd2,0.20238095238095233,False,0.0
2,3,not_(x[6]),True,not_(x[6]),0.20238095238095233,c236778dc5683a72bff278f68dd0aee1,0.20238095238095233,False,0.0
2,3,"or_(x[6],x[6])",True,"or_(not_(greater_than_or_equal(x[3], x[3])),x[6])",0.7976190476190477,dabf352ca9fc16fe7897b3fa7e73f5cb,0.7976190476190477,False,0.0
2,3,not_(x[1]),True,"less_than_or_equal(53.67,mul(x[3],x[3]))",0.2142857142857143,2cece411320c1d56790d65c80cc8f440,0.22619047619047616,True,0.011904761904761862
2,3,not_(x[6]),True,not_(x[6]),0.20238095238095233,c236778dc5683a72bff278f68dd0aee1,0.20238095238095233,False,0.0
2,3,not_(x[4]),True,not_(x[4]),0.20238095238095233,e9bf358728c366c73b72393d204b8cd2,0.20238095238095233,False,0.0
2,3,"and_(x[6],less_than_or_equal(x[2],x[2]))",True,"or_(not_(greater_than_or_equal(x[3], x[3])),x[6])",0.7976190476190477,dabf352ca9fc16fe7897b3fa7e73f5cb,0.7976190476190477,False,0.0
2,3,"greater_than_or_equal(mul(mul(x[2],x[0]),mul(x[2],x[0])), add(mul(x[0],x[2]),x[3]))",True,not_(x[6]),0.20238095238095233,c236778dc5683a72bff278f68dd0aee1,0.20238095238095233,False,0.0
2,3,"not_(greater_than_or_equal(sub(x[3],x[2]), x[0]))",False,,,33e25c6bf0e34605de39392dde713f6c,0.7619047619047619,False,0.0
2,3,not_(x[6]),True,not_(x[6]),0.20238095238095233,c236778dc5683a72bff278f68dd0aee1,0.20238095238095233,False,0.0
2,3,not_(x[6]),True,not_(x[6]),0.20238095238095233,c236778dc5683a72bff278f68dd0aee1,0.20238095238095233,False,0.0
2,3,"greater_than_or_equal(sub(add(x[0],x[5]),mul(x[5],x[0])), pdiv(mul(x[5],x[0]),add(x[2],x[3])))",False,,,97e50faa97611c27375c1b37d496a728,0.8095238095238095,False,0.0
2,3,not_(x[6]),True,not_(x[6]),0.20238095238095233,c236778dc5683a72bff278f68dd0aee1,0.20238095238095233,False,0.0
2,3,not_(x[6]),True,not_(x[6]),0.20238095238095233,c236778dc5683a72bff278f68dd0aee1,0.20238095238095233,False,0.0
2,3,not_(x[6]),True,not_(x[6]),0.20238095238095233,c236778dc5683a72bff278f68dd0aee1,0.20238095238095233,False,0.0
2,3,not_(x[6]),True,not_(x[6]),0.20238095238095233,c236778dc5683a72bff278f68dd0aee1,0.20238095238095233,False,0.0
2,3,not_(x[6]),True,not_(x[6]),0.20238095238095233,c236778dc5683a72bff278f68dd0aee1,0.20238095238095233,False,0.0
2,3,not_(x[6]),True,not_(x[6]),0.20238095238095233,c236778dc5683a72bff278f68dd0aee1,0.20238095238095233,False,0.0
2,3,not_(x[4]),True,not_(x[4]),0.20238095238095233,e9bf358728c366c73b72393d204b8cd2,0.20238095238095233,False,0.0
2,3,not_(x[4]),True,not_(x[4]),0.20238095238095233,e9bf358728c366c73b72393d204b8cd2,0.20238095238095233,False,0.0
2,3,not_(x[4]),True,not_(x[4]),0.20238095238095233,e9bf358728c366c73b72393d204b8cd2,0.20238095238095233,False,0.0
2,3,not_(x[4]),True,not_(x[4]),0.20238095238095233,e9bf358728c366c73b72393d204b8cd2,0.20238095238095233,False,0.0
2,3,not_(x[6]),True,not_(x[6]),0.20238095238095233,c236778dc5683a72bff278f68dd0aee1,0.20238095238095233,False,0.0
2,3,not_(x[6]),True,not_(x[6]),0.20238095238095233,c236778dc5683a72bff278f68dd0aee1,0.20238095238095233,False,0.0
2,3,not_(x[6]),True,not_(x[6]),0.20238095238095233,c236778dc5683a72bff278f68dd0aee1,0.20238095238095233,False,0.0
2,3,not_(x[6]),True,not_(x[6]),0.20238095238095233,c236778dc5683a72bff278f68dd0aee1,0.20238095238095233,False,0.0
2,3,not_(x[6]),True,not_(x[6]),0.20238095238095233,c236778dc5683a72bff278f68dd0aee1,0.20238095238095233,False,0.0
2,3,not_(x[4]),True,not_(x[4]),0.20238095238095233,e9bf358728c366c73b72393d204b8cd2,0.20238095238095233,False,0.0
2,3,not_(x[6]),True,not_(x[6]),0.20238095238095233,c236778dc5683a72bff278f68dd0aee1,0.20238095238095233,False,0.0
2,3,not_(x[6]),True,not_(x[6]),0.20238095238095233,c236778dc5683a72bff278f68dd0aee1,0.20238095238095233,False,0.0
2,3,not_(x[6]),True,not_(x[6]),0.20238095238095233,c236778dc5683a72bff278f68dd0aee1,0.20238095238095233,False,0.0
2,3,not_(x[6]),True,not_(x[6]),0.20238095238095233,c236778dc5683a72bff278f68dd0aee1,0.20238095238095233,False,0.0
2,3,not_(x[6]),True,not_(x[6]),0.20238095238095233,c236778dc5683a72bff278f68dd0aee1,0.20238095238095233,False,0.0
2,3,not_(x[6]),True,not_(x[6]),0.20238095238095233,c236778dc5683a72bff278f68dd0aee1,0.20238095238095233,False,0.0
2,3,not_(x[6]),True,not_(x[6]),0.20238095238095233,c236778dc5683a72bff278f68dd0aee1,0.20238095238095233,False,0.0
2,3,"greater_than_or_equal(sub(sub(x[5],x[5]),mul(x[5],x[2])), x[2])",True,not_(x[6]),0.20238095238095233,c236778dc5683a72bff278f68dd0aee1,0.20238095238095233,False,0.0
2,3,"not_(or_(x[6],x[6]))",True,not_(x[6]),0.20238095238095233,c236778dc5683a72bff278f68dd0aee1,0.20238095238095233,False,0.0
2,3,not_(x[6]),True,not_(x[6]),0.20238095238095233,c236778dc5683a72bff278f68dd0aee1,0.20238095238095233,False,0.0
2,3,not_(x[4]),True,not_(x[4]),0.20238095238095233,e9bf358728c366c73b72393d204b8cd2,0.20238095238095233,False,0.0
2,3,not_(x[6]),True,not_(x[6]),0.20238095238095233,c236778dc5683a72bff278f68dd0aee1,0.20238095238095233,False,0.0
2,3,not_(x[4]),True,not_(x[4]),0.20238095238095233,e9bf358728c366c73b72393d204b8cd2,0.20238095238095233,False,0.0
2,3,not_(x[4]),True,not_(x[4]),0.20238095238095233,e9bf358728c366c73b72393d204b8cd2,0.20238095238095233,False,0.0
2,3,not_(x[4]),True,not_(x[4]),0.20238095238095233,e9bf358728c366c73b72393d204b8cd2,0.20238095238095233,False,0.0
2,3,not_(x[6]),True,not_(x[6]),0.20238095238095233,c236778dc5683a72bff278f68dd0aee1,0.20238095238095233,False,0.0
2,3,not_(x[4]),True,not_(x[4]),0.20238095238095233,e9bf358728c366c73b72393d204b8cd2,0.20238095238095233,False,0.0
2,3,not_(x[4]),True,not_(x[4]),0.20238095238095233,e9bf358728c366c73b72393d204b8cd2,0.20238095238095233,False,0.0
2,3,not_(x[6]),True,not_(x[6]),0.20238095238095233,c236778dc5683a72bff278f68dd0aee1,0.20238095238095233,False,0.0
2,3,not_(x[6]),True,not_(x[6]),0.20238095238095233,c236778dc5683a72bff278f68dd0aee1,0.20238095238095233,False,0.0
2,3,"not_(greater_than_or_equal(add(x[2],add(x[3],x[3])), 34.36))",True,"less_than_or_equal(x[3],x[3])",0.7857142857142857,3352141c4f785c0403fcb33f533f7848,0.7857142857142857,False,0.0
2,3,"less_than_or_equal(sub(sub(x[5],x[5]),add(x[0],add(add(x[2],x[2]),add(x[3],x[0])))),x[3])",True,"less_than_or_equal(x[3],x[3])",0.7857142857142857,3352141c4f785c0403fcb33f533f7848,0.7857142857142857,False,0.0
2,3,"greater_than_or_equal(mul(mul(x[2],74.65),x[2]), x[3])",True,"greater_than_or_equal(add(add(x[0],x[2]),sub(x[0],x[3])), add(mul(x[0],x[2]),mul(x[3],x[5])))",0.75,6f8512eed0dd5c5cb035ed87664a0537,0.7976190476190477,True,0.04761904761904767
2,3,not_(x[4]),True,not_(x[4]),0.20238095238095233,e9bf358728c366c73b72393d204b8cd2,0.20238095238095233,False,0.0
2,3,not_(x[4]),True,not_(x[4]),0.20238095238095233,e9bf358728c366c73b72393d204b8cd2,0.20238095238095233,False,0.0
2,3,not_(x[4]),True,not_(x[4]),0.20238095238095233,e9bf358728c366c73b72393d204b8cd2,0.20238095238095233,False,0.0
2,3,not_(x[4]),True,not_(x[4]),0.20238095238095233,e9bf358728c366c73b72393d204b8cd2,0.20238095238095233,False,0.0
2,3,not_(x[4]),True,not_(x[4]),0.20238095238095233,e9bf358728c366c73b72393d204b8cd2,0.20238095238095233,False,0.0
2,3,not_(x[4]),True,not_(x[4]),0.20238095238095233,e9bf358728c366c73b72393d204b8cd2,0.20238095238095233,False,0.0
2,3,not_(x[6]),True,not_(x[6]),0.20238095238095233,c236778dc5683a72bff278f68dd0aee1,0.20238095238095233,False,0.0
2,3,not_(x[6]),True,not_(x[6]),0.20238095238095233,c236778dc5683a72bff278f68dd0aee1,0.20238095238095233,False,0.0
2,3,not_(x[4]),True,not_(x[4]),0.20238095238095233,e9bf358728c366c73b72393d204b8cd2,0.20238095238095233,False,0.0
2,3,"not_(less_than_or_equal(x[2],x[2]))",True,"less_than_or_equal(53.67,mul(x[3],x[3]))",0.2142857142857143,2cece411320c1d56790d65c80cc8f440,0.2142857142857143,False,0.0
2,3,not_(x[4]),True,not_(x[4]),0.20238095238095233,e9bf358728c366c73b72393d204b8cd2,0.20238095238095233,False,0.0
2,3,not_(x[4]),True,not_(x[4]),0.20238095238095233,e9bf358728c366c73b72393d204b8cd2,0.20238095238095233,False,0.0
2,3,not_(x[6]),True,not_(x[6]),0.20238095238095233,c236778dc5683a72bff278f68dd0aee1,0.20238095238095233,False,0.0
2,3,not_(x[6]),True,not_(x[6]),0.20238095238095233,c236778dc5683a72bff278f68dd0aee1,0.20238095238095233,False,0.0
2,3,"and_(x[4],x[6])",True,"not_(greater_than_or_equal(sub(x[0],x[3]), x[0]))",0.7976190476190477,95cffd09c37f5560118f86148db41cd5,0.7976190476190477,False,0.0
2,3,not_(x[6]),True,not_(x[6]),0.20238095238095233,c236778dc5683a72bff278f68dd0aee1,0.20238095238095233,False,0.0
2,3,not_(x[4]),True,not_(x[4]),0.20238095238095233,e9bf358728c366c73b72393d204b8cd2,0.20238095238095233,False,0.0
2,3,not_(x[4]),True,not_(x[4]),0.20238095238095233,e9bf358728c366c73b72393d204b8cd2,0.20238095238095233,False,0.0
2,3,not_(x[6]),True,not_(x[6]),0.20238095238095233,c236778dc5683a72bff278f68dd0aee1,0.20238095238095233,False,0.0
2,3,not_(x[1]),True,"less_than_or_equal(53.67,mul(x[3],x[3]))",0.2142857142857143,2cece411320c1d56790d65c80cc8f440,0.22619047619047616,True,0.011904761904761862
2,3,not_(x[4]),True,not_(x[4]),0.20238095238095233,e9bf358728c366c73b72393d204b8cd2,0.20238095238095233,False,0.0
2,3,not_(x[6]),True,not_(x[6]),0.20238095238095233,c236778dc5683a72bff278f68dd0aee1,0.20238095238095233,False,0.0
2,3,not_(x[6]),True,not_(x[6]),0.20238095238095233,c236778dc5683a72bff278f68dd0aee1,0.20238095238095233,False,0.0
2,3,not_(x[6]),True,not_(x[6]),0.20238095238095233,c236778dc5683a72bff278f68dd0aee1,0.20238095238095233,False,0.0
2,3,not_(x[6]),True,not_(x[6]),0.20238095238095233,c236778dc5683a72bff278f68dd0aee1,0.20238095238095233,False,0.0
2,3,"less_than_or_equal(sub(add(x[0],x[5]),mul(x[5],x[0])),pdiv(mul(x[5],x[0]),add(x[2],x[3])))",True,"less_than_or_equal(sub(add(x[0],x[5]),mul(x[2],x[0])),pdiv(mul(x[5],x[0]),add(x[2],x[3])))",0.19047619047619047,58cc4f21233e882751aa955999da1daf,0.19047619047619047,False,0.0
2,3,not_(x[6]),True,not_(x[6]),0.20238095238095233,c236778dc5683a72bff278f68dd0aee1,0.20238095238095233,False,0.0
2,3,not_(x[6]),True,not_(x[6]),0.20238095238095233,c236778dc5683a72bff278f68dd0aee1,0.20238095238095233,False,0.0
2,3,not_(x[6]),True,not_(x[6]),0.20238095238095233,c236778dc5683a72bff278f68dd0aee1,0.20238095238095233,False,0.0
2,3,not_(x[4]),True,not_(x[4]),0.20238095238095233,e9bf358728c366c73b72393d204b8cd2,0.20238095238095233,False,0.0
2,3,not_(x[6]),True,not_(x[6]),0.20238095238095233,c236778dc5683a72bff278f68dd0aee1,0.20238095238095233,False,0.0
2,3,not_(x[6]),True,not_(x[6]),0.20238095238095233,c236778dc5683a72bff278f68dd0aee1,0.20238095238095233,False,0.0
2,3,not_(x[4]),True,not_(x[4]),0.20238095238095233,e9bf358728c366c73b72393d204b8cd2,0.20238095238095233,False,0.0
2,3,not_(x[4]),True,not_(x[4]),0.20238095238095233,e9bf358728c366c73b72393d204b8cd2,0.20238095238095233,False,0.0
2,3,not_(x[6]),True,not_(x[6]),0.20238095238095233,c236778dc5683a72bff278f68dd0aee1,0.20238095238095233,False,0.0
2,3,not_(x[4]),True,not_(x[4]),0.20238095238095233,e9bf358728c366c73b72393d204b8cd2,0.20238095238095233,False,0.0
2,3,not_(x[1]),True,"less_than_or_equal(53.67,mul(x[3],x[3]))",0.2142857142857143,2cece411320c1d56790d65c80cc8f440,0.22619047619047616,True,0.011904761904761862
2,3,not_(x[4]),True,not_(x[4]),0.20238095238095233,e9bf358728c366c73b72393d204b8cd2,0.20238095238095233,False,0.0
2,3,not_(x[6]),True,not_(x[6]),0.20238095238095233,c236778dc5683a72bff278f68dd0aee1,0.20238095238095233,False,0.0
2,3,not_(x[6]),True,not_(x[6]),0.20238095238095233,c236778dc5683a72bff278f68dd0aee1,0.20238095238095233,False,0.0
2,3,not_(x[6]),True,not_(x[6]),0.20238095238095233,c236778dc5683a72bff278f68dd0aee1,0.20238095238095233,False,0.0
2,3,not_(x[6]),True,not_(x[6]),0.20238095238095233,c236778dc5683a72bff278f68dd0aee1,0.20238095238095233,False,0.0
2,3,not_(x[6]),True,not_(x[6]),0.20238095238095233,c236778dc5683a72bff278f68dd0aee1,0.20238095238095233,False,0.0
2,3,not_(x[6]),True,not_(x[6]),0.20238095238095233,c236778dc5683a72bff278f68dd0aee1,0.20238095238095233,False,0.0
2,3,not_(x[6]),True,not_(x[6]),0.20238095238095233,c236778dc5683a72bff278f68dd0aee1,0.20238095238095233,False,0.0
2,3,not_(x[4]),True,not_(x[4]),0.20238095238095233,e9bf358728c366c73b72393d204b8cd2,0.20238095238095233,False,0.0
2,3,not_(x[6]),True,not_(x[6]),0.20238095238095233,c236778dc5683a72bff278f68dd0aee1,0.20238095238095233,False,0.0
2,3,not_(x[6]),True,not_(x[6]),0.20238095238095233,c236778dc5683a72bff278f68dd0aee1,0.20238095238095233,False,0.0
2,3,"less_than_or_equal(sub(add(x[0],x[5]),mul(x[2],x[0])),x[3])",True,"not_(greater_than_or_equal(add(x[5],x[0]), x[3]))",0.2142857142857143,19748f61bf98b56966aabd621012162c,0.22619047619047616,True,0.011904761904761862
2,3,not_(x[6]),True,not_(x[6]),0.20238095238095233,c236778dc5683a72bff278f68dd0aee1,0.20238095238095233,False,0.0
2,3,not_(x[4]),True,not_(x[4]),0.20238095238095233,e9bf358728c366c73b72393d204b8cd2,0.20238095238095233,False,0.0
2,3,not_(x[6]),True,not_(x[6]),0.20238095238095233,c236778dc5683a72bff278f68dd0aee1,0.20238095238095233,False,0.0
2,3,not_(x[6]),True,not_(x[6]),0.20238095238095233,c236778dc5683a72bff278f68dd0aee1,0.20238095238095233,False,0.0
2,3,not_(x[6]),True,not_(x[6]),0.20238095238095233,c236778dc5683a72bff278f68dd0aee1,0.20238095238095233,False,0.0
2,3,not_(x[6]),True,not_(x[6]),0.20238095238095233,c236778dc5683a72bff278f68dd0aee1,0.20238095238095233,False,0.0
2,3,not_(x[6]),True,not_(x[6]),0.20238095238095233,c236778dc5683a72bff278f68dd0aee1,0.20238095238095233,False,0.0
2,3,not_(x[6]),True,not_(x[6]),0.20238095238095233,c236778dc5683a72bff278f68dd0aee1,0.20238095238095233,False,0.0
2,3,"not_(and_(x[1],x[4]))",True,not_(x[4]),0.20238095238095233,e9bf358728c366c73b72393d204b8cd2,0.20238095238095233,False,0.0
2,3,not_(x[6]),True,not_(x[6]),0.20238095238095233,c236778dc5683a72bff278f68dd0aee1,0.20238095238095233,False,0.0
2,3,not_(x[6]),True,not_(x[6]),0.20238095238095233,c236778dc5683a72bff278f68dd0aee1,0.20238095238095233,False,0.0
2,3,not_(x[6]),True,not_(x[6]),0.20238095238095233,c236778dc5683a72bff278f68dd0aee1,0.20238095238095233,False,0.0
2,3,not_(x[6]),True,not_(x[6]),0.20238095238095233,c236778dc5683a72bff278f68dd0aee1,0.20238095238095233,False,0.0
2,3,not_(x[6]),True,not_(x[6]),0.20238095238095233,c236778dc5683a72bff278f68dd0aee1,0.20238095238095233,False,0.0
2,3,"less_than_or_equal(sub(add(x[0],x[5]),x[0]),pdiv(sub(mul(sub(x[2],x[0]),mul(x[2],x[2])),x[2]),45.43))",True,"less_than_or_equal(53.67,mul(x[3],x[3]))",0.2142857142857143,2cece411320c1d56790d65c80cc8f440,0.2142857142857143,False,0.0
2,3,not_(x[4]),True,not_(x[4]),0.20238095238095233,e9bf358728c366c73b72393d204b8cd2,0.20238095238095233,False,0.0
2,3,not_(x[4]),True,not_(x[4]),0.20238095238095233,e9bf358728c366c73b72393d204b8cd2,0.20238095238095233,False,0.0
2,3,not_(x[6]),True,not_(x[6]),0.20238095238095233,c236778dc5683a72bff278f68dd0aee1,0.20238095238095233,False,0.0
2,3,"greater_than_or_equal(mul(mul(x[2],x[2]),sub(x[2],x[0])), add(mul(x[0],x[2]),add(x[0],x[3])))",True,not_(x[6]),0.20238095238095233,c236778dc5683a72bff278f68dd0aee1,0.20238095238095233,False,0.0
2,3,not_(x[6]),True,not_(x[6]),0.20238095238095233,c236778dc5683a72bff278f68dd0aee1,0.20238095238095233,False,0.0
2,3,"greater_than_or_equal(x[3], x[5])",True,"not_(greater_than_or_equal(pdiv(x[5],x[5]), pdiv(x[3],x[5])))",0.26190476190476186,aeceba6c233a8a73212b782b274d9205,0.27380952380952384,True,0.011904761904761973
2,3,not_(x[6]),True,not_(x[6]),0.20238095238095233,c236778dc5683a72bff278f68dd0aee1,0.20238095238095233,False,0.0
2,3,not_(x[4]),True,not_(x[4]),0.20238095238095233,e9bf358728c366c73b72393d204b8cd2,0.20238095238095233,False,0.0
2,3,not_(x[6]),True,not_(x[6]),0.20238095238095233,c236778dc5683a72bff278f68dd0aee1,0.20238095238095233,False,0.0
2,3,not_(x[6]),True,not_(x[6]),0.20238095238095233,c236778dc5683a72bff278f68dd0aee1,0.20238095238095233,False,0.0
2,3,not_(x[4]),True,not_(x[4]),0.20238095238095233,e9bf358728c366c73b72393d204b8cd2,0.20238095238095233,False,0.0
2,3,not_(x[4]),True,not_(x[4]),0.20238095238095233,e9bf358728c366c73b72393d204b8cd2,0.20238095238095233,False,0.0
2,3,not_(x[4]),True,not_(x[4]),0.20238095238095233,e9bf358728c366c73b72393d204b8cd2,0.20238095238095233,False,0.0
2,3,not_(x[6]),True,not_(x[6]),0.20238095238095233,c236778dc5683a72bff278f68dd0aee1,0.20238095238095233,False,0.0
2,3,not_(x[6]),True,not_(x[6]),0.20238095238095233,c236778dc5683a72bff278f68dd0aee1,0.20238095238095233,False,0.0
2,3,not_(x[6]),True,not_(x[6]),0.20238095238095233,c236778dc5683a72bff278f68dd0aee1,0.20238095238095233,False,0.0
2,3,"not_(and_(x[6],not_(not_(or_(x[1],x[1])))))",True,not_(x[6]),0.20238095238095233,c236778dc5683a72bff278f68dd0aee1,0.2142857142857143,True,0.011904761904761973
2,3,not_(x[6]),True,not_(x[6]),0.20238095238095233,c236778dc5683a72bff278f68dd0aee1,0.20238095238095233,False,0.0
2,3,not_(x[6]),True,not_(x[6]),0.20238095238095233,c236778dc5683a72bff278f68dd0aee1,0.20238095238095233,False,0.0
2,3,not_(x[6]),True,not_(x[6]),0.20238095238095233,c236778dc5683a72bff278f68dd0aee1,0.20238095238095233,False,0.0
2,3,not_(x[4]),True,not_(x[4]),0.20238095238095233,e9bf358728c366c73b72393d204b8cd2,0.20238095238095233,False,0.0
2,3,not_(x[4]),True,not_(x[4]),0.20238095238095233,e9bf358728c366c73b72393d204b8cd2,0.20238095238095233,False,0.0
2,3,not_(x[6]),True,not_(x[6]),0.20238095238095233,c236778dc5683a72bff278f68dd0aee1,0.20238095238095233,False,0.0
2,3,not_(x[6]),True,not_(x[6]),0.20238095238095233,c236778dc5683a72bff278f68dd0aee1,0.20238095238095233,False,0.0
2,3,not_(x[6]),True,not_(x[6]),0.20238095238095233,c236778dc5683a72bff278f68dd0aee1,0.20238095238095233,False,0.0
2,3,not_(x[6]),True,not_(x[6]),0.20238095238095233,c236778dc5683a72bff278f68dd0aee1,0.20238095238095233,False,0.0
2,3,"less_than_or_equal(add(mul(x[0],x[3]),mul(sub(x[2],x[0]),mul(x[2],x[2]))),x[2])",True,"less_than_or_equal(x[3],x[3])",0.7857142857142857,3352141c4f785c0403fcb33f533f7848,0.7857142857142857,False,0.0
2,3,not_(x[1]),True,"less_than_or_equal(53.67,mul(x[3],x[3]))",0.2142857142857143,2cece411320c1d56790d65c80cc8f440,0.22619047619047616,True,0.011904761904761862
2,3,not_(x[6]),True,not_(x[6]),0.20238095238095233,c236778dc5683a72bff278f68dd0aee1,0.20238095238095233,False,0.0
2,3,not_(x[6]),True,not_(x[6]),0.20238095238095233,c236778dc5683a72bff278f68dd0aee1,0.20238095238095233,False,0.0
2,3,not_(x[6]),True,not_(x[6]),0.20238095238095233,c236778dc5683a72bff278f68dd0aee1,0.20238095238095233,False,0.0
2,3,not_(x[4]),True,not_(x[4]),0.20238095238095233,e9bf358728c366c73b72393d204b8cd2,0.20238095238095233,False,0.0
2,3,not_(x[6]),True,not_(x[6]),0.20238095238095233,c236778dc5683a72bff278f68dd0aee1,0.20238095238095233,False,0.0
2,3,not_(x[6]),True,not_(x[6]),0.20238095238095233,c236778dc5683a72bff278f68dd0aee1,0.20238095238095233,False,0.0
2,3,not_(x[6]),True,not_(x[6]),0.20238095238095233,c236778dc5683a72bff278f68dd0aee1,0.20238095238095233,False,0.0
2,3,not_(x[6]),True,not_(x[6]),0.20238095238095233,c236778dc5683a72bff278f68dd0aee1,0.20238095238095233,False,0.0
2,3,not_(x[6]),True,not_(x[6]),0.20238095238095233,c236778dc5683a72bff278f68dd0aee1,0.20238095238095233,False,0.0
2,3,not_(x[4]),True,not_(x[4]),0.20238095238095233,e9bf358728c366c73b72393d204b8cd2,0.20238095238095233,False,0.0
2,3,"less_than_or_equal(sub(add(x[0],x[5]),mul(x[5],x[0])),pdiv(mul(x[5],x[0]),add(x[0],x[3])))",True,not_(x[6]),0.20238095238095233,c236778dc5683a72bff278f68dd0aee1,0.20238095238095233,False,0.0
2,3,not_(x[4]),True,not_(x[4]),0.20238095238095233,e9bf358728c366c73b72393d204b8cd2,0.20238095238095233,False,0.0
2,3,not_(x[4]),True,not_(x[4]),0.20238095238095233,e9bf358728c366c73b72393d204b8cd2,0.20238095238095233,False,0.0
2,3,not_(x[6]),True,not_(x[6]),0.20238095238095233,c236778dc5683a72bff278f68dd0aee1,0.20238095238095233,False,0.0
2,3,"greater_than_or_equal(mul(mul(x[2],x[0]),sub(x[2],x[0])), x[3])",True,not_(x[6]),0.20238095238095233,c236778dc5683a72bff278f68dd0aee1,0.22619047619047616,True,0.023809523809523836
2,3,not_(x[4]),True,not_(x[4]),0.20238095238095233,e9bf358728c366c73b72393d204b8cd2,0.20238095238095233,False,0.0
2,3,not_(x[4]),True,not_(x[4]),0.20238095238095233,e9bf358728c366c73b72393d204b8cd2,0.20238095238095233,False,0.0
2,3,not_(x[6]),True,not_(x[6]),0.20238095238095233,c236778dc5683a72bff278f68dd0aee1,0.20238095238095233,False,0.0
2,3,not_(x[6]),True,not_(x[6]),0.20238095238095233,c236778dc5683a72bff278f68dd0aee1,0.20238095238095233,False,0.0
2,3,not_(x[6]),True,not_(x[6]),0.20238095238095233,c236778dc5683a72bff278f68dd0aee1,0.20238095238095233,False,0.0
2,3,not_(x[6]),True,not_(x[6]),0.20238095238095233,c236778dc5683a72bff278f68dd0aee1,0.20238095238095233,False,0.0
2,3,not_(x[6]),True,not_(x[6]),0.20238095238095233,c236778dc5683a72bff278f68dd0aee1,0.20238095238095233,False,0.0
2,3,not_(x[6]),True,not_(x[6]),0.20238095238095233,c236778dc5683a72bff278f68dd0aee1,0.20238095238095233,False,0.0
2,3,not_(x[6]),True,not_(x[6]),0.20238095238095233,c236778dc5683a72bff278f68dd0aee1,0.20238095238095233,False,0.0
2,3,"and_(x[4],x[6])",True,"not_(greater_than_or_equal(sub(x[0],x[3]), x[0]))",0.7976190476190477,95cffd09c37f5560118f86148db41cd5,0.7976190476190477,False,0.0
2,3,not_(x[6]),True,not_(x[6]),0.20238095238095233,c236778dc5683a72bff278f68dd0aee1,0.20238095238095233,False,0.0
2,3,not_(x[6]),True,not_(x[6]),0.20238095238095233,c236778dc5683a72bff278f68dd0aee1,0.20238095238095233,False,0.0
2,3,not_(x[6]),True,not_(x[6]),0.20238095238095233,c236778dc5683a72bff278f68dd0aee1,0.20238095238095233,False,0.0
2,3,not_(x[4]),True,not_(x[4]),0.20238095238095233,e9bf358728c366c73b72393d204b8cd2,0.20238095238095233,False,0.0
2,3,not_(x[6]),True,not_(x[6]),0.20238095238095233,c236778dc5683a72bff278f68dd0aee1,0.20238095238095233,False,0.0
2,3,not_(x[6]),True,not_(x[6]),0.20238095238095233,c236778dc5683a72bff278f68dd0aee1,0.20238095238095233,False,0.0
2,3,not_(x[6]),True,not_(x[6]),0.20238095238095233,c236778dc5683a72bff278f68dd0aee1,0.20238095238095233,False,0.0
2,3,not_(x[6]),True,not_(x[6]),0.20238095238095233,c236778dc5683a72bff278f68dd0aee1,0.20238095238095233,False,0.0
2,3,not_(x[6]),True,not_(x[6]),0.20238095238095233,c236778dc5683a72bff278f68dd0aee1,0.20238095238095233,False,0.0
2,3,not_(x[1]),True,"less_than_or_equal(53.67,mul(x[3],x[3]))",0.2142857142857143,2cece411320c1d56790d65c80cc8f440,0.22619047619047616,True,0.011904761904761862
2,3,not_(x[6]),True,not_(x[6]),0.20238095238095233,c236778dc5683a72bff278f68dd0aee1,0.20238095238095233,False,0.0
2,3,not_(x[6]),True,not_(x[6]),0.20238095238095233,c236778dc5683a72bff278f68dd0aee1,0.20238095238095233,False,0.0
2,3,"not_(or_(x[6],x[6]))",True,not_(x[6]),0.20238095238095233,c236778dc5683a72bff278f68dd0aee1,0.20238095238095233,False,0.0
2,3,not_(x[6]),True,not_(x[6]),0.20238095238095233,c236778dc5683a72bff278f68dd0aee1,0.20238095238095233,False,0.0
2,3,not_(x[4]),True,not_(x[4]),0.20238095238095233,e9bf358728c366c73b72393d204b8cd2,0.20238095238095233,False,0.0
2,3,not_(x[6]),True,not_(x[6]),0.20238095238095233,c236778dc5683a72bff278f68dd0aee1,0.20238095238095233,False,0.0
2,3,not_(x[1]),True,"less_than_or_equal(53.67,mul(x[3],x[3]))",0.2142857142857143,2cece411320c1d56790d65c80cc8f440,0.22619047619047616,True,0.011904761904761862
2,3,not_(x[6]),True,not_(x[6]),0.20238095238095233,c236778dc5683a72bff278f68dd0aee1,0.20238095238095233,False,0.0
2,3,not_(x[6]),True,not_(x[6]),0.20238095238095233,c236778dc5683a72bff278f68dd0aee1,0.20238095238095233,False,0.0
2,3,x[6],True,x[6],0.7976190476190477,5dd9d7c24dce7ece1d734bf6c32f4813,0.7976190476190477,False,0.0
2,3,"greater_than_or_equal(sub(sub(x[5],x[5]),add(x[0],x[3])), mul(add(x[2],x[0]),mul(x[0],x[2])))",True,not_(x[6]),0.20238095238095233,c236778dc5683a72bff278f68dd0aee1,0.20238095238095233,False,0.0
2,3,"greater_than_or_equal(mul(mul(x[2],x[0]),sub(x[2],x[0])), mul(mul(x[0],x[2]),mul(x[2],x[0])))",False,,,387d4a38d9174fcdf4b17fc7456fb274,0.22619047619047616,False,0.0
2,3,not_(x[6]),True,not_(x[6]),0.20238095238095233,c236778dc5683a72bff278f68dd0aee1,0.20238095238095233,False,0.0
2,3,not_(x[4]),True,not_(x[4]),0.20238095238095233,e9bf358728c366c73b72393d204b8cd2,0.20238095238095233,False,0.0
2,3,not_(x[6]),True,not_(x[6]),0.20238095238095233,c236778dc5683a72bff278f68dd0aee1,0.20238095238095233,False,0.0
2,3,"less_than_or_equal(sub(add(x[0],x[5]),mul(x[2],x[0])),pdiv(mul(x[5],x[0]),add(x[2],x[3])))",True,"less_than_or_equal(sub(add(x[0],x[5]),mul(x[2],x[0])),pdiv(mul(x[5],x[0]),add(x[2],x[3])))",0.19047619047619047,58cc4f21233e882751aa955999da1daf,0.13636363636363635,True,-0.05411255411255411
2,4,"less_than_or_equal(pdiv(add(x[0],x[5]),mul(x[5],x[0])),pdiv(mul(x[5],x[0]),x[3]))",False,,,b8ec77f6ccbf5a1f8f2b9828d52d06fe,0.4285714285714286,False,0.0
2,4,not_(x[6]),True,not_(x[6]),0.20238095238095233,c236778dc5683a72bff278f68dd0aee1,0.20238095238095233,False,0.0
2,4,not_(x[6]),True,not_(x[6]),0.20238095238095233,c236778dc5683a72bff278f68dd0aee1,0.20238095238095233,False,0.0
2,4,not_(x[6]),True,not_(x[6]),0.20238095238095233,c236778dc5683a72bff278f68dd0aee1,0.20238095238095233,False,0.0
2,4,"greater_than_or_equal(sub(x[3],add(mul(x[5],x[0]),pdiv(mul(x[5],x[0]),add(x[2],x[3])))), x[3])",True,"less_than_or_equal(53.67,mul(x[3],x[3]))",0.2142857142857143,2cece411320c1d56790d65c80cc8f440,0.22619047619047616,True,0.011904761904761862
2,4,not_(x[6]),True,not_(x[6]),0.20238095238095233,c236778dc5683a72bff278f68dd0aee1,0.20238095238095233,False,0.0
2,4,not_(x[6]),True,not_(x[6]),0.20238095238095233,c236778dc5683a72bff278f68dd0aee1,0.20238095238095233,False,0.0
2,4,not_(x[6]),True,not_(x[6]),0.20238095238095233,c236778dc5683a72bff278f68dd0aee1,0.20238095238095233,False,0.0
2,4,not_(x[6]),True,not_(x[6]),0.20238095238095233,c236778dc5683a72bff278f68dd0aee1,0.20238095238095233,False,0.0
2,4,not_(x[4]),True,not_(x[4]),0.20238095238095233,e9bf358728c366c73b72393d204b8cd2,0.20238095238095233,False,0.0
2,4,not_(x[6]),True,not_(x[6]),0.20238095238095233,c236778dc5683a72bff278f68dd0aee1,0.20238095238095233,False,0.0
2,4,"less_than_or_equal(sub(add(x[0],x[5]),mul(x[5],x[0])),pdiv(mul(x[5],x[0]),add(x[2],x[3])))",True,"less_than_or_equal(sub(add(x[0],x[5]),mul(x[2],x[0])),pdiv(mul(x[5],x[0]),add(x[2],x[3])))",0.19047619047619047,58cc4f21233e882751aa955999da1daf,0.19047619047619047,False,0.0
2,4,not_(x[6]),True,not_(x[6]),0.20238095238095233,c236778dc5683a72bff278f68dd0aee1,0.20238095238095233,False,0.0
2,4,not_(x[4]),True,not_(x[4]),0.20238095238095233,e9bf358728c366c73b72393d204b8cd2,0.20238095238095233,False,0.0
2,4,not_(x[4]),True,not_(x[4]),0.20238095238095233,e9bf358728c366c73b72393d204b8cd2,0.20238095238095233,False,0.0
2,4,not_(x[6]),True,not_(x[6]),0.20238095238095233,c236778dc5683a72bff278f68dd0aee1,0.20238095238095233,False,0.0
2,4,not_(x[4]),True,not_(x[4]),0.20238095238095233,e9bf358728c366c73b72393d204b8cd2,0.20238095238095233,False,0.0
2,4,not_(x[4]),True,not_(x[4]),0.20238095238095233,e9bf358728c366c73b72393d204b8cd2,0.20238095238095233,False,0.0
2,4,not_(x[6]),True,not_(x[6]),0.20238095238095233,c236778dc5683a72bff278f68dd0aee1,0.20238095238095233,False,0.0
2,4,not_(x[4]),True,not_(x[4]),0.20238095238095233,e9bf358728c366c73b72393d204b8cd2,0.20238095238095233,False,0.0
2,4,not_(x[6]),True,not_(x[6]),0.20238095238095233,c236778dc5683a72bff278f68dd0aee1,0.20238095238095233,False,0.0
2,4,not_(x[6]),True,not_(x[6]),0.20238095238095233,c236778dc5683a72bff278f68dd0aee1,0.20238095238095233,False,0.0
2,4,not_(x[6]),True,not_(x[6]),0.20238095238095233,c236778dc5683a72bff278f68dd0aee1,0.20238095238095233,False,0.0
2,4,"not_(less_than_or_equal(x[3],x[0]))",True,"or_(greater_than_or_equal(x[5], pdiv(x[5],x[0])),not_(greater_than_or_equal(x[0], x[3])))",0.33333333333333337,91f65a5c3455d5d1b7e737bfb04eb860,0.3214285714285714,True,-0.011904761904761973
2,4,"greater_than_or_equal(sub(sub(x[5],x[5]),add(x[0],x[3])), mul(add(x[2],x[0]),sub(x[0],x[2])))",True,not_(x[6]),0.20238095238095233,c236778dc5683a72bff278f68dd0aee1,0.20238095238095233,False,0.0
2,4,not_(x[6]),True,not_(x[6]),0.20238095238095233,c236778dc5683a72bff278f68dd0aee1,0.20238095238095233,False,0.0
2,4,not_(x[4]),True,not_(x[4]),0.20238095238095233,e9bf358728c366c73b72393d204b8cd2,0.20238095238095233,False,0.0
2,4,not_(x[4]),True,not_(x[4]),0.20238095238095233,e9bf358728c366c73b72393d204b8cd2,0.20238095238095233,False,0.0
2,4,not_(x[6]),True,not_(x[6]),0.20238095238095233,c236778dc5683a72bff278f68dd0aee1,0.20238095238095233,False,0.0
2,4,"less_than_or_equal(sub(add(x[0],x[5]),mul(x[2],x[0])),pdiv(mul(x[5],x[0]),36.29))",True,"less_than_or_equal(53.67,mul(x[3],x[3]))",0.2142857142857143,2cece411320c1d56790d65c80cc8f440,0.2142857142857143,False,0.0
2,4,not_(x[6]),True,not_(x[6]),0.20238095238095233,c236778dc5683a72bff278f68dd0aee1,0.20238095238095233,False,0.0
2,4,not_(x[6]),True,not_(x[6]),0.20238095238095233,c236778dc5683a72bff278f68dd0aee1,0.20238095238095233,False,0.0
2,4,not_(x[6]),True,not_(x[6]),0.20238095238095233,c236778dc5683a72bff278f68dd0aee1,0.20238095238095233,False,0.0
2,4,not_(x[6]),True,not_(x[6]),0.20238095238095233,c236778dc5683a72bff278f68dd0aee1,0.20238095238095233,False,0.0
2,4,not_(x[4]),True,not_(x[4]),0.20238095238095233,e9bf358728c366c73b72393d204b8cd2,0.20238095238095233,False,0.0
2,4,not_(x[6]),True,not_(x[6]),0.20238095238095233,c236778dc5683a72bff278f68dd0aee1,0.20238095238095233,False,0.0
2,4,not_(x[4]),True,not_(x[4]),0.20238095238095233,e9bf358728c366c73b72393d204b8cd2,0.20238095238095233,False,0.0
2,4,not_(x[6]),True,not_(x[6]),0.20238095238095233,c236778dc5683a72bff278f68dd0aee1,0.20238095238095233,False,0.0
2,4,not_(x[6]),True,not_(x[6]),0.20238095238095233,c236778dc5683a72bff278f68dd0aee1,0.20238095238095233,False,0.0
2,4,not_(x[4]),True,not_(x[4]),0.20238095238095233,e9bf358728c366c73b72393d204b8cd2,0.20238095238095233,False,0.0
2,4,not_(x[6]),True,not_(x[6]),0.20238095238095233,c236778dc5683a72bff278f68dd0aee1,0.20238095238095233,False,0.0
2,4,not_(x[6]),True,not_(x[6]),0.20238095238095233,c236778dc5683a72bff278f68dd0aee1,0.20238095238095233,False,0.0
2,4,not_(x[6]),True,not_(x[6]),0.20238095238095233,c236778dc5683a72bff278f68dd0aee1,0.20238095238095233,False,0.0
2,4,"or_(x[6],less_than_or_equal(x[0],x[3]))",True,"less_than_or_equal(x[3],x[3])",0.7857142857142857,3352141c4f785c0403fcb33f533f7848,0.7857142857142857,False,0.0
2,4,not_(not_(x[4])),True,"not_(greater_than_or_equal(sub(x[0],x[3]), x[0]))",0.7976190476190477,95cffd09c37f5560118f86148db41cd5,0.7976190476190477,False,0.0
2,4,not_(x[4]),True,not_(x[4]),0.20238095238095233,e9bf358728c366c73b72393d204b8cd2,0.20238095238095233,False,0.0
2,4,not_(x[6]),True,not_(x[6]),0.20238095238095233,c236778dc5683a72bff278f68dd0aee1,0.20238095238095233,False,0.0
2,4,not_(x[6]),True,not_(x[6]),0.20238095238095233,c236778dc5683a72bff278f68dd0aee1,0.20238095238095233,False,0.0
2,4,not_(x[6]),True,not_(x[6]),0.20238095238095233,c236778dc5683a72bff278f68dd0aee1,0.20238095238095233,False,0.0
2,4,"greater_than_or_equal(sub(sub(x[5],x[5]),mul(x[5],x[3])), x[0])",True,not_(x[6]),0.20238095238095233,c236778dc5683a72bff278f68dd0aee1,0.20238095238095233,False,0.0
2,4,not_(x[6]),True,not_(x[6]),0.20238095238095233,c236778dc5683a72bff278f68dd0aee1,0.20238095238095233,False,0.0
2,4,"greater_than_or_equal(mul(mul(x[2],x[0]),mul(x[2],x[0])), add(sub(x[3],x[2]),x[0]))",False,,,05937bb4d8146eae24160da4db0fc53b,0.40476190476190477,False,0.0
2,4,not_(x[6]),True,not_(x[6]),0.20238095238095233,c236778dc5683a72bff278f68dd0aee1,0.20238095238095233,False,0.0
2,4,not_(x[4]),True,not_(x[4]),0.20238095238095233,e9bf358728c366c73b72393d204b8cd2,0.20238095238095233,False,0.0
2,4,not_(x[6]),True,not_(x[6]),0.20238095238095233,c236778dc5683a72bff278f68dd0aee1,0.20238095238095233,False,0.0
2,4,not_(x[6]),True,not_(x[6]),0.20238095238095233,c236778dc5683a72bff278f68dd0aee1,0.20238095238095233,False,0.0
2,4,not_(x[6]),True,not_(x[6]),0.20238095238095233,c236778dc5683a72bff278f68dd0aee1,0.20238095238095233,False,0.0
2,4,not_(x[6]),True,not_(x[6]),0.20238095238095233,c236778dc5683a72bff278f68dd0aee1,0.20238095238095233,False,0.0
2,4,not_(x[4]),True,not_(x[4]),0.20238095238095233,e9bf358728c366c73b72393d204b8cd2,0.20238095238095233,False,0.0
2,4,not_(x[6]),True,not_(x[6]),0.20238095238095233,c236778dc5683a72bff278f68dd0aee1,0.20238095238095233,False,0.0
2,4,not_(x[4]),True,not_(x[4]),0.20238095238095233,e9bf358728c366c73b72393d204b8cd2,0.20238095238095233,False,0.0
2,4,not_(x[6]),True,not_(x[6]),0.20238095238095233,c236778dc5683a72bff278f68dd0aee1,0.20238095238095233,False,0.0
2,4,not_(x[6]),True,not_(x[6]),0.20238095238095233,c236778dc5683a72bff278f68dd0aee1,0.20238095238095233,False,0.0
2,4,not_(x[6]),True,not_(x[6]),0.20238095238095233,c236778dc5683a72bff278f68dd0aee1,0.20238095238095233,False,0.0
2,4,not_(x[6]),True,not_(x[6]),0.20238095238095233,c236778dc5683a72bff278f68dd0aee1,0.20238095238095233,False,0.0
2,4,not_(x[4]),True,not_(x[4]),0.20238095238095233,e9bf358728c366c73b72393d204b8cd2,0.20238095238095233,False,0.0
2,4,not_(x[6]),True,not_(x[6]),0.20238095238095233,c236778dc5683a72bff278f68dd0aee1,0.20238095238095233,False,0.0
2,4,not_(x[4]),True,not_(x[4]),0.20238095238095233,e9bf358728c366c73b72393d204b8cd2,0.20238095238095233,False,0.0
2,4,"less_than_or_equal(sub(add(x[0],x[5]),mul(x[2],x[0])),pdiv(mul(x[5],x[2]),add(x[2],x[3])))",True,not_(x[6]),0.20238095238095233,c236778dc5683a72bff278f68dd0aee1,0.20238095238095233,False,0.0
2,4,"greater_than_or_equal(mul(mul(x[2],x[0]),82.13), x[0])",True,"less_than_or_equal(x[3],x[3])",0.7857142857142857,3352141c4f785c0403fcb33f533f7848,0.7857142857142857,False,0.0
2,4,"not_(and_(x[1],x[4]))",True,not_(x[4]),0.20238095238095233,e9bf358728c366c73b72393d204b8cd2,0.20238095238095233,False,0.0
2,4,not_(x[6]),True,not_(x[6]),0.20238095238095233,c236778dc5683a72bff278f68dd0aee1,0.20238095238095233,False,0.0
2,4,not_(x[6]),True,not_(x[6]),0.20238095238095233,c236778dc5683a72bff278f68dd0aee1,0.20238095238095233,False,0.0
2,4,not_(x[4]),True,not_(x[4]),0.20238095238095233,e9bf358728c366c73b72393d204b8cd2,0.20238095238095233,False,0.0
2,4,not_(x[4]),True,not_(x[4]),0.20238095238095233,e9bf358728c366c73b72393d204b8cd2,0.20238095238095233,False,0.0
2,4,"not_(greater_than_or_equal(x[2], x[0]))",True,"not_(less_than_or_equal(x[0],x[2]))",0.36904761904761907,7cd461d4ffa9db1d1f176024d881091c,0.36904761904761907,False,0.0
2,4,not_(x[6]),True,not_(x[6]),0.20238095238095233,c236778dc5683a72bff278f68dd0aee1,0.20238095238095233,False,0.0
2,4,not_(x[4]),True,not_(x[4]),0.20238095238095233,e9bf358728c366c73b72393d204b8cd2,0.20238095238095233,False,0.0
2,4,not_(x[6]),True,not_(x[6]),0.20238095238095233,c236778dc5683a72bff278f68dd0aee1,0.20238095238095233,False,0.0
2,4,"greater_than_or_equal(09.09, x[2])",True,"less_than_or_equal(x[3],x[3])",0.7857142857142857,3352141c4f785c0403fcb33f533f7848,0.7857142857142857,False,0.0
2,4,not_(x[6]),True,not_(x[6]),0.20238095238095233,c236778dc5683a72bff278f68dd0aee1,0.20238095238095233,False,0.0
2,4,not_(x[6]),True,not_(x[6]),0.20238095238095233,c236778dc5683a72bff278f68dd0aee1,0.20238095238095233,False,0.0
2,4,not_(x[6]),True,not_(x[6]),0.20238095238095233,c236778dc5683a72bff278f68dd0aee1,0.20238095238095233,False,0.0
2,4,not_(x[6]),True,not_(x[6]),0.20238095238095233,c236778dc5683a72bff278f68dd0aee1,0.20238095238095233,False,0.0
2,4,not_(x[1]),True,"less_than_or_equal(53.67,mul(x[3],x[3]))",0.2142857142857143,2cece411320c1d56790d65c80cc8f440,0.22619047619047616,True,0.011904761904761862
2,4,not_(x[6]),True,not_(x[6]),0.20238095238095233,c236778dc5683a72bff278f68dd0aee1,0.20238095238095233,False,0.0
2,4,not_(x[6]),True,not_(x[6]),0.20238095238095233,c236778dc5683a72bff278f68dd0aee1,0.20238095238095233,False,0.0
2,4,not_(x[6]),True,not_(x[6]),0.20238095238095233,c236778dc5683a72bff278f68dd0aee1,0.20238095238095233,False,0.0
2,4,not_(x[4]),True,not_(x[4]),0.20238095238095233,e9bf358728c366c73b72393d204b8cd2,0.20238095238095233,False,0.0
2,4,not_(x[4]),True,not_(x[4]),0.20238095238095233,e9bf358728c366c73b72393d204b8cd2,0.20238095238095233,False,0.0
2,4,not_(x[6]),True,not_(x[6]),0.20238095238095233,c236778dc5683a72bff278f68dd0aee1,0.20238095238095233,False,0.0
2,4,not_(x[4]),True,not_(x[4]),0.20238095238095233,e9bf358728c366c73b72393d204b8cd2,0.20238095238095233,False,0.0
2,4,not_(x[4]),True,not_(x[4]),0.20238095238095233,e9bf358728c366c73b72393d204b8cd2,0.20238095238095233,False,0.0
2,4,not_(x[4]),True,not_(x[4]),0.20238095238095233,e9bf358728c366c73b72393d204b8cd2,0.20238095238095233,False,0.0
2,4,not_(x[4]),True,not_(x[4]),0.20238095238095233,e9bf358728c366c73b72393d204b8cd2,0.20238095238095233,False,0.0
2,4,not_(x[4]),True,not_(x[4]),0.20238095238095233,e9bf358728c366c73b72393d204b8cd2,0.20238095238095233,False,0.0
2,4,not_(x[6]),True,not_(x[6]),0.20238095238095233,c236778dc5683a72bff278f68dd0aee1,0.20238095238095233,False,0.0
2,4,not_(x[4]),True,not_(x[4]),0.20238095238095233,e9bf358728c366c73b72393d204b8cd2,0.20238095238095233,False,0.0
2,4,not_(x[6]),True,not_(x[6]),0.20238095238095233,c236778dc5683a72bff278f68dd0aee1,0.20238095238095233,False,0.0
2,4,not_(x[4]),True,not_(x[4]),0.20238095238095233,e9bf358728c366c73b72393d204b8cd2,0.20238095238095233,False,0.0
2,4,not_(x[6]),True,not_(x[6]),0.20238095238095233,c236778dc5683a72bff278f68dd0aee1,0.20238095238095233,False,0.0
2,4,not_(x[4]),True,not_(x[4]),0.20238095238095233,e9bf358728c366c73b72393d204b8cd2,0.20238095238095233,False,0.0
2,4,not_(x[6]),True,not_(x[6]),0.20238095238095233,c236778dc5683a72bff278f68dd0aee1,0.20238095238095233,False,0.0
2,4,not_(x[4]),True,not_(x[4]),0.20238095238095233,e9bf358728c366c73b72393d204b8cd2,0.20238095238095233,False,0.0
2,4,not_(x[6]),True,not_(x[6]),0.20238095238095233,c236778dc5683a72bff278f68dd0aee1,0.20238095238095233,False,0.0
2,4,not_(x[6]),True,not_(x[6]),0.20238095238095233,c236778dc5683a72bff278f68dd0aee1,0.20238095238095233,False,0.0
2,4,not_(x[6]),True,not_(x[6]),0.20238095238095233,c236778dc5683a72bff278f68dd0aee1,0.20238095238095233,False,0.0
2,4,not_(x[4]),True,not_(x[4]),0.20238095238095233,e9bf358728c366c73b72393d204b8cd2,0.20238095238095233,False,0.0
2,4,not_(x[4]),True,not_(x[4]),0.20238095238095233,e9bf358728c366c73b72393d204b8cd2,0.20238095238095233,False,0.0
2,4,"greater_than_or_equal(mul(x[5],sub(x[0],sub(x[0],mul(mul(pdiv(x[0],x[3]),x[2]),sub(x[0],pdiv(mul(x[5],x[0]),add(x[2],x[3]))))))), x[3])",True,not_(x[6]),0.20238095238095233,c236778dc5683a72bff278f68dd0aee1,0.23809523809523814,True,0.03571428571428581
2,4,not_(x[6]),True,not_(x[6]),0.20238095238095233,c236778dc5683a72bff278f68dd0aee1,0.20238095238095233,False,0.0
2,4,not_(x[4]),True,not_(x[4]),0.20238095238095233,e9bf358728c366c73b72393d204b8cd2,0.20238095238095233,False,0.0
2,4,not_(x[6]),True,not_(x[6]),0.20238095238095233,c236778dc5683a72bff278f68dd0aee1,0.20238095238095233,False,0.0
2,4,not_(x[4]),True,not_(x[4]),0.20238095238095233,e9bf358728c366c73b72393d204b8cd2,0.20238095238095233,False,0.0
2,4,not_(x[6]),True,not_(x[6]),0.20238095238095233,c236778dc5683a72bff278f68dd0aee1,0.20238095238095233,False,0.0
2,4,not_(x[6]),True,not_(x[6]),0.20238095238095233,c236778dc5683a72bff278f68dd0aee1,0.20238095238095233,False,0.0
2,4,not_(x[4]),True,not_(x[4]),0.20238095238095233,e9bf358728c366c73b72393d204b8cd2,0.20238095238095233,False,0.0
2,4,not_(x[6]),True,not_(x[6]),0.20238095238095233,c236778dc5683a72bff278f68dd0aee1,0.20238095238095233,False,0.0
2,4,not_(x[6]),True,not_(x[6]),0.20238095238095233,c236778dc5683a72bff278f68dd0aee1,0.20238095238095233,False,0.0
2,4,not_(x[4]),True,not_(x[4]),0.20238095238095233,e9bf358728c366c73b72393d204b8cd2,0.20238095238095233,False,0.0
2,4,not_(x[6]),True,not_(x[6]),0.20238095238095233,c236778dc5683a72bff278f68dd0aee1,0.20238095238095233,False,0.0
2,4,not_(x[4]),True,not_(x[4]),0.20238095238095233,e9bf358728c366c73b72393d204b8cd2,0.20238095238095233,False,0.0
2,4,not_(x[6]),True,not_(x[6]),0.20238095238095233,c236778dc5683a72bff278f68dd0aee1,0.20238095238095233,False,0.0
2,4,not_(x[6]),True,not_(x[6]),0.20238095238095233,c236778dc5683a72bff278f68dd0aee1,0.20238095238095233,False,0.0
2,4,not_(x[4]),True,not_(x[4]),0.20238095238095233,e9bf358728c366c73b72393d204b8cd2,0.20238095238095233,False,0.0
2,4,not_(x[4]),True,not_(x[4]),0.20238095238095233,e9bf358728c366c73b72393d204b8cd2,0.20238095238095233,False,0.0
2,4,not_(x[6]),True,not_(x[6]),0.20238095238095233,c236778dc5683a72bff278f68dd0aee1,0.20238095238095233,False,0.0
2,4,not_(x[6]),True,not_(x[6]),0.20238095238095233,c236778dc5683a72bff278f68dd0aee1,0.20238095238095233,False,0.0
2,4,not_(x[6]),True,not_(x[6]),0.20238095238095233,c236778dc5683a72bff278f68dd0aee1,0.20238095238095233,False,0.0
2,4,not_(x[6]),True,not_(x[6]),0.20238095238095233,c236778dc5683a72bff278f68dd0aee1,0.20238095238095233,False,0.0
2,4,not_(x[6]),True,not_(x[6]),0.20238095238095233,c236778dc5683a72bff278f68dd0aee1,0.20238095238095233,False,0.0
2,4,"not_(and_(x[6],x[6]))",True,not_(x[6]),0.20238095238095233,c236778dc5683a72bff278f68dd0aee1,0.20238095238095233,False,0.0
2,4,not_(x[1]),True,"less_than_or_equal(53.67,mul(x[3],x[3]))",0.2142857142857143,2cece411320c1d56790d65c80cc8f440,0.22619047619047616,True,0.011904761904761862
2,4,not_(x[6]),True,not_(x[6]),0.20238095238095233,c236778dc5683a72bff278f68dd0aee1,0.20238095238095233,False,0.0
2,4,not_(x[6]),True,not_(x[6]),0.20238095238095233,c236778dc5683a72bff278f68dd0aee1,0.20238095238095233,False,0.0
2,4,"not_(not_(not_(or_(x[1],x[1]))))",True,"less_than_or_equal(53.67,mul(x[3],x[3]))",0.2142857142857143,2cece411320c1d56790d65c80cc8f440,0.22619047619047616,True,0.011904761904761862
2,4,not_(x[6]),True,not_(x[6]),0.20238095238095233,c236778dc5683a72bff278f68dd0aee1,0.20238095238095233,False,0.0
2,4,not_(x[4]),True,not_(x[4]),0.20238095238095233,e9bf358728c366c73b72393d204b8cd2,0.20238095238095233,False,0.0
2,4,not_(x[4]),True,not_(x[4]),0.20238095238095233,e9bf358728c366c73b72393d204b8cd2,0.20238095238095233,False,0.0
2,4,not_(x[6]),True,not_(x[6]),0.20238095238095233,c236778dc5683a72bff278f68dd0aee1,0.20238095238095233,False,0.0
2,4,not_(x[6]),True,not_(x[6]),0.20238095238095233,c236778dc5683a72bff278f68dd0aee1,0.20238095238095233,False,0.0
2,4,not_(x[6]),True,not_(x[6]),0.20238095238095233,c236778dc5683a72bff278f68dd0aee1,0.20238095238095233,False,0.0
2,4,not_(x[4]),True,not_(x[4]),0.20238095238095233,e9bf358728c366c73b72393d204b8cd2,0.20238095238095233,False,0.0
2,4,not_(x[6]),True,not_(x[6]),0.20238095238095233,c236778dc5683a72bff278f68dd0aee1,0.20238095238095233,False,0.0
2,4,not_(x[6]),True,not_(x[6]),0.20238095238095233,c236778dc5683a72bff278f68dd0aee1,0.20238095238095233,False,0.0
2,4,"less_than_or_equal(mul(x[3],x[2]),x[0])",True,"less_than_or_equal(x[3],x[3])",0.7857142857142857,3352141c4f785c0403fcb33f533f7848,0.75,True,-0.0357142857142857
2,4,not_(x[4]),True,not_(x[4]),0.20238095238095233,e9bf358728c366c73b72393d204b8cd2,0.20238095238095233,False,0.0
2,4,not_(x[6]),True,not_(x[6]),0.20238095238095233,c236778dc5683a72bff278f68dd0aee1,0.20238095238095233,False,0.0
2,4,not_(x[6]),True,not_(x[6]),0.20238095238095233,c236778dc5683a72bff278f68dd0aee1,0.20238095238095233,False,0.0
2,4,not_(x[4]),True,not_(x[4]),0.20238095238095233,e9bf358728c366c73b72393d204b8cd2,0.20238095238095233,False,0.0
2,4,not_(x[6]),True,not_(x[6]),0.20238095238095233,c236778dc5683a72bff278f68dd0aee1,0.20238095238095233,False,0.0
2,4,not_(x[6]),True,not_(x[6]),0.20238095238095233,c236778dc5683a72bff278f68dd0aee1,0.20238095238095233,False,0.0
2,4,"not_(and_(x[6],x[1]))",True,not_(x[6]),0.20238095238095233,c236778dc5683a72bff278f68dd0aee1,0.2142857142857143,True,0.011904761904761973
2,4,not_(x[1]),True,"less_than_or_equal(53.67,mul(x[3],x[3]))",0.2142857142857143,2cece411320c1d56790d65c80cc8f440,0.22619047619047616,True,0.011904761904761862
2,4,not_(x[6]),True,not_(x[6]),0.20238095238095233,c236778dc5683a72bff278f68dd0aee1,0.20238095238095233,False,0.0
2,4,not_(x[6]),True,not_(x[6]),0.20238095238095233,c236778dc5683a72bff278f68dd0aee1,0.20238095238095233,False,0.0
2,4,not_(x[6]),True,not_(x[6]),0.20238095238095233,c236778dc5683a72bff278f68dd0aee1,0.20238095238095233,False,0.0
2,4,not_(x[4]),True,not_(x[4]),0.20238095238095233,e9bf358728c366c73b72393d204b8cd2,0.20238095238095233,False,0.0
2,4,not_(x[6]),True,not_(x[6]),0.20238095238095233,c236778dc5683a72bff278f68dd0aee1,0.20238095238095233,False,0.0
2,4,not_(x[4]),True,not_(x[4]),0.20238095238095233,e9bf358728c366c73b72393d204b8cd2,0.20238095238095233,False,0.0
2,4,not_(x[6]),True,not_(x[6]),0.20238095238095233,c236778dc5683a72bff278f68dd0aee1,0.20238095238095233,False,0.0
2,4,not_(x[6]),True,not_(x[6]),0.20238095238095233,c236778dc5683a72bff278f68dd0aee1,0.20238095238095233,False,0.0
2,4,not_(x[6]),True,not_(x[6]),0.20238095238095233,c236778dc5683a72bff278f68dd0aee1,0.20238095238095233,False,0.0
2,4,not_(x[6]),True,not_(x[6]),0.20238095238095233,c236778dc5683a72bff278f68dd0aee1,0.20238095238095233,False,0.0
2,4,not_(x[6]),True,not_(x[6]),0.20238095238095233,c236778dc5683a72bff278f68dd0aee1,0.20238095238095233,False,0.0
2,4,"less_than_or_equal(sub(add(x[0],x[5]),mul(x[2],x[0])),pdiv(mul(x[5],x[0]),add(x[2],x[0])))",True,not_(x[6]),0.20238095238095233,c236778dc5683a72bff278f68dd0aee1,0.20238095238095233,False,0.0
2,4,not_(x[6]),True,not_(x[6]),0.20238095238095233,c236778dc5683a72bff278f68dd0aee1,0.20238095238095233,False,0.0
2,4,not_(x[6]),True,not_(x[6]),0.20238095238095233,c236778dc5683a72bff278f68dd0aee1,0.20238095238095233,False,0.0
2,4,not_(x[4]),True,not_(x[4]),0.20238095238095233,e9bf358728c366c73b72393d204b8cd2,0.20238095238095233,False,0.0
2,4,not_(x[6]),True,not_(x[6]),0.20238095238095233,c236778dc5683a72bff278f68dd0aee1,0.20238095238095233,False,0.0
2,4,not_(x[6]),True,not_(x[6]),0.20238095238095233,c236778dc5683a72bff278f68dd0aee1,0.20238095238095233,False,0.0
2,4,not_(x[6]),True,not_(x[6]),0.20238095238095233,c236778dc5683a72bff278f68dd0aee1,0.20238095238095233,False,0.0
2,4,not_(x[6]),True,not_(x[6]),0.20238095238095233,c236778dc5683a72bff278f68dd0aee1,0.20238095238095233,False,0.0
2,4,not_(x[4]),True,not_(x[4]),0.20238095238095233,e9bf358728c366c73b72393d204b8cd2,0.20238095238095233,False,0.0
2,4,not_(x[6]),True,not_(x[6]),0.20238095238095233,c236778dc5683a72bff278f68dd0aee1,0.20238095238095233,False,0.0
2,4,not_(x[6]),True,not_(x[6]),0.20238095238095233,c236778dc5683a72bff278f68dd0aee1,0.20238095238095233,False,0.0
2,4,not_(x[6]),True,not_(x[6]),0.20238095238095233,c236778dc5683a72bff278f68dd0aee1,0.20238095238095233,False,0.0
2,4,not_(x[6]),True,not_(x[6]),0.20238095238095233,c236778dc5683a72bff278f68dd0aee1,0.20238095238095233,False,0.0
2,4,not_(x[6]),True,not_(x[6]),0.20238095238095233,c236778dc5683a72bff278f68dd0aee1,0.20238095238095233,False,0.0
2,4,not_(x[6]),True,not_(x[6]),0.20238095238095233,c236778dc5683a72bff278f68dd0aee1,0.20238095238095233,False,0.0
2,4,not_(x[6]),True,not_(x[6]),0.20238095238095233,c236778dc5683a72bff278f68dd0aee1,0.20238095238095233,False,0.0
2,4,not_(x[6]),True,not_(x[6]),0.20238095238095233,c236778dc5683a72bff278f68dd0aee1,0.20238095238095233,False,0.0
2,4,not_(x[6]),True,not_(x[6]),0.20238095238095233,c236778dc5683a72bff278f68dd0aee1,0.20238095238095233,False,0.0
2,4,not_(x[6]),True,not_(x[6]),0.20238095238095233,c236778dc5683a72bff278f68dd0aee1,0.20238095238095233,False,0.0
2,4,not_(x[6]),True,not_(x[6]),0.20238095238095233,c236778dc5683a72bff278f68dd0aee1,0.20238095238095233,False,0.0
2,4,not_(x[6]),True,not_(x[6]),0.20238095238095233,c236778dc5683a72bff278f68dd0aee1,0.20238095238095233,False,0.0
2,4,"or_(x[4],x[6])",True,"or_(not_(greater_than_or_equal(x[3], x[3])),x[6])",0.7976190476190477,dabf352ca9fc16fe7897b3fa7e73f5cb,0.7976190476190477,False,0.0
2,4,not_(x[4]),True,not_(x[4]),0.20238095238095233,e9bf358728c366c73b72393d204b8cd2,0.20238095238095233,False,0.0
2,4,not_(x[4]),True,not_(x[4]),0.20238095238095233,e9bf358728c366c73b72393d204b8cd2,0.20238095238095233,False,0.0
2,4,not_(x[6]),True,not_(x[6]),0.20238095238095233,c236778dc5683a72bff278f68dd0aee1,0.20238095238095233,False,0.0
2,4,not_(x[6]),True,not_(x[6]),0.20238095238095233,c236778dc5683a72bff278f68dd0aee1,0.20238095238095233,False,0.0
2,4,not_(x[6]),True,not_(x[6]),0.20238095238095233,c236778dc5683a72bff278f68dd0aee1,0.20238095238095233,False,0.0
2,4,not_(x[6]),True,not_(x[6]),0.20238095238095233,c236778dc5683a72bff278f68dd0aee1,0.20238095238095233,False,0.0
2,4,not_(x[6]),True,not_(x[6]),0.20238095238095233,c236778dc5683a72bff278f68dd0aee1,0.20238095238095233,False,0.0
2,4,"greater_than_or_equal(x[3], x[3])",True,"less_than_or_equal(x[3],x[3])",0.7857142857142857,3352141c4f785c0403fcb33f533f7848,0.7857142857142857,False,0.0
2,4,not_(x[6]),True,not_(x[6]),0.20238095238095233,c236778dc5683a72bff278f68dd0aee1,0.20238095238095233,False,0.0
2,4,not_(x[6]),True,not_(x[6]),0.20238095238095233,c236778dc5683a72bff278f68dd0aee1,0.20238095238095233,False,0.0
2,4,not_(x[6]),True,not_(x[6]),0.20238095238095233,c236778dc5683a72bff278f68dd0aee1,0.20238095238095233,False,0.0
2,4,"less_than_or_equal(sub(add(x[0],x[5]),mul(x[5],x[0])),pdiv(mul(x[5],x[0]),add(x[0],x[3])))",True,not_(x[6]),0.20238095238095233,c236778dc5683a72bff278f68dd0aee1,0.20238095238095233,False,0.0
2,4,not_(x[6]),True,not_(x[6]),0.20238095238095233,c236778dc5683a72bff278f68dd0aee1,0.20238095238095233,False,0.0
2,4,not_(x[4]),True,not_(x[4]),0.20238095238095233,e9bf358728c366c73b72393d204b8cd2,0.20238095238095233,False,0.0
2,4,not_(x[6]),True,not_(x[6]),0.20238095238095233,c236778dc5683a72bff278f68dd0aee1,0.20238095238095233,False,0.0
2,4,not_(x[6]),True,not_(x[6]),0.20238095238095233,c236778dc5683a72bff278f68dd0aee1,0.20238095238095233,False,0.0
2,4,not_(x[6]),True,not_(x[6]),0.20238095238095233,c236778dc5683a72bff278f68dd0aee1,0.20238095238095233,False,0.0
2,4,not_(x[4]),True,not_(x[4]),0.20238095238095233,e9bf358728c366c73b72393d204b8cd2,0.20238095238095233,False,0.0
2,4,not_(x[6]),True,not_(x[6]),0.20238095238095233,c236778dc5683a72bff278f68dd0aee1,0.20238095238095233,False,0.0
2,4,not_(x[4]),True,not_(x[4]),0.20238095238095233,e9bf358728c366c73b72393d204b8cd2,0.20238095238095233,False,0.0
2,4,not_(x[6]),True,not_(x[6]),0.20238095238095233,c236778dc5683a72bff278f68dd0aee1,0.20238095238095233,False,0.0
2,4,not_(x[6]),True,not_(x[6]),0.20238095238095233,c236778dc5683a72bff278f68dd0aee1,0.20238095238095233,False,0.0
2,4,not_(x[4]),True,not_(x[4]),0.20238095238095233,e9bf358728c366c73b72393d204b8cd2,0.20238095238095233,False,0.0
2,4,not_(x[6]),True,not_(x[6]),0.20238095238095233,c236778dc5683a72bff278f68dd0aee1,0.20238095238095233,False,0.0
2,4,not_(x[6]),True,not_(x[6]),0.20238095238095233,c236778dc5683a72bff278f68dd0aee1,0.20238095238095233,False,0.0
2,4,not_(x[4]),True,not_(x[4]),0.20238095238095233,e9bf358728c366c73b72393d204b8cd2,0.20238095238095233,False,0.0
2,4,"less_than_or_equal(sub(add(x[0],x[5]),mul(x[2],x[0])),pdiv(mul(x[5],x[0]),add(x[2],x[3])))",True,"less_than_or_equal(sub(add(x[0],x[5]),mul(x[2],x[0])),pdiv(mul(x[5],x[0]),add(x[2],x[3])))",0.19047619047619047,58cc4f21233e882751aa955999da1daf,0.13636363636363635,True,-0.05411255411255411
2,5,not_(x[4]),True,not_(x[4]),0.20238095238095233,e9bf358728c366c73b72393d204b8cd2,0.20238095238095233,False,0.0
2,5,not_(x[4]),True,not_(x[4]),0.20238095238095233,e9bf358728c366c73b72393d204b8cd2,0.20238095238095233,False,0.0
2,5,not_(x[6]),True,not_(x[6]),0.20238095238095233,c236778dc5683a72bff278f68dd0aee1,0.20238095238095233,False,0.0
2,5,not_(x[4]),True,not_(x[4]),0.20238095238095233,e9bf358728c366c73b72393d204b8cd2,0.20238095238095233,False,0.0
2,5,not_(x[6]),True,not_(x[6]),0.20238095238095233,c236778dc5683a72bff278f68dd0aee1,0.20238095238095233,False,0.0
2,5,not_(x[6]),True,not_(x[6]),0.20238095238095233,c236778dc5683a72bff278f68dd0aee1,0.20238095238095233,False,0.0
2,5,not_(x[6]),True,not_(x[6]),0.20238095238095233,c236778dc5683a72bff278f68dd0aee1,0.20238095238095233,False,0.0
2,5,not_(x[6]),True,not_(x[6]),0.20238095238095233,c236778dc5683a72bff278f68dd0aee1,0.20238095238095233,False,0.0
2,5,not_(x[4]),True,not_(x[4]),0.20238095238095233,e9bf358728c366c73b72393d204b8cd2,0.20238095238095233,False,0.0
2,5,not_(x[6]),True,not_(x[6]),0.20238095238095233,c236778dc5683a72bff278f68dd0aee1,0.20238095238095233,False,0.0
2,5,not_(x[6]),True,not_(x[6]),0.20238095238095233,c236778dc5683a72bff278f68dd0aee1,0.20238095238095233,False,0.0
2,5,not_(x[4]),True,not_(x[4]),0.20238095238095233,e9bf358728c366c73b72393d204b8cd2,0.20238095238095233,False,0.0
2,5,not_(x[4]),True,not_(x[4]),0.20238095238095233,e9bf358728c366c73b72393d204b8cd2,0.20238095238095233,False,0.0
2,5,not_(x[4]),True,not_(x[4]),0.20238095238095233,e9bf358728c366c73b72393d204b8cd2,0.20238095238095233,False,0.0
2,5,not_(x[6]),True,not_(x[6]),0.20238095238095233,c236778dc5683a72bff278f68dd0aee1,0.20238095238095233,False,0.0
2,5,not_(x[6]),True,not_(x[6]),0.20238095238095233,c236778dc5683a72bff278f68dd0aee1,0.20238095238095233,False,0.0
2,5,not_(x[4]),True,not_(x[4]),0.20238095238095233,e9bf358728c366c73b72393d204b8cd2,0.20238095238095233,False,0.0
2,5,not_(x[6]),True,not_(x[6]),0.20238095238095233,c236778dc5683a72bff278f68dd0aee1,0.20238095238095233,False,0.0
2,5,"and_(x[6],x[6])",True,"or_(not_(greater_than_or_equal(x[3], x[3])),x[6])",0.7976190476190477,dabf352ca9fc16fe7897b3fa7e73f5cb,0.7976190476190477,False,0.0
2,5,not_(x[1]),True,"less_than_or_equal(53.67,mul(x[3],x[3]))",0.2142857142857143,2cece411320c1d56790d65c80cc8f440,0.22619047619047616,True,0.011904761904761862
2,5,not_(x[6]),True,not_(x[6]),0.20238095238095233,c236778dc5683a72bff278f68dd0aee1,0.20238095238095233,False,0.0
2,5,not_(x[6]),True,not_(x[6]),0.20238095238095233,c236778dc5683a72bff278f68dd0aee1,0.20238095238095233,False,0.0
2,5,not_(x[4]),True,not_(x[4]),0.20238095238095233,e9bf358728c366c73b72393d204b8cd2,0.20238095238095233,False,0.0
2,5,not_(x[6]),True,not_(x[6]),0.20238095238095233,c236778dc5683a72bff278f68dd0aee1,0.20238095238095233,False,0.0
2,5,not_(x[6]),True,not_(x[6]),0.20238095238095233,c236778dc5683a72bff278f68dd0aee1,0.20238095238095233,False,0.0
2,5,not_(x[4]),True,not_(x[4]),0.20238095238095233,e9bf358728c366c73b72393d204b8cd2,0.20238095238095233,False,0.0
2,5,not_(x[4]),True,not_(x[4]),0.20238095238095233,e9bf358728c366c73b72393d204b8cd2,0.20238095238095233,False,0.0
2,5,not_(x[4]),True,not_(x[4]),0.20238095238095233,e9bf358728c366c73b72393d204b8cd2,0.20238095238095233,False,0.0
2,5,not_(x[4]),True,not_(x[4]),0.20238095238095233,e9bf358728c366c73b72393d204b8cd2,0.20238095238095233,False,0.0
2,5,not_(x[6]),True,not_(x[6]),0.20238095238095233,c236778dc5683a72bff278f68dd0aee1,0.20238095238095233,False,0.0
2,5,not_(x[1]),True,"less_than_or_equal(53.67,mul(x[3],x[3]))",0.2142857142857143,2cece411320c1d56790d65c80cc8f440,0.22619047619047616,True,0.011904761904761862
2,5,not_(x[1]),True,"less_than_or_equal(53.67,mul(x[3],x[3]))",0.2142857142857143,2cece411320c1d56790d65c80cc8f440,0.22619047619047616,True,0.011904761904761862
2,5,not_(x[6]),True,not_(x[6]),0.20238095238095233,c236778dc5683a72bff278f68dd0aee1,0.20238095238095233,False,0.0
2,5,not_(x[4]),True,not_(x[4]),0.20238095238095233,e9bf358728c366c73b72393d204b8cd2,0.20238095238095233,False,0.0
2,5,not_(x[6]),True,not_(x[6]),0.20238095238095233,c236778dc5683a72bff278f68dd0aee1,0.20238095238095233,False,0.0
2,5,not_(x[6]),True,not_(x[6]),0.20238095238095233,c236778dc5683a72bff278f68dd0aee1,0.20238095238095233,False,0.0
2,5,not_(x[4]),True,not_(x[4]),0.20238095238095233,e9bf358728c366c73b72393d204b8cd2,0.20238095238095233,False,0.0
2,5,not_(x[6]),True,not_(x[6]),0.20238095238095233,c236778dc5683a72bff278f68dd0aee1,0.20238095238095233,False,0.0
2,5,not_(x[6]),True,not_(x[6]),0.20238095238095233,c236778dc5683a72bff278f68dd0aee1,0.20238095238095233,False,0.0
2,5,not_(x[6]),True,not_(x[6]),0.20238095238095233,c236778dc5683a72bff278f68dd0aee1,0.20238095238095233,False,0.0
2,5,not_(x[4]),True,not_(x[4]),0.20238095238095233,e9bf358728c366c73b72393d204b8cd2,0.20238095238095233,False,0.0
2,5,not_(x[6]),True,not_(x[6]),0.20238095238095233,c236778dc5683a72bff278f68dd0aee1,0.20238095238095233,False,0.0
2,5,not_(x[6]),True,not_(x[6]),0.20238095238095233,c236778dc5683a72bff278f68dd0aee1,0.20238095238095233,False,0.0
2,5,not_(x[6]),True,not_(x[6]),0.20238095238095233,c236778dc5683a72bff278f68dd0aee1,0.20238095238095233,False,0.0
2,5,not_(x[6]),True,not_(x[6]),0.20238095238095233,c236778dc5683a72bff278f68dd0aee1,0.20238095238095233,False,0.0
2,5,not_(x[6]),True,not_(x[6]),0.20238095238095233,c236778dc5683a72bff278f68dd0aee1,0.20238095238095233,False,0.0
2,5,not_(x[4]),True,not_(x[4]),0.20238095238095233,e9bf358728c366c73b72393d204b8cd2,0.20238095238095233,False,0.0
2,5,not_(x[4]),True,not_(x[4]),0.20238095238095233,e9bf358728c366c73b72393d204b8cd2,0.20238095238095233,False,0.0
2,5,not_(x[6]),True,not_(x[6]),0.20238095238095233,c236778dc5683a72bff278f68dd0aee1,0.20238095238095233,False,0.0
2,5,not_(x[6]),True,not_(x[6]),0.20238095238095233,c236778dc5683a72bff278f68dd0aee1,0.20238095238095233,False,0.0
2,5,not_(x[6]),True,not_(x[6]),0.20238095238095233,c236778dc5683a72bff278f68dd0aee1,0.20238095238095233,False,0.0
2,5,not_(x[4]),True,not_(x[4]),0.20238095238095233,e9bf358728c366c73b72393d204b8cd2,0.20238095238095233,False,0.0
2,5,not_(x[1]),True,"less_than_or_equal(53.67,mul(x[3],x[3]))",0.2142857142857143,2cece411320c1d56790d65c80cc8f440,0.22619047619047616,True,0.011904761904761862
2,5,not_(x[4]),True,not_(x[4]),0.20238095238095233,e9bf358728c366c73b72393d204b8cd2,0.20238095238095233,False,0.0
2,5,not_(x[4]),True,not_(x[4]),0.20238095238095233,e9bf358728c366c73b72393d204b8cd2,0.20238095238095233,False,0.0
2,5,not_(x[4]),True,not_(x[4]),0.20238095238095233,e9bf358728c366c73b72393d204b8cd2,0.20238095238095233,False,0.0
2,5,not_(x[6]),True,not_(x[6]),0.20238095238095233,c236778dc5683a72bff278f68dd0aee1,0.20238095238095233,False,0.0
2,5,not_(x[6]),True,not_(x[6]),0.20238095238095233,c236778dc5683a72bff278f68dd0aee1,0.20238095238095233,False,0.0
2,5,not_(x[6]),True,not_(x[6]),0.20238095238095233,c236778dc5683a72bff278f68dd0aee1,0.20238095238095233,False,0.0
2,5,not_(x[4]),True,not_(x[4]),0.20238095238095233,e9bf358728c366c73b72393d204b8cd2,0.20238095238095233,False,0.0
2,5,not_(x[4]),True,not_(x[4]),0.20238095238095233,e9bf358728c366c73b72393d204b8cd2,0.20238095238095233,False,0.0
2,5,"not_(and_(x[6],less_than_or_equal(x[3],mul(sub(x[2],x[0]),mul(x[2],x[2])))))",True,"less_than_or_equal(x[3],x[3])",0.7857142857142857,3352141c4f785c0403fcb33f533f7848,0.7619047619047619,True,-0.023809523809523836
2,5,not_(x[6]),True,not_(x[6]),0.20238095238095233,c236778dc5683a72bff278f68dd0aee1,0.20238095238095233,False,0.0
2,5,not_(x[6]),True,not_(x[6]),0.20238095238095233,c236778dc5683a72bff278f68dd0aee1,0.20238095238095233,False,0.0
2,5,not_(x[4]),True,not_(x[4]),0.20238095238095233,e9bf358728c366c73b72393d204b8cd2,0.20238095238095233,False,0.0
2,5,not_(x[4]),True,not_(x[4]),0.20238095238095233,e9bf358728c366c73b72393d204b8cd2,0.20238095238095233,False,0.0
2,5,not_(x[4]),True,not_(x[4]),0.20238095238095233,e9bf358728c366c73b72393d204b8cd2,0.20238095238095233,False,0.0
2,5,not_(x[6]),True,not_(x[6]),0.20238095238095233,c236778dc5683a72bff278f68dd0aee1,0.20238095238095233,False,0.0
2,5,not_(x[6]),True,not_(x[6]),0.20238095238095233,c236778dc5683a72bff278f68dd0aee1,0.20238095238095233,False,0.0
2,5,not_(x[6]),True,not_(x[6]),0.20238095238095233,c236778dc5683a72bff278f68dd0aee1,0.20238095238095233,False,0.0
2,5,not_(x[4]),True,not_(x[4]),0.20238095238095233,e9bf358728c366c73b72393d204b8cd2,0.20238095238095233,False,0.0
2,5,not_(x[6]),True,not_(x[6]),0.20238095238095233,c236778dc5683a72bff278f68dd0aee1,0.20238095238095233,False,0.0
2,5,not_(x[4]),True,not_(x[4]),0.20238095238095233,e9bf358728c366c73b72393d204b8cd2,0.20238095238095233,False,0.0
2,5,not_(x[6]),True,not_(x[6]),0.20238095238095233,c236778dc5683a72bff278f68dd0aee1,0.20238095238095233,False,0.0
2,5,not_(x[6]),True,not_(x[6]),0.20238095238095233,c236778dc5683a72bff278f68dd0aee1,0.20238095238095233,False,0.0
2,5,not_(x[6]),True,not_(x[6]),0.20238095238095233,c236778dc5683a72bff278f68dd0aee1,0.20238095238095233,False,0.0
2,5,not_(x[6]),True,not_(x[6]),0.20238095238095233,c236778dc5683a72bff278f68dd0aee1,0.20238095238095233,False,0.0
2,5,not_(x[6]),True,not_(x[6]),0.20238095238095233,c236778dc5683a72bff278f68dd0aee1,0.20238095238095233,False,0.0
2,5,not_(x[4]),True,not_(x[4]),0.20238095238095233,e9bf358728c366c73b72393d204b8cd2,0.20238095238095233,False,0.0
2,5,"not_(or_(x[6],less_than_or_equal(x[0],x[3])))",True,"less_than_or_equal(53.67,mul(x[3],x[3]))",0.2142857142857143,2cece411320c1d56790d65c80cc8f440,0.2142857142857143,False,0.0
2,5,not_(x[6]),True,not_(x[6]),0.20238095238095233,c236778dc5683a72bff278f68dd0aee1,0.20238095238095233,False,0.0
2,5,not_(x[6]),True,not_(x[6]),0.20238095238095233,c236778dc5683a72bff278f68dd0aee1,0.20238095238095233,False,0.0
2,5,not_(x[6]),True,not_(x[6]),0.20238095238095233,c236778dc5683a72bff278f68dd0aee1,0.20238095238095233,False,0.0
2,5,not_(x[6]),True,not_(x[6]),0.20238095238095233,c236778dc5683a72bff278f68dd0aee1,0.20238095238095233,False,0.0
2,5,not_(x[4]),True,not_(x[4]),0.20238095238095233,e9bf358728c366c73b72393d204b8cd2,0.20238095238095233,False,0.0
2,5,not_(x[4]),True,not_(x[4]),0.20238095238095233,e9bf358728c366c73b72393d204b8cd2,0.20238095238095233,False,0.0
2,5,not_(x[6]),True,not_(x[6]),0.20238095238095233,c236778dc5683a72bff278f68dd0aee1,0.20238095238095233,False,0.0
2,5,not_(x[6]),True,not_(x[6]),0.20238095238095233,c236778dc5683a72bff278f68dd0aee1,0.20238095238095233,False,0.0
2,5,not_(x[6]),True,not_(x[6]),0.20238095238095233,c236778dc5683a72bff278f68dd0aee1,0.20238095238095233,False,0.0
2,5,not_(x[4]),True,not_(x[4]),0.20238095238095233,e9bf358728c366c73b72393d204b8cd2,0.20238095238095233,False,0.0
2,5,not_(x[4]),True,not_(x[4]),0.20238095238095233,e9bf358728c366c73b72393d204b8cd2,0.20238095238095233,False,0.0
2,5,not_(x[4]),True,not_(x[4]),0.20238095238095233,e9bf358728c366c73b72393d204b8cd2,0.20238095238095233,False,0.0
2,5,not_(x[6]),True,not_(x[6]),0.20238095238095233,c236778dc5683a72bff278f68dd0aee1,0.20238095238095233,False,0.0
2,5,"not_(or_(x[4],less_than_or_equal(mul(x[0],mul(x[2],x[0])),pdiv(mul(x[5],x[0]),add(x[2],x[3])))))",True,"less_than_or_equal(53.67,mul(x[3],x[3]))",0.2142857142857143,2cece411320c1d56790d65c80cc8f440,0.22619047619047616,True,0.011904761904761862
2,5,not_(x[6]),True,not_(x[6]),0.20238095238095233,c236778dc5683a72bff278f68dd0aee1,0.20238095238095233,False,0.0
2,5,not_(x[6]),True,not_(x[6]),0.20238095238095233,c236778dc5683a72bff278f68dd0aee1,0.20238095238095233,False,0.0
2,5,not_(x[6]),True,not_(x[6]),0.20238095238095233,c236778dc5683a72bff278f68dd0aee1,0.20238095238095233,False,0.0
2,5,not_(x[6]),True,not_(x[6]),0.20238095238095233,c236778dc5683a72bff278f68dd0aee1,0.20238095238095233,False,0.0
2,5,not_(x[6]),True,not_(x[6]),0.20238095238095233,c236778dc5683a72bff278f68dd0aee1,0.20238095238095233,False,0.0
2,5,not_(x[6]),True,not_(x[6]),0.20238095238095233,c236778dc5683a72bff278f68dd0aee1,0.20238095238095233,False,0.0
2,5,not_(x[4]),True,not_(x[4]),0.20238095238095233,e9bf358728c366c73b72393d204b8cd2,0.20238095238095233,False,0.0
2,5,not_(x[4]),True,not_(x[4]),0.20238095238095233,e9bf358728c366c73b72393d204b8cd2,0.20238095238095233,False,0.0
2,5,not_(x[4]),True,not_(x[4]),0.20238095238095233,e9bf358728c366c73b72393d204b8cd2,0.20238095238095233,False,0.0
2,5,not_(x[6]),True,not_(x[6]),0.20238095238095233,c236778dc5683a72bff278f68dd0aee1,0.20238095238095233,False,0.0
2,5,not_(x[6]),True,not_(x[6]),0.20238095238095233,c236778dc5683a72bff278f68dd0aee1,0.20238095238095233,False,0.0
2,5,not_(x[4]),True,not_(x[4]),0.20238095238095233,e9bf358728c366c73b72393d204b8cd2,0.20238095238095233,False,0.0
2,5,not_(x[6]),True,not_(x[6]),0.20238095238095233,c236778dc5683a72bff278f68dd0aee1,0.20238095238095233,False,0.0
2,5,not_(not_(x[6])),True,"or_(not_(greater_than_or_equal(x[3], x[3])),x[6])",0.7976190476190477,dabf352ca9fc16fe7897b3fa7e73f5cb,0.7976190476190477,False,0.0
2,5,"or_(x[4],less_than_or_equal(x[3],add(mul(x[2],x[0]),pdiv(mul(x[5],x[0]),add(x[2],x[3])))))",True,"less_than_or_equal(x[3],x[3])",0.7857142857142857,3352141c4f785c0403fcb33f533f7848,0.7857142857142857,False,0.0
2,5,not_(x[6]),True,not_(x[6]),0.20238095238095233,c236778dc5683a72bff278f68dd0aee1,0.20238095238095233,False,0.0
2,5,not_(x[6]),True,not_(x[6]),0.20238095238095233,c236778dc5683a72bff278f68dd0aee1,0.20238095238095233,False,0.0
2,5,not_(x[1]),True,"less_than_or_equal(53.67,mul(x[3],x[3]))",0.2142857142857143,2cece411320c1d56790d65c80cc8f440,0.22619047619047616,True,0.011904761904761862
2,5,not_(x[6]),True,not_(x[6]),0.20238095238095233,c236778dc5683a72bff278f68dd0aee1,0.20238095238095233,False,0.0
2,5,not_(x[6]),True,not_(x[6]),0.20238095238095233,c236778dc5683a72bff278f68dd0aee1,0.20238095238095233,False,0.0
2,5,not_(x[4]),True,not_(x[4]),0.20238095238095233,e9bf358728c366c73b72393d204b8cd2,0.20238095238095233,False,0.0
2,5,not_(x[6]),True,not_(x[6]),0.20238095238095233,c236778dc5683a72bff278f68dd0aee1,0.20238095238095233,False,0.0
2,5,not_(x[6]),True,not_(x[6]),0.20238095238095233,c236778dc5683a72bff278f68dd0aee1,0.20238095238095233,False,0.0
2,5,not_(x[6]),True,not_(x[6]),0.20238095238095233,c236778dc5683a72bff278f68dd0aee1,0.20238095238095233,False,0.0
2,5,not_(x[4]),True,not_(x[4]),0.20238095238095233,e9bf358728c366c73b72393d204b8cd2,0.20238095238095233,False,0.0
2,5,not_(x[6]),True,not_(x[6]),0.20238095238095233,c236778dc5683a72bff278f68dd0aee1,0.20238095238095233,False,0.0
2,5,not_(x[1]),True,"less_than_or_equal(53.67,mul(x[3],x[3]))",0.2142857142857143,2cece411320c1d56790d65c80cc8f440,0.22619047619047616,True,0.011904761904761862
2,5,not_(x[6]),True,not_(x[6]),0.20238095238095233,c236778dc5683a72bff278f68dd0aee1,0.20238095238095233,False,0.0
2,5,"less_than_or_equal(x[0],x[2])",False,,,4e35cb31c50320a58f84a11fa96aa33a,0.6309523809523809,False,0.0
2,5,not_(x[6]),True,not_(x[6]),0.20238095238095233,c236778dc5683a72bff278f68dd0aee1,0.20238095238095233,False,0.0
2,5,not_(x[6]),True,not_(x[6]),0.20238095238095233,c236778dc5683a72bff278f68dd0aee1,0.20238095238095233,False,0.0
2,5,not_(x[4]),True,not_(x[4]),0.20238095238095233,e9bf358728c366c73b72393d204b8cd2,0.20238095238095233,False,0.0
2,5,not_(x[4]),True,not_(x[4]),0.20238095238095233,e9bf358728c366c73b72393d204b8cd2,0.20238095238095233,False,0.0
2,5,not_(x[6]),True,not_(x[6]),0.20238095238095233,c236778dc5683a72bff278f68dd0aee1,0.20238095238095233,False,0.0
2,5,not_(x[6]),True,not_(x[6]),0.20238095238095233,c236778dc5683a72bff278f68dd0aee1,0.20238095238095233,False,0.0
2,5,not_(x[4]),True,not_(x[4]),0.20238095238095233,e9bf358728c366c73b72393d204b8cd2,0.20238095238095233,False,0.0
2,5,not_(x[6]),True,not_(x[6]),0.20238095238095233,c236778dc5683a72bff278f68dd0aee1,0.20238095238095233,False,0.0
2,5,"less_than_or_equal(sub(add(x[0],x[5]),mul(x[2],x[0])),pdiv(mul(x[5],x[0]),add(x[2],x[3])))",True,"less_than_or_equal(sub(add(x[0],x[5]),mul(x[2],x[0])),pdiv(mul(x[5],x[0]),add(x[2],x[3])))",0.19047619047619047,58cc4f21233e882751aa955999da1daf,0.19047619047619047,False,0.0
2,5,not_(x[6]),True,not_(x[6]),0.20238095238095233,c236778dc5683a72bff278f68dd0aee1,0.20238095238095233,False,0.0
2,5,not_(x[4]),True,not_(x[4]),0.20238095238095233,e9bf358728c366c73b72393d204b8cd2,0.20238095238095233,False,0.0
2,5,not_(x[6]),True,not_(x[6]),0.20238095238095233,c236778dc5683a72bff278f68dd0aee1,0.20238095238095233,False,0.0
2,5,not_(x[6]),True,not_(x[6]),0.20238095238095233,c236778dc5683a72bff278f68dd0aee1,0.20238095238095233,False,0.0
2,5,not_(x[4]),True,not_(x[4]),0.20238095238095233,e9bf358728c366c73b72393d204b8cd2,0.20238095238095233,False,0.0
2,5,not_(x[6]),True,not_(x[6]),0.20238095238095233,c236778dc5683a72bff278f68dd0aee1,0.20238095238095233,False,0.0
2,5,not_(x[6]),True,not_(x[6]),0.20238095238095233,c236778dc5683a72bff278f68dd0aee1,0.20238095238095233,False,0.0
2,5,not_(x[6]),True,not_(x[6]),0.20238095238095233,c236778dc5683a72bff278f68dd0aee1,0.20238095238095233,False,0.0
2,5,not_(x[4]),True,not_(x[4]),0.20238095238095233,e9bf358728c366c73b72393d204b8cd2,0.20238095238095233,False,0.0
2,5,not_(x[4]),True,not_(x[4]),0.20238095238095233,e9bf358728c366c73b72393d204b8cd2,0.20238095238095233,False,0.0
2,5,not_(x[4]),True,not_(x[4]),0.20238095238095233,e9bf358728c366c73b72393d204b8cd2,0.20238095238095233,False,0.0
2,5,not_(x[6]),True,not_(x[6]),0.20238095238095233,c236778dc5683a72bff278f68dd0aee1,0.20238095238095233,False,0.0
2,5,not_(x[6]),True,not_(x[6]),0.20238095238095233,c236778dc5683a72bff278f68dd0aee1,0.20238095238095233,False,0.0
2,5,not_(x[6]),True,not_(x[6]),0.20238095238095233,c236778dc5683a72bff278f68dd0aee1,0.20238095238095233,False,0.0
2,5,"greater_than_or_equal(sub(x[3],x[3]), add(mul(x[2],x[0]),pdiv(mul(x[5],x[0]),add(x[2],mul(x[2],add(x[3],sub(x[2],x[2])))))))",True,"less_than_or_equal(53.67,mul(x[3],x[3]))",0.2142857142857143,2cece411320c1d56790d65c80cc8f440,0.2142857142857143,False,0.0
2,5,not_(x[6]),True,not_(x[6]),0.20238095238095233,c236778dc5683a72bff278f68dd0aee1,0.20238095238095233,False,0.0
2,5,not_(x[1]),True,"less_than_or_equal(53.67,mul(x[3],x[3]))",0.2142857142857143,2cece411320c1d56790d65c80cc8f440,0.22619047619047616,True,0.011904761904761862
2,5,not_(x[6]),True,not_(x[6]),0.20238095238095233,c236778dc5683a72bff278f68dd0aee1,0.20238095238095233,False,0.0
2,5,not_(x[6]),True,not_(x[6]),0.20238095238095233,c236778dc5683a72bff278f68dd0aee1,0.20238095238095233,False,0.0
2,5,not_(x[4]),True,not_(x[4]),0.20238095238095233,e9bf358728c366c73b72393d204b8cd2,0.20238095238095233,False,0.0
2,5,not_(x[6]),True,not_(x[6]),0.20238095238095233,c236778dc5683a72bff278f68dd0aee1,0.20238095238095233,False,0.0
2,5,not_(x[6]),True,not_(x[6]),0.20238095238095233,c236778dc5683a72bff278f68dd0aee1,0.20238095238095233,False,0.0
2,5,not_(x[6]),True,not_(x[6]),0.20238095238095233,c236778dc5683a72bff278f68dd0aee1,0.20238095238095233,False,0.0
2,5,"less_than_or_equal(sub(add(x[0],x[5]),mul(98.87,x[5])),x[0])",True,"less_than_or_equal(x[3],x[3])",0.7857142857142857,3352141c4f785c0403fcb33f533f7848,0.7857142857142857,False,0.0
2,5,not_(x[6]),True,not_(x[6]),0.20238095238095233,c236778dc5683a72bff278f68dd0aee1,0.20238095238095233,False,0.0
2,5,"less_than_or_equal(sub(add(x[0],x[5]),mul(x[2],x[0])),pdiv(mul(x[5],x[2]),add(x[2],x[3])))",True,not_(x[6]),0.20238095238095233,c236778dc5683a72bff278f68dd0aee1,0.20238095238095233,False,0.0
2,5,not_(x[4]),True,not_(x[4]),0.20238095238095233,e9bf358728c366c73b72393d204b8cd2,0.20238095238095233,False,0.0
2,5,not_(x[6]),True,not_(x[6]),0.20238095238095233,c236778dc5683a72bff278f68dd0aee1,0.20238095238095233,False,0.0
2,5,not_(x[6]),True,not_(x[6]),0.20238095238095233,c236778dc5683a72bff278f68dd0aee1,0.20238095238095233,False,0.0
2,5,not_(x[4]),True,not_(x[4]),0.20238095238095233,e9bf358728c366c73b72393d204b8cd2,0.20238095238095233,False,0.0
2,5,"greater_than_or_equal(sub(sub(x[2],x[5]),x[5]), pdiv(x[3],x[5]))",True,"less_than_or_equal(53.67,mul(x[3],x[3]))",0.2142857142857143,2cece411320c1d56790d65c80cc8f440,0.2142857142857143,False,0.0
2,5,not_(x[6]),True,not_(x[6]),0.20238095238095233,c236778dc5683a72bff278f68dd0aee1,0.20238095238095233,False,0.0
2,5,not_(x[4]),True,not_(x[4]),0.20238095238095233,e9bf358728c366c73b72393d204b8cd2,0.20238095238095233,False,0.0
2,5,not_(x[6]),True,not_(x[6]),0.20238095238095233,c236778dc5683a72bff278f68dd0aee1,0.20238095238095233,False,0.0
2,5,not_(x[6]),True,not_(x[6]),0.20238095238095233,c236778dc5683a72bff278f68dd0aee1,0.20238095238095233,False,0.0
2,5,not_(x[6]),True,not_(x[6]),0.20238095238095233,c236778dc5683a72bff278f68dd0aee1,0.20238095238095233,False,0.0
2,5,not_(x[4]),True,not_(x[4]),0.20238095238095233,e9bf358728c366c73b72393d204b8cd2,0.20238095238095233,False,0.0
2,5,not_(x[6]),True,not_(x[6]),0.20238095238095233,c236778dc5683a72bff278f68dd0aee1,0.20238095238095233,False,0.0
2,5,not_(x[6]),True,not_(x[6]),0.20238095238095233,c236778dc5683a72bff278f68dd0aee1,0.20238095238095233,False,0.0
2,5,not_(x[6]),True,not_(x[6]),0.20238095238095233,c236778dc5683a72bff278f68dd0aee1,0.20238095238095233,False,0.0
2,5,not_(x[4]),True,not_(x[4]),0.20238095238095233,e9bf358728c366c73b72393d204b8cd2,0.20238095238095233,False,0.0
2,5,not_(x[1]),True,"less_than_or_equal(53.67,mul(x[3],x[3]))",0.2142857142857143,2cece411320c1d56790d65c80cc8f440,0.22619047619047616,True,0.011904761904761862
2,5,not_(x[6]),True,not_(x[6]),0.20238095238095233,c236778dc5683a72bff278f68dd0aee1,0.20238095238095233,False,0.0
2,5,not_(x[6]),True,not_(x[6]),0.20238095238095233,c236778dc5683a72bff278f68dd0aee1,0.20238095238095233,False,0.0
2,5,not_(x[4]),True,not_(x[4]),0.20238095238095233,e9bf358728c366c73b72393d204b8cd2,0.20238095238095233,False,0.0
2,5,not_(x[6]),True,not_(x[6]),0.20238095238095233,c236778dc5683a72bff278f68dd0aee1,0.20238095238095233,False,0.0
2,5,"less_than_or_equal(sub(add(x[0],x[5]),mul(x[5],x[0])),pdiv(mul(x[5],x[5]),add(x[3],mul(sub(x[2],x[0]),mul(x[2],x[2])))))",False,,,3f277e32234eed5580ccd70393dc182a,0.75,False,0.0
2,5,not_(x[6]),True,not_(x[6]),0.20238095238095233,c236778dc5683a72bff278f68dd0aee1,0.20238095238095233,False,0.0
2,5,not_(x[6]),True,not_(x[6]),0.20238095238095233,c236778dc5683a72bff278f68dd0aee1,0.20238095238095233,False,0.0
2,5,not_(x[6]),True,not_(x[6]),0.20238095238095233,c236778dc5683a72bff278f68dd0aee1,0.20238095238095233,False,0.0
2,5,not_(x[6]),True,not_(x[6]),0.20238095238095233,c236778dc5683a72bff278f68dd0aee1,0.20238095238095233,False,0.0
2,5,not_(x[6]),True,not_(x[6]),0.20238095238095233,c236778dc5683a72bff278f68dd0aee1,0.20238095238095233,False,0.0
2,5,"less_than_or_equal(sub(add(x[0],x[5]),mul(x[2],x[0])),pdiv(mul(x[5],x[2]),x[0]))",False,,,167dbac3e473e06cb1de2a429acd206f,0.26190476190476186,False,0.0
2,5,not_(x[6]),True,not_(x[6]),0.20238095238095233,c236778dc5683a72bff278f68dd0aee1,0.20238095238095233,False,0.0
2,5,not_(x[6]),True,not_(x[6]),0.20238095238095233,c236778dc5683a72bff278f68dd0aee1,0.20238095238095233,False,0.0
2,5,not_(x[6]),True,not_(x[6]),0.20238095238095233,c236778dc5683a72bff278f68dd0aee1,0.20238095238095233,False,0.0
2,5,not_(x[4]),True,not_(x[4]),0.20238095238095233,e9bf358728c366c73b72393d204b8cd2,0.20238095238095233,False,0.0
2,5,not_(x[6]),True,not_(x[6]),0.20238095238095233,c236778dc5683a72bff278f68dd0aee1,0.20238095238095233,False,0.0
2,5,not_(x[6]),True,not_(x[6]),0.20238095238095233,c236778dc5683a72bff278f68dd0aee1,0.20238095238095233,False,0.0
2,5,not_(x[6]),True,not_(x[6]),0.20238095238095233,c236778dc5683a72bff278f68dd0aee1,0.20238095238095233,False,0.0
2,5,not_(x[6]),True,not_(x[6]),0.20238095238095233,c236778dc5683a72bff278f68dd0aee1,0.20238095238095233,False,0.0
2,5,not_(x[6]),True,not_(x[6]),0.20238095238095233,c236778dc5683a72bff278f68dd0aee1,0.20238095238095233,False,0.0
2,5,not_(x[4]),True,not_(x[4]),0.20238095238095233,e9bf358728c366c73b72393d204b8cd2,0.20238095238095233,False,0.0
2,5,not_(x[6]),True,not_(x[6]),0.20238095238095233,c236778dc5683a72bff278f68dd0aee1,0.20238095238095233,False,0.0
2,5,not_(x[6]),True,not_(x[6]),0.20238095238095233,c236778dc5683a72bff278f68dd0aee1,0.20238095238095233,False,0.0
2,5,not_(x[6]),True,not_(x[6]),0.20238095238095233,c236778dc5683a72bff278f68dd0aee1,0.20238095238095233,False,0.0
2,5,not_(x[6]),True,not_(x[6]),0.20238095238095233,c236778dc5683a72bff278f68dd0aee1,0.20238095238095233,False,0.0
2,5,not_(x[6]),True,not_(x[6]),0.20238095238095233,c236778dc5683a72bff278f68dd0aee1,0.20238095238095233,False,0.0
2,5,not_(x[6]),True,not_(x[6]),0.20238095238095233,c236778dc5683a72bff278f68dd0aee1,0.20238095238095233,False,0.0
2,5,not_(x[4]),True,not_(x[4]),0.20238095238095233,e9bf358728c366c73b72393d204b8cd2,0.20238095238095233,False,0.0
2,5,not_(x[6]),True,not_(x[6]),0.20238095238095233,c236778dc5683a72bff278f68dd0aee1,0.20238095238095233,False,0.0
2,5,"less_than_or_equal(sub(add(x[3],pdiv(sub(mul(x[2],x[3]),sub(x[2],x[0])),add(mul(x[0],x[2]),pdiv(x[0],x[3])))),x[2]),x[0])",True,"greater_than_or_equal(add(add(x[0],x[2]),sub(x[0],x[3])), add(mul(x[0],x[2]),mul(x[3],x[5])))",0.75,6f8512eed0dd5c5cb035ed87664a0537,0.7380952380952381,True,-0.011904761904761862
2,5,not_(x[4]),True,not_(x[4]),0.20238095238095233,e9bf358728c366c73b72393d204b8cd2,0.20238095238095233,False,0.0
2,5,"less_than_or_equal(sub(add(x[0],x[5]),mul(x[2],x[0])),pdiv(mul(x[5],x[0]),add(x[2],x[3])))",True,"less_than_or_equal(sub(add(x[0],x[5]),mul(x[2],x[0])),pdiv(mul(x[5],x[0]),add(x[2],x[3])))",0.19047619047619047,58cc4f21233e882751aa955999da1daf,0.13636363636363635,True,-0.05411255411255411
2,6,not_(x[4]),True,not_(x[4]),0.20238095238095233,e9bf358728c366c73b72393d204b8cd2,0.20238095238095233,False,0.0
2,6,not_(x[6]),True,not_(x[6]),0.20238095238095233,c236778dc5683a72bff278f68dd0aee1,0.20238095238095233,False,0.0
2,6,not_(x[6]),True,not_(x[6]),0.20238095238095233,c236778dc5683a72bff278f68dd0aee1,0.20238095238095233,False,0.0
2,6,not_(x[6]),True,not_(x[6]),0.20238095238095233,c236778dc5683a72bff278f68dd0aee1,0.20238095238095233,False,0.0
2,6,not_(x[6]),True,not_(x[6]),0.20238095238095233,c236778dc5683a72bff278f68dd0aee1,0.20238095238095233,False,0.0
2,6,not_(x[6]),True,not_(x[6]),0.20238095238095233,c236778dc5683a72bff278f68dd0aee1,0.20238095238095233,False,0.0
2,6,not_(x[6]),True,not_(x[6]),0.20238095238095233,c236778dc5683a72bff278f68dd0aee1,0.20238095238095233,False,0.0
2,6,not_(x[6]),True,not_(x[6]),0.20238095238095233,c236778dc5683a72bff278f68dd0aee1,0.20238095238095233,False,0.0
2,6,not_(x[6]),True,not_(x[6]),0.20238095238095233,c236778dc5683a72bff278f68dd0aee1,0.20238095238095233,False,0.0
2,6,not_(x[6]),True,not_(x[6]),0.20238095238095233,c236778dc5683a72bff278f68dd0aee1,0.20238095238095233,False,0.0
2,6,not_(x[6]),True,not_(x[6]),0.20238095238095233,c236778dc5683a72bff278f68dd0aee1,0.20238095238095233,False,0.0
2,6,not_(x[6]),True,not_(x[6]),0.20238095238095233,c236778dc5683a72bff278f68dd0aee1,0.20238095238095233,False,0.0
2,6,not_(x[6]),True,not_(x[6]),0.20238095238095233,c236778dc5683a72bff278f68dd0aee1,0.20238095238095233,False,0.0
2,6,not_(x[6]),True,not_(x[6]),0.20238095238095233,c236778dc5683a72bff278f68dd0aee1,0.20238095238095233,False,0.0
2,6,not_(x[6]),True,not_(x[6]),0.20238095238095233,c236778dc5683a72bff278f68dd0aee1,0.20238095238095233,False,0.0
2,6,not_(x[6]),True,not_(x[6]),0.20238095238095233,c236778dc5683a72bff278f68dd0aee1,0.20238095238095233,False,0.0
2,6,not_(x[4]),True,not_(x[4]),0.20238095238095233,e9bf358728c366c73b72393d204b8cd2,0.20238095238095233,False,0.0
2,6,not_(x[6]),True,not_(x[6]),0.20238095238095233,c236778dc5683a72bff278f68dd0aee1,0.20238095238095233,False,0.0
2,6,"not_(and_(x[6],x[6]))",True,not_(x[6]),0.20238095238095233,c236778dc5683a72bff278f68dd0aee1,0.20238095238095233,False,0.0
2,6,not_(x[6]),True,not_(x[6]),0.20238095238095233,c236778dc5683a72bff278f68dd0aee1,0.20238095238095233,False,0.0
2,6,not_(x[6]),True,not_(x[6]),0.20238095238095233,c236778dc5683a72bff278f68dd0aee1,0.20238095238095233,False,0.0
2,6,"less_than_or_equal(sub(add(x[0],x[5]),mul(x[2],x[0])),pdiv(mul(x[5],x[5]),x[0]))",False,,,8f7deb0a283810c6858809ba3fe6a4a5,0.6190476190476191,False,0.0
2,6,not_(x[4]),True,not_(x[4]),0.20238095238095233,e9bf358728c366c73b72393d204b8cd2,0.20238095238095233,False,0.0
2,6,not_(x[4]),True,not_(x[4]),0.20238095238095233,e9bf358728c366c73b72393d204b8cd2,0.20238095238095233,False,0.0
2,6,not_(x[6]),True,not_(x[6]),0.20238095238095233,c236778dc5683a72bff278f68dd0aee1,0.20238095238095233,False,0.0
2,6,not_(x[6]),True,not_(x[6]),0.20238095238095233,c236778dc5683a72bff278f68dd0aee1,0.20238095238095233,False,0.0
2,6,not_(x[6]),True,not_(x[6]),0.20238095238095233,c236778dc5683a72bff278f68dd0aee1,0.20238095238095233,False,0.0
2,6,not_(x[6]),True,not_(x[6]),0.20238095238095233,c236778dc5683a72bff278f68dd0aee1,0.20238095238095233,False,0.0
2,6,not_(x[6]),True,not_(x[6]),0.20238095238095233,c236778dc5683a72bff278f68dd0aee1,0.20238095238095233,False,0.0
2,6,not_(x[4]),True,not_(x[4]),0.20238095238095233,e9bf358728c366c73b72393d204b8cd2,0.20238095238095233,False,0.0
2,6,not_(x[6]),True,not_(x[6]),0.20238095238095233,c236778dc5683a72bff278f68dd0aee1,0.20238095238095233,False,0.0
2,6,not_(x[4]),True,not_(x[4]),0.20238095238095233,e9bf358728c366c73b72393d204b8cd2,0.20238095238095233,False,0.0
2,6,x[6],True,x[6],0.7976190476190477,5dd9d7c24dce7ece1d734bf6c32f4813,0.7976190476190477,False,0.0
2,6,not_(x[4]),True,not_(x[4]),0.20238095238095233,e9bf358728c366c73b72393d204b8cd2,0.20238095238095233,False,0.0
2,6,not_(x[4]),True,not_(x[4]),0.20238095238095233,e9bf358728c366c73b72393d204b8cd2,0.20238095238095233,False,0.0
2,6,not_(x[6]),True,not_(x[6]),0.20238095238095233,c236778dc5683a72bff278f68dd0aee1,0.20238095238095233,False,0.0
2,6,not_(x[6]),True,not_(x[6]),0.20238095238095233,c236778dc5683a72bff278f68dd0aee1,0.20238095238095233,False,0.0
2,6,not_(x[6]),True,not_(x[6]),0.20238095238095233,c236778dc5683a72bff278f68dd0aee1,0.20238095238095233,False,0.0
2,6,not_(x[6]),True,not_(x[6]),0.20238095238095233,c236778dc5683a72bff278f68dd0aee1,0.20238095238095233,False,0.0
2,6,not_(x[6]),True,not_(x[6]),0.20238095238095233,c236778dc5683a72bff278f68dd0aee1,0.20238095238095233,False,0.0
2,6,not_(x[4]),True,not_(x[4]),0.20238095238095233,e9bf358728c366c73b72393d204b8cd2,0.20238095238095233,False,0.0
2,6,not_(x[6]),True,not_(x[6]),0.20238095238095233,c236778dc5683a72bff278f68dd0aee1,0.20238095238095233,False,0.0
2,6,not_(x[6]),True,not_(x[6]),0.20238095238095233,c236778dc5683a72bff278f68dd0aee1,0.20238095238095233,False,0.0
2,6,not_(x[6]),True,not_(x[6]),0.20238095238095233,c236778dc5683a72bff278f68dd0aee1,0.20238095238095233,False,0.0
2,6,not_(x[6]),True,not_(x[6]),0.20238095238095233,c236778dc5683a72bff278f68dd0aee1,0.20238095238095233,False,0.0
2,6,"and_(x[6],x[6])",True,"or_(not_(greater_than_or_equal(x[3], x[3])),x[6])",0.7976190476190477,dabf352ca9fc16fe7897b3fa7e73f5cb,0.7976190476190477,False,0.0
2,6,not_(x[6]),True,not_(x[6]),0.20238095238095233,c236778dc5683a72bff278f68dd0aee1,0.20238095238095233,False,0.0
2,6,not_(x[4]),True,not_(x[4]),0.20238095238095233,e9bf358728c366c73b72393d204b8cd2,0.20238095238095233,False,0.0
2,6,not_(x[6]),True,not_(x[6]),0.20238095238095233,c236778dc5683a72bff278f68dd0aee1,0.20238095238095233,False,0.0
2,6,not_(x[4]),True,not_(x[4]),0.20238095238095233,e9bf358728c366c73b72393d204b8cd2,0.20238095238095233,False,0.0
2,6,"less_than_or_equal(mul(x[5],add(x[0],x[5])),mul(x[2],x[0]))",True,"less_than_or_equal(53.67,mul(x[3],x[3]))",0.2142857142857143,2cece411320c1d56790d65c80cc8f440,0.22619047619047616,True,0.011904761904761862
2,6,not_(x[4]),True,not_(x[4]),0.20238095238095233,e9bf358728c366c73b72393d204b8cd2,0.20238095238095233,False,0.0
2,6,not_(x[6]),True,not_(x[6]),0.20238095238095233,c236778dc5683a72bff278f68dd0aee1,0.20238095238095233,False,0.0
2,6,not_(x[6]),True,not_(x[6]),0.20238095238095233,c236778dc5683a72bff278f68dd0aee1,0.20238095238095233,False,0.0
2,6,"not_(or_(x[6],x[6]))",True,not_(x[6]),0.20238095238095233,c236778dc5683a72bff278f68dd0aee1,0.20238095238095233,False,0.0
2,6,not_(x[4]),True,not_(x[4]),0.20238095238095233,e9bf358728c366c73b72393d204b8cd2,0.20238095238095233,False,0.0
2,6,"less_than_or_equal(sub(add(x[0],x[5]),mul(x[3],x[0])),x[3])",True,"not_(greater_than_or_equal(add(x[5],x[0]), x[3]))",0.2142857142857143,19748f61bf98b56966aabd621012162c,0.25,True,0.0357142857142857
2,6,not_(x[6]),True,not_(x[6]),0.20238095238095233,c236778dc5683a72bff278f68dd0aee1,0.20238095238095233,False,0.0
2,6,not_(x[4]),True,not_(x[4]),0.20238095238095233,e9bf358728c366c73b72393d204b8cd2,0.20238095238095233,False,0.0
2,6,not_(x[4]),True,not_(x[4]),0.20238095238095233,e9bf358728c366c73b72393d204b8cd2,0.20238095238095233,False,0.0
2,6,not_(x[4]),True,not_(x[4]),0.20238095238095233,e9bf358728c366c73b72393d204b8cd2,0.20238095238095233,False,0.0
2,6,"not_(or_(x[6],x[6]))",True,not_(x[6]),0.20238095238095233,c236778dc5683a72bff278f68dd0aee1,0.20238095238095233,False,0.0
2,6,not_(x[4]),True,not_(x[4]),0.20238095238095233,e9bf358728c366c73b72393d204b8cd2,0.20238095238095233,False,0.0
2,6,not_(x[4]),True,not_(x[4]),0.20238095238095233,e9bf358728c366c73b72393d204b8cd2,0.20238095238095233,False,0.0
2,6,not_(x[6]),True,not_(x[6]),0.20238095238095233,c236778dc5683a72bff278f68dd0aee1,0.20238095238095233,False,0.0
2,6,not_(x[4]),True,not_(x[4]),0.20238095238095233,e9bf358728c366c73b72393d204b8cd2,0.20238095238095233,False,0.0
2,6,not_(x[6]),True,not_(x[6]),0.20238095238095233,c236778dc5683a72bff278f68dd0aee1,0.20238095238095233,False,0.0
2,6,"less_than_or_equal(sub(add(x[0],x[5]),mul(x[2],x[0])),pdiv(mul(x[5],x[5]),add(x[0],x[5])))",True,not_(x[6]),0.20238095238095233,c236778dc5683a72bff278f68dd0aee1,0.20238095238095233,False,0.0
2,6,not_(x[6]),True,not_(x[6]),0.20238095238095233,c236778dc5683a72bff278f68dd0aee1,0.20238095238095233,False,0.0
2,6,not_(x[6]),True,not_(x[6]),0.20238095238095233,c236778dc5683a72bff278f68dd0aee1,0.20238095238095233,False,0.0
2,6,not_(x[6]),True,not_(x[6]),0.20238095238095233,c236778dc5683a72bff278f68dd0aee1,0.20238095238095233,False,0.0
2,6,not_(x[4]),True,not_(x[4]),0.20238095238095233,e9bf358728c366c73b72393d204b8cd2,0.20238095238095233,False,0.0
2,6,not_(x[6]),True,not_(x[6]),0.20238095238095233,c236778dc5683a72bff278f68dd0aee1,0.20238095238095233,False,0.0
2,6,not_(x[4]),True,not_(x[4]),0.20238095238095233,e9bf358728c366c73b72393d204b8cd2,0.20238095238095233,False,0.0
2,6,not_(x[4]),True,not_(x[4]),0.20238095238095233,e9bf358728c366c73b72393d204b8cd2,0.20238095238095233,False,0.0
2,6,not_(x[4]),True,not_(x[4]),0.20238095238095233,e9bf358728c366c73b72393d204b8cd2,0.20238095238095233,False,0.0
2,6,not_(x[4]),True,not_(x[4]),0.20238095238095233,e9bf358728c366c73b72393d204b8cd2,0.20238095238095233,False,0.0
2,6,not_(x[6]),True,not_(x[6]),0.20238095238095233,c236778dc5683a72bff278f68dd0aee1,0.20238095238095233,False,0.0
2,6,not_(x[6]),True,not_(x[6]),0.20238095238095233,c236778dc5683a72bff278f68dd0aee1,0.20238095238095233,False,0.0
2,6,not_(x[4]),True,not_(x[4]),0.20238095238095233,e9bf358728c366c73b72393d204b8cd2,0.20238095238095233,False,0.0
2,6,not_(x[6]),True,not_(x[6]),0.20238095238095233,c236778dc5683a72bff278f68dd0aee1,0.20238095238095233,False,0.0
2,6,not_(x[6]),True,not_(x[6]),0.20238095238095233,c236778dc5683a72bff278f68dd0aee1,0.20238095238095233,False,0.0
2,6,not_(x[6]),True,not_(x[6]),0.20238095238095233,c236778dc5683a72bff278f68dd0aee1,0.20238095238095233,False,0.0
2,6,not_(x[4]),True,not_(x[4]),0.20238095238095233,e9bf358728c366c73b72393d204b8cd2,0.20238095238095233,False,0.0
2,6,"greater_than_or_equal(sub(add(x[0],x[5]),mul(x[2],x[0])), pdiv(mul(x[5],x[0]),add(x[2],x[3])))",True,"greater_than_or_equal(sub(add(x[0],x[5]),mul(x[5],x[0])), pdiv(mul(x[5],x[0]),add(x[2],x[3])))",0.8095238095238095,97e50faa97611c27375c1b37d496a728,0.8095238095238095,False,0.0
2,6,not_(x[6]),True,not_(x[6]),0.20238095238095233,c236778dc5683a72bff278f68dd0aee1,0.20238095238095233,False,0.0
2,6,not_(x[6]),True,not_(x[6]),0.20238095238095233,c236778dc5683a72bff278f68dd0aee1,0.20238095238095233,False,0.0
2,6,not_(x[4]),True,not_(x[4]),0.20238095238095233,e9bf358728c366c73b72393d204b8cd2,0.20238095238095233,False,0.0
2,6,not_(x[6]),True,not_(x[6]),0.20238095238095233,c236778dc5683a72bff278f68dd0aee1,0.20238095238095233,False,0.0
2,6,not_(x[6]),True,not_(x[6]),0.20238095238095233,c236778dc5683a72bff278f68dd0aee1,0.20238095238095233,False,0.0
2,6,not_(x[6]),True,not_(x[6]),0.20238095238095233,c236778dc5683a72bff278f68dd0aee1,0.20238095238095233,False,0.0
2,6,not_(x[6]),True,not_(x[6]),0.20238095238095233,c236778dc5683a72bff278f68dd0aee1,0.20238095238095233,False,0.0
2,6,not_(x[6]),True,not_(x[6]),0.20238095238095233,c236778dc5683a72bff278f68dd0aee1,0.20238095238095233,False,0.0
2,6,not_(x[4]),True,not_(x[4]),0.20238095238095233,e9bf358728c366c73b72393d204b8cd2,0.20238095238095233,False,0.0
2,6,not_(x[4]),True,not_(x[4]),0.20238095238095233,e9bf358728c366c73b72393d204b8cd2,0.20238095238095233,False,0.0
2,6,not_(x[6]),True,not_(x[6]),0.20238095238095233,c236778dc5683a72bff278f68dd0aee1,0.20238095238095233,False,0.0
2,6,not_(x[6]),True,not_(x[6]),0.20238095238095233,c236778dc5683a72bff278f68dd0aee1,0.20238095238095233,False,0.0
2,6,not_(x[6]),True,not_(x[6]),0.20238095238095233,c236778dc5683a72bff278f68dd0aee1,0.20238095238095233,False,0.0
2,6,not_(x[6]),True,not_(x[6]),0.20238095238095233,c236778dc5683a72bff278f68dd0aee1,0.20238095238095233,False,0.0
2,6,"not_(or_(x[1],x[6]))",True,"less_than_or_equal(53.67,mul(x[3],x[3]))",0.2142857142857143,2cece411320c1d56790d65c80cc8f440,0.2142857142857143,False,0.0
2,6,not_(x[6]),True,not_(x[6]),0.20238095238095233,c236778dc5683a72bff278f68dd0aee1,0.20238095238095233,False,0.0
2,6,"not_(less_than_or_equal(x[0],x[3]))",False,,,69b7079eff0a1995f9f7902c57e9c2f8,0.6904761904761905,False,0.0
2,6,not_(x[4]),True,not_(x[4]),0.20238095238095233,e9bf358728c366c73b72393d204b8cd2,0.20238095238095233,False,0.0
2,6,not_(x[6]),True,not_(x[6]),0.20238095238095233,c236778dc5683a72bff278f68dd0aee1,0.20238095238095233,False,0.0
2,6,not_(x[6]),True,not_(x[6]),0.20238095238095233,c236778dc5683a72bff278f68dd0aee1,0.20238095238095233,False,0.0
2,6,not_(x[4]),True,not_(x[4]),0.20238095238095233,e9bf358728c366c73b72393d204b8cd2,0.20238095238095233,False,0.0
2,6,not_(x[4]),True,not_(x[4]),0.20238095238095233,e9bf358728c366c73b72393d204b8cd2,0.20238095238095233,False,0.0
2,6,not_(x[6]),True,not_(x[6]),0.20238095238095233,c236778dc5683a72bff278f68dd0aee1,0.20238095238095233,False,0.0
2,6,not_(x[4]),True,not_(x[4]),0.20238095238095233,e9bf358728c366c73b72393d204b8cd2,0.20238095238095233,False,0.0
2,6,not_(x[6]),True,not_(x[6]),0.20238095238095233,c236778dc5683a72bff278f68dd0aee1,0.20238095238095233,False,0.0
2,6,not_(x[6]),True,not_(x[6]),0.20238095238095233,c236778dc5683a72bff278f68dd0aee1,0.20238095238095233,False,0.0
2,6,not_(x[6]),True,not_(x[6]),0.20238095238095233,c236778dc5683a72bff278f68dd0aee1,0.20238095238095233,False,0.0
2,6,not_(x[6]),True,not_(x[6]),0.20238095238095233,c236778dc5683a72bff278f68dd0aee1,0.20238095238095233,False,0.0
2,6,not_(x[4]),True,not_(x[4]),0.20238095238095233,e9bf358728c366c73b72393d204b8cd2,0.20238095238095233,False,0.0
2,6,not_(x[1]),True,"less_than_or_equal(53.67,mul(x[3],x[3]))",0.2142857142857143,2cece411320c1d56790d65c80cc8f440,0.22619047619047616,True,0.011904761904761862
2,6,not_(x[6]),True,not_(x[6]),0.20238095238095233,c236778dc5683a72bff278f68dd0aee1,0.20238095238095233,False,0.0
2,6,not_(x[6]),True,not_(x[6]),0.20238095238095233,c236778dc5683a72bff278f68dd0aee1,0.20238095238095233,False,0.0
2,6,not_(x[6]),True,not_(x[6]),0.20238095238095233,c236778dc5683a72bff278f68dd0aee1,0.20238095238095233,False,0.0
2,6,not_(x[4]),True,not_(x[4]),0.20238095238095233,e9bf358728c366c73b72393d204b8cd2,0.20238095238095233,False,0.0
2,6,not_(x[6]),True,not_(x[6]),0.20238095238095233,c236778dc5683a72bff278f68dd0aee1,0.20238095238095233,False,0.0
2,6,not_(x[6]),True,not_(x[6]),0.20238095238095233,c236778dc5683a72bff278f68dd0aee1,0.20238095238095233,False,0.0
2,6,"not_(or_(x[6],x[6]))",True,not_(x[6]),0.20238095238095233,c236778dc5683a72bff278f68dd0aee1,0.20238095238095233,False,0.0
2,6,not_(x[6]),True,not_(x[6]),0.20238095238095233,c236778dc5683a72bff278f68dd0aee1,0.20238095238095233,False,0.0
2,6,not_(x[6]),True,not_(x[6]),0.20238095238095233,c236778dc5683a72bff278f68dd0aee1,0.20238095238095233,False,0.0
2,6,not_(x[4]),True,not_(x[4]),0.20238095238095233,e9bf358728c366c73b72393d204b8cd2,0.20238095238095233,False,0.0
2,6,not_(x[4]),True,not_(x[4]),0.20238095238095233,e9bf358728c366c73b72393d204b8cd2,0.20238095238095233,False,0.0
2,6,not_(x[6]),True,not_(x[6]),0.20238095238095233,c236778dc5683a72bff278f68dd0aee1,0.20238095238095233,False,0.0
2,6,not_(x[6]),True,not_(x[6]),0.20238095238095233,c236778dc5683a72bff278f68dd0aee1,0.20238095238095233,False,0.0
2,6,not_(x[6]),True,not_(x[6]),0.20238095238095233,c236778dc5683a72bff278f68dd0aee1,0.20238095238095233,False,0.0
2,6,"less_than_or_equal(sub(add(x[0],x[5]),mul(x[5],x[0])),pdiv(mul(x[5],x[0]),add(x[2],x[5])))",True,"less_than_or_equal(53.67,mul(x[3],x[3]))",0.2142857142857143,2cece411320c1d56790d65c80cc8f440,0.2142857142857143,False,0.0
2,6,not_(x[6]),True,not_(x[6]),0.20238095238095233,c236778dc5683a72bff278f68dd0aee1,0.20238095238095233,False,0.0
2,6,not_(x[6]),True,not_(x[6]),0.20238095238095233,c236778dc5683a72bff278f68dd0aee1,0.20238095238095233,False,0.0
2,6,not_(x[6]),True,not_(x[6]),0.20238095238095233,c236778dc5683a72bff278f68dd0aee1,0.20238095238095233,False,0.0
2,6,not_(x[6]),True,not_(x[6]),0.20238095238095233,c236778dc5683a72bff278f68dd0aee1,0.20238095238095233,False,0.0
2,6,not_(x[4]),True,not_(x[4]),0.20238095238095233,e9bf358728c366c73b72393d204b8cd2,0.20238095238095233,False,0.0
2,6,"and_(x[6],x[6])",True,"or_(not_(greater_than_or_equal(x[3], x[3])),x[6])",0.7976190476190477,dabf352ca9fc16fe7897b3fa7e73f5cb,0.7976190476190477,False,0.0
2,6,not_(x[1]),True,"less_than_or_equal(53.67,mul(x[3],x[3]))",0.2142857142857143,2cece411320c1d56790d65c80cc8f440,0.22619047619047616,True,0.011904761904761862
2,6,not_(x[6]),True,not_(x[6]),0.20238095238095233,c236778dc5683a72bff278f68dd0aee1,0.20238095238095233,False,0.0
2,6,not_(x[6]),True,not_(x[6]),0.20238095238095233,c236778dc5683a72bff278f68dd0aee1,0.20238095238095233,False,0.0
2,6,not_(x[6]),True,not_(x[6]),0.20238095238095233,c236778dc5683a72bff278f68dd0aee1,0.20238095238095233,False,0.0
2,6,not_(x[4]),True,not_(x[4]),0.20238095238095233,e9bf358728c366c73b72393d204b8cd2,0.20238095238095233,False,0.0
2,6,not_(x[6]),True,not_(x[6]),0.20238095238095233,c236778dc5683a72bff278f68dd0aee1,0.20238095238095233,False,0.0
2,6,not_(x[6]),True,not_(x[6]),0.20238095238095233,c236778dc5683a72bff278f68dd0aee1,0.20238095238095233,False,0.0
2,6,not_(x[4]),True,not_(x[4]),0.20238095238095233,e9bf358728c366c73b72393d204b8cd2,0.20238095238095233,False,0.0
2,6,not_(x[6]),True,not_(x[6]),0.20238095238095233,c236778dc5683a72bff278f68dd0aee1,0.20238095238095233,False,0.0
2,6,not_(x[4]),True,not_(x[4]),0.20238095238095233,e9bf358728c366c73b72393d204b8cd2,0.20238095238095233,False,0.0
2,6,not_(x[6]),True,not_(x[6]),0.20238095238095233,c236778dc5683a72bff278f68dd0aee1,0.20238095238095233,False,0.0
2,6,not_(x[4]),True,not_(x[4]),0.20238095238095233,e9bf358728c366c73b72393d204b8cd2,0.20238095238095233,False,0.0
2,6,not_(x[6]),True,not_(x[6]),0.20238095238095233,c236778dc5683a72bff278f68dd0aee1,0.20238095238095233,False,0.0
2,6,not_(x[6]),True,not_(x[6]),0.20238095238095233,c236778dc5683a72bff278f68dd0aee1,0.20238095238095233,False,0.0
2,6,not_(x[4]),True,not_(x[4]),0.20238095238095233,e9bf358728c366c73b72393d204b8cd2,0.20238095238095233,False,0.0
2,6,not_(x[4]),True,not_(x[4]),0.20238095238095233,e9bf358728c366c73b72393d204b8cd2,0.20238095238095233,False,0.0
2,6,not_(x[4]),True,not_(x[4]),0.20238095238095233,e9bf358728c366c73b72393d204b8cd2,0.20238095238095233,False,0.0
2,6,not_(x[4]),True,not_(x[4]),0.20238095238095233,e9bf358728c366c73b72393d204b8cd2,0.20238095238095233,False,0.0
2,6,not_(x[4]),True,not_(x[4]),0.20238095238095233,e9bf358728c366c73b72393d204b8cd2,0.20238095238095233,False,0.0
2,6,not_(x[6]),True,not_(x[6]),0.20238095238095233,c236778dc5683a72bff278f68dd0aee1,0.20238095238095233,False,0.0
2,6,not_(x[4]),True,not_(x[4]),0.20238095238095233,e9bf358728c366c73b72393d204b8cd2,0.20238095238095233,False,0.0
2,6,not_(x[6]),True,not_(x[6]),0.20238095238095233,c236778dc5683a72bff278f68dd0aee1,0.20238095238095233,False,0.0
2,6,"less_than_or_equal(sub(44.57,x[3]),x[0])",True,"less_than_or_equal(53.67,mul(x[3],x[3]))",0.2142857142857143,2cece411320c1d56790d65c80cc8f440,0.2142857142857143,False,0.0
2,6,not_(x[4]),True,not_(x[4]),0.20238095238095233,e9bf358728c366c73b72393d204b8cd2,0.20238095238095233,False,0.0
2,6,not_(x[4]),True,not_(x[4]),0.20238095238095233,e9bf358728c366c73b72393d204b8cd2,0.20238095238095233,False,0.0
2,6,not_(x[4]),True,not_(x[4]),0.20238095238095233,e9bf358728c366c73b72393d204b8cd2,0.20238095238095233,False,0.0
2,6,not_(x[4]),True,not_(x[4]),0.20238095238095233,e9bf358728c366c73b72393d204b8cd2,0.20238095238095233,False,0.0
2,6,not_(x[6]),True,not_(x[6]),0.20238095238095233,c236778dc5683a72bff278f68dd0aee1,0.20238095238095233,False,0.0
2,6,not_(x[6]),True,not_(x[6]),0.20238095238095233,c236778dc5683a72bff278f68dd0aee1,0.20238095238095233,False,0.0
2,6,not_(x[4]),True,not_(x[4]),0.20238095238095233,e9bf358728c366c73b72393d204b8cd2,0.20238095238095233,False,0.0
2,6,not_(x[4]),True,not_(x[4]),0.20238095238095233,e9bf358728c366c73b72393d204b8cd2,0.20238095238095233,False,0.0
2,6,not_(x[4]),True,not_(x[4]),0.20238095238095233,e9bf358728c366c73b72393d204b8cd2,0.20238095238095233,False,0.0
2,6,not_(x[4]),True,not_(x[4]),0.20238095238095233,e9bf358728c366c73b72393d204b8cd2,0.20238095238095233,False,0.0
2,6,not_(x[4]),True,not_(x[4]),0.20238095238095233,e9bf358728c366c73b72393d204b8cd2,0.20238095238095233,False,0.0
2,6,not_(x[6]),True,not_(x[6]),0.20238095238095233,c236778dc5683a72bff278f68dd0aee1,0.20238095238095233,False,0.0
2,6,not_(x[4]),True,not_(x[4]),0.20238095238095233,e9bf358728c366c73b72393d204b8cd2,0.20238095238095233,False,0.0
2,6,not_(x[6]),True,not_(x[6]),0.20238095238095233,c236778dc5683a72bff278f68dd0aee1,0.20238095238095233,False,0.0
2,6,not_(x[4]),True,not_(x[4]),0.20238095238095233,e9bf358728c366c73b72393d204b8cd2,0.20238095238095233,False,0.0
2,6,not_(x[4]),True,not_(x[4]),0.20238095238095233,e9bf358728c366c73b72393d204b8cd2,0.20238095238095233,False,0.0
2,6,"or_(x[6],x[6])",True,"or_(not_(greater_than_or_equal(x[3], x[3])),x[6])",0.7976190476190477,dabf352ca9fc16fe7897b3fa7e73f5cb,0.7976190476190477,False,0.0
2,6,not_(x[6]),True,not_(x[6]),0.20238095238095233,c236778dc5683a72bff278f68dd0aee1,0.20238095238095233,False,0.0
2,6,not_(x[4]),True,not_(x[4]),0.20238095238095233,e9bf358728c366c73b72393d204b8cd2,0.20238095238095233,False,0.0
2,6,not_(x[1]),True,"less_than_or_equal(53.67,mul(x[3],x[3]))",0.2142857142857143,2cece411320c1d56790d65c80cc8f440,0.22619047619047616,True,0.011904761904761862
2,6,not_(x[6]),True,not_(x[6]),0.20238095238095233,c236778dc5683a72bff278f68dd0aee1,0.20238095238095233,False,0.0
2,6,not_(x[6]),True,not_(x[6]),0.20238095238095233,c236778dc5683a72bff278f68dd0aee1,0.20238095238095233,False,0.0
2,6,not_(x[4]),True,not_(x[4]),0.20238095238095233,e9bf358728c366c73b72393d204b8cd2,0.20238095238095233,False,0.0
2,6,"less_than_or_equal(sub(add(x[0],x[5]),sub(x[2],x[0])),pdiv(mul(x[5],x[0]),add(x[2],x[3])))",True,not_(x[6]),0.20238095238095233,c236778dc5683a72bff278f68dd0aee1,0.20238095238095233,False,0.0
2,6,not_(x[6]),True,not_(x[6]),0.20238095238095233,c236778dc5683a72bff278f68dd0aee1,0.20238095238095233,False,0.0
2,6,not_(x[4]),True,not_(x[4]),0.20238095238095233,e9bf358728c366c73b72393d204b8cd2,0.20238095238095233,False,0.0
2,6,not_(x[6]),True,not_(x[6]),0.20238095238095233,c236778dc5683a72bff278f68dd0aee1,0.20238095238095233,False,0.0
2,6,not_(x[6]),True,not_(x[6]),0.20238095238095233,c236778dc5683a72bff278f68dd0aee1,0.20238095238095233,False,0.0
2,6,not_(x[6]),True,not_(x[6]),0.20238095238095233,c236778dc5683a72bff278f68dd0aee1,0.20238095238095233,False,0.0
2,6,not_(x[6]),True,not_(x[6]),0.20238095238095233,c236778dc5683a72bff278f68dd0aee1,0.20238095238095233,False,0.0
2,6,not_(x[6]),True,not_(x[6]),0.20238095238095233,c236778dc5683a72bff278f68dd0aee1,0.20238095238095233,False,0.0
2,6,not_(x[6]),True,not_(x[6]),0.20238095238095233,c236778dc5683a72bff278f68dd0aee1,0.20238095238095233,False,0.0
2,6,not_(x[6]),True,not_(x[6]),0.20238095238095233,c236778dc5683a72bff278f68dd0aee1,0.20238095238095233,False,0.0
2,6,not_(x[6]),True,not_(x[6]),0.20238095238095233,c236778dc5683a72bff278f68dd0aee1,0.20238095238095233,False,0.0
2,6,not_(x[6]),True,not_(x[6]),0.20238095238095233,c236778dc5683a72bff278f68dd0aee1,0.20238095238095233,False,0.0
2,6,not_(x[4]),True,not_(x[4]),0.20238095238095233,e9bf358728c366c73b72393d204b8cd2,0.20238095238095233,False,0.0
2,6,not_(x[6]),True,not_(x[6]),0.20238095238095233,c236778dc5683a72bff278f68dd0aee1,0.20238095238095233,False,0.0
2,6,not_(x[6]),True,not_(x[6]),0.20238095238095233,c236778dc5683a72bff278f68dd0aee1,0.20238095238095233,False,0.0
2,6,not_(x[4]),True,not_(x[4]),0.20238095238095233,e9bf358728c366c73b72393d204b8cd2,0.20238095238095233,False,0.0
2,6,not_(x[4]),True,not_(x[4]),0.20238095238095233,e9bf358728c366c73b72393d204b8cd2,0.20238095238095233,False,0.0
2,6,not_(x[6]),True,not_(x[6]),0.20238095238095233,c236778dc5683a72bff278f68dd0aee1,0.20238095238095233,False,0.0
2,6,not_(x[6]),True,not_(x[6]),0.20238095238095233,c236778dc5683a72bff278f68dd0aee1,0.20238095238095233,False,0.0
2,6,"greater_than_or_equal(add(x[3],mul(sub(x[2],x[0]),mul(x[2],x[2]))), x[2])",True,"greater_than_or_equal(x[3], x[2])",0.2857142857142857,df01b571937a3f7e4f622298a23b040f,0.2857142857142857,False,0.0
2,6,not_(x[6]),True,not_(x[6]),0.20238095238095233,c236778dc5683a72bff278f68dd0aee1,0.20238095238095233,False,0.0
2,6,not_(x[6]),True,not_(x[6]),0.20238095238095233,c236778dc5683a72bff278f68dd0aee1,0.20238095238095233,False,0.0
2,6,"and_(x[4],greater_than_or_equal(x[3], add(mul(x[2],x[0]),pdiv(mul(x[5],x[0]),add(x[2],x[3])))))",True,"and_(greater_than_or_equal(add(x[3],x[2]), pdiv(x[2],x[3])),less_than_or_equal(sub(x[0],x[2]),add(x[3],x[0])))",0.29761904761904767,57d4612aeba4f3a787ed24c5af827569,0.30952380952380953,True,0.011904761904761862
2,6,not_(not_(x[6])),True,"or_(not_(greater_than_or_equal(x[3], x[3])),x[6])",0.7976190476190477,dabf352ca9fc16fe7897b3fa7e73f5cb,0.7976190476190477,False,0.0
2,6,not_(x[6]),True,not_(x[6]),0.20238095238095233,c236778dc5683a72bff278f68dd0aee1,0.20238095238095233,False,0.0
2,6,"less_than_or_equal(sub(add(x[0],x[5]),mul(x[2],x[0])),pdiv(pdiv(x[5],x[0]),add(x[2],x[3])))",False,,,278c96366a851b6f2d6ddc0fdd74b255,0.75,False,0.0
2,6,"less_than_or_equal(sub(add(x[0],x[5]),mul(x[2],x[0])),pdiv(mul(x[5],x[0]),add(x[2],x[3])))",True,"less_than_or_equal(sub(add(x[0],x[5]),mul(x[2],x[0])),pdiv(mul(x[5],x[0]),add(x[2],x[3])))",0.19047619047619047,58cc4f21233e882751aa955999da1daf,0.13636363636363635,True,-0.05411255411255411
2,7,not_(x[6]),True,not_(x[6]),0.20238095238095233,c236778dc5683a72bff278f68dd0aee1,0.20238095238095233,False,0.0
2,7,not_(x[6]),True,not_(x[6]),0.20238095238095233,c236778dc5683a72bff278f68dd0aee1,0.20238095238095233,False,0.0
2,7,not_(x[6]),True,not_(x[6]),0.20238095238095233,c236778dc5683a72bff278f68dd0aee1,0.20238095238095233,False,0.0
2,7,not_(x[4]),True,not_(x[4]),0.20238095238095233,e9bf358728c366c73b72393d204b8cd2,0.20238095238095233,False,0.0
2,7,not_(x[4]),True,not_(x[4]),0.20238095238095233,e9bf358728c366c73b72393d204b8cd2,0.20238095238095233,False,0.0
2,7,not_(x[4]),True,not_(x[4]),0.20238095238095233,e9bf358728c366c73b72393d204b8cd2,0.20238095238095233,False,0.0
2,7,not_(x[6]),True,not_(x[6]),0.20238095238095233,c236778dc5683a72bff278f68dd0aee1,0.20238095238095233,False,0.0
2,7,not_(x[6]),True,not_(x[6]),0.20238095238095233,c236778dc5683a72bff278f68dd0aee1,0.20238095238095233,False,0.0
2,7,not_(x[4]),True,not_(x[4]),0.20238095238095233,e9bf358728c366c73b72393d204b8cd2,0.20238095238095233,False,0.0
2,7,not_(x[6]),True,not_(x[6]),0.20238095238095233,c236778dc5683a72bff278f68dd0aee1,0.20238095238095233,False,0.0
2,7,not_(x[6]),True,not_(x[6]),0.20238095238095233,c236778dc5683a72bff278f68dd0aee1,0.20238095238095233,False,0.0
2,7,not_(x[4]),True,not_(x[4]),0.20238095238095233,e9bf358728c366c73b72393d204b8cd2,0.20238095238095233,False,0.0
2,7,not_(x[6]),True,not_(x[6]),0.20238095238095233,c236778dc5683a72bff278f68dd0aee1,0.20238095238095233,False,0.0
2,7,not_(x[4]),True,not_(x[4]),0.20238095238095233,e9bf358728c366c73b72393d204b8cd2,0.20238095238095233,False,0.0
2,7,not_(x[6]),True,not_(x[6]),0.20238095238095233,c236778dc5683a72bff278f68dd0aee1,0.20238095238095233,False,0.0
2,7,not_(x[4]),True,not_(x[4]),0.20238095238095233,e9bf358728c366c73b72393d204b8cd2,0.20238095238095233,False,0.0
2,7,not_(x[6]),True,not_(x[6]),0.20238095238095233,c236778dc5683a72bff278f68dd0aee1,0.20238095238095233,False,0.0
2,7,not_(x[6]),True,not_(x[6]),0.20238095238095233,c236778dc5683a72bff278f68dd0aee1,0.20238095238095233,False,0.0
2,7,not_(x[4]),True,not_(x[4]),0.20238095238095233,e9bf358728c366c73b72393d204b8cd2,0.20238095238095233,False,0.0
2,7,not_(x[4]),True,not_(x[4]),0.20238095238095233,e9bf358728c366c73b72393d204b8cd2,0.20238095238095233,False,0.0
2,7,not_(x[6]),True,not_(x[6]),0.20238095238095233,c236778dc5683a72bff278f68dd0aee1,0.20238095238095233,False,0.0
2,7,not_(x[4]),True,not_(x[4]),0.20238095238095233,e9bf358728c366c73b72393d204b8cd2,0.20238095238095233,False,0.0
2,7,not_(x[4]),True,not_(x[4]),0.20238095238095233,e9bf358728c366c73b72393d204b8cd2,0.20238095238095233,False,0.0
2,7,not_(x[6]),True,not_(x[6]),0.20238095238095233,c236778dc5683a72bff278f68dd0aee1,0.20238095238095233,False,0.0
2,7,not_(x[4]),True,not_(x[4]),0.20238095238095233,e9bf358728c366c73b72393d204b8cd2,0.20238095238095233,False,0.0
2,7,"not_(or_(x[4],x[6]))",True,not_(x[6]),0.20238095238095233,c236778dc5683a72bff278f68dd0aee1,0.20238095238095233,False,0.0
2,7,not_(x[6]),True,not_(x[6]),0.20238095238095233,c236778dc5683a72bff278f68dd0aee1,0.20238095238095233,False,0.0
2,7,not_(x[6]),True,not_(x[6]),0.20238095238095233,c236778dc5683a72bff278f68dd0aee1,0.20238095238095233,False,0.0
2,7,not_(x[6]),True,not_(x[6]),0.20238095238095233,c236778dc5683a72bff278f68dd0aee1,0.20238095238095233,False,0.0
2,7,not_(x[6]),True,not_(x[6]),0.20238095238095233,c236778dc5683a72bff278f68dd0aee1,0.20238095238095233,False,0.0
2,7,not_(x[6]),True,not_(x[6]),0.20238095238095233,c236778dc5683a72bff278f68dd0aee1,0.20238095238095233,False,0.0
2,7,not_(x[6]),True,not_(x[6]),0.20238095238095233,c236778dc5683a72bff278f68dd0aee1,0.20238095238095233,False,0.0
2,7,not_(x[6]),True,not_(x[6]),0.20238095238095233,c236778dc5683a72bff278f68dd0aee1,0.20238095238095233,False,0.0
2,7,not_(x[4]),True,not_(x[4]),0.20238095238095233,e9bf358728c366c73b72393d204b8cd2,0.20238095238095233,False,0.0
2,7,"less_than_or_equal(mul(add(x[0],x[5]),mul(x[2],x[0])),pdiv(mul(x[5],x[3]),mul(x[0],x[3])))",True,"less_than_or_equal(x[3],x[3])",0.7857142857142857,3352141c4f785c0403fcb33f533f7848,0.7619047619047619,True,-0.023809523809523836
2,7,not_(x[6]),True,not_(x[6]),0.20238095238095233,c236778dc5683a72bff278f68dd0aee1,0.20238095238095233,False,0.0
2,7,not_(x[4]),True,not_(x[4]),0.20238095238095233,e9bf358728c366c73b72393d204b8cd2,0.20238095238095233,False,0.0
2,7,not_(x[6]),True,not_(x[6]),0.20238095238095233,c236778dc5683a72bff278f68dd0aee1,0.20238095238095233,False,0.0
2,7,not_(x[4]),True,not_(x[4]),0.20238095238095233,e9bf358728c366c73b72393d204b8cd2,0.20238095238095233,False,0.0
2,7,not_(x[4]),True,not_(x[4]),0.20238095238095233,e9bf358728c366c73b72393d204b8cd2,0.20238095238095233,False,0.0
2,7,not_(x[6]),True,not_(x[6]),0.20238095238095233,c236778dc5683a72bff278f68dd0aee1,0.20238095238095233,False,0.0
2,7,not_(x[4]),True,not_(x[4]),0.20238095238095233,e9bf358728c366c73b72393d204b8cd2,0.20238095238095233,False,0.0
2,7,not_(x[6]),True,not_(x[6]),0.20238095238095233,c236778dc5683a72bff278f68dd0aee1,0.20238095238095233,False,0.0
2,7,not_(x[6]),True,not_(x[6]),0.20238095238095233,c236778dc5683a72bff278f68dd0aee1,0.20238095238095233,False,0.0
2,7,not_(x[4]),True,not_(x[4]),0.20238095238095233,e9bf358728c366c73b72393d204b8cd2,0.20238095238095233,False,0.0
2,7,"not_(or_(x[6],x[6]))",True,not_(x[6]),0.20238095238095233,c236778dc5683a72bff278f68dd0aee1,0.20238095238095233,False,0.0
2,7,not_(x[6]),True,not_(x[6]),0.20238095238095233,c236778dc5683a72bff278f68dd0aee1,0.20238095238095233,False,0.0
2,7,not_(x[6]),True,not_(x[6]),0.20238095238095233,c236778dc5683a72bff278f68dd0aee1,0.20238095238095233,False,0.0
2,7,not_(x[6]),True,not_(x[6]),0.20238095238095233,c236778dc5683a72bff278f68dd0aee1,0.20238095238095233,False,0.0
2,7,not_(x[6]),True,not_(x[6]),0.20238095238095233,c236778dc5683a72bff278f68dd0aee1,0.20238095238095233,False,0.0
2,7,not_(x[6]),True,not_(x[6]),0.20238095238095233,c236778dc5683a72bff278f68dd0aee1,0.20238095238095233,False,0.0
2,7,"greater_than_or_equal(sub(add(x[0],x[5]),mul(x[2],x[0])), pdiv(mul(x[5],x[0]),add(x[2],x[3])))",True,"greater_than_or_equal(sub(add(x[0],x[5]),mul(x[5],x[0])), pdiv(mul(x[5],x[0]),add(x[2],x[3])))",0.8095238095238095,97e50faa97611c27375c1b37d496a728,0.8095238095238095,False,0.0
2,7,not_(x[6]),True,not_(x[6]),0.20238095238095233,c236778dc5683a72bff278f68dd0aee1,0.20238095238095233,False,0.0
2,7,not_(x[4]),True,not_(x[4]),0.20238095238095233,e9bf358728c366c73b72393d204b8cd2,0.20238095238095233,False,0.0
2,7,not_(x[6]),True,not_(x[6]),0.20238095238095233,c236778dc5683a72bff278f68dd0aee1,0.20238095238095233,False,0.0
2,7,"not_(and_(x[6],x[6]))",True,not_(x[6]),0.20238095238095233,c236778dc5683a72bff278f68dd0aee1,0.20238095238095233,False,0.0
2,7,not_(x[6]),True,not_(x[6]),0.20238095238095233,c236778dc5683a72bff278f68dd0aee1,0.20238095238095233,False,0.0
2,7,not_(x[6]),True,not_(x[6]),0.20238095238095233,c236778dc5683a72bff278f68dd0aee1,0.20238095238095233,False,0.0
2,7,not_(x[6]),True,not_(x[6]),0.20238095238095233,c236778dc5683a72bff278f68dd0aee1,0.20238095238095233,False,0.0
2,7,not_(x[4]),True,not_(x[4]),0.20238095238095233,e9bf358728c366c73b72393d204b8cd2,0.20238095238095233,False,0.0
2,7,"less_than_or_equal(sub(add(x[0],x[5]),sub(x[2],x[0])),pdiv(mul(x[0],x[5]),mul(x[2],x[0])))",False,,,0f9956e3600a1fca3a0a6ab3f8072310,0.6547619047619048,False,0.0
2,7,"less_than_or_equal(sub(add(x[5],x[0]),sub(x[2],x[3])),x[3])",True,"less_than_or_equal(53.67,mul(x[3],x[3]))",0.2142857142857143,2cece411320c1d56790d65c80cc8f440,0.2142857142857143,False,0.0
2,7,not_(x[6]),True,not_(x[6]),0.20238095238095233,c236778dc5683a72bff278f68dd0aee1,0.20238095238095233,False,0.0
2,7,not_(x[6]),True,not_(x[6]),0.20238095238095233,c236778dc5683a72bff278f68dd0aee1,0.20238095238095233,False,0.0
2,7,not_(x[6]),True,not_(x[6]),0.20238095238095233,c236778dc5683a72bff278f68dd0aee1,0.20238095238095233,False,0.0
2,7,not_(x[4]),True,not_(x[4]),0.20238095238095233,e9bf358728c366c73b72393d204b8cd2,0.20238095238095233,False,0.0
2,7,not_(x[4]),True,not_(x[4]),0.20238095238095233,e9bf358728c366c73b72393d204b8cd2,0.20238095238095233,False,0.0
2,7,not_(x[4]),True,not_(x[4]),0.20238095238095233,e9bf358728c366c73b72393d204b8cd2,0.20238095238095233,False,0.0
2,7,not_(x[6]),True,not_(x[6]),0.20238095238095233,c236778dc5683a72bff278f68dd0aee1,0.20238095238095233,False,0.0
2,7,not_(x[6]),True,not_(x[6]),0.20238095238095233,c236778dc5683a72bff278f68dd0aee1,0.20238095238095233,False,0.0
2,7,not_(x[6]),True,not_(x[6]),0.20238095238095233,c236778dc5683a72bff278f68dd0aee1,0.20238095238095233,False,0.0
2,7,not_(x[6]),True,not_(x[6]),0.20238095238095233,c236778dc5683a72bff278f68dd0aee1,0.20238095238095233,False,0.0
2,7,not_(x[6]),True,not_(x[6]),0.20238095238095233,c236778dc5683a72bff278f68dd0aee1,0.20238095238095233,False,0.0
2,7,not_(x[4]),True,not_(x[4]),0.20238095238095233,e9bf358728c366c73b72393d204b8cd2,0.20238095238095233,False,0.0
2,7,not_(x[6]),True,not_(x[6]),0.20238095238095233,c236778dc5683a72bff278f68dd0aee1,0.20238095238095233,False,0.0
2,7,not_(x[6]),True,not_(x[6]),0.20238095238095233,c236778dc5683a72bff278f68dd0aee1,0.20238095238095233,False,0.0
2,7,not_(x[6]),True,not_(x[6]),0.20238095238095233,c236778dc5683a72bff278f68dd0aee1,0.20238095238095233,False,0.0
2,7,not_(x[4]),True,not_(x[4]),0.20238095238095233,e9bf358728c366c73b72393d204b8cd2,0.20238095238095233,False,0.0
2,7,"less_than_or_equal(sub(add(x[0],x[5]),x[0]),x[3])",True,"not_(greater_than_or_equal(pdiv(x[5],x[5]), pdiv(x[3],x[5])))",0.26190476190476186,aeceba6c233a8a73212b782b274d9205,0.27380952380952384,True,0.011904761904761973
2,7,"not_(less_than_or_equal(sub(x[0],pdiv(mul(x[5],x[0]),add(x[2],x[3]))),x[3]))",True,"less_than_or_equal(53.67,mul(x[3],x[3]))",0.2142857142857143,2cece411320c1d56790d65c80cc8f440,0.25,True,0.0357142857142857
2,7,not_(x[4]),True,not_(x[4]),0.20238095238095233,e9bf358728c366c73b72393d204b8cd2,0.20238095238095233,False,0.0
2,7,not_(x[6]),True,not_(x[6]),0.20238095238095233,c236778dc5683a72bff278f68dd0aee1,0.20238095238095233,False,0.0
2,7,not_(x[6]),True,not_(x[6]),0.20238095238095233,c236778dc5683a72bff278f68dd0aee1,0.20238095238095233,False,0.0
2,7,not_(x[6]),True,not_(x[6]),0.20238095238095233,c236778dc5683a72bff278f68dd0aee1,0.20238095238095233,False,0.0
2,7,not_(x[6]),True,not_(x[6]),0.20238095238095233,c236778dc5683a72bff278f68dd0aee1,0.20238095238095233,False,0.0
2,7,not_(x[4]),True,not_(x[4]),0.20238095238095233,e9bf358728c366c73b72393d204b8cd2,0.20238095238095233,False,0.0
2,7,not_(x[4]),True,not_(x[4]),0.20238095238095233,e9bf358728c366c73b72393d204b8cd2,0.20238095238095233,False,0.0
2,7,not_(x[6]),True,not_(x[6]),0.20238095238095233,c236778dc5683a72bff278f68dd0aee1,0.20238095238095233,False,0.0
2,7,not_(x[6]),True,not_(x[6]),0.20238095238095233,c236778dc5683a72bff278f68dd0aee1,0.20238095238095233,False,0.0
2,7,not_(x[6]),True,not_(x[6]),0.20238095238095233,c236778dc5683a72bff278f68dd0aee1,0.20238095238095233,False,0.0
2,7,not_(x[6]),True,not_(x[6]),0.20238095238095233,c236778dc5683a72bff278f68dd0aee1,0.20238095238095233,False,0.0
2,7,not_(x[4]),True,not_(x[4]),0.20238095238095233,e9bf358728c366c73b72393d204b8cd2,0.20238095238095233,False,0.0
2,7,not_(x[6]),True,not_(x[6]),0.20238095238095233,c236778dc5683a72bff278f68dd0aee1,0.20238095238095233,False,0.0
2,7,not_(x[6]),True,not_(x[6]),0.20238095238095233,c236778dc5683a72bff278f68dd0aee1,0.20238095238095233,False,0.0
2,7,not_(x[6]),True,not_(x[6]),0.20238095238095233,c236778dc5683a72bff278f68dd0aee1,0.20238095238095233,False,0.0
2,7,not_(x[4]),True,not_(x[4]),0.20238095238095233,e9bf358728c366c73b72393d204b8cd2,0.20238095238095233,False,0.0
2,7,not_(x[6]),True,not_(x[6]),0.20238095238095233,c236778dc5683a72bff278f68dd0aee1,0.20238095238095233,False,0.0
2,7,not_(x[6]),True,not_(x[6]),0.20238095238095233,c236778dc5683a72bff278f68dd0aee1,0.20238095238095233,False,0.0
2,7,not_(x[6]),True,not_(x[6]),0.20238095238095233,c236778dc5683a72bff278f68dd0aee1,0.20238095238095233,False,0.0
2,7,not_(x[6]),True,not_(x[6]),0.20238095238095233,c236778dc5683a72bff278f68dd0aee1,0.20238095238095233,False,0.0
2,7,not_(x[6]),True,not_(x[6]),0.20238095238095233,c236778dc5683a72bff278f68dd0aee1,0.20238095238095233,False,0.0
2,7,not_(x[4]),True,not_(x[4]),0.20238095238095233,e9bf358728c366c73b72393d204b8cd2,0.20238095238095233,False,0.0
2,7,not_(x[6]),True,not_(x[6]),0.20238095238095233,c236778dc5683a72bff278f68dd0aee1,0.20238095238095233,False,0.0
2,7,not_(x[6]),True,not_(x[6]),0.20238095238095233,c236778dc5683a72bff278f68dd0aee1,0.20238095238095233,False,0.0
2,7,not_(x[4]),True,not_(x[4]),0.20238095238095233,e9bf358728c366c73b72393d204b8cd2,0.20238095238095233,False,0.0
2,7,"less_than_or_equal(sub(add(x[0],x[5]),mul(x[2],x[0])),x[3])",True,"not_(greater_than_or_equal(add(x[5],x[0]), x[3]))",0.2142857142857143,19748f61bf98b56966aabd621012162c,0.22619047619047616,True,0.011904761904761862
2,7,not_(x[4]),True,not_(x[4]),0.20238095238095233,e9bf358728c366c73b72393d204b8cd2,0.20238095238095233,False,0.0
2,7,not_(x[6]),True,not_(x[6]),0.20238095238095233,c236778dc5683a72bff278f68dd0aee1,0.20238095238095233,False,0.0
2,7,not_(x[6]),True,not_(x[6]),0.20238095238095233,c236778dc5683a72bff278f68dd0aee1,0.20238095238095233,False,0.0
2,7,not_(x[6]),True,not_(x[6]),0.20238095238095233,c236778dc5683a72bff278f68dd0aee1,0.20238095238095233,False,0.0
2,7,not_(x[6]),True,not_(x[6]),0.20238095238095233,c236778dc5683a72bff278f68dd0aee1,0.20238095238095233,False,0.0
2,7,not_(x[4]),True,not_(x[4]),0.20238095238095233,e9bf358728c366c73b72393d204b8cd2,0.20238095238095233,False,0.0
2,7,not_(x[4]),True,not_(x[4]),0.20238095238095233,e9bf358728c366c73b72393d204b8cd2,0.20238095238095233,False,0.0
2,7,not_(x[6]),True,not_(x[6]),0.20238095238095233,c236778dc5683a72bff278f68dd0aee1,0.20238095238095233,False,0.0
2,7,not_(x[6]),True,not_(x[6]),0.20238095238095233,c236778dc5683a72bff278f68dd0aee1,0.20238095238095233,False,0.0
2,7,not_(x[4]),True,not_(x[4]),0.20238095238095233,e9bf358728c366c73b72393d204b8cd2,0.20238095238095233,False,0.0
2,7,not_(x[6]),True,not_(x[6]),0.20238095238095233,c236778dc5683a72bff278f68dd0aee1,0.20238095238095233,False,0.0
2,7,not_(x[6]),True,not_(x[6]),0.20238095238095233,c236778dc5683a72bff278f68dd0aee1,0.20238095238095233,False,0.0
2,7,not_(x[6]),True,not_(x[6]),0.20238095238095233,c236778dc5683a72bff278f68dd0aee1,0.20238095238095233,False,0.0
2,7,not_(x[6]),True,not_(x[6]),0.20238095238095233,c236778dc5683a72bff278f68dd0aee1,0.20238095238095233,False,0.0
2,7,not_(x[4]),True,not_(x[4]),0.20238095238095233,e9bf358728c366c73b72393d204b8cd2,0.20238095238095233,False,0.0
2,7,not_(x[6]),True,not_(x[6]),0.20238095238095233,c236778dc5683a72bff278f68dd0aee1,0.20238095238095233,False,0.0
2,7,not_(x[6]),True,not_(x[6]),0.20238095238095233,c236778dc5683a72bff278f68dd0aee1,0.20238095238095233,False,0.0
2,7,not_(x[6]),True,not_(x[6]),0.20238095238095233,c236778dc5683a72bff278f68dd0aee1,0.20238095238095233,False,0.0
2,7,not_(x[6]),True,not_(x[6]),0.20238095238095233,c236778dc5683a72bff278f68dd0aee1,0.20238095238095233,False,0.0
2,7,not_(x[6]),True,not_(x[6]),0.20238095238095233,c236778dc5683a72bff278f68dd0aee1,0.20238095238095233,False,0.0
2,7,not_(x[6]),True,not_(x[6]),0.20238095238095233,c236778dc5683a72bff278f68dd0aee1,0.20238095238095233,False,0.0
2,7,not_(x[6]),True,not_(x[6]),0.20238095238095233,c236778dc5683a72bff278f68dd0aee1,0.20238095238095233,False,0.0
2,7,not_(x[6]),True,not_(x[6]),0.20238095238095233,c236778dc5683a72bff278f68dd0aee1,0.20238095238095233,False,0.0
2,7,not_(x[4]),True,not_(x[4]),0.20238095238095233,e9bf358728c366c73b72393d204b8cd2,0.20238095238095233,False,0.0
2,7,not_(x[6]),True,not_(x[6]),0.20238095238095233,c236778dc5683a72bff278f68dd0aee1,0.20238095238095233,False,0.0
2,7,not_(x[4]),True,not_(x[4]),0.20238095238095233,e9bf358728c366c73b72393d204b8cd2,0.20238095238095233,False,0.0
2,7,not_(x[4]),True,not_(x[4]),0.20238095238095233,e9bf358728c366c73b72393d204b8cd2,0.20238095238095233,False,0.0
2,7,"less_than_or_equal(sub(sub(x[0],x[5]),mul(x[2],x[5])),mul(x[0],add(x[2],x[3])))",False,,,cba13ed32584a333c4c960c17088cd17,0.7976190476190477,False,0.0
2,7,not_(x[6]),True,not_(x[6]),0.20238095238095233,c236778dc5683a72bff278f68dd0aee1,0.20238095238095233,False,0.0
2,7,not_(x[4]),True,not_(x[4]),0.20238095238095233,e9bf358728c366c73b72393d204b8cd2,0.20238095238095233,False,0.0
2,7,"less_than_or_equal(sub(add(x[0],x[5]),mul(x[2],x[0])),pdiv(mul(x[5],x[0]),add(x[2],x[3])))",True,"less_than_or_equal(sub(add(x[0],x[5]),mul(x[2],x[0])),pdiv(mul(x[5],x[0]),add(x[2],x[3])))",0.19047619047619047,58cc4f21233e882751aa955999da1daf,0.19047619047619047,False,0.0
2,7,not_(x[4]),True,not_(x[4]),0.20238095238095233,e9bf358728c366c73b72393d204b8cd2,0.20238095238095233,False,0.0
2,7,not_(x[4]),True,not_(x[4]),0.20238095238095233,e9bf358728c366c73b72393d204b8cd2,0.20238095238095233,False,0.0
2,7,not_(x[4]),True,not_(x[4]),0.20238095238095233,e9bf358728c366c73b72393d204b8cd2,0.20238095238095233,False,0.0
2,7,not_(x[6]),True,not_(x[6]),0.20238095238095233,c236778dc5683a72bff278f68dd0aee1,0.20238095238095233,False,0.0
2,7,not_(x[6]),True,not_(x[6]),0.20238095238095233,c236778dc5683a72bff278f68dd0aee1,0.20238095238095233,False,0.0
2,7,"greater_than_or_equal(x[3], x[3])",True,"less_than_or_equal(x[3],x[3])",0.7857142857142857,3352141c4f785c0403fcb33f533f7848,0.7857142857142857,False,0.0
2,7,not_(x[4]),True,not_(x[4]),0.20238095238095233,e9bf358728c366c73b72393d204b8cd2,0.20238095238095233,False,0.0
2,7,not_(x[6]),True,not_(x[6]),0.20238095238095233,c236778dc5683a72bff278f68dd0aee1,0.20238095238095233,False,0.0
2,7,not_(x[4]),True,not_(x[4]),0.20238095238095233,e9bf358728c366c73b72393d204b8cd2,0.20238095238095233,False,0.0
2,7,"and_(x[4],x[1])",True,"not_(greater_than_or_equal(sub(x[0],x[3]), x[0]))",0.7976190476190477,95cffd09c37f5560118f86148db41cd5,0.7976190476190477,False,0.0
2,7,not_(x[6]),True,not_(x[6]),0.20238095238095233,c236778dc5683a72bff278f68dd0aee1,0.20238095238095233,False,0.0
2,7,not_(x[6]),True,not_(x[6]),0.20238095238095233,c236778dc5683a72bff278f68dd0aee1,0.20238095238095233,False,0.0
2,7,not_(x[6]),True,not_(x[6]),0.20238095238095233,c236778dc5683a72bff278f68dd0aee1,0.20238095238095233,False,0.0
2,7,not_(x[6]),True,not_(x[6]),0.20238095238095233,c236778dc5683a72bff278f68dd0aee1,0.20238095238095233,False,0.0
2,7,not_(x[6]),True,not_(x[6]),0.20238095238095233,c236778dc5683a72bff278f68dd0aee1,0.20238095238095233,False,0.0
2,7,not_(x[6]),True,not_(x[6]),0.20238095238095233,c236778dc5683a72bff278f68dd0aee1,0.20238095238095233,False,0.0
2,7,not_(x[4]),True,not_(x[4]),0.20238095238095233,e9bf358728c366c73b72393d204b8cd2,0.20238095238095233,False,0.0
2,7,not_(x[6]),True,not_(x[6]),0.20238095238095233,c236778dc5683a72bff278f68dd0aee1,0.20238095238095233,False,0.0
2,7,not_(x[4]),True,not_(x[4]),0.20238095238095233,e9bf358728c366c73b72393d204b8cd2,0.20238095238095233,False,0.0
2,7,"or_(x[6],x[4])",True,"or_(not_(greater_than_or_equal(x[3], x[3])),x[6])",0.7976190476190477,dabf352ca9fc16fe7897b3fa7e73f5cb,0.7976190476190477,False,0.0
2,7,not_(x[6]),True,not_(x[6]),0.20238095238095233,c236778dc5683a72bff278f68dd0aee1,0.20238095238095233,False,0.0
2,7,not_(x[6]),True,not_(x[6]),0.20238095238095233,c236778dc5683a72bff278f68dd0aee1,0.20238095238095233,False,0.0
2,7,not_(x[4]),True,not_(x[4]),0.20238095238095233,e9bf358728c366c73b72393d204b8cd2,0.20238095238095233,False,0.0
2,7,not_(x[6]),True,not_(x[6]),0.20238095238095233,c236778dc5683a72bff278f68dd0aee1,0.20238095238095233,False,0.0
2,7,not_(x[6]),True,not_(x[6]),0.20238095238095233,c236778dc5683a72bff278f68dd0aee1,0.20238095238095233,False,0.0
2,7,"less_than_or_equal(sub(x[0],x[3]),x[0])",True,"less_than_or_equal(x[3],x[3])",0.7857142857142857,3352141c4f785c0403fcb33f533f7848,0.7857142857142857,False,0.0
2,7,not_(x[6]),True,not_(x[6]),0.20238095238095233,c236778dc5683a72bff278f68dd0aee1,0.20238095238095233,False,0.0
2,7,not_(x[6]),True,not_(x[6]),0.20238095238095233,c236778dc5683a72bff278f68dd0aee1,0.20238095238095233,False,0.0
2,7,not_(x[4]),True,not_(x[4]),0.20238095238095233,e9bf358728c366c73b72393d204b8cd2,0.20238095238095233,False,0.0
2,7,not_(x[4]),True,not_(x[4]),0.20238095238095233,e9bf358728c366c73b72393d204b8cd2,0.20238095238095233,False,0.0
2,7,not_(x[6]),True,not_(x[6]),0.20238095238095233,c236778dc5683a72bff278f68dd0aee1,0.20238095238095233,False,0.0
2,7,not_(x[6]),True,not_(x[6]),0.20238095238095233,c236778dc5683a72bff278f68dd0aee1,0.20238095238095233,False,0.0
2,7,not_(x[6]),True,not_(x[6]),0.20238095238095233,c236778dc5683a72bff278f68dd0aee1,0.20238095238095233,False,0.0
2,7,not_(x[4]),True,not_(x[4]),0.20238095238095233,e9bf358728c366c73b72393d204b8cd2,0.20238095238095233,False,0.0
2,7,not_(x[4]),True,not_(x[4]),0.20238095238095233,e9bf358728c366c73b72393d204b8cd2,0.20238095238095233,False,0.0
2,7,not_(x[6]),True,not_(x[6]),0.20238095238095233,c236778dc5683a72bff278f68dd0aee1,0.20238095238095233,False,0.0
2,7,"less_than_or_equal(sub(add(x[0],x[5]),mul(x[2],x[0])),pdiv(mul(x[5],x[0]),add(x[2],x[3])))",True,"less_than_or_equal(sub(add(x[0],x[5]),mul(x[2],x[0])),pdiv(mul(x[5],x[0]),add(x[2],x[3])))",0.19047619047619047,58cc4f21233e882751aa955999da1daf,0.19047619047619047,False,0.0
2,7,not_(x[1]),True,"less_than_or_equal(53.67,mul(x[3],x[3]))",0.2142857142857143,2cece411320c1d56790d65c80cc8f440,0.22619047619047616,True,0.011904761904761862
2,7,not_(x[6]),True,not_(x[6]),0.20238095238095233,c236778dc5683a72bff278f68dd0aee1,0.20238095238095233,False,0.0
2,7,not_(x[6]),True,not_(x[6]),0.20238095238095233,c236778dc5683a72bff278f68dd0aee1,0.20238095238095233,False,0.0
2,7,not_(x[6]),True,not_(x[6]),0.20238095238095233,c236778dc5683a72bff278f68dd0aee1,0.20238095238095233,False,0.0
2,7,not_(x[4]),True,not_(x[4]),0.20238095238095233,e9bf358728c366c73b72393d204b8cd2,0.20238095238095233,False,0.0
2,7,not_(x[6]),True,not_(x[6]),0.20238095238095233,c236778dc5683a72bff278f68dd0aee1,0.20238095238095233,False,0.0
2,7,not_(x[6]),True,not_(x[6]),0.20238095238095233,c236778dc5683a72bff278f68dd0aee1,0.20238095238095233,False,0.0
2,7,not_(x[4]),True,not_(x[4]),0.20238095238095233,e9bf358728c366c73b72393d204b8cd2,0.20238095238095233,False,0.0
2,7,not_(x[6]),True,not_(x[6]),0.20238095238095233,c236778dc5683a72bff278f68dd0aee1,0.20238095238095233,False,0.0
2,7,not_(x[6]),True,not_(x[6]),0.20238095238095233,c236778dc5683a72bff278f68dd0aee1,0.20238095238095233,False,0.0
2,7,not_(x[6]),True,not_(x[6]),0.20238095238095233,c236778dc5683a72bff278f68dd0aee1,0.20238095238095233,False,0.0
2,7,"less_than_or_equal(sub(add(x[0],x[5]),mul(x[2],x[0])),pdiv(mul(x[5],x[3]),x[3]))",True,not_(x[4]),0.20238095238095233,e9bf358728c366c73b72393d204b8cd2,0.19047619047619047,True,-0.011904761904761862
2,7,not_(x[4]),True,not_(x[4]),0.20238095238095233,e9bf358728c366c73b72393d204b8cd2,0.20238095238095233,False,0.0
2,7,not_(x[4]),True,not_(x[4]),0.20238095238095233,e9bf358728c366c73b72393d204b8cd2,0.20238095238095233,False,0.0
2,7,not_(x[1]),True,"less_than_or_equal(53.67,mul(x[3],x[3]))",0.2142857142857143,2cece411320c1d56790d65c80cc8f440,0.22619047619047616,True,0.011904761904761862
2,7,not_(x[4]),True,not_(x[4]),0.20238095238095233,e9bf358728c366c73b72393d204b8cd2,0.20238095238095233,False,0.0
2,7,not_(x[6]),True,not_(x[6]),0.20238095238095233,c236778dc5683a72bff278f68dd0aee1,0.20238095238095233,False,0.0
2,7,not_(x[6]),True,not_(x[6]),0.20238095238095233,c236778dc5683a72bff278f68dd0aee1,0.20238095238095233,False,0.0
2,7,not_(x[6]),True,not_(x[6]),0.20238095238095233,c236778dc5683a72bff278f68dd0aee1,0.20238095238095233,False,0.0
2,7,not_(x[6]),True,not_(x[6]),0.20238095238095233,c236778dc5683a72bff278f68dd0aee1,0.20238095238095233,False,0.0
2,7,not_(x[6]),True,not_(x[6]),0.20238095238095233,c236778dc5683a72bff278f68dd0aee1,0.20238095238095233,False,0.0
2,7,not_(x[4]),True,not_(x[4]),0.20238095238095233,e9bf358728c366c73b72393d204b8cd2,0.20238095238095233,False,0.0
2,7,not_(x[6]),True,not_(x[6]),0.20238095238095233,c236778dc5683a72bff278f68dd0aee1,0.20238095238095233,False,0.0
2,7,not_(x[4]),True,not_(x[4]),0.20238095238095233,e9bf358728c366c73b72393d204b8cd2,0.20238095238095233,False,0.0
2,7,not_(x[4]),True,not_(x[4]),0.20238095238095233,e9bf358728c366c73b72393d204b8cd2,0.20238095238095233,False,0.0
2,7,not_(x[6]),True,not_(x[6]),0.20238095238095233,c236778dc5683a72bff278f68dd0aee1,0.20238095238095233,False,0.0
2,7,"less_than_or_equal(pdiv(mul(x[5],x[0]),add(x[2],x[3])),x[3])",False,,,4fee0d6f2466e44b3883d15e1b6db46b,0.36904761904761907,False,0.0
2,7,not_(x[4]),True,not_(x[4]),0.20238095238095233,e9bf358728c366c73b72393d204b8cd2,0.20238095238095233,False,0.0
2,7,not_(x[4]),True,not_(x[4]),0.20238095238095233,e9bf358728c366c73b72393d204b8cd2,0.20238095238095233,False,0.0
2,7,not_(x[4]),True,not_(x[4]),0.20238095238095233,e9bf358728c366c73b72393d204b8cd2,0.20238095238095233,False,0.0
2,7,not_(x[6]),True,not_(x[6]),0.20238095238095233,c236778dc5683a72bff278f68dd0aee1,0.20238095238095233,False,0.0
2,7,not_(x[6]),True,not_(x[6]),0.20238095238095233,c236778dc5683a72bff278f68dd0aee1,0.20238095238095233,False,0.0
2,7,not_(x[6]),True,not_(x[6]),0.20238095238095233,c236778dc5683a72bff278f68dd0aee1,0.20238095238095233,False,0.0
2,7,not_(x[4]),True,not_(x[4]),0.20238095238095233,e9bf358728c366c73b72393d204b8cd2,0.20238095238095233,False,0.0
2,7,not_(x[6]),True,not_(x[6]),0.20238095238095233,c236778dc5683a72bff278f68dd0aee1,0.20238095238095233,False,0.0
2,7,not_(x[6]),True,not_(x[6]),0.20238095238095233,c236778dc5683a72bff278f68dd0aee1,0.20238095238095233,False,0.0
2,7,not_(x[6]),True,not_(x[6]),0.20238095238095233,c236778dc5683a72bff278f68dd0aee1,0.20238095238095233,False,0.0
2,7,not_(x[6]),True,not_(x[6]),0.20238095238095233,c236778dc5683a72bff278f68dd0aee1,0.20238095238095233,False,0.0
2,7,not_(x[6]),True,not_(x[6]),0.20238095238095233,c236778dc5683a72bff278f68dd0aee1,0.20238095238095233,False,0.0
2,7,not_(x[6]),True,not_(x[6]),0.20238095238095233,c236778dc5683a72bff278f68dd0aee1,0.20238095238095233,False,0.0
2,7,"not_(or_(x[6],x[1]))",True,"less_than_or_equal(53.67,mul(x[3],x[3]))",0.2142857142857143,2cece411320c1d56790d65c80cc8f440,0.2142857142857143,False,0.0
2,7,not_(x[6]),True,not_(x[6]),0.20238095238095233,c236778dc5683a72bff278f68dd0aee1,0.20238095238095233,False,0.0
2,7,"greater_than_or_equal(x[0], pdiv(mul(x[5],x[0]),add(x[2],x[3])))",False,,,6bd13e5c9520dc9d64cb6625929ead26,0.4642857142857143,False,0.0
2,7,not_(x[6]),True,not_(x[6]),0.20238095238095233,c236778dc5683a72bff278f68dd0aee1,0.20238095238095233,False,0.0
2,7,not_(x[6]),True,not_(x[6]),0.20238095238095233,c236778dc5683a72bff278f68dd0aee1,0.20238095238095233,False,0.0
2,7,not_(x[6]),True,not_(x[6]),0.20238095238095233,c236778dc5683a72bff278f68dd0aee1,0.20238095238095233,False,0.0
2,7,"less_than_or_equal(sub(add(x[0],x[5]),mul(x[2],x[0])),pdiv(mul(x[5],x[0]),add(x[2],x[3])))",True,"less_than_or_equal(sub(add(x[0],x[5]),mul(x[2],x[0])),pdiv(mul(x[5],x[0]),add(x[2],x[3])))",0.19047619047619047,58cc4f21233e882751aa955999da1daf,0.13636363636363635,True,-0.05411255411255411
2,8,not_(x[4]),True,not_(x[4]),0.20238095238095233,e9bf358728c366c73b72393d204b8cd2,0.20238095238095233,False,0.0
2,8,not_(x[6]),True,not_(x[6]),0.20238095238095233,c236778dc5683a72bff278f68dd0aee1,0.20238095238095233,False,0.0
2,8,not_(x[6]),True,not_(x[6]),0.20238095238095233,c236778dc5683a72bff278f68dd0aee1,0.20238095238095233,False,0.0
2,8,not_(x[4]),True,not_(x[4]),0.20238095238095233,e9bf358728c366c73b72393d204b8cd2,0.20238095238095233,False,0.0
2,8,not_(x[6]),True,not_(x[6]),0.20238095238095233,c236778dc5683a72bff278f68dd0aee1,0.20238095238095233,False,0.0
2,8,not_(x[6]),True,not_(x[6]),0.20238095238095233,c236778dc5683a72bff278f68dd0aee1,0.20238095238095233,False,0.0
2,8,not_(x[6]),True,not_(x[6]),0.20238095238095233,c236778dc5683a72bff278f68dd0aee1,0.20238095238095233,False,0.0
2,8,"less_than_or_equal(sub(add(x[0],x[5]),mul(x[2],x[0])),pdiv(mul(x[0],x[0]),x[3]))",False,,,787c558735b584b802f567bc9352d212,0.5357142857142857,False,0.0
2,8,not_(x[6]),True,not_(x[6]),0.20238095238095233,c236778dc5683a72bff278f68dd0aee1,0.20238095238095233,False,0.0
2,8,not_(x[4]),True,not_(x[4]),0.20238095238095233,e9bf358728c366c73b72393d204b8cd2,0.20238095238095233,False,0.0
2,8,"less_than_or_equal(sub(add(x[0],x[5]),sub(x[2],x[0])),pdiv(mul(x[5],x[3]),x[3]))",True,not_(x[4]),0.20238095238095233,e9bf358728c366c73b72393d204b8cd2,0.19047619047619047,True,-0.011904761904761862
2,8,"less_than_or_equal(mul(add(x[0],x[5]),mul(x[2],x[2])),23.62)",True,"less_than_or_equal(x[3],x[3])",0.7857142857142857,3352141c4f785c0403fcb33f533f7848,0.7857142857142857,False,0.0
2,8,"less_than_or_equal(sub(add(x[0],x[5]),mul(x[2],x[0])),90.46)",True,"less_than_or_equal(x[3],x[3])",0.7857142857142857,3352141c4f785c0403fcb33f533f7848,0.7857142857142857,False,0.0
2,8,not_(not_(x[4])),True,"not_(greater_than_or_equal(sub(x[0],x[3]), x[0]))",0.7976190476190477,95cffd09c37f5560118f86148db41cd5,0.7976190476190477,False,0.0
2,8,"not_(not_(or_(x[6],x[6])))",True,"or_(not_(greater_than_or_equal(x[3], x[3])),x[6])",0.7976190476190477,dabf352ca9fc16fe7897b3fa7e73f5cb,0.7976190476190477,False,0.0
2,8,not_(x[4]),True,not_(x[4]),0.20238095238095233,e9bf358728c366c73b72393d204b8cd2,0.20238095238095233,False,0.0
2,8,not_(x[6]),True,not_(x[6]),0.20238095238095233,c236778dc5683a72bff278f68dd0aee1,0.20238095238095233,False,0.0
2,8,not_(x[6]),True,not_(x[6]),0.20238095238095233,c236778dc5683a72bff278f68dd0aee1,0.20238095238095233,False,0.0
2,8,not_(x[4]),True,not_(x[4]),0.20238095238095233,e9bf358728c366c73b72393d204b8cd2,0.20238095238095233,False,0.0
2,8,not_(x[4]),True,not_(x[4]),0.20238095238095233,e9bf358728c366c73b72393d204b8cd2,0.20238095238095233,False,0.0
2,8,not_(x[4]),True,not_(x[4]),0.20238095238095233,e9bf358728c366c73b72393d204b8cd2,0.20238095238095233,False,0.0
2,8,not_(x[6]),True,not_(x[6]),0.20238095238095233,c236778dc5683a72bff278f68dd0aee1,0.20238095238095233,False,0.0
2,8,not_(x[6]),True,not_(x[6]),0.20238095238095233,c236778dc5683a72bff278f68dd0aee1,0.20238095238095233,False,0.0
2,8,not_(x[6]),True,not_(x[6]),0.20238095238095233,c236778dc5683a72bff278f68dd0aee1,0.20238095238095233,False,0.0
2,8,not_(x[6]),True,not_(x[6]),0.20238095238095233,c236778dc5683a72bff278f68dd0aee1,0.20238095238095233,False,0.0
2,8,"not_(less_than_or_equal(sub(74.65,x[2]),x[3]))",True,"less_than_or_equal(x[3],x[3])",0.7857142857142857,3352141c4f785c0403fcb33f533f7848,0.7857142857142857,False,0.0
2,8,not_(x[6]),True,not_(x[6]),0.20238095238095233,c236778dc5683a72bff278f68dd0aee1,0.20238095238095233,False,0.0
2,8,not_(x[6]),True,not_(x[6]),0.20238095238095233,c236778dc5683a72bff278f68dd0aee1,0.20238095238095233,False,0.0
2,8,not_(x[4]),True,not_(x[4]),0.20238095238095233,e9bf358728c366c73b72393d204b8cd2,0.20238095238095233,False,0.0
2,8,not_(x[6]),True,not_(x[6]),0.20238095238095233,c236778dc5683a72bff278f68dd0aee1,0.20238095238095233,False,0.0
2,8,not_(x[6]),True,not_(x[6]),0.20238095238095233,c236778dc5683a72bff278f68dd0aee1,0.20238095238095233,False,0.0
2,8,"not_(and_(x[6],x[6]))",True,not_(x[6]),0.20238095238095233,c236778dc5683a72bff278f68dd0aee1,0.20238095238095233,False,0.0
2,8,not_(x[6]),True,not_(x[6]),0.20238095238095233,c236778dc5683a72bff278f68dd0aee1,0.20238095238095233,False,0.0
2,8,not_(x[4]),True,not_(x[4]),0.20238095238095233,e9bf358728c366c73b72393d204b8cd2,0.20238095238095233,False,0.0
2,8,not_(x[6]),True,not_(x[6]),0.20238095238095233,c236778dc5683a72bff278f68dd0aee1,0.20238095238095233,False,0.0
2,8,not_(x[6]),True,not_(x[6]),0.20238095238095233,c236778dc5683a72bff278f68dd0aee1,0.20238095238095233,False,0.0
2,8,not_(x[6]),True,not_(x[6]),0.20238095238095233,c236778dc5683a72bff278f68dd0aee1,0.20238095238095233,False,0.0
2,8,"greater_than_or_equal(sub(add(x[0],x[5]),mul(x[2],x[0])), pdiv(mul(x[5],x[3]),x[5]))",True,"not_(less_than_or_equal(add(x[5],x[0]),x[3]))",0.7857142857142857,9a2dbc96849bcedc997fcb994ff4cef1,0.7619047619047619,True,-0.023809523809523836
2,8,not_(x[6]),True,not_(x[6]),0.20238095238095233,c236778dc5683a72bff278f68dd0aee1,0.20238095238095233,False,0.0
2,8,not_(x[6]),True,not_(x[6]),0.20238095238095233,c236778dc5683a72bff278f68dd0aee1,0.20238095238095233,False,0.0
2,8,not_(x[4]),True,not_(x[4]),0.20238095238095233,e9bf358728c366c73b72393d204b8cd2,0.20238095238095233,False,0.0
2,8,not_(x[6]),True,not_(x[6]),0.20238095238095233,c236778dc5683a72bff278f68dd0aee1,0.20238095238095233,False,0.0
2,8,not_(x[6]),True,not_(x[6]),0.20238095238095233,c236778dc5683a72bff278f68dd0aee1,0.20238095238095233,False,0.0
2,8,not_(x[4]),True,not_(x[4]),0.20238095238095233,e9bf358728c366c73b72393d204b8cd2,0.20238095238095233,False,0.0
2,8,not_(x[6]),True,not_(x[6]),0.20238095238095233,c236778dc5683a72bff278f68dd0aee1,0.20238095238095233,False,0.0
2,8,not_(x[6]),True,not_(x[6]),0.20238095238095233,c236778dc5683a72bff278f68dd0aee1,0.20238095238095233,False,0.0
2,8,not_(x[6]),True,not_(x[6]),0.20238095238095233,c236778dc5683a72bff278f68dd0aee1,0.20238095238095233,False,0.0
2,8,not_(x[6]),True,not_(x[6]),0.20238095238095233,c236778dc5683a72bff278f68dd0aee1,0.20238095238095233,False,0.0
2,8,not_(x[6]),True,not_(x[6]),0.20238095238095233,c236778dc5683a72bff278f68dd0aee1,0.20238095238095233,False,0.0
2,8,not_(x[6]),True,not_(x[6]),0.20238095238095233,c236778dc5683a72bff278f68dd0aee1,0.20238095238095233,False,0.0
2,8,not_(x[4]),True,not_(x[4]),0.20238095238095233,e9bf358728c366c73b72393d204b8cd2,0.20238095238095233,False,0.0
2,8,not_(x[4]),True,not_(x[4]),0.20238095238095233,e9bf358728c366c73b72393d204b8cd2,0.20238095238095233,False,0.0
2,8,not_(x[6]),True,not_(x[6]),0.20238095238095233,c236778dc5683a72bff278f68dd0aee1,0.20238095238095233,False,0.0
2,8,not_(x[6]),True,not_(x[6]),0.20238095238095233,c236778dc5683a72bff278f68dd0aee1,0.20238095238095233,False,0.0
2,8,not_(x[6]),True,not_(x[6]),0.20238095238095233,c236778dc5683a72bff278f68dd0aee1,0.20238095238095233,False,0.0
2,8,not_(x[6]),True,not_(x[6]),0.20238095238095233,c236778dc5683a72bff278f68dd0aee1,0.20238095238095233,False,0.0
2,8,not_(x[6]),True,not_(x[6]),0.20238095238095233,c236778dc5683a72bff278f68dd0aee1,0.20238095238095233,False,0.0
2,8,"less_than_or_equal(sub(add(x[0],x[5]),mul(x[0],x[0])),sub(x[0],pdiv(mul(x[5],x[0]),add(x[2],x[3]))))",True,"less_than_or_equal(53.67,mul(x[3],x[3]))",0.2142857142857143,2cece411320c1d56790d65c80cc8f440,0.22619047619047616,True,0.011904761904761862
2,8,not_(x[4]),True,not_(x[4]),0.20238095238095233,e9bf358728c366c73b72393d204b8cd2,0.20238095238095233,False,0.0
2,8,not_(x[6]),True,not_(x[6]),0.20238095238095233,c236778dc5683a72bff278f68dd0aee1,0.20238095238095233,False,0.0
2,8,not_(x[6]),True,not_(x[6]),0.20238095238095233,c236778dc5683a72bff278f68dd0aee1,0.20238095238095233,False,0.0
2,8,not_(x[6]),True,not_(x[6]),0.20238095238095233,c236778dc5683a72bff278f68dd0aee1,0.20238095238095233,False,0.0
2,8,"not_(or_(x[4],x[6]))",True,not_(x[6]),0.20238095238095233,c236778dc5683a72bff278f68dd0aee1,0.20238095238095233,False,0.0
2,8,not_(x[6]),True,not_(x[6]),0.20238095238095233,c236778dc5683a72bff278f68dd0aee1,0.20238095238095233,False,0.0
2,8,"less_than_or_equal(sub(add(x[0],x[5]),mul(x[2],x[0])),pdiv(mul(x[5],x[2]),add(x[2],x[3])))",True,not_(x[6]),0.20238095238095233,c236778dc5683a72bff278f68dd0aee1,0.20238095238095233,False,0.0
2,8,not_(x[4]),True,not_(x[4]),0.20238095238095233,e9bf358728c366c73b72393d204b8cd2,0.20238095238095233,False,0.0
2,8,not_(x[6]),True,not_(x[6]),0.20238095238095233,c236778dc5683a72bff278f68dd0aee1,0.20238095238095233,False,0.0
2,8,not_(x[6]),True,not_(x[6]),0.20238095238095233,c236778dc5683a72bff278f68dd0aee1,0.20238095238095233,False,0.0
2,8,not_(x[6]),True,not_(x[6]),0.20238095238095233,c236778dc5683a72bff278f68dd0aee1,0.20238095238095233,False,0.0
2,8,"less_than_or_equal(sub(add(x[0],x[0]),mul(x[3],x[0])),x[5])",False,,,fa7e8a371a73d3d8140d24f5eee3a792,0.47619047619047616,False,0.0
2,8,not_(x[6]),True,not_(x[6]),0.20238095238095233,c236778dc5683a72bff278f68dd0aee1,0.20238095238095233,False,0.0
2,8,not_(x[4]),True,not_(x[4]),0.20238095238095233,e9bf358728c366c73b72393d204b8cd2,0.20238095238095233,False,0.0
2,8,not_(x[4]),True,not_(x[4]),0.20238095238095233,e9bf358728c366c73b72393d204b8cd2,0.20238095238095233,False,0.0
2,8,not_(x[6]),True,not_(x[6]),0.20238095238095233,c236778dc5683a72bff278f68dd0aee1,0.20238095238095233,False,0.0
2,8,not_(x[4]),True,not_(x[4]),0.20238095238095233,e9bf358728c366c73b72393d204b8cd2,0.20238095238095233,False,0.0
2,8,not_(x[4]),True,not_(x[4]),0.20238095238095233,e9bf358728c366c73b72393d204b8cd2,0.20238095238095233,False,0.0
2,8,not_(x[4]),True,not_(x[4]),0.20238095238095233,e9bf358728c366c73b72393d204b8cd2,0.20238095238095233,False,0.0
2,8,not_(x[6]),True,not_(x[6]),0.20238095238095233,c236778dc5683a72bff278f68dd0aee1,0.20238095238095233,False,0.0
2,8,"less_than_or_equal(sub(add(x[0],x[5]),mul(x[2],x[0])),pdiv(add(x[3],sub(x[3],x[2])),x[0]))",True,"greater_than_or_equal(x[3], x[2])",0.2857142857142857,df01b571937a3f7e4f622298a23b040f,0.29761904761904767,True,0.011904761904761973
2,8,not_(x[6]),True,not_(x[6]),0.20238095238095233,c236778dc5683a72bff278f68dd0aee1,0.20238095238095233,False,0.0
2,8,not_(x[4]),True,not_(x[4]),0.20238095238095233,e9bf358728c366c73b72393d204b8cd2,0.20238095238095233,False,0.0
2,8,not_(x[6]),True,not_(x[6]),0.20238095238095233,c236778dc5683a72bff278f68dd0aee1,0.20238095238095233,False,0.0
2,8,not_(x[6]),True,not_(x[6]),0.20238095238095233,c236778dc5683a72bff278f68dd0aee1,0.20238095238095233,False,0.0
2,8,not_(x[6]),True,not_(x[6]),0.20238095238095233,c236778dc5683a72bff278f68dd0aee1,0.20238095238095233,False,0.0
2,8,not_(x[4]),True,not_(x[4]),0.20238095238095233,e9bf358728c366c73b72393d204b8cd2,0.20238095238095233,False,0.0
2,8,not_(x[6]),True,not_(x[6]),0.20238095238095233,c236778dc5683a72bff278f68dd0aee1,0.20238095238095233,False,0.0
2,8,not_(x[4]),True,not_(x[4]),0.20238095238095233,e9bf358728c366c73b72393d204b8cd2,0.20238095238095233,False,0.0
2,8,not_(x[6]),True,not_(x[6]),0.20238095238095233,c236778dc5683a72bff278f68dd0aee1,0.20238095238095233,False,0.0
2,8,not_(x[4]),True,not_(x[4]),0.20238095238095233,e9bf358728c366c73b72393d204b8cd2,0.20238095238095233,False,0.0
2,8,not_(x[6]),True,not_(x[6]),0.20238095238095233,c236778dc5683a72bff278f68dd0aee1,0.20238095238095233,False,0.0
2,8,not_(x[6]),True,not_(x[6]),0.20238095238095233,c236778dc5683a72bff278f68dd0aee1,0.20238095238095233,False,0.0
2,8,not_(x[6]),True,not_(x[6]),0.20238095238095233,c236778dc5683a72bff278f68dd0aee1,0.20238095238095233,False,0.0
2,8,not_(x[6]),True,not_(x[6]),0.20238095238095233,c236778dc5683a72bff278f68dd0aee1,0.20238095238095233,False,0.0
2,8,not_(x[4]),True,not_(x[4]),0.20238095238095233,e9bf358728c366c73b72393d204b8cd2,0.20238095238095233,False,0.0
2,8,not_(x[6]),True,not_(x[6]),0.20238095238095233,c236778dc5683a72bff278f68dd0aee1,0.20238095238095233,False,0.0
2,8,not_(x[6]),True,not_(x[6]),0.20238095238095233,c236778dc5683a72bff278f68dd0aee1,0.20238095238095233,False,0.0
2,8,not_(x[4]),True,not_(x[4]),0.20238095238095233,e9bf358728c366c73b72393d204b8cd2,0.20238095238095233,False,0.0
2,8,not_(x[6]),True,not_(x[6]),0.20238095238095233,c236778dc5683a72bff278f68dd0aee1,0.20238095238095233,False,0.0
2,8,not_(x[6]),True,not_(x[6]),0.20238095238095233,c236778dc5683a72bff278f68dd0aee1,0.20238095238095233,False,0.0
2,8,not_(x[6]),True,not_(x[6]),0.20238095238095233,c236778dc5683a72bff278f68dd0aee1,0.20238095238095233,False,0.0
2,8,"not_(and_(x[6],x[6]))",True,not_(x[6]),0.20238095238095233,c236778dc5683a72bff278f68dd0aee1,0.20238095238095233,False,0.0
2,8,not_(x[6]),True,not_(x[6]),0.20238095238095233,c236778dc5683a72bff278f68dd0aee1,0.20238095238095233,False,0.0
2,8,not_(x[4]),True,not_(x[4]),0.20238095238095233,e9bf358728c366c73b72393d204b8cd2,0.20238095238095233,False,0.0
2,8,not_(x[6]),True,not_(x[6]),0.20238095238095233,c236778dc5683a72bff278f68dd0aee1,0.20238095238095233,False,0.0
2,8,not_(x[6]),True,not_(x[6]),0.20238095238095233,c236778dc5683a72bff278f68dd0aee1,0.20238095238095233,False,0.0
2,8,"and_(x[6],x[6])",True,"or_(not_(greater_than_or_equal(x[3], x[3])),x[6])",0.7976190476190477,dabf352ca9fc16fe7897b3fa7e73f5cb,0.7976190476190477,False,0.0
2,8,not_(x[6]),True,not_(x[6]),0.20238095238095233,c236778dc5683a72bff278f68dd0aee1,0.20238095238095233,False,0.0
2,8,not_(x[6]),True,not_(x[6]),0.20238095238095233,c236778dc5683a72bff278f68dd0aee1,0.20238095238095233,False,0.0
2,8,x[6],True,x[6],0.7976190476190477,5dd9d7c24dce7ece1d734bf6c32f4813,0.7976190476190477,False,0.0
2,8,not_(x[6]),True,not_(x[6]),0.20238095238095233,c236778dc5683a72bff278f68dd0aee1,0.20238095238095233,False,0.0
2,8,not_(x[4]),True,not_(x[4]),0.20238095238095233,e9bf358728c366c73b72393d204b8cd2,0.20238095238095233,False,0.0
2,8,not_(x[6]),True,not_(x[6]),0.20238095238095233,c236778dc5683a72bff278f68dd0aee1,0.20238095238095233,False,0.0
2,8,not_(x[4]),True,not_(x[4]),0.20238095238095233,e9bf358728c366c73b72393d204b8cd2,0.20238095238095233,False,0.0
2,8,not_(x[6]),True,not_(x[6]),0.20238095238095233,c236778dc5683a72bff278f68dd0aee1,0.20238095238095233,False,0.0
2,8,not_(x[4]),True,not_(x[4]),0.20238095238095233,e9bf358728c366c73b72393d204b8cd2,0.20238095238095233,False,0.0
2,8,not_(x[6]),True,not_(x[6]),0.20238095238095233,c236778dc5683a72bff278f68dd0aee1,0.20238095238095233,False,0.0
2,8,not_(x[6]),True,not_(x[6]),0.20238095238095233,c236778dc5683a72bff278f68dd0aee1,0.20238095238095233,False,0.0
2,8,not_(x[6]),True,not_(x[6]),0.20238095238095233,c236778dc5683a72bff278f68dd0aee1,0.20238095238095233,False,0.0
2,8,not_(x[6]),True,not_(x[6]),0.20238095238095233,c236778dc5683a72bff278f68dd0aee1,0.20238095238095233,False,0.0
2,8,not_(x[4]),True,not_(x[4]),0.20238095238095233,e9bf358728c366c73b72393d204b8cd2,0.20238095238095233,False,0.0
2,8,not_(x[6]),True,not_(x[6]),0.20238095238095233,c236778dc5683a72bff278f68dd0aee1,0.20238095238095233,False,0.0
2,8,not_(x[6]),True,not_(x[6]),0.20238095238095233,c236778dc5683a72bff278f68dd0aee1,0.20238095238095233,False,0.0
2,8,not_(x[4]),True,not_(x[4]),0.20238095238095233,e9bf358728c366c73b72393d204b8cd2,0.20238095238095233,False,0.0
2,8,"less_than_or_equal(mul(add(x[0],x[5]),mul(x[2],x[2])),pdiv(mul(x[5],x[0]),add(x[5],x[3])))",False,,,9ac49df86a9718978a0082dffd987c81,0.5833333333333333,False,0.0
2,8,not_(x[4]),True,not_(x[4]),0.20238095238095233,e9bf358728c366c73b72393d204b8cd2,0.20238095238095233,False,0.0
2,8,not_(x[6]),True,not_(x[6]),0.20238095238095233,c236778dc5683a72bff278f68dd0aee1,0.20238095238095233,False,0.0
2,8,not_(x[4]),True,not_(x[4]),0.20238095238095233,e9bf358728c366c73b72393d204b8cd2,0.20238095238095233,False,0.0
2,8,not_(x[6]),True,not_(x[6]),0.20238095238095233,c236778dc5683a72bff278f68dd0aee1,0.20238095238095233,False,0.0
2,8,not_(x[6]),True,not_(x[6]),0.20238095238095233,c236778dc5683a72bff278f68dd0aee1,0.20238095238095233,False,0.0
2,8,not_(x[6]),True,not_(x[6]),0.20238095238095233,c236778dc5683a72bff278f68dd0aee1,0.20238095238095233,False,0.0
2,8,not_(x[4]),True,not_(x[4]),0.20238095238095233,e9bf358728c366c73b72393d204b8cd2,0.20238095238095233,False,0.0
2,8,not_(x[6]),True,not_(x[6]),0.20238095238095233,c236778dc5683a72bff278f68dd0aee1,0.20238095238095233,False,0.0
2,8,not_(x[6]),True,not_(x[6]),0.20238095238095233,c236778dc5683a72bff278f68dd0aee1,0.20238095238095233,False,0.0
2,8,not_(x[6]),True,not_(x[6]),0.20238095238095233,c236778dc5683a72bff278f68dd0aee1,0.20238095238095233,False,0.0
2,8,"not_(or_(x[6],x[1]))",True,"less_than_or_equal(53.67,mul(x[3],x[3]))",0.2142857142857143,2cece411320c1d56790d65c80cc8f440,0.2142857142857143,False,0.0
2,8,not_(x[4]),True,not_(x[4]),0.20238095238095233,e9bf358728c366c73b72393d204b8cd2,0.20238095238095233,False,0.0
2,8,not_(x[6]),True,not_(x[6]),0.20238095238095233,c236778dc5683a72bff278f68dd0aee1,0.20238095238095233,False,0.0
2,8,not_(x[4]),True,not_(x[4]),0.20238095238095233,e9bf358728c366c73b72393d204b8cd2,0.20238095238095233,False,0.0
2,8,not_(x[6]),True,not_(x[6]),0.20238095238095233,c236778dc5683a72bff278f68dd0aee1,0.20238095238095233,False,0.0
2,8,not_(x[6]),True,not_(x[6]),0.20238095238095233,c236778dc5683a72bff278f68dd0aee1,0.20238095238095233,False,0.0
2,8,not_(x[6]),True,not_(x[6]),0.20238095238095233,c236778dc5683a72bff278f68dd0aee1,0.20238095238095233,False,0.0
2,8,not_(x[4]),True,not_(x[4]),0.20238095238095233,e9bf358728c366c73b72393d204b8cd2,0.20238095238095233,False,0.0
2,8,not_(x[4]),True,not_(x[4]),0.20238095238095233,e9bf358728c366c73b72393d204b8cd2,0.20238095238095233,False,0.0
2,8,not_(x[4]),True,not_(x[4]),0.20238095238095233,e9bf358728c366c73b72393d204b8cd2,0.20238095238095233,False,0.0
2,8,not_(x[4]),True,not_(x[4]),0.20238095238095233,e9bf358728c366c73b72393d204b8cd2,0.20238095238095233,False,0.0
2,8,not_(x[6]),True,not_(x[6]),0.20238095238095233,c236778dc5683a72bff278f68dd0aee1,0.20238095238095233,False,0.0
2,8,not_(x[6]),True,not_(x[6]),0.20238095238095233,c236778dc5683a72bff278f68dd0aee1,0.20238095238095233,False,0.0
2,8,not_(x[4]),True,not_(x[4]),0.20238095238095233,e9bf358728c366c73b72393d204b8cd2,0.20238095238095233,False,0.0
2,8,not_(x[6]),True,not_(x[6]),0.20238095238095233,c236778dc5683a72bff278f68dd0aee1,0.20238095238095233,False,0.0
2,8,not_(x[6]),True,not_(x[6]),0.20238095238095233,c236778dc5683a72bff278f68dd0aee1,0.20238095238095233,False,0.0
2,8,not_(x[6]),True,not_(x[6]),0.20238095238095233,c236778dc5683a72bff278f68dd0aee1,0.20238095238095233,False,0.0
2,8,not_(x[6]),True,not_(x[6]),0.20238095238095233,c236778dc5683a72bff278f68dd0aee1,0.20238095238095233,False,0.0
2,8,not_(not_(x[6])),True,"or_(not_(greater_than_or_equal(x[3], x[3])),x[6])",0.7976190476190477,dabf352ca9fc16fe7897b3fa7e73f5cb,0.7976190476190477,False,0.0
2,8,not_(x[4]),True,not_(x[4]),0.20238095238095233,e9bf358728c366c73b72393d204b8cd2,0.20238095238095233,False,0.0
2,8,not_(x[4]),True,not_(x[4]),0.20238095238095233,e9bf358728c366c73b72393d204b8cd2,0.20238095238095233,False,0.0
2,8,"not_(and_(x[6],x[6]))",True,not_(x[6]),0.20238095238095233,c236778dc5683a72bff278f68dd0aee1,0.20238095238095233,False,0.0
2,8,"or_(x[4],x[6])",True,"or_(not_(greater_than_or_equal(x[3], x[3])),x[6])",0.7976190476190477,dabf352ca9fc16fe7897b3fa7e73f5cb,0.7976190476190477,False,0.0
2,8,not_(x[6]),True,not_(x[6]),0.20238095238095233,c236778dc5683a72bff278f68dd0aee1,0.20238095238095233,False,0.0
2,8,not_(x[6]),True,not_(x[6]),0.20238095238095233,c236778dc5683a72bff278f68dd0aee1,0.20238095238095233,False,0.0
2,8,not_(x[4]),True,not_(x[4]),0.20238095238095233,e9bf358728c366c73b72393d204b8cd2,0.20238095238095233,False,0.0
2,8,not_(x[6]),True,not_(x[6]),0.20238095238095233,c236778dc5683a72bff278f68dd0aee1,0.20238095238095233,False,0.0
2,8,not_(x[4]),True,not_(x[4]),0.20238095238095233,e9bf358728c366c73b72393d204b8cd2,0.20238095238095233,False,0.0
2,8,not_(x[6]),True,not_(x[6]),0.20238095238095233,c236778dc5683a72bff278f68dd0aee1,0.20238095238095233,False,0.0
2,8,not_(x[4]),True,not_(x[4]),0.20238095238095233,e9bf358728c366c73b72393d204b8cd2,0.20238095238095233,False,0.0
2,8,not_(x[6]),True,not_(x[6]),0.20238095238095233,c236778dc5683a72bff278f68dd0aee1,0.20238095238095233,False,0.0
2,8,not_(x[6]),True,not_(x[6]),0.20238095238095233,c236778dc5683a72bff278f68dd0aee1,0.20238095238095233,False,0.0
2,8,not_(x[6]),True,not_(x[6]),0.20238095238095233,c236778dc5683a72bff278f68dd0aee1,0.20238095238095233,False,0.0
2,8,not_(x[4]),True,not_(x[4]),0.20238095238095233,e9bf358728c366c73b72393d204b8cd2,0.20238095238095233,False,0.0
2,8,not_(x[4]),True,not_(x[4]),0.20238095238095233,e9bf358728c366c73b72393d204b8cd2,0.20238095238095233,False,0.0
2,8,not_(x[6]),True,not_(x[6]),0.20238095238095233,c236778dc5683a72bff278f68dd0aee1,0.20238095238095233,False,0.0
2,8,not_(x[6]),True,not_(x[6]),0.20238095238095233,c236778dc5683a72bff278f68dd0aee1,0.20238095238095233,False,0.0
2,8,not_(x[6]),True,not_(x[6]),0.20238095238095233,c236778dc5683a72bff278f68dd0aee1,0.20238095238095233,False,0.0
2,8,not_(x[4]),True,not_(x[4]),0.20238095238095233,e9bf358728c366c73b72393d204b8cd2,0.20238095238095233,False,0.0
2,8,not_(x[4]),True,not_(x[4]),0.20238095238095233,e9bf358728c366c73b72393d204b8cd2,0.20238095238095233,False,0.0
2,8,not_(x[4]),True,not_(x[4]),0.20238095238095233,e9bf358728c366c73b72393d204b8cd2,0.20238095238095233,False,0.0
2,8,not_(x[6]),True,not_(x[6]),0.20238095238095233,c236778dc5683a72bff278f68dd0aee1,0.20238095238095233,False,0.0
2,8,not_(x[6]),True,not_(x[6]),0.20238095238095233,c236778dc5683a72bff278f68dd0aee1,0.20238095238095233,False,0.0
2,8,not_(x[4]),True,not_(x[4]),0.20238095238095233,e9bf358728c366c73b72393d204b8cd2,0.20238095238095233,False,0.0
2,8,not_(x[6]),True,not_(x[6]),0.20238095238095233,c236778dc5683a72bff278f68dd0aee1,0.20238095238095233,False,0.0
2,8,not_(x[1]),True,"less_than_or_equal(53.67,mul(x[3],x[3]))",0.2142857142857143,2cece411320c1d56790d65c80cc8f440,0.22619047619047616,True,0.011904761904761862
2,8,not_(x[4]),True,not_(x[4]),0.20238095238095233,e9bf358728c366c73b72393d204b8cd2,0.20238095238095233,False,0.0
2,8,not_(x[6]),True,not_(x[6]),0.20238095238095233,c236778dc5683a72bff278f68dd0aee1,0.20238095238095233,False,0.0
2,8,not_(x[6]),True,not_(x[6]),0.20238095238095233,c236778dc5683a72bff278f68dd0aee1,0.20238095238095233,False,0.0
2,8,not_(x[6]),True,not_(x[6]),0.20238095238095233,c236778dc5683a72bff278f68dd0aee1,0.20238095238095233,False,0.0
2,8,not_(x[4]),True,not_(x[4]),0.20238095238095233,e9bf358728c366c73b72393d204b8cd2,0.20238095238095233,False,0.0
2,8,not_(x[6]),True,not_(x[6]),0.20238095238095233,c236778dc5683a72bff278f68dd0aee1,0.20238095238095233,False,0.0
2,8,not_(x[6]),True,not_(x[6]),0.20238095238095233,c236778dc5683a72bff278f68dd0aee1,0.20238095238095233,False,0.0
2,8,not_(x[6]),True,not_(x[6]),0.20238095238095233,c236778dc5683a72bff278f68dd0aee1,0.20238095238095233,False,0.0
2,8,not_(x[6]),True,not_(x[6]),0.20238095238095233,c236778dc5683a72bff278f68dd0aee1,0.20238095238095233,False,0.0
2,8,not_(x[4]),True,not_(x[4]),0.20238095238095233,e9bf358728c366c73b72393d204b8cd2,0.20238095238095233,False,0.0
2,8,"less_than_or_equal(sub(add(x[0],x[5]),mul(x[2],x[0])),pdiv(mul(x[5],x[3]),add(x[2],x[3])))",True,not_(x[6]),0.20238095238095233,c236778dc5683a72bff278f68dd0aee1,0.20238095238095233,False,0.0
2,8,not_(x[4]),True,not_(x[4]),0.20238095238095233,e9bf358728c366c73b72393d204b8cd2,0.20238095238095233,False,0.0
2,8,not_(x[6]),True,not_(x[6]),0.20238095238095233,c236778dc5683a72bff278f68dd0aee1,0.20238095238095233,False,0.0
2,8,not_(x[4]),True,not_(x[4]),0.20238095238095233,e9bf358728c366c73b72393d204b8cd2,0.20238095238095233,False,0.0
2,8,not_(x[6]),True,not_(x[6]),0.20238095238095233,c236778dc5683a72bff278f68dd0aee1,0.20238095238095233,False,0.0
2,8,not_(x[6]),True,not_(x[6]),0.20238095238095233,c236778dc5683a72bff278f68dd0aee1,0.20238095238095233,False,0.0
2,8,"and_(x[6],x[6])",True,"or_(not_(greater_than_or_equal(x[3], x[3])),x[6])",0.7976190476190477,dabf352ca9fc16fe7897b3fa7e73f5cb,0.7976190476190477,False,0.0
2,8,not_(x[6]),True,not_(x[6]),0.20238095238095233,c236778dc5683a72bff278f68dd0aee1,0.20238095238095233,False,0.0
2,8,not_(x[6]),True,not_(x[6]),0.20238095238095233,c236778dc5683a72bff278f68dd0aee1,0.20238095238095233,False,0.0
2,8,not_(x[6]),True,not_(x[6]),0.20238095238095233,c236778dc5683a72bff278f68dd0aee1,0.20238095238095233,False,0.0
2,8,"less_than_or_equal(sub(add(x[0],x[5]),mul(x[2],x[0])),pdiv(mul(x[5],x[3]),mul(x[3],x[3])))",True,"less_than_or_equal(x[3],x[3])",0.7857142857142857,3352141c4f785c0403fcb33f533f7848,0.75,True,-0.0357142857142857
2,8,not_(x[6]),True,not_(x[6]),0.20238095238095233,c236778dc5683a72bff278f68dd0aee1,0.20238095238095233,False,0.0
2,8,not_(x[6]),True,not_(x[6]),0.20238095238095233,c236778dc5683a72bff278f68dd0aee1,0.20238095238095233,False,0.0
2,8,not_(x[4]),True,not_(x[4]),0.20238095238095233,e9bf358728c366c73b72393d204b8cd2,0.20238095238095233,False,0.0
2,8,not_(x[4]),True,not_(x[4]),0.20238095238095233,e9bf358728c366c73b72393d204b8cd2,0.20238095238095233,False,0.0
2,8,not_(x[4]),True,not_(x[4]),0.20238095238095233,e9bf358728c366c73b72393d204b8cd2,0.20238095238095233,False,0.0
2,8,not_(x[6]),True,not_(x[6]),0.20238095238095233,c236778dc5683a72bff278f68dd0aee1,0.20238095238095233,False,0.0
2,8,not_(x[4]),True,not_(x[4]),0.20238095238095233,e9bf358728c366c73b72393d204b8cd2,0.20238095238095233,False,0.0
2,8,not_(x[6]),True,not_(x[6]),0.20238095238095233,c236778dc5683a72bff278f68dd0aee1,0.20238095238095233,False,0.0
2,8,"not_(or_(x[6],x[6]))",True,not_(x[6]),0.20238095238095233,c236778dc5683a72bff278f68dd0aee1,0.20238095238095233,False,0.0
2,8,not_(x[4]),True,not_(x[4]),0.20238095238095233,e9bf358728c366c73b72393d204b8cd2,0.20238095238095233,False,0.0
2,8,not_(not_(x[6])),True,"or_(not_(greater_than_or_equal(x[3], x[3])),x[6])",0.7976190476190477,dabf352ca9fc16fe7897b3fa7e73f5cb,0.7976190476190477,False,0.0
2,8,"not_(or_(x[6],x[1]))",True,"less_than_or_equal(53.67,mul(x[3],x[3]))",0.2142857142857143,2cece411320c1d56790d65c80cc8f440,0.2142857142857143,False,0.0
2,8,not_(x[6]),True,not_(x[6]),0.20238095238095233,c236778dc5683a72bff278f68dd0aee1,0.20238095238095233,False,0.0
2,8,not_(x[4]),True,not_(x[4]),0.20238095238095233,e9bf358728c366c73b72393d204b8cd2,0.20238095238095233,False,0.0
2,8,not_(x[6]),True,not_(x[6]),0.20238095238095233,c236778dc5683a72bff278f68dd0aee1,0.20238095238095233,False,0.0
2,8,not_(x[4]),True,not_(x[4]),0.20238095238095233,e9bf358728c366c73b72393d204b8cd2,0.20238095238095233,False,0.0
2,8,not_(x[6]),True,not_(x[6]),0.20238095238095233,c236778dc5683a72bff278f68dd0aee1,0.20238095238095233,False,0.0
2,8,not_(x[6]),True,not_(x[6]),0.20238095238095233,c236778dc5683a72bff278f68dd0aee1,0.20238095238095233,False,0.0
2,8,not_(x[6]),True,not_(x[6]),0.20238095238095233,c236778dc5683a72bff278f68dd0aee1,0.20238095238095233,False,0.0
2,8,not_(x[4]),True,not_(x[4]),0.20238095238095233,e9bf358728c366c73b72393d204b8cd2,0.20238095238095233,False,0.0
2,8,not_(x[1]),True,"less_than_or_equal(53.67,mul(x[3],x[3]))",0.2142857142857143,2cece411320c1d56790d65c80cc8f440,0.22619047619047616,True,0.011904761904761862
2,8,not_(x[6]),True,not_(x[6]),0.20238095238095233,c236778dc5683a72bff278f68dd0aee1,0.20238095238095233,False,0.0
2,8,not_(x[6]),True,not_(x[6]),0.20238095238095233,c236778dc5683a72bff278f68dd0aee1,0.20238095238095233,False,0.0
2,8,not_(x[6]),True,not_(x[6]),0.20238095238095233,c236778dc5683a72bff278f68dd0aee1,0.20238095238095233,False,0.0
2,8,not_(x[6]),True,not_(x[6]),0.20238095238095233,c236778dc5683a72bff278f68dd0aee1,0.20238095238095233,False,0.0
2,8,not_(x[6]),True,not_(x[6]),0.20238095238095233,c236778dc5683a72bff278f68dd0aee1,0.20238095238095233,False,0.0
2,8,not_(x[4]),True,not_(x[4]),0.20238095238095233,e9bf358728c366c73b72393d204b8cd2,0.20238095238095233,False,0.0
2,8,not_(x[4]),True,not_(x[4]),0.20238095238095233,e9bf358728c366c73b72393d204b8cd2,0.20238095238095233,False,0.0
2,8,not_(x[6]),True,not_(x[6]),0.20238095238095233,c236778dc5683a72bff278f68dd0aee1,0.20238095238095233,False,0.0
2,8,not_(x[6]),True,not_(x[6]),0.20238095238095233,c236778dc5683a72bff278f68dd0aee1,0.20238095238095233,False,0.0
2,8,not_(x[6]),True,not_(x[6]),0.20238095238095233,c236778dc5683a72bff278f68dd0aee1,0.20238095238095233,False,0.0
2,8,not_(x[6]),True,not_(x[6]),0.20238095238095233,c236778dc5683a72bff278f68dd0aee1,0.20238095238095233,False,0.0
2,8,not_(x[6]),True,not_(x[6]),0.20238095238095233,c236778dc5683a72bff278f68dd0aee1,0.20238095238095233,False,0.0
2,8,not_(x[4]),True,not_(x[4]),0.20238095238095233,e9bf358728c366c73b72393d204b8cd2,0.20238095238095233,False,0.0
2,8,not_(x[6]),True,not_(x[6]),0.20238095238095233,c236778dc5683a72bff278f68dd0aee1,0.20238095238095233,False,0.0
2,8,not_(x[6]),True,not_(x[6]),0.20238095238095233,c236778dc5683a72bff278f68dd0aee1,0.20238095238095233,False,0.0
2,8,not_(not_(x[6])),True,"or_(not_(greater_than_or_equal(x[3], x[3])),x[6])",0.7976190476190477,dabf352ca9fc16fe7897b3fa7e73f5cb,0.7976190476190477,False,0.0
2,8,not_(x[1]),True,"less_than_or_equal(53.67,mul(x[3],x[3]))",0.2142857142857143,2cece411320c1d56790d65c80cc8f440,0.22619047619047616,True,0.011904761904761862
2,8,not_(x[6]),True,not_(x[6]),0.20238095238095233,c236778dc5683a72bff278f68dd0aee1,0.20238095238095233,False,0.0
2,8,not_(x[4]),True,not_(x[4]),0.20238095238095233,e9bf358728c366c73b72393d204b8cd2,0.20238095238095233,False,0.0
2,8,not_(x[4]),True,not_(x[4]),0.20238095238095233,e9bf358728c366c73b72393d204b8cd2,0.20238095238095233,False,0.0
2,8,"less_than_or_equal(sub(add(x[0],x[5]),mul(x[2],x[0])),pdiv(mul(x[5],x[0]),add(x[2],x[3])))",True,"less_than_or_equal(sub(add(x[0],x[5]),mul(x[2],x[0])),pdiv(mul(x[5],x[0]),add(x[2],x[3])))",0.19047619047619047,58cc4f21233e882751aa955999da1daf,0.13636363636363635,True,-0.05411255411255411
2,9,not_(x[6]),True,not_(x[6]),0.20238095238095233,c236778dc5683a72bff278f68dd0aee1,0.20238095238095233,False,0.0
2,9,not_(x[6]),True,not_(x[6]),0.20238095238095233,c236778dc5683a72bff278f68dd0aee1,0.20238095238095233,False,0.0
2,9,not_(x[6]),True,not_(x[6]),0.20238095238095233,c236778dc5683a72bff278f68dd0aee1,0.20238095238095233,False,0.0
2,9,not_(x[6]),True,not_(x[6]),0.20238095238095233,c236778dc5683a72bff278f68dd0aee1,0.20238095238095233,False,0.0
2,9,not_(x[6]),True,not_(x[6]),0.20238095238095233,c236778dc5683a72bff278f68dd0aee1,0.20238095238095233,False,0.0
2,9,"not_(or_(x[4],x[6]))",True,not_(x[6]),0.20238095238095233,c236778dc5683a72bff278f68dd0aee1,0.20238095238095233,False,0.0
2,9,not_(x[1]),True,"less_than_or_equal(53.67,mul(x[3],x[3]))",0.2142857142857143,2cece411320c1d56790d65c80cc8f440,0.22619047619047616,True,0.011904761904761862
2,9,not_(x[6]),True,not_(x[6]),0.20238095238095233,c236778dc5683a72bff278f68dd0aee1,0.20238095238095233,False,0.0
2,9,not_(x[6]),True,not_(x[6]),0.20238095238095233,c236778dc5683a72bff278f68dd0aee1,0.20238095238095233,False,0.0
2,9,not_(x[6]),True,not_(x[6]),0.20238095238095233,c236778dc5683a72bff278f68dd0aee1,0.20238095238095233,False,0.0
2,9,not_(x[6]),True,not_(x[6]),0.20238095238095233,c236778dc5683a72bff278f68dd0aee1,0.20238095238095233,False,0.0
2,9,not_(x[6]),True,not_(x[6]),0.20238095238095233,c236778dc5683a72bff278f68dd0aee1,0.20238095238095233,False,0.0
2,9,not_(x[4]),True,not_(x[4]),0.20238095238095233,e9bf358728c366c73b72393d204b8cd2,0.20238095238095233,False,0.0
2,9,not_(x[6]),True,not_(x[6]),0.20238095238095233,c236778dc5683a72bff278f68dd0aee1,0.20238095238095233,False,0.0
2,9,not_(x[6]),True,not_(x[6]),0.20238095238095233,c236778dc5683a72bff278f68dd0aee1,0.20238095238095233,False,0.0
2,9,not_(x[6]),True,not_(x[6]),0.20238095238095233,c236778dc5683a72bff278f68dd0aee1,0.20238095238095233,False,0.0
2,9,not_(x[6]),True,not_(x[6]),0.20238095238095233,c236778dc5683a72bff278f68dd0aee1,0.20238095238095233,False,0.0
2,9,not_(x[6]),True,not_(x[6]),0.20238095238095233,c236778dc5683a72bff278f68dd0aee1,0.20238095238095233,False,0.0
2,9,"and_(x[4],x[6])",True,"not_(greater_than_or_equal(sub(x[0],x[3]), x[0]))",0.7976190476190477,95cffd09c37f5560118f86148db41cd5,0.7976190476190477,False,0.0
2,9,not_(x[6]),True,not_(x[6]),0.20238095238095233,c236778dc5683a72bff278f68dd0aee1,0.20238095238095233,False,0.0
2,9,not_(x[4]),True,not_(x[4]),0.20238095238095233,e9bf358728c366c73b72393d204b8cd2,0.20238095238095233,False,0.0
2,9,not_(x[6]),True,not_(x[6]),0.20238095238095233,c236778dc5683a72bff278f68dd0aee1,0.20238095238095233,False,0.0
2,9,not_(x[4]),True,not_(x[4]),0.20238095238095233,e9bf358728c366c73b72393d204b8cd2,0.20238095238095233,False,0.0
2,9,not_(x[6]),True,not_(x[6]),0.20238095238095233,c236778dc5683a72bff278f68dd0aee1,0.20238095238095233,False,0.0
2,9,not_(x[6]),True,not_(x[6]),0.20238095238095233,c236778dc5683a72bff278f68dd0aee1,0.20238095238095233,False,0.0
2,9,not_(x[4]),True,not_(x[4]),0.20238095238095233,e9bf358728c366c73b72393d204b8cd2,0.20238095238095233,False,0.0
2,9,not_(x[6]),True,not_(x[6]),0.20238095238095233,c236778dc5683a72bff278f68dd0aee1,0.20238095238095233,False,0.0
2,9,not_(x[6]),True,not_(x[6]),0.20238095238095233,c236778dc5683a72bff278f68dd0aee1,0.20238095238095233,False,0.0
2,9,not_(x[6]),True,not_(x[6]),0.20238095238095233,c236778dc5683a72bff278f68dd0aee1,0.20238095238095233,False,0.0
2,9,not_(x[6]),True,not_(x[6]),0.20238095238095233,c236778dc5683a72bff278f68dd0aee1,0.20238095238095233,False,0.0
2,9,not_(x[4]),True,not_(x[4]),0.20238095238095233,e9bf358728c366c73b72393d204b8cd2,0.20238095238095233,False,0.0
2,9,not_(x[6]),True,not_(x[6]),0.20238095238095233,c236778dc5683a72bff278f68dd0aee1,0.20238095238095233,False,0.0
2,9,"or_(x[4],x[6])",True,"or_(not_(greater_than_or_equal(x[3], x[3])),x[6])",0.7976190476190477,dabf352ca9fc16fe7897b3fa7e73f5cb,0.7976190476190477,False,0.0
2,9,not_(x[6]),True,not_(x[6]),0.20238095238095233,c236778dc5683a72bff278f68dd0aee1,0.20238095238095233,False,0.0
2,9,not_(x[6]),True,not_(x[6]),0.20238095238095233,c236778dc5683a72bff278f68dd0aee1,0.20238095238095233,False,0.0
2,9,not_(x[4]),True,not_(x[4]),0.20238095238095233,e9bf358728c366c73b72393d204b8cd2,0.20238095238095233,False,0.0
2,9,not_(x[6]),True,not_(x[6]),0.20238095238095233,c236778dc5683a72bff278f68dd0aee1,0.20238095238095233,False,0.0
2,9,not_(x[4]),True,not_(x[4]),0.20238095238095233,e9bf358728c366c73b72393d204b8cd2,0.20238095238095233,False,0.0
2,9,not_(x[6]),True,not_(x[6]),0.20238095238095233,c236778dc5683a72bff278f68dd0aee1,0.20238095238095233,False,0.0
2,9,not_(x[6]),True,not_(x[6]),0.20238095238095233,c236778dc5683a72bff278f68dd0aee1,0.20238095238095233,False,0.0
2,9,not_(x[6]),True,not_(x[6]),0.20238095238095233,c236778dc5683a72bff278f68dd0aee1,0.20238095238095233,False,0.0
2,9,not_(x[6]),True,not_(x[6]),0.20238095238095233,c236778dc5683a72bff278f68dd0aee1,0.20238095238095233,False,0.0
2,9,not_(x[6]),True,not_(x[6]),0.20238095238095233,c236778dc5683a72bff278f68dd0aee1,0.20238095238095233,False,0.0
2,9,"less_than_or_equal(sub(x[3],x[5]),add(x[0],x[5]))",True,"less_than_or_equal(x[3],x[3])",0.7857142857142857,3352141c4f785c0403fcb33f533f7848,0.7857142857142857,False,0.0
2,9,not_(x[6]),True,not_(x[6]),0.20238095238095233,c236778dc5683a72bff278f68dd0aee1,0.20238095238095233,False,0.0
2,9,not_(x[6]),True,not_(x[6]),0.20238095238095233,c236778dc5683a72bff278f68dd0aee1,0.20238095238095233,False,0.0
2,9,"less_than_or_equal(sub(add(x[0],x[5]),mul(x[0],pdiv(mul(x[5],x[0]),add(x[2],x[3])))),x[3])",True,"not_(greater_than_or_equal(add(x[5],x[0]), x[3]))",0.2142857142857143,19748f61bf98b56966aabd621012162c,0.2142857142857143,False,0.0
2,9,"less_than_or_equal(sub(add(x[0],x[5]),mul(x[2],x[0])),x[0])",True,"less_than_or_equal(53.67,mul(x[3],x[3]))",0.2142857142857143,2cece411320c1d56790d65c80cc8f440,0.25,True,0.0357142857142857
2,9,not_(x[6]),True,not_(x[6]),0.20238095238095233,c236778dc5683a72bff278f68dd0aee1,0.20238095238095233,False,0.0
2,9,not_(x[6]),True,not_(x[6]),0.20238095238095233,c236778dc5683a72bff278f68dd0aee1,0.20238095238095233,False,0.0
2,9,not_(x[6]),True,not_(x[6]),0.20238095238095233,c236778dc5683a72bff278f68dd0aee1,0.20238095238095233,False,0.0
2,9,not_(x[6]),True,not_(x[6]),0.20238095238095233,c236778dc5683a72bff278f68dd0aee1,0.20238095238095233,False,0.0
2,9,not_(x[6]),True,not_(x[6]),0.20238095238095233,c236778dc5683a72bff278f68dd0aee1,0.20238095238095233,False,0.0
2,9,not_(x[6]),True,not_(x[6]),0.20238095238095233,c236778dc5683a72bff278f68dd0aee1,0.20238095238095233,False,0.0
2,9,not_(x[6]),True,not_(x[6]),0.20238095238095233,c236778dc5683a72bff278f68dd0aee1,0.20238095238095233,False,0.0
2,9,not_(x[4]),True,not_(x[4]),0.20238095238095233,e9bf358728c366c73b72393d204b8cd2,0.20238095238095233,False,0.0
2,9,not_(x[6]),True,not_(x[6]),0.20238095238095233,c236778dc5683a72bff278f68dd0aee1,0.20238095238095233,False,0.0
2,9,not_(x[6]),True,not_(x[6]),0.20238095238095233,c236778dc5683a72bff278f68dd0aee1,0.20238095238095233,False,0.0
2,9,not_(x[6]),True,not_(x[6]),0.20238095238095233,c236778dc5683a72bff278f68dd0aee1,0.20238095238095233,False,0.0
2,9,not_(x[6]),True,not_(x[6]),0.20238095238095233,c236778dc5683a72bff278f68dd0aee1,0.20238095238095233,False,0.0
2,9,not_(x[4]),True,not_(x[4]),0.20238095238095233,e9bf358728c366c73b72393d204b8cd2,0.20238095238095233,False,0.0
2,9,not_(x[4]),True,not_(x[4]),0.20238095238095233,e9bf358728c366c73b72393d204b8cd2,0.20238095238095233,False,0.0
2,9,not_(x[6]),True,not_(x[6]),0.20238095238095233,c236778dc5683a72bff278f68dd0aee1,0.20238095238095233,False,0.0
2,9,not_(x[4]),True,not_(x[4]),0.20238095238095233,e9bf358728c366c73b72393d204b8cd2,0.20238095238095233,False,0.0
2,9,"less_than_or_equal(sub(add(x[0],x[5]),mul(x[2],x[0])),add(x[0],x[5]))",True,"less_than_or_equal(x[3],x[3])",0.7857142857142857,3352141c4f785c0403fcb33f533f7848,0.7857142857142857,False,0.0
2,9,not_(x[4]),True,not_(x[4]),0.20238095238095233,e9bf358728c366c73b72393d204b8cd2,0.20238095238095233,False,0.0
2,9,x[4],True,x[4],0.7976190476190477,a4f678dee830d65312a3e1b8bd840994,0.7976190476190477,False,0.0
2,9,not_(x[4]),True,not_(x[4]),0.20238095238095233,e9bf358728c366c73b72393d204b8cd2,0.20238095238095233,False,0.0
2,9,not_(x[4]),True,not_(x[4]),0.20238095238095233,e9bf358728c366c73b72393d204b8cd2,0.20238095238095233,False,0.0
2,9,not_(x[6]),True,not_(x[6]),0.20238095238095233,c236778dc5683a72bff278f68dd0aee1,0.20238095238095233,False,0.0
2,9,not_(x[6]),True,not_(x[6]),0.20238095238095233,c236778dc5683a72bff278f68dd0aee1,0.20238095238095233,False,0.0
2,9,not_(x[4]),True,not_(x[4]),0.20238095238095233,e9bf358728c366c73b72393d204b8cd2,0.20238095238095233,False,0.0
2,9,not_(x[4]),True,not_(x[4]),0.20238095238095233,e9bf358728c366c73b72393d204b8cd2,0.20238095238095233,False,0.0
2,9,not_(x[1]),True,"less_than_or_equal(53.67,mul(x[3],x[3]))",0.2142857142857143,2cece411320c1d56790d65c80cc8f440,0.22619047619047616,True,0.011904761904761862
2,9,"less_than_or_equal(sub(add(x[0],x[5]),sub(x[2],x[0])),pdiv(add(x[5],x[3]),x[3]))",True,"less_than_or_equal(x[3],x[3])",0.7857142857142857,3352141c4f785c0403fcb33f533f7848,0.7738095238095238,True,-0.011904761904761862
2,9,not_(x[6]),True,not_(x[6]),0.20238095238095233,c236778dc5683a72bff278f68dd0aee1,0.20238095238095233,False,0.0
2,9,not_(x[6]),True,not_(x[6]),0.20238095238095233,c236778dc5683a72bff278f68dd0aee1,0.20238095238095233,False,0.0
2,9,not_(x[6]),True,not_(x[6]),0.20238095238095233,c236778dc5683a72bff278f68dd0aee1,0.20238095238095233,False,0.0
2,9,"less_than_or_equal(sub(add(x[2],x[5]),sub(x[2],x[0])),pdiv(mul(x[5],x[3]),x[3]))",True,not_(x[4]),0.20238095238095233,e9bf358728c366c73b72393d204b8cd2,0.19047619047619047,True,-0.011904761904761862
2,9,"not_(and_(x[6],x[6]))",True,not_(x[6]),0.20238095238095233,c236778dc5683a72bff278f68dd0aee1,0.20238095238095233,False,0.0
2,9,not_(x[6]),True,not_(x[6]),0.20238095238095233,c236778dc5683a72bff278f68dd0aee1,0.20238095238095233,False,0.0
2,9,not_(x[6]),True,not_(x[6]),0.20238095238095233,c236778dc5683a72bff278f68dd0aee1,0.20238095238095233,False,0.0
2,9,not_(x[4]),True,not_(x[4]),0.20238095238095233,e9bf358728c366c73b72393d204b8cd2,0.20238095238095233,False,0.0
2,9,not_(x[6]),True,not_(x[6]),0.20238095238095233,c236778dc5683a72bff278f68dd0aee1,0.20238095238095233,False,0.0
2,9,not_(x[6]),True,not_(x[6]),0.20238095238095233,c236778dc5683a72bff278f68dd0aee1,0.20238095238095233,False,0.0
2,9,not_(x[4]),True,not_(x[4]),0.20238095238095233,e9bf358728c366c73b72393d204b8cd2,0.20238095238095233,False,0.0
2,9,not_(x[6]),True,not_(x[6]),0.20238095238095233,c236778dc5683a72bff278f68dd0aee1,0.20238095238095233,False,0.0
2,9,not_(x[6]),True,not_(x[6]),0.20238095238095233,c236778dc5683a72bff278f68dd0aee1,0.20238095238095233,False,0.0
2,9,not_(x[6]),True,not_(x[6]),0.20238095238095233,c236778dc5683a72bff278f68dd0aee1,0.20238095238095233,False,0.0
2,9,not_(x[6]),True,not_(x[6]),0.20238095238095233,c236778dc5683a72bff278f68dd0aee1,0.20238095238095233,False,0.0
2,9,not_(x[4]),True,not_(x[4]),0.20238095238095233,e9bf358728c366c73b72393d204b8cd2,0.20238095238095233,False,0.0
2,9,not_(x[4]),True,not_(x[4]),0.20238095238095233,e9bf358728c366c73b72393d204b8cd2,0.20238095238095233,False,0.0
2,9,not_(x[6]),True,not_(x[6]),0.20238095238095233,c236778dc5683a72bff278f68dd0aee1,0.20238095238095233,False,0.0
2,9,not_(x[6]),True,not_(x[6]),0.20238095238095233,c236778dc5683a72bff278f68dd0aee1,0.20238095238095233,False,0.0
2,9,not_(x[6]),True,not_(x[6]),0.20238095238095233,c236778dc5683a72bff278f68dd0aee1,0.20238095238095233,False,0.0
2,9,not_(x[6]),True,not_(x[6]),0.20238095238095233,c236778dc5683a72bff278f68dd0aee1,0.20238095238095233,False,0.0
2,9,not_(x[6]),True,not_(x[6]),0.20238095238095233,c236778dc5683a72bff278f68dd0aee1,0.20238095238095233,False,0.0
2,9,not_(x[6]),True,not_(x[6]),0.20238095238095233,c236778dc5683a72bff278f68dd0aee1,0.20238095238095233,False,0.0
2,9,not_(x[6]),True,not_(x[6]),0.20238095238095233,c236778dc5683a72bff278f68dd0aee1,0.20238095238095233,False,0.0
2,9,not_(x[4]),True,not_(x[4]),0.20238095238095233,e9bf358728c366c73b72393d204b8cd2,0.20238095238095233,False,0.0
2,9,"less_than_or_equal(sub(add(x[0],x[5]),sub(x[2],sub(mul(sub(x[3],x[0]),x[3]),mul(sub(x[2],x[0]),mul(x[2],x[2]))))),x[2])",False,,,a55248f0044c04800eed9115335a2da8,0.2857142857142857,False,0.0
2,9,not_(x[6]),True,not_(x[6]),0.20238095238095233,c236778dc5683a72bff278f68dd0aee1,0.20238095238095233,False,0.0
2,9,not_(x[6]),True,not_(x[6]),0.20238095238095233,c236778dc5683a72bff278f68dd0aee1,0.20238095238095233,False,0.0
2,9,"less_than_or_equal(sub(add(x[0],x[5]),mul(x[2],x[0])),pdiv(mul(x[5],x[0]),add(x[2],21.45)))",True,"less_than_or_equal(53.67,mul(x[3],x[3]))",0.2142857142857143,2cece411320c1d56790d65c80cc8f440,0.2142857142857143,False,0.0
2,9,not_(x[4]),True,not_(x[4]),0.20238095238095233,e9bf358728c366c73b72393d204b8cd2,0.20238095238095233,False,0.0
2,9,not_(x[4]),True,not_(x[4]),0.20238095238095233,e9bf358728c366c73b72393d204b8cd2,0.20238095238095233,False,0.0
2,9,not_(x[6]),True,not_(x[6]),0.20238095238095233,c236778dc5683a72bff278f68dd0aee1,0.20238095238095233,False,0.0
2,9,not_(x[6]),True,not_(x[6]),0.20238095238095233,c236778dc5683a72bff278f68dd0aee1,0.20238095238095233,False,0.0
2,9,not_(x[6]),True,not_(x[6]),0.20238095238095233,c236778dc5683a72bff278f68dd0aee1,0.20238095238095233,False,0.0
2,9,not_(x[4]),True,not_(x[4]),0.20238095238095233,e9bf358728c366c73b72393d204b8cd2,0.20238095238095233,False,0.0
2,9,not_(x[6]),True,not_(x[6]),0.20238095238095233,c236778dc5683a72bff278f68dd0aee1,0.20238095238095233,False,0.0
2,9,"less_than_or_equal(add(x[0],x[5]),mul(x[2],x[0]))",True,"less_than_or_equal(53.67,mul(x[3],x[3]))",0.2142857142857143,2cece411320c1d56790d65c80cc8f440,0.2142857142857143,False,0.0
2,9,not_(x[4]),True,not_(x[4]),0.20238095238095233,e9bf358728c366c73b72393d204b8cd2,0.20238095238095233,False,0.0
2,9,"not_(and_(x[6],x[1]))",True,not_(x[6]),0.20238095238095233,c236778dc5683a72bff278f68dd0aee1,0.2142857142857143,True,0.011904761904761973
2,9,not_(x[6]),True,not_(x[6]),0.20238095238095233,c236778dc5683a72bff278f68dd0aee1,0.20238095238095233,False,0.0
2,9,not_(x[6]),True,not_(x[6]),0.20238095238095233,c236778dc5683a72bff278f68dd0aee1,0.20238095238095233,False,0.0
2,9,not_(not_(x[6])),True,"or_(not_(greater_than_or_equal(x[3], x[3])),x[6])",0.7976190476190477,dabf352ca9fc16fe7897b3fa7e73f5cb,0.7976190476190477,False,0.0
2,9,"not_(or_(x[6],x[1]))",True,"less_than_or_equal(53.67,mul(x[3],x[3]))",0.2142857142857143,2cece411320c1d56790d65c80cc8f440,0.2142857142857143,False,0.0
2,9,not_(x[4]),True,not_(x[4]),0.20238095238095233,e9bf358728c366c73b72393d204b8cd2,0.20238095238095233,False,0.0
2,9,not_(x[4]),True,not_(x[4]),0.20238095238095233,e9bf358728c366c73b72393d204b8cd2,0.20238095238095233,False,0.0
2,9,not_(x[4]),True,not_(x[4]),0.20238095238095233,e9bf358728c366c73b72393d204b8cd2,0.20238095238095233,False,0.0
2,9,not_(x[6]),True,not_(x[6]),0.20238095238095233,c236778dc5683a72bff278f68dd0aee1,0.20238095238095233,False,0.0
2,9,"less_than_or_equal(sub(x[3],x[0]),x[3])",True,"less_than_or_equal(x[3],x[3])",0.7857142857142857,3352141c4f785c0403fcb33f533f7848,0.7857142857142857,False,0.0
2,9,not_(x[6]),True,not_(x[6]),0.20238095238095233,c236778dc5683a72bff278f68dd0aee1,0.20238095238095233,False,0.0
2,9,not_(x[6]),True,not_(x[6]),0.20238095238095233,c236778dc5683a72bff278f68dd0aee1,0.20238095238095233,False,0.0
2,9,not_(x[6]),True,not_(x[6]),0.20238095238095233,c236778dc5683a72bff278f68dd0aee1,0.20238095238095233,False,0.0
2,9,"not_(greater_than_or_equal(mul(x[0],x[3]), mul(sub(x[2],x[0]),mul(x[2],x[2]))))",True,"less_than_or_equal(53.67,mul(x[3],x[3]))",0.2142857142857143,2cece411320c1d56790d65c80cc8f440,0.25,True,0.0357142857142857
2,9,"not_(less_than_or_equal(x[3],add(mul(x[2],x[0]),pdiv(mul(x[5],x[0]),add(x[2],x[3])))))",True,"and_(greater_than_or_equal(add(x[3],x[2]), pdiv(x[2],x[3])),less_than_or_equal(sub(x[0],x[2]),add(x[3],x[0])))",0.29761904761904767,57d4612aeba4f3a787ed24c5af827569,0.30952380952380953,True,0.011904761904761862
2,9,not_(x[4]),True,not_(x[4]),0.20238095238095233,e9bf358728c366c73b72393d204b8cd2,0.20238095238095233,False,0.0
2,9,not_(x[4]),True,not_(x[4]),0.20238095238095233,e9bf358728c366c73b72393d204b8cd2,0.20238095238095233,False,0.0
2,9,not_(x[6]),True,not_(x[6]),0.20238095238095233,c236778dc5683a72bff278f68dd0aee1,0.20238095238095233,False,0.0
2,9,not_(x[6]),True,not_(x[6]),0.20238095238095233,c236778dc5683a72bff278f68dd0aee1,0.20238095238095233,False,0.0
2,9,not_(x[6]),True,not_(x[6]),0.20238095238095233,c236778dc5683a72bff278f68dd0aee1,0.20238095238095233,False,0.0
2,9,not_(x[6]),True,not_(x[6]),0.20238095238095233,c236778dc5683a72bff278f68dd0aee1,0.20238095238095233,False,0.0
2,9,not_(x[6]),True,not_(x[6]),0.20238095238095233,c236778dc5683a72bff278f68dd0aee1,0.20238095238095233,False,0.0
2,9,not_(x[4]),True,not_(x[4]),0.20238095238095233,e9bf358728c366c73b72393d204b8cd2,0.20238095238095233,False,0.0
2,9,not_(x[6]),True,not_(x[6]),0.20238095238095233,c236778dc5683a72bff278f68dd0aee1,0.20238095238095233,False,0.0
2,9,not_(x[6]),True,not_(x[6]),0.20238095238095233,c236778dc5683a72bff278f68dd0aee1,0.20238095238095233,False,0.0
2,9,not_(x[4]),True,not_(x[4]),0.20238095238095233,e9bf358728c366c73b72393d204b8cd2,0.20238095238095233,False,0.0
2,9,"less_than_or_equal(sub(add(x[0],x[5]),mul(24.21,x[3])),x[2])",False,,,039a83a10fef0f7b37b97bfa55faa2f2,0.7619047619047619,False,0.0
2,9,not_(x[4]),True,not_(x[4]),0.20238095238095233,e9bf358728c366c73b72393d204b8cd2,0.20238095238095233,False,0.0
2,9,not_(x[6]),True,not_(x[6]),0.20238095238095233,c236778dc5683a72bff278f68dd0aee1,0.20238095238095233,False,0.0
2,9,not_(x[4]),True,not_(x[4]),0.20238095238095233,e9bf358728c366c73b72393d204b8cd2,0.20238095238095233,False,0.0
2,9,not_(x[6]),True,not_(x[6]),0.20238095238095233,c236778dc5683a72bff278f68dd0aee1,0.20238095238095233,False,0.0
2,9,not_(x[4]),True,not_(x[4]),0.20238095238095233,e9bf358728c366c73b72393d204b8cd2,0.20238095238095233,False,0.0
2,9,not_(x[4]),True,not_(x[4]),0.20238095238095233,e9bf358728c366c73b72393d204b8cd2,0.20238095238095233,False,0.0
2,9,not_(x[4]),True,not_(x[4]),0.20238095238095233,e9bf358728c366c73b72393d204b8cd2,0.20238095238095233,False,0.0
2,9,not_(x[4]),True,not_(x[4]),0.20238095238095233,e9bf358728c366c73b72393d204b8cd2,0.20238095238095233,False,0.0
2,9,not_(x[4]),True,not_(x[4]),0.20238095238095233,e9bf358728c366c73b72393d204b8cd2,0.20238095238095233,False,0.0
2,9,not_(x[4]),True,not_(x[4]),0.20238095238095233,e9bf358728c366c73b72393d204b8cd2,0.20238095238095233,False,0.0
2,9,not_(x[4]),True,not_(x[4]),0.20238095238095233,e9bf358728c366c73b72393d204b8cd2,0.20238095238095233,False,0.0
2,9,not_(x[6]),True,not_(x[6]),0.20238095238095233,c236778dc5683a72bff278f68dd0aee1,0.20238095238095233,False,0.0
2,9,"less_than_or_equal(sub(add(x[0],x[5]),mul(x[2],x[0])),pdiv(mul(x[5],x[2]),x[0]))",True,"less_than_or_equal(sub(add(x[0],x[5]),mul(x[2],x[0])),pdiv(mul(x[5],x[2]),x[0]))",0.26190476190476186,167dbac3e473e06cb1de2a429acd206f,0.26190476190476186,False,0.0
2,9,not_(x[4]),True,not_(x[4]),0.20238095238095233,e9bf358728c366c73b72393d204b8cd2,0.20238095238095233,False,0.0
2,9,"not_(less_than_or_equal(x[2],x[0]))",True,"not_(and_(less_than_or_equal(x[2],x[0]),less_than_or_equal(x[5],80.64)))",0.6428571428571428,faa88638084cc6c27b60abf3ce48f801,0.6428571428571428,False,0.0
2,9,not_(x[6]),True,not_(x[6]),0.20238095238095233,c236778dc5683a72bff278f68dd0aee1,0.20238095238095233,False,0.0
2,9,not_(x[6]),True,not_(x[6]),0.20238095238095233,c236778dc5683a72bff278f68dd0aee1,0.20238095238095233,False,0.0
2,9,not_(x[4]),True,not_(x[4]),0.20238095238095233,e9bf358728c366c73b72393d204b8cd2,0.20238095238095233,False,0.0
2,9,not_(x[4]),True,not_(x[4]),0.20238095238095233,e9bf358728c366c73b72393d204b8cd2,0.20238095238095233,False,0.0
2,9,not_(x[6]),True,not_(x[6]),0.20238095238095233,c236778dc5683a72bff278f68dd0aee1,0.20238095238095233,False,0.0
2,9,not_(x[6]),True,not_(x[6]),0.20238095238095233,c236778dc5683a72bff278f68dd0aee1,0.20238095238095233,False,0.0
2,9,"less_than_or_equal(sub(add(x[0],x[5]),mul(x[2],x[0])),pdiv(mul(x[5],x[0]),add(x[2],x[3])))",True,"less_than_or_equal(sub(add(x[0],x[5]),mul(x[2],x[0])),pdiv(mul(x[5],x[0]),add(x[2],x[3])))",0.19047619047619047,58cc4f21233e882751aa955999da1daf,0.19047619047619047,False,0.0
2,9,"not_(or_(x[6],x[6]))",True,not_(x[6]),0.20238095238095233,c236778dc5683a72bff278f68dd0aee1,0.20238095238095233,False,0.0
2,9,not_(x[4]),True,not_(x[4]),0.20238095238095233,e9bf358728c366c73b72393d204b8cd2,0.20238095238095233,False,0.0
2,9,not_(x[4]),True,not_(x[4]),0.20238095238095233,e9bf358728c366c73b72393d204b8cd2,0.20238095238095233,False,0.0
2,9,not_(x[6]),True,not_(x[6]),0.20238095238095233,c236778dc5683a72bff278f68dd0aee1,0.20238095238095233,False,0.0
2,9,not_(x[6]),True,not_(x[6]),0.20238095238095233,c236778dc5683a72bff278f68dd0aee1,0.20238095238095233,False,0.0
2,9,not_(x[6]),True,not_(x[6]),0.20238095238095233,c236778dc5683a72bff278f68dd0aee1,0.20238095238095233,False,0.0
2,9,not_(x[4]),True,not_(x[4]),0.20238095238095233,e9bf358728c366c73b72393d204b8cd2,0.20238095238095233,False,0.0
2,9,not_(x[4]),True,not_(x[4]),0.20238095238095233,e9bf358728c366c73b72393d204b8cd2,0.20238095238095233,False,0.0
2,9,not_(x[6]),True,not_(x[6]),0.20238095238095233,c236778dc5683a72bff278f68dd0aee1,0.20238095238095233,False,0.0
2,9,not_(x[6]),True,not_(x[6]),0.20238095238095233,c236778dc5683a72bff278f68dd0aee1,0.20238095238095233,False,0.0
2,9,not_(x[4]),True,not_(x[4]),0.20238095238095233,e9bf358728c366c73b72393d204b8cd2,0.20238095238095233,False,0.0
2,9,not_(x[6]),True,not_(x[6]),0.20238095238095233,c236778dc5683a72bff278f68dd0aee1,0.20238095238095233,False,0.0
2,9,not_(x[4]),True,not_(x[4]),0.20238095238095233,e9bf358728c366c73b72393d204b8cd2,0.20238095238095233,False,0.0
2,9,not_(x[6]),True,not_(x[6]),0.20238095238095233,c236778dc5683a72bff278f68dd0aee1,0.20238095238095233,False,0.0
2,9,not_(x[4]),True,not_(x[4]),0.20238095238095233,e9bf358728c366c73b72393d204b8cd2,0.20238095238095233,False,0.0
2,9,not_(x[6]),True,not_(x[6]),0.20238095238095233,c236778dc5683a72bff278f68dd0aee1,0.20238095238095233,False,0.0
2,9,not_(x[6]),True,not_(x[6]),0.20238095238095233,c236778dc5683a72bff278f68dd0aee1,0.20238095238095233,False,0.0
2,9,not_(x[6]),True,not_(x[6]),0.20238095238095233,c236778dc5683a72bff278f68dd0aee1,0.20238095238095233,False,0.0
2,9,"not_(or_(and_(x[4],x[6]),x[1]))",True,"less_than_or_equal(53.67,mul(x[3],x[3]))",0.2142857142857143,2cece411320c1d56790d65c80cc8f440,0.22619047619047616,True,0.011904761904761862
2,9,not_(x[4]),True,not_(x[4]),0.20238095238095233,e9bf358728c366c73b72393d204b8cd2,0.20238095238095233,False,0.0
2,9,not_(x[6]),True,not_(x[6]),0.20238095238095233,c236778dc5683a72bff278f68dd0aee1,0.20238095238095233,False,0.0
2,9,not_(x[6]),True,not_(x[6]),0.20238095238095233,c236778dc5683a72bff278f68dd0aee1,0.20238095238095233,False,0.0
2,9,not_(x[6]),True,not_(x[6]),0.20238095238095233,c236778dc5683a72bff278f68dd0aee1,0.20238095238095233,False,0.0
2,9,not_(x[6]),True,not_(x[6]),0.20238095238095233,c236778dc5683a72bff278f68dd0aee1,0.20238095238095233,False,0.0
2,9,not_(x[6]),True,not_(x[6]),0.20238095238095233,c236778dc5683a72bff278f68dd0aee1,0.20238095238095233,False,0.0
2,9,not_(x[4]),True,not_(x[4]),0.20238095238095233,e9bf358728c366c73b72393d204b8cd2,0.20238095238095233,False,0.0
2,9,not_(x[6]),True,not_(x[6]),0.20238095238095233,c236778dc5683a72bff278f68dd0aee1,0.20238095238095233,False,0.0
2,9,not_(x[6]),True,not_(x[6]),0.20238095238095233,c236778dc5683a72bff278f68dd0aee1,0.20238095238095233,False,0.0
2,9,not_(x[6]),True,not_(x[6]),0.20238095238095233,c236778dc5683a72bff278f68dd0aee1,0.20238095238095233,False,0.0
2,9,not_(x[6]),True,not_(x[6]),0.20238095238095233,c236778dc5683a72bff278f68dd0aee1,0.20238095238095233,False,0.0
2,9,not_(x[6]),True,not_(x[6]),0.20238095238095233,c236778dc5683a72bff278f68dd0aee1,0.20238095238095233,False,0.0
2,9,not_(x[4]),True,not_(x[4]),0.20238095238095233,e9bf358728c366c73b72393d204b8cd2,0.20238095238095233,False,0.0
2,9,not_(x[6]),True,not_(x[6]),0.20238095238095233,c236778dc5683a72bff278f68dd0aee1,0.20238095238095233,False,0.0
2,9,not_(x[4]),True,not_(x[4]),0.20238095238095233,e9bf358728c366c73b72393d204b8cd2,0.20238095238095233,False,0.0
2,9,not_(x[4]),True,not_(x[4]),0.20238095238095233,e9bf358728c366c73b72393d204b8cd2,0.20238095238095233,False,0.0
2,9,not_(x[4]),True,not_(x[4]),0.20238095238095233,e9bf358728c366c73b72393d204b8cd2,0.20238095238095233,False,0.0
2,9,not_(x[6]),True,not_(x[6]),0.20238095238095233,c236778dc5683a72bff278f68dd0aee1,0.20238095238095233,False,0.0
2,9,not_(x[4]),True,not_(x[4]),0.20238095238095233,e9bf358728c366c73b72393d204b8cd2,0.20238095238095233,False,0.0
2,9,not_(x[4]),True,not_(x[4]),0.20238095238095233,e9bf358728c366c73b72393d204b8cd2,0.20238095238095233,False,0.0
2,9,not_(x[4]),True,not_(x[4]),0.20238095238095233,e9bf358728c366c73b72393d204b8cd2,0.20238095238095233,False,0.0
2,9,not_(x[4]),True,not_(x[4]),0.20238095238095233,e9bf358728c366c73b72393d204b8cd2,0.20238095238095233,False,0.0
2,9,not_(x[6]),True,not_(x[6]),0.20238095238095233,c236778dc5683a72bff278f68dd0aee1,0.20238095238095233,False,0.0
2,9,not_(x[6]),True,not_(x[6]),0.20238095238095233,c236778dc5683a72bff278f68dd0aee1,0.20238095238095233,False,0.0
2,9,not_(x[6]),True,not_(x[6]),0.20238095238095233,c236778dc5683a72bff278f68dd0aee1,0.20238095238095233,False,0.0
2,9,not_(x[6]),True,not_(x[6]),0.20238095238095233,c236778dc5683a72bff278f68dd0aee1,0.20238095238095233,False,0.0
2,9,not_(x[6]),True,not_(x[6]),0.20238095238095233,c236778dc5683a72bff278f68dd0aee1,0.20238095238095233,False,0.0
2,9,not_(x[6]),True,not_(x[6]),0.20238095238095233,c236778dc5683a72bff278f68dd0aee1,0.20238095238095233,False,0.0
2,9,not_(x[6]),True,not_(x[6]),0.20238095238095233,c236778dc5683a72bff278f68dd0aee1,0.20238095238095233,False,0.0
2,9,not_(x[6]),True,not_(x[6]),0.20238095238095233,c236778dc5683a72bff278f68dd0aee1,0.20238095238095233,False,0.0
2,9,not_(x[6]),True,not_(x[6]),0.20238095238095233,c236778dc5683a72bff278f68dd0aee1,0.20238095238095233,False,0.0
2,9,not_(x[4]),True,not_(x[4]),0.20238095238095233,e9bf358728c366c73b72393d204b8cd2,0.20238095238095233,False,0.0
2,9,not_(x[6]),True,not_(x[6]),0.20238095238095233,c236778dc5683a72bff278f68dd0aee1,0.20238095238095233,False,0.0
2,9,not_(x[6]),True,not_(x[6]),0.20238095238095233,c236778dc5683a72bff278f68dd0aee1,0.20238095238095233,False,0.0
2,9,not_(x[4]),True,not_(x[4]),0.20238095238095233,e9bf358728c366c73b72393d204b8cd2,0.20238095238095233,False,0.0
2,9,"not_(or_(x[6],x[1]))",True,"less_than_or_equal(53.67,mul(x[3],x[3]))",0.2142857142857143,2cece411320c1d56790d65c80cc8f440,0.2142857142857143,False,0.0
2,9,not_(x[4]),True,not_(x[4]),0.20238095238095233,e9bf358728c366c73b72393d204b8cd2,0.20238095238095233,False,0.0
2,9,not_(x[6]),True,not_(x[6]),0.20238095238095233,c236778dc5683a72bff278f68dd0aee1,0.20238095238095233,False,0.0
2,9,not_(x[6]),True,not_(x[6]),0.20238095238095233,c236778dc5683a72bff278f68dd0aee1,0.20238095238095233,False,0.0
2,9,not_(x[6]),True,not_(x[6]),0.20238095238095233,c236778dc5683a72bff278f68dd0aee1,0.20238095238095233,False,0.0
2,9,not_(x[6]),True,not_(x[6]),0.20238095238095233,c236778dc5683a72bff278f68dd0aee1,0.20238095238095233,False,0.0
2,9,not_(x[6]),True,not_(x[6]),0.20238095238095233,c236778dc5683a72bff278f68dd0aee1,0.20238095238095233,False,0.0
2,9,"not_(or_(x[6],x[1]))",True,"less_than_or_equal(53.67,mul(x[3],x[3]))",0.2142857142857143,2cece411320c1d56790d65c80cc8f440,0.2142857142857143,False,0.0
2,9,not_(x[4]),True,not_(x[4]),0.20238095238095233,e9bf358728c366c73b72393d204b8cd2,0.20238095238095233,False,0.0
2,9,not_(x[4]),True,not_(x[4]),0.20238095238095233,e9bf358728c366c73b72393d204b8cd2,0.20238095238095233,False,0.0
2,9,not_(x[4]),True,not_(x[4]),0.20238095238095233,e9bf358728c366c73b72393d204b8cd2,0.20238095238095233,False,0.0
2,9,not_(x[6]),True,not_(x[6]),0.20238095238095233,c236778dc5683a72bff278f68dd0aee1,0.20238095238095233,False,0.0
2,9,not_(x[6]),True,not_(x[6]),0.20238095238095233,c236778dc5683a72bff278f68dd0aee1,0.20238095238095233,False,0.0
2,9,not_(x[6]),True,not_(x[6]),0.20238095238095233,c236778dc5683a72bff278f68dd0aee1,0.20238095238095233,False,0.0
2,9,"not_(greater_than_or_equal(x[3], add(mul(x[2],x[0]),pdiv(mul(x[5],x[0]),add(x[2],x[3])))))",False,,,30db719bcffc456ddfbc268979bf15f3,0.6904761904761905,False,0.0
2,9,not_(x[4]),True,not_(x[4]),0.20238095238095233,e9bf358728c366c73b72393d204b8cd2,0.20238095238095233,False,0.0
2,9,not_(x[6]),True,not_(x[6]),0.20238095238095233,c236778dc5683a72bff278f68dd0aee1,0.20238095238095233,False,0.0
2,9,not_(x[6]),True,not_(x[6]),0.20238095238095233,c236778dc5683a72bff278f68dd0aee1,0.20238095238095233,False,0.0
2,9,not_(x[6]),True,not_(x[6]),0.20238095238095233,c236778dc5683a72bff278f68dd0aee1,0.20238095238095233,False,0.0
2,9,not_(x[6]),True,not_(x[6]),0.20238095238095233,c236778dc5683a72bff278f68dd0aee1,0.20238095238095233,False,0.0
2,9,not_(x[6]),True,not_(x[6]),0.20238095238095233,c236778dc5683a72bff278f68dd0aee1,0.20238095238095233,False,0.0
2,9,not_(x[6]),True,not_(x[6]),0.20238095238095233,c236778dc5683a72bff278f68dd0aee1,0.20238095238095233,False,0.0
2,9,not_(x[6]),True,not_(x[6]),0.20238095238095233,c236778dc5683a72bff278f68dd0aee1,0.20238095238095233,False,0.0
2,9,not_(x[6]),True,not_(x[6]),0.20238095238095233,c236778dc5683a72bff278f68dd0aee1,0.20238095238095233,False,0.0
2,9,not_(x[4]),True,not_(x[4]),0.20238095238095233,e9bf358728c366c73b72393d204b8cd2,0.20238095238095233,False,0.0
2,9,not_(x[4]),True,not_(x[4]),0.20238095238095233,e9bf358728c366c73b72393d204b8cd2,0.20238095238095233,False,0.0
2,9,"not_(or_(x[6],x[6]))",True,not_(x[6]),0.20238095238095233,c236778dc5683a72bff278f68dd0aee1,0.20238095238095233,False,0.0
2,9,"less_than_or_equal(sub(add(x[0],x[5]),mul(x[2],x[0])),pdiv(mul(x[5],x[0]),add(x[2],x[3])))",True,"less_than_or_equal(sub(add(x[0],x[5]),mul(x[2],x[0])),pdiv(mul(x[5],x[0]),add(x[2],x[3])))",0.19047619047619047,58cc4f21233e882751aa955999da1daf,0.13636363636363635,True,-0.05411255411255411
2,10,not_(x[6]),True,not_(x[6]),0.20238095238095233,c236778dc5683a72bff278f68dd0aee1,0.20238095238095233,False,0.0
2,10,not_(x[6]),True,not_(x[6]),0.20238095238095233,c236778dc5683a72bff278f68dd0aee1,0.20238095238095233,False,0.0
2,10,not_(x[6]),True,not_(x[6]),0.20238095238095233,c236778dc5683a72bff278f68dd0aee1,0.20238095238095233,False,0.0
2,10,not_(x[6]),True,not_(x[6]),0.20238095238095233,c236778dc5683a72bff278f68dd0aee1,0.20238095238095233,False,0.0
2,10,not_(x[6]),True,not_(x[6]),0.20238095238095233,c236778dc5683a72bff278f68dd0aee1,0.20238095238095233,False,0.0
2,10,not_(x[4]),True,not_(x[4]),0.20238095238095233,e9bf358728c366c73b72393d204b8cd2,0.20238095238095233,False,0.0
2,10,not_(x[6]),True,not_(x[6]),0.20238095238095233,c236778dc5683a72bff278f68dd0aee1,0.20238095238095233,False,0.0
2,10,not_(x[4]),True,not_(x[4]),0.20238095238095233,e9bf358728c366c73b72393d204b8cd2,0.20238095238095233,False,0.0
2,10,not_(x[4]),True,not_(x[4]),0.20238095238095233,e9bf358728c366c73b72393d204b8cd2,0.20238095238095233,False,0.0
2,10,not_(x[6]),True,not_(x[6]),0.20238095238095233,c236778dc5683a72bff278f68dd0aee1,0.20238095238095233,False,0.0
2,10,not_(x[4]),True,not_(x[4]),0.20238095238095233,e9bf358728c366c73b72393d204b8cd2,0.20238095238095233,False,0.0
2,10,not_(x[6]),True,not_(x[6]),0.20238095238095233,c236778dc5683a72bff278f68dd0aee1,0.20238095238095233,False,0.0
2,10,not_(x[6]),True,not_(x[6]),0.20238095238095233,c236778dc5683a72bff278f68dd0aee1,0.20238095238095233,False,0.0
2,10,not_(x[6]),True,not_(x[6]),0.20238095238095233,c236778dc5683a72bff278f68dd0aee1,0.20238095238095233,False,0.0
2,10,not_(x[6]),True,not_(x[6]),0.20238095238095233,c236778dc5683a72bff278f68dd0aee1,0.20238095238095233,False,0.0
2,10,not_(x[4]),True,not_(x[4]),0.20238095238095233,e9bf358728c366c73b72393d204b8cd2,0.20238095238095233,False,0.0
2,10,not_(x[6]),True,not_(x[6]),0.20238095238095233,c236778dc5683a72bff278f68dd0aee1,0.20238095238095233,False,0.0
2,10,not_(x[1]),True,"less_than_or_equal(53.67,mul(x[3],x[3]))",0.2142857142857143,2cece411320c1d56790d65c80cc8f440,0.22619047619047616,True,0.011904761904761862
2,10,not_(x[6]),True,not_(x[6]),0.20238095238095233,c236778dc5683a72bff278f68dd0aee1,0.20238095238095233,False,0.0
2,10,"less_than_or_equal(x[5],x[2])",True,"less_than_or_equal(53.67,mul(x[3],x[3]))",0.2142857142857143,2cece411320c1d56790d65c80cc8f440,0.26190476190476186,True,0.04761904761904756
2,10,not_(x[6]),True,not_(x[6]),0.20238095238095233,c236778dc5683a72bff278f68dd0aee1,0.20238095238095233,False,0.0
2,10,not_(x[6]),True,not_(x[6]),0.20238095238095233,c236778dc5683a72bff278f68dd0aee1,0.20238095238095233,False,0.0
2,10,not_(x[4]),True,not_(x[4]),0.20238095238095233,e9bf358728c366c73b72393d204b8cd2,0.20238095238095233,False,0.0
2,10,not_(x[1]),True,"less_than_or_equal(53.67,mul(x[3],x[3]))",0.2142857142857143,2cece411320c1d56790d65c80cc8f440,0.22619047619047616,True,0.011904761904761862
2,10,not_(x[4]),True,not_(x[4]),0.20238095238095233,e9bf358728c366c73b72393d204b8cd2,0.20238095238095233,False,0.0
2,10,not_(x[4]),True,not_(x[4]),0.20238095238095233,e9bf358728c366c73b72393d204b8cd2,0.20238095238095233,False,0.0
2,10,not_(x[6]),True,not_(x[6]),0.20238095238095233,c236778dc5683a72bff278f68dd0aee1,0.20238095238095233,False,0.0
2,10,not_(x[4]),True,not_(x[4]),0.20238095238095233,e9bf358728c366c73b72393d204b8cd2,0.20238095238095233,False,0.0
2,10,not_(x[4]),True,not_(x[4]),0.20238095238095233,e9bf358728c366c73b72393d204b8cd2,0.20238095238095233,False,0.0
2,10,not_(x[6]),True,not_(x[6]),0.20238095238095233,c236778dc5683a72bff278f68dd0aee1,0.20238095238095233,False,0.0
2,10,not_(x[4]),True,not_(x[4]),0.20238095238095233,e9bf358728c366c73b72393d204b8cd2,0.20238095238095233,False,0.0
2,10,"not_(and_(x[6],x[1]))",True,not_(x[6]),0.20238095238095233,c236778dc5683a72bff278f68dd0aee1,0.2142857142857143,True,0.011904761904761973
2,10,not_(x[4]),True,not_(x[4]),0.20238095238095233,e9bf358728c366c73b72393d204b8cd2,0.20238095238095233,False,0.0
2,10,not_(x[6]),True,not_(x[6]),0.20238095238095233,c236778dc5683a72bff278f68dd0aee1,0.20238095238095233,False,0.0
2,10,not_(x[6]),True,not_(x[6]),0.20238095238095233,c236778dc5683a72bff278f68dd0aee1,0.20238095238095233,False,0.0
2,10,not_(x[6]),True,not_(x[6]),0.20238095238095233,c236778dc5683a72bff278f68dd0aee1,0.20238095238095233,False,0.0
2,10,not_(x[6]),True,not_(x[6]),0.20238095238095233,c236778dc5683a72bff278f68dd0aee1,0.20238095238095233,False,0.0
2,10,not_(x[4]),True,not_(x[4]),0.20238095238095233,e9bf358728c366c73b72393d204b8cd2,0.20238095238095233,False,0.0
2,10,not_(x[6]),True,not_(x[6]),0.20238095238095233,c236778dc5683a72bff278f68dd0aee1,0.20238095238095233,False,0.0
2,10,not_(x[6]),True,not_(x[6]),0.20238095238095233,c236778dc5683a72bff278f68dd0aee1,0.20238095238095233,False,0.0
2,10,not_(x[6]),True,not_(x[6]),0.20238095238095233,c236778dc5683a72bff278f68dd0aee1,0.20238095238095233,False,0.0
2,10,not_(x[4]),True,not_(x[4]),0.20238095238095233,e9bf358728c366c73b72393d204b8cd2,0.20238095238095233,False,0.0
2,10,not_(x[6]),True,not_(x[6]),0.20238095238095233,c236778dc5683a72bff278f68dd0aee1,0.20238095238095233,False,0.0
2,10,not_(x[4]),True,not_(x[4]),0.20238095238095233,e9bf358728c366c73b72393d204b8cd2,0.20238095238095233,False,0.0
2,10,not_(x[6]),True,not_(x[6]),0.20238095238095233,c236778dc5683a72bff278f68dd0aee1,0.20238095238095233,False,0.0
2,10,not_(not_(x[6])),True,"or_(not_(greater_than_or_equal(x[3], x[3])),x[6])",0.7976190476190477,dabf352ca9fc16fe7897b3fa7e73f5cb,0.7976190476190477,False,0.0
2,10,not_(x[4]),True,not_(x[4]),0.20238095238095233,e9bf358728c366c73b72393d204b8cd2,0.20238095238095233,False,0.0
2,10,not_(x[6]),True,not_(x[6]),0.20238095238095233,c236778dc5683a72bff278f68dd0aee1,0.20238095238095233,False,0.0
2,10,not_(x[4]),True,not_(x[4]),0.20238095238095233,e9bf358728c366c73b72393d204b8cd2,0.20238095238095233,False,0.0
2,10,not_(x[6]),True,not_(x[6]),0.20238095238095233,c236778dc5683a72bff278f68dd0aee1,0.20238095238095233,False,0.0
2,10,not_(x[6]),True,not_(x[6]),0.20238095238095233,c236778dc5683a72bff278f68dd0aee1,0.20238095238095233,False,0.0
2,10,"less_than_or_equal(mul(91.98,pdiv(mul(x[5],x[0]),add(x[2],x[3]))),x[3])",True,"less_than_or_equal(53.67,mul(x[3],x[3]))",0.2142857142857143,2cece411320c1d56790d65c80cc8f440,0.22619047619047616,True,0.011904761904761862
2,10,not_(x[4]),True,not_(x[4]),0.20238095238095233,e9bf358728c366c73b72393d204b8cd2,0.20238095238095233,False,0.0
2,10,not_(x[6]),True,not_(x[6]),0.20238095238095233,c236778dc5683a72bff278f68dd0aee1,0.20238095238095233,False,0.0
2,10,not_(x[4]),True,not_(x[4]),0.20238095238095233,e9bf358728c366c73b72393d204b8cd2,0.20238095238095233,False,0.0
2,10,not_(x[4]),True,not_(x[4]),0.20238095238095233,e9bf358728c366c73b72393d204b8cd2,0.20238095238095233,False,0.0
2,10,"and_(x[6],x[4])",True,"not_(greater_than_or_equal(sub(x[0],x[3]), x[0]))",0.7976190476190477,95cffd09c37f5560118f86148db41cd5,0.7976190476190477,False,0.0
2,10,"not_(less_than_or_equal(x[3],add(mul(x[2],x[0]),pdiv(mul(x[5],x[0]),add(x[2],x[3])))))",True,"and_(greater_than_or_equal(add(x[3],x[2]), pdiv(x[2],x[3])),less_than_or_equal(sub(x[0],x[2]),add(x[3],x[0])))",0.29761904761904767,57d4612aeba4f3a787ed24c5af827569,0.30952380952380953,True,0.011904761904761862
2,10,not_(x[6]),True,not_(x[6]),0.20238095238095233,c236778dc5683a72bff278f68dd0aee1,0.20238095238095233,False,0.0
2,10,"less_than_or_equal(sub(add(x[2],x[5]),sub(x[2],x[0])),pdiv(mul(x[5],x[2]),x[3]))",False,,,9b9ffc5e7772e4146ac0143a18c6a2b2,0.6190476190476191,False,0.0
2,10,not_(x[1]),True,"less_than_or_equal(53.67,mul(x[3],x[3]))",0.2142857142857143,2cece411320c1d56790d65c80cc8f440,0.22619047619047616,True,0.011904761904761862
2,10,not_(x[6]),True,not_(x[6]),0.20238095238095233,c236778dc5683a72bff278f68dd0aee1,0.20238095238095233,False,0.0
2,10,not_(x[4]),True,not_(x[4]),0.20238095238095233,e9bf358728c366c73b72393d204b8cd2,0.20238095238095233,False,0.0
2,10,not_(x[6]),True,not_(x[6]),0.20238095238095233,c236778dc5683a72bff278f68dd0aee1,0.20238095238095233,False,0.0
2,10,not_(x[4]),True,not_(x[4]),0.20238095238095233,e9bf358728c366c73b72393d204b8cd2,0.20238095238095233,False,0.0
2,10,not_(x[6]),True,not_(x[6]),0.20238095238095233,c236778dc5683a72bff278f68dd0aee1,0.20238095238095233,False,0.0
2,10,not_(x[6]),True,not_(x[6]),0.20238095238095233,c236778dc5683a72bff278f68dd0aee1,0.20238095238095233,False,0.0
2,10,not_(x[6]),True,not_(x[6]),0.20238095238095233,c236778dc5683a72bff278f68dd0aee1,0.20238095238095233,False,0.0
2,10,not_(x[6]),True,not_(x[6]),0.20238095238095233,c236778dc5683a72bff278f68dd0aee1,0.20238095238095233,False,0.0
2,10,not_(x[4]),True,not_(x[4]),0.20238095238095233,e9bf358728c366c73b72393d204b8cd2,0.20238095238095233,False,0.0
2,10,not_(x[6]),True,not_(x[6]),0.20238095238095233,c236778dc5683a72bff278f68dd0aee1,0.20238095238095233,False,0.0
2,10,not_(x[6]),True,not_(x[6]),0.20238095238095233,c236778dc5683a72bff278f68dd0aee1,0.20238095238095233,False,0.0
2,10,not_(x[4]),True,not_(x[4]),0.20238095238095233,e9bf358728c366c73b72393d204b8cd2,0.20238095238095233,False,0.0
2,10,not_(x[6]),True,not_(x[6]),0.20238095238095233,c236778dc5683a72bff278f68dd0aee1,0.20238095238095233,False,0.0
2,10,not_(x[4]),True,not_(x[4]),0.20238095238095233,e9bf358728c366c73b72393d204b8cd2,0.20238095238095233,False,0.0
2,10,not_(x[6]),True,not_(x[6]),0.20238095238095233,c236778dc5683a72bff278f68dd0aee1,0.20238095238095233,False,0.0
2,10,not_(x[6]),True,not_(x[6]),0.20238095238095233,c236778dc5683a72bff278f68dd0aee1,0.20238095238095233,False,0.0
2,10,not_(x[6]),True,not_(x[6]),0.20238095238095233,c236778dc5683a72bff278f68dd0aee1,0.20238095238095233,False,0.0
2,10,not_(x[4]),True,not_(x[4]),0.20238095238095233,e9bf358728c366c73b72393d204b8cd2,0.20238095238095233,False,0.0
2,10,"and_(x[6],less_than_or_equal(x[3],add(mul(x[2],x[0]),pdiv(mul(x[5],x[0]),add(x[2],x[3])))))",False,,,c98b0d1365b27312e303af46f12d6d53,0.7023809523809523,False,0.0
2,10,not_(x[4]),True,not_(x[4]),0.20238095238095233,e9bf358728c366c73b72393d204b8cd2,0.20238095238095233,False,0.0
2,10,not_(x[6]),True,not_(x[6]),0.20238095238095233,c236778dc5683a72bff278f68dd0aee1,0.20238095238095233,False,0.0
2,10,not_(x[4]),True,not_(x[4]),0.20238095238095233,e9bf358728c366c73b72393d204b8cd2,0.20238095238095233,False,0.0
2,10,"less_than_or_equal(sub(mul(x[0],x[5]),mul(x[2],x[0])),pdiv(mul(x[5],22.24),sub(x[3],add(x[3],x[5]))))",True,"less_than_or_equal(53.67,mul(x[3],x[3]))",0.2142857142857143,2cece411320c1d56790d65c80cc8f440,0.22619047619047616,True,0.011904761904761862
2,10,not_(x[6]),True,not_(x[6]),0.20238095238095233,c236778dc5683a72bff278f68dd0aee1,0.20238095238095233,False,0.0
2,10,not_(x[6]),True,not_(x[6]),0.20238095238095233,c236778dc5683a72bff278f68dd0aee1,0.20238095238095233,False,0.0
2,10,not_(x[6]),True,not_(x[6]),0.20238095238095233,c236778dc5683a72bff278f68dd0aee1,0.20238095238095233,False,0.0
2,10,not_(x[6]),True,not_(x[6]),0.20238095238095233,c236778dc5683a72bff278f68dd0aee1,0.20238095238095233,False,0.0
2,10,not_(x[4]),True,not_(x[4]),0.20238095238095233,e9bf358728c366c73b72393d204b8cd2,0.20238095238095233,False,0.0
2,10,not_(x[6]),True,not_(x[6]),0.20238095238095233,c236778dc5683a72bff278f68dd0aee1,0.20238095238095233,False,0.0
2,10,not_(x[6]),True,not_(x[6]),0.20238095238095233,c236778dc5683a72bff278f68dd0aee1,0.20238095238095233,False,0.0
2,10,not_(x[4]),True,not_(x[4]),0.20238095238095233,e9bf358728c366c73b72393d204b8cd2,0.20238095238095233,False,0.0
2,10,"less_than_or_equal(sub(add(x[0],x[5]),mul(x[2],x[0])),mul(x[0],x[3]))",True,"less_than_or_equal(53.67,mul(x[3],x[3]))",0.2142857142857143,2cece411320c1d56790d65c80cc8f440,0.2142857142857143,False,0.0
2,10,not_(x[4]),True,not_(x[4]),0.20238095238095233,e9bf358728c366c73b72393d204b8cd2,0.20238095238095233,False,0.0
2,10,not_(x[6]),True,not_(x[6]),0.20238095238095233,c236778dc5683a72bff278f68dd0aee1,0.20238095238095233,False,0.0
2,10,not_(x[6]),True,not_(x[6]),0.20238095238095233,c236778dc5683a72bff278f68dd0aee1,0.20238095238095233,False,0.0
2,10,not_(x[6]),True,not_(x[6]),0.20238095238095233,c236778dc5683a72bff278f68dd0aee1,0.20238095238095233,False,0.0
2,10,"not_(greater_than_or_equal(add(x[0],x[5]), mul(x[2],x[0])))",True,"less_than_or_equal(53.67,mul(x[3],x[3]))",0.2142857142857143,2cece411320c1d56790d65c80cc8f440,0.2142857142857143,False,0.0
2,10,not_(x[6]),True,not_(x[6]),0.20238095238095233,c236778dc5683a72bff278f68dd0aee1,0.20238095238095233,False,0.0
2,10,not_(x[6]),True,not_(x[6]),0.20238095238095233,c236778dc5683a72bff278f68dd0aee1,0.20238095238095233,False,0.0
2,10,not_(x[6]),True,not_(x[6]),0.20238095238095233,c236778dc5683a72bff278f68dd0aee1,0.20238095238095233,False,0.0
2,10,not_(x[6]),True,not_(x[6]),0.20238095238095233,c236778dc5683a72bff278f68dd0aee1,0.20238095238095233,False,0.0
2,10,not_(x[4]),True,not_(x[4]),0.20238095238095233,e9bf358728c366c73b72393d204b8cd2,0.20238095238095233,False,0.0
2,10,not_(x[6]),True,not_(x[6]),0.20238095238095233,c236778dc5683a72bff278f68dd0aee1,0.20238095238095233,False,0.0
2,10,not_(x[6]),True,not_(x[6]),0.20238095238095233,c236778dc5683a72bff278f68dd0aee1,0.20238095238095233,False,0.0
2,10,not_(x[6]),True,not_(x[6]),0.20238095238095233,c236778dc5683a72bff278f68dd0aee1,0.20238095238095233,False,0.0
2,10,not_(x[4]),True,not_(x[4]),0.20238095238095233,e9bf358728c366c73b72393d204b8cd2,0.20238095238095233,False,0.0
2,10,"not_(or_(x[6],x[4]))",True,not_(x[6]),0.20238095238095233,c236778dc5683a72bff278f68dd0aee1,0.20238095238095233,False,0.0
2,10,not_(x[6]),True,not_(x[6]),0.20238095238095233,c236778dc5683a72bff278f68dd0aee1,0.20238095238095233,False,0.0
2,10,not_(x[6]),True,not_(x[6]),0.20238095238095233,c236778dc5683a72bff278f68dd0aee1,0.20238095238095233,False,0.0
2,10,not_(x[6]),True,not_(x[6]),0.20238095238095233,c236778dc5683a72bff278f68dd0aee1,0.20238095238095233,False,0.0
2,10,not_(x[6]),True,not_(x[6]),0.20238095238095233,c236778dc5683a72bff278f68dd0aee1,0.20238095238095233,False,0.0
2,10,not_(x[6]),True,not_(x[6]),0.20238095238095233,c236778dc5683a72bff278f68dd0aee1,0.20238095238095233,False,0.0
2,10,not_(x[6]),True,not_(x[6]),0.20238095238095233,c236778dc5683a72bff278f68dd0aee1,0.20238095238095233,False,0.0
2,10,not_(x[6]),True,not_(x[6]),0.20238095238095233,c236778dc5683a72bff278f68dd0aee1,0.20238095238095233,False,0.0
2,10,not_(x[6]),True,not_(x[6]),0.20238095238095233,c236778dc5683a72bff278f68dd0aee1,0.20238095238095233,False,0.0
2,10,not_(x[4]),True,not_(x[4]),0.20238095238095233,e9bf358728c366c73b72393d204b8cd2,0.20238095238095233,False,0.0
2,10,not_(x[6]),True,not_(x[6]),0.20238095238095233,c236778dc5683a72bff278f68dd0aee1,0.20238095238095233,False,0.0
2,10,not_(x[4]),True,not_(x[4]),0.20238095238095233,e9bf358728c366c73b72393d204b8cd2,0.20238095238095233,False,0.0
2,10,not_(x[6]),True,not_(x[6]),0.20238095238095233,c236778dc5683a72bff278f68dd0aee1,0.20238095238095233,False,0.0
2,10,not_(x[6]),True,not_(x[6]),0.20238095238095233,c236778dc5683a72bff278f68dd0aee1,0.20238095238095233,False,0.0
2,10,not_(x[4]),True,not_(x[4]),0.20238095238095233,e9bf358728c366c73b72393d204b8cd2,0.20238095238095233,False,0.0
2,10,not_(x[4]),True,not_(x[4]),0.20238095238095233,e9bf358728c366c73b72393d204b8cd2,0.20238095238095233,False,0.0
2,10,not_(x[4]),True,not_(x[4]),0.20238095238095233,e9bf358728c366c73b72393d204b8cd2,0.20238095238095233,False,0.0
2,10,not_(x[6]),True,not_(x[6]),0.20238095238095233,c236778dc5683a72bff278f68dd0aee1,0.20238095238095233,False,0.0
2,10,not_(x[6]),True,not_(x[6]),0.20238095238095233,c236778dc5683a72bff278f68dd0aee1,0.20238095238095233,False,0.0
2,10,not_(x[6]),True,not_(x[6]),0.20238095238095233,c236778dc5683a72bff278f68dd0aee1,0.20238095238095233,False,0.0
2,10,not_(x[4]),True,not_(x[4]),0.20238095238095233,e9bf358728c366c73b72393d204b8cd2,0.20238095238095233,False,0.0
2,10,not_(x[4]),True,not_(x[4]),0.20238095238095233,e9bf358728c366c73b72393d204b8cd2,0.20238095238095233,False,0.0
2,10,not_(x[6]),True,not_(x[6]),0.20238095238095233,c236778dc5683a72bff278f68dd0aee1,0.20238095238095233,False,0.0
2,10,not_(x[6]),True,not_(x[6]),0.20238095238095233,c236778dc5683a72bff278f68dd0aee1,0.20238095238095233,False,0.0
2,10,not_(x[4]),True,not_(x[4]),0.20238095238095233,e9bf358728c366c73b72393d204b8cd2,0.20238095238095233,False,0.0
2,10,not_(x[6]),True,not_(x[6]),0.20238095238095233,c236778dc5683a72bff278f68dd0aee1,0.20238095238095233,False,0.0
2,10,not_(x[6]),True,not_(x[6]),0.20238095238095233,c236778dc5683a72bff278f68dd0aee1,0.20238095238095233,False,0.0
2,10,not_(x[4]),True,not_(x[4]),0.20238095238095233,e9bf358728c366c73b72393d204b8cd2,0.20238095238095233,False,0.0
2,10,"not_(or_(x[6],x[6]))",True,not_(x[6]),0.20238095238095233,c236778dc5683a72bff278f68dd0aee1,0.20238095238095233,False,0.0
2,10,not_(x[6]),True,not_(x[6]),0.20238095238095233,c236778dc5683a72bff278f68dd0aee1,0.20238095238095233,False,0.0
2,10,not_(x[4]),True,not_(x[4]),0.20238095238095233,e9bf358728c366c73b72393d204b8cd2,0.20238095238095233,False,0.0
2,10,not_(x[4]),True,not_(x[4]),0.20238095238095233,e9bf358728c366c73b72393d204b8cd2,0.20238095238095233,False,0.0
2,10,"or_(x[6],x[6])",True,"or_(not_(greater_than_or_equal(x[3], x[3])),x[6])",0.7976190476190477,dabf352ca9fc16fe7897b3fa7e73f5cb,0.7976190476190477,False,0.0
2,10,not_(x[6]),True,not_(x[6]),0.20238095238095233,c236778dc5683a72bff278f68dd0aee1,0.20238095238095233,False,0.0
2,10,"not_(or_(x[4],x[6]))",True,not_(x[6]),0.20238095238095233,c236778dc5683a72bff278f68dd0aee1,0.20238095238095233,False,0.0
2,10,not_(x[6]),True,not_(x[6]),0.20238095238095233,c236778dc5683a72bff278f68dd0aee1,0.20238095238095233,False,0.0
2,10,not_(x[6]),True,not_(x[6]),0.20238095238095233,c236778dc5683a72bff278f68dd0aee1,0.20238095238095233,False,0.0
2,10,not_(x[6]),True,not_(x[6]),0.20238095238095233,c236778dc5683a72bff278f68dd0aee1,0.20238095238095233,False,0.0
2,10,not_(x[4]),True,not_(x[4]),0.20238095238095233,e9bf358728c366c73b72393d204b8cd2,0.20238095238095233,False,0.0
2,10,not_(x[4]),True,not_(x[4]),0.20238095238095233,e9bf358728c366c73b72393d204b8cd2,0.20238095238095233,False,0.0
2,10,not_(x[4]),True,not_(x[4]),0.20238095238095233,e9bf358728c366c73b72393d204b8cd2,0.20238095238095233,False,0.0
2,10,not_(x[6]),True,not_(x[6]),0.20238095238095233,c236778dc5683a72bff278f68dd0aee1,0.20238095238095233,False,0.0
2,10,not_(x[6]),True,not_(x[6]),0.20238095238095233,c236778dc5683a72bff278f68dd0aee1,0.20238095238095233,False,0.0
2,10,not_(x[6]),True,not_(x[6]),0.20238095238095233,c236778dc5683a72bff278f68dd0aee1,0.20238095238095233,False,0.0
2,10,not_(x[4]),True,not_(x[4]),0.20238095238095233,e9bf358728c366c73b72393d204b8cd2,0.20238095238095233,False,0.0
2,10,not_(x[4]),True,not_(x[4]),0.20238095238095233,e9bf358728c366c73b72393d204b8cd2,0.20238095238095233,False,0.0
2,10,not_(x[6]),True,not_(x[6]),0.20238095238095233,c236778dc5683a72bff278f68dd0aee1,0.20238095238095233,False,0.0
2,10,"not_(and_(x[4],x[6]))",True,not_(x[4]),0.20238095238095233,e9bf358728c366c73b72393d204b8cd2,0.20238095238095233,False,0.0
2,10,not_(x[6]),True,not_(x[6]),0.20238095238095233,c236778dc5683a72bff278f68dd0aee1,0.20238095238095233,False,0.0
2,10,not_(x[4]),True,not_(x[4]),0.20238095238095233,e9bf358728c366c73b72393d204b8cd2,0.20238095238095233,False,0.0
2,10,not_(x[6]),True,not_(x[6]),0.20238095238095233,c236778dc5683a72bff278f68dd0aee1,0.20238095238095233,False,0.0
2,10,not_(x[4]),True,not_(x[4]),0.20238095238095233,e9bf358728c366c73b72393d204b8cd2,0.20238095238095233,False,0.0
2,10,not_(x[1]),True,"less_than_or_equal(53.67,mul(x[3],x[3]))",0.2142857142857143,2cece411320c1d56790d65c80cc8f440,0.22619047619047616,True,0.011904761904761862
2,10,not_(x[6]),True,not_(x[6]),0.20238095238095233,c236778dc5683a72bff278f68dd0aee1,0.20238095238095233,False,0.0
2,10,not_(x[6]),True,not_(x[6]),0.20238095238095233,c236778dc5683a72bff278f68dd0aee1,0.20238095238095233,False,0.0
2,10,not_(x[6]),True,not_(x[6]),0.20238095238095233,c236778dc5683a72bff278f68dd0aee1,0.20238095238095233,False,0.0
2,10,not_(x[4]),True,not_(x[4]),0.20238095238095233,e9bf358728c366c73b72393d204b8cd2,0.20238095238095233,False,0.0
2,10,not_(x[6]),True,not_(x[6]),0.20238095238095233,c236778dc5683a72bff278f68dd0aee1,0.20238095238095233,False,0.0
2,10,not_(x[6]),True,not_(x[6]),0.20238095238095233,c236778dc5683a72bff278f68dd0aee1,0.20238095238095233,False,0.0
2,10,not_(x[4]),True,not_(x[4]),0.20238095238095233,e9bf358728c366c73b72393d204b8cd2,0.20238095238095233,False,0.0
2,10,not_(x[6]),True,not_(x[6]),0.20238095238095233,c236778dc5683a72bff278f68dd0aee1,0.20238095238095233,False,0.0
2,10,not_(x[6]),True,not_(x[6]),0.20238095238095233,c236778dc5683a72bff278f68dd0aee1,0.20238095238095233,False,0.0
2,10,not_(x[6]),True,not_(x[6]),0.20238095238095233,c236778dc5683a72bff278f68dd0aee1,0.20238095238095233,False,0.0
2,10,not_(x[4]),True,not_(x[4]),0.20238095238095233,e9bf358728c366c73b72393d204b8cd2,0.20238095238095233,False,0.0
2,10,not_(x[6]),True,not_(x[6]),0.20238095238095233,c236778dc5683a72bff278f68dd0aee1,0.20238095238095233,False,0.0
2,10,not_(x[6]),True,not_(x[6]),0.20238095238095233,c236778dc5683a72bff278f68dd0aee1,0.20238095238095233,False,0.0
2,10,"not_(or_(x[6],x[6]))",True,not_(x[6]),0.20238095238095233,c236778dc5683a72bff278f68dd0aee1,0.20238095238095233,False,0.0
2,10,not_(x[6]),True,not_(x[6]),0.20238095238095233,c236778dc5683a72bff278f68dd0aee1,0.20238095238095233,False,0.0
2,10,not_(x[6]),True,not_(x[6]),0.20238095238095233,c236778dc5683a72bff278f68dd0aee1,0.20238095238095233,False,0.0
2,10,not_(x[4]),True,not_(x[4]),0.20238095238095233,e9bf358728c366c73b72393d204b8cd2,0.20238095238095233,False,0.0
2,10,not_(x[6]),True,not_(x[6]),0.20238095238095233,c236778dc5683a72bff278f68dd0aee1,0.20238095238095233,False,0.0
2,10,not_(x[6]),True,not_(x[6]),0.20238095238095233,c236778dc5683a72bff278f68dd0aee1,0.20238095238095233,False,0.0
2,10,not_(x[6]),True,not_(x[6]),0.20238095238095233,c236778dc5683a72bff278f68dd0aee1,0.20238095238095233,False,0.0
2,10,not_(x[4]),True,not_(x[4]),0.20238095238095233,e9bf358728c366c73b72393d204b8cd2,0.20238095238095233,False,0.0
2,10,not_(x[6]),True,not_(x[6]),0.20238095238095233,c236778dc5683a72bff278f68dd0aee1,0.20238095238095233,False,0.0
2,10,not_(x[4]),True,not_(x[4]),0.20238095238095233,e9bf358728c366c73b72393d204b8cd2,0.20238095238095233,False,0.0
2,10,not_(x[6]),True,not_(x[6]),0.20238095238095233,c236778dc5683a72bff278f68dd0aee1,0.20238095238095233,False,0.0
2,10,not_(x[4]),True,not_(x[4]),0.20238095238095233,e9bf358728c366c73b72393d204b8cd2,0.20238095238095233,False,0.0
2,10,not_(x[4]),True,not_(x[4]),0.20238095238095233,e9bf358728c366c73b72393d204b8cd2,0.20238095238095233,False,0.0
2,10,not_(x[4]),True,not_(x[4]),0.20238095238095233,e9bf358728c366c73b72393d204b8cd2,0.20238095238095233,False,0.0
2,10,not_(x[4]),True,not_(x[4]),0.20238095238095233,e9bf358728c366c73b72393d204b8cd2,0.20238095238095233,False,0.0
2,10,not_(x[6]),True,not_(x[6]),0.20238095238095233,c236778dc5683a72bff278f68dd0aee1,0.20238095238095233,False,0.0
2,10,not_(x[6]),True,not_(x[6]),0.20238095238095233,c236778dc5683a72bff278f68dd0aee1,0.20238095238095233,False,0.0
2,10,not_(x[6]),True,not_(x[6]),0.20238095238095233,c236778dc5683a72bff278f68dd0aee1,0.20238095238095233,False,0.0
2,10,not_(x[6]),True,not_(x[6]),0.20238095238095233,c236778dc5683a72bff278f68dd0aee1,0.20238095238095233,False,0.0
2,10,not_(x[4]),True,not_(x[4]),0.20238095238095233,e9bf358728c366c73b72393d204b8cd2,0.20238095238095233,False,0.0
2,10,not_(x[6]),True,not_(x[6]),0.20238095238095233,c236778dc5683a72bff278f68dd0aee1,0.20238095238095233,False,0.0
2,10,not_(x[6]),True,not_(x[6]),0.20238095238095233,c236778dc5683a72bff278f68dd0aee1,0.20238095238095233,False,0.0
2,10,not_(x[4]),True,not_(x[4]),0.20238095238095233,e9bf358728c366c73b72393d204b8cd2,0.20238095238095233,False,0.0
2,10,not_(x[6]),True,not_(x[6]),0.20238095238095233,c236778dc5683a72bff278f68dd0aee1,0.20238095238095233,False,0.0
2,10,not_(x[4]),True,not_(x[4]),0.20238095238095233,e9bf358728c366c73b72393d204b8cd2,0.20238095238095233,False,0.0
2,10,not_(x[6]),True,not_(x[6]),0.20238095238095233,c236778dc5683a72bff278f68dd0aee1,0.20238095238095233,False,0.0
2,10,not_(x[6]),True,not_(x[6]),0.20238095238095233,c236778dc5683a72bff278f68dd0aee1,0.20238095238095233,False,0.0
2,10,not_(x[4]),True,not_(x[4]),0.20238095238095233,e9bf358728c366c73b72393d204b8cd2,0.20238095238095233,False,0.0
2,10,not_(x[4]),True,not_(x[4]),0.20238095238095233,e9bf358728c366c73b72393d204b8cd2,0.20238095238095233,False,0.0
2,10,not_(x[6]),True,not_(x[6]),0.20238095238095233,c236778dc5683a72bff278f68dd0aee1,0.20238095238095233,False,0.0
2,10,not_(x[4]),True,not_(x[4]),0.20238095238095233,e9bf358728c366c73b72393d204b8cd2,0.20238095238095233,False,0.0
2,10,not_(x[6]),True,not_(x[6]),0.20238095238095233,c236778dc5683a72bff278f68dd0aee1,0.20238095238095233,False,0.0
2,10,not_(x[6]),True,not_(x[6]),0.20238095238095233,c236778dc5683a72bff278f68dd0aee1,0.20238095238095233,False,0.0
2,10,not_(x[6]),True,not_(x[6]),0.20238095238095233,c236778dc5683a72bff278f68dd0aee1,0.20238095238095233,False,0.0
2,10,not_(x[4]),True,not_(x[4]),0.20238095238095233,e9bf358728c366c73b72393d204b8cd2,0.20238095238095233,False,0.0
2,10,not_(x[4]),True,not_(x[4]),0.20238095238095233,e9bf358728c366c73b72393d204b8cd2,0.20238095238095233,False,0.0
2,10,not_(x[6]),True,not_(x[6]),0.20238095238095233,c236778dc5683a72bff278f68dd0aee1,0.20238095238095233,False,0.0
2,10,not_(x[6]),True,not_(x[6]),0.20238095238095233,c236778dc5683a72bff278f68dd0aee1,0.20238095238095233,False,0.0
2,10,"not_(or_(x[6],x[4]))",True,not_(x[6]),0.20238095238095233,c236778dc5683a72bff278f68dd0aee1,0.20238095238095233,False,0.0
2,10,not_(x[4]),True,not_(x[4]),0.20238095238095233,e9bf358728c366c73b72393d204b8cd2,0.20238095238095233,False,0.0
2,10,not_(x[6]),True,not_(x[6]),0.20238095238095233,c236778dc5683a72bff278f68dd0aee1,0.20238095238095233,False,0.0
2,10,not_(x[6]),True,not_(x[6]),0.20238095238095233,c236778dc5683a72bff278f68dd0aee1,0.20238095238095233,False,0.0
2,10,not_(x[6]),True,not_(x[6]),0.20238095238095233,c236778dc5683a72bff278f68dd0aee1,0.20238095238095233,False,0.0
2,10,"not_(or_(x[6],x[6]))",True,not_(x[6]),0.20238095238095233,c236778dc5683a72bff278f68dd0aee1,0.20238095238095233,False,0.0
2,10,not_(x[4]),True,not_(x[4]),0.20238095238095233,e9bf358728c366c73b72393d204b8cd2,0.20238095238095233,False,0.0
2,10,not_(x[4]),True,not_(x[4]),0.20238095238095233,e9bf358728c366c73b72393d204b8cd2,0.20238095238095233,False,0.0
2,10,not_(x[6]),True,not_(x[6]),0.20238095238095233,c236778dc5683a72bff278f68dd0aee1,0.20238095238095233,False,0.0
2,10,not_(x[6]),True,not_(x[6]),0.20238095238095233,c236778dc5683a72bff278f68dd0aee1,0.20238095238095233,False,0.0
2,10,not_(x[6]),True,not_(x[6]),0.20238095238095233,c236778dc5683a72bff278f68dd0aee1,0.20238095238095233,False,0.0
2,10,not_(x[4]),True,not_(x[4]),0.20238095238095233,e9bf358728c366c73b72393d204b8cd2,0.20238095238095233,False,0.0
2,10,not_(x[6]),True,not_(x[6]),0.20238095238095233,c236778dc5683a72bff278f68dd0aee1,0.20238095238095233,False,0.0
2,10,not_(x[6]),True,not_(x[6]),0.20238095238095233,c236778dc5683a72bff278f68dd0aee1,0.20238095238095233,False,0.0
2,10,not_(x[4]),True,not_(x[4]),0.20238095238095233,e9bf358728c366c73b72393d204b8cd2,0.20238095238095233,False,0.0
2,10,not_(x[6]),True,not_(x[6]),0.20238095238095233,c236778dc5683a72bff278f68dd0aee1,0.20238095238095233,False,0.0
2,10,not_(x[6]),True,not_(x[6]),0.20238095238095233,c236778dc5683a72bff278f68dd0aee1,0.20238095238095233,False,0.0
2,10,not_(x[6]),True,not_(x[6]),0.20238095238095233,c236778dc5683a72bff278f68dd0aee1,0.20238095238095233,False,0.0
2,10,not_(x[6]),True,not_(x[6]),0.20238095238095233,c236778dc5683a72bff278f68dd0aee1,0.20238095238095233,False,0.0
2,10,not_(x[6]),True,not_(x[6]),0.20238095238095233,c236778dc5683a72bff278f68dd0aee1,0.20238095238095233,False,0.0
2,10,"less_than_or_equal(sub(add(x[0],x[5]),mul(x[2],x[0])),pdiv(mul(x[5],x[0]),add(x[2],x[3])))",True,"less_than_or_equal(sub(add(x[0],x[5]),mul(x[2],x[0])),pdiv(mul(x[5],x[0]),add(x[2],x[3])))",0.19047619047619047,58cc4f21233e882751aa955999da1daf,0.19047619047619047,False,0.0
2,10,not_(x[4]),True,not_(x[4]),0.20238095238095233,e9bf358728c366c73b72393d204b8cd2,0.20238095238095233,False,0.0
2,10,not_(x[6]),True,not_(x[6]),0.20238095238095233,c236778dc5683a72bff278f68dd0aee1,0.20238095238095233,False,0.0
2,10,not_(x[6]),True,not_(x[6]),0.20238095238095233,c236778dc5683a72bff278f68dd0aee1,0.20238095238095233,False,0.0
2,10,not_(x[4]),True,not_(x[4]),0.20238095238095233,e9bf358728c366c73b72393d204b8cd2,0.20238095238095233,False,0.0
2,10,not_(x[6]),True,not_(x[6]),0.20238095238095233,c236778dc5683a72bff278f68dd0aee1,0.20238095238095233,False,0.0
2,10,not_(x[6]),True,not_(x[6]),0.20238095238095233,c236778dc5683a72bff278f68dd0aee1,0.20238095238095233,False,0.0
2,10,not_(x[4]),True,not_(x[4]),0.20238095238095233,e9bf358728c366c73b72393d204b8cd2,0.20238095238095233,False,0.0
2,10,not_(x[6]),True,not_(x[6]),0.20238095238095233,c236778dc5683a72bff278f68dd0aee1,0.20238095238095233,False,0.0
2,10,not_(x[6]),True,not_(x[6]),0.20238095238095233,c236778dc5683a72bff278f68dd0aee1,0.20238095238095233,False,0.0
2,10,not_(x[6]),True,not_(x[6]),0.20238095238095233,c236778dc5683a72bff278f68dd0aee1,0.20238095238095233,False,0.0
2,10,"less_than_or_equal(sub(add(x[0],x[5]),mul(x[2],x[0])),pdiv(mul(x[5],x[0]),add(x[2],x[3])))",True,"less_than_or_equal(sub(add(x[0],x[5]),mul(x[2],x[0])),pdiv(mul(x[5],x[0]),add(x[2],x[3])))",0.19047619047619047,58cc4f21233e882751aa955999da1daf,0.13636363636363635,True,-0.05411255411255411
2,11,not_(x[6]),True,not_(x[6]),0.20238095238095233,c236778dc5683a72bff278f68dd0aee1,0.20238095238095233,False,0.0
2,11,not_(x[4]),True,not_(x[4]),0.20238095238095233,e9bf358728c366c73b72393d204b8cd2,0.20238095238095233,False,0.0
2,11,"greater_than_or_equal(x[0], 49.90)",True,"less_than_or_equal(53.67,mul(x[3],x[3]))",0.2142857142857143,2cece411320c1d56790d65c80cc8f440,0.2142857142857143,False,0.0
2,11,"not_(less_than_or_equal(x[5],add(x[0],x[5])))",True,"less_than_or_equal(53.67,mul(x[3],x[3]))",0.2142857142857143,2cece411320c1d56790d65c80cc8f440,0.2142857142857143,False,0.0
2,11,not_(x[4]),True,not_(x[4]),0.20238095238095233,e9bf358728c366c73b72393d204b8cd2,0.20238095238095233,False,0.0
2,11,"or_(x[4],x[6])",True,"or_(not_(greater_than_or_equal(x[3], x[3])),x[6])",0.7976190476190477,dabf352ca9fc16fe7897b3fa7e73f5cb,0.7976190476190477,False,0.0
2,11,not_(x[4]),True,not_(x[4]),0.20238095238095233,e9bf358728c366c73b72393d204b8cd2,0.20238095238095233,False,0.0
2,11,not_(x[4]),True,not_(x[4]),0.20238095238095233,e9bf358728c366c73b72393d204b8cd2,0.20238095238095233,False,0.0
2,11,not_(x[4]),True,not_(x[4]),0.20238095238095233,e9bf358728c366c73b72393d204b8cd2,0.20238095238095233,False,0.0
2,11,not_(x[4]),True,not_(x[4]),0.20238095238095233,e9bf358728c366c73b72393d204b8cd2,0.20238095238095233,False,0.0
2,11,"less_than_or_equal(sub(sub(x[3],x[0]),x[3]),mul(sub(x[2],x[0]),mul(x[2],x[2])))",True,"less_than_or_equal(x[3],x[3])",0.7857142857142857,3352141c4f785c0403fcb33f533f7848,0.7857142857142857,False,0.0
2,11,not_(x[4]),True,not_(x[4]),0.20238095238095233,e9bf358728c366c73b72393d204b8cd2,0.20238095238095233,False,0.0
2,11,not_(x[6]),True,not_(x[6]),0.20238095238095233,c236778dc5683a72bff278f68dd0aee1,0.20238095238095233,False,0.0
2,11,not_(x[6]),True,not_(x[6]),0.20238095238095233,c236778dc5683a72bff278f68dd0aee1,0.20238095238095233,False,0.0
2,11,not_(x[6]),True,not_(x[6]),0.20238095238095233,c236778dc5683a72bff278f68dd0aee1,0.20238095238095233,False,0.0
2,11,"not_(not_(less_than_or_equal(x[3],add(mul(x[2],x[0]),pdiv(mul(x[5],x[0]),add(x[2],x[3]))))))",True,"not_(greater_than_or_equal(x[3], add(mul(x[2],x[0]),pdiv(mul(x[5],x[0]),add(x[2],x[3])))))",0.6904761904761905,30db719bcffc456ddfbc268979bf15f3,0.6904761904761905,False,0.0
2,11,not_(x[6]),True,not_(x[6]),0.20238095238095233,c236778dc5683a72bff278f68dd0aee1,0.20238095238095233,False,0.0
2,11,not_(x[4]),True,not_(x[4]),0.20238095238095233,e9bf358728c366c73b72393d204b8cd2,0.20238095238095233,False,0.0
2,11,not_(x[4]),True,not_(x[4]),0.20238095238095233,e9bf358728c366c73b72393d204b8cd2,0.20238095238095233,False,0.0
2,11,not_(x[6]),True,not_(x[6]),0.20238095238095233,c236778dc5683a72bff278f68dd0aee1,0.20238095238095233,False,0.0
2,11,not_(x[6]),True,not_(x[6]),0.20238095238095233,c236778dc5683a72bff278f68dd0aee1,0.20238095238095233,False,0.0
2,11,not_(x[4]),True,not_(x[4]),0.20238095238095233,e9bf358728c366c73b72393d204b8cd2,0.20238095238095233,False,0.0
2,11,"not_(or_(x[4],less_than_or_equal(mul(x[5],x[0]),add(x[2],x[3]))))",True,"less_than_or_equal(53.67,mul(x[3],x[3]))",0.2142857142857143,2cece411320c1d56790d65c80cc8f440,0.2142857142857143,False,0.0
2,11,not_(x[6]),True,not_(x[6]),0.20238095238095233,c236778dc5683a72bff278f68dd0aee1,0.20238095238095233,False,0.0
2,11,not_(x[4]),True,not_(x[4]),0.20238095238095233,e9bf358728c366c73b72393d204b8cd2,0.20238095238095233,False,0.0
2,11,not_(x[4]),True,not_(x[4]),0.20238095238095233,e9bf358728c366c73b72393d204b8cd2,0.20238095238095233,False,0.0
2,11,not_(x[1]),True,"less_than_or_equal(53.67,mul(x[3],x[3]))",0.2142857142857143,2cece411320c1d56790d65c80cc8f440,0.22619047619047616,True,0.011904761904761862
2,11,"not_(and_(x[6],x[4]))",True,not_(x[4]),0.20238095238095233,e9bf358728c366c73b72393d204b8cd2,0.20238095238095233,False,0.0
2,11,not_(x[6]),True,not_(x[6]),0.20238095238095233,c236778dc5683a72bff278f68dd0aee1,0.20238095238095233,False,0.0
2,11,not_(x[6]),True,not_(x[6]),0.20238095238095233,c236778dc5683a72bff278f68dd0aee1,0.20238095238095233,False,0.0
2,11,not_(x[4]),True,not_(x[4]),0.20238095238095233,e9bf358728c366c73b72393d204b8cd2,0.20238095238095233,False,0.0
2,11,not_(x[6]),True,not_(x[6]),0.20238095238095233,c236778dc5683a72bff278f68dd0aee1,0.20238095238095233,False,0.0
2,11,not_(x[6]),True,not_(x[6]),0.20238095238095233,c236778dc5683a72bff278f68dd0aee1,0.20238095238095233,False,0.0
2,11,"less_than_or_equal(sub(add(x[3],x[3]),sub(x[5],mul(x[5],x[2]))),x[2])",True,"not_(greater_than_or_equal(mul(x[3],x[0]), sub(x[5],x[3])))",0.6904761904761905,2d5463ef30c24eb3f251a697ca05fdac,0.6547619047619048,True,-0.0357142857142857
2,11,not_(x[6]),True,not_(x[6]),0.20238095238095233,c236778dc5683a72bff278f68dd0aee1,0.20238095238095233,False,0.0
2,11,not_(x[6]),True,not_(x[6]),0.20238095238095233,c236778dc5683a72bff278f68dd0aee1,0.20238095238095233,False,0.0
2,11,not_(x[6]),True,not_(x[6]),0.20238095238095233,c236778dc5683a72bff278f68dd0aee1,0.20238095238095233,False,0.0
2,11,not_(x[6]),True,not_(x[6]),0.20238095238095233,c236778dc5683a72bff278f68dd0aee1,0.20238095238095233,False,0.0
2,11,not_(x[4]),True,not_(x[4]),0.20238095238095233,e9bf358728c366c73b72393d204b8cd2,0.20238095238095233,False,0.0
2,11,not_(x[6]),True,not_(x[6]),0.20238095238095233,c236778dc5683a72bff278f68dd0aee1,0.20238095238095233,False,0.0
2,11,"not_(less_than_or_equal(22.40,x[3]))",True,"less_than_or_equal(x[3],x[3])",0.7857142857142857,3352141c4f785c0403fcb33f533f7848,0.7857142857142857,False,0.0
2,11,"not_(or_(x[6],x[6]))",True,not_(x[6]),0.20238095238095233,c236778dc5683a72bff278f68dd0aee1,0.20238095238095233,False,0.0
2,11,not_(x[4]),True,not_(x[4]),0.20238095238095233,e9bf358728c366c73b72393d204b8cd2,0.20238095238095233,False,0.0
2,11,not_(x[6]),True,not_(x[6]),0.20238095238095233,c236778dc5683a72bff278f68dd0aee1,0.20238095238095233,False,0.0
2,11,not_(x[6]),True,not_(x[6]),0.20238095238095233,c236778dc5683a72bff278f68dd0aee1,0.20238095238095233,False,0.0
2,11,not_(x[6]),True,not_(x[6]),0.20238095238095233,c236778dc5683a72bff278f68dd0aee1,0.20238095238095233,False,0.0
2,11,not_(x[6]),True,not_(x[6]),0.20238095238095233,c236778dc5683a72bff278f68dd0aee1,0.20238095238095233,False,0.0
2,11,not_(x[6]),True,not_(x[6]),0.20238095238095233,c236778dc5683a72bff278f68dd0aee1,0.20238095238095233,False,0.0
2,11,not_(x[6]),True,not_(x[6]),0.20238095238095233,c236778dc5683a72bff278f68dd0aee1,0.20238095238095233,False,0.0
2,11,not_(x[4]),True,not_(x[4]),0.20238095238095233,e9bf358728c366c73b72393d204b8cd2,0.20238095238095233,False,0.0
2,11,not_(x[6]),True,not_(x[6]),0.20238095238095233,c236778dc5683a72bff278f68dd0aee1,0.20238095238095233,False,0.0
2,11,not_(x[4]),True,not_(x[4]),0.20238095238095233,e9bf358728c366c73b72393d204b8cd2,0.20238095238095233,False,0.0
2,11,not_(not_(x[6])),True,"or_(not_(greater_than_or_equal(x[3], x[3])),x[6])",0.7976190476190477,dabf352ca9fc16fe7897b3fa7e73f5cb,0.7976190476190477,False,0.0
2,11,not_(x[6]),True,not_(x[6]),0.20238095238095233,c236778dc5683a72bff278f68dd0aee1,0.20238095238095233,False,0.0
2,11,not_(x[6]),True,not_(x[6]),0.20238095238095233,c236778dc5683a72bff278f68dd0aee1,0.20238095238095233,False,0.0
2,11,not_(x[6]),True,not_(x[6]),0.20238095238095233,c236778dc5683a72bff278f68dd0aee1,0.20238095238095233,False,0.0
2,11,not_(x[4]),True,not_(x[4]),0.20238095238095233,e9bf358728c366c73b72393d204b8cd2,0.20238095238095233,False,0.0
2,11,not_(x[6]),True,not_(x[6]),0.20238095238095233,c236778dc5683a72bff278f68dd0aee1,0.20238095238095233,False,0.0
2,11,"not_(or_(x[6],x[6]))",True,not_(x[6]),0.20238095238095233,c236778dc5683a72bff278f68dd0aee1,0.20238095238095233,False,0.0
2,11,not_(x[4]),True,not_(x[4]),0.20238095238095233,e9bf358728c366c73b72393d204b8cd2,0.20238095238095233,False,0.0
2,11,not_(x[6]),True,not_(x[6]),0.20238095238095233,c236778dc5683a72bff278f68dd0aee1,0.20238095238095233,False,0.0
2,11,not_(x[6]),True,not_(x[6]),0.20238095238095233,c236778dc5683a72bff278f68dd0aee1,0.20238095238095233,False,0.0
2,11,"less_than_or_equal(sub(add(x[0],x[5]),mul(x[2],x[0])),pdiv(mul(x[5],x[0]),add(x[2],x[3])))",True,"less_than_or_equal(sub(add(x[0],x[5]),mul(x[2],x[0])),pdiv(mul(x[5],x[0]),add(x[2],x[3])))",0.19047619047619047,58cc4f21233e882751aa955999da1daf,0.19047619047619047,False,0.0
2,11,not_(x[6]),True,not_(x[6]),0.20238095238095233,c236778dc5683a72bff278f68dd0aee1,0.20238095238095233,False,0.0
2,11,"less_than_or_equal(mul(x[3],14.21),x[3])",True,not_(x[4]),0.20238095238095233,e9bf358728c366c73b72393d204b8cd2,0.20238095238095233,False,0.0
2,11,not_(x[6]),True,not_(x[6]),0.20238095238095233,c236778dc5683a72bff278f68dd0aee1,0.20238095238095233,False,0.0
2,11,not_(x[6]),True,not_(x[6]),0.20238095238095233,c236778dc5683a72bff278f68dd0aee1,0.20238095238095233,False,0.0
2,11,not_(x[6]),True,not_(x[6]),0.20238095238095233,c236778dc5683a72bff278f68dd0aee1,0.20238095238095233,False,0.0
2,11,not_(x[4]),True,not_(x[4]),0.20238095238095233,e9bf358728c366c73b72393d204b8cd2,0.20238095238095233,False,0.0
2,11,not_(x[4]),True,not_(x[4]),0.20238095238095233,e9bf358728c366c73b72393d204b8cd2,0.20238095238095233,False,0.0
2,11,not_(x[4]),True,not_(x[4]),0.20238095238095233,e9bf358728c366c73b72393d204b8cd2,0.20238095238095233,False,0.0
2,11,not_(x[6]),True,not_(x[6]),0.20238095238095233,c236778dc5683a72bff278f68dd0aee1,0.20238095238095233,False,0.0
2,11,not_(x[4]),True,not_(x[4]),0.20238095238095233,e9bf358728c366c73b72393d204b8cd2,0.20238095238095233,False,0.0
2,11,not_(x[4]),True,not_(x[4]),0.20238095238095233,e9bf358728c366c73b72393d204b8cd2,0.20238095238095233,False,0.0
2,11,not_(x[6]),True,not_(x[6]),0.20238095238095233,c236778dc5683a72bff278f68dd0aee1,0.20238095238095233,False,0.0
2,11,not_(x[4]),True,not_(x[4]),0.20238095238095233,e9bf358728c366c73b72393d204b8cd2,0.20238095238095233,False,0.0
2,11,not_(x[4]),True,not_(x[4]),0.20238095238095233,e9bf358728c366c73b72393d204b8cd2,0.20238095238095233,False,0.0
2,11,not_(x[6]),True,not_(x[6]),0.20238095238095233,c236778dc5683a72bff278f68dd0aee1,0.20238095238095233,False,0.0
2,11,not_(x[6]),True,not_(x[6]),0.20238095238095233,c236778dc5683a72bff278f68dd0aee1,0.20238095238095233,False,0.0
2,11,not_(x[6]),True,not_(x[6]),0.20238095238095233,c236778dc5683a72bff278f68dd0aee1,0.20238095238095233,False,0.0
2,11,not_(x[6]),True,not_(x[6]),0.20238095238095233,c236778dc5683a72bff278f68dd0aee1,0.20238095238095233,False,0.0
2,11,not_(x[6]),True,not_(x[6]),0.20238095238095233,c236778dc5683a72bff278f68dd0aee1,0.20238095238095233,False,0.0
2,11,not_(x[6]),True,not_(x[6]),0.20238095238095233,c236778dc5683a72bff278f68dd0aee1,0.20238095238095233,False,0.0
2,11,"not_(and_(x[4],or_(x[4],less_than_or_equal(x[3],add(mul(x[2],x[0]),pdiv(mul(x[5],x[0]),add(x[2],x[3])))))))",True,not_(x[4]),0.20238095238095233,e9bf358728c366c73b72393d204b8cd2,0.20238095238095233,False,0.0
2,11,not_(x[6]),True,not_(x[6]),0.20238095238095233,c236778dc5683a72bff278f68dd0aee1,0.20238095238095233,False,0.0
2,11,not_(x[6]),True,not_(x[6]),0.20238095238095233,c236778dc5683a72bff278f68dd0aee1,0.20238095238095233,False,0.0
2,11,not_(x[4]),True,not_(x[4]),0.20238095238095233,e9bf358728c366c73b72393d204b8cd2,0.20238095238095233,False,0.0
2,11,not_(x[4]),True,not_(x[4]),0.20238095238095233,e9bf358728c366c73b72393d204b8cd2,0.20238095238095233,False,0.0
2,11,"not_(and_(x[6],x[6]))",True,not_(x[6]),0.20238095238095233,c236778dc5683a72bff278f68dd0aee1,0.20238095238095233,False,0.0
2,11,not_(x[6]),True,not_(x[6]),0.20238095238095233,c236778dc5683a72bff278f68dd0aee1,0.20238095238095233,False,0.0
2,11,not_(x[4]),True,not_(x[4]),0.20238095238095233,e9bf358728c366c73b72393d204b8cd2,0.20238095238095233,False,0.0
2,11,not_(x[6]),True,not_(x[6]),0.20238095238095233,c236778dc5683a72bff278f68dd0aee1,0.20238095238095233,False,0.0
2,11,"not_(and_(x[4],or_(x[4],less_than_or_equal(x[3],add(mul(x[2],x[0]),pdiv(mul(x[5],x[0]),add(x[2],x[3])))))))",True,not_(x[4]),0.20238095238095233,e9bf358728c366c73b72393d204b8cd2,0.20238095238095233,False,0.0
2,11,not_(x[4]),True,not_(x[4]),0.20238095238095233,e9bf358728c366c73b72393d204b8cd2,0.20238095238095233,False,0.0
2,11,not_(x[6]),True,not_(x[6]),0.20238095238095233,c236778dc5683a72bff278f68dd0aee1,0.20238095238095233,False,0.0
2,11,not_(x[6]),True,not_(x[6]),0.20238095238095233,c236778dc5683a72bff278f68dd0aee1,0.20238095238095233,False,0.0
2,11,not_(x[6]),True,not_(x[6]),0.20238095238095233,c236778dc5683a72bff278f68dd0aee1,0.20238095238095233,False,0.0
2,11,not_(x[6]),True,not_(x[6]),0.20238095238095233,c236778dc5683a72bff278f68dd0aee1,0.20238095238095233,False,0.0
2,11,not_(x[6]),True,not_(x[6]),0.20238095238095233,c236778dc5683a72bff278f68dd0aee1,0.20238095238095233,False,0.0
2,11,not_(x[6]),True,not_(x[6]),0.20238095238095233,c236778dc5683a72bff278f68dd0aee1,0.20238095238095233,False,0.0
2,11,not_(x[6]),True,not_(x[6]),0.20238095238095233,c236778dc5683a72bff278f68dd0aee1,0.20238095238095233,False,0.0
2,11,not_(x[6]),True,not_(x[6]),0.20238095238095233,c236778dc5683a72bff278f68dd0aee1,0.20238095238095233,False,0.0
2,11,not_(x[6]),True,not_(x[6]),0.20238095238095233,c236778dc5683a72bff278f68dd0aee1,0.20238095238095233,False,0.0
2,11,not_(x[6]),True,not_(x[6]),0.20238095238095233,c236778dc5683a72bff278f68dd0aee1,0.20238095238095233,False,0.0
2,11,not_(x[4]),True,not_(x[4]),0.20238095238095233,e9bf358728c366c73b72393d204b8cd2,0.20238095238095233,False,0.0
2,11,not_(x[6]),True,not_(x[6]),0.20238095238095233,c236778dc5683a72bff278f68dd0aee1,0.20238095238095233,False,0.0
2,11,not_(x[4]),True,not_(x[4]),0.20238095238095233,e9bf358728c366c73b72393d204b8cd2,0.20238095238095233,False,0.0
2,11,not_(x[4]),True,not_(x[4]),0.20238095238095233,e9bf358728c366c73b72393d204b8cd2,0.20238095238095233,False,0.0
2,11,not_(x[6]),True,not_(x[6]),0.20238095238095233,c236778dc5683a72bff278f68dd0aee1,0.20238095238095233,False,0.0
2,11,not_(x[6]),True,not_(x[6]),0.20238095238095233,c236778dc5683a72bff278f68dd0aee1,0.20238095238095233,False,0.0
2,11,not_(x[4]),True,not_(x[4]),0.20238095238095233,e9bf358728c366c73b72393d204b8cd2,0.20238095238095233,False,0.0
2,11,not_(x[6]),True,not_(x[6]),0.20238095238095233,c236778dc5683a72bff278f68dd0aee1,0.20238095238095233,False,0.0
2,11,not_(x[4]),True,not_(x[4]),0.20238095238095233,e9bf358728c366c73b72393d204b8cd2,0.20238095238095233,False,0.0
2,11,not_(x[6]),True,not_(x[6]),0.20238095238095233,c236778dc5683a72bff278f68dd0aee1,0.20238095238095233,False,0.0
2,11,not_(x[6]),True,not_(x[6]),0.20238095238095233,c236778dc5683a72bff278f68dd0aee1,0.20238095238095233,False,0.0
2,11,not_(x[6]),True,not_(x[6]),0.20238095238095233,c236778dc5683a72bff278f68dd0aee1,0.20238095238095233,False,0.0
2,11,not_(x[6]),True,not_(x[6]),0.20238095238095233,c236778dc5683a72bff278f68dd0aee1,0.20238095238095233,False,0.0
2,11,not_(x[6]),True,not_(x[6]),0.20238095238095233,c236778dc5683a72bff278f68dd0aee1,0.20238095238095233,False,0.0
2,11,"and_(x[6],x[6])",True,"or_(not_(greater_than_or_equal(x[3], x[3])),x[6])",0.7976190476190477,dabf352ca9fc16fe7897b3fa7e73f5cb,0.7976190476190477,False,0.0
2,11,not_(x[6]),True,not_(x[6]),0.20238095238095233,c236778dc5683a72bff278f68dd0aee1,0.20238095238095233,False,0.0
2,11,not_(x[1]),True,"less_than_or_equal(53.67,mul(x[3],x[3]))",0.2142857142857143,2cece411320c1d56790d65c80cc8f440,0.22619047619047616,True,0.011904761904761862
2,11,not_(x[6]),True,not_(x[6]),0.20238095238095233,c236778dc5683a72bff278f68dd0aee1,0.20238095238095233,False,0.0
2,11,not_(x[6]),True,not_(x[6]),0.20238095238095233,c236778dc5683a72bff278f68dd0aee1,0.20238095238095233,False,0.0
2,11,not_(x[6]),True,not_(x[6]),0.20238095238095233,c236778dc5683a72bff278f68dd0aee1,0.20238095238095233,False,0.0
2,11,not_(x[4]),True,not_(x[4]),0.20238095238095233,e9bf358728c366c73b72393d204b8cd2,0.20238095238095233,False,0.0
2,11,not_(x[6]),True,not_(x[6]),0.20238095238095233,c236778dc5683a72bff278f68dd0aee1,0.20238095238095233,False,0.0
2,11,not_(x[6]),True,not_(x[6]),0.20238095238095233,c236778dc5683a72bff278f68dd0aee1,0.20238095238095233,False,0.0
2,11,not_(x[4]),True,not_(x[4]),0.20238095238095233,e9bf358728c366c73b72393d204b8cd2,0.20238095238095233,False,0.0
2,11,not_(x[6]),True,not_(x[6]),0.20238095238095233,c236778dc5683a72bff278f68dd0aee1,0.20238095238095233,False,0.0
2,11,not_(x[6]),True,not_(x[6]),0.20238095238095233,c236778dc5683a72bff278f68dd0aee1,0.20238095238095233,False,0.0
2,11,not_(x[6]),True,not_(x[6]),0.20238095238095233,c236778dc5683a72bff278f68dd0aee1,0.20238095238095233,False,0.0
2,11,not_(x[4]),True,not_(x[4]),0.20238095238095233,e9bf358728c366c73b72393d204b8cd2,0.20238095238095233,False,0.0
2,11,not_(x[6]),True,not_(x[6]),0.20238095238095233,c236778dc5683a72bff278f68dd0aee1,0.20238095238095233,False,0.0
2,11,not_(x[6]),True,not_(x[6]),0.20238095238095233,c236778dc5683a72bff278f68dd0aee1,0.20238095238095233,False,0.0
2,11,not_(x[4]),True,not_(x[4]),0.20238095238095233,e9bf358728c366c73b72393d204b8cd2,0.20238095238095233,False,0.0
2,11,not_(x[6]),True,not_(x[6]),0.20238095238095233,c236778dc5683a72bff278f68dd0aee1,0.20238095238095233,False,0.0
2,11,not_(x[6]),True,not_(x[6]),0.20238095238095233,c236778dc5683a72bff278f68dd0aee1,0.20238095238095233,False,0.0
2,11,"less_than_or_equal(add(add(x[0],x[5]),mul(mul(sub(sub(x[3],x[0]),x[3]),mul(sub(x[0],x[0]),mul(x[2],x[2]))),x[2])),45.43)",True,"less_than_or_equal(x[3],x[3])",0.7857142857142857,3352141c4f785c0403fcb33f533f7848,0.7857142857142857,False,0.0
2,11,not_(x[4]),True,not_(x[4]),0.20238095238095233,e9bf358728c366c73b72393d204b8cd2,0.20238095238095233,False,0.0
2,11,not_(x[6]),True,not_(x[6]),0.20238095238095233,c236778dc5683a72bff278f68dd0aee1,0.20238095238095233,False,0.0
2,11,not_(x[6]),True,not_(x[6]),0.20238095238095233,c236778dc5683a72bff278f68dd0aee1,0.20238095238095233,False,0.0
2,11,"or_(x[6],x[6])",True,"or_(not_(greater_than_or_equal(x[3], x[3])),x[6])",0.7976190476190477,dabf352ca9fc16fe7897b3fa7e73f5cb,0.7976190476190477,False,0.0
2,11,not_(x[6]),True,not_(x[6]),0.20238095238095233,c236778dc5683a72bff278f68dd0aee1,0.20238095238095233,False,0.0
2,11,not_(x[6]),True,not_(x[6]),0.20238095238095233,c236778dc5683a72bff278f68dd0aee1,0.20238095238095233,False,0.0
2,11,not_(x[6]),True,not_(x[6]),0.20238095238095233,c236778dc5683a72bff278f68dd0aee1,0.20238095238095233,False,0.0
2,11,not_(x[4]),True,not_(x[4]),0.20238095238095233,e9bf358728c366c73b72393d204b8cd2,0.20238095238095233,False,0.0
2,11,not_(x[6]),True,not_(x[6]),0.20238095238095233,c236778dc5683a72bff278f68dd0aee1,0.20238095238095233,False,0.0
2,11,not_(x[6]),True,not_(x[6]),0.20238095238095233,c236778dc5683a72bff278f68dd0aee1,0.20238095238095233,False,0.0
2,11,not_(x[4]),True,not_(x[4]),0.20238095238095233,e9bf358728c366c73b72393d204b8cd2,0.20238095238095233,False,0.0
2,11,not_(x[6]),True,not_(x[6]),0.20238095238095233,c236778dc5683a72bff278f68dd0aee1,0.20238095238095233,False,0.0
2,11,not_(x[4]),True,not_(x[4]),0.20238095238095233,e9bf358728c366c73b72393d204b8cd2,0.20238095238095233,False,0.0
2,11,not_(x[4]),True,not_(x[4]),0.20238095238095233,e9bf358728c366c73b72393d204b8cd2,0.20238095238095233,False,0.0
2,11,not_(x[4]),True,not_(x[4]),0.20238095238095233,e9bf358728c366c73b72393d204b8cd2,0.20238095238095233,False,0.0
2,11,not_(x[6]),True,not_(x[6]),0.20238095238095233,c236778dc5683a72bff278f68dd0aee1,0.20238095238095233,False,0.0
2,11,not_(x[6]),True,not_(x[6]),0.20238095238095233,c236778dc5683a72bff278f68dd0aee1,0.20238095238095233,False,0.0
2,11,"less_than_or_equal(sub(add(18.87,x[5]),x[0]),add(x[2],x[3]))",True,"less_than_or_equal(53.67,mul(x[3],x[3]))",0.2142857142857143,2cece411320c1d56790d65c80cc8f440,0.2142857142857143,False,0.0
2,11,not_(x[6]),True,not_(x[6]),0.20238095238095233,c236778dc5683a72bff278f68dd0aee1,0.20238095238095233,False,0.0
2,11,not_(x[4]),True,not_(x[4]),0.20238095238095233,e9bf358728c366c73b72393d204b8cd2,0.20238095238095233,False,0.0
2,11,not_(x[6]),True,not_(x[6]),0.20238095238095233,c236778dc5683a72bff278f68dd0aee1,0.20238095238095233,False,0.0
2,11,not_(x[6]),True,not_(x[6]),0.20238095238095233,c236778dc5683a72bff278f68dd0aee1,0.20238095238095233,False,0.0
2,11,not_(x[4]),True,not_(x[4]),0.20238095238095233,e9bf358728c366c73b72393d204b8cd2,0.20238095238095233,False,0.0
2,11,not_(x[6]),True,not_(x[6]),0.20238095238095233,c236778dc5683a72bff278f68dd0aee1,0.20238095238095233,False,0.0
2,11,not_(x[4]),True,not_(x[4]),0.20238095238095233,e9bf358728c366c73b72393d204b8cd2,0.20238095238095233,False,0.0
2,11,not_(x[6]),True,not_(x[6]),0.20238095238095233,c236778dc5683a72bff278f68dd0aee1,0.20238095238095233,False,0.0
2,11,not_(x[6]),True,not_(x[6]),0.20238095238095233,c236778dc5683a72bff278f68dd0aee1,0.20238095238095233,False,0.0
2,11,not_(x[6]),True,not_(x[6]),0.20238095238095233,c236778dc5683a72bff278f68dd0aee1,0.20238095238095233,False,0.0
2,11,not_(x[6]),True,not_(x[6]),0.20238095238095233,c236778dc5683a72bff278f68dd0aee1,0.20238095238095233,False,0.0
2,11,"greater_than_or_equal(sub(sub(x[3],x[0]),x[3]), mul(sub(x[2],x[0]),mul(x[2],x[2])))",True,not_(x[6]),0.20238095238095233,c236778dc5683a72bff278f68dd0aee1,0.20238095238095233,False,0.0
2,11,not_(x[6]),True,not_(x[6]),0.20238095238095233,c236778dc5683a72bff278f68dd0aee1,0.20238095238095233,False,0.0
2,11,not_(x[6]),True,not_(x[6]),0.20238095238095233,c236778dc5683a72bff278f68dd0aee1,0.20238095238095233,False,0.0
2,11,not_(x[6]),True,not_(x[6]),0.20238095238095233,c236778dc5683a72bff278f68dd0aee1,0.20238095238095233,False,0.0
2,11,not_(x[6]),True,not_(x[6]),0.20238095238095233,c236778dc5683a72bff278f68dd0aee1,0.20238095238095233,False,0.0
2,11,not_(x[4]),True,not_(x[4]),0.20238095238095233,e9bf358728c366c73b72393d204b8cd2,0.20238095238095233,False,0.0
2,11,not_(x[4]),True,not_(x[4]),0.20238095238095233,e9bf358728c366c73b72393d204b8cd2,0.20238095238095233,False,0.0
2,11,not_(x[6]),True,not_(x[6]),0.20238095238095233,c236778dc5683a72bff278f68dd0aee1,0.20238095238095233,False,0.0
2,11,not_(x[4]),True,not_(x[4]),0.20238095238095233,e9bf358728c366c73b72393d204b8cd2,0.20238095238095233,False,0.0
2,11,not_(x[6]),True,not_(x[6]),0.20238095238095233,c236778dc5683a72bff278f68dd0aee1,0.20238095238095233,False,0.0
2,11,not_(x[6]),True,not_(x[6]),0.20238095238095233,c236778dc5683a72bff278f68dd0aee1,0.20238095238095233,False,0.0
2,11,not_(x[4]),True,not_(x[4]),0.20238095238095233,e9bf358728c366c73b72393d204b8cd2,0.20238095238095233,False,0.0
2,11,"not_(less_than_or_equal(x[3],add(mul(x[2],x[0]),pdiv(mul(x[5],x[0]),add(x[2],x[3])))))",True,"and_(greater_than_or_equal(add(x[3],x[2]), pdiv(x[2],x[3])),less_than_or_equal(sub(x[0],x[2]),add(x[3],x[0])))",0.29761904761904767,57d4612aeba4f3a787ed24c5af827569,0.30952380952380953,True,0.011904761904761862
2,11,"not_(or_(and_(x[6],x[6]),x[6]))",True,not_(x[6]),0.20238095238095233,c236778dc5683a72bff278f68dd0aee1,0.20238095238095233,False,0.0
2,11,not_(x[6]),True,not_(x[6]),0.20238095238095233,c236778dc5683a72bff278f68dd0aee1,0.20238095238095233,False,0.0
2,11,"less_than_or_equal(sub(add(x[0],x[5]),mul(mul(mul(sub(x[3],x[0]),x[3]),mul(sub(x[2],x[0]),mul(x[2],x[2]))),x[2])),45.43)",True,"less_than_or_equal(x[3],x[3])",0.7857142857142857,3352141c4f785c0403fcb33f533f7848,0.7857142857142857,False,0.0
2,11,not_(x[4]),True,not_(x[4]),0.20238095238095233,e9bf358728c366c73b72393d204b8cd2,0.20238095238095233,False,0.0
2,11,not_(x[6]),True,not_(x[6]),0.20238095238095233,c236778dc5683a72bff278f68dd0aee1,0.20238095238095233,False,0.0
2,11,"not_(or_(x[6],x[4]))",True,not_(x[6]),0.20238095238095233,c236778dc5683a72bff278f68dd0aee1,0.20238095238095233,False,0.0
2,11,not_(x[6]),True,not_(x[6]),0.20238095238095233,c236778dc5683a72bff278f68dd0aee1,0.20238095238095233,False,0.0
2,11,not_(x[6]),True,not_(x[6]),0.20238095238095233,c236778dc5683a72bff278f68dd0aee1,0.20238095238095233,False,0.0
2,11,not_(x[4]),True,not_(x[4]),0.20238095238095233,e9bf358728c366c73b72393d204b8cd2,0.20238095238095233,False,0.0
2,11,not_(x[6]),True,not_(x[6]),0.20238095238095233,c236778dc5683a72bff278f68dd0aee1,0.20238095238095233,False,0.0
2,11,not_(x[6]),True,not_(x[6]),0.20238095238095233,c236778dc5683a72bff278f68dd0aee1,0.20238095238095233,False,0.0
2,11,"not_(and_(x[4],x[6]))",True,not_(x[4]),0.20238095238095233,e9bf358728c366c73b72393d204b8cd2,0.20238095238095233,False,0.0
2,11,not_(x[6]),True,not_(x[6]),0.20238095238095233,c236778dc5683a72bff278f68dd0aee1,0.20238095238095233,False,0.0
2,11,not_(x[1]),True,"less_than_or_equal(53.67,mul(x[3],x[3]))",0.2142857142857143,2cece411320c1d56790d65c80cc8f440,0.22619047619047616,True,0.011904761904761862
2,11,not_(x[6]),True,not_(x[6]),0.20238095238095233,c236778dc5683a72bff278f68dd0aee1,0.20238095238095233,False,0.0
2,11,not_(x[6]),True,not_(x[6]),0.20238095238095233,c236778dc5683a72bff278f68dd0aee1,0.20238095238095233,False,0.0
2,11,not_(x[4]),True,not_(x[4]),0.20238095238095233,e9bf358728c366c73b72393d204b8cd2,0.20238095238095233,False,0.0
2,11,not_(x[4]),True,not_(x[4]),0.20238095238095233,e9bf358728c366c73b72393d204b8cd2,0.20238095238095233,False,0.0
2,11,not_(x[4]),True,not_(x[4]),0.20238095238095233,e9bf358728c366c73b72393d204b8cd2,0.20238095238095233,False,0.0
2,11,not_(x[6]),True,not_(x[6]),0.20238095238095233,c236778dc5683a72bff278f68dd0aee1,0.20238095238095233,False,0.0
2,11,not_(x[6]),True,not_(x[6]),0.20238095238095233,c236778dc5683a72bff278f68dd0aee1,0.20238095238095233,False,0.0
2,11,not_(x[6]),True,not_(x[6]),0.20238095238095233,c236778dc5683a72bff278f68dd0aee1,0.20238095238095233,False,0.0
2,11,not_(x[6]),True,not_(x[6]),0.20238095238095233,c236778dc5683a72bff278f68dd0aee1,0.20238095238095233,False,0.0
2,11,not_(x[6]),True,not_(x[6]),0.20238095238095233,c236778dc5683a72bff278f68dd0aee1,0.20238095238095233,False,0.0
2,11,not_(x[4]),True,not_(x[4]),0.20238095238095233,e9bf358728c366c73b72393d204b8cd2,0.20238095238095233,False,0.0
2,11,not_(x[6]),True,not_(x[6]),0.20238095238095233,c236778dc5683a72bff278f68dd0aee1,0.20238095238095233,False,0.0
2,11,not_(x[6]),True,not_(x[6]),0.20238095238095233,c236778dc5683a72bff278f68dd0aee1,0.20238095238095233,False,0.0
2,11,not_(x[6]),True,not_(x[6]),0.20238095238095233,c236778dc5683a72bff278f68dd0aee1,0.20238095238095233,False,0.0
2,11,not_(x[6]),True,not_(x[6]),0.20238095238095233,c236778dc5683a72bff278f68dd0aee1,0.20238095238095233,False,0.0
2,11,not_(x[6]),True,not_(x[6]),0.20238095238095233,c236778dc5683a72bff278f68dd0aee1,0.20238095238095233,False,0.0
2,11,not_(x[6]),True,not_(x[6]),0.20238095238095233,c236778dc5683a72bff278f68dd0aee1,0.20238095238095233,False,0.0
2,11,not_(x[4]),True,not_(x[4]),0.20238095238095233,e9bf358728c366c73b72393d204b8cd2,0.20238095238095233,False,0.0
2,11,not_(x[4]),True,not_(x[4]),0.20238095238095233,e9bf358728c366c73b72393d204b8cd2,0.20238095238095233,False,0.0
2,11,not_(x[6]),True,not_(x[6]),0.20238095238095233,c236778dc5683a72bff278f68dd0aee1,0.20238095238095233,False,0.0
2,11,"and_(x[4],and_(x[6],x[1]))",True,"not_(greater_than_or_equal(sub(x[0],x[3]), x[0]))",0.7976190476190477,95cffd09c37f5560118f86148db41cd5,0.7976190476190477,False,0.0
2,11,not_(x[4]),True,not_(x[4]),0.20238095238095233,e9bf358728c366c73b72393d204b8cd2,0.20238095238095233,False,0.0
2,11,not_(x[4]),True,not_(x[4]),0.20238095238095233,e9bf358728c366c73b72393d204b8cd2,0.20238095238095233,False,0.0
2,11,not_(x[6]),True,not_(x[6]),0.20238095238095233,c236778dc5683a72bff278f68dd0aee1,0.20238095238095233,False,0.0
2,11,not_(x[4]),True,not_(x[4]),0.20238095238095233,e9bf358728c366c73b72393d204b8cd2,0.20238095238095233,False,0.0
2,11,not_(x[6]),True,not_(x[6]),0.20238095238095233,c236778dc5683a72bff278f68dd0aee1,0.20238095238095233,False,0.0
2,11,"not_(greater_than_or_equal(pdiv(mul(x[5],x[0]),add(x[2],x[3])), x[3]))",True,"less_than_or_equal(pdiv(mul(x[5],x[0]),add(x[2],x[3])),x[3])",0.36904761904761907,4fee0d6f2466e44b3883d15e1b6db46b,0.3571428571428571,True,-0.011904761904761973
2,11,not_(x[4]),True,not_(x[4]),0.20238095238095233,e9bf358728c366c73b72393d204b8cd2,0.20238095238095233,False,0.0
2,11,not_(x[4]),True,not_(x[4]),0.20238095238095233,e9bf358728c366c73b72393d204b8cd2,0.20238095238095233,False,0.0
2,11,not_(x[6]),True,not_(x[6]),0.20238095238095233,c236778dc5683a72bff278f68dd0aee1,0.20238095238095233,False,0.0
2,11,not_(x[4]),True,not_(x[4]),0.20238095238095233,e9bf358728c366c73b72393d204b8cd2,0.20238095238095233,False,0.0
2,11,not_(x[6]),True,not_(x[6]),0.20238095238095233,c236778dc5683a72bff278f68dd0aee1,0.20238095238095233,False,0.0
2,11,not_(x[6]),True,not_(x[6]),0.20238095238095233,c236778dc5683a72bff278f68dd0aee1,0.20238095238095233,False,0.0
2,11,not_(x[4]),True,not_(x[4]),0.20238095238095233,e9bf358728c366c73b72393d204b8cd2,0.20238095238095233,False,0.0
2,11,not_(x[6]),True,not_(x[6]),0.20238095238095233,c236778dc5683a72bff278f68dd0aee1,0.20238095238095233,False,0.0
2,11,not_(x[6]),True,not_(x[6]),0.20238095238095233,c236778dc5683a72bff278f68dd0aee1,0.20238095238095233,False,0.0
2,11,not_(x[6]),True,not_(x[6]),0.20238095238095233,c236778dc5683a72bff278f68dd0aee1,0.20238095238095233,False,0.0
2,11,not_(x[6]),True,not_(x[6]),0.20238095238095233,c236778dc5683a72bff278f68dd0aee1,0.20238095238095233,False,0.0
2,11,not_(x[4]),True,not_(x[4]),0.20238095238095233,e9bf358728c366c73b72393d204b8cd2,0.20238095238095233,False,0.0
2,11,not_(x[6]),True,not_(x[6]),0.20238095238095233,c236778dc5683a72bff278f68dd0aee1,0.20238095238095233,False,0.0
2,11,not_(x[6]),True,not_(x[6]),0.20238095238095233,c236778dc5683a72bff278f68dd0aee1,0.20238095238095233,False,0.0
2,11,not_(x[6]),True,not_(x[6]),0.20238095238095233,c236778dc5683a72bff278f68dd0aee1,0.20238095238095233,False,0.0
2,11,not_(x[6]),True,not_(x[6]),0.20238095238095233,c236778dc5683a72bff278f68dd0aee1,0.20238095238095233,False,0.0
2,11,not_(x[4]),True,not_(x[4]),0.20238095238095233,e9bf358728c366c73b72393d204b8cd2,0.20238095238095233,False,0.0
2,11,not_(x[6]),True,not_(x[6]),0.20238095238095233,c236778dc5683a72bff278f68dd0aee1,0.20238095238095233,False,0.0
2,11,not_(x[4]),True,not_(x[4]),0.20238095238095233,e9bf358728c366c73b72393d204b8cd2,0.20238095238095233,False,0.0
2,11,"not_(or_(x[6],x[6]))",True,not_(x[6]),0.20238095238095233,c236778dc5683a72bff278f68dd0aee1,0.20238095238095233,False,0.0
2,11,not_(x[6]),True,not_(x[6]),0.20238095238095233,c236778dc5683a72bff278f68dd0aee1,0.20238095238095233,False,0.0
2,11,not_(not_(x[1])),True,"less_than_or_equal(x[3],x[3])",0.7857142857142857,3352141c4f785c0403fcb33f533f7848,0.7738095238095238,True,-0.011904761904761862
2,11,not_(x[4]),True,not_(x[4]),0.20238095238095233,e9bf358728c366c73b72393d204b8cd2,0.20238095238095233,False,0.0
2,11,not_(x[4]),True,not_(x[4]),0.20238095238095233,e9bf358728c366c73b72393d204b8cd2,0.20238095238095233,False,0.0
2,11,not_(x[6]),True,not_(x[6]),0.20238095238095233,c236778dc5683a72bff278f68dd0aee1,0.20238095238095233,False,0.0
2,11,not_(x[4]),True,not_(x[4]),0.20238095238095233,e9bf358728c366c73b72393d204b8cd2,0.20238095238095233,False,0.0
2,11,not_(x[4]),True,not_(x[4]),0.20238095238095233,e9bf358728c366c73b72393d204b8cd2,0.20238095238095233,False,0.0
2,11,not_(x[6]),True,not_(x[6]),0.20238095238095233,c236778dc5683a72bff278f68dd0aee1,0.20238095238095233,False,0.0
2,11,not_(x[6]),True,not_(x[6]),0.20238095238095233,c236778dc5683a72bff278f68dd0aee1,0.20238095238095233,False,0.0
2,11,not_(x[6]),True,not_(x[6]),0.20238095238095233,c236778dc5683a72bff278f68dd0aee1,0.20238095238095233,False,0.0
2,11,not_(x[6]),True,not_(x[6]),0.20238095238095233,c236778dc5683a72bff278f68dd0aee1,0.20238095238095233,False,0.0
2,11,"less_than_or_equal(sub(add(x[0],x[5]),mul(x[2],x[0])),pdiv(mul(x[5],x[0]),add(x[2],x[3])))",True,"less_than_or_equal(sub(add(x[0],x[5]),mul(x[2],x[0])),pdiv(mul(x[5],x[0]),add(x[2],x[3])))",0.19047619047619047,58cc4f21233e882751aa955999da1daf,0.13636363636363635,True,-0.05411255411255411
2,12,not_(x[6]),True,not_(x[6]),0.20238095238095233,c236778dc5683a72bff278f68dd0aee1,0.20238095238095233,False,0.0
2,12,not_(x[6]),True,not_(x[6]),0.20238095238095233,c236778dc5683a72bff278f68dd0aee1,0.20238095238095233,False,0.0
2,12,not_(x[6]),True,not_(x[6]),0.20238095238095233,c236778dc5683a72bff278f68dd0aee1,0.20238095238095233,False,0.0
2,12,not_(x[6]),True,not_(x[6]),0.20238095238095233,c236778dc5683a72bff278f68dd0aee1,0.20238095238095233,False,0.0
2,12,not_(x[6]),True,not_(x[6]),0.20238095238095233,c236778dc5683a72bff278f68dd0aee1,0.20238095238095233,False,0.0
2,12,not_(x[6]),True,not_(x[6]),0.20238095238095233,c236778dc5683a72bff278f68dd0aee1,0.20238095238095233,False,0.0
2,12,"not_(and_(x[6],x[4]))",True,not_(x[4]),0.20238095238095233,e9bf358728c366c73b72393d204b8cd2,0.20238095238095233,False,0.0
2,12,not_(x[4]),True,not_(x[4]),0.20238095238095233,e9bf358728c366c73b72393d204b8cd2,0.20238095238095233,False,0.0
2,12,not_(x[6]),True,not_(x[6]),0.20238095238095233,c236778dc5683a72bff278f68dd0aee1,0.20238095238095233,False,0.0
2,12,not_(x[6]),True,not_(x[6]),0.20238095238095233,c236778dc5683a72bff278f68dd0aee1,0.20238095238095233,False,0.0
2,12,"or_(x[4],x[6])",True,"or_(not_(greater_than_or_equal(x[3], x[3])),x[6])",0.7976190476190477,dabf352ca9fc16fe7897b3fa7e73f5cb,0.7976190476190477,False,0.0
2,12,not_(x[6]),True,not_(x[6]),0.20238095238095233,c236778dc5683a72bff278f68dd0aee1,0.20238095238095233,False,0.0
2,12,not_(x[4]),True,not_(x[4]),0.20238095238095233,e9bf358728c366c73b72393d204b8cd2,0.20238095238095233,False,0.0
2,12,not_(x[6]),True,not_(x[6]),0.20238095238095233,c236778dc5683a72bff278f68dd0aee1,0.20238095238095233,False,0.0
2,12,not_(x[4]),True,not_(x[4]),0.20238095238095233,e9bf358728c366c73b72393d204b8cd2,0.20238095238095233,False,0.0
2,12,not_(x[6]),True,not_(x[6]),0.20238095238095233,c236778dc5683a72bff278f68dd0aee1,0.20238095238095233,False,0.0
2,12,not_(x[6]),True,not_(x[6]),0.20238095238095233,c236778dc5683a72bff278f68dd0aee1,0.20238095238095233,False,0.0
2,12,not_(x[6]),True,not_(x[6]),0.20238095238095233,c236778dc5683a72bff278f68dd0aee1,0.20238095238095233,False,0.0
2,12,not_(x[6]),True,not_(x[6]),0.20238095238095233,c236778dc5683a72bff278f68dd0aee1,0.20238095238095233,False,0.0
2,12,not_(x[4]),True,not_(x[4]),0.20238095238095233,e9bf358728c366c73b72393d204b8cd2,0.20238095238095233,False,0.0
2,12,not_(x[4]),True,not_(x[4]),0.20238095238095233,e9bf358728c366c73b72393d204b8cd2,0.20238095238095233,False,0.0
2,12,not_(x[4]),True,not_(x[4]),0.20238095238095233,e9bf358728c366c73b72393d204b8cd2,0.20238095238095233,False,0.0
2,12,not_(x[6]),True,not_(x[6]),0.20238095238095233,c236778dc5683a72bff278f68dd0aee1,0.20238095238095233,False,0.0
2,12,not_(x[4]),True,not_(x[4]),0.20238095238095233,e9bf358728c366c73b72393d204b8cd2,0.20238095238095233,False,0.0
2,12,not_(x[4]),True,not_(x[4]),0.20238095238095233,e9bf358728c366c73b72393d204b8cd2,0.20238095238095233,False,0.0
2,12,not_(x[1]),True,"less_than_or_equal(53.67,mul(x[3],x[3]))",0.2142857142857143,2cece411320c1d56790d65c80cc8f440,0.22619047619047616,True,0.011904761904761862
2,12,not_(x[6]),True,not_(x[6]),0.20238095238095233,c236778dc5683a72bff278f68dd0aee1,0.20238095238095233,False,0.0
2,12,not_(x[6]),True,not_(x[6]),0.20238095238095233,c236778dc5683a72bff278f68dd0aee1,0.20238095238095233,False,0.0
2,12,not_(x[6]),True,not_(x[6]),0.20238095238095233,c236778dc5683a72bff278f68dd0aee1,0.20238095238095233,False,0.0
2,12,not_(x[6]),True,not_(x[6]),0.20238095238095233,c236778dc5683a72bff278f68dd0aee1,0.20238095238095233,False,0.0
2,12,not_(x[6]),True,not_(x[6]),0.20238095238095233,c236778dc5683a72bff278f68dd0aee1,0.20238095238095233,False,0.0
2,12,not_(x[6]),True,not_(x[6]),0.20238095238095233,c236778dc5683a72bff278f68dd0aee1,0.20238095238095233,False,0.0
2,12,not_(x[6]),True,not_(x[6]),0.20238095238095233,c236778dc5683a72bff278f68dd0aee1,0.20238095238095233,False,0.0
2,12,"less_than_or_equal(sub(add(x[0],x[5]),x[3]),x[0])",True,"not_(greater_than_or_equal(pdiv(x[5],x[5]), pdiv(x[3],x[5])))",0.26190476190476186,aeceba6c233a8a73212b782b274d9205,0.27380952380952384,True,0.011904761904761973
2,12,not_(x[4]),True,not_(x[4]),0.20238095238095233,e9bf358728c366c73b72393d204b8cd2,0.20238095238095233,False,0.0
2,12,not_(x[6]),True,not_(x[6]),0.20238095238095233,c236778dc5683a72bff278f68dd0aee1,0.20238095238095233,False,0.0
2,12,not_(x[6]),True,not_(x[6]),0.20238095238095233,c236778dc5683a72bff278f68dd0aee1,0.20238095238095233,False,0.0
2,12,not_(x[6]),True,not_(x[6]),0.20238095238095233,c236778dc5683a72bff278f68dd0aee1,0.20238095238095233,False,0.0
2,12,not_(x[4]),True,not_(x[4]),0.20238095238095233,e9bf358728c366c73b72393d204b8cd2,0.20238095238095233,False,0.0
2,12,not_(x[4]),True,not_(x[4]),0.20238095238095233,e9bf358728c366c73b72393d204b8cd2,0.20238095238095233,False,0.0
2,12,not_(x[4]),True,not_(x[4]),0.20238095238095233,e9bf358728c366c73b72393d204b8cd2,0.20238095238095233,False,0.0
2,12,"not_(not_(or_(x[6],x[6])))",True,"or_(not_(greater_than_or_equal(x[3], x[3])),x[6])",0.7976190476190477,dabf352ca9fc16fe7897b3fa7e73f5cb,0.7976190476190477,False,0.0
2,12,"not_(or_(x[6],x[6]))",True,not_(x[6]),0.20238095238095233,c236778dc5683a72bff278f68dd0aee1,0.20238095238095233,False,0.0
2,12,"not_(greater_than_or_equal(mul(x[0],x[3]), mul(sub(x[2],x[0]),mul(x[2],x[2]))))",True,"less_than_or_equal(53.67,mul(x[3],x[3]))",0.2142857142857143,2cece411320c1d56790d65c80cc8f440,0.25,True,0.0357142857142857
2,12,not_(x[6]),True,not_(x[6]),0.20238095238095233,c236778dc5683a72bff278f68dd0aee1,0.20238095238095233,False,0.0
2,12,not_(x[6]),True,not_(x[6]),0.20238095238095233,c236778dc5683a72bff278f68dd0aee1,0.20238095238095233,False,0.0
2,12,not_(x[6]),True,not_(x[6]),0.20238095238095233,c236778dc5683a72bff278f68dd0aee1,0.20238095238095233,False,0.0
2,12,not_(x[6]),True,not_(x[6]),0.20238095238095233,c236778dc5683a72bff278f68dd0aee1,0.20238095238095233,False,0.0
2,12,not_(x[4]),True,not_(x[4]),0.20238095238095233,e9bf358728c366c73b72393d204b8cd2,0.20238095238095233,False,0.0
2,12,"not_(or_(x[4],and_(x[6],x[1])))",True,not_(x[6]),0.20238095238095233,c236778dc5683a72bff278f68dd0aee1,0.2142857142857143,True,0.011904761904761973
2,12,not_(x[4]),True,not_(x[4]),0.20238095238095233,e9bf358728c366c73b72393d204b8cd2,0.20238095238095233,False,0.0
2,12,not_(x[4]),True,not_(x[4]),0.20238095238095233,e9bf358728c366c73b72393d204b8cd2,0.20238095238095233,False,0.0
2,12,not_(x[6]),True,not_(x[6]),0.20238095238095233,c236778dc5683a72bff278f68dd0aee1,0.20238095238095233,False,0.0
2,12,not_(x[6]),True,not_(x[6]),0.20238095238095233,c236778dc5683a72bff278f68dd0aee1,0.20238095238095233,False,0.0
2,12,"not_(or_(x[6],x[6]))",True,not_(x[6]),0.20238095238095233,c236778dc5683a72bff278f68dd0aee1,0.20238095238095233,False,0.0
2,12,not_(x[4]),True,not_(x[4]),0.20238095238095233,e9bf358728c366c73b72393d204b8cd2,0.20238095238095233,False,0.0
2,12,not_(x[6]),True,not_(x[6]),0.20238095238095233,c236778dc5683a72bff278f68dd0aee1,0.20238095238095233,False,0.0
2,12,not_(x[4]),True,not_(x[4]),0.20238095238095233,e9bf358728c366c73b72393d204b8cd2,0.20238095238095233,False,0.0
2,12,not_(x[4]),True,not_(x[4]),0.20238095238095233,e9bf358728c366c73b72393d204b8cd2,0.20238095238095233,False,0.0
2,12,not_(x[6]),True,not_(x[6]),0.20238095238095233,c236778dc5683a72bff278f68dd0aee1,0.20238095238095233,False,0.0
2,12,not_(x[4]),True,not_(x[4]),0.20238095238095233,e9bf358728c366c73b72393d204b8cd2,0.20238095238095233,False,0.0
2,12,"less_than_or_equal(x[2],x[5])",True,"less_than_or_equal(x[3],x[3])",0.7857142857142857,3352141c4f785c0403fcb33f533f7848,0.7380952380952381,True,-0.04761904761904756
2,12,"not_(or_(x[6],x[4]))",True,not_(x[6]),0.20238095238095233,c236778dc5683a72bff278f68dd0aee1,0.20238095238095233,False,0.0
2,12,not_(x[4]),True,not_(x[4]),0.20238095238095233,e9bf358728c366c73b72393d204b8cd2,0.20238095238095233,False,0.0
2,12,not_(x[4]),True,not_(x[4]),0.20238095238095233,e9bf358728c366c73b72393d204b8cd2,0.20238095238095233,False,0.0
2,12,not_(x[6]),True,not_(x[6]),0.20238095238095233,c236778dc5683a72bff278f68dd0aee1,0.20238095238095233,False,0.0
2,12,"not_(or_(x[6],x[4]))",True,not_(x[6]),0.20238095238095233,c236778dc5683a72bff278f68dd0aee1,0.20238095238095233,False,0.0
2,12,not_(x[6]),True,not_(x[6]),0.20238095238095233,c236778dc5683a72bff278f68dd0aee1,0.20238095238095233,False,0.0
2,12,not_(x[6]),True,not_(x[6]),0.20238095238095233,c236778dc5683a72bff278f68dd0aee1,0.20238095238095233,False,0.0
2,12,not_(x[4]),True,not_(x[4]),0.20238095238095233,e9bf358728c366c73b72393d204b8cd2,0.20238095238095233,False,0.0
2,12,"not_(or_(x[4],x[6]))",True,not_(x[6]),0.20238095238095233,c236778dc5683a72bff278f68dd0aee1,0.20238095238095233,False,0.0
2,12,not_(x[6]),True,not_(x[6]),0.20238095238095233,c236778dc5683a72bff278f68dd0aee1,0.20238095238095233,False,0.0
2,12,not_(x[6]),True,not_(x[6]),0.20238095238095233,c236778dc5683a72bff278f68dd0aee1,0.20238095238095233,False,0.0
2,12,not_(x[4]),True,not_(x[4]),0.20238095238095233,e9bf358728c366c73b72393d204b8cd2,0.20238095238095233,False,0.0
2,12,not_(x[6]),True,not_(x[6]),0.20238095238095233,c236778dc5683a72bff278f68dd0aee1,0.20238095238095233,False,0.0
2,12,not_(x[6]),True,not_(x[6]),0.20238095238095233,c236778dc5683a72bff278f68dd0aee1,0.20238095238095233,False,0.0
2,12,not_(x[6]),True,not_(x[6]),0.20238095238095233,c236778dc5683a72bff278f68dd0aee1,0.20238095238095233,False,0.0
2,12,not_(x[6]),True,not_(x[6]),0.20238095238095233,c236778dc5683a72bff278f68dd0aee1,0.20238095238095233,False,0.0
2,12,not_(x[4]),True,not_(x[4]),0.20238095238095233,e9bf358728c366c73b72393d204b8cd2,0.20238095238095233,False,0.0
2,12,not_(x[6]),True,not_(x[6]),0.20238095238095233,c236778dc5683a72bff278f68dd0aee1,0.20238095238095233,False,0.0
2,12,not_(x[6]),True,not_(x[6]),0.20238095238095233,c236778dc5683a72bff278f68dd0aee1,0.20238095238095233,False,0.0
2,12,not_(x[6]),True,not_(x[6]),0.20238095238095233,c236778dc5683a72bff278f68dd0aee1,0.20238095238095233,False,0.0
2,12,not_(x[6]),True,not_(x[6]),0.20238095238095233,c236778dc5683a72bff278f68dd0aee1,0.20238095238095233,False,0.0
2,12,not_(x[4]),True,not_(x[4]),0.20238095238095233,e9bf358728c366c73b72393d204b8cd2,0.20238095238095233,False,0.0
2,12,not_(x[6]),True,not_(x[6]),0.20238095238095233,c236778dc5683a72bff278f68dd0aee1,0.20238095238095233,False,0.0
2,12,not_(x[6]),True,not_(x[6]),0.20238095238095233,c236778dc5683a72bff278f68dd0aee1,0.20238095238095233,False,0.0
2,12,not_(x[6]),True,not_(x[6]),0.20238095238095233,c236778dc5683a72bff278f68dd0aee1,0.20238095238095233,False,0.0
2,12,not_(x[4]),True,not_(x[4]),0.20238095238095233,e9bf358728c366c73b72393d204b8cd2,0.20238095238095233,False,0.0
2,12,not_(x[6]),True,not_(x[6]),0.20238095238095233,c236778dc5683a72bff278f68dd0aee1,0.20238095238095233,False,0.0
2,12,not_(x[6]),True,not_(x[6]),0.20238095238095233,c236778dc5683a72bff278f68dd0aee1,0.20238095238095233,False,0.0
2,12,not_(x[6]),True,not_(x[6]),0.20238095238095233,c236778dc5683a72bff278f68dd0aee1,0.20238095238095233,False,0.0
2,12,not_(x[6]),True,not_(x[6]),0.20238095238095233,c236778dc5683a72bff278f68dd0aee1,0.20238095238095233,False,0.0
2,12,not_(x[4]),True,not_(x[4]),0.20238095238095233,e9bf358728c366c73b72393d204b8cd2,0.20238095238095233,False,0.0
2,12,not_(x[4]),True,not_(x[4]),0.20238095238095233,e9bf358728c366c73b72393d204b8cd2,0.20238095238095233,False,0.0
2,12,not_(x[4]),True,not_(x[4]),0.20238095238095233,e9bf358728c366c73b72393d204b8cd2,0.20238095238095233,False,0.0
2,12,not_(x[6]),True,not_(x[6]),0.20238095238095233,c236778dc5683a72bff278f68dd0aee1,0.20238095238095233,False,0.0
2,12,not_(x[6]),True,not_(x[6]),0.20238095238095233,c236778dc5683a72bff278f68dd0aee1,0.20238095238095233,False,0.0
2,12,not_(x[4]),True,not_(x[4]),0.20238095238095233,e9bf358728c366c73b72393d204b8cd2,0.20238095238095233,False,0.0
2,12,"not_(or_(x[6],x[6]))",True,not_(x[6]),0.20238095238095233,c236778dc5683a72bff278f68dd0aee1,0.20238095238095233,False,0.0
2,12,not_(x[4]),True,not_(x[4]),0.20238095238095233,e9bf358728c366c73b72393d204b8cd2,0.20238095238095233,False,0.0
2,12,not_(x[6]),True,not_(x[6]),0.20238095238095233,c236778dc5683a72bff278f68dd0aee1,0.20238095238095233,False,0.0
2,12,not_(x[6]),True,not_(x[6]),0.20238095238095233,c236778dc5683a72bff278f68dd0aee1,0.20238095238095233,False,0.0
2,12,not_(x[4]),True,not_(x[4]),0.20238095238095233,e9bf358728c366c73b72393d204b8cd2,0.20238095238095233,False,0.0
2,12,not_(x[6]),True,not_(x[6]),0.20238095238095233,c236778dc5683a72bff278f68dd0aee1,0.20238095238095233,False,0.0
2,12,not_(x[4]),True,not_(x[4]),0.20238095238095233,e9bf358728c366c73b72393d204b8cd2,0.20238095238095233,False,0.0
2,12,not_(x[6]),True,not_(x[6]),0.20238095238095233,c236778dc5683a72bff278f68dd0aee1,0.20238095238095233,False,0.0
2,12,not_(x[4]),True,not_(x[4]),0.20238095238095233,e9bf358728c366c73b72393d204b8cd2,0.20238095238095233,False,0.0
2,12,not_(x[6]),True,not_(x[6]),0.20238095238095233,c236778dc5683a72bff278f68dd0aee1,0.20238095238095233,False,0.0
2,12,not_(x[4]),True,not_(x[4]),0.20238095238095233,e9bf358728c366c73b72393d204b8cd2,0.20238095238095233,False,0.0
2,12,not_(x[4]),True,not_(x[4]),0.20238095238095233,e9bf358728c366c73b72393d204b8cd2,0.20238095238095233,False,0.0
2,12,not_(x[6]),True,not_(x[6]),0.20238095238095233,c236778dc5683a72bff278f68dd0aee1,0.20238095238095233,False,0.0
2,12,not_(x[6]),True,not_(x[6]),0.20238095238095233,c236778dc5683a72bff278f68dd0aee1,0.20238095238095233,False,0.0
2,12,not_(x[4]),True,not_(x[4]),0.20238095238095233,e9bf358728c366c73b72393d204b8cd2,0.20238095238095233,False,0.0
2,12,not_(x[6]),True,not_(x[6]),0.20238095238095233,c236778dc5683a72bff278f68dd0aee1,0.20238095238095233,False,0.0
2,12,not_(x[6]),True,not_(x[6]),0.20238095238095233,c236778dc5683a72bff278f68dd0aee1,0.20238095238095233,False,0.0
2,12,not_(x[6]),True,not_(x[6]),0.20238095238095233,c236778dc5683a72bff278f68dd0aee1,0.20238095238095233,False,0.0
2,12,x[4],True,x[4],0.7976190476190477,a4f678dee830d65312a3e1b8bd840994,0.7976190476190477,False,0.0
2,12,not_(x[6]),True,not_(x[6]),0.20238095238095233,c236778dc5683a72bff278f68dd0aee1,0.20238095238095233,False,0.0
2,12,not_(x[4]),True,not_(x[4]),0.20238095238095233,e9bf358728c366c73b72393d204b8cd2,0.20238095238095233,False,0.0
2,12,not_(x[6]),True,not_(x[6]),0.20238095238095233,c236778dc5683a72bff278f68dd0aee1,0.20238095238095233,False,0.0
2,12,not_(x[6]),True,not_(x[6]),0.20238095238095233,c236778dc5683a72bff278f68dd0aee1,0.20238095238095233,False,0.0
2,12,not_(x[6]),True,not_(x[6]),0.20238095238095233,c236778dc5683a72bff278f68dd0aee1,0.20238095238095233,False,0.0
2,12,not_(x[4]),True,not_(x[4]),0.20238095238095233,e9bf358728c366c73b72393d204b8cd2,0.20238095238095233,False,0.0
2,12,not_(x[6]),True,not_(x[6]),0.20238095238095233,c236778dc5683a72bff278f68dd0aee1,0.20238095238095233,False,0.0
2,12,not_(x[6]),True,not_(x[6]),0.20238095238095233,c236778dc5683a72bff278f68dd0aee1,0.20238095238095233,False,0.0
2,12,not_(x[6]),True,not_(x[6]),0.20238095238095233,c236778dc5683a72bff278f68dd0aee1,0.20238095238095233,False,0.0
2,12,not_(x[4]),True,not_(x[4]),0.20238095238095233,e9bf358728c366c73b72393d204b8cd2,0.20238095238095233,False,0.0
2,12,not_(x[4]),True,not_(x[4]),0.20238095238095233,e9bf358728c366c73b72393d204b8cd2,0.20238095238095233,False,0.0
2,12,not_(not_(x[6])),True,"or_(not_(greater_than_or_equal(x[3], x[3])),x[6])",0.7976190476190477,dabf352ca9fc16fe7897b3fa7e73f5cb,0.7976190476190477,False,0.0
2,12,not_(x[6]),True,not_(x[6]),0.20238095238095233,c236778dc5683a72bff278f68dd0aee1,0.20238095238095233,False,0.0
2,12,"less_than_or_equal(x[3],mul(x[3],sub(x[5],mul(x[5],x[2]))))",True,not_(x[4]),0.20238095238095233,e9bf358728c366c73b72393d204b8cd2,0.20238095238095233,False,0.0
2,12,not_(x[4]),True,not_(x[4]),0.20238095238095233,e9bf358728c366c73b72393d204b8cd2,0.20238095238095233,False,0.0
2,12,not_(x[6]),True,not_(x[6]),0.20238095238095233,c236778dc5683a72bff278f68dd0aee1,0.20238095238095233,False,0.0
2,12,not_(x[6]),True,not_(x[6]),0.20238095238095233,c236778dc5683a72bff278f68dd0aee1,0.20238095238095233,False,0.0
2,12,"less_than_or_equal(sub(add(x[0],x[5]),mul(x[2],x[0])),x[0])",True,"less_than_or_equal(53.67,mul(x[3],x[3]))",0.2142857142857143,2cece411320c1d56790d65c80cc8f440,0.25,True,0.0357142857142857
2,12,"greater_than_or_equal(sub(sub(x[3],x[0]),x[3]), mul(sub(x[2],x[0]),mul(x[2],x[2])))",True,not_(x[6]),0.20238095238095233,c236778dc5683a72bff278f68dd0aee1,0.20238095238095233,False,0.0
2,12,"or_(x[4],x[6])",True,"or_(not_(greater_than_or_equal(x[3], x[3])),x[6])",0.7976190476190477,dabf352ca9fc16fe7897b3fa7e73f5cb,0.7976190476190477,False,0.0
2,12,not_(x[6]),True,not_(x[6]),0.20238095238095233,c236778dc5683a72bff278f68dd0aee1,0.20238095238095233,False,0.0
2,12,not_(x[4]),True,not_(x[4]),0.20238095238095233,e9bf358728c366c73b72393d204b8cd2,0.20238095238095233,False,0.0
2,12,not_(x[6]),True,not_(x[6]),0.20238095238095233,c236778dc5683a72bff278f68dd0aee1,0.20238095238095233,False,0.0
2,12,not_(x[6]),True,not_(x[6]),0.20238095238095233,c236778dc5683a72bff278f68dd0aee1,0.20238095238095233,False,0.0
2,12,not_(x[6]),True,not_(x[6]),0.20238095238095233,c236778dc5683a72bff278f68dd0aee1,0.20238095238095233,False,0.0
2,12,not_(x[4]),True,not_(x[4]),0.20238095238095233,e9bf358728c366c73b72393d204b8cd2,0.20238095238095233,False,0.0
2,12,not_(x[6]),True,not_(x[6]),0.20238095238095233,c236778dc5683a72bff278f68dd0aee1,0.20238095238095233,False,0.0
2,12,not_(x[6]),True,not_(x[6]),0.20238095238095233,c236778dc5683a72bff278f68dd0aee1,0.20238095238095233,False,0.0
2,12,not_(x[6]),True,not_(x[6]),0.20238095238095233,c236778dc5683a72bff278f68dd0aee1,0.20238095238095233,False,0.0
2,12,not_(x[4]),True,not_(x[4]),0.20238095238095233,e9bf358728c366c73b72393d204b8cd2,0.20238095238095233,False,0.0
2,12,not_(x[6]),True,not_(x[6]),0.20238095238095233,c236778dc5683a72bff278f68dd0aee1,0.20238095238095233,False,0.0
2,12,not_(x[6]),True,not_(x[6]),0.20238095238095233,c236778dc5683a72bff278f68dd0aee1,0.20238095238095233,False,0.0
2,12,not_(x[4]),True,not_(x[4]),0.20238095238095233,e9bf358728c366c73b72393d204b8cd2,0.20238095238095233,False,0.0
2,12,not_(x[6]),True,not_(x[6]),0.20238095238095233,c236778dc5683a72bff278f68dd0aee1,0.20238095238095233,False,0.0
2,12,not_(x[4]),True,not_(x[4]),0.20238095238095233,e9bf358728c366c73b72393d204b8cd2,0.20238095238095233,False,0.0
2,12,not_(x[6]),True,not_(x[6]),0.20238095238095233,c236778dc5683a72bff278f68dd0aee1,0.20238095238095233,False,0.0
2,12,not_(x[4]),True,not_(x[4]),0.20238095238095233,e9bf358728c366c73b72393d204b8cd2,0.20238095238095233,False,0.0
2,12,"and_(x[6],x[6])",True,"or_(not_(greater_than_or_equal(x[3], x[3])),x[6])",0.7976190476190477,dabf352ca9fc16fe7897b3fa7e73f5cb,0.7976190476190477,False,0.0
2,12,not_(x[6]),True,not_(x[6]),0.20238095238095233,c236778dc5683a72bff278f68dd0aee1,0.20238095238095233,False,0.0
2,12,not_(x[6]),True,not_(x[6]),0.20238095238095233,c236778dc5683a72bff278f68dd0aee1,0.20238095238095233,False,0.0
2,12,not_(x[6]),True,not_(x[6]),0.20238095238095233,c236778dc5683a72bff278f68dd0aee1,0.20238095238095233,False,0.0
2,12,not_(x[4]),True,not_(x[4]),0.20238095238095233,e9bf358728c366c73b72393d204b8cd2,0.20238095238095233,False,0.0
2,12,not_(x[6]),True,not_(x[6]),0.20238095238095233,c236778dc5683a72bff278f68dd0aee1,0.20238095238095233,False,0.0
2,12,not_(x[4]),True,not_(x[4]),0.20238095238095233,e9bf358728c366c73b72393d204b8cd2,0.20238095238095233,False,0.0
2,12,not_(x[6]),True,not_(x[6]),0.20238095238095233,c236778dc5683a72bff278f68dd0aee1,0.20238095238095233,False,0.0
2,12,"not_(or_(x[6],x[4]))",True,not_(x[6]),0.20238095238095233,c236778dc5683a72bff278f68dd0aee1,0.20238095238095233,False,0.0
2,12,not_(x[6]),True,not_(x[6]),0.20238095238095233,c236778dc5683a72bff278f68dd0aee1,0.20238095238095233,False,0.0
2,12,not_(x[4]),True,not_(x[4]),0.20238095238095233,e9bf358728c366c73b72393d204b8cd2,0.20238095238095233,False,0.0
2,12,not_(x[6]),True,not_(x[6]),0.20238095238095233,c236778dc5683a72bff278f68dd0aee1,0.20238095238095233,False,0.0
2,12,"not_(or_(x[6],x[6]))",True,not_(x[6]),0.20238095238095233,c236778dc5683a72bff278f68dd0aee1,0.20238095238095233,False,0.0
2,12,not_(x[4]),True,not_(x[4]),0.20238095238095233,e9bf358728c366c73b72393d204b8cd2,0.20238095238095233,False,0.0
2,12,not_(x[4]),True,not_(x[4]),0.20238095238095233,e9bf358728c366c73b72393d204b8cd2,0.20238095238095233,False,0.0
2,12,not_(x[6]),True,not_(x[6]),0.20238095238095233,c236778dc5683a72bff278f68dd0aee1,0.20238095238095233,False,0.0
2,12,not_(x[6]),True,not_(x[6]),0.20238095238095233,c236778dc5683a72bff278f68dd0aee1,0.20238095238095233,False,0.0
2,12,not_(x[6]),True,not_(x[6]),0.20238095238095233,c236778dc5683a72bff278f68dd0aee1,0.20238095238095233,False,0.0
2,12,not_(x[6]),True,not_(x[6]),0.20238095238095233,c236778dc5683a72bff278f68dd0aee1,0.20238095238095233,False,0.0
2,12,"less_than_or_equal(pdiv(add(x[0],x[5]),mul(x[2],x[0])),pdiv(mul(x[3],x[0]),add(x[2],x[3])))",True,not_(x[6]),0.20238095238095233,c236778dc5683a72bff278f68dd0aee1,0.20238095238095233,False,0.0
2,12,not_(x[4]),True,not_(x[4]),0.20238095238095233,e9bf358728c366c73b72393d204b8cd2,0.20238095238095233,False,0.0
2,12,not_(x[4]),True,not_(x[4]),0.20238095238095233,e9bf358728c366c73b72393d204b8cd2,0.20238095238095233,False,0.0
2,12,not_(x[4]),True,not_(x[4]),0.20238095238095233,e9bf358728c366c73b72393d204b8cd2,0.20238095238095233,False,0.0
2,12,"less_than_or_equal(mul(x[5],x[0]),x[3])",False,,,40d2024371e6a27237474a6826f65c53,0.30952380952380953,False,0.0
2,12,not_(x[6]),True,not_(x[6]),0.20238095238095233,c236778dc5683a72bff278f68dd0aee1,0.20238095238095233,False,0.0
2,12,not_(x[6]),True,not_(x[6]),0.20238095238095233,c236778dc5683a72bff278f68dd0aee1,0.20238095238095233,False,0.0
2,12,not_(x[6]),True,not_(x[6]),0.20238095238095233,c236778dc5683a72bff278f68dd0aee1,0.20238095238095233,False,0.0
2,12,not_(x[4]),True,not_(x[4]),0.20238095238095233,e9bf358728c366c73b72393d204b8cd2,0.20238095238095233,False,0.0
2,12,not_(x[6]),True,not_(x[6]),0.20238095238095233,c236778dc5683a72bff278f68dd0aee1,0.20238095238095233,False,0.0
2,12,not_(x[4]),True,not_(x[4]),0.20238095238095233,e9bf358728c366c73b72393d204b8cd2,0.20238095238095233,False,0.0
2,12,not_(x[6]),True,not_(x[6]),0.20238095238095233,c236778dc5683a72bff278f68dd0aee1,0.20238095238095233,False,0.0
2,12,not_(x[6]),True,not_(x[6]),0.20238095238095233,c236778dc5683a72bff278f68dd0aee1,0.20238095238095233,False,0.0
2,12,not_(x[6]),True,not_(x[6]),0.20238095238095233,c236778dc5683a72bff278f68dd0aee1,0.20238095238095233,False,0.0
2,12,not_(x[6]),True,not_(x[6]),0.20238095238095233,c236778dc5683a72bff278f68dd0aee1,0.20238095238095233,False,0.0
2,12,not_(x[6]),True,not_(x[6]),0.20238095238095233,c236778dc5683a72bff278f68dd0aee1,0.20238095238095233,False,0.0
2,12,"not_(and_(x[6],x[4]))",True,not_(x[4]),0.20238095238095233,e9bf358728c366c73b72393d204b8cd2,0.20238095238095233,False,0.0
2,12,not_(x[6]),True,not_(x[6]),0.20238095238095233,c236778dc5683a72bff278f68dd0aee1,0.20238095238095233,False,0.0
2,12,not_(x[4]),True,not_(x[4]),0.20238095238095233,e9bf358728c366c73b72393d204b8cd2,0.20238095238095233,False,0.0
2,12,not_(x[4]),True,not_(x[4]),0.20238095238095233,e9bf358728c366c73b72393d204b8cd2,0.20238095238095233,False,0.0
2,12,not_(x[4]),True,not_(x[4]),0.20238095238095233,e9bf358728c366c73b72393d204b8cd2,0.20238095238095233,False,0.0
2,12,"less_than_or_equal(sub(add(x[0],x[5]),mul(x[2],x[0])),pdiv(mul(x[5],x[0]),add(x[2],x[3])))",True,"less_than_or_equal(sub(add(x[0],x[5]),mul(x[2],x[0])),pdiv(mul(x[5],x[0]),add(x[2],x[3])))",0.19047619047619047,58cc4f21233e882751aa955999da1daf,0.19047619047619047,False,0.0
2,12,not_(x[4]),True,not_(x[4]),0.20238095238095233,e9bf358728c366c73b72393d204b8cd2,0.20238095238095233,False,0.0
2,12,not_(x[6]),True,not_(x[6]),0.20238095238095233,c236778dc5683a72bff278f68dd0aee1,0.20238095238095233,False,0.0
2,12,not_(x[6]),True,not_(x[6]),0.20238095238095233,c236778dc5683a72bff278f68dd0aee1,0.20238095238095233,False,0.0
2,12,not_(x[6]),True,not_(x[6]),0.20238095238095233,c236778dc5683a72bff278f68dd0aee1,0.20238095238095233,False,0.0
2,12,not_(x[6]),True,not_(x[6]),0.20238095238095233,c236778dc5683a72bff278f68dd0aee1,0.20238095238095233,False,0.0
2,12,not_(x[4]),True,not_(x[4]),0.20238095238095233,e9bf358728c366c73b72393d204b8cd2,0.20238095238095233,False,0.0
2,12,not_(x[4]),True,not_(x[4]),0.20238095238095233,e9bf358728c366c73b72393d204b8cd2,0.20238095238095233,False,0.0
2,12,not_(x[6]),True,not_(x[6]),0.20238095238095233,c236778dc5683a72bff278f68dd0aee1,0.20238095238095233,False,0.0
2,12,not_(x[6]),True,not_(x[6]),0.20238095238095233,c236778dc5683a72bff278f68dd0aee1,0.20238095238095233,False,0.0
2,12,not_(x[4]),True,not_(x[4]),0.20238095238095233,e9bf358728c366c73b72393d204b8cd2,0.20238095238095233,False,0.0
2,12,not_(x[6]),True,not_(x[6]),0.20238095238095233,c236778dc5683a72bff278f68dd0aee1,0.20238095238095233,False,0.0
2,12,not_(x[6]),True,not_(x[6]),0.20238095238095233,c236778dc5683a72bff278f68dd0aee1,0.20238095238095233,False,0.0
2,12,not_(x[6]),True,not_(x[6]),0.20238095238095233,c236778dc5683a72bff278f68dd0aee1,0.20238095238095233,False,0.0
2,12,not_(x[4]),True,not_(x[4]),0.20238095238095233,e9bf358728c366c73b72393d204b8cd2,0.20238095238095233,False,0.0
2,12,not_(x[6]),True,not_(x[6]),0.20238095238095233,c236778dc5683a72bff278f68dd0aee1,0.20238095238095233,False,0.0
2,12,not_(x[6]),True,not_(x[6]),0.20238095238095233,c236778dc5683a72bff278f68dd0aee1,0.20238095238095233,False,0.0
2,12,not_(x[6]),True,not_(x[6]),0.20238095238095233,c236778dc5683a72bff278f68dd0aee1,0.20238095238095233,False,0.0
2,12,not_(x[6]),True,not_(x[6]),0.20238095238095233,c236778dc5683a72bff278f68dd0aee1,0.20238095238095233,False,0.0
2,12,not_(x[4]),True,not_(x[4]),0.20238095238095233,e9bf358728c366c73b72393d204b8cd2,0.20238095238095233,False,0.0
2,12,not_(x[6]),True,not_(x[6]),0.20238095238095233,c236778dc5683a72bff278f68dd0aee1,0.20238095238095233,False,0.0
2,12,not_(x[6]),True,not_(x[6]),0.20238095238095233,c236778dc5683a72bff278f68dd0aee1,0.20238095238095233,False,0.0
2,12,not_(x[6]),True,not_(x[6]),0.20238095238095233,c236778dc5683a72bff278f68dd0aee1,0.20238095238095233,False,0.0
2,12,not_(x[6]),True,not_(x[6]),0.20238095238095233,c236778dc5683a72bff278f68dd0aee1,0.20238095238095233,False,0.0
2,12,not_(x[6]),True,not_(x[6]),0.20238095238095233,c236778dc5683a72bff278f68dd0aee1,0.20238095238095233,False,0.0
2,12,not_(x[6]),True,not_(x[6]),0.20238095238095233,c236778dc5683a72bff278f68dd0aee1,0.20238095238095233,False,0.0
2,12,not_(x[6]),True,not_(x[6]),0.20238095238095233,c236778dc5683a72bff278f68dd0aee1,0.20238095238095233,False,0.0
2,12,not_(x[6]),True,not_(x[6]),0.20238095238095233,c236778dc5683a72bff278f68dd0aee1,0.20238095238095233,False,0.0
2,12,"not_(and_(x[4],x[6]))",True,not_(x[4]),0.20238095238095233,e9bf358728c366c73b72393d204b8cd2,0.20238095238095233,False,0.0
2,12,not_(x[6]),True,not_(x[6]),0.20238095238095233,c236778dc5683a72bff278f68dd0aee1,0.20238095238095233,False,0.0
2,12,"less_than_or_equal(sub(add(x[0],x[5]),mul(x[2],x[0])),pdiv(mul(x[5],x[0]),add(x[2],x[3])))",True,"less_than_or_equal(sub(add(x[0],x[5]),mul(x[2],x[0])),pdiv(mul(x[5],x[0]),add(x[2],x[3])))",0.19047619047619047,58cc4f21233e882751aa955999da1daf,0.13636363636363635,True,-0.05411255411255411
2,13,not_(x[4]),True,not_(x[4]),0.20238095238095233,e9bf358728c366c73b72393d204b8cd2,0.20238095238095233,False,0.0
2,13,not_(x[6]),True,not_(x[6]),0.20238095238095233,c236778dc5683a72bff278f68dd0aee1,0.20238095238095233,False,0.0
2,13,not_(not_(x[6])),True,"or_(not_(greater_than_or_equal(x[3], x[3])),x[6])",0.7976190476190477,dabf352ca9fc16fe7897b3fa7e73f5cb,0.7976190476190477,False,0.0
2,13,not_(x[6]),True,not_(x[6]),0.20238095238095233,c236778dc5683a72bff278f68dd0aee1,0.20238095238095233,False,0.0
2,13,not_(x[6]),True,not_(x[6]),0.20238095238095233,c236778dc5683a72bff278f68dd0aee1,0.20238095238095233,False,0.0
2,13,not_(x[4]),True,not_(x[4]),0.20238095238095233,e9bf358728c366c73b72393d204b8cd2,0.20238095238095233,False,0.0
2,13,not_(x[6]),True,not_(x[6]),0.20238095238095233,c236778dc5683a72bff278f68dd0aee1,0.20238095238095233,False,0.0
2,13,not_(x[6]),True,not_(x[6]),0.20238095238095233,c236778dc5683a72bff278f68dd0aee1,0.20238095238095233,False,0.0
2,13,not_(x[6]),True,not_(x[6]),0.20238095238095233,c236778dc5683a72bff278f68dd0aee1,0.20238095238095233,False,0.0
2,13,not_(x[6]),True,not_(x[6]),0.20238095238095233,c236778dc5683a72bff278f68dd0aee1,0.20238095238095233,False,0.0
2,13,not_(x[6]),True,not_(x[6]),0.20238095238095233,c236778dc5683a72bff278f68dd0aee1,0.20238095238095233,False,0.0
2,13,not_(x[4]),True,not_(x[4]),0.20238095238095233,e9bf358728c366c73b72393d204b8cd2,0.20238095238095233,False,0.0
2,13,"not_(or_(x[4],and_(x[6],x[1])))",True,not_(x[6]),0.20238095238095233,c236778dc5683a72bff278f68dd0aee1,0.2142857142857143,True,0.011904761904761973
2,13,not_(x[6]),True,not_(x[6]),0.20238095238095233,c236778dc5683a72bff278f68dd0aee1,0.20238095238095233,False,0.0
2,13,not_(x[4]),True,not_(x[4]),0.20238095238095233,e9bf358728c366c73b72393d204b8cd2,0.20238095238095233,False,0.0
2,13,not_(x[6]),True,not_(x[6]),0.20238095238095233,c236778dc5683a72bff278f68dd0aee1,0.20238095238095233,False,0.0
2,13,not_(x[6]),True,not_(x[6]),0.20238095238095233,c236778dc5683a72bff278f68dd0aee1,0.20238095238095233,False,0.0
2,13,not_(x[6]),True,not_(x[6]),0.20238095238095233,c236778dc5683a72bff278f68dd0aee1,0.20238095238095233,False,0.0
2,13,not_(x[6]),True,not_(x[6]),0.20238095238095233,c236778dc5683a72bff278f68dd0aee1,0.20238095238095233,False,0.0
2,13,not_(x[4]),True,not_(x[4]),0.20238095238095233,e9bf358728c366c73b72393d204b8cd2,0.20238095238095233,False,0.0
2,13,not_(x[4]),True,not_(x[4]),0.20238095238095233,e9bf358728c366c73b72393d204b8cd2,0.20238095238095233,False,0.0
2,13,not_(not_(x[6])),True,"or_(not_(greater_than_or_equal(x[3], x[3])),x[6])",0.7976190476190477,dabf352ca9fc16fe7897b3fa7e73f5cb,0.7976190476190477,False,0.0
2,13,not_(x[6]),True,not_(x[6]),0.20238095238095233,c236778dc5683a72bff278f68dd0aee1,0.20238095238095233,False,0.0
2,13,"less_than_or_equal(mul(x[3],sub(x[5],mul(x[5],x[2]))),x[2])",False,,,b355dd050eae69d33404118b1ac11b3a,0.75,False,0.0
2,13,not_(x[4]),True,not_(x[4]),0.20238095238095233,e9bf358728c366c73b72393d204b8cd2,0.20238095238095233,False,0.0
2,13,not_(x[4]),True,not_(x[4]),0.20238095238095233,e9bf358728c366c73b72393d204b8cd2,0.20238095238095233,False,0.0
2,13,not_(x[6]),True,not_(x[6]),0.20238095238095233,c236778dc5683a72bff278f68dd0aee1,0.20238095238095233,False,0.0
2,13,not_(x[6]),True,not_(x[6]),0.20238095238095233,c236778dc5683a72bff278f68dd0aee1,0.20238095238095233,False,0.0
2,13,not_(x[6]),True,not_(x[6]),0.20238095238095233,c236778dc5683a72bff278f68dd0aee1,0.20238095238095233,False,0.0
2,13,not_(x[6]),True,not_(x[6]),0.20238095238095233,c236778dc5683a72bff278f68dd0aee1,0.20238095238095233,False,0.0
2,13,not_(x[6]),True,not_(x[6]),0.20238095238095233,c236778dc5683a72bff278f68dd0aee1,0.20238095238095233,False,0.0
2,13,not_(x[6]),True,not_(x[6]),0.20238095238095233,c236778dc5683a72bff278f68dd0aee1,0.20238095238095233,False,0.0
2,13,not_(x[6]),True,not_(x[6]),0.20238095238095233,c236778dc5683a72bff278f68dd0aee1,0.20238095238095233,False,0.0
2,13,not_(x[6]),True,not_(x[6]),0.20238095238095233,c236778dc5683a72bff278f68dd0aee1,0.20238095238095233,False,0.0
2,13,not_(x[6]),True,not_(x[6]),0.20238095238095233,c236778dc5683a72bff278f68dd0aee1,0.20238095238095233,False,0.0
2,13,not_(x[6]),True,not_(x[6]),0.20238095238095233,c236778dc5683a72bff278f68dd0aee1,0.20238095238095233,False,0.0
2,13,not_(x[6]),True,not_(x[6]),0.20238095238095233,c236778dc5683a72bff278f68dd0aee1,0.20238095238095233,False,0.0
2,13,not_(x[4]),True,not_(x[4]),0.20238095238095233,e9bf358728c366c73b72393d204b8cd2,0.20238095238095233,False,0.0
2,13,"not_(and_(x[6],x[1]))",True,not_(x[6]),0.20238095238095233,c236778dc5683a72bff278f68dd0aee1,0.2142857142857143,True,0.011904761904761973
2,13,not_(x[6]),True,not_(x[6]),0.20238095238095233,c236778dc5683a72bff278f68dd0aee1,0.20238095238095233,False,0.0
2,13,not_(x[6]),True,not_(x[6]),0.20238095238095233,c236778dc5683a72bff278f68dd0aee1,0.20238095238095233,False,0.0
2,13,not_(x[4]),True,not_(x[4]),0.20238095238095233,e9bf358728c366c73b72393d204b8cd2,0.20238095238095233,False,0.0
2,13,not_(x[6]),True,not_(x[6]),0.20238095238095233,c236778dc5683a72bff278f68dd0aee1,0.20238095238095233,False,0.0
2,13,not_(x[6]),True,not_(x[6]),0.20238095238095233,c236778dc5683a72bff278f68dd0aee1,0.20238095238095233,False,0.0
2,13,not_(x[6]),True,not_(x[6]),0.20238095238095233,c236778dc5683a72bff278f68dd0aee1,0.20238095238095233,False,0.0
2,13,not_(x[4]),True,not_(x[4]),0.20238095238095233,e9bf358728c366c73b72393d204b8cd2,0.20238095238095233,False,0.0
2,13,"not_(and_(x[6],x[6]))",True,not_(x[6]),0.20238095238095233,c236778dc5683a72bff278f68dd0aee1,0.20238095238095233,False,0.0
2,13,not_(x[4]),True,not_(x[4]),0.20238095238095233,e9bf358728c366c73b72393d204b8cd2,0.20238095238095233,False,0.0
2,13,not_(x[4]),True,not_(x[4]),0.20238095238095233,e9bf358728c366c73b72393d204b8cd2,0.20238095238095233,False,0.0
2,13,not_(x[4]),True,not_(x[4]),0.20238095238095233,e9bf358728c366c73b72393d204b8cd2,0.20238095238095233,False,0.0
2,13,not_(x[4]),True,not_(x[4]),0.20238095238095233,e9bf358728c366c73b72393d204b8cd2,0.20238095238095233,False,0.0
2,13,not_(x[6]),True,not_(x[6]),0.20238095238095233,c236778dc5683a72bff278f68dd0aee1,0.20238095238095233,False,0.0
2,13,not_(x[1]),True,"less_than_or_equal(53.67,mul(x[3],x[3]))",0.2142857142857143,2cece411320c1d56790d65c80cc8f440,0.22619047619047616,True,0.011904761904761862
2,13,not_(x[4]),True,not_(x[4]),0.20238095238095233,e9bf358728c366c73b72393d204b8cd2,0.20238095238095233,False,0.0
2,13,not_(x[6]),True,not_(x[6]),0.20238095238095233,c236778dc5683a72bff278f68dd0aee1,0.20238095238095233,False,0.0
2,13,not_(x[6]),True,not_(x[6]),0.20238095238095233,c236778dc5683a72bff278f68dd0aee1,0.20238095238095233,False,0.0
2,13,not_(x[6]),True,not_(x[6]),0.20238095238095233,c236778dc5683a72bff278f68dd0aee1,0.20238095238095233,False,0.0
2,13,not_(x[4]),True,not_(x[4]),0.20238095238095233,e9bf358728c366c73b72393d204b8cd2,0.20238095238095233,False,0.0
2,13,not_(x[6]),True,not_(x[6]),0.20238095238095233,c236778dc5683a72bff278f68dd0aee1,0.20238095238095233,False,0.0
2,13,not_(x[4]),True,not_(x[4]),0.20238095238095233,e9bf358728c366c73b72393d204b8cd2,0.20238095238095233,False,0.0
2,13,not_(x[4]),True,not_(x[4]),0.20238095238095233,e9bf358728c366c73b72393d204b8cd2,0.20238095238095233,False,0.0
2,13,not_(x[6]),True,not_(x[6]),0.20238095238095233,c236778dc5683a72bff278f68dd0aee1,0.20238095238095233,False,0.0
2,13,not_(x[6]),True,not_(x[6]),0.20238095238095233,c236778dc5683a72bff278f68dd0aee1,0.20238095238095233,False,0.0
2,13,not_(x[6]),True,not_(x[6]),0.20238095238095233,c236778dc5683a72bff278f68dd0aee1,0.20238095238095233,False,0.0
2,13,not_(x[6]),True,not_(x[6]),0.20238095238095233,c236778dc5683a72bff278f68dd0aee1,0.20238095238095233,False,0.0
2,13,not_(x[6]),True,not_(x[6]),0.20238095238095233,c236778dc5683a72bff278f68dd0aee1,0.20238095238095233,False,0.0
2,13,not_(x[6]),True,not_(x[6]),0.20238095238095233,c236778dc5683a72bff278f68dd0aee1,0.20238095238095233,False,0.0
2,13,not_(x[6]),True,not_(x[6]),0.20238095238095233,c236778dc5683a72bff278f68dd0aee1,0.20238095238095233,False,0.0
2,13,"less_than_or_equal(sub(add(x[0],x[5]),mul(x[2],x[0])),pdiv(mul(x[5],x[3]),x[0]))",False,,,d6372bf4d5fcf3c1d5cf199c0a201f6a,0.25,False,0.0
2,13,not_(x[6]),True,not_(x[6]),0.20238095238095233,c236778dc5683a72bff278f68dd0aee1,0.20238095238095233,False,0.0
2,13,not_(x[4]),True,not_(x[4]),0.20238095238095233,e9bf358728c366c73b72393d204b8cd2,0.20238095238095233,False,0.0
2,13,not_(x[6]),True,not_(x[6]),0.20238095238095233,c236778dc5683a72bff278f68dd0aee1,0.20238095238095233,False,0.0
2,13,not_(x[6]),True,not_(x[6]),0.20238095238095233,c236778dc5683a72bff278f68dd0aee1,0.20238095238095233,False,0.0
2,13,not_(x[4]),True,not_(x[4]),0.20238095238095233,e9bf358728c366c73b72393d204b8cd2,0.20238095238095233,False,0.0
2,13,not_(x[4]),True,not_(x[4]),0.20238095238095233,e9bf358728c366c73b72393d204b8cd2,0.20238095238095233,False,0.0
2,13,not_(x[6]),True,not_(x[6]),0.20238095238095233,c236778dc5683a72bff278f68dd0aee1,0.20238095238095233,False,0.0
2,13,not_(x[4]),True,not_(x[4]),0.20238095238095233,e9bf358728c366c73b72393d204b8cd2,0.20238095238095233,False,0.0
2,13,"not_(or_(x[6],x[6]))",True,not_(x[6]),0.20238095238095233,c236778dc5683a72bff278f68dd0aee1,0.20238095238095233,False,0.0
2,13,not_(x[6]),True,not_(x[6]),0.20238095238095233,c236778dc5683a72bff278f68dd0aee1,0.20238095238095233,False,0.0
2,13,not_(x[6]),True,not_(x[6]),0.20238095238095233,c236778dc5683a72bff278f68dd0aee1,0.20238095238095233,False,0.0
2,13,not_(x[6]),True,not_(x[6]),0.20238095238095233,c236778dc5683a72bff278f68dd0aee1,0.20238095238095233,False,0.0
2,13,x[6],True,x[6],0.7976190476190477,5dd9d7c24dce7ece1d734bf6c32f4813,0.7976190476190477,False,0.0
2,13,not_(x[6]),True,not_(x[6]),0.20238095238095233,c236778dc5683a72bff278f68dd0aee1,0.20238095238095233,False,0.0
2,13,not_(not_(x[6])),True,"or_(not_(greater_than_or_equal(x[3], x[3])),x[6])",0.7976190476190477,dabf352ca9fc16fe7897b3fa7e73f5cb,0.7976190476190477,False,0.0
2,13,not_(x[6]),True,not_(x[6]),0.20238095238095233,c236778dc5683a72bff278f68dd0aee1,0.20238095238095233,False,0.0
2,13,not_(x[4]),True,not_(x[4]),0.20238095238095233,e9bf358728c366c73b72393d204b8cd2,0.20238095238095233,False,0.0
2,13,"not_(not_(and_(x[6],x[6])))",True,"or_(not_(greater_than_or_equal(x[3], x[3])),x[6])",0.7976190476190477,dabf352ca9fc16fe7897b3fa7e73f5cb,0.7976190476190477,False,0.0
2,13,not_(x[4]),True,not_(x[4]),0.20238095238095233,e9bf358728c366c73b72393d204b8cd2,0.20238095238095233,False,0.0
2,13,not_(x[6]),True,not_(x[6]),0.20238095238095233,c236778dc5683a72bff278f68dd0aee1,0.20238095238095233,False,0.0
2,13,not_(x[6]),True,not_(x[6]),0.20238095238095233,c236778dc5683a72bff278f68dd0aee1,0.20238095238095233,False,0.0
2,13,not_(x[4]),True,not_(x[4]),0.20238095238095233,e9bf358728c366c73b72393d204b8cd2,0.20238095238095233,False,0.0
2,13,"or_(x[6],x[1])",True,"less_than_or_equal(x[3],x[3])",0.7857142857142857,3352141c4f785c0403fcb33f533f7848,0.7857142857142857,False,0.0
2,13,not_(x[6]),True,not_(x[6]),0.20238095238095233,c236778dc5683a72bff278f68dd0aee1,0.20238095238095233,False,0.0
2,13,not_(x[4]),True,not_(x[4]),0.20238095238095233,e9bf358728c366c73b72393d204b8cd2,0.20238095238095233,False,0.0
2,13,not_(x[6]),True,not_(x[6]),0.20238095238095233,c236778dc5683a72bff278f68dd0aee1,0.20238095238095233,False,0.0
2,13,not_(x[6]),True,not_(x[6]),0.20238095238095233,c236778dc5683a72bff278f68dd0aee1,0.20238095238095233,False,0.0
2,13,not_(x[6]),True,not_(x[6]),0.20238095238095233,c236778dc5683a72bff278f68dd0aee1,0.20238095238095233,False,0.0
2,13,not_(x[6]),True,not_(x[6]),0.20238095238095233,c236778dc5683a72bff278f68dd0aee1,0.20238095238095233,False,0.0
2,13,"not_(or_(x[6],x[4]))",True,not_(x[6]),0.20238095238095233,c236778dc5683a72bff278f68dd0aee1,0.20238095238095233,False,0.0
2,13,not_(x[4]),True,not_(x[4]),0.20238095238095233,e9bf358728c366c73b72393d204b8cd2,0.20238095238095233,False,0.0
2,13,not_(x[6]),True,not_(x[6]),0.20238095238095233,c236778dc5683a72bff278f68dd0aee1,0.20238095238095233,False,0.0
2,13,not_(x[6]),True,not_(x[6]),0.20238095238095233,c236778dc5683a72bff278f68dd0aee1,0.20238095238095233,False,0.0
2,13,not_(x[6]),True,not_(x[6]),0.20238095238095233,c236778dc5683a72bff278f68dd0aee1,0.20238095238095233,False,0.0
2,13,not_(x[6]),True,not_(x[6]),0.20238095238095233,c236778dc5683a72bff278f68dd0aee1,0.20238095238095233,False,0.0
2,13,not_(x[4]),True,not_(x[4]),0.20238095238095233,e9bf358728c366c73b72393d204b8cd2,0.20238095238095233,False,0.0
2,13,not_(x[6]),True,not_(x[6]),0.20238095238095233,c236778dc5683a72bff278f68dd0aee1,0.20238095238095233,False,0.0
2,13,not_(x[6]),True,not_(x[6]),0.20238095238095233,c236778dc5683a72bff278f68dd0aee1,0.20238095238095233,False,0.0
2,13,not_(x[4]),True,not_(x[4]),0.20238095238095233,e9bf358728c366c73b72393d204b8cd2,0.20238095238095233,False,0.0
2,13,not_(x[4]),True,not_(x[4]),0.20238095238095233,e9bf358728c366c73b72393d204b8cd2,0.20238095238095233,False,0.0
2,13,not_(x[4]),True,not_(x[4]),0.20238095238095233,e9bf358728c366c73b72393d204b8cd2,0.20238095238095233,False,0.0
2,13,not_(x[6]),True,not_(x[6]),0.20238095238095233,c236778dc5683a72bff278f68dd0aee1,0.20238095238095233,False,0.0
2,13,not_(x[6]),True,not_(x[6]),0.20238095238095233,c236778dc5683a72bff278f68dd0aee1,0.20238095238095233,False,0.0
2,13,"less_than_or_equal(x[3],mul(x[3],x[3]))",True,not_(x[4]),0.20238095238095233,e9bf358728c366c73b72393d204b8cd2,0.2142857142857143,True,0.011904761904761973
2,13,"less_than_or_equal(pdiv(add(x[3],x[5]),mul(x[2],add(x[0],mul(x[3],x[0])))),add(x[2],x[3]))",True,"less_than_or_equal(53.67,mul(x[3],x[3]))",0.2142857142857143,2cece411320c1d56790d65c80cc8f440,0.25,True,0.0357142857142857
2,13,not_(x[6]),True,not_(x[6]),0.20238095238095233,c236778dc5683a72bff278f68dd0aee1,0.20238095238095233,False,0.0
2,13,"less_than_or_equal(sub(add(x[0],pdiv(add(mul(x[2],x[0]),pdiv(mul(x[2],x[2]),x[0])),pdiv(mul(x[5],x[0]),add(x[2],x[3])))),add(x[2],x[3])),x[3])",True,"less_than_or_equal(53.67,mul(x[3],x[3]))",0.2142857142857143,2cece411320c1d56790d65c80cc8f440,0.2142857142857143,False,0.0
2,13,not_(x[4]),True,not_(x[4]),0.20238095238095233,e9bf358728c366c73b72393d204b8cd2,0.20238095238095233,False,0.0
2,13,"less_than_or_equal(sub(add(x[0],x[5]),mul(x[2],x[0])),pdiv(mul(x[5],x[0]),add(x[3],x[3])))",False,,,5530f64c7eb6ee96eb3113936ae94d2c,0.45238095238095233,False,0.0
2,13,not_(x[6]),True,not_(x[6]),0.20238095238095233,c236778dc5683a72bff278f68dd0aee1,0.20238095238095233,False,0.0
2,13,not_(x[6]),True,not_(x[6]),0.20238095238095233,c236778dc5683a72bff278f68dd0aee1,0.20238095238095233,False,0.0
2,13,not_(x[6]),True,not_(x[6]),0.20238095238095233,c236778dc5683a72bff278f68dd0aee1,0.20238095238095233,False,0.0
2,13,not_(x[6]),True,not_(x[6]),0.20238095238095233,c236778dc5683a72bff278f68dd0aee1,0.20238095238095233,False,0.0
2,13,not_(x[6]),True,not_(x[6]),0.20238095238095233,c236778dc5683a72bff278f68dd0aee1,0.20238095238095233,False,0.0
2,13,not_(x[6]),True,not_(x[6]),0.20238095238095233,c236778dc5683a72bff278f68dd0aee1,0.20238095238095233,False,0.0
2,13,not_(x[6]),True,not_(x[6]),0.20238095238095233,c236778dc5683a72bff278f68dd0aee1,0.20238095238095233,False,0.0
2,13,not_(x[6]),True,not_(x[6]),0.20238095238095233,c236778dc5683a72bff278f68dd0aee1,0.20238095238095233,False,0.0
2,13,"or_(x[6],x[4])",True,"or_(not_(greater_than_or_equal(x[3], x[3])),x[6])",0.7976190476190477,dabf352ca9fc16fe7897b3fa7e73f5cb,0.7976190476190477,False,0.0
2,13,not_(x[6]),True,not_(x[6]),0.20238095238095233,c236778dc5683a72bff278f68dd0aee1,0.20238095238095233,False,0.0
2,13,not_(x[6]),True,not_(x[6]),0.20238095238095233,c236778dc5683a72bff278f68dd0aee1,0.20238095238095233,False,0.0
2,13,not_(x[6]),True,not_(x[6]),0.20238095238095233,c236778dc5683a72bff278f68dd0aee1,0.20238095238095233,False,0.0
2,13,"not_(and_(x[6],x[6]))",True,not_(x[6]),0.20238095238095233,c236778dc5683a72bff278f68dd0aee1,0.20238095238095233,False,0.0
2,13,not_(x[6]),True,not_(x[6]),0.20238095238095233,c236778dc5683a72bff278f68dd0aee1,0.20238095238095233,False,0.0
2,13,not_(x[6]),True,not_(x[6]),0.20238095238095233,c236778dc5683a72bff278f68dd0aee1,0.20238095238095233,False,0.0
2,13,not_(x[6]),True,not_(x[6]),0.20238095238095233,c236778dc5683a72bff278f68dd0aee1,0.20238095238095233,False,0.0
2,13,x[6],True,x[6],0.7976190476190477,5dd9d7c24dce7ece1d734bf6c32f4813,0.7976190476190477,False,0.0
2,13,not_(not_(x[6])),True,"or_(not_(greater_than_or_equal(x[3], x[3])),x[6])",0.7976190476190477,dabf352ca9fc16fe7897b3fa7e73f5cb,0.7976190476190477,False,0.0
2,13,"less_than_or_equal(x[3],mul(x[3],sub(sub(x[0],x[3]),45.79)))",True,not_(x[4]),0.20238095238095233,e9bf358728c366c73b72393d204b8cd2,0.20238095238095233,False,0.0
2,13,not_(x[4]),True,not_(x[4]),0.20238095238095233,e9bf358728c366c73b72393d204b8cd2,0.20238095238095233,False,0.0
2,13,not_(x[6]),True,not_(x[6]),0.20238095238095233,c236778dc5683a72bff278f68dd0aee1,0.20238095238095233,False,0.0
2,13,not_(x[6]),True,not_(x[6]),0.20238095238095233,c236778dc5683a72bff278f68dd0aee1,0.20238095238095233,False,0.0
2,13,not_(x[6]),True,not_(x[6]),0.20238095238095233,c236778dc5683a72bff278f68dd0aee1,0.20238095238095233,False,0.0
2,13,not_(x[4]),True,not_(x[4]),0.20238095238095233,e9bf358728c366c73b72393d204b8cd2,0.20238095238095233,False,0.0
2,13,not_(x[4]),True,not_(x[4]),0.20238095238095233,e9bf358728c366c73b72393d204b8cd2,0.20238095238095233,False,0.0
2,13,not_(x[4]),True,not_(x[4]),0.20238095238095233,e9bf358728c366c73b72393d204b8cd2,0.20238095238095233,False,0.0
2,13,not_(x[6]),True,not_(x[6]),0.20238095238095233,c236778dc5683a72bff278f68dd0aee1,0.20238095238095233,False,0.0
2,13,not_(x[6]),True,not_(x[6]),0.20238095238095233,c236778dc5683a72bff278f68dd0aee1,0.20238095238095233,False,0.0
2,13,not_(x[6]),True,not_(x[6]),0.20238095238095233,c236778dc5683a72bff278f68dd0aee1,0.20238095238095233,False,0.0
2,13,not_(x[4]),True,not_(x[4]),0.20238095238095233,e9bf358728c366c73b72393d204b8cd2,0.20238095238095233,False,0.0
2,13,not_(x[6]),True,not_(x[6]),0.20238095238095233,c236778dc5683a72bff278f68dd0aee1,0.20238095238095233,False,0.0
2,13,not_(x[6]),True,not_(x[6]),0.20238095238095233,c236778dc5683a72bff278f68dd0aee1,0.20238095238095233,False,0.0
2,13,not_(x[6]),True,not_(x[6]),0.20238095238095233,c236778dc5683a72bff278f68dd0aee1,0.20238095238095233,False,0.0
2,13,"not_(or_(x[6],and_(less_than_or_equal(pdiv(x[0],x[3]),x[2]),x[1])))",True,not_(x[6]),0.20238095238095233,c236778dc5683a72bff278f68dd0aee1,0.20238095238095233,False,0.0
2,13,"not_(and_(x[6],x[6]))",True,not_(x[6]),0.20238095238095233,c236778dc5683a72bff278f68dd0aee1,0.20238095238095233,False,0.0
2,13,not_(x[6]),True,not_(x[6]),0.20238095238095233,c236778dc5683a72bff278f68dd0aee1,0.20238095238095233,False,0.0
2,13,"less_than_or_equal(sub(add(x[0],x[5]),mul(x[2],x[0])),x[5])",True,not_(x[6]),0.20238095238095233,c236778dc5683a72bff278f68dd0aee1,0.20238095238095233,False,0.0
2,13,not_(x[6]),True,not_(x[6]),0.20238095238095233,c236778dc5683a72bff278f68dd0aee1,0.20238095238095233,False,0.0
2,13,not_(x[6]),True,not_(x[6]),0.20238095238095233,c236778dc5683a72bff278f68dd0aee1,0.20238095238095233,False,0.0
2,13,not_(x[6]),True,not_(x[6]),0.20238095238095233,c236778dc5683a72bff278f68dd0aee1,0.20238095238095233,False,0.0
2,13,not_(x[6]),True,not_(x[6]),0.20238095238095233,c236778dc5683a72bff278f68dd0aee1,0.20238095238095233,False,0.0
2,13,not_(x[4]),True,not_(x[4]),0.20238095238095233,e9bf358728c366c73b72393d204b8cd2,0.20238095238095233,False,0.0
2,13,not_(x[4]),True,not_(x[4]),0.20238095238095233,e9bf358728c366c73b72393d204b8cd2,0.20238095238095233,False,0.0
2,13,not_(x[6]),True,not_(x[6]),0.20238095238095233,c236778dc5683a72bff278f68dd0aee1,0.20238095238095233,False,0.0
2,13,not_(x[6]),True,not_(x[6]),0.20238095238095233,c236778dc5683a72bff278f68dd0aee1,0.20238095238095233,False,0.0
2,13,not_(x[6]),True,not_(x[6]),0.20238095238095233,c236778dc5683a72bff278f68dd0aee1,0.20238095238095233,False,0.0
2,13,not_(x[6]),True,not_(x[6]),0.20238095238095233,c236778dc5683a72bff278f68dd0aee1,0.20238095238095233,False,0.0
2,13,not_(x[4]),True,not_(x[4]),0.20238095238095233,e9bf358728c366c73b72393d204b8cd2,0.20238095238095233,False,0.0
2,13,not_(x[4]),True,not_(x[4]),0.20238095238095233,e9bf358728c366c73b72393d204b8cd2,0.20238095238095233,False,0.0
2,13,not_(x[4]),True,not_(x[4]),0.20238095238095233,e9bf358728c366c73b72393d204b8cd2,0.20238095238095233,False,0.0
2,13,not_(x[6]),True,not_(x[6]),0.20238095238095233,c236778dc5683a72bff278f68dd0aee1,0.20238095238095233,False,0.0
2,13,not_(x[6]),True,not_(x[6]),0.20238095238095233,c236778dc5683a72bff278f68dd0aee1,0.20238095238095233,False,0.0
2,13,not_(x[4]),True,not_(x[4]),0.20238095238095233,e9bf358728c366c73b72393d204b8cd2,0.20238095238095233,False,0.0
2,13,not_(x[6]),True,not_(x[6]),0.20238095238095233,c236778dc5683a72bff278f68dd0aee1,0.20238095238095233,False,0.0
2,13,not_(x[6]),True,not_(x[6]),0.20238095238095233,c236778dc5683a72bff278f68dd0aee1,0.20238095238095233,False,0.0
2,13,"not_(or_(x[6],x[4]))",True,not_(x[6]),0.20238095238095233,c236778dc5683a72bff278f68dd0aee1,0.20238095238095233,False,0.0
2,13,not_(x[6]),True,not_(x[6]),0.20238095238095233,c236778dc5683a72bff278f68dd0aee1,0.20238095238095233,False,0.0
2,13,not_(x[4]),True,not_(x[4]),0.20238095238095233,e9bf358728c366c73b72393d204b8cd2,0.20238095238095233,False,0.0
2,13,not_(x[6]),True,not_(x[6]),0.20238095238095233,c236778dc5683a72bff278f68dd0aee1,0.20238095238095233,False,0.0
2,13,not_(x[6]),True,not_(x[6]),0.20238095238095233,c236778dc5683a72bff278f68dd0aee1,0.20238095238095233,False,0.0
2,13,not_(x[4]),True,not_(x[4]),0.20238095238095233,e9bf358728c366c73b72393d204b8cd2,0.20238095238095233,False,0.0
2,13,not_(x[6]),True,not_(x[6]),0.20238095238095233,c236778dc5683a72bff278f68dd0aee1,0.20238095238095233,False,0.0
2,13,not_(x[6]),True,not_(x[6]),0.20238095238095233,c236778dc5683a72bff278f68dd0aee1,0.20238095238095233,False,0.0
2,13,not_(x[4]),True,not_(x[4]),0.20238095238095233,e9bf358728c366c73b72393d204b8cd2,0.20238095238095233,False,0.0
2,13,not_(x[4]),True,not_(x[4]),0.20238095238095233,e9bf358728c366c73b72393d204b8cd2,0.20238095238095233,False,0.0
2,13,not_(x[4]),True,not_(x[4]),0.20238095238095233,e9bf358728c366c73b72393d204b8cd2,0.20238095238095233,False,0.0
2,13,not_(x[6]),True,not_(x[6]),0.20238095238095233,c236778dc5683a72bff278f68dd0aee1,0.20238095238095233,False,0.0
2,13,not_(x[4]),True,not_(x[4]),0.20238095238095233,e9bf358728c366c73b72393d204b8cd2,0.20238095238095233,False,0.0
2,13,not_(x[4]),True,not_(x[4]),0.20238095238095233,e9bf358728c366c73b72393d204b8cd2,0.20238095238095233,False,0.0
2,13,not_(x[6]),True,not_(x[6]),0.20238095238095233,c236778dc5683a72bff278f68dd0aee1,0.20238095238095233,False,0.0
2,13,not_(x[4]),True,not_(x[4]),0.20238095238095233,e9bf358728c366c73b72393d204b8cd2,0.20238095238095233,False,0.0
2,13,not_(x[6]),True,not_(x[6]),0.20238095238095233,c236778dc5683a72bff278f68dd0aee1,0.20238095238095233,False,0.0
2,13,not_(x[6]),True,not_(x[6]),0.20238095238095233,c236778dc5683a72bff278f68dd0aee1,0.20238095238095233,False,0.0
2,13,not_(x[4]),True,not_(x[4]),0.20238095238095233,e9bf358728c366c73b72393d204b8cd2,0.20238095238095233,False,0.0
2,13,not_(x[6]),True,not_(x[6]),0.20238095238095233,c236778dc5683a72bff278f68dd0aee1,0.20238095238095233,False,0.0
2,13,not_(x[4]),True,not_(x[4]),0.20238095238095233,e9bf358728c366c73b72393d204b8cd2,0.20238095238095233,False,0.0
2,13,not_(x[4]),True,not_(x[4]),0.20238095238095233,e9bf358728c366c73b72393d204b8cd2,0.20238095238095233,False,0.0
2,13,not_(x[6]),True,not_(x[6]),0.20238095238095233,c236778dc5683a72bff278f68dd0aee1,0.20238095238095233,False,0.0
2,13,not_(x[6]),True,not_(x[6]),0.20238095238095233,c236778dc5683a72bff278f68dd0aee1,0.20238095238095233,False,0.0
2,13,not_(x[6]),True,not_(x[6]),0.20238095238095233,c236778dc5683a72bff278f68dd0aee1,0.20238095238095233,False,0.0
2,13,not_(x[4]),True,not_(x[4]),0.20238095238095233,e9bf358728c366c73b72393d204b8cd2,0.20238095238095233,False,0.0
2,13,not_(x[6]),True,not_(x[6]),0.20238095238095233,c236778dc5683a72bff278f68dd0aee1,0.20238095238095233,False,0.0
2,13,not_(x[6]),True,not_(x[6]),0.20238095238095233,c236778dc5683a72bff278f68dd0aee1,0.20238095238095233,False,0.0
2,13,not_(x[6]),True,not_(x[6]),0.20238095238095233,c236778dc5683a72bff278f68dd0aee1,0.20238095238095233,False,0.0
2,13,not_(x[4]),True,not_(x[4]),0.20238095238095233,e9bf358728c366c73b72393d204b8cd2,0.20238095238095233,False,0.0
2,13,"less_than_or_equal(sub(add(x[0],x[5]),mul(mul(x[3],23.96),x[3])),x[2])",False,,,04826e8c2509770ac3503e844e3604b7,0.5595238095238095,False,0.0
2,13,not_(x[6]),True,not_(x[6]),0.20238095238095233,c236778dc5683a72bff278f68dd0aee1,0.20238095238095233,False,0.0
2,13,not_(x[4]),True,not_(x[4]),0.20238095238095233,e9bf358728c366c73b72393d204b8cd2,0.20238095238095233,False,0.0
2,13,not_(x[4]),True,not_(x[4]),0.20238095238095233,e9bf358728c366c73b72393d204b8cd2,0.20238095238095233,False,0.0
2,13,"not_(and_(x[6],x[6]))",True,not_(x[6]),0.20238095238095233,c236778dc5683a72bff278f68dd0aee1,0.20238095238095233,False,0.0
2,13,"and_(x[6],x[1])",True,"or_(not_(greater_than_or_equal(x[3], x[3])),x[6])",0.7976190476190477,dabf352ca9fc16fe7897b3fa7e73f5cb,0.7857142857142857,True,-0.011904761904761973
2,13,not_(x[6]),True,not_(x[6]),0.20238095238095233,c236778dc5683a72bff278f68dd0aee1,0.20238095238095233,False,0.0
2,13,not_(x[6]),True,not_(x[6]),0.20238095238095233,c236778dc5683a72bff278f68dd0aee1,0.20238095238095233,False,0.0
2,13,not_(x[6]),True,not_(x[6]),0.20238095238095233,c236778dc5683a72bff278f68dd0aee1,0.20238095238095233,False,0.0
2,13,not_(x[6]),True,not_(x[6]),0.20238095238095233,c236778dc5683a72bff278f68dd0aee1,0.20238095238095233,False,0.0
2,13,not_(x[6]),True,not_(x[6]),0.20238095238095233,c236778dc5683a72bff278f68dd0aee1,0.20238095238095233,False,0.0
2,13,not_(x[4]),True,not_(x[4]),0.20238095238095233,e9bf358728c366c73b72393d204b8cd2,0.20238095238095233,False,0.0
2,13,not_(x[4]),True,not_(x[4]),0.20238095238095233,e9bf358728c366c73b72393d204b8cd2,0.20238095238095233,False,0.0
2,13,not_(x[4]),True,not_(x[4]),0.20238095238095233,e9bf358728c366c73b72393d204b8cd2,0.20238095238095233,False,0.0
2,13,not_(x[6]),True,not_(x[6]),0.20238095238095233,c236778dc5683a72bff278f68dd0aee1,0.20238095238095233,False,0.0
2,13,not_(x[6]),True,not_(x[6]),0.20238095238095233,c236778dc5683a72bff278f68dd0aee1,0.20238095238095233,False,0.0
2,13,not_(x[4]),True,not_(x[4]),0.20238095238095233,e9bf358728c366c73b72393d204b8cd2,0.20238095238095233,False,0.0
2,13,not_(x[6]),True,not_(x[6]),0.20238095238095233,c236778dc5683a72bff278f68dd0aee1,0.20238095238095233,False,0.0
2,13,not_(x[4]),True,not_(x[4]),0.20238095238095233,e9bf358728c366c73b72393d204b8cd2,0.20238095238095233,False,0.0
2,13,"not_(less_than_or_equal(x[3],add(mul(x[0],x[0]),pdiv(mul(x[5],x[0]),add(x[2],x[3])))))",True,"and_(greater_than_or_equal(add(x[3],x[2]), pdiv(x[2],x[3])),less_than_or_equal(sub(x[0],x[2]),add(x[3],x[0])))",0.29761904761904767,57d4612aeba4f3a787ed24c5af827569,0.30952380952380953,True,0.011904761904761862
2,13,"less_than_or_equal(sub(x[0],x[3]),45.79)",True,"less_than_or_equal(x[3],x[3])",0.7857142857142857,3352141c4f785c0403fcb33f533f7848,0.7857142857142857,False,0.0
2,13,not_(x[6]),True,not_(x[6]),0.20238095238095233,c236778dc5683a72bff278f68dd0aee1,0.20238095238095233,False,0.0
2,13,not_(x[4]),True,not_(x[4]),0.20238095238095233,e9bf358728c366c73b72393d204b8cd2,0.20238095238095233,False,0.0
2,13,not_(x[6]),True,not_(x[6]),0.20238095238095233,c236778dc5683a72bff278f68dd0aee1,0.20238095238095233,False,0.0
2,13,not_(x[6]),True,not_(x[6]),0.20238095238095233,c236778dc5683a72bff278f68dd0aee1,0.20238095238095233,False,0.0
2,13,not_(x[1]),True,"less_than_or_equal(53.67,mul(x[3],x[3]))",0.2142857142857143,2cece411320c1d56790d65c80cc8f440,0.22619047619047616,True,0.011904761904761862
2,13,not_(x[4]),True,not_(x[4]),0.20238095238095233,e9bf358728c366c73b72393d204b8cd2,0.20238095238095233,False,0.0
2,13,not_(x[6]),True,not_(x[6]),0.20238095238095233,c236778dc5683a72bff278f68dd0aee1,0.20238095238095233,False,0.0
2,13,not_(x[6]),True,not_(x[6]),0.20238095238095233,c236778dc5683a72bff278f68dd0aee1,0.20238095238095233,False,0.0
2,13,not_(x[6]),True,not_(x[6]),0.20238095238095233,c236778dc5683a72bff278f68dd0aee1,0.20238095238095233,False,0.0
2,13,not_(x[6]),True,not_(x[6]),0.20238095238095233,c236778dc5683a72bff278f68dd0aee1,0.20238095238095233,False,0.0
2,13,not_(x[6]),True,not_(x[6]),0.20238095238095233,c236778dc5683a72bff278f68dd0aee1,0.20238095238095233,False,0.0
2,13,not_(x[6]),True,not_(x[6]),0.20238095238095233,c236778dc5683a72bff278f68dd0aee1,0.20238095238095233,False,0.0
2,13,"not_(or_(x[6],x[6]))",True,not_(x[6]),0.20238095238095233,c236778dc5683a72bff278f68dd0aee1,0.20238095238095233,False,0.0
2,13,"not_(or_(x[6],x[6]))",True,not_(x[6]),0.20238095238095233,c236778dc5683a72bff278f68dd0aee1,0.20238095238095233,False,0.0
2,13,"less_than_or_equal(sub(add(x[0],x[5]),mul(x[2],x[0])),pdiv(mul(x[5],x[0]),add(x[2],x[3])))",True,"less_than_or_equal(sub(add(x[0],x[5]),mul(x[2],x[0])),pdiv(mul(x[5],x[0]),add(x[2],x[3])))",0.19047619047619047,58cc4f21233e882751aa955999da1daf,0.13636363636363635,True,-0.05411255411255411
2,14,not_(x[4]),True,not_(x[4]),0.20238095238095233,e9bf358728c366c73b72393d204b8cd2,0.20238095238095233,False,0.0
2,14,not_(x[4]),True,not_(x[4]),0.20238095238095233,e9bf358728c366c73b72393d204b8cd2,0.20238095238095233,False,0.0
2,14,not_(x[6]),True,not_(x[6]),0.20238095238095233,c236778dc5683a72bff278f68dd0aee1,0.20238095238095233,False,0.0
2,14,not_(x[6]),True,not_(x[6]),0.20238095238095233,c236778dc5683a72bff278f68dd0aee1,0.20238095238095233,False,0.0
2,14,not_(x[6]),True,not_(x[6]),0.20238095238095233,c236778dc5683a72bff278f68dd0aee1,0.20238095238095233,False,0.0
2,14,not_(x[6]),True,not_(x[6]),0.20238095238095233,c236778dc5683a72bff278f68dd0aee1,0.20238095238095233,False,0.0
2,14,not_(x[6]),True,not_(x[6]),0.20238095238095233,c236778dc5683a72bff278f68dd0aee1,0.20238095238095233,False,0.0
2,14,not_(x[6]),True,not_(x[6]),0.20238095238095233,c236778dc5683a72bff278f68dd0aee1,0.20238095238095233,False,0.0
2,14,not_(x[4]),True,not_(x[4]),0.20238095238095233,e9bf358728c366c73b72393d204b8cd2,0.20238095238095233,False,0.0
2,14,not_(x[4]),True,not_(x[4]),0.20238095238095233,e9bf358728c366c73b72393d204b8cd2,0.20238095238095233,False,0.0
2,14,not_(x[4]),True,not_(x[4]),0.20238095238095233,e9bf358728c366c73b72393d204b8cd2,0.20238095238095233,False,0.0
2,14,not_(x[6]),True,not_(x[6]),0.20238095238095233,c236778dc5683a72bff278f68dd0aee1,0.20238095238095233,False,0.0
2,14,not_(x[4]),True,not_(x[4]),0.20238095238095233,e9bf358728c366c73b72393d204b8cd2,0.20238095238095233,False,0.0
2,14,not_(x[6]),True,not_(x[6]),0.20238095238095233,c236778dc5683a72bff278f68dd0aee1,0.20238095238095233,False,0.0
2,14,"less_than_or_equal(sub(add(x[0],x[5]),mul(x[2],x[0])),pdiv(mul(x[5],x[0]),add(x[2],x[3])))",True,"less_than_or_equal(sub(add(x[0],x[5]),mul(x[2],x[0])),pdiv(mul(x[5],x[0]),add(x[2],x[3])))",0.19047619047619047,58cc4f21233e882751aa955999da1daf,0.19047619047619047,False,0.0
2,14,not_(x[6]),True,not_(x[6]),0.20238095238095233,c236778dc5683a72bff278f68dd0aee1,0.20238095238095233,False,0.0
2,14,not_(x[4]),True,not_(x[4]),0.20238095238095233,e9bf358728c366c73b72393d204b8cd2,0.20238095238095233,False,0.0
2,14,not_(x[6]),True,not_(x[6]),0.20238095238095233,c236778dc5683a72bff278f68dd0aee1,0.20238095238095233,False,0.0
2,14,not_(x[6]),True,not_(x[6]),0.20238095238095233,c236778dc5683a72bff278f68dd0aee1,0.20238095238095233,False,0.0
2,14,not_(x[6]),True,not_(x[6]),0.20238095238095233,c236778dc5683a72bff278f68dd0aee1,0.20238095238095233,False,0.0
2,14,not_(x[4]),True,not_(x[4]),0.20238095238095233,e9bf358728c366c73b72393d204b8cd2,0.20238095238095233,False,0.0
2,14,not_(x[6]),True,not_(x[6]),0.20238095238095233,c236778dc5683a72bff278f68dd0aee1,0.20238095238095233,False,0.0
2,14,not_(x[4]),True,not_(x[4]),0.20238095238095233,e9bf358728c366c73b72393d204b8cd2,0.20238095238095233,False,0.0
2,14,not_(x[4]),True,not_(x[4]),0.20238095238095233,e9bf358728c366c73b72393d204b8cd2,0.20238095238095233,False,0.0
2,14,not_(x[6]),True,not_(x[6]),0.20238095238095233,c236778dc5683a72bff278f68dd0aee1,0.20238095238095233,False,0.0
2,14,"not_(less_than_or_equal(mul(x[0],add(x[2],x[3])),x[3]))",False,,,23f6278a8f1d3191f4fea50c302e7225,0.7261904761904762,False,0.0
2,14,not_(x[6]),True,not_(x[6]),0.20238095238095233,c236778dc5683a72bff278f68dd0aee1,0.20238095238095233,False,0.0
2,14,not_(x[6]),True,not_(x[6]),0.20238095238095233,c236778dc5683a72bff278f68dd0aee1,0.20238095238095233,False,0.0
2,14,not_(x[6]),True,not_(x[6]),0.20238095238095233,c236778dc5683a72bff278f68dd0aee1,0.20238095238095233,False,0.0
2,14,not_(x[6]),True,not_(x[6]),0.20238095238095233,c236778dc5683a72bff278f68dd0aee1,0.20238095238095233,False,0.0
2,14,not_(x[4]),True,not_(x[4]),0.20238095238095233,e9bf358728c366c73b72393d204b8cd2,0.20238095238095233,False,0.0
2,14,"not_(less_than_or_equal(x[3],add(mul(x[2],x[0]),x[5])))",True,"not_(greater_than_or_equal(pdiv(x[5],x[5]), pdiv(x[3],x[5])))",0.26190476190476186,aeceba6c233a8a73212b782b274d9205,0.22619047619047616,True,-0.0357142857142857
2,14,not_(x[6]),True,not_(x[6]),0.20238095238095233,c236778dc5683a72bff278f68dd0aee1,0.20238095238095233,False,0.0
2,14,not_(x[6]),True,not_(x[6]),0.20238095238095233,c236778dc5683a72bff278f68dd0aee1,0.20238095238095233,False,0.0
2,14,not_(x[6]),True,not_(x[6]),0.20238095238095233,c236778dc5683a72bff278f68dd0aee1,0.20238095238095233,False,0.0
2,14,"less_than_or_equal(x[3],x[3])",True,"less_than_or_equal(x[3],x[3])",0.7857142857142857,3352141c4f785c0403fcb33f533f7848,0.7857142857142857,False,0.0
2,14,not_(x[6]),True,not_(x[6]),0.20238095238095233,c236778dc5683a72bff278f68dd0aee1,0.20238095238095233,False,0.0
2,14,"not_(or_(x[6],x[6]))",True,not_(x[6]),0.20238095238095233,c236778dc5683a72bff278f68dd0aee1,0.20238095238095233,False,0.0
2,14,not_(x[6]),True,not_(x[6]),0.20238095238095233,c236778dc5683a72bff278f68dd0aee1,0.20238095238095233,False,0.0
2,14,not_(x[4]),True,not_(x[4]),0.20238095238095233,e9bf358728c366c73b72393d204b8cd2,0.20238095238095233,False,0.0
2,14,not_(x[4]),True,not_(x[4]),0.20238095238095233,e9bf358728c366c73b72393d204b8cd2,0.20238095238095233,False,0.0
2,14,not_(x[6]),True,not_(x[6]),0.20238095238095233,c236778dc5683a72bff278f68dd0aee1,0.20238095238095233,False,0.0
2,14,not_(x[6]),True,not_(x[6]),0.20238095238095233,c236778dc5683a72bff278f68dd0aee1,0.20238095238095233,False,0.0
2,14,not_(x[6]),True,not_(x[6]),0.20238095238095233,c236778dc5683a72bff278f68dd0aee1,0.20238095238095233,False,0.0
2,14,not_(x[4]),True,not_(x[4]),0.20238095238095233,e9bf358728c366c73b72393d204b8cd2,0.20238095238095233,False,0.0
2,14,not_(x[6]),True,not_(x[6]),0.20238095238095233,c236778dc5683a72bff278f68dd0aee1,0.20238095238095233,False,0.0
2,14,"not_(and_(x[4],x[4]))",True,not_(x[4]),0.20238095238095233,e9bf358728c366c73b72393d204b8cd2,0.20238095238095233,False,0.0
2,14,not_(x[6]),True,not_(x[6]),0.20238095238095233,c236778dc5683a72bff278f68dd0aee1,0.20238095238095233,False,0.0
2,14,not_(x[4]),True,not_(x[4]),0.20238095238095233,e9bf358728c366c73b72393d204b8cd2,0.20238095238095233,False,0.0
2,14,not_(x[6]),True,not_(x[6]),0.20238095238095233,c236778dc5683a72bff278f68dd0aee1,0.20238095238095233,False,0.0
2,14,"not_(or_(x[6],x[6]))",True,not_(x[6]),0.20238095238095233,c236778dc5683a72bff278f68dd0aee1,0.20238095238095233,False,0.0
2,14,not_(x[6]),True,not_(x[6]),0.20238095238095233,c236778dc5683a72bff278f68dd0aee1,0.20238095238095233,False,0.0
2,14,not_(x[6]),True,not_(x[6]),0.20238095238095233,c236778dc5683a72bff278f68dd0aee1,0.20238095238095233,False,0.0
2,14,not_(x[6]),True,not_(x[6]),0.20238095238095233,c236778dc5683a72bff278f68dd0aee1,0.20238095238095233,False,0.0
2,14,not_(x[4]),True,not_(x[4]),0.20238095238095233,e9bf358728c366c73b72393d204b8cd2,0.20238095238095233,False,0.0
2,14,not_(x[6]),True,not_(x[6]),0.20238095238095233,c236778dc5683a72bff278f68dd0aee1,0.20238095238095233,False,0.0
2,14,not_(x[6]),True,not_(x[6]),0.20238095238095233,c236778dc5683a72bff278f68dd0aee1,0.20238095238095233,False,0.0
2,14,not_(x[6]),True,not_(x[6]),0.20238095238095233,c236778dc5683a72bff278f68dd0aee1,0.20238095238095233,False,0.0
2,14,x[6],True,x[6],0.7976190476190477,5dd9d7c24dce7ece1d734bf6c32f4813,0.7976190476190477,False,0.0
2,14,not_(x[4]),True,not_(x[4]),0.20238095238095233,e9bf358728c366c73b72393d204b8cd2,0.20238095238095233,False,0.0
2,14,not_(x[6]),True,not_(x[6]),0.20238095238095233,c236778dc5683a72bff278f68dd0aee1,0.20238095238095233,False,0.0
2,14,"less_than_or_equal(sub(add(x[0],x[5]),mul(x[2],x[0])),x[5])",True,not_(x[6]),0.20238095238095233,c236778dc5683a72bff278f68dd0aee1,0.20238095238095233,False,0.0
2,14,not_(x[6]),True,not_(x[6]),0.20238095238095233,c236778dc5683a72bff278f68dd0aee1,0.20238095238095233,False,0.0
2,14,"not_(and_(x[4],x[4]))",True,not_(x[4]),0.20238095238095233,e9bf358728c366c73b72393d204b8cd2,0.20238095238095233,False,0.0
2,14,not_(x[4]),True,not_(x[4]),0.20238095238095233,e9bf358728c366c73b72393d204b8cd2,0.20238095238095233,False,0.0
2,14,not_(x[6]),True,not_(x[6]),0.20238095238095233,c236778dc5683a72bff278f68dd0aee1,0.20238095238095233,False,0.0
2,14,not_(x[4]),True,not_(x[4]),0.20238095238095233,e9bf358728c366c73b72393d204b8cd2,0.20238095238095233,False,0.0
2,14,not_(x[6]),True,not_(x[6]),0.20238095238095233,c236778dc5683a72bff278f68dd0aee1,0.20238095238095233,False,0.0
2,14,not_(x[6]),True,not_(x[6]),0.20238095238095233,c236778dc5683a72bff278f68dd0aee1,0.20238095238095233,False,0.0
2,14,not_(x[6]),True,not_(x[6]),0.20238095238095233,c236778dc5683a72bff278f68dd0aee1,0.20238095238095233,False,0.0
2,14,not_(x[6]),True,not_(x[6]),0.20238095238095233,c236778dc5683a72bff278f68dd0aee1,0.20238095238095233,False,0.0
2,14,not_(x[4]),True,not_(x[4]),0.20238095238095233,e9bf358728c366c73b72393d204b8cd2,0.20238095238095233,False,0.0
2,14,not_(x[4]),True,not_(x[4]),0.20238095238095233,e9bf358728c366c73b72393d204b8cd2,0.20238095238095233,False,0.0
2,14,not_(x[6]),True,not_(x[6]),0.20238095238095233,c236778dc5683a72bff278f68dd0aee1,0.20238095238095233,False,0.0
2,14,not_(x[4]),True,not_(x[4]),0.20238095238095233,e9bf358728c366c73b72393d204b8cd2,0.20238095238095233,False,0.0
2,14,not_(x[6]),True,not_(x[6]),0.20238095238095233,c236778dc5683a72bff278f68dd0aee1,0.20238095238095233,False,0.0
2,14,not_(x[4]),True,not_(x[4]),0.20238095238095233,e9bf358728c366c73b72393d204b8cd2,0.20238095238095233,False,0.0
2,14,"or_(x[4],or_(x[6],x[4]))",True,"or_(not_(greater_than_or_equal(x[3], x[3])),x[6])",0.7976190476190477,dabf352ca9fc16fe7897b3fa7e73f5cb,0.7976190476190477,False,0.0
2,14,not_(x[6]),True,not_(x[6]),0.20238095238095233,c236778dc5683a72bff278f68dd0aee1,0.20238095238095233,False,0.0
2,14,not_(x[6]),True,not_(x[6]),0.20238095238095233,c236778dc5683a72bff278f68dd0aee1,0.20238095238095233,False,0.0
2,14,not_(x[4]),True,not_(x[4]),0.20238095238095233,e9bf358728c366c73b72393d204b8cd2,0.20238095238095233,False,0.0
2,14,not_(x[6]),True,not_(x[6]),0.20238095238095233,c236778dc5683a72bff278f68dd0aee1,0.20238095238095233,False,0.0
2,14,not_(x[6]),True,not_(x[6]),0.20238095238095233,c236778dc5683a72bff278f68dd0aee1,0.20238095238095233,False,0.0
2,14,not_(x[6]),True,not_(x[6]),0.20238095238095233,c236778dc5683a72bff278f68dd0aee1,0.20238095238095233,False,0.0
2,14,not_(x[6]),True,not_(x[6]),0.20238095238095233,c236778dc5683a72bff278f68dd0aee1,0.20238095238095233,False,0.0
2,14,not_(x[6]),True,not_(x[6]),0.20238095238095233,c236778dc5683a72bff278f68dd0aee1,0.20238095238095233,False,0.0
2,14,not_(x[6]),True,not_(x[6]),0.20238095238095233,c236778dc5683a72bff278f68dd0aee1,0.20238095238095233,False,0.0
2,14,not_(x[6]),True,not_(x[6]),0.20238095238095233,c236778dc5683a72bff278f68dd0aee1,0.20238095238095233,False,0.0
2,14,not_(x[4]),True,not_(x[4]),0.20238095238095233,e9bf358728c366c73b72393d204b8cd2,0.20238095238095233,False,0.0
2,14,not_(x[4]),True,not_(x[4]),0.20238095238095233,e9bf358728c366c73b72393d204b8cd2,0.20238095238095233,False,0.0
2,14,not_(x[6]),True,not_(x[6]),0.20238095238095233,c236778dc5683a72bff278f68dd0aee1,0.20238095238095233,False,0.0
2,14,"not_(and_(x[6],x[6]))",True,not_(x[6]),0.20238095238095233,c236778dc5683a72bff278f68dd0aee1,0.20238095238095233,False,0.0
2,14,not_(x[4]),True,not_(x[4]),0.20238095238095233,e9bf358728c366c73b72393d204b8cd2,0.20238095238095233,False,0.0
2,14,not_(x[6]),True,not_(x[6]),0.20238095238095233,c236778dc5683a72bff278f68dd0aee1,0.20238095238095233,False,0.0
2,14,"not_(greater_than_or_equal(24.15, x[0]))",True,"less_than_or_equal(53.67,mul(x[3],x[3]))",0.2142857142857143,2cece411320c1d56790d65c80cc8f440,0.2142857142857143,False,0.0
2,14,not_(x[4]),True,not_(x[4]),0.20238095238095233,e9bf358728c366c73b72393d204b8cd2,0.20238095238095233,False,0.0
2,14,not_(x[6]),True,not_(x[6]),0.20238095238095233,c236778dc5683a72bff278f68dd0aee1,0.20238095238095233,False,0.0
2,14,"and_(x[6],x[6])",True,"or_(not_(greater_than_or_equal(x[3], x[3])),x[6])",0.7976190476190477,dabf352ca9fc16fe7897b3fa7e73f5cb,0.7976190476190477,False,0.0
2,14,not_(x[6]),True,not_(x[6]),0.20238095238095233,c236778dc5683a72bff278f68dd0aee1,0.20238095238095233,False,0.0
2,14,"not_(or_(x[6],and_(less_than_or_equal(pdiv(x[0],x[3]),x[2]),x[1])))",True,not_(x[6]),0.20238095238095233,c236778dc5683a72bff278f68dd0aee1,0.20238095238095233,False,0.0
2,14,not_(x[6]),True,not_(x[6]),0.20238095238095233,c236778dc5683a72bff278f68dd0aee1,0.20238095238095233,False,0.0
2,14,"not_(and_(x[6],x[1]))",True,not_(x[6]),0.20238095238095233,c236778dc5683a72bff278f68dd0aee1,0.2142857142857143,True,0.011904761904761973
2,14,not_(x[4]),True,not_(x[4]),0.20238095238095233,e9bf358728c366c73b72393d204b8cd2,0.20238095238095233,False,0.0
2,14,"not_(and_(x[4],x[4]))",True,not_(x[4]),0.20238095238095233,e9bf358728c366c73b72393d204b8cd2,0.20238095238095233,False,0.0
2,14,not_(x[6]),True,not_(x[6]),0.20238095238095233,c236778dc5683a72bff278f68dd0aee1,0.20238095238095233,False,0.0
2,14,not_(x[6]),True,not_(x[6]),0.20238095238095233,c236778dc5683a72bff278f68dd0aee1,0.20238095238095233,False,0.0
2,14,not_(x[6]),True,not_(x[6]),0.20238095238095233,c236778dc5683a72bff278f68dd0aee1,0.20238095238095233,False,0.0
2,14,not_(x[4]),True,not_(x[4]),0.20238095238095233,e9bf358728c366c73b72393d204b8cd2,0.20238095238095233,False,0.0
2,14,not_(x[4]),True,not_(x[4]),0.20238095238095233,e9bf358728c366c73b72393d204b8cd2,0.20238095238095233,False,0.0
2,14,not_(x[6]),True,not_(x[6]),0.20238095238095233,c236778dc5683a72bff278f68dd0aee1,0.20238095238095233,False,0.0
2,14,not_(x[6]),True,not_(x[6]),0.20238095238095233,c236778dc5683a72bff278f68dd0aee1,0.20238095238095233,False,0.0
2,14,"not_(or_(x[4],x[6]))",True,not_(x[6]),0.20238095238095233,c236778dc5683a72bff278f68dd0aee1,0.20238095238095233,False,0.0
2,14,"not_(or_(x[4],x[6]))",True,not_(x[6]),0.20238095238095233,c236778dc5683a72bff278f68dd0aee1,0.20238095238095233,False,0.0
2,14,not_(x[6]),True,not_(x[6]),0.20238095238095233,c236778dc5683a72bff278f68dd0aee1,0.20238095238095233,False,0.0
2,14,not_(x[6]),True,not_(x[6]),0.20238095238095233,c236778dc5683a72bff278f68dd0aee1,0.20238095238095233,False,0.0
2,14,"not_(less_than_or_equal(sub(mul(sub(x[2],x[0]),mul(x[2],x[2])),x[2]),45.43))",True,"less_than_or_equal(53.67,mul(x[3],x[3]))",0.2142857142857143,2cece411320c1d56790d65c80cc8f440,0.2142857142857143,False,0.0
2,14,not_(x[4]),True,not_(x[4]),0.20238095238095233,e9bf358728c366c73b72393d204b8cd2,0.20238095238095233,False,0.0
2,14,not_(x[6]),True,not_(x[6]),0.20238095238095233,c236778dc5683a72bff278f68dd0aee1,0.20238095238095233,False,0.0
2,14,not_(x[6]),True,not_(x[6]),0.20238095238095233,c236778dc5683a72bff278f68dd0aee1,0.20238095238095233,False,0.0
2,14,not_(x[6]),True,not_(x[6]),0.20238095238095233,c236778dc5683a72bff278f68dd0aee1,0.20238095238095233,False,0.0
2,14,not_(x[6]),True,not_(x[6]),0.20238095238095233,c236778dc5683a72bff278f68dd0aee1,0.20238095238095233,False,0.0
2,14,not_(x[6]),True,not_(x[6]),0.20238095238095233,c236778dc5683a72bff278f68dd0aee1,0.20238095238095233,False,0.0
2,14,not_(x[4]),True,not_(x[4]),0.20238095238095233,e9bf358728c366c73b72393d204b8cd2,0.20238095238095233,False,0.0
2,14,not_(x[1]),True,"less_than_or_equal(53.67,mul(x[3],x[3]))",0.2142857142857143,2cece411320c1d56790d65c80cc8f440,0.22619047619047616,True,0.011904761904761862
2,14,not_(x[4]),True,not_(x[4]),0.20238095238095233,e9bf358728c366c73b72393d204b8cd2,0.20238095238095233,False,0.0
2,14,not_(x[6]),True,not_(x[6]),0.20238095238095233,c236778dc5683a72bff278f68dd0aee1,0.20238095238095233,False,0.0
2,14,not_(x[6]),True,not_(x[6]),0.20238095238095233,c236778dc5683a72bff278f68dd0aee1,0.20238095238095233,False,0.0
2,14,not_(x[6]),True,not_(x[6]),0.20238095238095233,c236778dc5683a72bff278f68dd0aee1,0.20238095238095233,False,0.0
2,14,not_(x[6]),True,not_(x[6]),0.20238095238095233,c236778dc5683a72bff278f68dd0aee1,0.20238095238095233,False,0.0
2,14,not_(x[6]),True,not_(x[6]),0.20238095238095233,c236778dc5683a72bff278f68dd0aee1,0.20238095238095233,False,0.0
2,14,not_(x[6]),True,not_(x[6]),0.20238095238095233,c236778dc5683a72bff278f68dd0aee1,0.20238095238095233,False,0.0
2,14,"and_(x[6],x[6])",True,"or_(not_(greater_than_or_equal(x[3], x[3])),x[6])",0.7976190476190477,dabf352ca9fc16fe7897b3fa7e73f5cb,0.7976190476190477,False,0.0
2,14,not_(x[6]),True,not_(x[6]),0.20238095238095233,c236778dc5683a72bff278f68dd0aee1,0.20238095238095233,False,0.0
2,14,not_(x[6]),True,not_(x[6]),0.20238095238095233,c236778dc5683a72bff278f68dd0aee1,0.20238095238095233,False,0.0
2,14,not_(x[6]),True,not_(x[6]),0.20238095238095233,c236778dc5683a72bff278f68dd0aee1,0.20238095238095233,False,0.0
2,14,not_(x[6]),True,not_(x[6]),0.20238095238095233,c236778dc5683a72bff278f68dd0aee1,0.20238095238095233,False,0.0
2,14,not_(x[6]),True,not_(x[6]),0.20238095238095233,c236778dc5683a72bff278f68dd0aee1,0.20238095238095233,False,0.0
2,14,not_(x[4]),True,not_(x[4]),0.20238095238095233,e9bf358728c366c73b72393d204b8cd2,0.20238095238095233,False,0.0
2,14,not_(x[6]),True,not_(x[6]),0.20238095238095233,c236778dc5683a72bff278f68dd0aee1,0.20238095238095233,False,0.0
2,14,not_(x[6]),True,not_(x[6]),0.20238095238095233,c236778dc5683a72bff278f68dd0aee1,0.20238095238095233,False,0.0
2,14,not_(x[6]),True,not_(x[6]),0.20238095238095233,c236778dc5683a72bff278f68dd0aee1,0.20238095238095233,False,0.0
2,14,not_(x[6]),True,not_(x[6]),0.20238095238095233,c236778dc5683a72bff278f68dd0aee1,0.20238095238095233,False,0.0
2,14,not_(x[6]),True,not_(x[6]),0.20238095238095233,c236778dc5683a72bff278f68dd0aee1,0.20238095238095233,False,0.0
2,14,not_(x[6]),True,not_(x[6]),0.20238095238095233,c236778dc5683a72bff278f68dd0aee1,0.20238095238095233,False,0.0
2,14,not_(x[6]),True,not_(x[6]),0.20238095238095233,c236778dc5683a72bff278f68dd0aee1,0.20238095238095233,False,0.0
2,14,not_(x[6]),True,not_(x[6]),0.20238095238095233,c236778dc5683a72bff278f68dd0aee1,0.20238095238095233,False,0.0
2,14,not_(x[4]),True,not_(x[4]),0.20238095238095233,e9bf358728c366c73b72393d204b8cd2,0.20238095238095233,False,0.0
2,14,not_(x[4]),True,not_(x[4]),0.20238095238095233,e9bf358728c366c73b72393d204b8cd2,0.20238095238095233,False,0.0
2,14,not_(x[6]),True,not_(x[6]),0.20238095238095233,c236778dc5683a72bff278f68dd0aee1,0.20238095238095233,False,0.0
2,14,not_(x[6]),True,not_(x[6]),0.20238095238095233,c236778dc5683a72bff278f68dd0aee1,0.20238095238095233,False,0.0
2,14,not_(x[6]),True,not_(x[6]),0.20238095238095233,c236778dc5683a72bff278f68dd0aee1,0.20238095238095233,False,0.0
2,14,not_(x[6]),True,not_(x[6]),0.20238095238095233,c236778dc5683a72bff278f68dd0aee1,0.20238095238095233,False,0.0
2,14,not_(x[6]),True,not_(x[6]),0.20238095238095233,c236778dc5683a72bff278f68dd0aee1,0.20238095238095233,False,0.0
2,14,not_(x[4]),True,not_(x[4]),0.20238095238095233,e9bf358728c366c73b72393d204b8cd2,0.20238095238095233,False,0.0
2,14,not_(x[4]),True,not_(x[4]),0.20238095238095233,e9bf358728c366c73b72393d204b8cd2,0.20238095238095233,False,0.0
2,14,not_(x[4]),True,not_(x[4]),0.20238095238095233,e9bf358728c366c73b72393d204b8cd2,0.20238095238095233,False,0.0
2,14,not_(x[6]),True,not_(x[6]),0.20238095238095233,c236778dc5683a72bff278f68dd0aee1,0.20238095238095233,False,0.0
2,14,"not_(and_(x[6],x[6]))",True,not_(x[6]),0.20238095238095233,c236778dc5683a72bff278f68dd0aee1,0.20238095238095233,False,0.0
2,14,not_(x[6]),True,not_(x[6]),0.20238095238095233,c236778dc5683a72bff278f68dd0aee1,0.20238095238095233,False,0.0
2,14,not_(x[6]),True,not_(x[6]),0.20238095238095233,c236778dc5683a72bff278f68dd0aee1,0.20238095238095233,False,0.0
2,14,not_(x[4]),True,not_(x[4]),0.20238095238095233,e9bf358728c366c73b72393d204b8cd2,0.20238095238095233,False,0.0
2,14,not_(x[6]),True,not_(x[6]),0.20238095238095233,c236778dc5683a72bff278f68dd0aee1,0.20238095238095233,False,0.0
2,14,not_(x[6]),True,not_(x[6]),0.20238095238095233,c236778dc5683a72bff278f68dd0aee1,0.20238095238095233,False,0.0
2,14,not_(x[6]),True,not_(x[6]),0.20238095238095233,c236778dc5683a72bff278f68dd0aee1,0.20238095238095233,False,0.0
2,14,not_(x[6]),True,not_(x[6]),0.20238095238095233,c236778dc5683a72bff278f68dd0aee1,0.20238095238095233,False,0.0
2,14,"not_(and_(x[6],x[6]))",True,not_(x[6]),0.20238095238095233,c236778dc5683a72bff278f68dd0aee1,0.20238095238095233,False,0.0
2,14,not_(x[1]),True,"less_than_or_equal(53.67,mul(x[3],x[3]))",0.2142857142857143,2cece411320c1d56790d65c80cc8f440,0.22619047619047616,True,0.011904761904761862
2,14,not_(x[6]),True,not_(x[6]),0.20238095238095233,c236778dc5683a72bff278f68dd0aee1,0.20238095238095233,False,0.0
2,14,not_(x[6]),True,not_(x[6]),0.20238095238095233,c236778dc5683a72bff278f68dd0aee1,0.20238095238095233,False,0.0
2,14,not_(x[6]),True,not_(x[6]),0.20238095238095233,c236778dc5683a72bff278f68dd0aee1,0.20238095238095233,False,0.0
2,14,not_(x[1]),True,"less_than_or_equal(53.67,mul(x[3],x[3]))",0.2142857142857143,2cece411320c1d56790d65c80cc8f440,0.22619047619047616,True,0.011904761904761862
2,14,not_(x[6]),True,not_(x[6]),0.20238095238095233,c236778dc5683a72bff278f68dd0aee1,0.20238095238095233,False,0.0
2,14,not_(x[4]),True,not_(x[4]),0.20238095238095233,e9bf358728c366c73b72393d204b8cd2,0.20238095238095233,False,0.0
2,14,not_(x[4]),True,not_(x[4]),0.20238095238095233,e9bf358728c366c73b72393d204b8cd2,0.20238095238095233,False,0.0
2,14,"less_than_or_equal(sub(add(x[0],x[5]),mul(x[2],x[0])),x[5])",True,not_(x[6]),0.20238095238095233,c236778dc5683a72bff278f68dd0aee1,0.20238095238095233,False,0.0
2,14,not_(x[4]),True,not_(x[4]),0.20238095238095233,e9bf358728c366c73b72393d204b8cd2,0.20238095238095233,False,0.0
2,14,not_(x[6]),True,not_(x[6]),0.20238095238095233,c236778dc5683a72bff278f68dd0aee1,0.20238095238095233,False,0.0
2,14,not_(x[4]),True,not_(x[4]),0.20238095238095233,e9bf358728c366c73b72393d204b8cd2,0.20238095238095233,False,0.0
2,14,not_(x[6]),True,not_(x[6]),0.20238095238095233,c236778dc5683a72bff278f68dd0aee1,0.20238095238095233,False,0.0
2,14,not_(x[6]),True,not_(x[6]),0.20238095238095233,c236778dc5683a72bff278f68dd0aee1,0.20238095238095233,False,0.0
2,14,not_(x[6]),True,not_(x[6]),0.20238095238095233,c236778dc5683a72bff278f68dd0aee1,0.20238095238095233,False,0.0
2,14,not_(x[6]),True,not_(x[6]),0.20238095238095233,c236778dc5683a72bff278f68dd0aee1,0.20238095238095233,False,0.0
2,14,not_(x[6]),True,not_(x[6]),0.20238095238095233,c236778dc5683a72bff278f68dd0aee1,0.20238095238095233,False,0.0
2,14,not_(x[4]),True,not_(x[4]),0.20238095238095233,e9bf358728c366c73b72393d204b8cd2,0.20238095238095233,False,0.0
2,14,not_(x[6]),True,not_(x[6]),0.20238095238095233,c236778dc5683a72bff278f68dd0aee1,0.20238095238095233,False,0.0
2,14,not_(x[6]),True,not_(x[6]),0.20238095238095233,c236778dc5683a72bff278f68dd0aee1,0.20238095238095233,False,0.0
2,14,not_(x[6]),True,not_(x[6]),0.20238095238095233,c236778dc5683a72bff278f68dd0aee1,0.20238095238095233,False,0.0
2,14,not_(x[6]),True,not_(x[6]),0.20238095238095233,c236778dc5683a72bff278f68dd0aee1,0.20238095238095233,False,0.0
2,14,not_(x[6]),True,not_(x[6]),0.20238095238095233,c236778dc5683a72bff278f68dd0aee1,0.20238095238095233,False,0.0
2,14,not_(x[4]),True,not_(x[4]),0.20238095238095233,e9bf358728c366c73b72393d204b8cd2,0.20238095238095233,False,0.0
2,14,not_(x[4]),True,not_(x[4]),0.20238095238095233,e9bf358728c366c73b72393d204b8cd2,0.20238095238095233,False,0.0
2,14,not_(x[6]),True,not_(x[6]),0.20238095238095233,c236778dc5683a72bff278f68dd0aee1,0.20238095238095233,False,0.0
2,14,not_(x[6]),True,not_(x[6]),0.20238095238095233,c236778dc5683a72bff278f68dd0aee1,0.20238095238095233,False,0.0
2,14,not_(x[4]),True,not_(x[4]),0.20238095238095233,e9bf358728c366c73b72393d204b8cd2,0.20238095238095233,False,0.0
2,14,not_(x[6]),True,not_(x[6]),0.20238095238095233,c236778dc5683a72bff278f68dd0aee1,0.20238095238095233,False,0.0
2,14,not_(x[4]),True,not_(x[4]),0.20238095238095233,e9bf358728c366c73b72393d204b8cd2,0.20238095238095233,False,0.0
2,14,not_(x[6]),True,not_(x[6]),0.20238095238095233,c236778dc5683a72bff278f68dd0aee1,0.20238095238095233,False,0.0
2,14,not_(x[4]),True,not_(x[4]),0.20238095238095233,e9bf358728c366c73b72393d204b8cd2,0.20238095238095233,False,0.0
2,14,not_(x[4]),True,not_(x[4]),0.20238095238095233,e9bf358728c366c73b72393d204b8cd2,0.20238095238095233,False,0.0
2,14,not_(x[4]),True,not_(x[4]),0.20238095238095233,e9bf358728c366c73b72393d204b8cd2,0.20238095238095233,False,0.0
2,14,"less_than_or_equal(sub(add(x[0],sub(add(sub(x[2],x[0]),x[5]),x[5])),23.96),x[3])",True,"less_than_or_equal(x[3],x[3])",0.7857142857142857,3352141c4f785c0403fcb33f533f7848,0.7857142857142857,False,0.0
2,14,not_(x[4]),True,not_(x[4]),0.20238095238095233,e9bf358728c366c73b72393d204b8cd2,0.20238095238095233,False,0.0
2,14,not_(x[6]),True,not_(x[6]),0.20238095238095233,c236778dc5683a72bff278f68dd0aee1,0.20238095238095233,False,0.0
2,14,not_(x[6]),True,not_(x[6]),0.20238095238095233,c236778dc5683a72bff278f68dd0aee1,0.20238095238095233,False,0.0
2,14,not_(x[6]),True,not_(x[6]),0.20238095238095233,c236778dc5683a72bff278f68dd0aee1,0.20238095238095233,False,0.0
2,14,not_(x[6]),True,not_(x[6]),0.20238095238095233,c236778dc5683a72bff278f68dd0aee1,0.20238095238095233,False,0.0
2,14,not_(x[4]),True,not_(x[4]),0.20238095238095233,e9bf358728c366c73b72393d204b8cd2,0.20238095238095233,False,0.0
2,14,not_(x[4]),True,not_(x[4]),0.20238095238095233,e9bf358728c366c73b72393d204b8cd2,0.20238095238095233,False,0.0
2,14,not_(x[4]),True,not_(x[4]),0.20238095238095233,e9bf358728c366c73b72393d204b8cd2,0.20238095238095233,False,0.0
2,14,not_(x[6]),True,not_(x[6]),0.20238095238095233,c236778dc5683a72bff278f68dd0aee1,0.20238095238095233,False,0.0
2,14,not_(x[6]),True,not_(x[6]),0.20238095238095233,c236778dc5683a72bff278f68dd0aee1,0.20238095238095233,False,0.0
2,14,not_(x[6]),True,not_(x[6]),0.20238095238095233,c236778dc5683a72bff278f68dd0aee1,0.20238095238095233,False,0.0
2,14,not_(x[6]),True,not_(x[6]),0.20238095238095233,c236778dc5683a72bff278f68dd0aee1,0.20238095238095233,False,0.0
2,14,not_(x[4]),True,not_(x[4]),0.20238095238095233,e9bf358728c366c73b72393d204b8cd2,0.20238095238095233,False,0.0
2,14,not_(x[6]),True,not_(x[6]),0.20238095238095233,c236778dc5683a72bff278f68dd0aee1,0.20238095238095233,False,0.0
2,14,not_(x[6]),True,not_(x[6]),0.20238095238095233,c236778dc5683a72bff278f68dd0aee1,0.20238095238095233,False,0.0
2,14,"not_(or_(x[6],x[6]))",True,not_(x[6]),0.20238095238095233,c236778dc5683a72bff278f68dd0aee1,0.20238095238095233,False,0.0
2,14,not_(x[6]),True,not_(x[6]),0.20238095238095233,c236778dc5683a72bff278f68dd0aee1,0.20238095238095233,False,0.0
2,14,not_(x[4]),True,not_(x[4]),0.20238095238095233,e9bf358728c366c73b72393d204b8cd2,0.20238095238095233,False,0.0
2,14,not_(x[6]),True,not_(x[6]),0.20238095238095233,c236778dc5683a72bff278f68dd0aee1,0.20238095238095233,False,0.0
2,14,not_(x[6]),True,not_(x[6]),0.20238095238095233,c236778dc5683a72bff278f68dd0aee1,0.20238095238095233,False,0.0
2,14,"not_(and_(x[6],x[4]))",True,not_(x[4]),0.20238095238095233,e9bf358728c366c73b72393d204b8cd2,0.20238095238095233,False,0.0
2,14,not_(x[6]),True,not_(x[6]),0.20238095238095233,c236778dc5683a72bff278f68dd0aee1,0.20238095238095233,False,0.0
2,14,not_(x[6]),True,not_(x[6]),0.20238095238095233,c236778dc5683a72bff278f68dd0aee1,0.20238095238095233,False,0.0
2,14,not_(x[6]),True,not_(x[6]),0.20238095238095233,c236778dc5683a72bff278f68dd0aee1,0.20238095238095233,False,0.0
2,14,not_(x[6]),True,not_(x[6]),0.20238095238095233,c236778dc5683a72bff278f68dd0aee1,0.20238095238095233,False,0.0
2,14,not_(x[6]),True,not_(x[6]),0.20238095238095233,c236778dc5683a72bff278f68dd0aee1,0.20238095238095233,False,0.0
2,14,not_(x[4]),True,not_(x[4]),0.20238095238095233,e9bf358728c366c73b72393d204b8cd2,0.20238095238095233,False,0.0
2,14,not_(x[6]),True,not_(x[6]),0.20238095238095233,c236778dc5683a72bff278f68dd0aee1,0.20238095238095233,False,0.0
2,14,"not_(or_(x[4],x[4]))",True,not_(x[4]),0.20238095238095233,e9bf358728c366c73b72393d204b8cd2,0.20238095238095233,False,0.0
2,14,not_(x[6]),True,not_(x[6]),0.20238095238095233,c236778dc5683a72bff278f68dd0aee1,0.20238095238095233,False,0.0
2,14,not_(x[6]),True,not_(x[6]),0.20238095238095233,c236778dc5683a72bff278f68dd0aee1,0.20238095238095233,False,0.0
2,14,not_(x[6]),True,not_(x[6]),0.20238095238095233,c236778dc5683a72bff278f68dd0aee1,0.20238095238095233,False,0.0
2,14,not_(x[4]),True,not_(x[4]),0.20238095238095233,e9bf358728c366c73b72393d204b8cd2,0.20238095238095233,False,0.0
2,14,not_(x[6]),True,not_(x[6]),0.20238095238095233,c236778dc5683a72bff278f68dd0aee1,0.20238095238095233,False,0.0
2,14,"less_than_or_equal(sub(add(x[0],x[5]),mul(x[2],x[0])),pdiv(mul(x[5],x[0]),add(x[2],x[3])))",True,"less_than_or_equal(sub(add(x[0],x[5]),mul(x[2],x[0])),pdiv(mul(x[5],x[0]),add(x[2],x[3])))",0.19047619047619047,58cc4f21233e882751aa955999da1daf,0.13636363636363635,True,-0.05411255411255411
2,15,not_(x[6]),True,not_(x[6]),0.20238095238095233,c236778dc5683a72bff278f68dd0aee1,0.20238095238095233,False,0.0
2,15,not_(x[4]),True,not_(x[4]),0.20238095238095233,e9bf358728c366c73b72393d204b8cd2,0.20238095238095233,False,0.0
2,15,not_(x[6]),True,not_(x[6]),0.20238095238095233,c236778dc5683a72bff278f68dd0aee1,0.20238095238095233,False,0.0
2,15,"less_than_or_equal(sub(x[3],mul(x[3],sub(x[5],mul(x[5],x[2])))),x[2])",False,,,44adf50fbe6b30bfe0425763a3c6fc35,0.7619047619047619,False,0.0
2,15,not_(x[4]),True,not_(x[4]),0.20238095238095233,e9bf358728c366c73b72393d204b8cd2,0.20238095238095233,False,0.0
2,15,not_(x[4]),True,not_(x[4]),0.20238095238095233,e9bf358728c366c73b72393d204b8cd2,0.20238095238095233,False,0.0
2,15,not_(x[6]),True,not_(x[6]),0.20238095238095233,c236778dc5683a72bff278f68dd0aee1,0.20238095238095233,False,0.0
2,15,not_(x[6]),True,not_(x[6]),0.20238095238095233,c236778dc5683a72bff278f68dd0aee1,0.20238095238095233,False,0.0
2,15,not_(x[6]),True,not_(x[6]),0.20238095238095233,c236778dc5683a72bff278f68dd0aee1,0.20238095238095233,False,0.0
2,15,not_(x[6]),True,not_(x[6]),0.20238095238095233,c236778dc5683a72bff278f68dd0aee1,0.20238095238095233,False,0.0
2,15,not_(x[6]),True,not_(x[6]),0.20238095238095233,c236778dc5683a72bff278f68dd0aee1,0.20238095238095233,False,0.0
2,15,not_(x[6]),True,not_(x[6]),0.20238095238095233,c236778dc5683a72bff278f68dd0aee1,0.20238095238095233,False,0.0
2,15,not_(x[6]),True,not_(x[6]),0.20238095238095233,c236778dc5683a72bff278f68dd0aee1,0.20238095238095233,False,0.0
2,15,not_(x[6]),True,not_(x[6]),0.20238095238095233,c236778dc5683a72bff278f68dd0aee1,0.20238095238095233,False,0.0
2,15,not_(x[6]),True,not_(x[6]),0.20238095238095233,c236778dc5683a72bff278f68dd0aee1,0.20238095238095233,False,0.0
2,15,"not_(and_(x[6],x[6]))",True,not_(x[6]),0.20238095238095233,c236778dc5683a72bff278f68dd0aee1,0.20238095238095233,False,0.0
2,15,not_(x[4]),True,not_(x[4]),0.20238095238095233,e9bf358728c366c73b72393d204b8cd2,0.20238095238095233,False,0.0
2,15,not_(x[6]),True,not_(x[6]),0.20238095238095233,c236778dc5683a72bff278f68dd0aee1,0.20238095238095233,False,0.0
2,15,"less_than_or_equal(sub(x[3],x[5]),x[3])",True,"less_than_or_equal(x[3],x[3])",0.7857142857142857,3352141c4f785c0403fcb33f533f7848,0.7857142857142857,False,0.0
2,15,"not_(less_than_or_equal(x[3],add(mul(x[2],x[0]),pdiv(mul(x[5],x[0]),add(x[2],x[3])))))",True,"and_(greater_than_or_equal(add(x[3],x[2]), pdiv(x[2],x[3])),less_than_or_equal(sub(x[0],x[2]),add(x[3],x[0])))",0.29761904761904767,57d4612aeba4f3a787ed24c5af827569,0.30952380952380953,True,0.011904761904761862
2,15,not_(x[6]),True,not_(x[6]),0.20238095238095233,c236778dc5683a72bff278f68dd0aee1,0.20238095238095233,False,0.0
2,15,not_(x[6]),True,not_(x[6]),0.20238095238095233,c236778dc5683a72bff278f68dd0aee1,0.20238095238095233,False,0.0
2,15,not_(x[6]),True,not_(x[6]),0.20238095238095233,c236778dc5683a72bff278f68dd0aee1,0.20238095238095233,False,0.0
2,15,not_(x[6]),True,not_(x[6]),0.20238095238095233,c236778dc5683a72bff278f68dd0aee1,0.20238095238095233,False,0.0
2,15,not_(x[4]),True,not_(x[4]),0.20238095238095233,e9bf358728c366c73b72393d204b8cd2,0.20238095238095233,False,0.0
2,15,not_(x[6]),True,not_(x[6]),0.20238095238095233,c236778dc5683a72bff278f68dd0aee1,0.20238095238095233,False,0.0
2,15,not_(x[6]),True,not_(x[6]),0.20238095238095233,c236778dc5683a72bff278f68dd0aee1,0.20238095238095233,False,0.0
2,15,not_(x[6]),True,not_(x[6]),0.20238095238095233,c236778dc5683a72bff278f68dd0aee1,0.20238095238095233,False,0.0
2,15,not_(x[4]),True,not_(x[4]),0.20238095238095233,e9bf358728c366c73b72393d204b8cd2,0.20238095238095233,False,0.0
2,15,not_(x[6]),True,not_(x[6]),0.20238095238095233,c236778dc5683a72bff278f68dd0aee1,0.20238095238095233,False,0.0
2,15,not_(x[6]),True,not_(x[6]),0.20238095238095233,c236778dc5683a72bff278f68dd0aee1,0.20238095238095233,False,0.0
2,15,not_(x[4]),True,not_(x[4]),0.20238095238095233,e9bf358728c366c73b72393d204b8cd2,0.20238095238095233,False,0.0
2,15,not_(x[6]),True,not_(x[6]),0.20238095238095233,c236778dc5683a72bff278f68dd0aee1,0.20238095238095233,False,0.0
2,15,not_(x[4]),True,not_(x[4]),0.20238095238095233,e9bf358728c366c73b72393d204b8cd2,0.20238095238095233,False,0.0
2,15,not_(x[6]),True,not_(x[6]),0.20238095238095233,c236778dc5683a72bff278f68dd0aee1,0.20238095238095233,False,0.0
2,15,not_(x[6]),True,not_(x[6]),0.20238095238095233,c236778dc5683a72bff278f68dd0aee1,0.20238095238095233,False,0.0
2,15,not_(x[4]),True,not_(x[4]),0.20238095238095233,e9bf358728c366c73b72393d204b8cd2,0.20238095238095233,False,0.0
2,15,not_(x[6]),True,not_(x[6]),0.20238095238095233,c236778dc5683a72bff278f68dd0aee1,0.20238095238095233,False,0.0
2,15,"not_(and_(x[6],x[6]))",True,not_(x[6]),0.20238095238095233,c236778dc5683a72bff278f68dd0aee1,0.20238095238095233,False,0.0
2,15,not_(x[6]),True,not_(x[6]),0.20238095238095233,c236778dc5683a72bff278f68dd0aee1,0.20238095238095233,False,0.0
2,15,"less_than_or_equal(sub(add(x[0],x[5]),mul(x[2],x[0])),x[0])",True,"less_than_or_equal(53.67,mul(x[3],x[3]))",0.2142857142857143,2cece411320c1d56790d65c80cc8f440,0.25,True,0.0357142857142857
2,15,"and_(x[6],not_(x[6]))",True,"less_than_or_equal(53.67,mul(x[3],x[3]))",0.2142857142857143,2cece411320c1d56790d65c80cc8f440,0.2142857142857143,False,0.0
2,15,"less_than_or_equal(add(add(x[0],x[5]),mul(x[2],x[0])),pdiv(mul(x[5],x[0]),add(x[2],x[3])))",True,not_(x[6]),0.20238095238095233,c236778dc5683a72bff278f68dd0aee1,0.20238095238095233,False,0.0
2,15,"or_(x[6],x[6])",True,"or_(not_(greater_than_or_equal(x[3], x[3])),x[6])",0.7976190476190477,dabf352ca9fc16fe7897b3fa7e73f5cb,0.7976190476190477,False,0.0
2,15,not_(x[6]),True,not_(x[6]),0.20238095238095233,c236778dc5683a72bff278f68dd0aee1,0.20238095238095233,False,0.0
2,15,not_(x[6]),True,not_(x[6]),0.20238095238095233,c236778dc5683a72bff278f68dd0aee1,0.20238095238095233,False,0.0
2,15,not_(x[6]),True,not_(x[6]),0.20238095238095233,c236778dc5683a72bff278f68dd0aee1,0.20238095238095233,False,0.0
2,15,not_(x[4]),True,not_(x[4]),0.20238095238095233,e9bf358728c366c73b72393d204b8cd2,0.20238095238095233,False,0.0
2,15,not_(x[6]),True,not_(x[6]),0.20238095238095233,c236778dc5683a72bff278f68dd0aee1,0.20238095238095233,False,0.0
2,15,not_(x[6]),True,not_(x[6]),0.20238095238095233,c236778dc5683a72bff278f68dd0aee1,0.20238095238095233,False,0.0
2,15,not_(x[4]),True,not_(x[4]),0.20238095238095233,e9bf358728c366c73b72393d204b8cd2,0.20238095238095233,False,0.0
2,15,not_(x[6]),True,not_(x[6]),0.20238095238095233,c236778dc5683a72bff278f68dd0aee1,0.20238095238095233,False,0.0
2,15,not_(x[6]),True,not_(x[6]),0.20238095238095233,c236778dc5683a72bff278f68dd0aee1,0.20238095238095233,False,0.0
2,15,not_(x[4]),True,not_(x[4]),0.20238095238095233,e9bf358728c366c73b72393d204b8cd2,0.20238095238095233,False,0.0
2,15,not_(x[6]),True,not_(x[6]),0.20238095238095233,c236778dc5683a72bff278f68dd0aee1,0.20238095238095233,False,0.0
2,15,not_(x[6]),True,not_(x[6]),0.20238095238095233,c236778dc5683a72bff278f68dd0aee1,0.20238095238095233,False,0.0
2,15,not_(x[4]),True,not_(x[4]),0.20238095238095233,e9bf358728c366c73b72393d204b8cd2,0.20238095238095233,False,0.0
2,15,not_(x[6]),True,not_(x[6]),0.20238095238095233,c236778dc5683a72bff278f68dd0aee1,0.20238095238095233,False,0.0
2,15,not_(x[4]),True,not_(x[4]),0.20238095238095233,e9bf358728c366c73b72393d204b8cd2,0.20238095238095233,False,0.0
2,15,not_(x[4]),True,not_(x[4]),0.20238095238095233,e9bf358728c366c73b72393d204b8cd2,0.20238095238095233,False,0.0
2,15,not_(x[6]),True,not_(x[6]),0.20238095238095233,c236778dc5683a72bff278f68dd0aee1,0.20238095238095233,False,0.0
2,15,"and_(x[6],x[6])",True,"or_(not_(greater_than_or_equal(x[3], x[3])),x[6])",0.7976190476190477,dabf352ca9fc16fe7897b3fa7e73f5cb,0.7976190476190477,False,0.0
2,15,not_(x[6]),True,not_(x[6]),0.20238095238095233,c236778dc5683a72bff278f68dd0aee1,0.20238095238095233,False,0.0
2,15,"not_(less_than_or_equal(sub(x[0],x[3]),add(mul(x[2],x[0]),pdiv(mul(x[5],x[0]),add(x[2],x[3])))))",True,"less_than_or_equal(53.67,mul(x[3],x[3]))",0.2142857142857143,2cece411320c1d56790d65c80cc8f440,0.22619047619047616,True,0.011904761904761862
2,15,not_(x[4]),True,not_(x[4]),0.20238095238095233,e9bf358728c366c73b72393d204b8cd2,0.20238095238095233,False,0.0
2,15,not_(x[6]),True,not_(x[6]),0.20238095238095233,c236778dc5683a72bff278f68dd0aee1,0.20238095238095233,False,0.0
2,15,not_(x[4]),True,not_(x[4]),0.20238095238095233,e9bf358728c366c73b72393d204b8cd2,0.20238095238095233,False,0.0
2,15,not_(x[4]),True,not_(x[4]),0.20238095238095233,e9bf358728c366c73b72393d204b8cd2,0.20238095238095233,False,0.0
2,15,not_(x[6]),True,not_(x[6]),0.20238095238095233,c236778dc5683a72bff278f68dd0aee1,0.20238095238095233,False,0.0
2,15,not_(x[4]),True,not_(x[4]),0.20238095238095233,e9bf358728c366c73b72393d204b8cd2,0.20238095238095233,False,0.0
2,15,not_(x[4]),True,not_(x[4]),0.20238095238095233,e9bf358728c366c73b72393d204b8cd2,0.20238095238095233,False,0.0
2,15,not_(x[6]),True,not_(x[6]),0.20238095238095233,c236778dc5683a72bff278f68dd0aee1,0.20238095238095233,False,0.0
2,15,not_(x[6]),True,not_(x[6]),0.20238095238095233,c236778dc5683a72bff278f68dd0aee1,0.20238095238095233,False,0.0
2,15,not_(x[6]),True,not_(x[6]),0.20238095238095233,c236778dc5683a72bff278f68dd0aee1,0.20238095238095233,False,0.0
2,15,not_(x[4]),True,not_(x[4]),0.20238095238095233,e9bf358728c366c73b72393d204b8cd2,0.20238095238095233,False,0.0
2,15,not_(x[4]),True,not_(x[4]),0.20238095238095233,e9bf358728c366c73b72393d204b8cd2,0.20238095238095233,False,0.0
2,15,not_(x[4]),True,not_(x[4]),0.20238095238095233,e9bf358728c366c73b72393d204b8cd2,0.20238095238095233,False,0.0
2,15,not_(x[4]),True,not_(x[4]),0.20238095238095233,e9bf358728c366c73b72393d204b8cd2,0.20238095238095233,False,0.0
2,15,"or_(x[6],x[6])",True,"or_(not_(greater_than_or_equal(x[3], x[3])),x[6])",0.7976190476190477,dabf352ca9fc16fe7897b3fa7e73f5cb,0.7976190476190477,False,0.0
2,15,not_(x[6]),True,not_(x[6]),0.20238095238095233,c236778dc5683a72bff278f68dd0aee1,0.20238095238095233,False,0.0
2,15,not_(x[6]),True,not_(x[6]),0.20238095238095233,c236778dc5683a72bff278f68dd0aee1,0.20238095238095233,False,0.0
2,15,not_(x[4]),True,not_(x[4]),0.20238095238095233,e9bf358728c366c73b72393d204b8cd2,0.20238095238095233,False,0.0
2,15,"less_than_or_equal(sub(add(x[0],x[5]),mul(x[2],x[0])),x[0])",True,"less_than_or_equal(53.67,mul(x[3],x[3]))",0.2142857142857143,2cece411320c1d56790d65c80cc8f440,0.25,True,0.0357142857142857
2,15,"less_than_or_equal(sub(add(x[0],x[5]),mul(x[2],x[0])),x[2])",True,"less_than_or_equal(53.67,mul(x[3],x[3]))",0.2142857142857143,2cece411320c1d56790d65c80cc8f440,0.23809523809523814,True,0.023809523809523836
2,15,not_(x[6]),True,not_(x[6]),0.20238095238095233,c236778dc5683a72bff278f68dd0aee1,0.20238095238095233,False,0.0
2,15,not_(x[6]),True,not_(x[6]),0.20238095238095233,c236778dc5683a72bff278f68dd0aee1,0.20238095238095233,False,0.0
2,15,"less_than_or_equal(sub(add(x[0],x[5]),mul(add(mul(x[0],x[3]),mul(sub(x[2],x[0]),mul(x[2],x[2]))),x[2])),45.43)",True,"less_than_or_equal(x[3],x[3])",0.7857142857142857,3352141c4f785c0403fcb33f533f7848,0.7857142857142857,False,0.0
2,15,not_(x[4]),True,not_(x[4]),0.20238095238095233,e9bf358728c366c73b72393d204b8cd2,0.20238095238095233,False,0.0
2,15,not_(x[6]),True,not_(x[6]),0.20238095238095233,c236778dc5683a72bff278f68dd0aee1,0.20238095238095233,False,0.0
2,15,not_(x[6]),True,not_(x[6]),0.20238095238095233,c236778dc5683a72bff278f68dd0aee1,0.20238095238095233,False,0.0
2,15,not_(x[6]),True,not_(x[6]),0.20238095238095233,c236778dc5683a72bff278f68dd0aee1,0.20238095238095233,False,0.0
2,15,not_(x[6]),True,not_(x[6]),0.20238095238095233,c236778dc5683a72bff278f68dd0aee1,0.20238095238095233,False,0.0
2,15,not_(x[4]),True,not_(x[4]),0.20238095238095233,e9bf358728c366c73b72393d204b8cd2,0.20238095238095233,False,0.0
2,15,not_(x[6]),True,not_(x[6]),0.20238095238095233,c236778dc5683a72bff278f68dd0aee1,0.20238095238095233,False,0.0
2,15,not_(x[6]),True,not_(x[6]),0.20238095238095233,c236778dc5683a72bff278f68dd0aee1,0.20238095238095233,False,0.0
2,15,not_(x[4]),True,not_(x[4]),0.20238095238095233,e9bf358728c366c73b72393d204b8cd2,0.20238095238095233,False,0.0
2,15,not_(x[4]),True,not_(x[4]),0.20238095238095233,e9bf358728c366c73b72393d204b8cd2,0.20238095238095233,False,0.0
2,15,"less_than_or_equal(mul(x[0],x[3]),mul(sub(x[2],x[0]),mul(x[2],x[2])))",True,not_(x[6]),0.20238095238095233,c236778dc5683a72bff278f68dd0aee1,0.23809523809523814,True,0.03571428571428581
2,15,not_(x[4]),True,not_(x[4]),0.20238095238095233,e9bf358728c366c73b72393d204b8cd2,0.20238095238095233,False,0.0
2,15,"not_(or_(x[6],x[6]))",True,not_(x[6]),0.20238095238095233,c236778dc5683a72bff278f68dd0aee1,0.20238095238095233,False,0.0
2,15,not_(x[6]),True,not_(x[6]),0.20238095238095233,c236778dc5683a72bff278f68dd0aee1,0.20238095238095233,False,0.0
2,15,"not_(or_(x[6],x[6]))",True,not_(x[6]),0.20238095238095233,c236778dc5683a72bff278f68dd0aee1,0.20238095238095233,False,0.0
2,15,not_(x[6]),True,not_(x[6]),0.20238095238095233,c236778dc5683a72bff278f68dd0aee1,0.20238095238095233,False,0.0
2,15,not_(x[6]),True,not_(x[6]),0.20238095238095233,c236778dc5683a72bff278f68dd0aee1,0.20238095238095233,False,0.0
2,15,not_(x[6]),True,not_(x[6]),0.20238095238095233,c236778dc5683a72bff278f68dd0aee1,0.20238095238095233,False,0.0
2,15,"not_(and_(x[6],x[6]))",True,not_(x[6]),0.20238095238095233,c236778dc5683a72bff278f68dd0aee1,0.20238095238095233,False,0.0
2,15,not_(x[6]),True,not_(x[6]),0.20238095238095233,c236778dc5683a72bff278f68dd0aee1,0.20238095238095233,False,0.0
2,15,not_(x[4]),True,not_(x[4]),0.20238095238095233,e9bf358728c366c73b72393d204b8cd2,0.20238095238095233,False,0.0
2,15,"not_(less_than_or_equal(mul(x[0],x[3]),mul(sub(x[2],x[0]),mul(x[2],x[2]))))",True,"or_(not_(greater_than_or_equal(x[3], x[3])),x[6])",0.7976190476190477,dabf352ca9fc16fe7897b3fa7e73f5cb,0.7619047619047619,True,-0.03571428571428581
2,15,not_(x[6]),True,not_(x[6]),0.20238095238095233,c236778dc5683a72bff278f68dd0aee1,0.20238095238095233,False,0.0
2,15,not_(x[6]),True,not_(x[6]),0.20238095238095233,c236778dc5683a72bff278f68dd0aee1,0.20238095238095233,False,0.0
2,15,not_(x[6]),True,not_(x[6]),0.20238095238095233,c236778dc5683a72bff278f68dd0aee1,0.20238095238095233,False,0.0
2,15,not_(not_(x[4])),True,"not_(greater_than_or_equal(sub(x[0],x[3]), x[0]))",0.7976190476190477,95cffd09c37f5560118f86148db41cd5,0.7976190476190477,False,0.0
2,15,not_(x[6]),True,not_(x[6]),0.20238095238095233,c236778dc5683a72bff278f68dd0aee1,0.20238095238095233,False,0.0
2,15,"not_(or_(x[6],x[6]))",True,not_(x[6]),0.20238095238095233,c236778dc5683a72bff278f68dd0aee1,0.20238095238095233,False,0.0
2,15,"not_(and_(or_(x[6],x[6]),x[6]))",True,not_(x[6]),0.20238095238095233,c236778dc5683a72bff278f68dd0aee1,0.20238095238095233,False,0.0
2,15,not_(x[6]),True,not_(x[6]),0.20238095238095233,c236778dc5683a72bff278f68dd0aee1,0.20238095238095233,False,0.0
2,15,not_(x[4]),True,not_(x[4]),0.20238095238095233,e9bf358728c366c73b72393d204b8cd2,0.20238095238095233,False,0.0
2,15,not_(x[6]),True,not_(x[6]),0.20238095238095233,c236778dc5683a72bff278f68dd0aee1,0.20238095238095233,False,0.0
2,15,not_(x[6]),True,not_(x[6]),0.20238095238095233,c236778dc5683a72bff278f68dd0aee1,0.20238095238095233,False,0.0
2,15,not_(x[6]),True,not_(x[6]),0.20238095238095233,c236778dc5683a72bff278f68dd0aee1,0.20238095238095233,False,0.0
2,15,not_(x[6]),True,not_(x[6]),0.20238095238095233,c236778dc5683a72bff278f68dd0aee1,0.20238095238095233,False,0.0
2,15,not_(x[6]),True,not_(x[6]),0.20238095238095233,c236778dc5683a72bff278f68dd0aee1,0.20238095238095233,False,0.0
2,15,not_(x[6]),True,not_(x[6]),0.20238095238095233,c236778dc5683a72bff278f68dd0aee1,0.20238095238095233,False,0.0
2,15,not_(x[6]),True,not_(x[6]),0.20238095238095233,c236778dc5683a72bff278f68dd0aee1,0.20238095238095233,False,0.0
2,15,not_(x[6]),True,not_(x[6]),0.20238095238095233,c236778dc5683a72bff278f68dd0aee1,0.20238095238095233,False,0.0
2,15,not_(x[6]),True,not_(x[6]),0.20238095238095233,c236778dc5683a72bff278f68dd0aee1,0.20238095238095233,False,0.0
2,15,"not_(and_(or_(x[4],x[4]),or_(x[4],less_than_or_equal(x[3],add(mul(x[2],x[0]),pdiv(mul(x[5],x[0]),add(x[2],x[3])))))))",True,not_(x[4]),0.20238095238095233,e9bf358728c366c73b72393d204b8cd2,0.20238095238095233,False,0.0
2,15,not_(x[6]),True,not_(x[6]),0.20238095238095233,c236778dc5683a72bff278f68dd0aee1,0.20238095238095233,False,0.0
2,15,"not_(or_(x[4],x[6]))",True,not_(x[6]),0.20238095238095233,c236778dc5683a72bff278f68dd0aee1,0.20238095238095233,False,0.0
2,15,not_(x[6]),True,not_(x[6]),0.20238095238095233,c236778dc5683a72bff278f68dd0aee1,0.20238095238095233,False,0.0
2,15,"less_than_or_equal(sub(add(x[0],x[5]),mul(x[2],x[0])),x[2])",True,"less_than_or_equal(53.67,mul(x[3],x[3]))",0.2142857142857143,2cece411320c1d56790d65c80cc8f440,0.23809523809523814,True,0.023809523809523836
2,15,not_(x[6]),True,not_(x[6]),0.20238095238095233,c236778dc5683a72bff278f68dd0aee1,0.20238095238095233,False,0.0
2,15,not_(x[6]),True,not_(x[6]),0.20238095238095233,c236778dc5683a72bff278f68dd0aee1,0.20238095238095233,False,0.0
2,15,not_(x[4]),True,not_(x[4]),0.20238095238095233,e9bf358728c366c73b72393d204b8cd2,0.20238095238095233,False,0.0
2,15,not_(x[4]),True,not_(x[4]),0.20238095238095233,e9bf358728c366c73b72393d204b8cd2,0.20238095238095233,False,0.0
2,15,not_(x[6]),True,not_(x[6]),0.20238095238095233,c236778dc5683a72bff278f68dd0aee1,0.20238095238095233,False,0.0
2,15,not_(x[4]),True,not_(x[4]),0.20238095238095233,e9bf358728c366c73b72393d204b8cd2,0.20238095238095233,False,0.0
2,15,not_(x[6]),True,not_(x[6]),0.20238095238095233,c236778dc5683a72bff278f68dd0aee1,0.20238095238095233,False,0.0
2,15,not_(x[6]),True,not_(x[6]),0.20238095238095233,c236778dc5683a72bff278f68dd0aee1,0.20238095238095233,False,0.0
2,15,not_(x[4]),True,not_(x[4]),0.20238095238095233,e9bf358728c366c73b72393d204b8cd2,0.20238095238095233,False,0.0
2,15,not_(x[4]),True,not_(x[4]),0.20238095238095233,e9bf358728c366c73b72393d204b8cd2,0.20238095238095233,False,0.0
2,15,not_(x[6]),True,not_(x[6]),0.20238095238095233,c236778dc5683a72bff278f68dd0aee1,0.20238095238095233,False,0.0
2,15,not_(x[6]),True,not_(x[6]),0.20238095238095233,c236778dc5683a72bff278f68dd0aee1,0.20238095238095233,False,0.0
2,15,not_(x[4]),True,not_(x[4]),0.20238095238095233,e9bf358728c366c73b72393d204b8cd2,0.20238095238095233,False,0.0
2,15,"less_than_or_equal(x[3],sub(29.04,sub(mul(sub(x[2],x[0]),mul(x[2],x[2])),x[2])))",True,"less_than_or_equal(x[3],x[3])",0.7857142857142857,3352141c4f785c0403fcb33f533f7848,0.7857142857142857,False,0.0
2,15,not_(x[6]),True,not_(x[6]),0.20238095238095233,c236778dc5683a72bff278f68dd0aee1,0.20238095238095233,False,0.0
2,15,not_(x[6]),True,not_(x[6]),0.20238095238095233,c236778dc5683a72bff278f68dd0aee1,0.20238095238095233,False,0.0
2,15,not_(x[6]),True,not_(x[6]),0.20238095238095233,c236778dc5683a72bff278f68dd0aee1,0.20238095238095233,False,0.0
2,15,not_(x[4]),True,not_(x[4]),0.20238095238095233,e9bf358728c366c73b72393d204b8cd2,0.20238095238095233,False,0.0
2,15,not_(x[6]),True,not_(x[6]),0.20238095238095233,c236778dc5683a72bff278f68dd0aee1,0.20238095238095233,False,0.0
2,15,not_(x[1]),True,"less_than_or_equal(53.67,mul(x[3],x[3]))",0.2142857142857143,2cece411320c1d56790d65c80cc8f440,0.22619047619047616,True,0.011904761904761862
2,15,not_(x[6]),True,not_(x[6]),0.20238095238095233,c236778dc5683a72bff278f68dd0aee1,0.20238095238095233,False,0.0
2,15,"not_(or_(x[4],x[4]))",True,not_(x[4]),0.20238095238095233,e9bf358728c366c73b72393d204b8cd2,0.20238095238095233,False,0.0
2,15,not_(x[6]),True,not_(x[6]),0.20238095238095233,c236778dc5683a72bff278f68dd0aee1,0.20238095238095233,False,0.0
2,15,not_(x[6]),True,not_(x[6]),0.20238095238095233,c236778dc5683a72bff278f68dd0aee1,0.20238095238095233,False,0.0
2,15,not_(x[6]),True,not_(x[6]),0.20238095238095233,c236778dc5683a72bff278f68dd0aee1,0.20238095238095233,False,0.0
2,15,not_(x[4]),True,not_(x[4]),0.20238095238095233,e9bf358728c366c73b72393d204b8cd2,0.20238095238095233,False,0.0
2,15,not_(x[6]),True,not_(x[6]),0.20238095238095233,c236778dc5683a72bff278f68dd0aee1,0.20238095238095233,False,0.0
2,15,not_(x[6]),True,not_(x[6]),0.20238095238095233,c236778dc5683a72bff278f68dd0aee1,0.20238095238095233,False,0.0
2,15,not_(x[6]),True,not_(x[6]),0.20238095238095233,c236778dc5683a72bff278f68dd0aee1,0.20238095238095233,False,0.0
2,15,not_(x[4]),True,not_(x[4]),0.20238095238095233,e9bf358728c366c73b72393d204b8cd2,0.20238095238095233,False,0.0
2,15,not_(x[4]),True,not_(x[4]),0.20238095238095233,e9bf358728c366c73b72393d204b8cd2,0.20238095238095233,False,0.0
2,15,not_(x[4]),True,not_(x[4]),0.20238095238095233,e9bf358728c366c73b72393d204b8cd2,0.20238095238095233,False,0.0
2,15,not_(x[6]),True,not_(x[6]),0.20238095238095233,c236778dc5683a72bff278f68dd0aee1,0.20238095238095233,False,0.0
2,15,"and_(x[4],x[6])",True,"not_(greater_than_or_equal(sub(x[0],x[3]), x[0]))",0.7976190476190477,95cffd09c37f5560118f86148db41cd5,0.7976190476190477,False,0.0
2,15,not_(x[6]),True,not_(x[6]),0.20238095238095233,c236778dc5683a72bff278f68dd0aee1,0.20238095238095233,False,0.0
2,15,not_(x[6]),True,not_(x[6]),0.20238095238095233,c236778dc5683a72bff278f68dd0aee1,0.20238095238095233,False,0.0
2,15,not_(x[6]),True,not_(x[6]),0.20238095238095233,c236778dc5683a72bff278f68dd0aee1,0.20238095238095233,False,0.0
2,15,not_(x[6]),True,not_(x[6]),0.20238095238095233,c236778dc5683a72bff278f68dd0aee1,0.20238095238095233,False,0.0
2,15,not_(x[4]),True,not_(x[4]),0.20238095238095233,e9bf358728c366c73b72393d204b8cd2,0.20238095238095233,False,0.0
2,15,not_(x[6]),True,not_(x[6]),0.20238095238095233,c236778dc5683a72bff278f68dd0aee1,0.20238095238095233,False,0.0
2,15,not_(x[6]),True,not_(x[6]),0.20238095238095233,c236778dc5683a72bff278f68dd0aee1,0.20238095238095233,False,0.0
2,15,not_(x[6]),True,not_(x[6]),0.20238095238095233,c236778dc5683a72bff278f68dd0aee1,0.20238095238095233,False,0.0
2,15,not_(x[6]),True,not_(x[6]),0.20238095238095233,c236778dc5683a72bff278f68dd0aee1,0.20238095238095233,False,0.0
2,15,not_(x[6]),True,not_(x[6]),0.20238095238095233,c236778dc5683a72bff278f68dd0aee1,0.20238095238095233,False,0.0
2,15,not_(x[4]),True,not_(x[4]),0.20238095238095233,e9bf358728c366c73b72393d204b8cd2,0.20238095238095233,False,0.0
2,15,not_(x[6]),True,not_(x[6]),0.20238095238095233,c236778dc5683a72bff278f68dd0aee1,0.20238095238095233,False,0.0
2,15,not_(x[6]),True,not_(x[6]),0.20238095238095233,c236778dc5683a72bff278f68dd0aee1,0.20238095238095233,False,0.0
2,15,not_(x[6]),True,not_(x[6]),0.20238095238095233,c236778dc5683a72bff278f68dd0aee1,0.20238095238095233,False,0.0
2,15,"and_(x[4],x[6])",True,"not_(greater_than_or_equal(sub(x[0],x[3]), x[0]))",0.7976190476190477,95cffd09c37f5560118f86148db41cd5,0.7976190476190477,False,0.0
2,15,"not_(less_than_or_equal(x[3],add(mul(x[2],x[0]),pdiv(mul(x[5],x[0]),add(x[2],x[0])))))",True,"not_(greater_than_or_equal(pdiv(x[5],x[5]), pdiv(x[3],x[5])))",0.26190476190476186,aeceba6c233a8a73212b782b274d9205,0.29761904761904767,True,0.03571428571428581
2,15,not_(x[6]),True,not_(x[6]),0.20238095238095233,c236778dc5683a72bff278f68dd0aee1,0.20238095238095233,False,0.0
2,15,not_(x[6]),True,not_(x[6]),0.20238095238095233,c236778dc5683a72bff278f68dd0aee1,0.20238095238095233,False,0.0
2,15,not_(x[6]),True,not_(x[6]),0.20238095238095233,c236778dc5683a72bff278f68dd0aee1,0.20238095238095233,False,0.0
2,15,not_(x[6]),True,not_(x[6]),0.20238095238095233,c236778dc5683a72bff278f68dd0aee1,0.20238095238095233,False,0.0
2,15,"less_than_or_equal(sub(mul(x[0],x[5]),mul(x[0],x[5])),add(x[3],mul(sub(x[2],x[0]),mul(x[2],x[2]))))",False,,,2c80f340efaaeb11199e12e0d218671a,0.8095238095238095,False,0.0
2,15,not_(x[6]),True,not_(x[6]),0.20238095238095233,c236778dc5683a72bff278f68dd0aee1,0.20238095238095233,False,0.0
2,15,not_(x[6]),True,not_(x[6]),0.20238095238095233,c236778dc5683a72bff278f68dd0aee1,0.20238095238095233,False,0.0
2,15,not_(x[6]),True,not_(x[6]),0.20238095238095233,c236778dc5683a72bff278f68dd0aee1,0.20238095238095233,False,0.0
2,15,not_(x[6]),True,not_(x[6]),0.20238095238095233,c236778dc5683a72bff278f68dd0aee1,0.20238095238095233,False,0.0
2,15,"not_(or_(x[4],x[6]))",True,not_(x[6]),0.20238095238095233,c236778dc5683a72bff278f68dd0aee1,0.20238095238095233,False,0.0
2,15,not_(x[6]),True,not_(x[6]),0.20238095238095233,c236778dc5683a72bff278f68dd0aee1,0.20238095238095233,False,0.0
2,15,not_(x[4]),True,not_(x[4]),0.20238095238095233,e9bf358728c366c73b72393d204b8cd2,0.20238095238095233,False,0.0
2,15,not_(x[4]),True,not_(x[4]),0.20238095238095233,e9bf358728c366c73b72393d204b8cd2,0.20238095238095233,False,0.0
2,15,not_(x[6]),True,not_(x[6]),0.20238095238095233,c236778dc5683a72bff278f68dd0aee1,0.20238095238095233,False,0.0
2,15,not_(x[6]),True,not_(x[6]),0.20238095238095233,c236778dc5683a72bff278f68dd0aee1,0.20238095238095233,False,0.0
2,15,not_(x[6]),True,not_(x[6]),0.20238095238095233,c236778dc5683a72bff278f68dd0aee1,0.20238095238095233,False,0.0
2,15,not_(x[6]),True,not_(x[6]),0.20238095238095233,c236778dc5683a72bff278f68dd0aee1,0.20238095238095233,False,0.0
2,15,not_(x[4]),True,not_(x[4]),0.20238095238095233,e9bf358728c366c73b72393d204b8cd2,0.20238095238095233,False,0.0
2,15,not_(x[1]),True,"less_than_or_equal(53.67,mul(x[3],x[3]))",0.2142857142857143,2cece411320c1d56790d65c80cc8f440,0.22619047619047616,True,0.011904761904761862
2,15,not_(x[6]),True,not_(x[6]),0.20238095238095233,c236778dc5683a72bff278f68dd0aee1,0.20238095238095233,False,0.0
2,15,not_(x[4]),True,not_(x[4]),0.20238095238095233,e9bf358728c366c73b72393d204b8cd2,0.20238095238095233,False,0.0
2,15,"not_(and_(x[4],x[4]))",True,not_(x[4]),0.20238095238095233,e9bf358728c366c73b72393d204b8cd2,0.20238095238095233,False,0.0
2,15,not_(x[4]),True,not_(x[4]),0.20238095238095233,e9bf358728c366c73b72393d204b8cd2,0.20238095238095233,False,0.0
2,15,not_(x[6]),True,not_(x[6]),0.20238095238095233,c236778dc5683a72bff278f68dd0aee1,0.20238095238095233,False,0.0
2,15,not_(x[6]),True,not_(x[6]),0.20238095238095233,c236778dc5683a72bff278f68dd0aee1,0.20238095238095233,False,0.0
2,15,not_(x[6]),True,not_(x[6]),0.20238095238095233,c236778dc5683a72bff278f68dd0aee1,0.20238095238095233,False,0.0
2,15,not_(x[4]),True,not_(x[4]),0.20238095238095233,e9bf358728c366c73b72393d204b8cd2,0.20238095238095233,False,0.0
2,15,not_(x[6]),True,not_(x[6]),0.20238095238095233,c236778dc5683a72bff278f68dd0aee1,0.20238095238095233,False,0.0
2,15,not_(x[6]),True,not_(x[6]),0.20238095238095233,c236778dc5683a72bff278f68dd0aee1,0.20238095238095233,False,0.0
2,15,not_(x[6]),True,not_(x[6]),0.20238095238095233,c236778dc5683a72bff278f68dd0aee1,0.20238095238095233,False,0.0
2,15,not_(x[6]),True,not_(x[6]),0.20238095238095233,c236778dc5683a72bff278f68dd0aee1,0.20238095238095233,False,0.0
2,15,not_(x[6]),True,not_(x[6]),0.20238095238095233,c236778dc5683a72bff278f68dd0aee1,0.20238095238095233,False,0.0
2,15,"not_(or_(x[6],x[6]))",True,not_(x[6]),0.20238095238095233,c236778dc5683a72bff278f68dd0aee1,0.20238095238095233,False,0.0
2,15,not_(x[4]),True,not_(x[4]),0.20238095238095233,e9bf358728c366c73b72393d204b8cd2,0.20238095238095233,False,0.0
2,15,not_(x[6]),True,not_(x[6]),0.20238095238095233,c236778dc5683a72bff278f68dd0aee1,0.20238095238095233,False,0.0
2,15,"not_(less_than_or_equal(x[2],x[2]))",True,"less_than_or_equal(53.67,mul(x[3],x[3]))",0.2142857142857143,2cece411320c1d56790d65c80cc8f440,0.2142857142857143,False,0.0
2,15,not_(x[6]),True,not_(x[6]),0.20238095238095233,c236778dc5683a72bff278f68dd0aee1,0.20238095238095233,False,0.0
2,15,not_(x[6]),True,not_(x[6]),0.20238095238095233,c236778dc5683a72bff278f68dd0aee1,0.20238095238095233,False,0.0
2,15,not_(x[6]),True,not_(x[6]),0.20238095238095233,c236778dc5683a72bff278f68dd0aee1,0.20238095238095233,False,0.0
2,15,not_(x[6]),True,not_(x[6]),0.20238095238095233,c236778dc5683a72bff278f68dd0aee1,0.20238095238095233,False,0.0
2,15,not_(x[6]),True,not_(x[6]),0.20238095238095233,c236778dc5683a72bff278f68dd0aee1,0.20238095238095233,False,0.0
2,15,not_(x[4]),True,not_(x[4]),0.20238095238095233,e9bf358728c366c73b72393d204b8cd2,0.20238095238095233,False,0.0
2,15,not_(x[6]),True,not_(x[6]),0.20238095238095233,c236778dc5683a72bff278f68dd0aee1,0.20238095238095233,False,0.0
2,15,not_(x[4]),True,not_(x[4]),0.20238095238095233,e9bf358728c366c73b72393d204b8cd2,0.20238095238095233,False,0.0
2,15,not_(x[4]),True,not_(x[4]),0.20238095238095233,e9bf358728c366c73b72393d204b8cd2,0.20238095238095233,False,0.0
2,15,"not_(and_(x[6],x[6]))",True,not_(x[6]),0.20238095238095233,c236778dc5683a72bff278f68dd0aee1,0.20238095238095233,False,0.0
2,15,not_(x[6]),True,not_(x[6]),0.20238095238095233,c236778dc5683a72bff278f68dd0aee1,0.20238095238095233,False,0.0
2,15,"not_(or_(x[4],x[4]))",True,not_(x[4]),0.20238095238095233,e9bf358728c366c73b72393d204b8cd2,0.20238095238095233,False,0.0
2,15,not_(x[6]),True,not_(x[6]),0.20238095238095233,c236778dc5683a72bff278f68dd0aee1,0.20238095238095233,False,0.0
2,15,not_(x[4]),True,not_(x[4]),0.20238095238095233,e9bf358728c366c73b72393d204b8cd2,0.20238095238095233,False,0.0
2,15,not_(x[4]),True,not_(x[4]),0.20238095238095233,e9bf358728c366c73b72393d204b8cd2,0.20238095238095233,False,0.0
2,15,not_(x[6]),True,not_(x[6]),0.20238095238095233,c236778dc5683a72bff278f68dd0aee1,0.20238095238095233,False,0.0
2,15,not_(x[6]),True,not_(x[6]),0.20238095238095233,c236778dc5683a72bff278f68dd0aee1,0.20238095238095233,False,0.0
2,15,not_(x[4]),True,not_(x[4]),0.20238095238095233,e9bf358728c366c73b72393d204b8cd2,0.20238095238095233,False,0.0
2,15,not_(x[6]),True,not_(x[6]),0.20238095238095233,c236778dc5683a72bff278f68dd0aee1,0.20238095238095233,False,0.0
2,15,not_(x[4]),True,not_(x[4]),0.20238095238095233,e9bf358728c366c73b72393d204b8cd2,0.20238095238095233,False,0.0
2,15,not_(x[6]),True,not_(x[6]),0.20238095238095233,c236778dc5683a72bff278f68dd0aee1,0.20238095238095233,False,0.0
2,15,not_(x[4]),True,not_(x[4]),0.20238095238095233,e9bf358728c366c73b72393d204b8cd2,0.20238095238095233,False,0.0
2,15,"less_than_or_equal(sub(add(x[0],x[5]),mul(x[2],x[0])),pdiv(mul(x[5],x[0]),add(x[2],x[3])))",True,"less_than_or_equal(sub(add(x[0],x[5]),mul(x[2],x[0])),pdiv(mul(x[5],x[0]),add(x[2],x[3])))",0.19047619047619047,58cc4f21233e882751aa955999da1daf,0.13636363636363635,True,-0.05411255411255411
2,16,not_(x[6]),True,not_(x[6]),0.20238095238095233,c236778dc5683a72bff278f68dd0aee1,0.20238095238095233,False,0.0
2,16,not_(x[6]),True,not_(x[6]),0.20238095238095233,c236778dc5683a72bff278f68dd0aee1,0.20238095238095233,False,0.0
2,16,not_(x[6]),True,not_(x[6]),0.20238095238095233,c236778dc5683a72bff278f68dd0aee1,0.20238095238095233,False,0.0
2,16,not_(x[6]),True,not_(x[6]),0.20238095238095233,c236778dc5683a72bff278f68dd0aee1,0.20238095238095233,False,0.0
2,16,not_(x[6]),True,not_(x[6]),0.20238095238095233,c236778dc5683a72bff278f68dd0aee1,0.20238095238095233,False,0.0
2,16,"not_(and_(x[6],x[6]))",True,not_(x[6]),0.20238095238095233,c236778dc5683a72bff278f68dd0aee1,0.20238095238095233,False,0.0
2,16,not_(x[6]),True,not_(x[6]),0.20238095238095233,c236778dc5683a72bff278f68dd0aee1,0.20238095238095233,False,0.0
2,16,"or_(x[6],x[6])",True,"or_(not_(greater_than_or_equal(x[3], x[3])),x[6])",0.7976190476190477,dabf352ca9fc16fe7897b3fa7e73f5cb,0.7976190476190477,False,0.0
2,16,not_(x[6]),True,not_(x[6]),0.20238095238095233,c236778dc5683a72bff278f68dd0aee1,0.20238095238095233,False,0.0
2,16,not_(x[6]),True,not_(x[6]),0.20238095238095233,c236778dc5683a72bff278f68dd0aee1,0.20238095238095233,False,0.0
2,16,not_(x[6]),True,not_(x[6]),0.20238095238095233,c236778dc5683a72bff278f68dd0aee1,0.20238095238095233,False,0.0
2,16,not_(x[6]),True,not_(x[6]),0.20238095238095233,c236778dc5683a72bff278f68dd0aee1,0.20238095238095233,False,0.0
2,16,not_(x[4]),True,not_(x[4]),0.20238095238095233,e9bf358728c366c73b72393d204b8cd2,0.20238095238095233,False,0.0
2,16,not_(x[6]),True,not_(x[6]),0.20238095238095233,c236778dc5683a72bff278f68dd0aee1,0.20238095238095233,False,0.0
2,16,not_(x[4]),True,not_(x[4]),0.20238095238095233,e9bf358728c366c73b72393d204b8cd2,0.20238095238095233,False,0.0
2,16,not_(x[4]),True,not_(x[4]),0.20238095238095233,e9bf358728c366c73b72393d204b8cd2,0.20238095238095233,False,0.0
2,16,"not_(and_(x[6],x[6]))",True,not_(x[6]),0.20238095238095233,c236778dc5683a72bff278f68dd0aee1,0.20238095238095233,False,0.0
2,16,not_(x[4]),True,not_(x[4]),0.20238095238095233,e9bf358728c366c73b72393d204b8cd2,0.20238095238095233,False,0.0
2,16,not_(x[6]),True,not_(x[6]),0.20238095238095233,c236778dc5683a72bff278f68dd0aee1,0.20238095238095233,False,0.0
2,16,not_(x[6]),True,not_(x[6]),0.20238095238095233,c236778dc5683a72bff278f68dd0aee1,0.20238095238095233,False,0.0
2,16,not_(x[6]),True,not_(x[6]),0.20238095238095233,c236778dc5683a72bff278f68dd0aee1,0.20238095238095233,False,0.0
2,16,not_(x[6]),True,not_(x[6]),0.20238095238095233,c236778dc5683a72bff278f68dd0aee1,0.20238095238095233,False,0.0
2,16,not_(x[6]),True,not_(x[6]),0.20238095238095233,c236778dc5683a72bff278f68dd0aee1,0.20238095238095233,False,0.0
2,16,not_(x[1]),True,"less_than_or_equal(53.67,mul(x[3],x[3]))",0.2142857142857143,2cece411320c1d56790d65c80cc8f440,0.22619047619047616,True,0.011904761904761862
2,16,not_(x[4]),True,not_(x[4]),0.20238095238095233,e9bf358728c366c73b72393d204b8cd2,0.20238095238095233,False,0.0
2,16,not_(x[6]),True,not_(x[6]),0.20238095238095233,c236778dc5683a72bff278f68dd0aee1,0.20238095238095233,False,0.0
2,16,not_(x[6]),True,not_(x[6]),0.20238095238095233,c236778dc5683a72bff278f68dd0aee1,0.20238095238095233,False,0.0
2,16,not_(x[6]),True,not_(x[6]),0.20238095238095233,c236778dc5683a72bff278f68dd0aee1,0.20238095238095233,False,0.0
2,16,"less_than_or_equal(mul(x[0],x[3]),mul(sub(x[2],x[0]),mul(x[2],x[3])))",True,not_(x[4]),0.20238095238095233,e9bf358728c366c73b72393d204b8cd2,0.20238095238095233,False,0.0
2,16,not_(x[6]),True,not_(x[6]),0.20238095238095233,c236778dc5683a72bff278f68dd0aee1,0.20238095238095233,False,0.0
2,16,"and_(x[4],x[6])",True,"not_(greater_than_or_equal(sub(x[0],x[3]), x[0]))",0.7976190476190477,95cffd09c37f5560118f86148db41cd5,0.7976190476190477,False,0.0
2,16,not_(x[6]),True,not_(x[6]),0.20238095238095233,c236778dc5683a72bff278f68dd0aee1,0.20238095238095233,False,0.0
2,16,not_(x[4]),True,not_(x[4]),0.20238095238095233,e9bf358728c366c73b72393d204b8cd2,0.20238095238095233,False,0.0
2,16,not_(x[6]),True,not_(x[6]),0.20238095238095233,c236778dc5683a72bff278f68dd0aee1,0.20238095238095233,False,0.0
2,16,not_(x[4]),True,not_(x[4]),0.20238095238095233,e9bf358728c366c73b72393d204b8cd2,0.20238095238095233,False,0.0
2,16,not_(x[4]),True,not_(x[4]),0.20238095238095233,e9bf358728c366c73b72393d204b8cd2,0.20238095238095233,False,0.0
2,16,not_(x[6]),True,not_(x[6]),0.20238095238095233,c236778dc5683a72bff278f68dd0aee1,0.20238095238095233,False,0.0
2,16,not_(x[4]),True,not_(x[4]),0.20238095238095233,e9bf358728c366c73b72393d204b8cd2,0.20238095238095233,False,0.0
2,16,not_(x[4]),True,not_(x[4]),0.20238095238095233,e9bf358728c366c73b72393d204b8cd2,0.20238095238095233,False,0.0
2,16,not_(x[6]),True,not_(x[6]),0.20238095238095233,c236778dc5683a72bff278f68dd0aee1,0.20238095238095233,False,0.0
2,16,not_(x[6]),True,not_(x[6]),0.20238095238095233,c236778dc5683a72bff278f68dd0aee1,0.20238095238095233,False,0.0
2,16,"not_(or_(x[6],x[6]))",True,not_(x[6]),0.20238095238095233,c236778dc5683a72bff278f68dd0aee1,0.20238095238095233,False,0.0
2,16,not_(x[4]),True,not_(x[4]),0.20238095238095233,e9bf358728c366c73b72393d204b8cd2,0.20238095238095233,False,0.0
2,16,not_(x[4]),True,not_(x[4]),0.20238095238095233,e9bf358728c366c73b72393d204b8cd2,0.20238095238095233,False,0.0
2,16,not_(x[6]),True,not_(x[6]),0.20238095238095233,c236778dc5683a72bff278f68dd0aee1,0.20238095238095233,False,0.0
2,16,"less_than_or_equal(sub(add(x[0],x[0]),sub(add(x[0],x[5]),mul(x[2],x[0]))),pdiv(mul(x[5],x[0]),add(x[2],x[3])))",True,"less_than_or_equal(sub(add(x[0],x[5]),mul(x[2],x[0])),pdiv(pdiv(x[5],x[0]),add(x[2],x[3])))",0.75,278c96366a851b6f2d6ddc0fdd74b255,0.7142857142857143,True,-0.0357142857142857
2,16,not_(x[6]),True,not_(x[6]),0.20238095238095233,c236778dc5683a72bff278f68dd0aee1,0.20238095238095233,False,0.0
2,16,not_(x[6]),True,not_(x[6]),0.20238095238095233,c236778dc5683a72bff278f68dd0aee1,0.20238095238095233,False,0.0
2,16,not_(x[6]),True,not_(x[6]),0.20238095238095233,c236778dc5683a72bff278f68dd0aee1,0.20238095238095233,False,0.0
2,16,not_(x[6]),True,not_(x[6]),0.20238095238095233,c236778dc5683a72bff278f68dd0aee1,0.20238095238095233,False,0.0
2,16,not_(x[6]),True,not_(x[6]),0.20238095238095233,c236778dc5683a72bff278f68dd0aee1,0.20238095238095233,False,0.0
2,16,not_(x[6]),True,not_(x[6]),0.20238095238095233,c236778dc5683a72bff278f68dd0aee1,0.20238095238095233,False,0.0
2,16,not_(x[4]),True,not_(x[4]),0.20238095238095233,e9bf358728c366c73b72393d204b8cd2,0.20238095238095233,False,0.0
2,16,not_(x[4]),True,not_(x[4]),0.20238095238095233,e9bf358728c366c73b72393d204b8cd2,0.20238095238095233,False,0.0
2,16,not_(x[6]),True,not_(x[6]),0.20238095238095233,c236778dc5683a72bff278f68dd0aee1,0.20238095238095233,False,0.0
2,16,not_(x[6]),True,not_(x[6]),0.20238095238095233,c236778dc5683a72bff278f68dd0aee1,0.20238095238095233,False,0.0
2,16,not_(x[6]),True,not_(x[6]),0.20238095238095233,c236778dc5683a72bff278f68dd0aee1,0.20238095238095233,False,0.0
2,16,not_(x[6]),True,not_(x[6]),0.20238095238095233,c236778dc5683a72bff278f68dd0aee1,0.20238095238095233,False,0.0
2,16,not_(x[6]),True,not_(x[6]),0.20238095238095233,c236778dc5683a72bff278f68dd0aee1,0.20238095238095233,False,0.0
2,16,not_(x[6]),True,not_(x[6]),0.20238095238095233,c236778dc5683a72bff278f68dd0aee1,0.20238095238095233,False,0.0
2,16,"not_(or_(x[6],x[6]))",True,not_(x[6]),0.20238095238095233,c236778dc5683a72bff278f68dd0aee1,0.20238095238095233,False,0.0
2,16,not_(x[4]),True,not_(x[4]),0.20238095238095233,e9bf358728c366c73b72393d204b8cd2,0.20238095238095233,False,0.0
2,16,not_(x[6]),True,not_(x[6]),0.20238095238095233,c236778dc5683a72bff278f68dd0aee1,0.20238095238095233,False,0.0
2,16,"not_(and_(x[6],less_than_or_equal(x[3],x[3])))",True,not_(x[6]),0.20238095238095233,c236778dc5683a72bff278f68dd0aee1,0.20238095238095233,False,0.0
2,16,"not_(and_(or_(x[6],x[6]),x[6]))",True,not_(x[6]),0.20238095238095233,c236778dc5683a72bff278f68dd0aee1,0.20238095238095233,False,0.0
2,16,not_(x[6]),True,not_(x[6]),0.20238095238095233,c236778dc5683a72bff278f68dd0aee1,0.20238095238095233,False,0.0
2,16,not_(x[4]),True,not_(x[4]),0.20238095238095233,e9bf358728c366c73b72393d204b8cd2,0.20238095238095233,False,0.0
2,16,not_(x[6]),True,not_(x[6]),0.20238095238095233,c236778dc5683a72bff278f68dd0aee1,0.20238095238095233,False,0.0
2,16,not_(x[6]),True,not_(x[6]),0.20238095238095233,c236778dc5683a72bff278f68dd0aee1,0.20238095238095233,False,0.0
2,16,not_(x[6]),True,not_(x[6]),0.20238095238095233,c236778dc5683a72bff278f68dd0aee1,0.20238095238095233,False,0.0
2,16,"not_(and_(or_(x[6],x[6]),x[6]))",True,not_(x[6]),0.20238095238095233,c236778dc5683a72bff278f68dd0aee1,0.20238095238095233,False,0.0
2,16,not_(x[6]),True,not_(x[6]),0.20238095238095233,c236778dc5683a72bff278f68dd0aee1,0.20238095238095233,False,0.0
2,16,not_(x[6]),True,not_(x[6]),0.20238095238095233,c236778dc5683a72bff278f68dd0aee1,0.20238095238095233,False,0.0
2,16,not_(x[6]),True,not_(x[6]),0.20238095238095233,c236778dc5683a72bff278f68dd0aee1,0.20238095238095233,False,0.0
2,16,"greater_than_or_equal(sub(add(x[0],x[5]),x[2]), sub(mul(x[0],x[3]),mul(sub(x[2],x[0]),mul(x[2],x[2]))))",True,"less_than_or_equal(x[3],x[3])",0.7857142857142857,3352141c4f785c0403fcb33f533f7848,0.7738095238095238,True,-0.011904761904761862
2,16,"not_(or_(or_(x[6],x[6]),x[6]))",True,not_(x[6]),0.20238095238095233,c236778dc5683a72bff278f68dd0aee1,0.20238095238095233,False,0.0
2,16,not_(x[6]),True,not_(x[6]),0.20238095238095233,c236778dc5683a72bff278f68dd0aee1,0.20238095238095233,False,0.0
2,16,not_(x[6]),True,not_(x[6]),0.20238095238095233,c236778dc5683a72bff278f68dd0aee1,0.20238095238095233,False,0.0
2,16,not_(x[6]),True,not_(x[6]),0.20238095238095233,c236778dc5683a72bff278f68dd0aee1,0.20238095238095233,False,0.0
2,16,not_(x[6]),True,not_(x[6]),0.20238095238095233,c236778dc5683a72bff278f68dd0aee1,0.20238095238095233,False,0.0
2,16,not_(x[6]),True,not_(x[6]),0.20238095238095233,c236778dc5683a72bff278f68dd0aee1,0.20238095238095233,False,0.0
2,16,not_(x[6]),True,not_(x[6]),0.20238095238095233,c236778dc5683a72bff278f68dd0aee1,0.20238095238095233,False,0.0
2,16,"not_(less_than_or_equal(mul(x[3],sub(x[5],mul(x[5],x[2]))),x[2]))",False,,,421940b2bee32cea4cb6474501476e07,0.25,False,0.0
2,16,not_(x[6]),True,not_(x[6]),0.20238095238095233,c236778dc5683a72bff278f68dd0aee1,0.20238095238095233,False,0.0
2,16,not_(x[6]),True,not_(x[6]),0.20238095238095233,c236778dc5683a72bff278f68dd0aee1,0.20238095238095233,False,0.0
2,16,"less_than_or_equal(mul(x[5],x[3]),x[0])",True,"less_than_or_equal(mul(x[3],sub(x[5],mul(x[5],x[2]))),x[2])",0.75,b355dd050eae69d33404118b1ac11b3a,0.7380952380952381,True,-0.011904761904761862
2,16,"or_(x[6],x[6])",True,"or_(not_(greater_than_or_equal(x[3], x[3])),x[6])",0.7976190476190477,dabf352ca9fc16fe7897b3fa7e73f5cb,0.7976190476190477,False,0.0
2,16,not_(x[4]),True,not_(x[4]),0.20238095238095233,e9bf358728c366c73b72393d204b8cd2,0.20238095238095233,False,0.0
2,16,not_(x[6]),True,not_(x[6]),0.20238095238095233,c236778dc5683a72bff278f68dd0aee1,0.20238095238095233,False,0.0
2,16,not_(x[6]),True,not_(x[6]),0.20238095238095233,c236778dc5683a72bff278f68dd0aee1,0.20238095238095233,False,0.0
2,16,not_(x[6]),True,not_(x[6]),0.20238095238095233,c236778dc5683a72bff278f68dd0aee1,0.20238095238095233,False,0.0
2,16,not_(x[6]),True,not_(x[6]),0.20238095238095233,c236778dc5683a72bff278f68dd0aee1,0.20238095238095233,False,0.0
2,16,not_(x[4]),True,not_(x[4]),0.20238095238095233,e9bf358728c366c73b72393d204b8cd2,0.20238095238095233,False,0.0
2,16,not_(x[4]),True,not_(x[4]),0.20238095238095233,e9bf358728c366c73b72393d204b8cd2,0.20238095238095233,False,0.0
2,16,not_(x[4]),True,not_(x[4]),0.20238095238095233,e9bf358728c366c73b72393d204b8cd2,0.20238095238095233,False,0.0
2,16,not_(x[6]),True,not_(x[6]),0.20238095238095233,c236778dc5683a72bff278f68dd0aee1,0.20238095238095233,False,0.0
2,16,not_(x[4]),True,not_(x[4]),0.20238095238095233,e9bf358728c366c73b72393d204b8cd2,0.20238095238095233,False,0.0
2,16,not_(x[6]),True,not_(x[6]),0.20238095238095233,c236778dc5683a72bff278f68dd0aee1,0.20238095238095233,False,0.0
2,16,not_(x[6]),True,not_(x[6]),0.20238095238095233,c236778dc5683a72bff278f68dd0aee1,0.20238095238095233,False,0.0
2,16,not_(x[6]),True,not_(x[6]),0.20238095238095233,c236778dc5683a72bff278f68dd0aee1,0.20238095238095233,False,0.0
2,16,not_(x[6]),True,not_(x[6]),0.20238095238095233,c236778dc5683a72bff278f68dd0aee1,0.20238095238095233,False,0.0
2,16,not_(x[6]),True,not_(x[6]),0.20238095238095233,c236778dc5683a72bff278f68dd0aee1,0.20238095238095233,False,0.0
2,16,not_(x[4]),True,not_(x[4]),0.20238095238095233,e9bf358728c366c73b72393d204b8cd2,0.20238095238095233,False,0.0
2,16,"not_(or_(x[6],x[6]))",True,not_(x[6]),0.20238095238095233,c236778dc5683a72bff278f68dd0aee1,0.20238095238095233,False,0.0
2,16,not_(x[6]),True,not_(x[6]),0.20238095238095233,c236778dc5683a72bff278f68dd0aee1,0.20238095238095233,False,0.0
2,16,not_(x[6]),True,not_(x[6]),0.20238095238095233,c236778dc5683a72bff278f68dd0aee1,0.20238095238095233,False,0.0
2,16,"not_(or_(x[6],x[6]))",True,not_(x[6]),0.20238095238095233,c236778dc5683a72bff278f68dd0aee1,0.20238095238095233,False,0.0
2,16,not_(x[4]),True,not_(x[4]),0.20238095238095233,e9bf358728c366c73b72393d204b8cd2,0.20238095238095233,False,0.0
2,16,not_(x[6]),True,not_(x[6]),0.20238095238095233,c236778dc5683a72bff278f68dd0aee1,0.20238095238095233,False,0.0
2,16,not_(x[6]),True,not_(x[6]),0.20238095238095233,c236778dc5683a72bff278f68dd0aee1,0.20238095238095233,False,0.0
2,16,not_(x[4]),True,not_(x[4]),0.20238095238095233,e9bf358728c366c73b72393d204b8cd2,0.20238095238095233,False,0.0
2,16,not_(x[4]),True,not_(x[4]),0.20238095238095233,e9bf358728c366c73b72393d204b8cd2,0.20238095238095233,False,0.0
2,16,not_(x[4]),True,not_(x[4]),0.20238095238095233,e9bf358728c366c73b72393d204b8cd2,0.20238095238095233,False,0.0
2,16,not_(x[6]),True,not_(x[6]),0.20238095238095233,c236778dc5683a72bff278f68dd0aee1,0.20238095238095233,False,0.0
2,16,not_(x[1]),True,"less_than_or_equal(53.67,mul(x[3],x[3]))",0.2142857142857143,2cece411320c1d56790d65c80cc8f440,0.22619047619047616,True,0.011904761904761862
2,16,not_(x[6]),True,not_(x[6]),0.20238095238095233,c236778dc5683a72bff278f68dd0aee1,0.20238095238095233,False,0.0
2,16,not_(x[6]),True,not_(x[6]),0.20238095238095233,c236778dc5683a72bff278f68dd0aee1,0.20238095238095233,False,0.0
2,16,x[6],True,x[6],0.7976190476190477,5dd9d7c24dce7ece1d734bf6c32f4813,0.7976190476190477,False,0.0
2,16,"greater_than_or_equal(x[0], 24.23)",True,"less_than_or_equal(53.67,mul(x[3],x[3]))",0.2142857142857143,2cece411320c1d56790d65c80cc8f440,0.2142857142857143,False,0.0
2,16,not_(x[6]),True,not_(x[6]),0.20238095238095233,c236778dc5683a72bff278f68dd0aee1,0.20238095238095233,False,0.0
2,16,not_(x[6]),True,not_(x[6]),0.20238095238095233,c236778dc5683a72bff278f68dd0aee1,0.20238095238095233,False,0.0
2,16,not_(x[4]),True,not_(x[4]),0.20238095238095233,e9bf358728c366c73b72393d204b8cd2,0.20238095238095233,False,0.0
2,16,"not_(and_(x[6],x[6]))",True,not_(x[6]),0.20238095238095233,c236778dc5683a72bff278f68dd0aee1,0.20238095238095233,False,0.0
2,16,not_(x[6]),True,not_(x[6]),0.20238095238095233,c236778dc5683a72bff278f68dd0aee1,0.20238095238095233,False,0.0
2,16,not_(x[6]),True,not_(x[6]),0.20238095238095233,c236778dc5683a72bff278f68dd0aee1,0.20238095238095233,False,0.0
2,16,not_(x[6]),True,not_(x[6]),0.20238095238095233,c236778dc5683a72bff278f68dd0aee1,0.20238095238095233,False,0.0
2,16,not_(x[6]),True,not_(x[6]),0.20238095238095233,c236778dc5683a72bff278f68dd0aee1,0.20238095238095233,False,0.0
2,16,not_(x[6]),True,not_(x[6]),0.20238095238095233,c236778dc5683a72bff278f68dd0aee1,0.20238095238095233,False,0.0
2,16,not_(x[6]),True,not_(x[6]),0.20238095238095233,c236778dc5683a72bff278f68dd0aee1,0.20238095238095233,False,0.0
2,16,not_(x[4]),True,not_(x[4]),0.20238095238095233,e9bf358728c366c73b72393d204b8cd2,0.20238095238095233,False,0.0
2,16,not_(x[6]),True,not_(x[6]),0.20238095238095233,c236778dc5683a72bff278f68dd0aee1,0.20238095238095233,False,0.0
2,16,not_(x[6]),True,not_(x[6]),0.20238095238095233,c236778dc5683a72bff278f68dd0aee1,0.20238095238095233,False,0.0
2,16,not_(x[6]),True,not_(x[6]),0.20238095238095233,c236778dc5683a72bff278f68dd0aee1,0.20238095238095233,False,0.0
2,16,not_(x[6]),True,not_(x[6]),0.20238095238095233,c236778dc5683a72bff278f68dd0aee1,0.20238095238095233,False,0.0
2,16,not_(x[6]),True,not_(x[6]),0.20238095238095233,c236778dc5683a72bff278f68dd0aee1,0.20238095238095233,False,0.0
2,16,not_(x[6]),True,not_(x[6]),0.20238095238095233,c236778dc5683a72bff278f68dd0aee1,0.20238095238095233,False,0.0
2,16,not_(x[4]),True,not_(x[4]),0.20238095238095233,e9bf358728c366c73b72393d204b8cd2,0.20238095238095233,False,0.0
2,16,not_(x[4]),True,not_(x[4]),0.20238095238095233,e9bf358728c366c73b72393d204b8cd2,0.20238095238095233,False,0.0
2,16,"not_(and_(x[6],x[1]))",True,not_(x[6]),0.20238095238095233,c236778dc5683a72bff278f68dd0aee1,0.2142857142857143,True,0.011904761904761973
2,16,not_(x[6]),True,not_(x[6]),0.20238095238095233,c236778dc5683a72bff278f68dd0aee1,0.20238095238095233,False,0.0
2,16,not_(x[6]),True,not_(x[6]),0.20238095238095233,c236778dc5683a72bff278f68dd0aee1,0.20238095238095233,False,0.0
2,16,not_(x[6]),True,not_(x[6]),0.20238095238095233,c236778dc5683a72bff278f68dd0aee1,0.20238095238095233,False,0.0
2,16,not_(x[6]),True,not_(x[6]),0.20238095238095233,c236778dc5683a72bff278f68dd0aee1,0.20238095238095233,False,0.0
2,16,not_(x[6]),True,not_(x[6]),0.20238095238095233,c236778dc5683a72bff278f68dd0aee1,0.20238095238095233,False,0.0
2,16,"not_(greater_than_or_equal(x[0], mul(x[0],x[3])))",True,"less_than_or_equal(53.67,mul(x[3],x[3]))",0.2142857142857143,2cece411320c1d56790d65c80cc8f440,0.2142857142857143,False,0.0
2,16,not_(x[4]),True,not_(x[4]),0.20238095238095233,e9bf358728c366c73b72393d204b8cd2,0.20238095238095233,False,0.0
2,16,not_(x[4]),True,not_(x[4]),0.20238095238095233,e9bf358728c366c73b72393d204b8cd2,0.20238095238095233,False,0.0
2,16,not_(x[6]),True,not_(x[6]),0.20238095238095233,c236778dc5683a72bff278f68dd0aee1,0.20238095238095233,False,0.0
2,16,not_(x[4]),True,not_(x[4]),0.20238095238095233,e9bf358728c366c73b72393d204b8cd2,0.20238095238095233,False,0.0
2,16,not_(x[6]),True,not_(x[6]),0.20238095238095233,c236778dc5683a72bff278f68dd0aee1,0.20238095238095233,False,0.0
2,16,not_(x[6]),True,not_(x[6]),0.20238095238095233,c236778dc5683a72bff278f68dd0aee1,0.20238095238095233,False,0.0
2,16,not_(x[6]),True,not_(x[6]),0.20238095238095233,c236778dc5683a72bff278f68dd0aee1,0.20238095238095233,False,0.0
2,16,not_(x[4]),True,not_(x[4]),0.20238095238095233,e9bf358728c366c73b72393d204b8cd2,0.20238095238095233,False,0.0
2,16,not_(x[6]),True,not_(x[6]),0.20238095238095233,c236778dc5683a72bff278f68dd0aee1,0.20238095238095233,False,0.0
2,16,not_(x[6]),True,not_(x[6]),0.20238095238095233,c236778dc5683a72bff278f68dd0aee1,0.20238095238095233,False,0.0
2,16,not_(x[4]),True,not_(x[4]),0.20238095238095233,e9bf358728c366c73b72393d204b8cd2,0.20238095238095233,False,0.0
2,16,not_(x[6]),True,not_(x[6]),0.20238095238095233,c236778dc5683a72bff278f68dd0aee1,0.20238095238095233,False,0.0
2,16,not_(x[6]),True,not_(x[6]),0.20238095238095233,c236778dc5683a72bff278f68dd0aee1,0.20238095238095233,False,0.0
2,16,"not_(or_(x[6],x[6]))",True,not_(x[6]),0.20238095238095233,c236778dc5683a72bff278f68dd0aee1,0.20238095238095233,False,0.0
2,16,not_(x[4]),True,not_(x[4]),0.20238095238095233,e9bf358728c366c73b72393d204b8cd2,0.20238095238095233,False,0.0
2,16,not_(x[6]),True,not_(x[6]),0.20238095238095233,c236778dc5683a72bff278f68dd0aee1,0.20238095238095233,False,0.0
2,16,not_(x[6]),True,not_(x[6]),0.20238095238095233,c236778dc5683a72bff278f68dd0aee1,0.20238095238095233,False,0.0
2,16,not_(x[6]),True,not_(x[6]),0.20238095238095233,c236778dc5683a72bff278f68dd0aee1,0.20238095238095233,False,0.0
2,16,not_(x[4]),True,not_(x[4]),0.20238095238095233,e9bf358728c366c73b72393d204b8cd2,0.20238095238095233,False,0.0
2,16,not_(x[6]),True,not_(x[6]),0.20238095238095233,c236778dc5683a72bff278f68dd0aee1,0.20238095238095233,False,0.0
2,16,"not_(or_(x[6],x[6]))",True,not_(x[6]),0.20238095238095233,c236778dc5683a72bff278f68dd0aee1,0.20238095238095233,False,0.0
2,16,not_(x[6]),True,not_(x[6]),0.20238095238095233,c236778dc5683a72bff278f68dd0aee1,0.20238095238095233,False,0.0
2,16,not_(x[6]),True,not_(x[6]),0.20238095238095233,c236778dc5683a72bff278f68dd0aee1,0.20238095238095233,False,0.0
2,16,not_(x[4]),True,not_(x[4]),0.20238095238095233,e9bf358728c366c73b72393d204b8cd2,0.20238095238095233,False,0.0
2,16,not_(x[6]),True,not_(x[6]),0.20238095238095233,c236778dc5683a72bff278f68dd0aee1,0.20238095238095233,False,0.0
2,16,"not_(not_(or_(x[4],x[4])))",True,"not_(greater_than_or_equal(sub(x[0],x[3]), x[0]))",0.7976190476190477,95cffd09c37f5560118f86148db41cd5,0.7976190476190477,False,0.0
2,16,not_(x[6]),True,not_(x[6]),0.20238095238095233,c236778dc5683a72bff278f68dd0aee1,0.20238095238095233,False,0.0
2,16,not_(x[4]),True,not_(x[4]),0.20238095238095233,e9bf358728c366c73b72393d204b8cd2,0.20238095238095233,False,0.0
2,16,not_(x[6]),True,not_(x[6]),0.20238095238095233,c236778dc5683a72bff278f68dd0aee1,0.20238095238095233,False,0.0
2,16,not_(x[4]),True,not_(x[4]),0.20238095238095233,e9bf358728c366c73b72393d204b8cd2,0.20238095238095233,False,0.0
2,16,not_(x[6]),True,not_(x[6]),0.20238095238095233,c236778dc5683a72bff278f68dd0aee1,0.20238095238095233,False,0.0
2,16,not_(x[6]),True,not_(x[6]),0.20238095238095233,c236778dc5683a72bff278f68dd0aee1,0.20238095238095233,False,0.0
2,16,not_(x[4]),True,not_(x[4]),0.20238095238095233,e9bf358728c366c73b72393d204b8cd2,0.20238095238095233,False,0.0
2,16,not_(x[6]),True,not_(x[6]),0.20238095238095233,c236778dc5683a72bff278f68dd0aee1,0.20238095238095233,False,0.0
2,16,not_(x[6]),True,not_(x[6]),0.20238095238095233,c236778dc5683a72bff278f68dd0aee1,0.20238095238095233,False,0.0
2,16,not_(x[6]),True,not_(x[6]),0.20238095238095233,c236778dc5683a72bff278f68dd0aee1,0.20238095238095233,False,0.0
2,16,not_(x[6]),True,not_(x[6]),0.20238095238095233,c236778dc5683a72bff278f68dd0aee1,0.20238095238095233,False,0.0
2,16,not_(x[6]),True,not_(x[6]),0.20238095238095233,c236778dc5683a72bff278f68dd0aee1,0.20238095238095233,False,0.0
2,16,"not_(and_(x[4],x[4]))",True,not_(x[4]),0.20238095238095233,e9bf358728c366c73b72393d204b8cd2,0.20238095238095233,False,0.0
2,16,not_(x[6]),True,not_(x[6]),0.20238095238095233,c236778dc5683a72bff278f68dd0aee1,0.20238095238095233,False,0.0
2,16,not_(x[4]),True,not_(x[4]),0.20238095238095233,e9bf358728c366c73b72393d204b8cd2,0.20238095238095233,False,0.0
2,16,not_(x[4]),True,not_(x[4]),0.20238095238095233,e9bf358728c366c73b72393d204b8cd2,0.20238095238095233,False,0.0
2,16,not_(x[6]),True,not_(x[6]),0.20238095238095233,c236778dc5683a72bff278f68dd0aee1,0.20238095238095233,False,0.0
2,16,not_(x[6]),True,not_(x[6]),0.20238095238095233,c236778dc5683a72bff278f68dd0aee1,0.20238095238095233,False,0.0
2,16,not_(x[6]),True,not_(x[6]),0.20238095238095233,c236778dc5683a72bff278f68dd0aee1,0.20238095238095233,False,0.0
2,16,not_(x[4]),True,not_(x[4]),0.20238095238095233,e9bf358728c366c73b72393d204b8cd2,0.20238095238095233,False,0.0
2,16,not_(x[6]),True,not_(x[6]),0.20238095238095233,c236778dc5683a72bff278f68dd0aee1,0.20238095238095233,False,0.0
2,16,not_(x[6]),True,not_(x[6]),0.20238095238095233,c236778dc5683a72bff278f68dd0aee1,0.20238095238095233,False,0.0
2,16,not_(x[4]),True,not_(x[4]),0.20238095238095233,e9bf358728c366c73b72393d204b8cd2,0.20238095238095233,False,0.0
2,16,not_(x[4]),True,not_(x[4]),0.20238095238095233,e9bf358728c366c73b72393d204b8cd2,0.20238095238095233,False,0.0
2,16,not_(x[4]),True,not_(x[4]),0.20238095238095233,e9bf358728c366c73b72393d204b8cd2,0.20238095238095233,False,0.0
2,16,not_(x[4]),True,not_(x[4]),0.20238095238095233,e9bf358728c366c73b72393d204b8cd2,0.20238095238095233,False,0.0
2,16,not_(x[6]),True,not_(x[6]),0.20238095238095233,c236778dc5683a72bff278f68dd0aee1,0.20238095238095233,False,0.0
2,16,"not_(not_(and_(x[6],x[6])))",True,"or_(not_(greater_than_or_equal(x[3], x[3])),x[6])",0.7976190476190477,dabf352ca9fc16fe7897b3fa7e73f5cb,0.7976190476190477,False,0.0
2,16,not_(x[4]),True,not_(x[4]),0.20238095238095233,e9bf358728c366c73b72393d204b8cd2,0.20238095238095233,False,0.0
2,16,not_(x[6]),True,not_(x[6]),0.20238095238095233,c236778dc5683a72bff278f68dd0aee1,0.20238095238095233,False,0.0
2,16,not_(x[6]),True,not_(x[6]),0.20238095238095233,c236778dc5683a72bff278f68dd0aee1,0.20238095238095233,False,0.0
2,16,not_(x[6]),True,not_(x[6]),0.20238095238095233,c236778dc5683a72bff278f68dd0aee1,0.20238095238095233,False,0.0
2,16,not_(x[6]),True,not_(x[6]),0.20238095238095233,c236778dc5683a72bff278f68dd0aee1,0.20238095238095233,False,0.0
2,16,not_(x[6]),True,not_(x[6]),0.20238095238095233,c236778dc5683a72bff278f68dd0aee1,0.20238095238095233,False,0.0
2,16,not_(x[6]),True,not_(x[6]),0.20238095238095233,c236778dc5683a72bff278f68dd0aee1,0.20238095238095233,False,0.0
2,16,not_(x[6]),True,not_(x[6]),0.20238095238095233,c236778dc5683a72bff278f68dd0aee1,0.20238095238095233,False,0.0
2,16,not_(x[6]),True,not_(x[6]),0.20238095238095233,c236778dc5683a72bff278f68dd0aee1,0.20238095238095233,False,0.0
2,16,not_(x[6]),True,not_(x[6]),0.20238095238095233,c236778dc5683a72bff278f68dd0aee1,0.20238095238095233,False,0.0
2,16,not_(x[6]),True,not_(x[6]),0.20238095238095233,c236778dc5683a72bff278f68dd0aee1,0.20238095238095233,False,0.0
2,16,not_(x[6]),True,not_(x[6]),0.20238095238095233,c236778dc5683a72bff278f68dd0aee1,0.20238095238095233,False,0.0
2,16,not_(x[6]),True,not_(x[6]),0.20238095238095233,c236778dc5683a72bff278f68dd0aee1,0.20238095238095233,False,0.0
2,16,not_(x[6]),True,not_(x[6]),0.20238095238095233,c236778dc5683a72bff278f68dd0aee1,0.20238095238095233,False,0.0
2,16,not_(x[6]),True,not_(x[6]),0.20238095238095233,c236778dc5683a72bff278f68dd0aee1,0.20238095238095233,False,0.0
2,16,not_(x[6]),True,not_(x[6]),0.20238095238095233,c236778dc5683a72bff278f68dd0aee1,0.20238095238095233,False,0.0
2,16,not_(x[6]),True,not_(x[6]),0.20238095238095233,c236778dc5683a72bff278f68dd0aee1,0.20238095238095233,False,0.0
2,16,not_(x[4]),True,not_(x[4]),0.20238095238095233,e9bf358728c366c73b72393d204b8cd2,0.20238095238095233,False,0.0
2,16,not_(x[4]),True,not_(x[4]),0.20238095238095233,e9bf358728c366c73b72393d204b8cd2,0.20238095238095233,False,0.0
2,16,"not_(less_than_or_equal(x[3],22.14))",True,"less_than_or_equal(53.67,mul(x[3],x[3]))",0.2142857142857143,2cece411320c1d56790d65c80cc8f440,0.2142857142857143,False,0.0
2,16,not_(x[6]),True,not_(x[6]),0.20238095238095233,c236778dc5683a72bff278f68dd0aee1,0.20238095238095233,False,0.0
2,16,not_(x[4]),True,not_(x[4]),0.20238095238095233,e9bf358728c366c73b72393d204b8cd2,0.20238095238095233,False,0.0
2,16,"not_(or_(x[6],x[6]))",True,not_(x[6]),0.20238095238095233,c236778dc5683a72bff278f68dd0aee1,0.20238095238095233,False,0.0
2,16,not_(x[6]),True,not_(x[6]),0.20238095238095233,c236778dc5683a72bff278f68dd0aee1,0.20238095238095233,False,0.0
2,16,not_(x[6]),True,not_(x[6]),0.20238095238095233,c236778dc5683a72bff278f68dd0aee1,0.20238095238095233,False,0.0
2,16,not_(x[6]),True,not_(x[6]),0.20238095238095233,c236778dc5683a72bff278f68dd0aee1,0.20238095238095233,False,0.0
2,16,not_(x[6]),True,not_(x[6]),0.20238095238095233,c236778dc5683a72bff278f68dd0aee1,0.20238095238095233,False,0.0
2,16,not_(x[6]),True,not_(x[6]),0.20238095238095233,c236778dc5683a72bff278f68dd0aee1,0.20238095238095233,False,0.0
2,16,not_(x[6]),True,not_(x[6]),0.20238095238095233,c236778dc5683a72bff278f68dd0aee1,0.20238095238095233,False,0.0
2,16,not_(x[6]),True,not_(x[6]),0.20238095238095233,c236778dc5683a72bff278f68dd0aee1,0.20238095238095233,False,0.0
2,16,not_(x[4]),True,not_(x[4]),0.20238095238095233,e9bf358728c366c73b72393d204b8cd2,0.20238095238095233,False,0.0
2,16,not_(not_(x[4])),True,"not_(greater_than_or_equal(sub(x[0],x[3]), x[0]))",0.7976190476190477,95cffd09c37f5560118f86148db41cd5,0.7976190476190477,False,0.0
2,16,not_(x[4]),True,not_(x[4]),0.20238095238095233,e9bf358728c366c73b72393d204b8cd2,0.20238095238095233,False,0.0
2,16,not_(x[4]),True,not_(x[4]),0.20238095238095233,e9bf358728c366c73b72393d204b8cd2,0.20238095238095233,False,0.0
2,16,not_(x[6]),True,not_(x[6]),0.20238095238095233,c236778dc5683a72bff278f68dd0aee1,0.20238095238095233,False,0.0
2,16,not_(x[4]),True,not_(x[4]),0.20238095238095233,e9bf358728c366c73b72393d204b8cd2,0.20238095238095233,False,0.0
2,16,not_(x[6]),True,not_(x[6]),0.20238095238095233,c236778dc5683a72bff278f68dd0aee1,0.20238095238095233,False,0.0
2,16,not_(x[4]),True,not_(x[4]),0.20238095238095233,e9bf358728c366c73b72393d204b8cd2,0.20238095238095233,False,0.0
2,16,not_(x[4]),True,not_(x[4]),0.20238095238095233,e9bf358728c366c73b72393d204b8cd2,0.20238095238095233,False,0.0
2,16,not_(x[6]),True,not_(x[6]),0.20238095238095233,c236778dc5683a72bff278f68dd0aee1,0.20238095238095233,False,0.0
2,16,not_(x[6]),True,not_(x[6]),0.20238095238095233,c236778dc5683a72bff278f68dd0aee1,0.20238095238095233,False,0.0
2,16,not_(x[6]),True,not_(x[6]),0.20238095238095233,c236778dc5683a72bff278f68dd0aee1,0.20238095238095233,False,0.0
2,16,not_(x[4]),True,not_(x[4]),0.20238095238095233,e9bf358728c366c73b72393d204b8cd2,0.20238095238095233,False,0.0
2,16,not_(x[6]),True,not_(x[6]),0.20238095238095233,c236778dc5683a72bff278f68dd0aee1,0.20238095238095233,False,0.0
2,16,not_(x[6]),True,not_(x[6]),0.20238095238095233,c236778dc5683a72bff278f68dd0aee1,0.20238095238095233,False,0.0
2,16,not_(x[6]),True,not_(x[6]),0.20238095238095233,c236778dc5683a72bff278f68dd0aee1,0.20238095238095233,False,0.0
2,16,not_(x[6]),True,not_(x[6]),0.20238095238095233,c236778dc5683a72bff278f68dd0aee1,0.20238095238095233,False,0.0
2,16,not_(x[6]),True,not_(x[6]),0.20238095238095233,c236778dc5683a72bff278f68dd0aee1,0.20238095238095233,False,0.0
2,16,"or_(x[6],x[6])",True,"or_(not_(greater_than_or_equal(x[3], x[3])),x[6])",0.7976190476190477,dabf352ca9fc16fe7897b3fa7e73f5cb,0.7976190476190477,False,0.0
2,16,not_(x[4]),True,not_(x[4]),0.20238095238095233,e9bf358728c366c73b72393d204b8cd2,0.20238095238095233,False,0.0
2,16,not_(x[6]),True,not_(x[6]),0.20238095238095233,c236778dc5683a72bff278f68dd0aee1,0.20238095238095233,False,0.0
2,16,not_(x[6]),True,not_(x[6]),0.20238095238095233,c236778dc5683a72bff278f68dd0aee1,0.20238095238095233,False,0.0
2,16,not_(x[6]),True,not_(x[6]),0.20238095238095233,c236778dc5683a72bff278f68dd0aee1,0.20238095238095233,False,0.0
2,16,not_(x[6]),True,not_(x[6]),0.20238095238095233,c236778dc5683a72bff278f68dd0aee1,0.20238095238095233,False,0.0
2,16,not_(x[4]),True,not_(x[4]),0.20238095238095233,e9bf358728c366c73b72393d204b8cd2,0.20238095238095233,False,0.0
2,16,not_(x[6]),True,not_(x[6]),0.20238095238095233,c236778dc5683a72bff278f68dd0aee1,0.20238095238095233,False,0.0
2,16,"less_than_or_equal(sub(add(x[0],x[5]),mul(x[2],x[0])),pdiv(mul(x[5],x[0]),add(x[2],x[3])))",True,"less_than_or_equal(sub(add(x[0],x[5]),mul(x[2],x[0])),pdiv(mul(x[5],x[0]),add(x[2],x[3])))",0.19047619047619047,58cc4f21233e882751aa955999da1daf,0.13636363636363635,True,-0.05411255411255411
2,17,not_(x[6]),True,not_(x[6]),0.20238095238095233,c236778dc5683a72bff278f68dd0aee1,0.20238095238095233,False,0.0
2,17,not_(x[6]),True,not_(x[6]),0.20238095238095233,c236778dc5683a72bff278f68dd0aee1,0.20238095238095233,False,0.0
2,17,not_(x[4]),True,not_(x[4]),0.20238095238095233,e9bf358728c366c73b72393d204b8cd2,0.20238095238095233,False,0.0
2,17,not_(x[4]),True,not_(x[4]),0.20238095238095233,e9bf358728c366c73b72393d204b8cd2,0.20238095238095233,False,0.0
2,17,not_(x[6]),True,not_(x[6]),0.20238095238095233,c236778dc5683a72bff278f68dd0aee1,0.20238095238095233,False,0.0
2,17,not_(x[6]),True,not_(x[6]),0.20238095238095233,c236778dc5683a72bff278f68dd0aee1,0.20238095238095233,False,0.0
2,17,not_(x[6]),True,not_(x[6]),0.20238095238095233,c236778dc5683a72bff278f68dd0aee1,0.20238095238095233,False,0.0
2,17,not_(x[4]),True,not_(x[4]),0.20238095238095233,e9bf358728c366c73b72393d204b8cd2,0.20238095238095233,False,0.0
2,17,not_(x[6]),True,not_(x[6]),0.20238095238095233,c236778dc5683a72bff278f68dd0aee1,0.20238095238095233,False,0.0
2,17,not_(x[6]),True,not_(x[6]),0.20238095238095233,c236778dc5683a72bff278f68dd0aee1,0.20238095238095233,False,0.0
2,17,not_(x[4]),True,not_(x[4]),0.20238095238095233,e9bf358728c366c73b72393d204b8cd2,0.20238095238095233,False,0.0
2,17,"not_(or_(x[6],x[4]))",True,not_(x[6]),0.20238095238095233,c236778dc5683a72bff278f68dd0aee1,0.20238095238095233,False,0.0
2,17,not_(x[6]),True,not_(x[6]),0.20238095238095233,c236778dc5683a72bff278f68dd0aee1,0.20238095238095233,False,0.0
2,17,not_(x[6]),True,not_(x[6]),0.20238095238095233,c236778dc5683a72bff278f68dd0aee1,0.20238095238095233,False,0.0
2,17,not_(x[6]),True,not_(x[6]),0.20238095238095233,c236778dc5683a72bff278f68dd0aee1,0.20238095238095233,False,0.0
2,17,not_(x[6]),True,not_(x[6]),0.20238095238095233,c236778dc5683a72bff278f68dd0aee1,0.20238095238095233,False,0.0
2,17,not_(x[6]),True,not_(x[6]),0.20238095238095233,c236778dc5683a72bff278f68dd0aee1,0.20238095238095233,False,0.0
2,17,not_(x[4]),True,not_(x[4]),0.20238095238095233,e9bf358728c366c73b72393d204b8cd2,0.20238095238095233,False,0.0
2,17,not_(x[4]),True,not_(x[4]),0.20238095238095233,e9bf358728c366c73b72393d204b8cd2,0.20238095238095233,False,0.0
2,17,not_(x[6]),True,not_(x[6]),0.20238095238095233,c236778dc5683a72bff278f68dd0aee1,0.20238095238095233,False,0.0
2,17,not_(x[4]),True,not_(x[4]),0.20238095238095233,e9bf358728c366c73b72393d204b8cd2,0.20238095238095233,False,0.0
2,17,not_(x[6]),True,not_(x[6]),0.20238095238095233,c236778dc5683a72bff278f68dd0aee1,0.20238095238095233,False,0.0
2,17,not_(x[6]),True,not_(x[6]),0.20238095238095233,c236778dc5683a72bff278f68dd0aee1,0.20238095238095233,False,0.0
2,17,not_(x[6]),True,not_(x[6]),0.20238095238095233,c236778dc5683a72bff278f68dd0aee1,0.20238095238095233,False,0.0
2,17,not_(x[6]),True,not_(x[6]),0.20238095238095233,c236778dc5683a72bff278f68dd0aee1,0.20238095238095233,False,0.0
2,17,not_(x[6]),True,not_(x[6]),0.20238095238095233,c236778dc5683a72bff278f68dd0aee1,0.20238095238095233,False,0.0
2,17,not_(x[6]),True,not_(x[6]),0.20238095238095233,c236778dc5683a72bff278f68dd0aee1,0.20238095238095233,False,0.0
2,17,not_(x[6]),True,not_(x[6]),0.20238095238095233,c236778dc5683a72bff278f68dd0aee1,0.20238095238095233,False,0.0
2,17,not_(x[6]),True,not_(x[6]),0.20238095238095233,c236778dc5683a72bff278f68dd0aee1,0.20238095238095233,False,0.0
2,17,not_(x[4]),True,not_(x[4]),0.20238095238095233,e9bf358728c366c73b72393d204b8cd2,0.20238095238095233,False,0.0
2,17,not_(x[6]),True,not_(x[6]),0.20238095238095233,c236778dc5683a72bff278f68dd0aee1,0.20238095238095233,False,0.0
2,17,not_(x[4]),True,not_(x[4]),0.20238095238095233,e9bf358728c366c73b72393d204b8cd2,0.20238095238095233,False,0.0
2,17,not_(x[6]),True,not_(x[6]),0.20238095238095233,c236778dc5683a72bff278f68dd0aee1,0.20238095238095233,False,0.0
2,17,not_(x[4]),True,not_(x[4]),0.20238095238095233,e9bf358728c366c73b72393d204b8cd2,0.20238095238095233,False,0.0
2,17,not_(x[6]),True,not_(x[6]),0.20238095238095233,c236778dc5683a72bff278f68dd0aee1,0.20238095238095233,False,0.0
2,17,not_(x[6]),True,not_(x[6]),0.20238095238095233,c236778dc5683a72bff278f68dd0aee1,0.20238095238095233,False,0.0
2,17,not_(x[4]),True,not_(x[4]),0.20238095238095233,e9bf358728c366c73b72393d204b8cd2,0.20238095238095233,False,0.0
2,17,not_(x[6]),True,not_(x[6]),0.20238095238095233,c236778dc5683a72bff278f68dd0aee1,0.20238095238095233,False,0.0
2,17,not_(x[6]),True,not_(x[6]),0.20238095238095233,c236778dc5683a72bff278f68dd0aee1,0.20238095238095233,False,0.0
2,17,not_(x[6]),True,not_(x[6]),0.20238095238095233,c236778dc5683a72bff278f68dd0aee1,0.20238095238095233,False,0.0
2,17,not_(x[4]),True,not_(x[4]),0.20238095238095233,e9bf358728c366c73b72393d204b8cd2,0.20238095238095233,False,0.0
2,17,not_(x[6]),True,not_(x[6]),0.20238095238095233,c236778dc5683a72bff278f68dd0aee1,0.20238095238095233,False,0.0
2,17,not_(x[6]),True,not_(x[6]),0.20238095238095233,c236778dc5683a72bff278f68dd0aee1,0.20238095238095233,False,0.0
2,17,not_(x[4]),True,not_(x[4]),0.20238095238095233,e9bf358728c366c73b72393d204b8cd2,0.20238095238095233,False,0.0
2,17,not_(x[4]),True,not_(x[4]),0.20238095238095233,e9bf358728c366c73b72393d204b8cd2,0.20238095238095233,False,0.0
2,17,not_(x[4]),True,not_(x[4]),0.20238095238095233,e9bf358728c366c73b72393d204b8cd2,0.20238095238095233,False,0.0
2,17,not_(x[6]),True,not_(x[6]),0.20238095238095233,c236778dc5683a72bff278f68dd0aee1,0.20238095238095233,False,0.0
2,17,"not_(and_(or_(x[6],x[1]),x[6]))",True,not_(x[6]),0.20238095238095233,c236778dc5683a72bff278f68dd0aee1,0.20238095238095233,False,0.0
2,17,not_(x[6]),True,not_(x[6]),0.20238095238095233,c236778dc5683a72bff278f68dd0aee1,0.20238095238095233,False,0.0
2,17,not_(x[6]),True,not_(x[6]),0.20238095238095233,c236778dc5683a72bff278f68dd0aee1,0.20238095238095233,False,0.0
2,17,not_(x[6]),True,not_(x[6]),0.20238095238095233,c236778dc5683a72bff278f68dd0aee1,0.20238095238095233,False,0.0
2,17,not_(x[6]),True,not_(x[6]),0.20238095238095233,c236778dc5683a72bff278f68dd0aee1,0.20238095238095233,False,0.0
2,17,not_(x[4]),True,not_(x[4]),0.20238095238095233,e9bf358728c366c73b72393d204b8cd2,0.20238095238095233,False,0.0
2,17,not_(x[4]),True,not_(x[4]),0.20238095238095233,e9bf358728c366c73b72393d204b8cd2,0.20238095238095233,False,0.0
2,17,not_(x[6]),True,not_(x[6]),0.20238095238095233,c236778dc5683a72bff278f68dd0aee1,0.20238095238095233,False,0.0
2,17,"not_(and_(x[6],x[6]))",True,not_(x[6]),0.20238095238095233,c236778dc5683a72bff278f68dd0aee1,0.20238095238095233,False,0.0
2,17,not_(x[6]),True,not_(x[6]),0.20238095238095233,c236778dc5683a72bff278f68dd0aee1,0.20238095238095233,False,0.0
2,17,not_(x[6]),True,not_(x[6]),0.20238095238095233,c236778dc5683a72bff278f68dd0aee1,0.20238095238095233,False,0.0
2,17,not_(x[6]),True,not_(x[6]),0.20238095238095233,c236778dc5683a72bff278f68dd0aee1,0.20238095238095233,False,0.0
2,17,not_(x[6]),True,not_(x[6]),0.20238095238095233,c236778dc5683a72bff278f68dd0aee1,0.20238095238095233,False,0.0
2,17,not_(x[4]),True,not_(x[4]),0.20238095238095233,e9bf358728c366c73b72393d204b8cd2,0.20238095238095233,False,0.0
2,17,not_(x[6]),True,not_(x[6]),0.20238095238095233,c236778dc5683a72bff278f68dd0aee1,0.20238095238095233,False,0.0
2,17,not_(x[4]),True,not_(x[4]),0.20238095238095233,e9bf358728c366c73b72393d204b8cd2,0.20238095238095233,False,0.0
2,17,"not_(or_(x[6],or_(x[6],x[6])))",True,not_(x[6]),0.20238095238095233,c236778dc5683a72bff278f68dd0aee1,0.20238095238095233,False,0.0
2,17,not_(x[6]),True,not_(x[6]),0.20238095238095233,c236778dc5683a72bff278f68dd0aee1,0.20238095238095233,False,0.0
2,17,not_(x[4]),True,not_(x[4]),0.20238095238095233,e9bf358728c366c73b72393d204b8cd2,0.20238095238095233,False,0.0
2,17,"not_(or_(x[6],x[6]))",True,not_(x[6]),0.20238095238095233,c236778dc5683a72bff278f68dd0aee1,0.20238095238095233,False,0.0
2,17,not_(x[4]),True,not_(x[4]),0.20238095238095233,e9bf358728c366c73b72393d204b8cd2,0.20238095238095233,False,0.0
2,17,not_(x[6]),True,not_(x[6]),0.20238095238095233,c236778dc5683a72bff278f68dd0aee1,0.20238095238095233,False,0.0
2,17,not_(x[6]),True,not_(x[6]),0.20238095238095233,c236778dc5683a72bff278f68dd0aee1,0.20238095238095233,False,0.0
2,17,not_(x[6]),True,not_(x[6]),0.20238095238095233,c236778dc5683a72bff278f68dd0aee1,0.20238095238095233,False,0.0
2,17,"less_than_or_equal(sub(add(x[0],x[5]),mul(x[2],x[3])),mul(x[3],x[3]))",True,"less_than_or_equal(53.67,mul(x[3],x[3]))",0.2142857142857143,2cece411320c1d56790d65c80cc8f440,0.22619047619047616,True,0.011904761904761862
2,17,not_(x[6]),True,not_(x[6]),0.20238095238095233,c236778dc5683a72bff278f68dd0aee1,0.20238095238095233,False,0.0
2,17,not_(x[6]),True,not_(x[6]),0.20238095238095233,c236778dc5683a72bff278f68dd0aee1,0.20238095238095233,False,0.0
2,17,not_(x[6]),True,not_(x[6]),0.20238095238095233,c236778dc5683a72bff278f68dd0aee1,0.20238095238095233,False,0.0
2,17,"not_(or_(x[4],x[6]))",True,not_(x[6]),0.20238095238095233,c236778dc5683a72bff278f68dd0aee1,0.20238095238095233,False,0.0
2,17,"not_(or_(x[6],x[4]))",True,not_(x[6]),0.20238095238095233,c236778dc5683a72bff278f68dd0aee1,0.20238095238095233,False,0.0
2,17,not_(x[6]),True,not_(x[6]),0.20238095238095233,c236778dc5683a72bff278f68dd0aee1,0.20238095238095233,False,0.0
2,17,not_(x[6]),True,not_(x[6]),0.20238095238095233,c236778dc5683a72bff278f68dd0aee1,0.20238095238095233,False,0.0
2,17,not_(x[6]),True,not_(x[6]),0.20238095238095233,c236778dc5683a72bff278f68dd0aee1,0.20238095238095233,False,0.0
2,17,not_(x[6]),True,not_(x[6]),0.20238095238095233,c236778dc5683a72bff278f68dd0aee1,0.20238095238095233,False,0.0
2,17,not_(x[6]),True,not_(x[6]),0.20238095238095233,c236778dc5683a72bff278f68dd0aee1,0.20238095238095233,False,0.0
2,17,not_(x[6]),True,not_(x[6]),0.20238095238095233,c236778dc5683a72bff278f68dd0aee1,0.20238095238095233,False,0.0
2,17,not_(x[6]),True,not_(x[6]),0.20238095238095233,c236778dc5683a72bff278f68dd0aee1,0.20238095238095233,False,0.0
2,17,"less_than_or_equal(sub(add(x[0],x[5]),mul(x[2],x[0])),pdiv(mul(x[5],x[0]),add(x[2],x[3])))",True,"less_than_or_equal(sub(add(x[0],x[5]),mul(x[2],x[0])),pdiv(mul(x[5],x[0]),add(x[2],x[3])))",0.19047619047619047,58cc4f21233e882751aa955999da1daf,0.19047619047619047,False,0.0
2,17,not_(x[6]),True,not_(x[6]),0.20238095238095233,c236778dc5683a72bff278f68dd0aee1,0.20238095238095233,False,0.0
2,17,not_(x[4]),True,not_(x[4]),0.20238095238095233,e9bf358728c366c73b72393d204b8cd2,0.20238095238095233,False,0.0
2,17,not_(x[4]),True,not_(x[4]),0.20238095238095233,e9bf358728c366c73b72393d204b8cd2,0.20238095238095233,False,0.0
2,17,not_(x[6]),True,not_(x[6]),0.20238095238095233,c236778dc5683a72bff278f68dd0aee1,0.20238095238095233,False,0.0
2,17,not_(x[4]),True,not_(x[4]),0.20238095238095233,e9bf358728c366c73b72393d204b8cd2,0.20238095238095233,False,0.0
2,17,not_(x[6]),True,not_(x[6]),0.20238095238095233,c236778dc5683a72bff278f68dd0aee1,0.20238095238095233,False,0.0
2,17,not_(x[6]),True,not_(x[6]),0.20238095238095233,c236778dc5683a72bff278f68dd0aee1,0.20238095238095233,False,0.0
2,17,not_(x[4]),True,not_(x[4]),0.20238095238095233,e9bf358728c366c73b72393d204b8cd2,0.20238095238095233,False,0.0
2,17,not_(x[4]),True,not_(x[4]),0.20238095238095233,e9bf358728c366c73b72393d204b8cd2,0.20238095238095233,False,0.0
2,17,not_(x[4]),True,not_(x[4]),0.20238095238095233,e9bf358728c366c73b72393d204b8cd2,0.20238095238095233,False,0.0
2,17,not_(x[4]),True,not_(x[4]),0.20238095238095233,e9bf358728c366c73b72393d204b8cd2,0.20238095238095233,False,0.0
2,17,not_(x[6]),True,not_(x[6]),0.20238095238095233,c236778dc5683a72bff278f68dd0aee1,0.20238095238095233,False,0.0
2,17,not_(x[6]),True,not_(x[6]),0.20238095238095233,c236778dc5683a72bff278f68dd0aee1,0.20238095238095233,False,0.0
2,17,not_(x[6]),True,not_(x[6]),0.20238095238095233,c236778dc5683a72bff278f68dd0aee1,0.20238095238095233,False,0.0
2,17,not_(x[6]),True,not_(x[6]),0.20238095238095233,c236778dc5683a72bff278f68dd0aee1,0.20238095238095233,False,0.0
2,17,not_(x[6]),True,not_(x[6]),0.20238095238095233,c236778dc5683a72bff278f68dd0aee1,0.20238095238095233,False,0.0
2,17,not_(x[6]),True,not_(x[6]),0.20238095238095233,c236778dc5683a72bff278f68dd0aee1,0.20238095238095233,False,0.0
2,17,not_(x[6]),True,not_(x[6]),0.20238095238095233,c236778dc5683a72bff278f68dd0aee1,0.20238095238095233,False,0.0
2,17,not_(x[6]),True,not_(x[6]),0.20238095238095233,c236778dc5683a72bff278f68dd0aee1,0.20238095238095233,False,0.0
2,17,not_(x[4]),True,not_(x[4]),0.20238095238095233,e9bf358728c366c73b72393d204b8cd2,0.20238095238095233,False,0.0
2,17,"and_(x[6],x[6])",True,"or_(not_(greater_than_or_equal(x[3], x[3])),x[6])",0.7976190476190477,dabf352ca9fc16fe7897b3fa7e73f5cb,0.7976190476190477,False,0.0
2,17,not_(x[6]),True,not_(x[6]),0.20238095238095233,c236778dc5683a72bff278f68dd0aee1,0.20238095238095233,False,0.0
2,17,not_(x[6]),True,not_(x[6]),0.20238095238095233,c236778dc5683a72bff278f68dd0aee1,0.20238095238095233,False,0.0
2,17,not_(x[6]),True,not_(x[6]),0.20238095238095233,c236778dc5683a72bff278f68dd0aee1,0.20238095238095233,False,0.0
2,17,not_(x[6]),True,not_(x[6]),0.20238095238095233,c236778dc5683a72bff278f68dd0aee1,0.20238095238095233,False,0.0
2,17,not_(x[4]),True,not_(x[4]),0.20238095238095233,e9bf358728c366c73b72393d204b8cd2,0.20238095238095233,False,0.0
2,17,not_(x[4]),True,not_(x[4]),0.20238095238095233,e9bf358728c366c73b72393d204b8cd2,0.20238095238095233,False,0.0
2,17,not_(x[6]),True,not_(x[6]),0.20238095238095233,c236778dc5683a72bff278f68dd0aee1,0.20238095238095233,False,0.0
2,17,"greater_than_or_equal(sub(add(x[0],x[5]),mul(x[2],x[0])), pdiv(mul(x[5],x[0]),add(x[5],x[3])))",True,"less_than_or_equal(x[3],x[3])",0.7857142857142857,3352141c4f785c0403fcb33f533f7848,0.7738095238095238,True,-0.011904761904761862
2,17,not_(x[6]),True,not_(x[6]),0.20238095238095233,c236778dc5683a72bff278f68dd0aee1,0.20238095238095233,False,0.0
2,17,not_(x[6]),True,not_(x[6]),0.20238095238095233,c236778dc5683a72bff278f68dd0aee1,0.20238095238095233,False,0.0
2,17,not_(x[6]),True,not_(x[6]),0.20238095238095233,c236778dc5683a72bff278f68dd0aee1,0.20238095238095233,False,0.0
2,17,"greater_than_or_equal(add(x[3],mul(45.79,sub(x[0],pdiv(mul(x[5],x[0]),add(x[2],x[3]))))), x[3])",True,"greater_than_or_equal(x[0], pdiv(mul(x[5],x[0]),add(x[2],x[3])))",0.4642857142857143,6bd13e5c9520dc9d64cb6625929ead26,0.4642857142857143,False,0.0
2,17,"not_(and_(x[6],x[4]))",True,not_(x[4]),0.20238095238095233,e9bf358728c366c73b72393d204b8cd2,0.20238095238095233,False,0.0
2,17,"not_(and_(x[6],x[6]))",True,not_(x[6]),0.20238095238095233,c236778dc5683a72bff278f68dd0aee1,0.20238095238095233,False,0.0
2,17,"and_(x[4],x[6])",True,"not_(greater_than_or_equal(sub(x[0],x[3]), x[0]))",0.7976190476190477,95cffd09c37f5560118f86148db41cd5,0.7976190476190477,False,0.0
2,17,not_(x[4]),True,not_(x[4]),0.20238095238095233,e9bf358728c366c73b72393d204b8cd2,0.20238095238095233,False,0.0
2,17,not_(x[6]),True,not_(x[6]),0.20238095238095233,c236778dc5683a72bff278f68dd0aee1,0.20238095238095233,False,0.0
2,17,not_(x[4]),True,not_(x[4]),0.20238095238095233,e9bf358728c366c73b72393d204b8cd2,0.20238095238095233,False,0.0
2,17,"not_(less_than_or_equal(x[0],add(mul(x[2],x[0]),pdiv(mul(x[5],x[0]),add(x[2],x[3])))))",False,,,fb2706691e60c1ff21c4ac82b2b2a041,0.26190476190476186,False,0.0
2,17,"less_than_or_equal(sub(x[3],mul(x[3],sub(x[5],mul(x[5],x[2])))),x[2])",True,"less_than_or_equal(sub(x[3],mul(x[3],sub(x[5],mul(x[5],x[2])))),x[2])",0.7619047619047619,44adf50fbe6b30bfe0425763a3c6fc35,0.7619047619047619,False,0.0
2,17,not_(x[6]),True,not_(x[6]),0.20238095238095233,c236778dc5683a72bff278f68dd0aee1,0.20238095238095233,False,0.0
2,17,not_(x[6]),True,not_(x[6]),0.20238095238095233,c236778dc5683a72bff278f68dd0aee1,0.20238095238095233,False,0.0
2,17,not_(x[4]),True,not_(x[4]),0.20238095238095233,e9bf358728c366c73b72393d204b8cd2,0.20238095238095233,False,0.0
2,17,"not_(and_(x[6],x[6]))",True,not_(x[6]),0.20238095238095233,c236778dc5683a72bff278f68dd0aee1,0.20238095238095233,False,0.0
2,17,not_(x[6]),True,not_(x[6]),0.20238095238095233,c236778dc5683a72bff278f68dd0aee1,0.20238095238095233,False,0.0
2,17,not_(x[6]),True,not_(x[6]),0.20238095238095233,c236778dc5683a72bff278f68dd0aee1,0.20238095238095233,False,0.0
2,17,not_(x[6]),True,not_(x[6]),0.20238095238095233,c236778dc5683a72bff278f68dd0aee1,0.20238095238095233,False,0.0
2,17,"and_(x[4],less_than_or_equal(x[3],add(mul(x[2],x[0]),pdiv(mul(x[5],x[0]),add(x[2],x[3])))))",False,,,e0f9ad89df93ccaefc1d1f61683b21fe,0.7023809523809523,False,0.0
2,17,not_(x[4]),True,not_(x[4]),0.20238095238095233,e9bf358728c366c73b72393d204b8cd2,0.20238095238095233,False,0.0
2,17,not_(x[4]),True,not_(x[4]),0.20238095238095233,e9bf358728c366c73b72393d204b8cd2,0.20238095238095233,False,0.0
2,17,not_(x[6]),True,not_(x[6]),0.20238095238095233,c236778dc5683a72bff278f68dd0aee1,0.20238095238095233,False,0.0
2,17,not_(x[4]),True,not_(x[4]),0.20238095238095233,e9bf358728c366c73b72393d204b8cd2,0.20238095238095233,False,0.0
2,17,"greater_than_or_equal(sub(add(x[0],x[5]),mul(x[2],x[0])), pdiv(mul(x[5],x[0]),add(19.88,mul(x[5],x[0]))))",True,"less_than_or_equal(x[3],x[3])",0.7857142857142857,3352141c4f785c0403fcb33f533f7848,0.7857142857142857,False,0.0
2,17,not_(x[6]),True,not_(x[6]),0.20238095238095233,c236778dc5683a72bff278f68dd0aee1,0.20238095238095233,False,0.0
2,17,not_(x[4]),True,not_(x[4]),0.20238095238095233,e9bf358728c366c73b72393d204b8cd2,0.20238095238095233,False,0.0
2,17,not_(x[6]),True,not_(x[6]),0.20238095238095233,c236778dc5683a72bff278f68dd0aee1,0.20238095238095233,False,0.0
2,17,not_(x[6]),True,not_(x[6]),0.20238095238095233,c236778dc5683a72bff278f68dd0aee1,0.20238095238095233,False,0.0
2,17,not_(x[6]),True,not_(x[6]),0.20238095238095233,c236778dc5683a72bff278f68dd0aee1,0.20238095238095233,False,0.0
2,17,not_(x[6]),True,not_(x[6]),0.20238095238095233,c236778dc5683a72bff278f68dd0aee1,0.20238095238095233,False,0.0
2,17,not_(x[6]),True,not_(x[6]),0.20238095238095233,c236778dc5683a72bff278f68dd0aee1,0.20238095238095233,False,0.0
2,17,not_(x[4]),True,not_(x[4]),0.20238095238095233,e9bf358728c366c73b72393d204b8cd2,0.20238095238095233,False,0.0
2,17,not_(x[6]),True,not_(x[6]),0.20238095238095233,c236778dc5683a72bff278f68dd0aee1,0.20238095238095233,False,0.0
2,17,not_(x[4]),True,not_(x[4]),0.20238095238095233,e9bf358728c366c73b72393d204b8cd2,0.20238095238095233,False,0.0
2,17,not_(x[4]),True,not_(x[4]),0.20238095238095233,e9bf358728c366c73b72393d204b8cd2,0.20238095238095233,False,0.0
2,17,not_(x[6]),True,not_(x[6]),0.20238095238095233,c236778dc5683a72bff278f68dd0aee1,0.20238095238095233,False,0.0
2,17,not_(x[6]),True,not_(x[6]),0.20238095238095233,c236778dc5683a72bff278f68dd0aee1,0.20238095238095233,False,0.0
2,17,not_(x[6]),True,not_(x[6]),0.20238095238095233,c236778dc5683a72bff278f68dd0aee1,0.20238095238095233,False,0.0
2,17,"not_(or_(x[6],x[6]))",True,not_(x[6]),0.20238095238095233,c236778dc5683a72bff278f68dd0aee1,0.20238095238095233,False,0.0
2,17,"less_than_or_equal(mul(x[0],x[3]),sub(sub(sub(mul(x[0],x[3]),x[0]),mul(x[0],x[3])),mul(sub(x[2],x[0]),mul(x[2],x[2]))))",True,not_(x[6]),0.20238095238095233,c236778dc5683a72bff278f68dd0aee1,0.20238095238095233,False,0.0
2,17,not_(x[6]),True,not_(x[6]),0.20238095238095233,c236778dc5683a72bff278f68dd0aee1,0.20238095238095233,False,0.0
2,17,"not_(or_(x[6],x[6]))",True,not_(x[6]),0.20238095238095233,c236778dc5683a72bff278f68dd0aee1,0.20238095238095233,False,0.0
2,17,not_(x[6]),True,not_(x[6]),0.20238095238095233,c236778dc5683a72bff278f68dd0aee1,0.20238095238095233,False,0.0
2,17,not_(x[4]),True,not_(x[4]),0.20238095238095233,e9bf358728c366c73b72393d204b8cd2,0.20238095238095233,False,0.0
2,17,not_(x[6]),True,not_(x[6]),0.20238095238095233,c236778dc5683a72bff278f68dd0aee1,0.20238095238095233,False,0.0
2,17,not_(x[6]),True,not_(x[6]),0.20238095238095233,c236778dc5683a72bff278f68dd0aee1,0.20238095238095233,False,0.0
2,17,not_(x[4]),True,not_(x[4]),0.20238095238095233,e9bf358728c366c73b72393d204b8cd2,0.20238095238095233,False,0.0
2,17,not_(x[6]),True,not_(x[6]),0.20238095238095233,c236778dc5683a72bff278f68dd0aee1,0.20238095238095233,False,0.0
2,17,not_(x[4]),True,not_(x[4]),0.20238095238095233,e9bf358728c366c73b72393d204b8cd2,0.20238095238095233,False,0.0
2,17,not_(x[4]),True,not_(x[4]),0.20238095238095233,e9bf358728c366c73b72393d204b8cd2,0.20238095238095233,False,0.0
2,17,not_(x[6]),True,not_(x[6]),0.20238095238095233,c236778dc5683a72bff278f68dd0aee1,0.20238095238095233,False,0.0
2,17,not_(x[6]),True,not_(x[6]),0.20238095238095233,c236778dc5683a72bff278f68dd0aee1,0.20238095238095233,False,0.0
2,17,not_(x[4]),True,not_(x[4]),0.20238095238095233,e9bf358728c366c73b72393d204b8cd2,0.20238095238095233,False,0.0
2,17,not_(x[4]),True,not_(x[4]),0.20238095238095233,e9bf358728c366c73b72393d204b8cd2,0.20238095238095233,False,0.0
2,17,not_(x[6]),True,not_(x[6]),0.20238095238095233,c236778dc5683a72bff278f68dd0aee1,0.20238095238095233,False,0.0
2,17,not_(x[4]),True,not_(x[4]),0.20238095238095233,e9bf358728c366c73b72393d204b8cd2,0.20238095238095233,False,0.0
2,17,not_(x[6]),True,not_(x[6]),0.20238095238095233,c236778dc5683a72bff278f68dd0aee1,0.20238095238095233,False,0.0
2,17,not_(x[4]),True,not_(x[4]),0.20238095238095233,e9bf358728c366c73b72393d204b8cd2,0.20238095238095233,False,0.0
2,17,not_(x[6]),True,not_(x[6]),0.20238095238095233,c236778dc5683a72bff278f68dd0aee1,0.20238095238095233,False,0.0
2,17,"not_(or_(x[6],x[6]))",True,not_(x[6]),0.20238095238095233,c236778dc5683a72bff278f68dd0aee1,0.20238095238095233,False,0.0
2,17,not_(x[6]),True,not_(x[6]),0.20238095238095233,c236778dc5683a72bff278f68dd0aee1,0.20238095238095233,False,0.0
2,17,not_(x[6]),True,not_(x[6]),0.20238095238095233,c236778dc5683a72bff278f68dd0aee1,0.20238095238095233,False,0.0
2,17,not_(x[6]),True,not_(x[6]),0.20238095238095233,c236778dc5683a72bff278f68dd0aee1,0.20238095238095233,False,0.0
2,17,not_(x[4]),True,not_(x[4]),0.20238095238095233,e9bf358728c366c73b72393d204b8cd2,0.20238095238095233,False,0.0
2,17,not_(x[6]),True,not_(x[6]),0.20238095238095233,c236778dc5683a72bff278f68dd0aee1,0.20238095238095233,False,0.0
2,17,not_(x[4]),True,not_(x[4]),0.20238095238095233,e9bf358728c366c73b72393d204b8cd2,0.20238095238095233,False,0.0
2,17,not_(x[4]),True,not_(x[4]),0.20238095238095233,e9bf358728c366c73b72393d204b8cd2,0.20238095238095233,False,0.0
2,17,not_(x[4]),True,not_(x[4]),0.20238095238095233,e9bf358728c366c73b72393d204b8cd2,0.20238095238095233,False,0.0
2,17,not_(x[6]),True,not_(x[6]),0.20238095238095233,c236778dc5683a72bff278f68dd0aee1,0.20238095238095233,False,0.0
2,17,not_(x[6]),True,not_(x[6]),0.20238095238095233,c236778dc5683a72bff278f68dd0aee1,0.20238095238095233,False,0.0
2,17,not_(x[6]),True,not_(x[6]),0.20238095238095233,c236778dc5683a72bff278f68dd0aee1,0.20238095238095233,False,0.0
2,17,"not_(or_(x[4],x[4]))",True,not_(x[4]),0.20238095238095233,e9bf358728c366c73b72393d204b8cd2,0.20238095238095233,False,0.0
2,17,not_(x[6]),True,not_(x[6]),0.20238095238095233,c236778dc5683a72bff278f68dd0aee1,0.20238095238095233,False,0.0
2,17,not_(x[4]),True,not_(x[4]),0.20238095238095233,e9bf358728c366c73b72393d204b8cd2,0.20238095238095233,False,0.0
2,17,not_(x[6]),True,not_(x[6]),0.20238095238095233,c236778dc5683a72bff278f68dd0aee1,0.20238095238095233,False,0.0
2,17,not_(x[6]),True,not_(x[6]),0.20238095238095233,c236778dc5683a72bff278f68dd0aee1,0.20238095238095233,False,0.0
2,17,"not_(or_(not_(x[6]),x[6]))",True,"less_than_or_equal(53.67,mul(x[3],x[3]))",0.2142857142857143,2cece411320c1d56790d65c80cc8f440,0.2142857142857143,False,0.0
2,17,not_(x[4]),True,not_(x[4]),0.20238095238095233,e9bf358728c366c73b72393d204b8cd2,0.20238095238095233,False,0.0
2,17,not_(x[6]),True,not_(x[6]),0.20238095238095233,c236778dc5683a72bff278f68dd0aee1,0.20238095238095233,False,0.0
2,17,not_(x[4]),True,not_(x[4]),0.20238095238095233,e9bf358728c366c73b72393d204b8cd2,0.20238095238095233,False,0.0
2,17,not_(x[6]),True,not_(x[6]),0.20238095238095233,c236778dc5683a72bff278f68dd0aee1,0.20238095238095233,False,0.0
2,17,not_(x[6]),True,not_(x[6]),0.20238095238095233,c236778dc5683a72bff278f68dd0aee1,0.20238095238095233,False,0.0
2,17,not_(x[6]),True,not_(x[6]),0.20238095238095233,c236778dc5683a72bff278f68dd0aee1,0.20238095238095233,False,0.0
2,17,not_(x[6]),True,not_(x[6]),0.20238095238095233,c236778dc5683a72bff278f68dd0aee1,0.20238095238095233,False,0.0
2,17,"not_(and_(x[6],x[6]))",True,not_(x[6]),0.20238095238095233,c236778dc5683a72bff278f68dd0aee1,0.20238095238095233,False,0.0
2,17,not_(x[6]),True,not_(x[6]),0.20238095238095233,c236778dc5683a72bff278f68dd0aee1,0.20238095238095233,False,0.0
2,17,not_(x[6]),True,not_(x[6]),0.20238095238095233,c236778dc5683a72bff278f68dd0aee1,0.20238095238095233,False,0.0
2,17,not_(x[4]),True,not_(x[4]),0.20238095238095233,e9bf358728c366c73b72393d204b8cd2,0.20238095238095233,False,0.0
2,17,not_(x[6]),True,not_(x[6]),0.20238095238095233,c236778dc5683a72bff278f68dd0aee1,0.20238095238095233,False,0.0
2,17,not_(x[6]),True,not_(x[6]),0.20238095238095233,c236778dc5683a72bff278f68dd0aee1,0.20238095238095233,False,0.0
2,17,not_(x[6]),True,not_(x[6]),0.20238095238095233,c236778dc5683a72bff278f68dd0aee1,0.20238095238095233,False,0.0
2,17,"not_(or_(x[6],x[6]))",True,not_(x[6]),0.20238095238095233,c236778dc5683a72bff278f68dd0aee1,0.20238095238095233,False,0.0
2,17,not_(x[4]),True,not_(x[4]),0.20238095238095233,e9bf358728c366c73b72393d204b8cd2,0.20238095238095233,False,0.0
2,17,not_(x[6]),True,not_(x[6]),0.20238095238095233,c236778dc5683a72bff278f68dd0aee1,0.20238095238095233,False,0.0
2,17,not_(x[6]),True,not_(x[6]),0.20238095238095233,c236778dc5683a72bff278f68dd0aee1,0.20238095238095233,False,0.0
2,17,not_(x[6]),True,not_(x[6]),0.20238095238095233,c236778dc5683a72bff278f68dd0aee1,0.20238095238095233,False,0.0
2,17,not_(x[6]),True,not_(x[6]),0.20238095238095233,c236778dc5683a72bff278f68dd0aee1,0.20238095238095233,False,0.0
2,17,not_(x[4]),True,not_(x[4]),0.20238095238095233,e9bf358728c366c73b72393d204b8cd2,0.20238095238095233,False,0.0
2,17,not_(x[4]),True,not_(x[4]),0.20238095238095233,e9bf358728c366c73b72393d204b8cd2,0.20238095238095233,False,0.0
2,17,not_(x[6]),True,not_(x[6]),0.20238095238095233,c236778dc5683a72bff278f68dd0aee1,0.20238095238095233,False,0.0
2,17,not_(x[6]),True,not_(x[6]),0.20238095238095233,c236778dc5683a72bff278f68dd0aee1,0.20238095238095233,False,0.0
2,17,not_(x[6]),True,not_(x[6]),0.20238095238095233,c236778dc5683a72bff278f68dd0aee1,0.20238095238095233,False,0.0
2,17,not_(x[6]),True,not_(x[6]),0.20238095238095233,c236778dc5683a72bff278f68dd0aee1,0.20238095238095233,False,0.0
2,17,not_(x[6]),True,not_(x[6]),0.20238095238095233,c236778dc5683a72bff278f68dd0aee1,0.20238095238095233,False,0.0
2,17,not_(x[4]),True,not_(x[4]),0.20238095238095233,e9bf358728c366c73b72393d204b8cd2,0.20238095238095233,False,0.0
2,17,not_(x[4]),True,not_(x[4]),0.20238095238095233,e9bf358728c366c73b72393d204b8cd2,0.20238095238095233,False,0.0
2,17,"not_(or_(x[6],x[6]))",True,not_(x[6]),0.20238095238095233,c236778dc5683a72bff278f68dd0aee1,0.20238095238095233,False,0.0
2,17,not_(x[4]),True,not_(x[4]),0.20238095238095233,e9bf358728c366c73b72393d204b8cd2,0.20238095238095233,False,0.0
2,17,not_(x[6]),True,not_(x[6]),0.20238095238095233,c236778dc5683a72bff278f68dd0aee1,0.20238095238095233,False,0.0
2,17,not_(x[4]),True,not_(x[4]),0.20238095238095233,e9bf358728c366c73b72393d204b8cd2,0.20238095238095233,False,0.0
2,17,not_(x[4]),True,not_(x[4]),0.20238095238095233,e9bf358728c366c73b72393d204b8cd2,0.20238095238095233,False,0.0
2,17,not_(x[6]),True,not_(x[6]),0.20238095238095233,c236778dc5683a72bff278f68dd0aee1,0.20238095238095233,False,0.0
2,17,not_(x[6]),True,not_(x[6]),0.20238095238095233,c236778dc5683a72bff278f68dd0aee1,0.20238095238095233,False,0.0
2,17,not_(x[6]),True,not_(x[6]),0.20238095238095233,c236778dc5683a72bff278f68dd0aee1,0.20238095238095233,False,0.0
2,17,"not_(or_(x[6],x[6]))",True,not_(x[6]),0.20238095238095233,c236778dc5683a72bff278f68dd0aee1,0.20238095238095233,False,0.0
2,17,not_(x[6]),True,not_(x[6]),0.20238095238095233,c236778dc5683a72bff278f68dd0aee1,0.20238095238095233,False,0.0
2,17,"not_(or_(or_(x[4],x[6]),x[1]))",True,"less_than_or_equal(53.67,mul(x[3],x[3]))",0.2142857142857143,2cece411320c1d56790d65c80cc8f440,0.2142857142857143,False,0.0
2,17,not_(x[6]),True,not_(x[6]),0.20238095238095233,c236778dc5683a72bff278f68dd0aee1,0.20238095238095233,False,0.0
2,17,not_(x[4]),True,not_(x[4]),0.20238095238095233,e9bf358728c366c73b72393d204b8cd2,0.20238095238095233,False,0.0
2,17,not_(x[4]),True,not_(x[4]),0.20238095238095233,e9bf358728c366c73b72393d204b8cd2,0.20238095238095233,False,0.0
2,17,not_(x[6]),True,not_(x[6]),0.20238095238095233,c236778dc5683a72bff278f68dd0aee1,0.20238095238095233,False,0.0
2,17,not_(x[6]),True,not_(x[6]),0.20238095238095233,c236778dc5683a72bff278f68dd0aee1,0.20238095238095233,False,0.0
2,17,not_(x[6]),True,not_(x[6]),0.20238095238095233,c236778dc5683a72bff278f68dd0aee1,0.20238095238095233,False,0.0
2,17,not_(x[6]),True,not_(x[6]),0.20238095238095233,c236778dc5683a72bff278f68dd0aee1,0.20238095238095233,False,0.0
2,17,not_(x[4]),True,not_(x[4]),0.20238095238095233,e9bf358728c366c73b72393d204b8cd2,0.20238095238095233,False,0.0
2,17,not_(x[6]),True,not_(x[6]),0.20238095238095233,c236778dc5683a72bff278f68dd0aee1,0.20238095238095233,False,0.0
2,17,not_(x[6]),True,not_(x[6]),0.20238095238095233,c236778dc5683a72bff278f68dd0aee1,0.20238095238095233,False,0.0
2,17,not_(x[6]),True,not_(x[6]),0.20238095238095233,c236778dc5683a72bff278f68dd0aee1,0.20238095238095233,False,0.0
2,17,not_(x[6]),True,not_(x[6]),0.20238095238095233,c236778dc5683a72bff278f68dd0aee1,0.20238095238095233,False,0.0
2,17,not_(x[4]),True,not_(x[4]),0.20238095238095233,e9bf358728c366c73b72393d204b8cd2,0.20238095238095233,False,0.0
2,17,not_(x[6]),True,not_(x[6]),0.20238095238095233,c236778dc5683a72bff278f68dd0aee1,0.20238095238095233,False,0.0
2,17,not_(x[6]),True,not_(x[6]),0.20238095238095233,c236778dc5683a72bff278f68dd0aee1,0.20238095238095233,False,0.0
2,17,not_(x[6]),True,not_(x[6]),0.20238095238095233,c236778dc5683a72bff278f68dd0aee1,0.20238095238095233,False,0.0
2,17,"not_(and_(x[6],x[6]))",True,not_(x[6]),0.20238095238095233,c236778dc5683a72bff278f68dd0aee1,0.20238095238095233,False,0.0
2,17,not_(x[4]),True,not_(x[4]),0.20238095238095233,e9bf358728c366c73b72393d204b8cd2,0.20238095238095233,False,0.0
2,17,not_(x[6]),True,not_(x[6]),0.20238095238095233,c236778dc5683a72bff278f68dd0aee1,0.20238095238095233,False,0.0
2,17,not_(x[4]),True,not_(x[4]),0.20238095238095233,e9bf358728c366c73b72393d204b8cd2,0.20238095238095233,False,0.0
2,17,not_(x[6]),True,not_(x[6]),0.20238095238095233,c236778dc5683a72bff278f68dd0aee1,0.20238095238095233,False,0.0
2,17,"less_than_or_equal(mul(x[3],x[3]),x[3])",True,"less_than_or_equal(x[3],x[3])",0.7857142857142857,3352141c4f785c0403fcb33f533f7848,0.7857142857142857,False,0.0
2,17,not_(x[4]),True,not_(x[4]),0.20238095238095233,e9bf358728c366c73b72393d204b8cd2,0.20238095238095233,False,0.0
2,17,not_(x[6]),True,not_(x[6]),0.20238095238095233,c236778dc5683a72bff278f68dd0aee1,0.20238095238095233,False,0.0
2,17,not_(x[6]),True,not_(x[6]),0.20238095238095233,c236778dc5683a72bff278f68dd0aee1,0.20238095238095233,False,0.0
2,17,not_(x[6]),True,not_(x[6]),0.20238095238095233,c236778dc5683a72bff278f68dd0aee1,0.20238095238095233,False,0.0
2,17,not_(x[6]),True,not_(x[6]),0.20238095238095233,c236778dc5683a72bff278f68dd0aee1,0.20238095238095233,False,0.0
2,17,not_(x[6]),True,not_(x[6]),0.20238095238095233,c236778dc5683a72bff278f68dd0aee1,0.20238095238095233,False,0.0
2,17,not_(x[4]),True,not_(x[4]),0.20238095238095233,e9bf358728c366c73b72393d204b8cd2,0.20238095238095233,False,0.0
2,17,not_(x[6]),True,not_(x[6]),0.20238095238095233,c236778dc5683a72bff278f68dd0aee1,0.20238095238095233,False,0.0
2,17,not_(x[6]),True,not_(x[6]),0.20238095238095233,c236778dc5683a72bff278f68dd0aee1,0.20238095238095233,False,0.0
2,17,not_(x[6]),True,not_(x[6]),0.20238095238095233,c236778dc5683a72bff278f68dd0aee1,0.20238095238095233,False,0.0
2,17,not_(x[4]),True,not_(x[4]),0.20238095238095233,e9bf358728c366c73b72393d204b8cd2,0.20238095238095233,False,0.0
2,17,not_(x[6]),True,not_(x[6]),0.20238095238095233,c236778dc5683a72bff278f68dd0aee1,0.20238095238095233,False,0.0
2,17,not_(x[6]),True,not_(x[6]),0.20238095238095233,c236778dc5683a72bff278f68dd0aee1,0.20238095238095233,False,0.0
2,17,not_(x[4]),True,not_(x[4]),0.20238095238095233,e9bf358728c366c73b72393d204b8cd2,0.20238095238095233,False,0.0
2,17,not_(x[6]),True,not_(x[6]),0.20238095238095233,c236778dc5683a72bff278f68dd0aee1,0.20238095238095233,False,0.0
2,17,not_(x[4]),True,not_(x[4]),0.20238095238095233,e9bf358728c366c73b72393d204b8cd2,0.20238095238095233,False,0.0
2,17,"less_than_or_equal(sub(add(x[0],x[5]),mul(x[2],x[0])),pdiv(mul(x[5],x[0]),add(x[2],x[3])))",True,"less_than_or_equal(sub(add(x[0],x[5]),mul(x[2],x[0])),pdiv(mul(x[5],x[0]),add(x[2],x[3])))",0.19047619047619047,58cc4f21233e882751aa955999da1daf,0.13636363636363635,True,-0.05411255411255411
2,18,not_(x[6]),True,not_(x[6]),0.20238095238095233,c236778dc5683a72bff278f68dd0aee1,0.20238095238095233,False,0.0
2,18,not_(x[6]),True,not_(x[6]),0.20238095238095233,c236778dc5683a72bff278f68dd0aee1,0.20238095238095233,False,0.0
2,18,not_(x[4]),True,not_(x[4]),0.20238095238095233,e9bf358728c366c73b72393d204b8cd2,0.20238095238095233,False,0.0
2,18,not_(x[4]),True,not_(x[4]),0.20238095238095233,e9bf358728c366c73b72393d204b8cd2,0.20238095238095233,False,0.0
2,18,not_(x[4]),True,not_(x[4]),0.20238095238095233,e9bf358728c366c73b72393d204b8cd2,0.20238095238095233,False,0.0
2,18,not_(x[6]),True,not_(x[6]),0.20238095238095233,c236778dc5683a72bff278f68dd0aee1,0.20238095238095233,False,0.0
2,18,not_(x[4]),True,not_(x[4]),0.20238095238095233,e9bf358728c366c73b72393d204b8cd2,0.20238095238095233,False,0.0
2,18,not_(x[4]),True,not_(x[4]),0.20238095238095233,e9bf358728c366c73b72393d204b8cd2,0.20238095238095233,False,0.0
2,18,not_(x[6]),True,not_(x[6]),0.20238095238095233,c236778dc5683a72bff278f68dd0aee1,0.20238095238095233,False,0.0
2,18,not_(x[4]),True,not_(x[4]),0.20238095238095233,e9bf358728c366c73b72393d204b8cd2,0.20238095238095233,False,0.0
2,18,not_(x[4]),True,not_(x[4]),0.20238095238095233,e9bf358728c366c73b72393d204b8cd2,0.20238095238095233,False,0.0
2,18,"not_(or_(x[6],x[4]))",True,not_(x[6]),0.20238095238095233,c236778dc5683a72bff278f68dd0aee1,0.20238095238095233,False,0.0
2,18,"not_(not_(or_(x[4],x[6])))",True,"or_(not_(greater_than_or_equal(x[3], x[3])),x[6])",0.7976190476190477,dabf352ca9fc16fe7897b3fa7e73f5cb,0.7976190476190477,False,0.0
2,18,not_(x[6]),True,not_(x[6]),0.20238095238095233,c236778dc5683a72bff278f68dd0aee1,0.20238095238095233,False,0.0
2,18,not_(x[4]),True,not_(x[4]),0.20238095238095233,e9bf358728c366c73b72393d204b8cd2,0.20238095238095233,False,0.0
2,18,not_(x[6]),True,not_(x[6]),0.20238095238095233,c236778dc5683a72bff278f68dd0aee1,0.20238095238095233,False,0.0
2,18,not_(x[6]),True,not_(x[6]),0.20238095238095233,c236778dc5683a72bff278f68dd0aee1,0.20238095238095233,False,0.0
2,18,not_(x[6]),True,not_(x[6]),0.20238095238095233,c236778dc5683a72bff278f68dd0aee1,0.20238095238095233,False,0.0
2,18,not_(x[4]),True,not_(x[4]),0.20238095238095233,e9bf358728c366c73b72393d204b8cd2,0.20238095238095233,False,0.0
2,18,not_(x[4]),True,not_(x[4]),0.20238095238095233,e9bf358728c366c73b72393d204b8cd2,0.20238095238095233,False,0.0
2,18,not_(x[4]),True,not_(x[4]),0.20238095238095233,e9bf358728c366c73b72393d204b8cd2,0.20238095238095233,False,0.0
2,18,not_(x[6]),True,not_(x[6]),0.20238095238095233,c236778dc5683a72bff278f68dd0aee1,0.20238095238095233,False,0.0
2,18,not_(x[6]),True,not_(x[6]),0.20238095238095233,c236778dc5683a72bff278f68dd0aee1,0.20238095238095233,False,0.0
2,18,"not_(greater_than_or_equal(x[2], x[0]))",True,"not_(less_than_or_equal(x[0],x[2]))",0.36904761904761907,7cd461d4ffa9db1d1f176024d881091c,0.36904761904761907,False,0.0
2,18,not_(x[6]),True,not_(x[6]),0.20238095238095233,c236778dc5683a72bff278f68dd0aee1,0.20238095238095233,False,0.0
2,18,"not_(greater_than_or_equal(x[2], x[0]))",True,"not_(less_than_or_equal(x[0],x[2]))",0.36904761904761907,7cd461d4ffa9db1d1f176024d881091c,0.36904761904761907,False,0.0
2,18,not_(x[4]),True,not_(x[4]),0.20238095238095233,e9bf358728c366c73b72393d204b8cd2,0.20238095238095233,False,0.0
2,18,not_(x[6]),True,not_(x[6]),0.20238095238095233,c236778dc5683a72bff278f68dd0aee1,0.20238095238095233,False,0.0
2,18,not_(x[4]),True,not_(x[4]),0.20238095238095233,e9bf358728c366c73b72393d204b8cd2,0.20238095238095233,False,0.0
2,18,not_(x[6]),True,not_(x[6]),0.20238095238095233,c236778dc5683a72bff278f68dd0aee1,0.20238095238095233,False,0.0
2,18,not_(x[4]),True,not_(x[4]),0.20238095238095233,e9bf358728c366c73b72393d204b8cd2,0.20238095238095233,False,0.0
2,18,not_(x[6]),True,not_(x[6]),0.20238095238095233,c236778dc5683a72bff278f68dd0aee1,0.20238095238095233,False,0.0
2,18,not_(x[4]),True,not_(x[4]),0.20238095238095233,e9bf358728c366c73b72393d204b8cd2,0.20238095238095233,False,0.0
2,18,"not_(and_(x[6],x[4]))",True,not_(x[4]),0.20238095238095233,e9bf358728c366c73b72393d204b8cd2,0.20238095238095233,False,0.0
2,18,not_(x[6]),True,not_(x[6]),0.20238095238095233,c236778dc5683a72bff278f68dd0aee1,0.20238095238095233,False,0.0
2,18,not_(x[6]),True,not_(x[6]),0.20238095238095233,c236778dc5683a72bff278f68dd0aee1,0.20238095238095233,False,0.0
2,18,not_(x[4]),True,not_(x[4]),0.20238095238095233,e9bf358728c366c73b72393d204b8cd2,0.20238095238095233,False,0.0
2,18,not_(x[4]),True,not_(x[4]),0.20238095238095233,e9bf358728c366c73b72393d204b8cd2,0.20238095238095233,False,0.0
2,18,not_(x[6]),True,not_(x[6]),0.20238095238095233,c236778dc5683a72bff278f68dd0aee1,0.20238095238095233,False,0.0
2,18,not_(x[6]),True,not_(x[6]),0.20238095238095233,c236778dc5683a72bff278f68dd0aee1,0.20238095238095233,False,0.0
2,18,not_(x[6]),True,not_(x[6]),0.20238095238095233,c236778dc5683a72bff278f68dd0aee1,0.20238095238095233,False,0.0
2,18,not_(x[6]),True,not_(x[6]),0.20238095238095233,c236778dc5683a72bff278f68dd0aee1,0.20238095238095233,False,0.0
2,18,not_(x[6]),True,not_(x[6]),0.20238095238095233,c236778dc5683a72bff278f68dd0aee1,0.20238095238095233,False,0.0
2,18,not_(x[6]),True,not_(x[6]),0.20238095238095233,c236778dc5683a72bff278f68dd0aee1,0.20238095238095233,False,0.0
2,18,not_(x[6]),True,not_(x[6]),0.20238095238095233,c236778dc5683a72bff278f68dd0aee1,0.20238095238095233,False,0.0
2,18,not_(x[6]),True,not_(x[6]),0.20238095238095233,c236778dc5683a72bff278f68dd0aee1,0.20238095238095233,False,0.0
2,18,"not_(less_than_or_equal(mul(45.79,sub(x[0],pdiv(mul(x[5],x[0]),add(x[2],x[3])))),x[3]))",False,,,a344b00a5aab5db80dca027466feccdb,0.44047619047619047,False,0.0
2,18,not_(x[4]),True,not_(x[4]),0.20238095238095233,e9bf358728c366c73b72393d204b8cd2,0.20238095238095233,False,0.0
2,18,"not_(and_(x[6],x[6]))",True,not_(x[6]),0.20238095238095233,c236778dc5683a72bff278f68dd0aee1,0.20238095238095233,False,0.0
2,18,not_(x[6]),True,not_(x[6]),0.20238095238095233,c236778dc5683a72bff278f68dd0aee1,0.20238095238095233,False,0.0
2,18,not_(x[4]),True,not_(x[4]),0.20238095238095233,e9bf358728c366c73b72393d204b8cd2,0.20238095238095233,False,0.0
2,18,not_(x[6]),True,not_(x[6]),0.20238095238095233,c236778dc5683a72bff278f68dd0aee1,0.20238095238095233,False,0.0
2,18,not_(x[6]),True,not_(x[6]),0.20238095238095233,c236778dc5683a72bff278f68dd0aee1,0.20238095238095233,False,0.0
2,18,not_(x[4]),True,not_(x[4]),0.20238095238095233,e9bf358728c366c73b72393d204b8cd2,0.20238095238095233,False,0.0
2,18,"less_than_or_equal(sub(mul(x[0],x[3]),45.79),sub(x[0],pdiv(mul(x[5],x[0]),add(x[2],x[3]))))",True,"less_than_or_equal(x[3],x[3])",0.7857142857142857,3352141c4f785c0403fcb33f533f7848,0.7857142857142857,False,0.0
2,18,"less_than_or_equal(add(mul(x[2],x[0]),pdiv(mul(x[5],x[0]),add(x[2],x[3]))),mul(x[3],sub(x[5],mul(x[5],x[2]))))",True,"not_(less_than_or_equal(mul(x[3],sub(x[5],mul(x[5],x[2]))),x[2]))",0.25,421940b2bee32cea4cb6474501476e07,0.25,False,0.0
2,18,not_(x[6]),True,not_(x[6]),0.20238095238095233,c236778dc5683a72bff278f68dd0aee1,0.20238095238095233,False,0.0
2,18,not_(x[6]),True,not_(x[6]),0.20238095238095233,c236778dc5683a72bff278f68dd0aee1,0.20238095238095233,False,0.0
2,18,"less_than_or_equal(sub(add(x[0],x[3]),x[5]),mul(sub(add(x[0],x[5]),mul(x[2],x[0])),pdiv(mul(x[5],x[0]),add(x[2],x[3]))))",False,,,3d999703bed1f120a3fbe7c113910301,0.7142857142857143,False,0.0
2,18,not_(x[6]),True,not_(x[6]),0.20238095238095233,c236778dc5683a72bff278f68dd0aee1,0.20238095238095233,False,0.0
2,18,not_(x[4]),True,not_(x[4]),0.20238095238095233,e9bf358728c366c73b72393d204b8cd2,0.20238095238095233,False,0.0
2,18,not_(x[4]),True,not_(x[4]),0.20238095238095233,e9bf358728c366c73b72393d204b8cd2,0.20238095238095233,False,0.0
2,18,not_(x[6]),True,not_(x[6]),0.20238095238095233,c236778dc5683a72bff278f68dd0aee1,0.20238095238095233,False,0.0
2,18,not_(x[6]),True,not_(x[6]),0.20238095238095233,c236778dc5683a72bff278f68dd0aee1,0.20238095238095233,False,0.0
2,18,not_(x[6]),True,not_(x[6]),0.20238095238095233,c236778dc5683a72bff278f68dd0aee1,0.20238095238095233,False,0.0
2,18,not_(x[4]),True,not_(x[4]),0.20238095238095233,e9bf358728c366c73b72393d204b8cd2,0.20238095238095233,False,0.0
2,18,not_(x[6]),True,not_(x[6]),0.20238095238095233,c236778dc5683a72bff278f68dd0aee1,0.20238095238095233,False,0.0
2,18,not_(x[6]),True,not_(x[6]),0.20238095238095233,c236778dc5683a72bff278f68dd0aee1,0.20238095238095233,False,0.0
2,18,not_(x[4]),True,not_(x[4]),0.20238095238095233,e9bf358728c366c73b72393d204b8cd2,0.20238095238095233,False,0.0
2,18,not_(x[6]),True,not_(x[6]),0.20238095238095233,c236778dc5683a72bff278f68dd0aee1,0.20238095238095233,False,0.0
2,18,not_(x[6]),True,not_(x[6]),0.20238095238095233,c236778dc5683a72bff278f68dd0aee1,0.20238095238095233,False,0.0
2,18,"not_(less_than_or_equal(mul(x[2],x[0]),pdiv(mul(x[5],x[0]),add(x[2],x[3]))))",True,"less_than_or_equal(sub(add(x[0],x[5]),sub(x[2],sub(mul(sub(x[3],x[0]),x[3]),mul(sub(x[2],x[0]),mul(x[2],x[2]))))),x[2])",0.2857142857142857,a55248f0044c04800eed9115335a2da8,0.27380952380952384,True,-0.011904761904761862
2,18,"not_(or_(x[4],x[4]))",True,not_(x[4]),0.20238095238095233,e9bf358728c366c73b72393d204b8cd2,0.20238095238095233,False,0.0
2,18,not_(x[6]),True,not_(x[6]),0.20238095238095233,c236778dc5683a72bff278f68dd0aee1,0.20238095238095233,False,0.0
2,18,not_(x[6]),True,not_(x[6]),0.20238095238095233,c236778dc5683a72bff278f68dd0aee1,0.20238095238095233,False,0.0
2,18,"not_(and_(x[4],x[6]))",True,not_(x[4]),0.20238095238095233,e9bf358728c366c73b72393d204b8cd2,0.20238095238095233,False,0.0
2,18,not_(x[6]),True,not_(x[6]),0.20238095238095233,c236778dc5683a72bff278f68dd0aee1,0.20238095238095233,False,0.0
2,18,not_(x[4]),True,not_(x[4]),0.20238095238095233,e9bf358728c366c73b72393d204b8cd2,0.20238095238095233,False,0.0
2,18,not_(x[6]),True,not_(x[6]),0.20238095238095233,c236778dc5683a72bff278f68dd0aee1,0.20238095238095233,False,0.0
2,18,not_(x[4]),True,not_(x[4]),0.20238095238095233,e9bf358728c366c73b72393d204b8cd2,0.20238095238095233,False,0.0
2,18,not_(x[4]),True,not_(x[4]),0.20238095238095233,e9bf358728c366c73b72393d204b8cd2,0.20238095238095233,False,0.0
2,18,"not_(and_(x[6],x[6]))",True,not_(x[6]),0.20238095238095233,c236778dc5683a72bff278f68dd0aee1,0.20238095238095233,False,0.0
2,18,not_(x[6]),True,not_(x[6]),0.20238095238095233,c236778dc5683a72bff278f68dd0aee1,0.20238095238095233,False,0.0
2,18,not_(x[6]),True,not_(x[6]),0.20238095238095233,c236778dc5683a72bff278f68dd0aee1,0.20238095238095233,False,0.0
2,18,not_(x[4]),True,not_(x[4]),0.20238095238095233,e9bf358728c366c73b72393d204b8cd2,0.20238095238095233,False,0.0
2,18,not_(x[6]),True,not_(x[6]),0.20238095238095233,c236778dc5683a72bff278f68dd0aee1,0.20238095238095233,False,0.0
2,18,"not_(and_(x[6],x[4]))",True,not_(x[4]),0.20238095238095233,e9bf358728c366c73b72393d204b8cd2,0.20238095238095233,False,0.0
2,18,not_(x[6]),True,not_(x[6]),0.20238095238095233,c236778dc5683a72bff278f68dd0aee1,0.20238095238095233,False,0.0
2,18,not_(x[4]),True,not_(x[4]),0.20238095238095233,e9bf358728c366c73b72393d204b8cd2,0.20238095238095233,False,0.0
2,18,not_(x[6]),True,not_(x[6]),0.20238095238095233,c236778dc5683a72bff278f68dd0aee1,0.20238095238095233,False,0.0
2,18,"not_(or_(x[6],x[6]))",True,not_(x[6]),0.20238095238095233,c236778dc5683a72bff278f68dd0aee1,0.20238095238095233,False,0.0
2,18,not_(x[6]),True,not_(x[6]),0.20238095238095233,c236778dc5683a72bff278f68dd0aee1,0.20238095238095233,False,0.0
2,18,not_(x[4]),True,not_(x[4]),0.20238095238095233,e9bf358728c366c73b72393d204b8cd2,0.20238095238095233,False,0.0
2,18,not_(x[6]),True,not_(x[6]),0.20238095238095233,c236778dc5683a72bff278f68dd0aee1,0.20238095238095233,False,0.0
2,18,not_(x[6]),True,not_(x[6]),0.20238095238095233,c236778dc5683a72bff278f68dd0aee1,0.20238095238095233,False,0.0
2,18,not_(x[4]),True,not_(x[4]),0.20238095238095233,e9bf358728c366c73b72393d204b8cd2,0.20238095238095233,False,0.0
2,18,not_(x[6]),True,not_(x[6]),0.20238095238095233,c236778dc5683a72bff278f68dd0aee1,0.20238095238095233,False,0.0
2,18,not_(x[6]),True,not_(x[6]),0.20238095238095233,c236778dc5683a72bff278f68dd0aee1,0.20238095238095233,False,0.0
2,18,not_(x[6]),True,not_(x[6]),0.20238095238095233,c236778dc5683a72bff278f68dd0aee1,0.20238095238095233,False,0.0
2,18,not_(x[4]),True,not_(x[4]),0.20238095238095233,e9bf358728c366c73b72393d204b8cd2,0.20238095238095233,False,0.0
2,18,not_(x[4]),True,not_(x[4]),0.20238095238095233,e9bf358728c366c73b72393d204b8cd2,0.20238095238095233,False,0.0
2,18,"not_(or_(x[6],x[4]))",True,not_(x[6]),0.20238095238095233,c236778dc5683a72bff278f68dd0aee1,0.20238095238095233,False,0.0
2,18,not_(x[6]),True,not_(x[6]),0.20238095238095233,c236778dc5683a72bff278f68dd0aee1,0.20238095238095233,False,0.0
2,18,not_(x[6]),True,not_(x[6]),0.20238095238095233,c236778dc5683a72bff278f68dd0aee1,0.20238095238095233,False,0.0
2,18,not_(x[6]),True,not_(x[6]),0.20238095238095233,c236778dc5683a72bff278f68dd0aee1,0.20238095238095233,False,0.0
2,18,"not_(or_(x[4],x[4]))",True,not_(x[4]),0.20238095238095233,e9bf358728c366c73b72393d204b8cd2,0.20238095238095233,False,0.0
2,18,not_(x[4]),True,not_(x[4]),0.20238095238095233,e9bf358728c366c73b72393d204b8cd2,0.20238095238095233,False,0.0
2,18,not_(x[6]),True,not_(x[6]),0.20238095238095233,c236778dc5683a72bff278f68dd0aee1,0.20238095238095233,False,0.0
2,18,not_(x[6]),True,not_(x[6]),0.20238095238095233,c236778dc5683a72bff278f68dd0aee1,0.20238095238095233,False,0.0
2,18,not_(x[6]),True,not_(x[6]),0.20238095238095233,c236778dc5683a72bff278f68dd0aee1,0.20238095238095233,False,0.0
2,18,not_(x[6]),True,not_(x[6]),0.20238095238095233,c236778dc5683a72bff278f68dd0aee1,0.20238095238095233,False,0.0
2,18,not_(x[4]),True,not_(x[4]),0.20238095238095233,e9bf358728c366c73b72393d204b8cd2,0.20238095238095233,False,0.0
2,18,not_(x[6]),True,not_(x[6]),0.20238095238095233,c236778dc5683a72bff278f68dd0aee1,0.20238095238095233,False,0.0
2,18,not_(x[4]),True,not_(x[4]),0.20238095238095233,e9bf358728c366c73b72393d204b8cd2,0.20238095238095233,False,0.0
2,18,not_(x[6]),True,not_(x[6]),0.20238095238095233,c236778dc5683a72bff278f68dd0aee1,0.20238095238095233,False,0.0
2,18,not_(x[4]),True,not_(x[4]),0.20238095238095233,e9bf358728c366c73b72393d204b8cd2,0.20238095238095233,False,0.0
2,18,"less_than_or_equal(x[3],x[3])",True,"less_than_or_equal(x[3],x[3])",0.7857142857142857,3352141c4f785c0403fcb33f533f7848,0.7857142857142857,False,0.0
2,18,"less_than_or_equal(sub(x[3],x[3]),add(mul(x[2],x[0]),pdiv(mul(x[5],x[0]),add(x[3],x[3]))))",True,"less_than_or_equal(x[3],x[3])",0.7857142857142857,3352141c4f785c0403fcb33f533f7848,0.7857142857142857,False,0.0
2,18,not_(x[6]),True,not_(x[6]),0.20238095238095233,c236778dc5683a72bff278f68dd0aee1,0.20238095238095233,False,0.0
2,18,not_(x[6]),True,not_(x[6]),0.20238095238095233,c236778dc5683a72bff278f68dd0aee1,0.20238095238095233,False,0.0
2,18,not_(x[6]),True,not_(x[6]),0.20238095238095233,c236778dc5683a72bff278f68dd0aee1,0.20238095238095233,False,0.0
2,18,not_(x[6]),True,not_(x[6]),0.20238095238095233,c236778dc5683a72bff278f68dd0aee1,0.20238095238095233,False,0.0
2,18,not_(x[6]),True,not_(x[6]),0.20238095238095233,c236778dc5683a72bff278f68dd0aee1,0.20238095238095233,False,0.0
2,18,not_(x[6]),True,not_(x[6]),0.20238095238095233,c236778dc5683a72bff278f68dd0aee1,0.20238095238095233,False,0.0
2,18,not_(x[6]),True,not_(x[6]),0.20238095238095233,c236778dc5683a72bff278f68dd0aee1,0.20238095238095233,False,0.0
2,18,not_(x[6]),True,not_(x[6]),0.20238095238095233,c236778dc5683a72bff278f68dd0aee1,0.20238095238095233,False,0.0
2,18,not_(x[6]),True,not_(x[6]),0.20238095238095233,c236778dc5683a72bff278f68dd0aee1,0.20238095238095233,False,0.0
2,18,not_(x[4]),True,not_(x[4]),0.20238095238095233,e9bf358728c366c73b72393d204b8cd2,0.20238095238095233,False,0.0
2,18,not_(x[4]),True,not_(x[4]),0.20238095238095233,e9bf358728c366c73b72393d204b8cd2,0.20238095238095233,False,0.0
2,18,"not_(and_(x[6],x[6]))",True,not_(x[6]),0.20238095238095233,c236778dc5683a72bff278f68dd0aee1,0.20238095238095233,False,0.0
2,18,not_(x[6]),True,not_(x[6]),0.20238095238095233,c236778dc5683a72bff278f68dd0aee1,0.20238095238095233,False,0.0
2,18,not_(x[4]),True,not_(x[4]),0.20238095238095233,e9bf358728c366c73b72393d204b8cd2,0.20238095238095233,False,0.0
2,18,not_(x[6]),True,not_(x[6]),0.20238095238095233,c236778dc5683a72bff278f68dd0aee1,0.20238095238095233,False,0.0
2,18,not_(x[4]),True,not_(x[4]),0.20238095238095233,e9bf358728c366c73b72393d204b8cd2,0.20238095238095233,False,0.0
2,18,not_(x[4]),True,not_(x[4]),0.20238095238095233,e9bf358728c366c73b72393d204b8cd2,0.20238095238095233,False,0.0
2,18,not_(x[6]),True,not_(x[6]),0.20238095238095233,c236778dc5683a72bff278f68dd0aee1,0.20238095238095233,False,0.0
2,18,not_(x[4]),True,not_(x[4]),0.20238095238095233,e9bf358728c366c73b72393d204b8cd2,0.20238095238095233,False,0.0
2,18,not_(x[6]),True,not_(x[6]),0.20238095238095233,c236778dc5683a72bff278f68dd0aee1,0.20238095238095233,False,0.0
2,18,not_(x[6]),True,not_(x[6]),0.20238095238095233,c236778dc5683a72bff278f68dd0aee1,0.20238095238095233,False,0.0
2,18,not_(x[6]),True,not_(x[6]),0.20238095238095233,c236778dc5683a72bff278f68dd0aee1,0.20238095238095233,False,0.0
2,18,not_(x[4]),True,not_(x[4]),0.20238095238095233,e9bf358728c366c73b72393d204b8cd2,0.20238095238095233,False,0.0
2,18,not_(x[4]),True,not_(x[4]),0.20238095238095233,e9bf358728c366c73b72393d204b8cd2,0.20238095238095233,False,0.0
2,18,"not_(and_(x[6],greater_than_or_equal(x[2], x[0])))",False,,,3871948ccb16fdc3c69d1f5eb294369c,0.3571428571428571,False,0.0
2,18,not_(x[6]),True,not_(x[6]),0.20238095238095233,c236778dc5683a72bff278f68dd0aee1,0.20238095238095233,False,0.0
2,18,not_(x[4]),True,not_(x[4]),0.20238095238095233,e9bf358728c366c73b72393d204b8cd2,0.20238095238095233,False,0.0
2,18,not_(x[4]),True,not_(x[4]),0.20238095238095233,e9bf358728c366c73b72393d204b8cd2,0.20238095238095233,False,0.0
2,18,not_(x[6]),True,not_(x[6]),0.20238095238095233,c236778dc5683a72bff278f68dd0aee1,0.20238095238095233,False,0.0
2,18,not_(x[6]),True,not_(x[6]),0.20238095238095233,c236778dc5683a72bff278f68dd0aee1,0.20238095238095233,False,0.0
2,18,not_(x[4]),True,not_(x[4]),0.20238095238095233,e9bf358728c366c73b72393d204b8cd2,0.20238095238095233,False,0.0
2,18,not_(x[4]),True,not_(x[4]),0.20238095238095233,e9bf358728c366c73b72393d204b8cd2,0.20238095238095233,False,0.0
2,18,not_(x[4]),True,not_(x[4]),0.20238095238095233,e9bf358728c366c73b72393d204b8cd2,0.20238095238095233,False,0.0
2,18,not_(x[4]),True,not_(x[4]),0.20238095238095233,e9bf358728c366c73b72393d204b8cd2,0.20238095238095233,False,0.0
2,18,not_(x[6]),True,not_(x[6]),0.20238095238095233,c236778dc5683a72bff278f68dd0aee1,0.20238095238095233,False,0.0
2,18,not_(x[6]),True,not_(x[6]),0.20238095238095233,c236778dc5683a72bff278f68dd0aee1,0.20238095238095233,False,0.0
2,18,"less_than_or_equal(sub(add(x[0],x[5]),mul(x[2],x[0])),pdiv(mul(x[3],x[3]),x[3]))",False,,,4d24991b37dfd550c805dc2dc8f7d457,0.20238095238095233,False,0.0
2,18,not_(x[6]),True,not_(x[6]),0.20238095238095233,c236778dc5683a72bff278f68dd0aee1,0.20238095238095233,False,0.0
2,18,not_(x[6]),True,not_(x[6]),0.20238095238095233,c236778dc5683a72bff278f68dd0aee1,0.20238095238095233,False,0.0
2,18,not_(x[4]),True,not_(x[4]),0.20238095238095233,e9bf358728c366c73b72393d204b8cd2,0.20238095238095233,False,0.0
2,18,not_(x[6]),True,not_(x[6]),0.20238095238095233,c236778dc5683a72bff278f68dd0aee1,0.20238095238095233,False,0.0
2,18,not_(x[6]),True,not_(x[6]),0.20238095238095233,c236778dc5683a72bff278f68dd0aee1,0.20238095238095233,False,0.0
2,18,not_(x[6]),True,not_(x[6]),0.20238095238095233,c236778dc5683a72bff278f68dd0aee1,0.20238095238095233,False,0.0
2,18,not_(x[4]),True,not_(x[4]),0.20238095238095233,e9bf358728c366c73b72393d204b8cd2,0.20238095238095233,False,0.0
2,18,not_(x[4]),True,not_(x[4]),0.20238095238095233,e9bf358728c366c73b72393d204b8cd2,0.20238095238095233,False,0.0
2,18,"not_(or_(x[6],x[6]))",True,not_(x[6]),0.20238095238095233,c236778dc5683a72bff278f68dd0aee1,0.20238095238095233,False,0.0
2,18,not_(x[4]),True,not_(x[4]),0.20238095238095233,e9bf358728c366c73b72393d204b8cd2,0.20238095238095233,False,0.0
2,18,not_(x[6]),True,not_(x[6]),0.20238095238095233,c236778dc5683a72bff278f68dd0aee1,0.20238095238095233,False,0.0
2,18,not_(x[4]),True,not_(x[4]),0.20238095238095233,e9bf358728c366c73b72393d204b8cd2,0.20238095238095233,False,0.0
2,18,not_(x[4]),True,not_(x[4]),0.20238095238095233,e9bf358728c366c73b72393d204b8cd2,0.20238095238095233,False,0.0
2,18,not_(x[6]),True,not_(x[6]),0.20238095238095233,c236778dc5683a72bff278f68dd0aee1,0.20238095238095233,False,0.0
2,18,not_(x[4]),True,not_(x[4]),0.20238095238095233,e9bf358728c366c73b72393d204b8cd2,0.20238095238095233,False,0.0
2,18,not_(x[6]),True,not_(x[6]),0.20238095238095233,c236778dc5683a72bff278f68dd0aee1,0.20238095238095233,False,0.0
2,18,not_(x[6]),True,not_(x[6]),0.20238095238095233,c236778dc5683a72bff278f68dd0aee1,0.20238095238095233,False,0.0
2,18,not_(x[6]),True,not_(x[6]),0.20238095238095233,c236778dc5683a72bff278f68dd0aee1,0.20238095238095233,False,0.0
2,18,not_(x[6]),True,not_(x[6]),0.20238095238095233,c236778dc5683a72bff278f68dd0aee1,0.20238095238095233,False,0.0
2,18,not_(x[6]),True,not_(x[6]),0.20238095238095233,c236778dc5683a72bff278f68dd0aee1,0.20238095238095233,False,0.0
2,18,not_(x[6]),True,not_(x[6]),0.20238095238095233,c236778dc5683a72bff278f68dd0aee1,0.20238095238095233,False,0.0
2,18,not_(x[6]),True,not_(x[6]),0.20238095238095233,c236778dc5683a72bff278f68dd0aee1,0.20238095238095233,False,0.0
2,18,"and_(x[6],x[6])",True,"or_(not_(greater_than_or_equal(x[3], x[3])),x[6])",0.7976190476190477,dabf352ca9fc16fe7897b3fa7e73f5cb,0.7976190476190477,False,0.0
2,18,not_(x[6]),True,not_(x[6]),0.20238095238095233,c236778dc5683a72bff278f68dd0aee1,0.20238095238095233,False,0.0
2,18,not_(x[6]),True,not_(x[6]),0.20238095238095233,c236778dc5683a72bff278f68dd0aee1,0.20238095238095233,False,0.0
2,18,not_(x[4]),True,not_(x[4]),0.20238095238095233,e9bf358728c366c73b72393d204b8cd2,0.20238095238095233,False,0.0
2,18,not_(x[4]),True,not_(x[4]),0.20238095238095233,e9bf358728c366c73b72393d204b8cd2,0.20238095238095233,False,0.0
2,18,not_(x[4]),True,not_(x[4]),0.20238095238095233,e9bf358728c366c73b72393d204b8cd2,0.20238095238095233,False,0.0
2,18,not_(x[6]),True,not_(x[6]),0.20238095238095233,c236778dc5683a72bff278f68dd0aee1,0.20238095238095233,False,0.0
2,18,"not_(or_(x[6],x[6]))",True,not_(x[6]),0.20238095238095233,c236778dc5683a72bff278f68dd0aee1,0.20238095238095233,False,0.0
2,18,not_(x[6]),True,not_(x[6]),0.20238095238095233,c236778dc5683a72bff278f68dd0aee1,0.20238095238095233,False,0.0
2,18,not_(x[6]),True,not_(x[6]),0.20238095238095233,c236778dc5683a72bff278f68dd0aee1,0.20238095238095233,False,0.0
2,18,not_(x[4]),True,not_(x[4]),0.20238095238095233,e9bf358728c366c73b72393d204b8cd2,0.20238095238095233,False,0.0
2,18,not_(x[6]),True,not_(x[6]),0.20238095238095233,c236778dc5683a72bff278f68dd0aee1,0.20238095238095233,False,0.0
2,18,not_(x[4]),True,not_(x[4]),0.20238095238095233,e9bf358728c366c73b72393d204b8cd2,0.20238095238095233,False,0.0
2,18,"not_(or_(x[4],x[6]))",True,not_(x[6]),0.20238095238095233,c236778dc5683a72bff278f68dd0aee1,0.20238095238095233,False,0.0
2,18,not_(x[4]),True,not_(x[4]),0.20238095238095233,e9bf358728c366c73b72393d204b8cd2,0.20238095238095233,False,0.0
2,18,not_(x[4]),True,not_(x[4]),0.20238095238095233,e9bf358728c366c73b72393d204b8cd2,0.20238095238095233,False,0.0
2,18,not_(x[4]),True,not_(x[4]),0.20238095238095233,e9bf358728c366c73b72393d204b8cd2,0.20238095238095233,False,0.0
2,18,not_(x[6]),True,not_(x[6]),0.20238095238095233,c236778dc5683a72bff278f68dd0aee1,0.20238095238095233,False,0.0
2,18,not_(x[6]),True,not_(x[6]),0.20238095238095233,c236778dc5683a72bff278f68dd0aee1,0.20238095238095233,False,0.0
2,18,not_(x[4]),True,not_(x[4]),0.20238095238095233,e9bf358728c366c73b72393d204b8cd2,0.20238095238095233,False,0.0
2,18,not_(x[6]),True,not_(x[6]),0.20238095238095233,c236778dc5683a72bff278f68dd0aee1,0.20238095238095233,False,0.0
2,18,not_(x[6]),True,not_(x[6]),0.20238095238095233,c236778dc5683a72bff278f68dd0aee1,0.20238095238095233,False,0.0
2,18,not_(x[4]),True,not_(x[4]),0.20238095238095233,e9bf358728c366c73b72393d204b8cd2,0.20238095238095233,False,0.0
2,18,"or_(x[6],and_(x[6],x[6]))",True,"or_(not_(greater_than_or_equal(x[3], x[3])),x[6])",0.7976190476190477,dabf352ca9fc16fe7897b3fa7e73f5cb,0.7976190476190477,False,0.0
2,18,not_(x[4]),True,not_(x[4]),0.20238095238095233,e9bf358728c366c73b72393d204b8cd2,0.20238095238095233,False,0.0
2,18,not_(x[6]),True,not_(x[6]),0.20238095238095233,c236778dc5683a72bff278f68dd0aee1,0.20238095238095233,False,0.0
2,18,not_(x[6]),True,not_(x[6]),0.20238095238095233,c236778dc5683a72bff278f68dd0aee1,0.20238095238095233,False,0.0
2,18,"not_(or_(x[6],x[6]))",True,not_(x[6]),0.20238095238095233,c236778dc5683a72bff278f68dd0aee1,0.20238095238095233,False,0.0
2,18,not_(x[4]),True,not_(x[4]),0.20238095238095233,e9bf358728c366c73b72393d204b8cd2,0.20238095238095233,False,0.0
2,18,not_(x[4]),True,not_(x[4]),0.20238095238095233,e9bf358728c366c73b72393d204b8cd2,0.20238095238095233,False,0.0
2,18,not_(x[6]),True,not_(x[6]),0.20238095238095233,c236778dc5683a72bff278f68dd0aee1,0.20238095238095233,False,0.0
2,18,not_(x[6]),True,not_(x[6]),0.20238095238095233,c236778dc5683a72bff278f68dd0aee1,0.20238095238095233,False,0.0
2,18,not_(x[6]),True,not_(x[6]),0.20238095238095233,c236778dc5683a72bff278f68dd0aee1,0.20238095238095233,False,0.0
2,18,not_(x[6]),True,not_(x[6]),0.20238095238095233,c236778dc5683a72bff278f68dd0aee1,0.20238095238095233,False,0.0
2,18,"not_(or_(x[6],x[6]))",True,not_(x[6]),0.20238095238095233,c236778dc5683a72bff278f68dd0aee1,0.20238095238095233,False,0.0
2,18,not_(x[6]),True,not_(x[6]),0.20238095238095233,c236778dc5683a72bff278f68dd0aee1,0.20238095238095233,False,0.0
2,18,not_(x[4]),True,not_(x[4]),0.20238095238095233,e9bf358728c366c73b72393d204b8cd2,0.20238095238095233,False,0.0
2,18,not_(x[4]),True,not_(x[4]),0.20238095238095233,e9bf358728c366c73b72393d204b8cd2,0.20238095238095233,False,0.0
2,18,not_(x[6]),True,not_(x[6]),0.20238095238095233,c236778dc5683a72bff278f68dd0aee1,0.20238095238095233,False,0.0
2,18,"not_(or_(x[6],x[4]))",True,not_(x[6]),0.20238095238095233,c236778dc5683a72bff278f68dd0aee1,0.20238095238095233,False,0.0
2,18,not_(x[4]),True,not_(x[4]),0.20238095238095233,e9bf358728c366c73b72393d204b8cd2,0.20238095238095233,False,0.0
2,18,not_(x[6]),True,not_(x[6]),0.20238095238095233,c236778dc5683a72bff278f68dd0aee1,0.20238095238095233,False,0.0
2,18,not_(x[6]),True,not_(x[6]),0.20238095238095233,c236778dc5683a72bff278f68dd0aee1,0.20238095238095233,False,0.0
2,18,not_(x[6]),True,not_(x[6]),0.20238095238095233,c236778dc5683a72bff278f68dd0aee1,0.20238095238095233,False,0.0
2,18,not_(x[6]),True,not_(x[6]),0.20238095238095233,c236778dc5683a72bff278f68dd0aee1,0.20238095238095233,False,0.0
2,18,not_(x[6]),True,not_(x[6]),0.20238095238095233,c236778dc5683a72bff278f68dd0aee1,0.20238095238095233,False,0.0
2,18,"less_than_or_equal(sub(add(x[0],x[5]),mul(add(sub(67.97,x[0]),add(x[0],add(x[2],x[3]))),mul(x[3],sub(x[5],mul(x[5],x[2]))))),x[2])",True,"less_than_or_equal(sub(add(x[0],x[5]),mul(24.21,x[3])),x[2])",0.7619047619047619,039a83a10fef0f7b37b97bfa55faa2f2,0.75,True,-0.011904761904761862
2,18,not_(x[6]),True,not_(x[6]),0.20238095238095233,c236778dc5683a72bff278f68dd0aee1,0.20238095238095233,False,0.0
2,18,not_(x[6]),True,not_(x[6]),0.20238095238095233,c236778dc5683a72bff278f68dd0aee1,0.20238095238095233,False,0.0
2,18,not_(x[4]),True,not_(x[4]),0.20238095238095233,e9bf358728c366c73b72393d204b8cd2,0.20238095238095233,False,0.0
2,18,not_(x[4]),True,not_(x[4]),0.20238095238095233,e9bf358728c366c73b72393d204b8cd2,0.20238095238095233,False,0.0
2,18,"not_(or_(x[1],x[6]))",True,"less_than_or_equal(53.67,mul(x[3],x[3]))",0.2142857142857143,2cece411320c1d56790d65c80cc8f440,0.2142857142857143,False,0.0
2,18,not_(x[6]),True,not_(x[6]),0.20238095238095233,c236778dc5683a72bff278f68dd0aee1,0.20238095238095233,False,0.0
2,18,not_(x[6]),True,not_(x[6]),0.20238095238095233,c236778dc5683a72bff278f68dd0aee1,0.20238095238095233,False,0.0
2,18,not_(x[6]),True,not_(x[6]),0.20238095238095233,c236778dc5683a72bff278f68dd0aee1,0.20238095238095233,False,0.0
2,18,not_(x[6]),True,not_(x[6]),0.20238095238095233,c236778dc5683a72bff278f68dd0aee1,0.20238095238095233,False,0.0
2,18,not_(x[6]),True,not_(x[6]),0.20238095238095233,c236778dc5683a72bff278f68dd0aee1,0.20238095238095233,False,0.0
2,18,not_(x[4]),True,not_(x[4]),0.20238095238095233,e9bf358728c366c73b72393d204b8cd2,0.20238095238095233,False,0.0
2,18,"not_(and_(x[6],x[6]))",True,not_(x[6]),0.20238095238095233,c236778dc5683a72bff278f68dd0aee1,0.20238095238095233,False,0.0
2,18,not_(x[6]),True,not_(x[6]),0.20238095238095233,c236778dc5683a72bff278f68dd0aee1,0.20238095238095233,False,0.0
2,18,not_(x[4]),True,not_(x[4]),0.20238095238095233,e9bf358728c366c73b72393d204b8cd2,0.20238095238095233,False,0.0
2,18,not_(x[6]),True,not_(x[6]),0.20238095238095233,c236778dc5683a72bff278f68dd0aee1,0.20238095238095233,False,0.0
2,18,not_(x[4]),True,not_(x[4]),0.20238095238095233,e9bf358728c366c73b72393d204b8cd2,0.20238095238095233,False,0.0
2,18,not_(x[6]),True,not_(x[6]),0.20238095238095233,c236778dc5683a72bff278f68dd0aee1,0.20238095238095233,False,0.0
2,18,not_(x[6]),True,not_(x[6]),0.20238095238095233,c236778dc5683a72bff278f68dd0aee1,0.20238095238095233,False,0.0
2,18,not_(x[6]),True,not_(x[6]),0.20238095238095233,c236778dc5683a72bff278f68dd0aee1,0.20238095238095233,False,0.0
2,18,"less_than_or_equal(sub(add(x[0],x[5]),mul(x[2],x[0])),pdiv(mul(x[5],x[0]),add(x[3],x[5])))",True,"less_than_or_equal(53.67,mul(x[3],x[3]))",0.2142857142857143,2cece411320c1d56790d65c80cc8f440,0.22619047619047616,True,0.011904761904761862
2,18,not_(x[6]),True,not_(x[6]),0.20238095238095233,c236778dc5683a72bff278f68dd0aee1,0.20238095238095233,False,0.0
2,18,not_(x[6]),True,not_(x[6]),0.20238095238095233,c236778dc5683a72bff278f68dd0aee1,0.20238095238095233,False,0.0
2,18,not_(x[6]),True,not_(x[6]),0.20238095238095233,c236778dc5683a72bff278f68dd0aee1,0.20238095238095233,False,0.0
2,18,not_(x[6]),True,not_(x[6]),0.20238095238095233,c236778dc5683a72bff278f68dd0aee1,0.20238095238095233,False,0.0
2,18,not_(x[6]),True,not_(x[6]),0.20238095238095233,c236778dc5683a72bff278f68dd0aee1,0.20238095238095233,False,0.0
2,18,not_(x[6]),True,not_(x[6]),0.20238095238095233,c236778dc5683a72bff278f68dd0aee1,0.20238095238095233,False,0.0
2,18,not_(x[4]),True,not_(x[4]),0.20238095238095233,e9bf358728c366c73b72393d204b8cd2,0.20238095238095233,False,0.0
2,18,not_(x[4]),True,not_(x[4]),0.20238095238095233,e9bf358728c366c73b72393d204b8cd2,0.20238095238095233,False,0.0
2,18,not_(x[4]),True,not_(x[4]),0.20238095238095233,e9bf358728c366c73b72393d204b8cd2,0.20238095238095233,False,0.0
2,18,not_(x[4]),True,not_(x[4]),0.20238095238095233,e9bf358728c366c73b72393d204b8cd2,0.20238095238095233,False,0.0
2,18,"less_than_or_equal(sub(add(x[0],x[5]),mul(x[2],x[0])),pdiv(mul(x[5],x[0]),mul(x[0],x[3])))",True,"less_than_or_equal(x[3],x[3])",0.7857142857142857,3352141c4f785c0403fcb33f533f7848,0.75,True,-0.0357142857142857
2,18,not_(x[6]),True,not_(x[6]),0.20238095238095233,c236778dc5683a72bff278f68dd0aee1,0.20238095238095233,False,0.0
2,18,not_(x[4]),True,not_(x[4]),0.20238095238095233,e9bf358728c366c73b72393d204b8cd2,0.20238095238095233,False,0.0
2,18,not_(x[6]),True,not_(x[6]),0.20238095238095233,c236778dc5683a72bff278f68dd0aee1,0.20238095238095233,False,0.0
2,18,not_(x[6]),True,not_(x[6]),0.20238095238095233,c236778dc5683a72bff278f68dd0aee1,0.20238095238095233,False,0.0
2,18,not_(x[6]),True,not_(x[6]),0.20238095238095233,c236778dc5683a72bff278f68dd0aee1,0.20238095238095233,False,0.0
2,18,not_(x[6]),True,not_(x[6]),0.20238095238095233,c236778dc5683a72bff278f68dd0aee1,0.20238095238095233,False,0.0
2,18,"not_(less_than_or_equal(pdiv(x[3],mul(x[3],sub(x[5],mul(x[5],x[2])))),x[2]))",True,"less_than_or_equal(x[3],x[3])",0.7857142857142857,3352141c4f785c0403fcb33f533f7848,0.7857142857142857,False,0.0
2,18,"less_than_or_equal(sub(add(x[0],x[5]),mul(x[2],x[0])),pdiv(mul(x[5],x[0]),x[3]))",False,,,89649ef4603bb23e27cab1a24cae4178,0.5952380952380952,False,0.0
2,18,not_(x[6]),True,not_(x[6]),0.20238095238095233,c236778dc5683a72bff278f68dd0aee1,0.20238095238095233,False,0.0
2,18,not_(x[4]),True,not_(x[4]),0.20238095238095233,e9bf358728c366c73b72393d204b8cd2,0.20238095238095233,False,0.0
2,18,not_(x[4]),True,not_(x[4]),0.20238095238095233,e9bf358728c366c73b72393d204b8cd2,0.20238095238095233,False,0.0
2,18,not_(x[4]),True,not_(x[4]),0.20238095238095233,e9bf358728c366c73b72393d204b8cd2,0.20238095238095233,False,0.0
2,18,not_(x[6]),True,not_(x[6]),0.20238095238095233,c236778dc5683a72bff278f68dd0aee1,0.20238095238095233,False,0.0
2,18,"not_(and_(x[6],x[4]))",True,not_(x[4]),0.20238095238095233,e9bf358728c366c73b72393d204b8cd2,0.20238095238095233,False,0.0
2,18,not_(x[6]),True,not_(x[6]),0.20238095238095233,c236778dc5683a72bff278f68dd0aee1,0.20238095238095233,False,0.0
2,18,not_(x[4]),True,not_(x[4]),0.20238095238095233,e9bf358728c366c73b72393d204b8cd2,0.20238095238095233,False,0.0
2,18,not_(x[4]),True,not_(x[4]),0.20238095238095233,e9bf358728c366c73b72393d204b8cd2,0.20238095238095233,False,0.0
2,18,not_(x[6]),True,not_(x[6]),0.20238095238095233,c236778dc5683a72bff278f68dd0aee1,0.20238095238095233,False,0.0
2,18,"less_than_or_equal(sub(add(x[0],x[5]),mul(x[2],x[0])),pdiv(mul(x[5],x[0]),add(x[2],x[3])))",True,"less_than_or_equal(sub(add(x[0],x[5]),mul(x[2],x[0])),pdiv(mul(x[5],x[0]),add(x[2],x[3])))",0.19047619047619047,58cc4f21233e882751aa955999da1daf,0.13636363636363635,True,-0.05411255411255411
2,19,not_(x[6]),True,not_(x[6]),0.20238095238095233,c236778dc5683a72bff278f68dd0aee1,0.20238095238095233,False,0.0
2,19,"not_(and_(x[6],x[6]))",True,not_(x[6]),0.20238095238095233,c236778dc5683a72bff278f68dd0aee1,0.20238095238095233,False,0.0
2,19,not_(x[6]),True,not_(x[6]),0.20238095238095233,c236778dc5683a72bff278f68dd0aee1,0.20238095238095233,False,0.0
2,19,not_(x[6]),True,not_(x[6]),0.20238095238095233,c236778dc5683a72bff278f68dd0aee1,0.20238095238095233,False,0.0
2,19,not_(x[6]),True,not_(x[6]),0.20238095238095233,c236778dc5683a72bff278f68dd0aee1,0.20238095238095233,False,0.0
2,19,not_(x[4]),True,not_(x[4]),0.20238095238095233,e9bf358728c366c73b72393d204b8cd2,0.20238095238095233,False,0.0
2,19,not_(x[6]),True,not_(x[6]),0.20238095238095233,c236778dc5683a72bff278f68dd0aee1,0.20238095238095233,False,0.0
2,19,not_(x[6]),True,not_(x[6]),0.20238095238095233,c236778dc5683a72bff278f68dd0aee1,0.20238095238095233,False,0.0
2,19,not_(x[6]),True,not_(x[6]),0.20238095238095233,c236778dc5683a72bff278f68dd0aee1,0.20238095238095233,False,0.0
2,19,not_(x[6]),True,not_(x[6]),0.20238095238095233,c236778dc5683a72bff278f68dd0aee1,0.20238095238095233,False,0.0
2,19,not_(x[6]),True,not_(x[6]),0.20238095238095233,c236778dc5683a72bff278f68dd0aee1,0.20238095238095233,False,0.0
2,19,not_(x[4]),True,not_(x[4]),0.20238095238095233,e9bf358728c366c73b72393d204b8cd2,0.20238095238095233,False,0.0
2,19,"less_than_or_equal(sub(add(x[0],x[5]),add(x[5],mul(x[0],x[5]))),mul(x[2],x[0]))",False,,,7a3542cff2267c6d718785f814f215a4,0.7976190476190477,False,0.0
2,19,not_(x[6]),True,not_(x[6]),0.20238095238095233,c236778dc5683a72bff278f68dd0aee1,0.20238095238095233,False,0.0
2,19,not_(x[4]),True,not_(x[4]),0.20238095238095233,e9bf358728c366c73b72393d204b8cd2,0.20238095238095233,False,0.0
2,19,not_(x[6]),True,not_(x[6]),0.20238095238095233,c236778dc5683a72bff278f68dd0aee1,0.20238095238095233,False,0.0
2,19,not_(x[6]),True,not_(x[6]),0.20238095238095233,c236778dc5683a72bff278f68dd0aee1,0.20238095238095233,False,0.0
2,19,"not_(greater_than_or_equal(x[3], x[0]))",True,"not_(less_than_or_equal(x[0],x[3]))",0.6904761904761905,69b7079eff0a1995f9f7902c57e9c2f8,0.6904761904761905,False,0.0
2,19,not_(x[6]),True,not_(x[6]),0.20238095238095233,c236778dc5683a72bff278f68dd0aee1,0.20238095238095233,False,0.0
2,19,not_(x[6]),True,not_(x[6]),0.20238095238095233,c236778dc5683a72bff278f68dd0aee1,0.20238095238095233,False,0.0
2,19,not_(x[4]),True,not_(x[4]),0.20238095238095233,e9bf358728c366c73b72393d204b8cd2,0.20238095238095233,False,0.0
2,19,not_(x[6]),True,not_(x[6]),0.20238095238095233,c236778dc5683a72bff278f68dd0aee1,0.20238095238095233,False,0.0
2,19,not_(x[6]),True,not_(x[6]),0.20238095238095233,c236778dc5683a72bff278f68dd0aee1,0.20238095238095233,False,0.0
2,19,not_(x[6]),True,not_(x[6]),0.20238095238095233,c236778dc5683a72bff278f68dd0aee1,0.20238095238095233,False,0.0
2,19,not_(x[4]),True,not_(x[4]),0.20238095238095233,e9bf358728c366c73b72393d204b8cd2,0.20238095238095233,False,0.0
2,19,not_(x[6]),True,not_(x[6]),0.20238095238095233,c236778dc5683a72bff278f68dd0aee1,0.20238095238095233,False,0.0
2,19,not_(x[6]),True,not_(x[6]),0.20238095238095233,c236778dc5683a72bff278f68dd0aee1,0.20238095238095233,False,0.0
2,19,"greater_than_or_equal(x[0], x[3])",True,"less_than_or_equal(x[3],x[0])",0.6785714285714286,5a7fa7598a94110765df057a90bf819f,0.6785714285714286,False,0.0
2,19,not_(x[6]),True,not_(x[6]),0.20238095238095233,c236778dc5683a72bff278f68dd0aee1,0.20238095238095233,False,0.0
2,19,not_(x[4]),True,not_(x[4]),0.20238095238095233,e9bf358728c366c73b72393d204b8cd2,0.20238095238095233,False,0.0
2,19,not_(x[6]),True,not_(x[6]),0.20238095238095233,c236778dc5683a72bff278f68dd0aee1,0.20238095238095233,False,0.0
2,19,not_(x[6]),True,not_(x[6]),0.20238095238095233,c236778dc5683a72bff278f68dd0aee1,0.20238095238095233,False,0.0
2,19,not_(x[6]),True,not_(x[6]),0.20238095238095233,c236778dc5683a72bff278f68dd0aee1,0.20238095238095233,False,0.0
2,19,not_(x[6]),True,not_(x[6]),0.20238095238095233,c236778dc5683a72bff278f68dd0aee1,0.20238095238095233,False,0.0
2,19,"not_(or_(x[6],or_(x[4],x[6])))",True,not_(x[6]),0.20238095238095233,c236778dc5683a72bff278f68dd0aee1,0.20238095238095233,False,0.0
2,19,not_(x[6]),True,not_(x[6]),0.20238095238095233,c236778dc5683a72bff278f68dd0aee1,0.20238095238095233,False,0.0
2,19,not_(x[6]),True,not_(x[6]),0.20238095238095233,c236778dc5683a72bff278f68dd0aee1,0.20238095238095233,False,0.0
2,19,not_(x[6]),True,not_(x[6]),0.20238095238095233,c236778dc5683a72bff278f68dd0aee1,0.20238095238095233,False,0.0
2,19,not_(x[6]),True,not_(x[6]),0.20238095238095233,c236778dc5683a72bff278f68dd0aee1,0.20238095238095233,False,0.0
2,19,"not_(and_(x[6],x[4]))",True,not_(x[4]),0.20238095238095233,e9bf358728c366c73b72393d204b8cd2,0.20238095238095233,False,0.0
2,19,not_(x[4]),True,not_(x[4]),0.20238095238095233,e9bf358728c366c73b72393d204b8cd2,0.20238095238095233,False,0.0
2,19,"not_(or_(x[6],x[6]))",True,not_(x[6]),0.20238095238095233,c236778dc5683a72bff278f68dd0aee1,0.20238095238095233,False,0.0
2,19,not_(x[6]),True,not_(x[6]),0.20238095238095233,c236778dc5683a72bff278f68dd0aee1,0.20238095238095233,False,0.0
2,19,not_(x[6]),True,not_(x[6]),0.20238095238095233,c236778dc5683a72bff278f68dd0aee1,0.20238095238095233,False,0.0
2,19,not_(x[6]),True,not_(x[6]),0.20238095238095233,c236778dc5683a72bff278f68dd0aee1,0.20238095238095233,False,0.0
2,19,not_(x[6]),True,not_(x[6]),0.20238095238095233,c236778dc5683a72bff278f68dd0aee1,0.20238095238095233,False,0.0
2,19,not_(x[6]),True,not_(x[6]),0.20238095238095233,c236778dc5683a72bff278f68dd0aee1,0.20238095238095233,False,0.0
2,19,not_(x[6]),True,not_(x[6]),0.20238095238095233,c236778dc5683a72bff278f68dd0aee1,0.20238095238095233,False,0.0
2,19,not_(x[6]),True,not_(x[6]),0.20238095238095233,c236778dc5683a72bff278f68dd0aee1,0.20238095238095233,False,0.0
2,19,not_(x[6]),True,not_(x[6]),0.20238095238095233,c236778dc5683a72bff278f68dd0aee1,0.20238095238095233,False,0.0
2,19,not_(x[6]),True,not_(x[6]),0.20238095238095233,c236778dc5683a72bff278f68dd0aee1,0.20238095238095233,False,0.0
2,19,not_(x[4]),True,not_(x[4]),0.20238095238095233,e9bf358728c366c73b72393d204b8cd2,0.20238095238095233,False,0.0
2,19,not_(x[4]),True,not_(x[4]),0.20238095238095233,e9bf358728c366c73b72393d204b8cd2,0.20238095238095233,False,0.0
2,19,not_(x[4]),True,not_(x[4]),0.20238095238095233,e9bf358728c366c73b72393d204b8cd2,0.20238095238095233,False,0.0
2,19,not_(x[6]),True,not_(x[6]),0.20238095238095233,c236778dc5683a72bff278f68dd0aee1,0.20238095238095233,False,0.0
2,19,"and_(x[4],x[4])",True,"not_(greater_than_or_equal(sub(x[0],x[3]), x[0]))",0.7976190476190477,95cffd09c37f5560118f86148db41cd5,0.7976190476190477,False,0.0
2,19,not_(x[4]),True,not_(x[4]),0.20238095238095233,e9bf358728c366c73b72393d204b8cd2,0.20238095238095233,False,0.0
2,19,not_(x[6]),True,not_(x[6]),0.20238095238095233,c236778dc5683a72bff278f68dd0aee1,0.20238095238095233,False,0.0
2,19,not_(x[6]),True,not_(x[6]),0.20238095238095233,c236778dc5683a72bff278f68dd0aee1,0.20238095238095233,False,0.0
2,19,not_(x[6]),True,not_(x[6]),0.20238095238095233,c236778dc5683a72bff278f68dd0aee1,0.20238095238095233,False,0.0
2,19,not_(x[6]),True,not_(x[6]),0.20238095238095233,c236778dc5683a72bff278f68dd0aee1,0.20238095238095233,False,0.0
2,19,"not_(and_(x[6],x[6]))",True,not_(x[6]),0.20238095238095233,c236778dc5683a72bff278f68dd0aee1,0.20238095238095233,False,0.0
2,19,not_(x[4]),True,not_(x[4]),0.20238095238095233,e9bf358728c366c73b72393d204b8cd2,0.20238095238095233,False,0.0
2,19,not_(x[4]),True,not_(x[4]),0.20238095238095233,e9bf358728c366c73b72393d204b8cd2,0.20238095238095233,False,0.0
2,19,not_(x[6]),True,not_(x[6]),0.20238095238095233,c236778dc5683a72bff278f68dd0aee1,0.20238095238095233,False,0.0
2,19,not_(x[4]),True,not_(x[4]),0.20238095238095233,e9bf358728c366c73b72393d204b8cd2,0.20238095238095233,False,0.0
2,19,not_(x[6]),True,not_(x[6]),0.20238095238095233,c236778dc5683a72bff278f68dd0aee1,0.20238095238095233,False,0.0
2,19,not_(x[6]),True,not_(x[6]),0.20238095238095233,c236778dc5683a72bff278f68dd0aee1,0.20238095238095233,False,0.0
2,19,not_(x[4]),True,not_(x[4]),0.20238095238095233,e9bf358728c366c73b72393d204b8cd2,0.20238095238095233,False,0.0
2,19,not_(x[6]),True,not_(x[6]),0.20238095238095233,c236778dc5683a72bff278f68dd0aee1,0.20238095238095233,False,0.0
2,19,not_(x[6]),True,not_(x[6]),0.20238095238095233,c236778dc5683a72bff278f68dd0aee1,0.20238095238095233,False,0.0
2,19,not_(x[4]),True,not_(x[4]),0.20238095238095233,e9bf358728c366c73b72393d204b8cd2,0.20238095238095233,False,0.0
2,19,not_(x[6]),True,not_(x[6]),0.20238095238095233,c236778dc5683a72bff278f68dd0aee1,0.20238095238095233,False,0.0
2,19,not_(x[4]),True,not_(x[4]),0.20238095238095233,e9bf358728c366c73b72393d204b8cd2,0.20238095238095233,False,0.0
2,19,not_(x[4]),True,not_(x[4]),0.20238095238095233,e9bf358728c366c73b72393d204b8cd2,0.20238095238095233,False,0.0
2,19,not_(x[4]),True,not_(x[4]),0.20238095238095233,e9bf358728c366c73b72393d204b8cd2,0.20238095238095233,False,0.0
2,19,not_(x[6]),True,not_(x[6]),0.20238095238095233,c236778dc5683a72bff278f68dd0aee1,0.20238095238095233,False,0.0
2,19,not_(x[4]),True,not_(x[4]),0.20238095238095233,e9bf358728c366c73b72393d204b8cd2,0.20238095238095233,False,0.0
2,19,not_(x[4]),True,not_(x[4]),0.20238095238095233,e9bf358728c366c73b72393d204b8cd2,0.20238095238095233,False,0.0
2,19,not_(x[6]),True,not_(x[6]),0.20238095238095233,c236778dc5683a72bff278f68dd0aee1,0.20238095238095233,False,0.0
2,19,not_(x[6]),True,not_(x[6]),0.20238095238095233,c236778dc5683a72bff278f68dd0aee1,0.20238095238095233,False,0.0
2,19,not_(x[6]),True,not_(x[6]),0.20238095238095233,c236778dc5683a72bff278f68dd0aee1,0.20238095238095233,False,0.0
2,19,not_(x[6]),True,not_(x[6]),0.20238095238095233,c236778dc5683a72bff278f68dd0aee1,0.20238095238095233,False,0.0
2,19,not_(x[4]),True,not_(x[4]),0.20238095238095233,e9bf358728c366c73b72393d204b8cd2,0.20238095238095233,False,0.0
2,19,not_(x[6]),True,not_(x[6]),0.20238095238095233,c236778dc5683a72bff278f68dd0aee1,0.20238095238095233,False,0.0
2,19,not_(x[6]),True,not_(x[6]),0.20238095238095233,c236778dc5683a72bff278f68dd0aee1,0.20238095238095233,False,0.0
2,19,not_(x[6]),True,not_(x[6]),0.20238095238095233,c236778dc5683a72bff278f68dd0aee1,0.20238095238095233,False,0.0
2,19,not_(x[6]),True,not_(x[6]),0.20238095238095233,c236778dc5683a72bff278f68dd0aee1,0.20238095238095233,False,0.0
2,19,not_(x[6]),True,not_(x[6]),0.20238095238095233,c236778dc5683a72bff278f68dd0aee1,0.20238095238095233,False,0.0
2,19,not_(x[4]),True,not_(x[4]),0.20238095238095233,e9bf358728c366c73b72393d204b8cd2,0.20238095238095233,False,0.0
2,19,not_(x[4]),True,not_(x[4]),0.20238095238095233,e9bf358728c366c73b72393d204b8cd2,0.20238095238095233,False,0.0
2,19,not_(x[6]),True,not_(x[6]),0.20238095238095233,c236778dc5683a72bff278f68dd0aee1,0.20238095238095233,False,0.0
2,19,not_(x[4]),True,not_(x[4]),0.20238095238095233,e9bf358728c366c73b72393d204b8cd2,0.20238095238095233,False,0.0
2,19,"not_(and_(x[6],x[6]))",True,not_(x[6]),0.20238095238095233,c236778dc5683a72bff278f68dd0aee1,0.20238095238095233,False,0.0
2,19,not_(x[6]),True,not_(x[6]),0.20238095238095233,c236778dc5683a72bff278f68dd0aee1,0.20238095238095233,False,0.0
2,19,not_(x[6]),True,not_(x[6]),0.20238095238095233,c236778dc5683a72bff278f68dd0aee1,0.20238095238095233,False,0.0
2,19,not_(x[4]),True,not_(x[4]),0.20238095238095233,e9bf358728c366c73b72393d204b8cd2,0.20238095238095233,False,0.0
2,19,not_(x[6]),True,not_(x[6]),0.20238095238095233,c236778dc5683a72bff278f68dd0aee1,0.20238095238095233,False,0.0
2,19,not_(x[4]),True,not_(x[4]),0.20238095238095233,e9bf358728c366c73b72393d204b8cd2,0.20238095238095233,False,0.0
2,19,not_(x[4]),True,not_(x[4]),0.20238095238095233,e9bf358728c366c73b72393d204b8cd2,0.20238095238095233,False,0.0
2,19,not_(x[4]),True,not_(x[4]),0.20238095238095233,e9bf358728c366c73b72393d204b8cd2,0.20238095238095233,False,0.0
2,19,not_(x[6]),True,not_(x[6]),0.20238095238095233,c236778dc5683a72bff278f68dd0aee1,0.20238095238095233,False,0.0
2,19,not_(x[6]),True,not_(x[6]),0.20238095238095233,c236778dc5683a72bff278f68dd0aee1,0.20238095238095233,False,0.0
2,19,not_(x[6]),True,not_(x[6]),0.20238095238095233,c236778dc5683a72bff278f68dd0aee1,0.20238095238095233,False,0.0
2,19,not_(x[6]),True,not_(x[6]),0.20238095238095233,c236778dc5683a72bff278f68dd0aee1,0.20238095238095233,False,0.0
2,19,not_(x[4]),True,not_(x[4]),0.20238095238095233,e9bf358728c366c73b72393d204b8cd2,0.20238095238095233,False,0.0
2,19,not_(x[6]),True,not_(x[6]),0.20238095238095233,c236778dc5683a72bff278f68dd0aee1,0.20238095238095233,False,0.0
2,19,not_(x[4]),True,not_(x[4]),0.20238095238095233,e9bf358728c366c73b72393d204b8cd2,0.20238095238095233,False,0.0
2,19,not_(x[6]),True,not_(x[6]),0.20238095238095233,c236778dc5683a72bff278f68dd0aee1,0.20238095238095233,False,0.0
2,19,not_(x[6]),True,not_(x[6]),0.20238095238095233,c236778dc5683a72bff278f68dd0aee1,0.20238095238095233,False,0.0
2,19,not_(x[6]),True,not_(x[6]),0.20238095238095233,c236778dc5683a72bff278f68dd0aee1,0.20238095238095233,False,0.0
2,19,not_(x[6]),True,not_(x[6]),0.20238095238095233,c236778dc5683a72bff278f68dd0aee1,0.20238095238095233,False,0.0
2,19,"not_(and_(x[6],x[6]))",True,not_(x[6]),0.20238095238095233,c236778dc5683a72bff278f68dd0aee1,0.20238095238095233,False,0.0
2,19,not_(x[4]),True,not_(x[4]),0.20238095238095233,e9bf358728c366c73b72393d204b8cd2,0.20238095238095233,False,0.0
2,19,not_(x[6]),True,not_(x[6]),0.20238095238095233,c236778dc5683a72bff278f68dd0aee1,0.20238095238095233,False,0.0
2,19,not_(x[6]),True,not_(x[6]),0.20238095238095233,c236778dc5683a72bff278f68dd0aee1,0.20238095238095233,False,0.0
2,19,"not_(and_(x[6],x[6]))",True,not_(x[6]),0.20238095238095233,c236778dc5683a72bff278f68dd0aee1,0.20238095238095233,False,0.0
2,19,not_(x[6]),True,not_(x[6]),0.20238095238095233,c236778dc5683a72bff278f68dd0aee1,0.20238095238095233,False,0.0
2,19,not_(x[4]),True,not_(x[4]),0.20238095238095233,e9bf358728c366c73b72393d204b8cd2,0.20238095238095233,False,0.0
2,19,not_(x[1]),True,"less_than_or_equal(53.67,mul(x[3],x[3]))",0.2142857142857143,2cece411320c1d56790d65c80cc8f440,0.22619047619047616,True,0.011904761904761862
2,19,not_(x[6]),True,not_(x[6]),0.20238095238095233,c236778dc5683a72bff278f68dd0aee1,0.20238095238095233,False,0.0
2,19,not_(x[4]),True,not_(x[4]),0.20238095238095233,e9bf358728c366c73b72393d204b8cd2,0.20238095238095233,False,0.0
2,19,not_(x[4]),True,not_(x[4]),0.20238095238095233,e9bf358728c366c73b72393d204b8cd2,0.20238095238095233,False,0.0
2,19,not_(x[6]),True,not_(x[6]),0.20238095238095233,c236778dc5683a72bff278f68dd0aee1,0.20238095238095233,False,0.0
2,19,not_(x[6]),True,not_(x[6]),0.20238095238095233,c236778dc5683a72bff278f68dd0aee1,0.20238095238095233,False,0.0
2,19,not_(x[4]),True,not_(x[4]),0.20238095238095233,e9bf358728c366c73b72393d204b8cd2,0.20238095238095233,False,0.0
2,19,not_(x[6]),True,not_(x[6]),0.20238095238095233,c236778dc5683a72bff278f68dd0aee1,0.20238095238095233,False,0.0
2,19,not_(x[6]),True,not_(x[6]),0.20238095238095233,c236778dc5683a72bff278f68dd0aee1,0.20238095238095233,False,0.0
2,19,not_(x[4]),True,not_(x[4]),0.20238095238095233,e9bf358728c366c73b72393d204b8cd2,0.20238095238095233,False,0.0
2,19,not_(x[4]),True,not_(x[4]),0.20238095238095233,e9bf358728c366c73b72393d204b8cd2,0.20238095238095233,False,0.0
2,19,not_(x[6]),True,not_(x[6]),0.20238095238095233,c236778dc5683a72bff278f68dd0aee1,0.20238095238095233,False,0.0
2,19,not_(x[6]),True,not_(x[6]),0.20238095238095233,c236778dc5683a72bff278f68dd0aee1,0.20238095238095233,False,0.0
2,19,not_(x[4]),True,not_(x[4]),0.20238095238095233,e9bf358728c366c73b72393d204b8cd2,0.20238095238095233,False,0.0
2,19,not_(x[6]),True,not_(x[6]),0.20238095238095233,c236778dc5683a72bff278f68dd0aee1,0.20238095238095233,False,0.0
2,19,not_(x[4]),True,not_(x[4]),0.20238095238095233,e9bf358728c366c73b72393d204b8cd2,0.20238095238095233,False,0.0
2,19,not_(x[6]),True,not_(x[6]),0.20238095238095233,c236778dc5683a72bff278f68dd0aee1,0.20238095238095233,False,0.0
2,19,not_(x[6]),True,not_(x[6]),0.20238095238095233,c236778dc5683a72bff278f68dd0aee1,0.20238095238095233,False,0.0
2,19,not_(x[6]),True,not_(x[6]),0.20238095238095233,c236778dc5683a72bff278f68dd0aee1,0.20238095238095233,False,0.0
2,19,not_(x[4]),True,not_(x[4]),0.20238095238095233,e9bf358728c366c73b72393d204b8cd2,0.20238095238095233,False,0.0
2,19,not_(x[6]),True,not_(x[6]),0.20238095238095233,c236778dc5683a72bff278f68dd0aee1,0.20238095238095233,False,0.0
2,19,"not_(or_(x[6],x[6]))",True,not_(x[6]),0.20238095238095233,c236778dc5683a72bff278f68dd0aee1,0.20238095238095233,False,0.0
2,19,not_(x[6]),True,not_(x[6]),0.20238095238095233,c236778dc5683a72bff278f68dd0aee1,0.20238095238095233,False,0.0
2,19,not_(x[4]),True,not_(x[4]),0.20238095238095233,e9bf358728c366c73b72393d204b8cd2,0.20238095238095233,False,0.0
2,19,not_(x[4]),True,not_(x[4]),0.20238095238095233,e9bf358728c366c73b72393d204b8cd2,0.20238095238095233,False,0.0
2,19,not_(x[6]),True,not_(x[6]),0.20238095238095233,c236778dc5683a72bff278f68dd0aee1,0.20238095238095233,False,0.0
2,19,not_(x[6]),True,not_(x[6]),0.20238095238095233,c236778dc5683a72bff278f68dd0aee1,0.20238095238095233,False,0.0
2,19,not_(x[6]),True,not_(x[6]),0.20238095238095233,c236778dc5683a72bff278f68dd0aee1,0.20238095238095233,False,0.0
2,19,not_(x[6]),True,not_(x[6]),0.20238095238095233,c236778dc5683a72bff278f68dd0aee1,0.20238095238095233,False,0.0
2,19,not_(x[6]),True,not_(x[6]),0.20238095238095233,c236778dc5683a72bff278f68dd0aee1,0.20238095238095233,False,0.0
2,19,not_(x[6]),True,not_(x[6]),0.20238095238095233,c236778dc5683a72bff278f68dd0aee1,0.20238095238095233,False,0.0
2,19,not_(x[4]),True,not_(x[4]),0.20238095238095233,e9bf358728c366c73b72393d204b8cd2,0.20238095238095233,False,0.0
2,19,not_(x[6]),True,not_(x[6]),0.20238095238095233,c236778dc5683a72bff278f68dd0aee1,0.20238095238095233,False,0.0
2,19,not_(x[6]),True,not_(x[6]),0.20238095238095233,c236778dc5683a72bff278f68dd0aee1,0.20238095238095233,False,0.0
2,19,not_(x[6]),True,not_(x[6]),0.20238095238095233,c236778dc5683a72bff278f68dd0aee1,0.20238095238095233,False,0.0
2,19,not_(x[4]),True,not_(x[4]),0.20238095238095233,e9bf358728c366c73b72393d204b8cd2,0.20238095238095233,False,0.0
2,19,not_(x[6]),True,not_(x[6]),0.20238095238095233,c236778dc5683a72bff278f68dd0aee1,0.20238095238095233,False,0.0
2,19,not_(x[6]),True,not_(x[6]),0.20238095238095233,c236778dc5683a72bff278f68dd0aee1,0.20238095238095233,False,0.0
2,19,not_(x[6]),True,not_(x[6]),0.20238095238095233,c236778dc5683a72bff278f68dd0aee1,0.20238095238095233,False,0.0
2,19,not_(x[6]),True,not_(x[6]),0.20238095238095233,c236778dc5683a72bff278f68dd0aee1,0.20238095238095233,False,0.0
2,19,not_(x[6]),True,not_(x[6]),0.20238095238095233,c236778dc5683a72bff278f68dd0aee1,0.20238095238095233,False,0.0
2,19,not_(x[6]),True,not_(x[6]),0.20238095238095233,c236778dc5683a72bff278f68dd0aee1,0.20238095238095233,False,0.0
2,19,not_(x[4]),True,not_(x[4]),0.20238095238095233,e9bf358728c366c73b72393d204b8cd2,0.20238095238095233,False,0.0
2,19,not_(x[4]),True,not_(x[4]),0.20238095238095233,e9bf358728c366c73b72393d204b8cd2,0.20238095238095233,False,0.0
2,19,not_(x[6]),True,not_(x[6]),0.20238095238095233,c236778dc5683a72bff278f68dd0aee1,0.20238095238095233,False,0.0
2,19,not_(x[4]),True,not_(x[4]),0.20238095238095233,e9bf358728c366c73b72393d204b8cd2,0.20238095238095233,False,0.0
2,19,not_(x[6]),True,not_(x[6]),0.20238095238095233,c236778dc5683a72bff278f68dd0aee1,0.20238095238095233,False,0.0
2,19,not_(x[6]),True,not_(x[6]),0.20238095238095233,c236778dc5683a72bff278f68dd0aee1,0.20238095238095233,False,0.0
2,19,not_(x[6]),True,not_(x[6]),0.20238095238095233,c236778dc5683a72bff278f68dd0aee1,0.20238095238095233,False,0.0
2,19,not_(x[6]),True,not_(x[6]),0.20238095238095233,c236778dc5683a72bff278f68dd0aee1,0.20238095238095233,False,0.0
2,19,not_(x[6]),True,not_(x[6]),0.20238095238095233,c236778dc5683a72bff278f68dd0aee1,0.20238095238095233,False,0.0
2,19,not_(x[6]),True,not_(x[6]),0.20238095238095233,c236778dc5683a72bff278f68dd0aee1,0.20238095238095233,False,0.0
2,19,not_(x[6]),True,not_(x[6]),0.20238095238095233,c236778dc5683a72bff278f68dd0aee1,0.20238095238095233,False,0.0
2,19,not_(x[6]),True,not_(x[6]),0.20238095238095233,c236778dc5683a72bff278f68dd0aee1,0.20238095238095233,False,0.0
2,19,"less_than_or_equal(mul(x[0],mul(sub(add(x[0],x[5]),mul(x[2],x[0])),pdiv(mul(x[5],x[0]),add(x[2],x[3])))),x[3])",False,,,ed1182a662055e6acd03094dcd5cc769,0.4285714285714286,False,0.0
2,19,not_(x[6]),True,not_(x[6]),0.20238095238095233,c236778dc5683a72bff278f68dd0aee1,0.20238095238095233,False,0.0
2,19,not_(x[6]),True,not_(x[6]),0.20238095238095233,c236778dc5683a72bff278f68dd0aee1,0.20238095238095233,False,0.0
2,19,"not_(or_(x[6],x[6]))",True,not_(x[6]),0.20238095238095233,c236778dc5683a72bff278f68dd0aee1,0.20238095238095233,False,0.0
2,19,"not_(or_(x[6],x[6]))",True,not_(x[6]),0.20238095238095233,c236778dc5683a72bff278f68dd0aee1,0.20238095238095233,False,0.0
2,19,not_(x[6]),True,not_(x[6]),0.20238095238095233,c236778dc5683a72bff278f68dd0aee1,0.20238095238095233,False,0.0
2,19,not_(x[6]),True,not_(x[6]),0.20238095238095233,c236778dc5683a72bff278f68dd0aee1,0.20238095238095233,False,0.0
2,19,not_(x[6]),True,not_(x[6]),0.20238095238095233,c236778dc5683a72bff278f68dd0aee1,0.20238095238095233,False,0.0
2,19,not_(x[6]),True,not_(x[6]),0.20238095238095233,c236778dc5683a72bff278f68dd0aee1,0.20238095238095233,False,0.0
2,19,"not_(or_(x[6],x[6]))",True,not_(x[6]),0.20238095238095233,c236778dc5683a72bff278f68dd0aee1,0.20238095238095233,False,0.0
2,19,not_(x[4]),True,not_(x[4]),0.20238095238095233,e9bf358728c366c73b72393d204b8cd2,0.20238095238095233,False,0.0
2,19,not_(x[6]),True,not_(x[6]),0.20238095238095233,c236778dc5683a72bff278f68dd0aee1,0.20238095238095233,False,0.0
2,19,not_(x[6]),True,not_(x[6]),0.20238095238095233,c236778dc5683a72bff278f68dd0aee1,0.20238095238095233,False,0.0
2,19,not_(x[6]),True,not_(x[6]),0.20238095238095233,c236778dc5683a72bff278f68dd0aee1,0.20238095238095233,False,0.0
2,19,not_(x[6]),True,not_(x[6]),0.20238095238095233,c236778dc5683a72bff278f68dd0aee1,0.20238095238095233,False,0.0
2,19,not_(x[6]),True,not_(x[6]),0.20238095238095233,c236778dc5683a72bff278f68dd0aee1,0.20238095238095233,False,0.0
2,19,not_(x[6]),True,not_(x[6]),0.20238095238095233,c236778dc5683a72bff278f68dd0aee1,0.20238095238095233,False,0.0
2,19,not_(x[6]),True,not_(x[6]),0.20238095238095233,c236778dc5683a72bff278f68dd0aee1,0.20238095238095233,False,0.0
2,19,not_(x[6]),True,not_(x[6]),0.20238095238095233,c236778dc5683a72bff278f68dd0aee1,0.20238095238095233,False,0.0
2,19,not_(x[6]),True,not_(x[6]),0.20238095238095233,c236778dc5683a72bff278f68dd0aee1,0.20238095238095233,False,0.0
2,19,not_(x[6]),True,not_(x[6]),0.20238095238095233,c236778dc5683a72bff278f68dd0aee1,0.20238095238095233,False,0.0
2,19,not_(x[6]),True,not_(x[6]),0.20238095238095233,c236778dc5683a72bff278f68dd0aee1,0.20238095238095233,False,0.0
2,19,not_(x[6]),True,not_(x[6]),0.20238095238095233,c236778dc5683a72bff278f68dd0aee1,0.20238095238095233,False,0.0
2,19,not_(x[6]),True,not_(x[6]),0.20238095238095233,c236778dc5683a72bff278f68dd0aee1,0.20238095238095233,False,0.0
2,19,not_(x[6]),True,not_(x[6]),0.20238095238095233,c236778dc5683a72bff278f68dd0aee1,0.20238095238095233,False,0.0
2,19,not_(x[4]),True,not_(x[4]),0.20238095238095233,e9bf358728c366c73b72393d204b8cd2,0.20238095238095233,False,0.0
2,19,not_(x[6]),True,not_(x[6]),0.20238095238095233,c236778dc5683a72bff278f68dd0aee1,0.20238095238095233,False,0.0
2,19,not_(x[6]),True,not_(x[6]),0.20238095238095233,c236778dc5683a72bff278f68dd0aee1,0.20238095238095233,False,0.0
2,19,not_(x[6]),True,not_(x[6]),0.20238095238095233,c236778dc5683a72bff278f68dd0aee1,0.20238095238095233,False,0.0
2,19,not_(x[6]),True,not_(x[6]),0.20238095238095233,c236778dc5683a72bff278f68dd0aee1,0.20238095238095233,False,0.0
2,19,not_(x[4]),True,not_(x[4]),0.20238095238095233,e9bf358728c366c73b72393d204b8cd2,0.20238095238095233,False,0.0
2,19,not_(x[6]),True,not_(x[6]),0.20238095238095233,c236778dc5683a72bff278f68dd0aee1,0.20238095238095233,False,0.0
2,19,not_(x[4]),True,not_(x[4]),0.20238095238095233,e9bf358728c366c73b72393d204b8cd2,0.20238095238095233,False,0.0
2,19,not_(x[6]),True,not_(x[6]),0.20238095238095233,c236778dc5683a72bff278f68dd0aee1,0.20238095238095233,False,0.0
2,19,not_(x[6]),True,not_(x[6]),0.20238095238095233,c236778dc5683a72bff278f68dd0aee1,0.20238095238095233,False,0.0
2,19,not_(x[6]),True,not_(x[6]),0.20238095238095233,c236778dc5683a72bff278f68dd0aee1,0.20238095238095233,False,0.0
2,19,not_(x[4]),True,not_(x[4]),0.20238095238095233,e9bf358728c366c73b72393d204b8cd2,0.20238095238095233,False,0.0
2,19,not_(x[4]),True,not_(x[4]),0.20238095238095233,e9bf358728c366c73b72393d204b8cd2,0.20238095238095233,False,0.0
2,19,not_(x[6]),True,not_(x[6]),0.20238095238095233,c236778dc5683a72bff278f68dd0aee1,0.20238095238095233,False,0.0
2,19,"not_(or_(x[4],x[6]))",True,not_(x[6]),0.20238095238095233,c236778dc5683a72bff278f68dd0aee1,0.20238095238095233,False,0.0
2,19,not_(x[6]),True,not_(x[6]),0.20238095238095233,c236778dc5683a72bff278f68dd0aee1,0.20238095238095233,False,0.0
2,19,not_(x[6]),True,not_(x[6]),0.20238095238095233,c236778dc5683a72bff278f68dd0aee1,0.20238095238095233,False,0.0
2,19,not_(x[6]),True,not_(x[6]),0.20238095238095233,c236778dc5683a72bff278f68dd0aee1,0.20238095238095233,False,0.0
2,19,not_(x[6]),True,not_(x[6]),0.20238095238095233,c236778dc5683a72bff278f68dd0aee1,0.20238095238095233,False,0.0
2,19,not_(x[6]),True,not_(x[6]),0.20238095238095233,c236778dc5683a72bff278f68dd0aee1,0.20238095238095233,False,0.0
2,19,not_(x[6]),True,not_(x[6]),0.20238095238095233,c236778dc5683a72bff278f68dd0aee1,0.20238095238095233,False,0.0
2,19,not_(x[6]),True,not_(x[6]),0.20238095238095233,c236778dc5683a72bff278f68dd0aee1,0.20238095238095233,False,0.0
2,19,"not_(or_(x[4],x[6]))",True,not_(x[6]),0.20238095238095233,c236778dc5683a72bff278f68dd0aee1,0.20238095238095233,False,0.0
2,19,not_(x[6]),True,not_(x[6]),0.20238095238095233,c236778dc5683a72bff278f68dd0aee1,0.20238095238095233,False,0.0
2,19,not_(x[6]),True,not_(x[6]),0.20238095238095233,c236778dc5683a72bff278f68dd0aee1,0.20238095238095233,False,0.0
2,19,not_(x[6]),True,not_(x[6]),0.20238095238095233,c236778dc5683a72bff278f68dd0aee1,0.20238095238095233,False,0.0
2,19,not_(x[1]),True,"less_than_or_equal(53.67,mul(x[3],x[3]))",0.2142857142857143,2cece411320c1d56790d65c80cc8f440,0.22619047619047616,True,0.011904761904761862
2,19,not_(x[4]),True,not_(x[4]),0.20238095238095233,e9bf358728c366c73b72393d204b8cd2,0.20238095238095233,False,0.0
2,19,not_(x[6]),True,not_(x[6]),0.20238095238095233,c236778dc5683a72bff278f68dd0aee1,0.20238095238095233,False,0.0
2,19,not_(x[6]),True,not_(x[6]),0.20238095238095233,c236778dc5683a72bff278f68dd0aee1,0.20238095238095233,False,0.0
2,19,not_(x[6]),True,not_(x[6]),0.20238095238095233,c236778dc5683a72bff278f68dd0aee1,0.20238095238095233,False,0.0
2,19,not_(x[6]),True,not_(x[6]),0.20238095238095233,c236778dc5683a72bff278f68dd0aee1,0.20238095238095233,False,0.0
2,19,not_(x[4]),True,not_(x[4]),0.20238095238095233,e9bf358728c366c73b72393d204b8cd2,0.20238095238095233,False,0.0
2,19,not_(x[6]),True,not_(x[6]),0.20238095238095233,c236778dc5683a72bff278f68dd0aee1,0.20238095238095233,False,0.0
2,19,not_(x[4]),True,not_(x[4]),0.20238095238095233,e9bf358728c366c73b72393d204b8cd2,0.20238095238095233,False,0.0
2,19,not_(x[6]),True,not_(x[6]),0.20238095238095233,c236778dc5683a72bff278f68dd0aee1,0.20238095238095233,False,0.0
2,19,not_(x[4]),True,not_(x[4]),0.20238095238095233,e9bf358728c366c73b72393d204b8cd2,0.20238095238095233,False,0.0
2,19,"not_(or_(and_(x[4],x[4]),x[6]))",True,not_(x[6]),0.20238095238095233,c236778dc5683a72bff278f68dd0aee1,0.20238095238095233,False,0.0
2,19,not_(x[6]),True,not_(x[6]),0.20238095238095233,c236778dc5683a72bff278f68dd0aee1,0.20238095238095233,False,0.0
2,19,not_(x[6]),True,not_(x[6]),0.20238095238095233,c236778dc5683a72bff278f68dd0aee1,0.20238095238095233,False,0.0
2,19,not_(x[4]),True,not_(x[4]),0.20238095238095233,e9bf358728c366c73b72393d204b8cd2,0.20238095238095233,False,0.0
2,19,"not_(not_(or_(x[6],x[6])))",True,"or_(not_(greater_than_or_equal(x[3], x[3])),x[6])",0.7976190476190477,dabf352ca9fc16fe7897b3fa7e73f5cb,0.7976190476190477,False,0.0
2,19,not_(x[6]),True,not_(x[6]),0.20238095238095233,c236778dc5683a72bff278f68dd0aee1,0.20238095238095233,False,0.0
2,19,"or_(x[6],x[6])",True,"or_(not_(greater_than_or_equal(x[3], x[3])),x[6])",0.7976190476190477,dabf352ca9fc16fe7897b3fa7e73f5cb,0.7976190476190477,False,0.0
2,19,not_(x[6]),True,not_(x[6]),0.20238095238095233,c236778dc5683a72bff278f68dd0aee1,0.20238095238095233,False,0.0
2,19,not_(x[4]),True,not_(x[4]),0.20238095238095233,e9bf358728c366c73b72393d204b8cd2,0.20238095238095233,False,0.0
2,19,"not_(or_(x[6],x[4]))",True,not_(x[6]),0.20238095238095233,c236778dc5683a72bff278f68dd0aee1,0.20238095238095233,False,0.0
2,19,x[6],True,x[6],0.7976190476190477,5dd9d7c24dce7ece1d734bf6c32f4813,0.7976190476190477,False,0.0
2,19,not_(x[6]),True,not_(x[6]),0.20238095238095233,c236778dc5683a72bff278f68dd0aee1,0.20238095238095233,False,0.0
2,19,"or_(x[6],x[6])",True,"or_(not_(greater_than_or_equal(x[3], x[3])),x[6])",0.7976190476190477,dabf352ca9fc16fe7897b3fa7e73f5cb,0.7976190476190477,False,0.0
2,19,not_(x[6]),True,not_(x[6]),0.20238095238095233,c236778dc5683a72bff278f68dd0aee1,0.20238095238095233,False,0.0
2,19,not_(x[6]),True,not_(x[6]),0.20238095238095233,c236778dc5683a72bff278f68dd0aee1,0.20238095238095233,False,0.0
2,19,not_(x[4]),True,not_(x[4]),0.20238095238095233,e9bf358728c366c73b72393d204b8cd2,0.20238095238095233,False,0.0
2,19,"not_(and_(x[4],x[6]))",True,not_(x[4]),0.20238095238095233,e9bf358728c366c73b72393d204b8cd2,0.20238095238095233,False,0.0
2,19,not_(x[6]),True,not_(x[6]),0.20238095238095233,c236778dc5683a72bff278f68dd0aee1,0.20238095238095233,False,0.0
2,19,not_(x[4]),True,not_(x[4]),0.20238095238095233,e9bf358728c366c73b72393d204b8cd2,0.20238095238095233,False,0.0
2,19,not_(x[6]),True,not_(x[6]),0.20238095238095233,c236778dc5683a72bff278f68dd0aee1,0.20238095238095233,False,0.0
2,19,"not_(and_(x[6],x[6]))",True,not_(x[6]),0.20238095238095233,c236778dc5683a72bff278f68dd0aee1,0.20238095238095233,False,0.0
2,19,not_(x[6]),True,not_(x[6]),0.20238095238095233,c236778dc5683a72bff278f68dd0aee1,0.20238095238095233,False,0.0
2,19,not_(x[6]),True,not_(x[6]),0.20238095238095233,c236778dc5683a72bff278f68dd0aee1,0.20238095238095233,False,0.0
2,19,not_(x[4]),True,not_(x[4]),0.20238095238095233,e9bf358728c366c73b72393d204b8cd2,0.20238095238095233,False,0.0
2,19,not_(x[4]),True,not_(x[4]),0.20238095238095233,e9bf358728c366c73b72393d204b8cd2,0.20238095238095233,False,0.0
2,19,not_(x[6]),True,not_(x[6]),0.20238095238095233,c236778dc5683a72bff278f68dd0aee1,0.20238095238095233,False,0.0
2,19,not_(x[6]),True,not_(x[6]),0.20238095238095233,c236778dc5683a72bff278f68dd0aee1,0.20238095238095233,False,0.0
2,19,not_(x[4]),True,not_(x[4]),0.20238095238095233,e9bf358728c366c73b72393d204b8cd2,0.20238095238095233,False,0.0
2,19,"less_than_or_equal(sub(add(x[0],x[5]),mul(x[2],x[0])),pdiv(mul(x[5],x[0]),add(x[2],x[3])))",True,"less_than_or_equal(sub(add(x[0],x[5]),mul(x[2],x[0])),pdiv(mul(x[5],x[0]),add(x[2],x[3])))",0.19047619047619047,58cc4f21233e882751aa955999da1daf,0.13636363636363635,True,-0.05411255411255411
2,20,not_(x[4]),True,not_(x[4]),0.20238095238095233,e9bf358728c366c73b72393d204b8cd2,0.20238095238095233,False,0.0
2,20,"less_than_or_equal(sub(add(x[0],x[5]),mul(x[3],x[0])),x[3])",True,"not_(greater_than_or_equal(add(x[5],x[0]), x[3]))",0.2142857142857143,19748f61bf98b56966aabd621012162c,0.25,True,0.0357142857142857
2,20,not_(x[4]),True,not_(x[4]),0.20238095238095233,e9bf358728c366c73b72393d204b8cd2,0.20238095238095233,False,0.0
2,20,not_(x[4]),True,not_(x[4]),0.20238095238095233,e9bf358728c366c73b72393d204b8cd2,0.20238095238095233,False,0.0
2,20,not_(x[6]),True,not_(x[6]),0.20238095238095233,c236778dc5683a72bff278f68dd0aee1,0.20238095238095233,False,0.0
2,20,not_(x[4]),True,not_(x[4]),0.20238095238095233,e9bf358728c366c73b72393d204b8cd2,0.20238095238095233,False,0.0
2,20,not_(x[1]),True,"less_than_or_equal(53.67,mul(x[3],x[3]))",0.2142857142857143,2cece411320c1d56790d65c80cc8f440,0.22619047619047616,True,0.011904761904761862
2,20,not_(x[6]),True,not_(x[6]),0.20238095238095233,c236778dc5683a72bff278f68dd0aee1,0.20238095238095233,False,0.0
2,20,not_(x[6]),True,not_(x[6]),0.20238095238095233,c236778dc5683a72bff278f68dd0aee1,0.20238095238095233,False,0.0
2,20,not_(x[6]),True,not_(x[6]),0.20238095238095233,c236778dc5683a72bff278f68dd0aee1,0.20238095238095233,False,0.0
2,20,not_(x[4]),True,not_(x[4]),0.20238095238095233,e9bf358728c366c73b72393d204b8cd2,0.20238095238095233,False,0.0
2,20,not_(x[6]),True,not_(x[6]),0.20238095238095233,c236778dc5683a72bff278f68dd0aee1,0.20238095238095233,False,0.0
2,20,not_(x[6]),True,not_(x[6]),0.20238095238095233,c236778dc5683a72bff278f68dd0aee1,0.20238095238095233,False,0.0
2,20,not_(x[4]),True,not_(x[4]),0.20238095238095233,e9bf358728c366c73b72393d204b8cd2,0.20238095238095233,False,0.0
2,20,not_(x[6]),True,not_(x[6]),0.20238095238095233,c236778dc5683a72bff278f68dd0aee1,0.20238095238095233,False,0.0
2,20,not_(x[6]),True,not_(x[6]),0.20238095238095233,c236778dc5683a72bff278f68dd0aee1,0.20238095238095233,False,0.0
2,20,not_(x[4]),True,not_(x[4]),0.20238095238095233,e9bf358728c366c73b72393d204b8cd2,0.20238095238095233,False,0.0
2,20,"not_(or_(x[6],x[6]))",True,not_(x[6]),0.20238095238095233,c236778dc5683a72bff278f68dd0aee1,0.20238095238095233,False,0.0
2,20,not_(x[4]),True,not_(x[4]),0.20238095238095233,e9bf358728c366c73b72393d204b8cd2,0.20238095238095233,False,0.0
2,20,"not_(and_(x[6],x[6]))",True,not_(x[6]),0.20238095238095233,c236778dc5683a72bff278f68dd0aee1,0.20238095238095233,False,0.0
2,20,not_(x[4]),True,not_(x[4]),0.20238095238095233,e9bf358728c366c73b72393d204b8cd2,0.20238095238095233,False,0.0
2,20,not_(x[4]),True,not_(x[4]),0.20238095238095233,e9bf358728c366c73b72393d204b8cd2,0.20238095238095233,False,0.0
2,20,"not_(and_(x[6],x[6]))",True,not_(x[6]),0.20238095238095233,c236778dc5683a72bff278f68dd0aee1,0.20238095238095233,False,0.0
2,20,"not_(or_(x[6],x[4]))",True,not_(x[6]),0.20238095238095233,c236778dc5683a72bff278f68dd0aee1,0.20238095238095233,False,0.0
2,20,not_(x[4]),True,not_(x[4]),0.20238095238095233,e9bf358728c366c73b72393d204b8cd2,0.20238095238095233,False,0.0
2,20,not_(x[6]),True,not_(x[6]),0.20238095238095233,c236778dc5683a72bff278f68dd0aee1,0.20238095238095233,False,0.0
2,20,not_(x[6]),True,not_(x[6]),0.20238095238095233,c236778dc5683a72bff278f68dd0aee1,0.20238095238095233,False,0.0
2,20,not_(x[4]),True,not_(x[4]),0.20238095238095233,e9bf358728c366c73b72393d204b8cd2,0.20238095238095233,False,0.0
2,20,not_(x[6]),True,not_(x[6]),0.20238095238095233,c236778dc5683a72bff278f68dd0aee1,0.20238095238095233,False,0.0
2,20,not_(x[4]),True,not_(x[4]),0.20238095238095233,e9bf358728c366c73b72393d204b8cd2,0.20238095238095233,False,0.0
2,20,"not_(or_(x[6],x[6]))",True,not_(x[6]),0.20238095238095233,c236778dc5683a72bff278f68dd0aee1,0.20238095238095233,False,0.0
2,20,not_(x[4]),True,not_(x[4]),0.20238095238095233,e9bf358728c366c73b72393d204b8cd2,0.20238095238095233,False,0.0
2,20,not_(x[6]),True,not_(x[6]),0.20238095238095233,c236778dc5683a72bff278f68dd0aee1,0.20238095238095233,False,0.0
2,20,not_(x[6]),True,not_(x[6]),0.20238095238095233,c236778dc5683a72bff278f68dd0aee1,0.20238095238095233,False,0.0
2,20,not_(x[6]),True,not_(x[6]),0.20238095238095233,c236778dc5683a72bff278f68dd0aee1,0.20238095238095233,False,0.0
2,20,not_(x[4]),True,not_(x[4]),0.20238095238095233,e9bf358728c366c73b72393d204b8cd2,0.20238095238095233,False,0.0
2,20,not_(x[4]),True,not_(x[4]),0.20238095238095233,e9bf358728c366c73b72393d204b8cd2,0.20238095238095233,False,0.0
2,20,not_(x[4]),True,not_(x[4]),0.20238095238095233,e9bf358728c366c73b72393d204b8cd2,0.20238095238095233,False,0.0
2,20,"not_(or_(x[6],x[4]))",True,not_(x[6]),0.20238095238095233,c236778dc5683a72bff278f68dd0aee1,0.20238095238095233,False,0.0
2,20,not_(x[6]),True,not_(x[6]),0.20238095238095233,c236778dc5683a72bff278f68dd0aee1,0.20238095238095233,False,0.0
2,20,not_(x[4]),True,not_(x[4]),0.20238095238095233,e9bf358728c366c73b72393d204b8cd2,0.20238095238095233,False,0.0
2,20,not_(x[6]),True,not_(x[6]),0.20238095238095233,c236778dc5683a72bff278f68dd0aee1,0.20238095238095233,False,0.0
2,20,not_(x[6]),True,not_(x[6]),0.20238095238095233,c236778dc5683a72bff278f68dd0aee1,0.20238095238095233,False,0.0
2,20,not_(x[6]),True,not_(x[6]),0.20238095238095233,c236778dc5683a72bff278f68dd0aee1,0.20238095238095233,False,0.0
2,20,not_(x[4]),True,not_(x[4]),0.20238095238095233,e9bf358728c366c73b72393d204b8cd2,0.20238095238095233,False,0.0
2,20,not_(x[6]),True,not_(x[6]),0.20238095238095233,c236778dc5683a72bff278f68dd0aee1,0.20238095238095233,False,0.0
2,20,not_(x[6]),True,not_(x[6]),0.20238095238095233,c236778dc5683a72bff278f68dd0aee1,0.20238095238095233,False,0.0
2,20,not_(x[4]),True,not_(x[4]),0.20238095238095233,e9bf358728c366c73b72393d204b8cd2,0.20238095238095233,False,0.0
2,20,not_(x[4]),True,not_(x[4]),0.20238095238095233,e9bf358728c366c73b72393d204b8cd2,0.20238095238095233,False,0.0
2,20,not_(x[6]),True,not_(x[6]),0.20238095238095233,c236778dc5683a72bff278f68dd0aee1,0.20238095238095233,False,0.0
2,20,not_(x[6]),True,not_(x[6]),0.20238095238095233,c236778dc5683a72bff278f68dd0aee1,0.20238095238095233,False,0.0
2,20,"not_(and_(x[6],x[4]))",True,not_(x[4]),0.20238095238095233,e9bf358728c366c73b72393d204b8cd2,0.20238095238095233,False,0.0
2,20,not_(x[6]),True,not_(x[6]),0.20238095238095233,c236778dc5683a72bff278f68dd0aee1,0.20238095238095233,False,0.0
2,20,not_(x[6]),True,not_(x[6]),0.20238095238095233,c236778dc5683a72bff278f68dd0aee1,0.20238095238095233,False,0.0
2,20,not_(x[4]),True,not_(x[4]),0.20238095238095233,e9bf358728c366c73b72393d204b8cd2,0.20238095238095233,False,0.0
2,20,not_(x[6]),True,not_(x[6]),0.20238095238095233,c236778dc5683a72bff278f68dd0aee1,0.20238095238095233,False,0.0
2,20,not_(x[6]),True,not_(x[6]),0.20238095238095233,c236778dc5683a72bff278f68dd0aee1,0.20238095238095233,False,0.0
2,20,not_(x[6]),True,not_(x[6]),0.20238095238095233,c236778dc5683a72bff278f68dd0aee1,0.20238095238095233,False,0.0
2,20,not_(x[6]),True,not_(x[6]),0.20238095238095233,c236778dc5683a72bff278f68dd0aee1,0.20238095238095233,False,0.0
2,20,not_(x[6]),True,not_(x[6]),0.20238095238095233,c236778dc5683a72bff278f68dd0aee1,0.20238095238095233,False,0.0
2,20,not_(x[4]),True,not_(x[4]),0.20238095238095233,e9bf358728c366c73b72393d204b8cd2,0.20238095238095233,False,0.0
2,20,not_(x[6]),True,not_(x[6]),0.20238095238095233,c236778dc5683a72bff278f68dd0aee1,0.20238095238095233,False,0.0
2,20,not_(x[6]),True,not_(x[6]),0.20238095238095233,c236778dc5683a72bff278f68dd0aee1,0.20238095238095233,False,0.0
2,20,not_(x[6]),True,not_(x[6]),0.20238095238095233,c236778dc5683a72bff278f68dd0aee1,0.20238095238095233,False,0.0
2,20,not_(x[6]),True,not_(x[6]),0.20238095238095233,c236778dc5683a72bff278f68dd0aee1,0.20238095238095233,False,0.0
2,20,not_(x[6]),True,not_(x[6]),0.20238095238095233,c236778dc5683a72bff278f68dd0aee1,0.20238095238095233,False,0.0
2,20,not_(x[4]),True,not_(x[4]),0.20238095238095233,e9bf358728c366c73b72393d204b8cd2,0.20238095238095233,False,0.0
2,20,not_(x[6]),True,not_(x[6]),0.20238095238095233,c236778dc5683a72bff278f68dd0aee1,0.20238095238095233,False,0.0
2,20,"greater_than_or_equal(x[0], x[5])",True,"or_(and_(less_than_or_equal(x[2],x[0]),less_than_or_equal(x[5],x[0])),not_(less_than_or_equal(x[2],x[2])))",0.27380952380952384,a0c78b1f320be2873d4f79460a39f316,0.2857142857142857,True,0.011904761904761862
2,20,not_(x[6]),True,not_(x[6]),0.20238095238095233,c236778dc5683a72bff278f68dd0aee1,0.20238095238095233,False,0.0
2,20,not_(x[6]),True,not_(x[6]),0.20238095238095233,c236778dc5683a72bff278f68dd0aee1,0.20238095238095233,False,0.0
2,20,not_(x[4]),True,not_(x[4]),0.20238095238095233,e9bf358728c366c73b72393d204b8cd2,0.20238095238095233,False,0.0
2,20,not_(x[6]),True,not_(x[6]),0.20238095238095233,c236778dc5683a72bff278f68dd0aee1,0.20238095238095233,False,0.0
2,20,not_(x[6]),True,not_(x[6]),0.20238095238095233,c236778dc5683a72bff278f68dd0aee1,0.20238095238095233,False,0.0
2,20,not_(x[6]),True,not_(x[6]),0.20238095238095233,c236778dc5683a72bff278f68dd0aee1,0.20238095238095233,False,0.0
2,20,not_(x[4]),True,not_(x[4]),0.20238095238095233,e9bf358728c366c73b72393d204b8cd2,0.20238095238095233,False,0.0
2,20,not_(x[6]),True,not_(x[6]),0.20238095238095233,c236778dc5683a72bff278f68dd0aee1,0.20238095238095233,False,0.0
2,20,not_(x[4]),True,not_(x[4]),0.20238095238095233,e9bf358728c366c73b72393d204b8cd2,0.20238095238095233,False,0.0
2,20,not_(x[6]),True,not_(x[6]),0.20238095238095233,c236778dc5683a72bff278f68dd0aee1,0.20238095238095233,False,0.0
2,20,not_(x[4]),True,not_(x[4]),0.20238095238095233,e9bf358728c366c73b72393d204b8cd2,0.20238095238095233,False,0.0
2,20,not_(x[6]),True,not_(x[6]),0.20238095238095233,c236778dc5683a72bff278f68dd0aee1,0.20238095238095233,False,0.0
2,20,not_(x[4]),True,not_(x[4]),0.20238095238095233,e9bf358728c366c73b72393d204b8cd2,0.20238095238095233,False,0.0
2,20,not_(x[4]),True,not_(x[4]),0.20238095238095233,e9bf358728c366c73b72393d204b8cd2,0.20238095238095233,False,0.0
2,20,not_(x[6]),True,not_(x[6]),0.20238095238095233,c236778dc5683a72bff278f68dd0aee1,0.20238095238095233,False,0.0
2,20,not_(x[6]),True,not_(x[6]),0.20238095238095233,c236778dc5683a72bff278f68dd0aee1,0.20238095238095233,False,0.0
2,20,not_(x[6]),True,not_(x[6]),0.20238095238095233,c236778dc5683a72bff278f68dd0aee1,0.20238095238095233,False,0.0
2,20,not_(x[6]),True,not_(x[6]),0.20238095238095233,c236778dc5683a72bff278f68dd0aee1,0.20238095238095233,False,0.0
2,20,not_(x[6]),True,not_(x[6]),0.20238095238095233,c236778dc5683a72bff278f68dd0aee1,0.20238095238095233,False,0.0
2,20,not_(x[4]),True,not_(x[4]),0.20238095238095233,e9bf358728c366c73b72393d204b8cd2,0.20238095238095233,False,0.0
2,20,not_(x[6]),True,not_(x[6]),0.20238095238095233,c236778dc5683a72bff278f68dd0aee1,0.20238095238095233,False,0.0
2,20,not_(x[6]),True,not_(x[6]),0.20238095238095233,c236778dc5683a72bff278f68dd0aee1,0.20238095238095233,False,0.0
2,20,not_(x[4]),True,not_(x[4]),0.20238095238095233,e9bf358728c366c73b72393d204b8cd2,0.20238095238095233,False,0.0
2,20,not_(x[6]),True,not_(x[6]),0.20238095238095233,c236778dc5683a72bff278f68dd0aee1,0.20238095238095233,False,0.0
2,20,not_(x[4]),True,not_(x[4]),0.20238095238095233,e9bf358728c366c73b72393d204b8cd2,0.20238095238095233,False,0.0
2,20,not_(x[4]),True,not_(x[4]),0.20238095238095233,e9bf358728c366c73b72393d204b8cd2,0.20238095238095233,False,0.0
2,20,not_(x[6]),True,not_(x[6]),0.20238095238095233,c236778dc5683a72bff278f68dd0aee1,0.20238095238095233,False,0.0
2,20,"less_than_or_equal(x[3],x[5])",True,"greater_than_or_equal(add(add(x[0],x[2]),sub(x[0],x[3])), add(mul(x[0],x[2]),mul(x[3],x[5])))",0.75,6f8512eed0dd5c5cb035ed87664a0537,0.7380952380952381,True,-0.011904761904761862
2,20,not_(x[4]),True,not_(x[4]),0.20238095238095233,e9bf358728c366c73b72393d204b8cd2,0.20238095238095233,False,0.0
2,20,not_(x[6]),True,not_(x[6]),0.20238095238095233,c236778dc5683a72bff278f68dd0aee1,0.20238095238095233,False,0.0
2,20,not_(x[1]),True,"less_than_or_equal(53.67,mul(x[3],x[3]))",0.2142857142857143,2cece411320c1d56790d65c80cc8f440,0.22619047619047616,True,0.011904761904761862
2,20,not_(x[6]),True,not_(x[6]),0.20238095238095233,c236778dc5683a72bff278f68dd0aee1,0.20238095238095233,False,0.0
2,20,not_(x[6]),True,not_(x[6]),0.20238095238095233,c236778dc5683a72bff278f68dd0aee1,0.20238095238095233,False,0.0
2,20,not_(x[6]),True,not_(x[6]),0.20238095238095233,c236778dc5683a72bff278f68dd0aee1,0.20238095238095233,False,0.0
2,20,not_(x[6]),True,not_(x[6]),0.20238095238095233,c236778dc5683a72bff278f68dd0aee1,0.20238095238095233,False,0.0
2,20,not_(x[6]),True,not_(x[6]),0.20238095238095233,c236778dc5683a72bff278f68dd0aee1,0.20238095238095233,False,0.0
2,20,not_(x[6]),True,not_(x[6]),0.20238095238095233,c236778dc5683a72bff278f68dd0aee1,0.20238095238095233,False,0.0
2,20,"not_(and_(x[4],x[6]))",True,not_(x[4]),0.20238095238095233,e9bf358728c366c73b72393d204b8cd2,0.20238095238095233,False,0.0
2,20,"less_than_or_equal(sub(add(x[0],x[5]),mul(x[2],x[0])),pdiv(mul(x[5],x[0]),add(x[2],x[0])))",True,not_(x[6]),0.20238095238095233,c236778dc5683a72bff278f68dd0aee1,0.20238095238095233,False,0.0
2,20,not_(x[4]),True,not_(x[4]),0.20238095238095233,e9bf358728c366c73b72393d204b8cd2,0.20238095238095233,False,0.0
2,20,not_(x[6]),True,not_(x[6]),0.20238095238095233,c236778dc5683a72bff278f68dd0aee1,0.20238095238095233,False,0.0
2,20,not_(x[4]),True,not_(x[4]),0.20238095238095233,e9bf358728c366c73b72393d204b8cd2,0.20238095238095233,False,0.0
2,20,not_(x[6]),True,not_(x[6]),0.20238095238095233,c236778dc5683a72bff278f68dd0aee1,0.20238095238095233,False,0.0
2,20,not_(x[4]),True,not_(x[4]),0.20238095238095233,e9bf358728c366c73b72393d204b8cd2,0.20238095238095233,False,0.0
2,20,not_(x[6]),True,not_(x[6]),0.20238095238095233,c236778dc5683a72bff278f68dd0aee1,0.20238095238095233,False,0.0
2,20,not_(x[6]),True,not_(x[6]),0.20238095238095233,c236778dc5683a72bff278f68dd0aee1,0.20238095238095233,False,0.0
2,20,not_(x[4]),True,not_(x[4]),0.20238095238095233,e9bf358728c366c73b72393d204b8cd2,0.20238095238095233,False,0.0
2,20,not_(x[6]),True,not_(x[6]),0.20238095238095233,c236778dc5683a72bff278f68dd0aee1,0.20238095238095233,False,0.0
2,20,not_(x[4]),True,not_(x[4]),0.20238095238095233,e9bf358728c366c73b72393d204b8cd2,0.20238095238095233,False,0.0
2,20,not_(x[4]),True,not_(x[4]),0.20238095238095233,e9bf358728c366c73b72393d204b8cd2,0.20238095238095233,False,0.0
2,20,not_(x[6]),True,not_(x[6]),0.20238095238095233,c236778dc5683a72bff278f68dd0aee1,0.20238095238095233,False,0.0
2,20,"not_(greater_than_or_equal(x[2], x[0]))",True,"not_(less_than_or_equal(x[0],x[2]))",0.36904761904761907,7cd461d4ffa9db1d1f176024d881091c,0.36904761904761907,False,0.0
2,20,"less_than_or_equal(x[2],24.22)",True,"less_than_or_equal(x[3],x[3])",0.7857142857142857,3352141c4f785c0403fcb33f533f7848,0.7857142857142857,False,0.0
2,20,"not_(and_(x[6],x[6]))",True,not_(x[6]),0.20238095238095233,c236778dc5683a72bff278f68dd0aee1,0.20238095238095233,False,0.0
2,20,not_(x[6]),True,not_(x[6]),0.20238095238095233,c236778dc5683a72bff278f68dd0aee1,0.20238095238095233,False,0.0
2,20,"not_(or_(x[6],x[6]))",True,not_(x[6]),0.20238095238095233,c236778dc5683a72bff278f68dd0aee1,0.20238095238095233,False,0.0
2,20,not_(x[6]),True,not_(x[6]),0.20238095238095233,c236778dc5683a72bff278f68dd0aee1,0.20238095238095233,False,0.0
2,20,not_(x[4]),True,not_(x[4]),0.20238095238095233,e9bf358728c366c73b72393d204b8cd2,0.20238095238095233,False,0.0
2,20,not_(x[6]),True,not_(x[6]),0.20238095238095233,c236778dc5683a72bff278f68dd0aee1,0.20238095238095233,False,0.0
2,20,"less_than_or_equal(sub(add(x[0],x[5]),mul(x[2],x[0])),pdiv(pdiv(x[5],x[0]),add(x[2],x[3])))",True,"less_than_or_equal(sub(add(x[0],x[5]),mul(x[2],x[0])),pdiv(pdiv(x[5],x[0]),add(x[2],x[3])))",0.75,278c96366a851b6f2d6ddc0fdd74b255,0.75,False,0.0
2,20,not_(x[4]),True,not_(x[4]),0.20238095238095233,e9bf358728c366c73b72393d204b8cd2,0.20238095238095233,False,0.0
2,20,not_(x[6]),True,not_(x[6]),0.20238095238095233,c236778dc5683a72bff278f68dd0aee1,0.20238095238095233,False,0.0
2,20,not_(x[6]),True,not_(x[6]),0.20238095238095233,c236778dc5683a72bff278f68dd0aee1,0.20238095238095233,False,0.0
2,20,not_(x[4]),True,not_(x[4]),0.20238095238095233,e9bf358728c366c73b72393d204b8cd2,0.20238095238095233,False,0.0
2,20,"not_(or_(x[6],x[6]))",True,not_(x[6]),0.20238095238095233,c236778dc5683a72bff278f68dd0aee1,0.20238095238095233,False,0.0
2,20,"not_(and_(x[4],x[4]))",True,not_(x[4]),0.20238095238095233,e9bf358728c366c73b72393d204b8cd2,0.20238095238095233,False,0.0
2,20,not_(x[4]),True,not_(x[4]),0.20238095238095233,e9bf358728c366c73b72393d204b8cd2,0.20238095238095233,False,0.0
2,20,not_(x[6]),True,not_(x[6]),0.20238095238095233,c236778dc5683a72bff278f68dd0aee1,0.20238095238095233,False,0.0
2,20,not_(x[6]),True,not_(x[6]),0.20238095238095233,c236778dc5683a72bff278f68dd0aee1,0.20238095238095233,False,0.0
2,20,not_(x[6]),True,not_(x[6]),0.20238095238095233,c236778dc5683a72bff278f68dd0aee1,0.20238095238095233,False,0.0
2,20,not_(x[4]),True,not_(x[4]),0.20238095238095233,e9bf358728c366c73b72393d204b8cd2,0.20238095238095233,False,0.0
2,20,"or_(x[4],x[6])",True,"or_(not_(greater_than_or_equal(x[3], x[3])),x[6])",0.7976190476190477,dabf352ca9fc16fe7897b3fa7e73f5cb,0.7976190476190477,False,0.0
2,20,not_(x[6]),True,not_(x[6]),0.20238095238095233,c236778dc5683a72bff278f68dd0aee1,0.20238095238095233,False,0.0
2,20,not_(x[6]),True,not_(x[6]),0.20238095238095233,c236778dc5683a72bff278f68dd0aee1,0.20238095238095233,False,0.0
2,20,"not_(or_(x[4],x[6]))",True,not_(x[6]),0.20238095238095233,c236778dc5683a72bff278f68dd0aee1,0.20238095238095233,False,0.0
2,20,not_(x[6]),True,not_(x[6]),0.20238095238095233,c236778dc5683a72bff278f68dd0aee1,0.20238095238095233,False,0.0
2,20,not_(x[6]),True,not_(x[6]),0.20238095238095233,c236778dc5683a72bff278f68dd0aee1,0.20238095238095233,False,0.0
2,20,not_(x[4]),True,not_(x[4]),0.20238095238095233,e9bf358728c366c73b72393d204b8cd2,0.20238095238095233,False,0.0
2,20,not_(x[4]),True,not_(x[4]),0.20238095238095233,e9bf358728c366c73b72393d204b8cd2,0.20238095238095233,False,0.0
2,20,"less_than_or_equal(sub(mul(x[3],x[3]),sub(x[5],mul(x[5],x[2]))),x[2])",True,"less_than_or_equal(x[3],x[3])",0.7857142857142857,3352141c4f785c0403fcb33f533f7848,0.7738095238095238,True,-0.011904761904761862
2,20,not_(x[6]),True,not_(x[6]),0.20238095238095233,c236778dc5683a72bff278f68dd0aee1,0.20238095238095233,False,0.0
2,20,not_(x[6]),True,not_(x[6]),0.20238095238095233,c236778dc5683a72bff278f68dd0aee1,0.20238095238095233,False,0.0
2,20,not_(x[4]),True,not_(x[4]),0.20238095238095233,e9bf358728c366c73b72393d204b8cd2,0.20238095238095233,False,0.0
2,20,not_(x[6]),True,not_(x[6]),0.20238095238095233,c236778dc5683a72bff278f68dd0aee1,0.20238095238095233,False,0.0
2,20,"not_(and_(x[4],x[6]))",True,not_(x[4]),0.20238095238095233,e9bf358728c366c73b72393d204b8cd2,0.20238095238095233,False,0.0
2,20,not_(x[6]),True,not_(x[6]),0.20238095238095233,c236778dc5683a72bff278f68dd0aee1,0.20238095238095233,False,0.0
2,20,not_(x[4]),True,not_(x[4]),0.20238095238095233,e9bf358728c366c73b72393d204b8cd2,0.20238095238095233,False,0.0
2,20,not_(x[4]),True,not_(x[4]),0.20238095238095233,e9bf358728c366c73b72393d204b8cd2,0.20238095238095233,False,0.0
2,20,not_(x[6]),True,not_(x[6]),0.20238095238095233,c236778dc5683a72bff278f68dd0aee1,0.20238095238095233,False,0.0
2,20,not_(x[6]),True,not_(x[6]),0.20238095238095233,c236778dc5683a72bff278f68dd0aee1,0.20238095238095233,False,0.0
2,20,not_(x[6]),True,not_(x[6]),0.20238095238095233,c236778dc5683a72bff278f68dd0aee1,0.20238095238095233,False,0.0
2,20,not_(x[4]),True,not_(x[4]),0.20238095238095233,e9bf358728c366c73b72393d204b8cd2,0.20238095238095233,False,0.0
2,20,not_(x[6]),True,not_(x[6]),0.20238095238095233,c236778dc5683a72bff278f68dd0aee1,0.20238095238095233,False,0.0
2,20,not_(x[4]),True,not_(x[4]),0.20238095238095233,e9bf358728c366c73b72393d204b8cd2,0.20238095238095233,False,0.0
2,20,not_(x[6]),True,not_(x[6]),0.20238095238095233,c236778dc5683a72bff278f68dd0aee1,0.20238095238095233,False,0.0
2,20,not_(x[6]),True,not_(x[6]),0.20238095238095233,c236778dc5683a72bff278f68dd0aee1,0.20238095238095233,False,0.0
2,20,not_(x[6]),True,not_(x[6]),0.20238095238095233,c236778dc5683a72bff278f68dd0aee1,0.20238095238095233,False,0.0
2,20,not_(x[4]),True,not_(x[4]),0.20238095238095233,e9bf358728c366c73b72393d204b8cd2,0.20238095238095233,False,0.0
2,20,not_(x[4]),True,not_(x[4]),0.20238095238095233,e9bf358728c366c73b72393d204b8cd2,0.20238095238095233,False,0.0
2,20,not_(x[6]),True,not_(x[6]),0.20238095238095233,c236778dc5683a72bff278f68dd0aee1,0.20238095238095233,False,0.0
2,20,not_(x[6]),True,not_(x[6]),0.20238095238095233,c236778dc5683a72bff278f68dd0aee1,0.20238095238095233,False,0.0
2,20,not_(x[6]),True,not_(x[6]),0.20238095238095233,c236778dc5683a72bff278f68dd0aee1,0.20238095238095233,False,0.0
2,20,not_(x[6]),True,not_(x[6]),0.20238095238095233,c236778dc5683a72bff278f68dd0aee1,0.20238095238095233,False,0.0
2,20,"or_(x[4],x[6])",True,"or_(not_(greater_than_or_equal(x[3], x[3])),x[6])",0.7976190476190477,dabf352ca9fc16fe7897b3fa7e73f5cb,0.7976190476190477,False,0.0
2,20,"or_(x[4],x[6])",True,"or_(not_(greater_than_or_equal(x[3], x[3])),x[6])",0.7976190476190477,dabf352ca9fc16fe7897b3fa7e73f5cb,0.7976190476190477,False,0.0
2,20,not_(x[6]),True,not_(x[6]),0.20238095238095233,c236778dc5683a72bff278f68dd0aee1,0.20238095238095233,False,0.0
2,20,not_(x[6]),True,not_(x[6]),0.20238095238095233,c236778dc5683a72bff278f68dd0aee1,0.20238095238095233,False,0.0
2,20,"not_(or_(x[4],or_(x[4],x[6])))",True,not_(x[6]),0.20238095238095233,c236778dc5683a72bff278f68dd0aee1,0.20238095238095233,False,0.0
2,20,not_(x[4]),True,not_(x[4]),0.20238095238095233,e9bf358728c366c73b72393d204b8cd2,0.20238095238095233,False,0.0
2,20,not_(x[4]),True,not_(x[4]),0.20238095238095233,e9bf358728c366c73b72393d204b8cd2,0.20238095238095233,False,0.0
2,20,not_(x[6]),True,not_(x[6]),0.20238095238095233,c236778dc5683a72bff278f68dd0aee1,0.20238095238095233,False,0.0
2,20,not_(x[6]),True,not_(x[6]),0.20238095238095233,c236778dc5683a72bff278f68dd0aee1,0.20238095238095233,False,0.0
2,20,not_(x[6]),True,not_(x[6]),0.20238095238095233,c236778dc5683a72bff278f68dd0aee1,0.20238095238095233,False,0.0
2,20,not_(x[6]),True,not_(x[6]),0.20238095238095233,c236778dc5683a72bff278f68dd0aee1,0.20238095238095233,False,0.0
2,20,not_(x[6]),True,not_(x[6]),0.20238095238095233,c236778dc5683a72bff278f68dd0aee1,0.20238095238095233,False,0.0
2,20,not_(x[6]),True,not_(x[6]),0.20238095238095233,c236778dc5683a72bff278f68dd0aee1,0.20238095238095233,False,0.0
2,20,not_(x[6]),True,not_(x[6]),0.20238095238095233,c236778dc5683a72bff278f68dd0aee1,0.20238095238095233,False,0.0
2,20,not_(x[6]),True,not_(x[6]),0.20238095238095233,c236778dc5683a72bff278f68dd0aee1,0.20238095238095233,False,0.0
2,20,not_(x[4]),True,not_(x[4]),0.20238095238095233,e9bf358728c366c73b72393d204b8cd2,0.20238095238095233,False,0.0
2,20,not_(x[6]),True,not_(x[6]),0.20238095238095233,c236778dc5683a72bff278f68dd0aee1,0.20238095238095233,False,0.0
2,20,not_(x[6]),True,not_(x[6]),0.20238095238095233,c236778dc5683a72bff278f68dd0aee1,0.20238095238095233,False,0.0
2,20,not_(x[6]),True,not_(x[6]),0.20238095238095233,c236778dc5683a72bff278f68dd0aee1,0.20238095238095233,False,0.0
2,20,"not_(or_(x[4],x[6]))",True,not_(x[6]),0.20238095238095233,c236778dc5683a72bff278f68dd0aee1,0.20238095238095233,False,0.0
2,20,not_(x[6]),True,not_(x[6]),0.20238095238095233,c236778dc5683a72bff278f68dd0aee1,0.20238095238095233,False,0.0
2,20,not_(x[6]),True,not_(x[6]),0.20238095238095233,c236778dc5683a72bff278f68dd0aee1,0.20238095238095233,False,0.0
2,20,not_(x[6]),True,not_(x[6]),0.20238095238095233,c236778dc5683a72bff278f68dd0aee1,0.20238095238095233,False,0.0
2,20,not_(x[6]),True,not_(x[6]),0.20238095238095233,c236778dc5683a72bff278f68dd0aee1,0.20238095238095233,False,0.0
2,20,not_(x[6]),True,not_(x[6]),0.20238095238095233,c236778dc5683a72bff278f68dd0aee1,0.20238095238095233,False,0.0
2,20,not_(x[6]),True,not_(x[6]),0.20238095238095233,c236778dc5683a72bff278f68dd0aee1,0.20238095238095233,False,0.0
2,20,not_(x[6]),True,not_(x[6]),0.20238095238095233,c236778dc5683a72bff278f68dd0aee1,0.20238095238095233,False,0.0
2,20,not_(x[6]),True,not_(x[6]),0.20238095238095233,c236778dc5683a72bff278f68dd0aee1,0.20238095238095233,False,0.0
2,20,not_(x[6]),True,not_(x[6]),0.20238095238095233,c236778dc5683a72bff278f68dd0aee1,0.20238095238095233,False,0.0
2,20,not_(x[4]),True,not_(x[4]),0.20238095238095233,e9bf358728c366c73b72393d204b8cd2,0.20238095238095233,False,0.0
2,20,not_(x[4]),True,not_(x[4]),0.20238095238095233,e9bf358728c366c73b72393d204b8cd2,0.20238095238095233,False,0.0
2,20,"not_(and_(x[6],x[6]))",True,not_(x[6]),0.20238095238095233,c236778dc5683a72bff278f68dd0aee1,0.20238095238095233,False,0.0
2,20,not_(x[6]),True,not_(x[6]),0.20238095238095233,c236778dc5683a72bff278f68dd0aee1,0.20238095238095233,False,0.0
2,20,"not_(or_(x[6],x[6]))",True,not_(x[6]),0.20238095238095233,c236778dc5683a72bff278f68dd0aee1,0.20238095238095233,False,0.0
2,20,not_(x[6]),True,not_(x[6]),0.20238095238095233,c236778dc5683a72bff278f68dd0aee1,0.20238095238095233,False,0.0
2,20,not_(x[6]),True,not_(x[6]),0.20238095238095233,c236778dc5683a72bff278f68dd0aee1,0.20238095238095233,False,0.0
2,20,not_(x[6]),True,not_(x[6]),0.20238095238095233,c236778dc5683a72bff278f68dd0aee1,0.20238095238095233,False,0.0
2,20,"not_(or_(x[6],x[6]))",True,not_(x[6]),0.20238095238095233,c236778dc5683a72bff278f68dd0aee1,0.20238095238095233,False,0.0
2,20,not_(x[6]),True,not_(x[6]),0.20238095238095233,c236778dc5683a72bff278f68dd0aee1,0.20238095238095233,False,0.0
2,20,not_(x[4]),True,not_(x[4]),0.20238095238095233,e9bf358728c366c73b72393d204b8cd2,0.20238095238095233,False,0.0
2,20,not_(x[6]),True,not_(x[6]),0.20238095238095233,c236778dc5683a72bff278f68dd0aee1,0.20238095238095233,False,0.0
2,20,not_(x[6]),True,not_(x[6]),0.20238095238095233,c236778dc5683a72bff278f68dd0aee1,0.20238095238095233,False,0.0
2,20,"not_(and_(x[4],x[6]))",True,not_(x[4]),0.20238095238095233,e9bf358728c366c73b72393d204b8cd2,0.20238095238095233,False,0.0
2,20,not_(x[6]),True,not_(x[6]),0.20238095238095233,c236778dc5683a72bff278f68dd0aee1,0.20238095238095233,False,0.0
2,20,not_(x[4]),True,not_(x[4]),0.20238095238095233,e9bf358728c366c73b72393d204b8cd2,0.20238095238095233,False,0.0
2,20,"less_than_or_equal(sub(add(x[0],x[5]),mul(x[3],x[0])),pdiv(mul(x[5],sub(x[5],x[5])),x[3]))",True,not_(x[4]),0.20238095238095233,e9bf358728c366c73b72393d204b8cd2,0.19047619047619047,True,-0.011904761904761862
2,20,not_(x[4]),True,not_(x[4]),0.20238095238095233,e9bf358728c366c73b72393d204b8cd2,0.20238095238095233,False,0.0
2,20,not_(x[6]),True,not_(x[6]),0.20238095238095233,c236778dc5683a72bff278f68dd0aee1,0.20238095238095233,False,0.0
2,20,not_(x[6]),True,not_(x[6]),0.20238095238095233,c236778dc5683a72bff278f68dd0aee1,0.20238095238095233,False,0.0
2,20,not_(x[6]),True,not_(x[6]),0.20238095238095233,c236778dc5683a72bff278f68dd0aee1,0.20238095238095233,False,0.0
2,20,not_(x[6]),True,not_(x[6]),0.20238095238095233,c236778dc5683a72bff278f68dd0aee1,0.20238095238095233,False,0.0
2,20,not_(x[6]),True,not_(x[6]),0.20238095238095233,c236778dc5683a72bff278f68dd0aee1,0.20238095238095233,False,0.0
2,20,"not_(greater_than_or_equal(sub(add(x[0],x[5]),mul(x[2],x[0])), pdiv(mul(x[5],x[0]),add(x[2],x[3]))))",True,"less_than_or_equal(sub(add(x[0],x[5]),mul(x[2],x[0])),pdiv(mul(x[5],x[0]),add(x[2],x[3])))",0.19047619047619047,58cc4f21233e882751aa955999da1daf,0.19047619047619047,False,0.0
2,20,not_(x[4]),True,not_(x[4]),0.20238095238095233,e9bf358728c366c73b72393d204b8cd2,0.20238095238095233,False,0.0
2,20,not_(x[4]),True,not_(x[4]),0.20238095238095233,e9bf358728c366c73b72393d204b8cd2,0.20238095238095233,False,0.0
2,20,not_(x[6]),True,not_(x[6]),0.20238095238095233,c236778dc5683a72bff278f68dd0aee1,0.20238095238095233,False,0.0
2,20,not_(x[4]),True,not_(x[4]),0.20238095238095233,e9bf358728c366c73b72393d204b8cd2,0.20238095238095233,False,0.0
2,20,not_(x[6]),True,not_(x[6]),0.20238095238095233,c236778dc5683a72bff278f68dd0aee1,0.20238095238095233,False,0.0
2,20,not_(x[6]),True,not_(x[6]),0.20238095238095233,c236778dc5683a72bff278f68dd0aee1,0.20238095238095233,False,0.0
2,20,not_(x[4]),True,not_(x[4]),0.20238095238095233,e9bf358728c366c73b72393d204b8cd2,0.20238095238095233,False,0.0
2,20,"not_(and_(x[6],x[6]))",True,not_(x[6]),0.20238095238095233,c236778dc5683a72bff278f68dd0aee1,0.20238095238095233,False,0.0
2,20,not_(x[4]),True,not_(x[4]),0.20238095238095233,e9bf358728c366c73b72393d204b8cd2,0.20238095238095233,False,0.0
2,20,not_(x[6]),True,not_(x[6]),0.20238095238095233,c236778dc5683a72bff278f68dd0aee1,0.20238095238095233,False,0.0
2,20,not_(x[6]),True,not_(x[6]),0.20238095238095233,c236778dc5683a72bff278f68dd0aee1,0.20238095238095233,False,0.0
2,20,not_(x[4]),True,not_(x[4]),0.20238095238095233,e9bf358728c366c73b72393d204b8cd2,0.20238095238095233,False,0.0
2,20,not_(x[6]),True,not_(x[6]),0.20238095238095233,c236778dc5683a72bff278f68dd0aee1,0.20238095238095233,False,0.0
2,20,"not_(or_(x[4],x[6]))",True,not_(x[6]),0.20238095238095233,c236778dc5683a72bff278f68dd0aee1,0.20238095238095233,False,0.0
2,20,not_(x[6]),True,not_(x[6]),0.20238095238095233,c236778dc5683a72bff278f68dd0aee1,0.20238095238095233,False,0.0
2,20,not_(x[6]),True,not_(x[6]),0.20238095238095233,c236778dc5683a72bff278f68dd0aee1,0.20238095238095233,False,0.0
2,20,not_(x[6]),True,not_(x[6]),0.20238095238095233,c236778dc5683a72bff278f68dd0aee1,0.20238095238095233,False,0.0
2,20,"not_(and_(x[6],x[4]))",True,not_(x[4]),0.20238095238095233,e9bf358728c366c73b72393d204b8cd2,0.20238095238095233,False,0.0
2,20,not_(x[4]),True,not_(x[4]),0.20238095238095233,e9bf358728c366c73b72393d204b8cd2,0.20238095238095233,False,0.0
2,20,not_(x[6]),True,not_(x[6]),0.20238095238095233,c236778dc5683a72bff278f68dd0aee1,0.20238095238095233,False,0.0
2,20,not_(x[6]),True,not_(x[6]),0.20238095238095233,c236778dc5683a72bff278f68dd0aee1,0.20238095238095233,False,0.0
2,20,not_(x[6]),True,not_(x[6]),0.20238095238095233,c236778dc5683a72bff278f68dd0aee1,0.20238095238095233,False,0.0
2,20,not_(x[4]),True,not_(x[4]),0.20238095238095233,e9bf358728c366c73b72393d204b8cd2,0.20238095238095233,False,0.0
2,20,not_(x[6]),True,not_(x[6]),0.20238095238095233,c236778dc5683a72bff278f68dd0aee1,0.20238095238095233,False,0.0
2,20,not_(x[4]),True,not_(x[4]),0.20238095238095233,e9bf358728c366c73b72393d204b8cd2,0.20238095238095233,False,0.0
2,20,not_(x[6]),True,not_(x[6]),0.20238095238095233,c236778dc5683a72bff278f68dd0aee1,0.20238095238095233,False,0.0
2,20,not_(not_(x[6])),True,"or_(not_(greater_than_or_equal(x[3], x[3])),x[6])",0.7976190476190477,dabf352ca9fc16fe7897b3fa7e73f5cb,0.7976190476190477,False,0.0
2,20,not_(x[6]),True,not_(x[6]),0.20238095238095233,c236778dc5683a72bff278f68dd0aee1,0.20238095238095233,False,0.0
2,20,not_(x[4]),True,not_(x[4]),0.20238095238095233,e9bf358728c366c73b72393d204b8cd2,0.20238095238095233,False,0.0
2,20,not_(x[6]),True,not_(x[6]),0.20238095238095233,c236778dc5683a72bff278f68dd0aee1,0.20238095238095233,False,0.0
2,20,not_(x[6]),True,not_(x[6]),0.20238095238095233,c236778dc5683a72bff278f68dd0aee1,0.20238095238095233,False,0.0
2,20,not_(x[6]),True,not_(x[6]),0.20238095238095233,c236778dc5683a72bff278f68dd0aee1,0.20238095238095233,False,0.0
2,20,not_(x[4]),True,not_(x[4]),0.20238095238095233,e9bf358728c366c73b72393d204b8cd2,0.20238095238095233,False,0.0
2,20,"less_than_or_equal(sub(add(x[0],x[5]),mul(x[2],x[0])),pdiv(mul(x[5],x[0]),add(x[2],x[3])))",True,"less_than_or_equal(sub(add(x[0],x[5]),mul(x[2],x[0])),pdiv(mul(x[5],x[0]),add(x[2],x[3])))",0.19047619047619047,58cc4f21233e882751aa955999da1daf,0.13636363636363635,True,-0.05411255411255411
2,21,not_(x[6]),True,not_(x[6]),0.20238095238095233,c236778dc5683a72bff278f68dd0aee1,0.20238095238095233,False,0.0
2,21,not_(x[6]),True,not_(x[6]),0.20238095238095233,c236778dc5683a72bff278f68dd0aee1,0.20238095238095233,False,0.0
2,21,not_(x[6]),True,not_(x[6]),0.20238095238095233,c236778dc5683a72bff278f68dd0aee1,0.20238095238095233,False,0.0
2,21,not_(x[6]),True,not_(x[6]),0.20238095238095233,c236778dc5683a72bff278f68dd0aee1,0.20238095238095233,False,0.0
2,21,not_(x[4]),True,not_(x[4]),0.20238095238095233,e9bf358728c366c73b72393d204b8cd2,0.20238095238095233,False,0.0
2,21,"not_(and_(x[6],x[4]))",True,not_(x[4]),0.20238095238095233,e9bf358728c366c73b72393d204b8cd2,0.20238095238095233,False,0.0
2,21,not_(x[6]),True,not_(x[6]),0.20238095238095233,c236778dc5683a72bff278f68dd0aee1,0.20238095238095233,False,0.0
2,21,not_(x[6]),True,not_(x[6]),0.20238095238095233,c236778dc5683a72bff278f68dd0aee1,0.20238095238095233,False,0.0
2,21,not_(x[6]),True,not_(x[6]),0.20238095238095233,c236778dc5683a72bff278f68dd0aee1,0.20238095238095233,False,0.0
2,21,not_(not_(x[6])),True,"or_(not_(greater_than_or_equal(x[3], x[3])),x[6])",0.7976190476190477,dabf352ca9fc16fe7897b3fa7e73f5cb,0.7976190476190477,False,0.0
2,21,"not_(or_(x[1],x[4]))",True,"less_than_or_equal(53.67,mul(x[3],x[3]))",0.2142857142857143,2cece411320c1d56790d65c80cc8f440,0.22619047619047616,True,0.011904761904761862
2,21,not_(x[6]),True,not_(x[6]),0.20238095238095233,c236778dc5683a72bff278f68dd0aee1,0.20238095238095233,False,0.0
2,21,not_(x[6]),True,not_(x[6]),0.20238095238095233,c236778dc5683a72bff278f68dd0aee1,0.20238095238095233,False,0.0
2,21,not_(x[4]),True,not_(x[4]),0.20238095238095233,e9bf358728c366c73b72393d204b8cd2,0.20238095238095233,False,0.0
2,21,not_(x[4]),True,not_(x[4]),0.20238095238095233,e9bf358728c366c73b72393d204b8cd2,0.20238095238095233,False,0.0
2,21,not_(x[6]),True,not_(x[6]),0.20238095238095233,c236778dc5683a72bff278f68dd0aee1,0.20238095238095233,False,0.0
2,21,not_(x[4]),True,not_(x[4]),0.20238095238095233,e9bf358728c366c73b72393d204b8cd2,0.20238095238095233,False,0.0
2,21,not_(x[6]),True,not_(x[6]),0.20238095238095233,c236778dc5683a72bff278f68dd0aee1,0.20238095238095233,False,0.0
2,21,"or_(x[4],x[4])",True,"not_(greater_than_or_equal(sub(x[0],x[3]), x[0]))",0.7976190476190477,95cffd09c37f5560118f86148db41cd5,0.7976190476190477,False,0.0
2,21,"not_(or_(x[4],x[4]))",True,not_(x[4]),0.20238095238095233,e9bf358728c366c73b72393d204b8cd2,0.20238095238095233,False,0.0
2,21,not_(x[6]),True,not_(x[6]),0.20238095238095233,c236778dc5683a72bff278f68dd0aee1,0.20238095238095233,False,0.0
2,21,not_(x[4]),True,not_(x[4]),0.20238095238095233,e9bf358728c366c73b72393d204b8cd2,0.20238095238095233,False,0.0
2,21,x[6],True,x[6],0.7976190476190477,5dd9d7c24dce7ece1d734bf6c32f4813,0.7976190476190477,False,0.0
2,21,not_(x[6]),True,not_(x[6]),0.20238095238095233,c236778dc5683a72bff278f68dd0aee1,0.20238095238095233,False,0.0
2,21,not_(x[6]),True,not_(x[6]),0.20238095238095233,c236778dc5683a72bff278f68dd0aee1,0.20238095238095233,False,0.0
2,21,"not_(or_(x[4],x[6]))",True,not_(x[6]),0.20238095238095233,c236778dc5683a72bff278f68dd0aee1,0.20238095238095233,False,0.0
2,21,not_(x[6]),True,not_(x[6]),0.20238095238095233,c236778dc5683a72bff278f68dd0aee1,0.20238095238095233,False,0.0
2,21,not_(x[4]),True,not_(x[4]),0.20238095238095233,e9bf358728c366c73b72393d204b8cd2,0.20238095238095233,False,0.0
2,21,not_(x[6]),True,not_(x[6]),0.20238095238095233,c236778dc5683a72bff278f68dd0aee1,0.20238095238095233,False,0.0
2,21,not_(x[6]),True,not_(x[6]),0.20238095238095233,c236778dc5683a72bff278f68dd0aee1,0.20238095238095233,False,0.0
2,21,not_(x[6]),True,not_(x[6]),0.20238095238095233,c236778dc5683a72bff278f68dd0aee1,0.20238095238095233,False,0.0
2,21,not_(x[6]),True,not_(x[6]),0.20238095238095233,c236778dc5683a72bff278f68dd0aee1,0.20238095238095233,False,0.0
2,21,not_(x[6]),True,not_(x[6]),0.20238095238095233,c236778dc5683a72bff278f68dd0aee1,0.20238095238095233,False,0.0
2,21,not_(x[4]),True,not_(x[4]),0.20238095238095233,e9bf358728c366c73b72393d204b8cd2,0.20238095238095233,False,0.0
2,21,not_(x[4]),True,not_(x[4]),0.20238095238095233,e9bf358728c366c73b72393d204b8cd2,0.20238095238095233,False,0.0
2,21,not_(x[6]),True,not_(x[6]),0.20238095238095233,c236778dc5683a72bff278f68dd0aee1,0.20238095238095233,False,0.0
2,21,not_(x[6]),True,not_(x[6]),0.20238095238095233,c236778dc5683a72bff278f68dd0aee1,0.20238095238095233,False,0.0
2,21,not_(x[6]),True,not_(x[6]),0.20238095238095233,c236778dc5683a72bff278f68dd0aee1,0.20238095238095233,False,0.0
2,21,not_(x[4]),True,not_(x[4]),0.20238095238095233,e9bf358728c366c73b72393d204b8cd2,0.20238095238095233,False,0.0
2,21,"or_(x[6],x[6])",True,"or_(not_(greater_than_or_equal(x[3], x[3])),x[6])",0.7976190476190477,dabf352ca9fc16fe7897b3fa7e73f5cb,0.7976190476190477,False,0.0
2,21,"greater_than_or_equal(sub(x[3],45.79), sub(x[0],pdiv(mul(x[5],x[0]),add(x[2],x[3]))))",True,"less_than_or_equal(53.67,mul(x[3],x[3]))",0.2142857142857143,2cece411320c1d56790d65c80cc8f440,0.2142857142857143,False,0.0
2,21,not_(x[6]),True,not_(x[6]),0.20238095238095233,c236778dc5683a72bff278f68dd0aee1,0.20238095238095233,False,0.0
2,21,"not_(or_(x[6],x[6]))",True,not_(x[6]),0.20238095238095233,c236778dc5683a72bff278f68dd0aee1,0.20238095238095233,False,0.0
2,21,not_(not_(x[6])),True,"or_(not_(greater_than_or_equal(x[3], x[3])),x[6])",0.7976190476190477,dabf352ca9fc16fe7897b3fa7e73f5cb,0.7976190476190477,False,0.0
2,21,not_(x[4]),True,not_(x[4]),0.20238095238095233,e9bf358728c366c73b72393d204b8cd2,0.20238095238095233,False,0.0
2,21,not_(x[6]),True,not_(x[6]),0.20238095238095233,c236778dc5683a72bff278f68dd0aee1,0.20238095238095233,False,0.0
2,21,not_(x[6]),True,not_(x[6]),0.20238095238095233,c236778dc5683a72bff278f68dd0aee1,0.20238095238095233,False,0.0
2,21,"not_(and_(x[4],x[6]))",True,not_(x[4]),0.20238095238095233,e9bf358728c366c73b72393d204b8cd2,0.20238095238095233,False,0.0
2,21,not_(x[6]),True,not_(x[6]),0.20238095238095233,c236778dc5683a72bff278f68dd0aee1,0.20238095238095233,False,0.0
2,21,not_(x[6]),True,not_(x[6]),0.20238095238095233,c236778dc5683a72bff278f68dd0aee1,0.20238095238095233,False,0.0
2,21,not_(x[4]),True,not_(x[4]),0.20238095238095233,e9bf358728c366c73b72393d204b8cd2,0.20238095238095233,False,0.0
2,21,not_(x[4]),True,not_(x[4]),0.20238095238095233,e9bf358728c366c73b72393d204b8cd2,0.20238095238095233,False,0.0
2,21,not_(x[4]),True,not_(x[4]),0.20238095238095233,e9bf358728c366c73b72393d204b8cd2,0.20238095238095233,False,0.0
2,21,not_(x[6]),True,not_(x[6]),0.20238095238095233,c236778dc5683a72bff278f68dd0aee1,0.20238095238095233,False,0.0
2,21,not_(x[6]),True,not_(x[6]),0.20238095238095233,c236778dc5683a72bff278f68dd0aee1,0.20238095238095233,False,0.0
2,21,"not_(and_(x[6],x[4]))",True,not_(x[4]),0.20238095238095233,e9bf358728c366c73b72393d204b8cd2,0.20238095238095233,False,0.0
2,21,not_(x[6]),True,not_(x[6]),0.20238095238095233,c236778dc5683a72bff278f68dd0aee1,0.20238095238095233,False,0.0
2,21,not_(x[6]),True,not_(x[6]),0.20238095238095233,c236778dc5683a72bff278f68dd0aee1,0.20238095238095233,False,0.0
2,21,not_(x[4]),True,not_(x[4]),0.20238095238095233,e9bf358728c366c73b72393d204b8cd2,0.20238095238095233,False,0.0
2,21,not_(x[6]),True,not_(x[6]),0.20238095238095233,c236778dc5683a72bff278f68dd0aee1,0.20238095238095233,False,0.0
2,21,"not_(and_(x[6],x[6]))",True,not_(x[6]),0.20238095238095233,c236778dc5683a72bff278f68dd0aee1,0.20238095238095233,False,0.0
2,21,not_(x[6]),True,not_(x[6]),0.20238095238095233,c236778dc5683a72bff278f68dd0aee1,0.20238095238095233,False,0.0
2,21,not_(x[4]),True,not_(x[4]),0.20238095238095233,e9bf358728c366c73b72393d204b8cd2,0.20238095238095233,False,0.0
2,21,"not_(and_(x[4],x[6]))",True,not_(x[4]),0.20238095238095233,e9bf358728c366c73b72393d204b8cd2,0.20238095238095233,False,0.0
2,21,not_(x[6]),True,not_(x[6]),0.20238095238095233,c236778dc5683a72bff278f68dd0aee1,0.20238095238095233,False,0.0
2,21,not_(x[6]),True,not_(x[6]),0.20238095238095233,c236778dc5683a72bff278f68dd0aee1,0.20238095238095233,False,0.0
2,21,not_(x[4]),True,not_(x[4]),0.20238095238095233,e9bf358728c366c73b72393d204b8cd2,0.20238095238095233,False,0.0
2,21,not_(x[6]),True,not_(x[6]),0.20238095238095233,c236778dc5683a72bff278f68dd0aee1,0.20238095238095233,False,0.0
2,21,not_(x[6]),True,not_(x[6]),0.20238095238095233,c236778dc5683a72bff278f68dd0aee1,0.20238095238095233,False,0.0
2,21,not_(x[6]),True,not_(x[6]),0.20238095238095233,c236778dc5683a72bff278f68dd0aee1,0.20238095238095233,False,0.0
2,21,not_(x[4]),True,not_(x[4]),0.20238095238095233,e9bf358728c366c73b72393d204b8cd2,0.20238095238095233,False,0.0
2,21,not_(x[4]),True,not_(x[4]),0.20238095238095233,e9bf358728c366c73b72393d204b8cd2,0.20238095238095233,False,0.0
2,21,"not_(greater_than_or_equal(mul(x[0],x[5]), mul(x[2],x[0])))",True,"less_than_or_equal(53.67,mul(x[3],x[3]))",0.2142857142857143,2cece411320c1d56790d65c80cc8f440,0.26190476190476186,True,0.04761904761904756
2,21,not_(x[4]),True,not_(x[4]),0.20238095238095233,e9bf358728c366c73b72393d204b8cd2,0.20238095238095233,False,0.0
2,21,not_(not_(x[6])),True,"or_(not_(greater_than_or_equal(x[3], x[3])),x[6])",0.7976190476190477,dabf352ca9fc16fe7897b3fa7e73f5cb,0.7976190476190477,False,0.0
2,21,not_(x[6]),True,not_(x[6]),0.20238095238095233,c236778dc5683a72bff278f68dd0aee1,0.20238095238095233,False,0.0
2,21,not_(x[6]),True,not_(x[6]),0.20238095238095233,c236778dc5683a72bff278f68dd0aee1,0.20238095238095233,False,0.0
2,21,not_(x[6]),True,not_(x[6]),0.20238095238095233,c236778dc5683a72bff278f68dd0aee1,0.20238095238095233,False,0.0
2,21,not_(x[6]),True,not_(x[6]),0.20238095238095233,c236778dc5683a72bff278f68dd0aee1,0.20238095238095233,False,0.0
2,21,not_(x[6]),True,not_(x[6]),0.20238095238095233,c236778dc5683a72bff278f68dd0aee1,0.20238095238095233,False,0.0
2,21,not_(x[6]),True,not_(x[6]),0.20238095238095233,c236778dc5683a72bff278f68dd0aee1,0.20238095238095233,False,0.0
2,21,not_(x[6]),True,not_(x[6]),0.20238095238095233,c236778dc5683a72bff278f68dd0aee1,0.20238095238095233,False,0.0
2,21,not_(x[6]),True,not_(x[6]),0.20238095238095233,c236778dc5683a72bff278f68dd0aee1,0.20238095238095233,False,0.0
2,21,not_(x[4]),True,not_(x[4]),0.20238095238095233,e9bf358728c366c73b72393d204b8cd2,0.20238095238095233,False,0.0
2,21,not_(x[4]),True,not_(x[4]),0.20238095238095233,e9bf358728c366c73b72393d204b8cd2,0.20238095238095233,False,0.0
2,21,not_(x[6]),True,not_(x[6]),0.20238095238095233,c236778dc5683a72bff278f68dd0aee1,0.20238095238095233,False,0.0
2,21,not_(x[4]),True,not_(x[4]),0.20238095238095233,e9bf358728c366c73b72393d204b8cd2,0.20238095238095233,False,0.0
2,21,not_(x[4]),True,not_(x[4]),0.20238095238095233,e9bf358728c366c73b72393d204b8cd2,0.20238095238095233,False,0.0
2,21,not_(x[6]),True,not_(x[6]),0.20238095238095233,c236778dc5683a72bff278f68dd0aee1,0.20238095238095233,False,0.0
2,21,not_(x[6]),True,not_(x[6]),0.20238095238095233,c236778dc5683a72bff278f68dd0aee1,0.20238095238095233,False,0.0
2,21,not_(x[4]),True,not_(x[4]),0.20238095238095233,e9bf358728c366c73b72393d204b8cd2,0.20238095238095233,False,0.0
2,21,not_(x[4]),True,not_(x[4]),0.20238095238095233,e9bf358728c366c73b72393d204b8cd2,0.20238095238095233,False,0.0
2,21,not_(x[4]),True,not_(x[4]),0.20238095238095233,e9bf358728c366c73b72393d204b8cd2,0.20238095238095233,False,0.0
2,21,not_(x[6]),True,not_(x[6]),0.20238095238095233,c236778dc5683a72bff278f68dd0aee1,0.20238095238095233,False,0.0
2,21,not_(x[6]),True,not_(x[6]),0.20238095238095233,c236778dc5683a72bff278f68dd0aee1,0.20238095238095233,False,0.0
2,21,"less_than_or_equal(mul(x[3],45.79),sub(x[0],pdiv(mul(x[5],x[0]),add(x[2],x[3]))))",True,"less_than_or_equal(53.67,mul(x[3],x[3]))",0.2142857142857143,2cece411320c1d56790d65c80cc8f440,0.22619047619047616,True,0.011904761904761862
2,21,not_(x[6]),True,not_(x[6]),0.20238095238095233,c236778dc5683a72bff278f68dd0aee1,0.20238095238095233,False,0.0
2,21,"not_(and_(x[6],x[6]))",True,not_(x[6]),0.20238095238095233,c236778dc5683a72bff278f68dd0aee1,0.20238095238095233,False,0.0
2,21,not_(x[6]),True,not_(x[6]),0.20238095238095233,c236778dc5683a72bff278f68dd0aee1,0.20238095238095233,False,0.0
2,21,not_(x[4]),True,not_(x[4]),0.20238095238095233,e9bf358728c366c73b72393d204b8cd2,0.20238095238095233,False,0.0
2,21,not_(x[4]),True,not_(x[4]),0.20238095238095233,e9bf358728c366c73b72393d204b8cd2,0.20238095238095233,False,0.0
2,21,not_(x[6]),True,not_(x[6]),0.20238095238095233,c236778dc5683a72bff278f68dd0aee1,0.20238095238095233,False,0.0
2,21,not_(x[6]),True,not_(x[6]),0.20238095238095233,c236778dc5683a72bff278f68dd0aee1,0.20238095238095233,False,0.0
2,21,"less_than_or_equal(sub(add(x[0],x[5]),x[2]),sub(x[0],pdiv(mul(x[5],sub(x[5],x[5])),x[3])))",True,"less_than_or_equal(53.67,mul(x[3],x[3]))",0.2142857142857143,2cece411320c1d56790d65c80cc8f440,0.25,True,0.0357142857142857
2,21,not_(x[4]),True,not_(x[4]),0.20238095238095233,e9bf358728c366c73b72393d204b8cd2,0.20238095238095233,False,0.0
2,21,not_(x[6]),True,not_(x[6]),0.20238095238095233,c236778dc5683a72bff278f68dd0aee1,0.20238095238095233,False,0.0
2,21,not_(x[6]),True,not_(x[6]),0.20238095238095233,c236778dc5683a72bff278f68dd0aee1,0.20238095238095233,False,0.0
2,21,"less_than_or_equal(sub(add(x[0],x[5]),mul(x[3],x[0])),pdiv(mul(x[5],sub(x[5],x[5])),x[3]))",True,not_(x[4]),0.20238095238095233,e9bf358728c366c73b72393d204b8cd2,0.19047619047619047,True,-0.011904761904761862
2,21,not_(x[6]),True,not_(x[6]),0.20238095238095233,c236778dc5683a72bff278f68dd0aee1,0.20238095238095233,False,0.0
2,21,not_(x[6]),True,not_(x[6]),0.20238095238095233,c236778dc5683a72bff278f68dd0aee1,0.20238095238095233,False,0.0
2,21,not_(x[4]),True,not_(x[4]),0.20238095238095233,e9bf358728c366c73b72393d204b8cd2,0.20238095238095233,False,0.0
2,21,not_(x[6]),True,not_(x[6]),0.20238095238095233,c236778dc5683a72bff278f68dd0aee1,0.20238095238095233,False,0.0
2,21,not_(x[6]),True,not_(x[6]),0.20238095238095233,c236778dc5683a72bff278f68dd0aee1,0.20238095238095233,False,0.0
2,21,not_(x[6]),True,not_(x[6]),0.20238095238095233,c236778dc5683a72bff278f68dd0aee1,0.20238095238095233,False,0.0
2,21,not_(x[6]),True,not_(x[6]),0.20238095238095233,c236778dc5683a72bff278f68dd0aee1,0.20238095238095233,False,0.0
2,21,not_(x[4]),True,not_(x[4]),0.20238095238095233,e9bf358728c366c73b72393d204b8cd2,0.20238095238095233,False,0.0
2,21,"not_(or_(and_(x[6],x[6]),x[4]))",True,not_(x[6]),0.20238095238095233,c236778dc5683a72bff278f68dd0aee1,0.20238095238095233,False,0.0
2,21,not_(x[6]),True,not_(x[6]),0.20238095238095233,c236778dc5683a72bff278f68dd0aee1,0.20238095238095233,False,0.0
2,21,not_(x[4]),True,not_(x[4]),0.20238095238095233,e9bf358728c366c73b72393d204b8cd2,0.20238095238095233,False,0.0
2,21,not_(x[6]),True,not_(x[6]),0.20238095238095233,c236778dc5683a72bff278f68dd0aee1,0.20238095238095233,False,0.0
2,21,not_(not_(x[4])),True,"not_(greater_than_or_equal(sub(x[0],x[3]), x[0]))",0.7976190476190477,95cffd09c37f5560118f86148db41cd5,0.7976190476190477,False,0.0
2,21,"not_(not_(and_(x[6],x[6])))",True,"or_(not_(greater_than_or_equal(x[3], x[3])),x[6])",0.7976190476190477,dabf352ca9fc16fe7897b3fa7e73f5cb,0.7976190476190477,False,0.0
2,21,not_(x[4]),True,not_(x[4]),0.20238095238095233,e9bf358728c366c73b72393d204b8cd2,0.20238095238095233,False,0.0
2,21,"not_(and_(x[6],x[6]))",True,not_(x[6]),0.20238095238095233,c236778dc5683a72bff278f68dd0aee1,0.20238095238095233,False,0.0
2,21,not_(x[6]),True,not_(x[6]),0.20238095238095233,c236778dc5683a72bff278f68dd0aee1,0.20238095238095233,False,0.0
2,21,not_(x[6]),True,not_(x[6]),0.20238095238095233,c236778dc5683a72bff278f68dd0aee1,0.20238095238095233,False,0.0
2,21,"not_(or_(x[6],x[6]))",True,not_(x[6]),0.20238095238095233,c236778dc5683a72bff278f68dd0aee1,0.20238095238095233,False,0.0
2,21,not_(x[4]),True,not_(x[4]),0.20238095238095233,e9bf358728c366c73b72393d204b8cd2,0.20238095238095233,False,0.0
2,21,"not_(greater_than_or_equal(x[5], mul(x[2],x[0])))",True,"less_than_or_equal(53.67,mul(x[3],x[3]))",0.2142857142857143,2cece411320c1d56790d65c80cc8f440,0.25,True,0.0357142857142857
2,21,not_(x[6]),True,not_(x[6]),0.20238095238095233,c236778dc5683a72bff278f68dd0aee1,0.20238095238095233,False,0.0
2,21,not_(x[6]),True,not_(x[6]),0.20238095238095233,c236778dc5683a72bff278f68dd0aee1,0.20238095238095233,False,0.0
2,21,not_(x[6]),True,not_(x[6]),0.20238095238095233,c236778dc5683a72bff278f68dd0aee1,0.20238095238095233,False,0.0
2,21,not_(x[6]),True,not_(x[6]),0.20238095238095233,c236778dc5683a72bff278f68dd0aee1,0.20238095238095233,False,0.0
2,21,not_(x[6]),True,not_(x[6]),0.20238095238095233,c236778dc5683a72bff278f68dd0aee1,0.20238095238095233,False,0.0
2,21,not_(x[6]),True,not_(x[6]),0.20238095238095233,c236778dc5683a72bff278f68dd0aee1,0.20238095238095233,False,0.0
2,21,not_(x[4]),True,not_(x[4]),0.20238095238095233,e9bf358728c366c73b72393d204b8cd2,0.20238095238095233,False,0.0
2,21,not_(x[6]),True,not_(x[6]),0.20238095238095233,c236778dc5683a72bff278f68dd0aee1,0.20238095238095233,False,0.0
2,21,not_(x[4]),True,not_(x[4]),0.20238095238095233,e9bf358728c366c73b72393d204b8cd2,0.20238095238095233,False,0.0
2,21,not_(x[6]),True,not_(x[6]),0.20238095238095233,c236778dc5683a72bff278f68dd0aee1,0.20238095238095233,False,0.0
2,21,x[6],True,x[6],0.7976190476190477,5dd9d7c24dce7ece1d734bf6c32f4813,0.7976190476190477,False,0.0
2,21,not_(x[4]),True,not_(x[4]),0.20238095238095233,e9bf358728c366c73b72393d204b8cd2,0.20238095238095233,False,0.0
2,21,"not_(or_(or_(x[4],x[6]),x[4]))",True,not_(x[6]),0.20238095238095233,c236778dc5683a72bff278f68dd0aee1,0.20238095238095233,False,0.0
2,21,not_(x[4]),True,not_(x[4]),0.20238095238095233,e9bf358728c366c73b72393d204b8cd2,0.20238095238095233,False,0.0
2,21,not_(x[6]),True,not_(x[6]),0.20238095238095233,c236778dc5683a72bff278f68dd0aee1,0.20238095238095233,False,0.0
2,21,not_(x[4]),True,not_(x[4]),0.20238095238095233,e9bf358728c366c73b72393d204b8cd2,0.20238095238095233,False,0.0
2,21,not_(x[4]),True,not_(x[4]),0.20238095238095233,e9bf358728c366c73b72393d204b8cd2,0.20238095238095233,False,0.0
2,21,"or_(x[4],x[4])",True,"not_(greater_than_or_equal(sub(x[0],x[3]), x[0]))",0.7976190476190477,95cffd09c37f5560118f86148db41cd5,0.7976190476190477,False,0.0
2,21,not_(x[6]),True,not_(x[6]),0.20238095238095233,c236778dc5683a72bff278f68dd0aee1,0.20238095238095233,False,0.0
2,21,not_(x[4]),True,not_(x[4]),0.20238095238095233,e9bf358728c366c73b72393d204b8cd2,0.20238095238095233,False,0.0
2,21,not_(x[4]),True,not_(x[4]),0.20238095238095233,e9bf358728c366c73b72393d204b8cd2,0.20238095238095233,False,0.0
2,21,"not_(or_(x[6],x[6]))",True,not_(x[6]),0.20238095238095233,c236778dc5683a72bff278f68dd0aee1,0.20238095238095233,False,0.0
2,21,"not_(and_(and_(x[6],x[6]),x[6]))",True,not_(x[6]),0.20238095238095233,c236778dc5683a72bff278f68dd0aee1,0.20238095238095233,False,0.0
2,21,"not_(and_(x[4],x[6]))",True,not_(x[4]),0.20238095238095233,e9bf358728c366c73b72393d204b8cd2,0.20238095238095233,False,0.0
2,21,not_(x[6]),True,not_(x[6]),0.20238095238095233,c236778dc5683a72bff278f68dd0aee1,0.20238095238095233,False,0.0
2,21,"not_(and_(x[6],and_(not_(x[6]),x[6])))",True,"less_than_or_equal(x[3],x[3])",0.7857142857142857,3352141c4f785c0403fcb33f533f7848,0.7857142857142857,False,0.0
2,21,not_(x[6]),True,not_(x[6]),0.20238095238095233,c236778dc5683a72bff278f68dd0aee1,0.20238095238095233,False,0.0
2,21,not_(x[6]),True,not_(x[6]),0.20238095238095233,c236778dc5683a72bff278f68dd0aee1,0.20238095238095233,False,0.0
2,21,not_(x[6]),True,not_(x[6]),0.20238095238095233,c236778dc5683a72bff278f68dd0aee1,0.20238095238095233,False,0.0
2,21,not_(x[6]),True,not_(x[6]),0.20238095238095233,c236778dc5683a72bff278f68dd0aee1,0.20238095238095233,False,0.0
2,21,"not_(or_(x[4],x[6]))",True,not_(x[6]),0.20238095238095233,c236778dc5683a72bff278f68dd0aee1,0.20238095238095233,False,0.0
2,21,not_(x[6]),True,not_(x[6]),0.20238095238095233,c236778dc5683a72bff278f68dd0aee1,0.20238095238095233,False,0.0
2,21,not_(x[4]),True,not_(x[4]),0.20238095238095233,e9bf358728c366c73b72393d204b8cd2,0.20238095238095233,False,0.0
2,21,not_(x[6]),True,not_(x[6]),0.20238095238095233,c236778dc5683a72bff278f68dd0aee1,0.20238095238095233,False,0.0
2,21,not_(x[6]),True,not_(x[6]),0.20238095238095233,c236778dc5683a72bff278f68dd0aee1,0.20238095238095233,False,0.0
2,21,"less_than_or_equal(sub(x[5],x[5]),x[3])",True,"less_than_or_equal(x[3],x[3])",0.7857142857142857,3352141c4f785c0403fcb33f533f7848,0.7857142857142857,False,0.0
2,21,not_(x[4]),True,not_(x[4]),0.20238095238095233,e9bf358728c366c73b72393d204b8cd2,0.20238095238095233,False,0.0
2,21,not_(x[6]),True,not_(x[6]),0.20238095238095233,c236778dc5683a72bff278f68dd0aee1,0.20238095238095233,False,0.0
2,21,not_(x[6]),True,not_(x[6]),0.20238095238095233,c236778dc5683a72bff278f68dd0aee1,0.20238095238095233,False,0.0
2,21,"not_(or_(x[6],x[4]))",True,not_(x[6]),0.20238095238095233,c236778dc5683a72bff278f68dd0aee1,0.20238095238095233,False,0.0
2,21,not_(x[6]),True,not_(x[6]),0.20238095238095233,c236778dc5683a72bff278f68dd0aee1,0.20238095238095233,False,0.0
2,21,not_(x[4]),True,not_(x[4]),0.20238095238095233,e9bf358728c366c73b72393d204b8cd2,0.20238095238095233,False,0.0
2,21,not_(x[6]),True,not_(x[6]),0.20238095238095233,c236778dc5683a72bff278f68dd0aee1,0.20238095238095233,False,0.0
2,21,not_(x[6]),True,not_(x[6]),0.20238095238095233,c236778dc5683a72bff278f68dd0aee1,0.20238095238095233,False,0.0
2,21,not_(x[6]),True,not_(x[6]),0.20238095238095233,c236778dc5683a72bff278f68dd0aee1,0.20238095238095233,False,0.0
2,21,not_(x[6]),True,not_(x[6]),0.20238095238095233,c236778dc5683a72bff278f68dd0aee1,0.20238095238095233,False,0.0
2,21,not_(x[4]),True,not_(x[4]),0.20238095238095233,e9bf358728c366c73b72393d204b8cd2,0.20238095238095233,False,0.0
2,21,not_(x[4]),True,not_(x[4]),0.20238095238095233,e9bf358728c366c73b72393d204b8cd2,0.20238095238095233,False,0.0
2,21,not_(x[6]),True,not_(x[6]),0.20238095238095233,c236778dc5683a72bff278f68dd0aee1,0.20238095238095233,False,0.0
2,21,not_(x[6]),True,not_(x[6]),0.20238095238095233,c236778dc5683a72bff278f68dd0aee1,0.20238095238095233,False,0.0
2,21,"not_(or_(x[4],or_(x[6],x[6])))",True,not_(x[6]),0.20238095238095233,c236778dc5683a72bff278f68dd0aee1,0.20238095238095233,False,0.0
2,21,not_(x[4]),True,not_(x[4]),0.20238095238095233,e9bf358728c366c73b72393d204b8cd2,0.20238095238095233,False,0.0
2,21,not_(x[4]),True,not_(x[4]),0.20238095238095233,e9bf358728c366c73b72393d204b8cd2,0.20238095238095233,False,0.0
2,21,"less_than_or_equal(sub(add(x[0],x[5]),mul(x[2],x[0])),pdiv(mul(x[0],x[0]),add(x[2],x[0])))",True,not_(x[6]),0.20238095238095233,c236778dc5683a72bff278f68dd0aee1,0.20238095238095233,False,0.0
2,21,"not_(or_(x[6],x[6]))",True,not_(x[6]),0.20238095238095233,c236778dc5683a72bff278f68dd0aee1,0.20238095238095233,False,0.0
2,21,"not_(or_(x[6],x[4]))",True,not_(x[6]),0.20238095238095233,c236778dc5683a72bff278f68dd0aee1,0.20238095238095233,False,0.0
2,21,not_(x[4]),True,not_(x[4]),0.20238095238095233,e9bf358728c366c73b72393d204b8cd2,0.20238095238095233,False,0.0
2,21,not_(x[6]),True,not_(x[6]),0.20238095238095233,c236778dc5683a72bff278f68dd0aee1,0.20238095238095233,False,0.0
2,21,not_(x[4]),True,not_(x[4]),0.20238095238095233,e9bf358728c366c73b72393d204b8cd2,0.20238095238095233,False,0.0
2,21,not_(x[4]),True,not_(x[4]),0.20238095238095233,e9bf358728c366c73b72393d204b8cd2,0.20238095238095233,False,0.0
2,21,not_(x[6]),True,not_(x[6]),0.20238095238095233,c236778dc5683a72bff278f68dd0aee1,0.20238095238095233,False,0.0
2,21,not_(x[4]),True,not_(x[4]),0.20238095238095233,e9bf358728c366c73b72393d204b8cd2,0.20238095238095233,False,0.0
2,21,not_(x[6]),True,not_(x[6]),0.20238095238095233,c236778dc5683a72bff278f68dd0aee1,0.20238095238095233,False,0.0
2,21,not_(x[6]),True,not_(x[6]),0.20238095238095233,c236778dc5683a72bff278f68dd0aee1,0.20238095238095233,False,0.0
2,21,not_(x[6]),True,not_(x[6]),0.20238095238095233,c236778dc5683a72bff278f68dd0aee1,0.20238095238095233,False,0.0
2,21,"and_(x[4],x[4])",True,"not_(greater_than_or_equal(sub(x[0],x[3]), x[0]))",0.7976190476190477,95cffd09c37f5560118f86148db41cd5,0.7976190476190477,False,0.0
2,21,not_(x[4]),True,not_(x[4]),0.20238095238095233,e9bf358728c366c73b72393d204b8cd2,0.20238095238095233,False,0.0
2,21,not_(x[4]),True,not_(x[4]),0.20238095238095233,e9bf358728c366c73b72393d204b8cd2,0.20238095238095233,False,0.0
2,21,not_(x[6]),True,not_(x[6]),0.20238095238095233,c236778dc5683a72bff278f68dd0aee1,0.20238095238095233,False,0.0
2,21,not_(x[6]),True,not_(x[6]),0.20238095238095233,c236778dc5683a72bff278f68dd0aee1,0.20238095238095233,False,0.0
2,21,not_(x[6]),True,not_(x[6]),0.20238095238095233,c236778dc5683a72bff278f68dd0aee1,0.20238095238095233,False,0.0
2,21,not_(x[6]),True,not_(x[6]),0.20238095238095233,c236778dc5683a72bff278f68dd0aee1,0.20238095238095233,False,0.0
2,21,not_(x[6]),True,not_(x[6]),0.20238095238095233,c236778dc5683a72bff278f68dd0aee1,0.20238095238095233,False,0.0
2,21,not_(x[4]),True,not_(x[4]),0.20238095238095233,e9bf358728c366c73b72393d204b8cd2,0.20238095238095233,False,0.0
2,21,not_(x[6]),True,not_(x[6]),0.20238095238095233,c236778dc5683a72bff278f68dd0aee1,0.20238095238095233,False,0.0
2,21,not_(x[6]),True,not_(x[6]),0.20238095238095233,c236778dc5683a72bff278f68dd0aee1,0.20238095238095233,False,0.0
2,21,"and_(x[4],and_(or_(x[6],x[6]),x[6]))",True,"not_(greater_than_or_equal(sub(x[0],x[3]), x[0]))",0.7976190476190477,95cffd09c37f5560118f86148db41cd5,0.7976190476190477,False,0.0
2,21,not_(x[6]),True,not_(x[6]),0.20238095238095233,c236778dc5683a72bff278f68dd0aee1,0.20238095238095233,False,0.0
2,21,not_(x[6]),True,not_(x[6]),0.20238095238095233,c236778dc5683a72bff278f68dd0aee1,0.20238095238095233,False,0.0
2,21,not_(x[6]),True,not_(x[6]),0.20238095238095233,c236778dc5683a72bff278f68dd0aee1,0.20238095238095233,False,0.0
2,21,not_(x[4]),True,not_(x[4]),0.20238095238095233,e9bf358728c366c73b72393d204b8cd2,0.20238095238095233,False,0.0
2,21,not_(x[6]),True,not_(x[6]),0.20238095238095233,c236778dc5683a72bff278f68dd0aee1,0.20238095238095233,False,0.0
2,21,not_(x[6]),True,not_(x[6]),0.20238095238095233,c236778dc5683a72bff278f68dd0aee1,0.20238095238095233,False,0.0
2,21,not_(x[6]),True,not_(x[6]),0.20238095238095233,c236778dc5683a72bff278f68dd0aee1,0.20238095238095233,False,0.0
2,21,not_(x[6]),True,not_(x[6]),0.20238095238095233,c236778dc5683a72bff278f68dd0aee1,0.20238095238095233,False,0.0
2,21,"not_(and_(x[6],x[4]))",True,not_(x[4]),0.20238095238095233,e9bf358728c366c73b72393d204b8cd2,0.20238095238095233,False,0.0
2,21,not_(x[6]),True,not_(x[6]),0.20238095238095233,c236778dc5683a72bff278f68dd0aee1,0.20238095238095233,False,0.0
2,21,not_(x[6]),True,not_(x[6]),0.20238095238095233,c236778dc5683a72bff278f68dd0aee1,0.20238095238095233,False,0.0
2,21,not_(x[6]),True,not_(x[6]),0.20238095238095233,c236778dc5683a72bff278f68dd0aee1,0.20238095238095233,False,0.0
2,21,not_(x[6]),True,not_(x[6]),0.20238095238095233,c236778dc5683a72bff278f68dd0aee1,0.20238095238095233,False,0.0
2,21,not_(x[6]),True,not_(x[6]),0.20238095238095233,c236778dc5683a72bff278f68dd0aee1,0.20238095238095233,False,0.0
2,21,not_(x[6]),True,not_(x[6]),0.20238095238095233,c236778dc5683a72bff278f68dd0aee1,0.20238095238095233,False,0.0
2,21,not_(x[6]),True,not_(x[6]),0.20238095238095233,c236778dc5683a72bff278f68dd0aee1,0.20238095238095233,False,0.0
2,21,not_(x[6]),True,not_(x[6]),0.20238095238095233,c236778dc5683a72bff278f68dd0aee1,0.20238095238095233,False,0.0
2,21,"not_(or_(x[6],x[4]))",True,not_(x[6]),0.20238095238095233,c236778dc5683a72bff278f68dd0aee1,0.20238095238095233,False,0.0
2,21,not_(x[4]),True,not_(x[4]),0.20238095238095233,e9bf358728c366c73b72393d204b8cd2,0.20238095238095233,False,0.0
2,21,not_(x[6]),True,not_(x[6]),0.20238095238095233,c236778dc5683a72bff278f68dd0aee1,0.20238095238095233,False,0.0
2,21,not_(x[6]),True,not_(x[6]),0.20238095238095233,c236778dc5683a72bff278f68dd0aee1,0.20238095238095233,False,0.0
2,21,not_(x[6]),True,not_(x[6]),0.20238095238095233,c236778dc5683a72bff278f68dd0aee1,0.20238095238095233,False,0.0
2,21,not_(x[4]),True,not_(x[4]),0.20238095238095233,e9bf358728c366c73b72393d204b8cd2,0.20238095238095233,False,0.0
2,21,not_(x[6]),True,not_(x[6]),0.20238095238095233,c236778dc5683a72bff278f68dd0aee1,0.20238095238095233,False,0.0
2,21,not_(x[4]),True,not_(x[4]),0.20238095238095233,e9bf358728c366c73b72393d204b8cd2,0.20238095238095233,False,0.0
2,21,not_(x[6]),True,not_(x[6]),0.20238095238095233,c236778dc5683a72bff278f68dd0aee1,0.20238095238095233,False,0.0
2,21,not_(x[6]),True,not_(x[6]),0.20238095238095233,c236778dc5683a72bff278f68dd0aee1,0.20238095238095233,False,0.0
2,21,not_(x[4]),True,not_(x[4]),0.20238095238095233,e9bf358728c366c73b72393d204b8cd2,0.20238095238095233,False,0.0
2,21,not_(x[6]),True,not_(x[6]),0.20238095238095233,c236778dc5683a72bff278f68dd0aee1,0.20238095238095233,False,0.0
2,21,not_(x[4]),True,not_(x[4]),0.20238095238095233,e9bf358728c366c73b72393d204b8cd2,0.20238095238095233,False,0.0
2,21,"less_than_or_equal(sub(add(x[0],x[5]),mul(x[2],x[0])),pdiv(mul(x[5],x[0]),add(x[2],x[3])))",True,"less_than_or_equal(sub(add(x[0],x[5]),mul(x[2],x[0])),pdiv(mul(x[5],x[0]),add(x[2],x[3])))",0.19047619047619047,58cc4f21233e882751aa955999da1daf,0.13636363636363635,True,-0.05411255411255411
2,22,not_(x[4]),True,not_(x[4]),0.20238095238095233,e9bf358728c366c73b72393d204b8cd2,0.20238095238095233,False,0.0
2,22,not_(x[6]),True,not_(x[6]),0.20238095238095233,c236778dc5683a72bff278f68dd0aee1,0.20238095238095233,False,0.0
2,22,"not_(greater_than_or_equal(x[2], x[0]))",True,"not_(less_than_or_equal(x[0],x[2]))",0.36904761904761907,7cd461d4ffa9db1d1f176024d881091c,0.36904761904761907,False,0.0
2,22,not_(x[4]),True,not_(x[4]),0.20238095238095233,e9bf358728c366c73b72393d204b8cd2,0.20238095238095233,False,0.0
2,22,not_(x[6]),True,not_(x[6]),0.20238095238095233,c236778dc5683a72bff278f68dd0aee1,0.20238095238095233,False,0.0
2,22,not_(x[4]),True,not_(x[4]),0.20238095238095233,e9bf358728c366c73b72393d204b8cd2,0.20238095238095233,False,0.0
2,22,not_(x[6]),True,not_(x[6]),0.20238095238095233,c236778dc5683a72bff278f68dd0aee1,0.20238095238095233,False,0.0
2,22,"not_(and_(x[6],x[6]))",True,not_(x[6]),0.20238095238095233,c236778dc5683a72bff278f68dd0aee1,0.20238095238095233,False,0.0
2,22,not_(x[6]),True,not_(x[6]),0.20238095238095233,c236778dc5683a72bff278f68dd0aee1,0.20238095238095233,False,0.0
2,22,not_(x[4]),True,not_(x[4]),0.20238095238095233,e9bf358728c366c73b72393d204b8cd2,0.20238095238095233,False,0.0
2,22,not_(x[4]),True,not_(x[4]),0.20238095238095233,e9bf358728c366c73b72393d204b8cd2,0.20238095238095233,False,0.0
2,22,not_(x[6]),True,not_(x[6]),0.20238095238095233,c236778dc5683a72bff278f68dd0aee1,0.20238095238095233,False,0.0
2,22,not_(x[4]),True,not_(x[4]),0.20238095238095233,e9bf358728c366c73b72393d204b8cd2,0.20238095238095233,False,0.0
2,22,"not_(or_(x[4],x[6]))",True,not_(x[6]),0.20238095238095233,c236778dc5683a72bff278f68dd0aee1,0.20238095238095233,False,0.0
2,22,not_(x[6]),True,not_(x[6]),0.20238095238095233,c236778dc5683a72bff278f68dd0aee1,0.20238095238095233,False,0.0
2,22,not_(x[4]),True,not_(x[4]),0.20238095238095233,e9bf358728c366c73b72393d204b8cd2,0.20238095238095233,False,0.0
2,22,not_(x[4]),True,not_(x[4]),0.20238095238095233,e9bf358728c366c73b72393d204b8cd2,0.20238095238095233,False,0.0
2,22,not_(x[4]),True,not_(x[4]),0.20238095238095233,e9bf358728c366c73b72393d204b8cd2,0.20238095238095233,False,0.0
2,22,not_(x[6]),True,not_(x[6]),0.20238095238095233,c236778dc5683a72bff278f68dd0aee1,0.20238095238095233,False,0.0
2,22,not_(x[6]),True,not_(x[6]),0.20238095238095233,c236778dc5683a72bff278f68dd0aee1,0.20238095238095233,False,0.0
2,22,not_(x[6]),True,not_(x[6]),0.20238095238095233,c236778dc5683a72bff278f68dd0aee1,0.20238095238095233,False,0.0
2,22,not_(x[6]),True,not_(x[6]),0.20238095238095233,c236778dc5683a72bff278f68dd0aee1,0.20238095238095233,False,0.0
2,22,not_(x[4]),True,not_(x[4]),0.20238095238095233,e9bf358728c366c73b72393d204b8cd2,0.20238095238095233,False,0.0
2,22,not_(x[6]),True,not_(x[6]),0.20238095238095233,c236778dc5683a72bff278f68dd0aee1,0.20238095238095233,False,0.0
2,22,not_(x[6]),True,not_(x[6]),0.20238095238095233,c236778dc5683a72bff278f68dd0aee1,0.20238095238095233,False,0.0
2,22,not_(x[6]),True,not_(x[6]),0.20238095238095233,c236778dc5683a72bff278f68dd0aee1,0.20238095238095233,False,0.0
2,22,not_(x[6]),True,not_(x[6]),0.20238095238095233,c236778dc5683a72bff278f68dd0aee1,0.20238095238095233,False,0.0
2,22,not_(x[4]),True,not_(x[4]),0.20238095238095233,e9bf358728c366c73b72393d204b8cd2,0.20238095238095233,False,0.0
2,22,not_(x[6]),True,not_(x[6]),0.20238095238095233,c236778dc5683a72bff278f68dd0aee1,0.20238095238095233,False,0.0
2,22,not_(x[6]),True,not_(x[6]),0.20238095238095233,c236778dc5683a72bff278f68dd0aee1,0.20238095238095233,False,0.0
2,22,not_(x[4]),True,not_(x[4]),0.20238095238095233,e9bf358728c366c73b72393d204b8cd2,0.20238095238095233,False,0.0
2,22,"not_(and_(x[6],x[4]))",True,not_(x[4]),0.20238095238095233,e9bf358728c366c73b72393d204b8cd2,0.20238095238095233,False,0.0
2,22,not_(x[6]),True,not_(x[6]),0.20238095238095233,c236778dc5683a72bff278f68dd0aee1,0.20238095238095233,False,0.0
2,22,not_(x[6]),True,not_(x[6]),0.20238095238095233,c236778dc5683a72bff278f68dd0aee1,0.20238095238095233,False,0.0
2,22,"not_(and_(x[4],x[6]))",True,not_(x[4]),0.20238095238095233,e9bf358728c366c73b72393d204b8cd2,0.20238095238095233,False,0.0
2,22,not_(x[6]),True,not_(x[6]),0.20238095238095233,c236778dc5683a72bff278f68dd0aee1,0.20238095238095233,False,0.0
2,22,not_(x[6]),True,not_(x[6]),0.20238095238095233,c236778dc5683a72bff278f68dd0aee1,0.20238095238095233,False,0.0
2,22,not_(x[6]),True,not_(x[6]),0.20238095238095233,c236778dc5683a72bff278f68dd0aee1,0.20238095238095233,False,0.0
2,22,not_(x[6]),True,not_(x[6]),0.20238095238095233,c236778dc5683a72bff278f68dd0aee1,0.20238095238095233,False,0.0
2,22,not_(x[6]),True,not_(x[6]),0.20238095238095233,c236778dc5683a72bff278f68dd0aee1,0.20238095238095233,False,0.0
2,22,not_(x[6]),True,not_(x[6]),0.20238095238095233,c236778dc5683a72bff278f68dd0aee1,0.20238095238095233,False,0.0
2,22,not_(x[6]),True,not_(x[6]),0.20238095238095233,c236778dc5683a72bff278f68dd0aee1,0.20238095238095233,False,0.0
2,22,not_(x[6]),True,not_(x[6]),0.20238095238095233,c236778dc5683a72bff278f68dd0aee1,0.20238095238095233,False,0.0
2,22,not_(x[6]),True,not_(x[6]),0.20238095238095233,c236778dc5683a72bff278f68dd0aee1,0.20238095238095233,False,0.0
2,22,"not_(or_(x[6],x[4]))",True,not_(x[6]),0.20238095238095233,c236778dc5683a72bff278f68dd0aee1,0.20238095238095233,False,0.0
2,22,"or_(x[4],x[6])",True,"or_(not_(greater_than_or_equal(x[3], x[3])),x[6])",0.7976190476190477,dabf352ca9fc16fe7897b3fa7e73f5cb,0.7976190476190477,False,0.0
2,22,not_(x[6]),True,not_(x[6]),0.20238095238095233,c236778dc5683a72bff278f68dd0aee1,0.20238095238095233,False,0.0
2,22,"not_(or_(x[6],x[6]))",True,not_(x[6]),0.20238095238095233,c236778dc5683a72bff278f68dd0aee1,0.20238095238095233,False,0.0
2,22,"not_(or_(and_(x[4],x[4]),x[6]))",True,not_(x[6]),0.20238095238095233,c236778dc5683a72bff278f68dd0aee1,0.20238095238095233,False,0.0
2,22,"not_(and_(x[6],x[4]))",True,not_(x[4]),0.20238095238095233,e9bf358728c366c73b72393d204b8cd2,0.20238095238095233,False,0.0
2,22,not_(x[6]),True,not_(x[6]),0.20238095238095233,c236778dc5683a72bff278f68dd0aee1,0.20238095238095233,False,0.0
2,22,not_(x[4]),True,not_(x[4]),0.20238095238095233,e9bf358728c366c73b72393d204b8cd2,0.20238095238095233,False,0.0
2,22,not_(x[6]),True,not_(x[6]),0.20238095238095233,c236778dc5683a72bff278f68dd0aee1,0.20238095238095233,False,0.0
2,22,not_(x[6]),True,not_(x[6]),0.20238095238095233,c236778dc5683a72bff278f68dd0aee1,0.20238095238095233,False,0.0
2,22,not_(x[4]),True,not_(x[4]),0.20238095238095233,e9bf358728c366c73b72393d204b8cd2,0.20238095238095233,False,0.0
2,22,not_(x[6]),True,not_(x[6]),0.20238095238095233,c236778dc5683a72bff278f68dd0aee1,0.20238095238095233,False,0.0
2,22,not_(x[4]),True,not_(x[4]),0.20238095238095233,e9bf358728c366c73b72393d204b8cd2,0.20238095238095233,False,0.0
2,22,not_(x[4]),True,not_(x[4]),0.20238095238095233,e9bf358728c366c73b72393d204b8cd2,0.20238095238095233,False,0.0
2,22,not_(x[6]),True,not_(x[6]),0.20238095238095233,c236778dc5683a72bff278f68dd0aee1,0.20238095238095233,False,0.0
2,22,"less_than_or_equal(sub(add(x[0],x[3]),mul(x[2],x[0])),pdiv(mul(x[5],x[0]),add(x[2],x[3])))",False,,,5e84afe7028b48c4f0dbe02990ade1eb,0.5119047619047619,False,0.0
2,22,"not_(and_(x[6],x[1]))",True,not_(x[6]),0.20238095238095233,c236778dc5683a72bff278f68dd0aee1,0.2142857142857143,True,0.011904761904761973
2,22,not_(x[4]),True,not_(x[4]),0.20238095238095233,e9bf358728c366c73b72393d204b8cd2,0.20238095238095233,False,0.0
2,22,not_(x[6]),True,not_(x[6]),0.20238095238095233,c236778dc5683a72bff278f68dd0aee1,0.20238095238095233,False,0.0
2,22,not_(x[6]),True,not_(x[6]),0.20238095238095233,c236778dc5683a72bff278f68dd0aee1,0.20238095238095233,False,0.0
2,22,not_(x[6]),True,not_(x[6]),0.20238095238095233,c236778dc5683a72bff278f68dd0aee1,0.20238095238095233,False,0.0
2,22,not_(x[6]),True,not_(x[6]),0.20238095238095233,c236778dc5683a72bff278f68dd0aee1,0.20238095238095233,False,0.0
2,22,not_(x[6]),True,not_(x[6]),0.20238095238095233,c236778dc5683a72bff278f68dd0aee1,0.20238095238095233,False,0.0
2,22,not_(x[4]),True,not_(x[4]),0.20238095238095233,e9bf358728c366c73b72393d204b8cd2,0.20238095238095233,False,0.0
2,22,"not_(or_(x[6],x[6]))",True,not_(x[6]),0.20238095238095233,c236778dc5683a72bff278f68dd0aee1,0.20238095238095233,False,0.0
2,22,not_(x[4]),True,not_(x[4]),0.20238095238095233,e9bf358728c366c73b72393d204b8cd2,0.20238095238095233,False,0.0
2,22,not_(x[6]),True,not_(x[6]),0.20238095238095233,c236778dc5683a72bff278f68dd0aee1,0.20238095238095233,False,0.0
2,22,not_(x[6]),True,not_(x[6]),0.20238095238095233,c236778dc5683a72bff278f68dd0aee1,0.20238095238095233,False,0.0
2,22,not_(x[4]),True,not_(x[4]),0.20238095238095233,e9bf358728c366c73b72393d204b8cd2,0.20238095238095233,False,0.0
2,22,not_(x[4]),True,not_(x[4]),0.20238095238095233,e9bf358728c366c73b72393d204b8cd2,0.20238095238095233,False,0.0
2,22,not_(x[6]),True,not_(x[6]),0.20238095238095233,c236778dc5683a72bff278f68dd0aee1,0.20238095238095233,False,0.0
2,22,not_(x[6]),True,not_(x[6]),0.20238095238095233,c236778dc5683a72bff278f68dd0aee1,0.20238095238095233,False,0.0
2,22,not_(x[4]),True,not_(x[4]),0.20238095238095233,e9bf358728c366c73b72393d204b8cd2,0.20238095238095233,False,0.0
2,22,not_(x[4]),True,not_(x[4]),0.20238095238095233,e9bf358728c366c73b72393d204b8cd2,0.20238095238095233,False,0.0
2,22,not_(x[6]),True,not_(x[6]),0.20238095238095233,c236778dc5683a72bff278f68dd0aee1,0.20238095238095233,False,0.0
2,22,not_(x[6]),True,not_(x[6]),0.20238095238095233,c236778dc5683a72bff278f68dd0aee1,0.20238095238095233,False,0.0
2,22,not_(x[6]),True,not_(x[6]),0.20238095238095233,c236778dc5683a72bff278f68dd0aee1,0.20238095238095233,False,0.0
2,22,not_(x[6]),True,not_(x[6]),0.20238095238095233,c236778dc5683a72bff278f68dd0aee1,0.20238095238095233,False,0.0
2,22,not_(x[6]),True,not_(x[6]),0.20238095238095233,c236778dc5683a72bff278f68dd0aee1,0.20238095238095233,False,0.0
2,22,not_(x[6]),True,not_(x[6]),0.20238095238095233,c236778dc5683a72bff278f68dd0aee1,0.20238095238095233,False,0.0
2,22,not_(x[4]),True,not_(x[4]),0.20238095238095233,e9bf358728c366c73b72393d204b8cd2,0.20238095238095233,False,0.0
2,22,not_(x[6]),True,not_(x[6]),0.20238095238095233,c236778dc5683a72bff278f68dd0aee1,0.20238095238095233,False,0.0
2,22,not_(x[6]),True,not_(x[6]),0.20238095238095233,c236778dc5683a72bff278f68dd0aee1,0.20238095238095233,False,0.0
2,22,not_(x[4]),True,not_(x[4]),0.20238095238095233,e9bf358728c366c73b72393d204b8cd2,0.20238095238095233,False,0.0
2,22,not_(x[6]),True,not_(x[6]),0.20238095238095233,c236778dc5683a72bff278f68dd0aee1,0.20238095238095233,False,0.0
2,22,not_(x[4]),True,not_(x[4]),0.20238095238095233,e9bf358728c366c73b72393d204b8cd2,0.20238095238095233,False,0.0
2,22,not_(x[6]),True,not_(x[6]),0.20238095238095233,c236778dc5683a72bff278f68dd0aee1,0.20238095238095233,False,0.0
2,22,"or_(x[4],x[6])",True,"or_(not_(greater_than_or_equal(x[3], x[3])),x[6])",0.7976190476190477,dabf352ca9fc16fe7897b3fa7e73f5cb,0.7976190476190477,False,0.0
2,22,not_(x[6]),True,not_(x[6]),0.20238095238095233,c236778dc5683a72bff278f68dd0aee1,0.20238095238095233,False,0.0
2,22,not_(x[4]),True,not_(x[4]),0.20238095238095233,e9bf358728c366c73b72393d204b8cd2,0.20238095238095233,False,0.0
2,22,not_(x[6]),True,not_(x[6]),0.20238095238095233,c236778dc5683a72bff278f68dd0aee1,0.20238095238095233,False,0.0
2,22,not_(x[6]),True,not_(x[6]),0.20238095238095233,c236778dc5683a72bff278f68dd0aee1,0.20238095238095233,False,0.0
2,22,not_(x[6]),True,not_(x[6]),0.20238095238095233,c236778dc5683a72bff278f68dd0aee1,0.20238095238095233,False,0.0
2,22,"not_(and_(x[4],x[6]))",True,not_(x[4]),0.20238095238095233,e9bf358728c366c73b72393d204b8cd2,0.20238095238095233,False,0.0
2,22,not_(x[6]),True,not_(x[6]),0.20238095238095233,c236778dc5683a72bff278f68dd0aee1,0.20238095238095233,False,0.0
2,22,not_(x[6]),True,not_(x[6]),0.20238095238095233,c236778dc5683a72bff278f68dd0aee1,0.20238095238095233,False,0.0
2,22,not_(x[4]),True,not_(x[4]),0.20238095238095233,e9bf358728c366c73b72393d204b8cd2,0.20238095238095233,False,0.0
2,22,not_(x[4]),True,not_(x[4]),0.20238095238095233,e9bf358728c366c73b72393d204b8cd2,0.20238095238095233,False,0.0
2,22,"not_(or_(or_(x[6],x[4]),x[6]))",True,not_(x[6]),0.20238095238095233,c236778dc5683a72bff278f68dd0aee1,0.20238095238095233,False,0.0
2,22,not_(x[6]),True,not_(x[6]),0.20238095238095233,c236778dc5683a72bff278f68dd0aee1,0.20238095238095233,False,0.0
2,22,not_(x[6]),True,not_(x[6]),0.20238095238095233,c236778dc5683a72bff278f68dd0aee1,0.20238095238095233,False,0.0
2,22,not_(x[6]),True,not_(x[6]),0.20238095238095233,c236778dc5683a72bff278f68dd0aee1,0.20238095238095233,False,0.0
2,22,"not_(or_(x[6],x[6]))",True,not_(x[6]),0.20238095238095233,c236778dc5683a72bff278f68dd0aee1,0.20238095238095233,False,0.0
2,22,not_(x[4]),True,not_(x[4]),0.20238095238095233,e9bf358728c366c73b72393d204b8cd2,0.20238095238095233,False,0.0
2,22,"not_(or_(x[4],x[4]))",True,not_(x[4]),0.20238095238095233,e9bf358728c366c73b72393d204b8cd2,0.20238095238095233,False,0.0
2,22,not_(x[6]),True,not_(x[6]),0.20238095238095233,c236778dc5683a72bff278f68dd0aee1,0.20238095238095233,False,0.0
2,22,not_(x[6]),True,not_(x[6]),0.20238095238095233,c236778dc5683a72bff278f68dd0aee1,0.20238095238095233,False,0.0
2,22,not_(x[6]),True,not_(x[6]),0.20238095238095233,c236778dc5683a72bff278f68dd0aee1,0.20238095238095233,False,0.0
2,22,not_(x[4]),True,not_(x[4]),0.20238095238095233,e9bf358728c366c73b72393d204b8cd2,0.20238095238095233,False,0.0
2,22,not_(x[6]),True,not_(x[6]),0.20238095238095233,c236778dc5683a72bff278f68dd0aee1,0.20238095238095233,False,0.0
2,22,not_(x[6]),True,not_(x[6]),0.20238095238095233,c236778dc5683a72bff278f68dd0aee1,0.20238095238095233,False,0.0
2,22,not_(x[6]),True,not_(x[6]),0.20238095238095233,c236778dc5683a72bff278f68dd0aee1,0.20238095238095233,False,0.0
2,22,not_(x[4]),True,not_(x[4]),0.20238095238095233,e9bf358728c366c73b72393d204b8cd2,0.20238095238095233,False,0.0
2,22,not_(x[4]),True,not_(x[4]),0.20238095238095233,e9bf358728c366c73b72393d204b8cd2,0.20238095238095233,False,0.0
2,22,not_(x[6]),True,not_(x[6]),0.20238095238095233,c236778dc5683a72bff278f68dd0aee1,0.20238095238095233,False,0.0
2,22,not_(x[6]),True,not_(x[6]),0.20238095238095233,c236778dc5683a72bff278f68dd0aee1,0.20238095238095233,False,0.0
2,22,not_(x[4]),True,not_(x[4]),0.20238095238095233,e9bf358728c366c73b72393d204b8cd2,0.20238095238095233,False,0.0
2,22,not_(x[6]),True,not_(x[6]),0.20238095238095233,c236778dc5683a72bff278f68dd0aee1,0.20238095238095233,False,0.0
2,22,"not_(and_(x[6],x[4]))",True,not_(x[4]),0.20238095238095233,e9bf358728c366c73b72393d204b8cd2,0.20238095238095233,False,0.0
2,22,"not_(or_(x[6],x[6]))",True,not_(x[6]),0.20238095238095233,c236778dc5683a72bff278f68dd0aee1,0.20238095238095233,False,0.0
2,22,not_(x[4]),True,not_(x[4]),0.20238095238095233,e9bf358728c366c73b72393d204b8cd2,0.20238095238095233,False,0.0
2,22,not_(x[6]),True,not_(x[6]),0.20238095238095233,c236778dc5683a72bff278f68dd0aee1,0.20238095238095233,False,0.0
2,22,"not_(and_(x[6],x[6]))",True,not_(x[6]),0.20238095238095233,c236778dc5683a72bff278f68dd0aee1,0.20238095238095233,False,0.0
2,22,"not_(and_(x[6],x[4]))",True,not_(x[4]),0.20238095238095233,e9bf358728c366c73b72393d204b8cd2,0.20238095238095233,False,0.0
2,22,not_(x[6]),True,not_(x[6]),0.20238095238095233,c236778dc5683a72bff278f68dd0aee1,0.20238095238095233,False,0.0
2,22,not_(x[6]),True,not_(x[6]),0.20238095238095233,c236778dc5683a72bff278f68dd0aee1,0.20238095238095233,False,0.0
2,22,"not_(and_(x[6],x[6]))",True,not_(x[6]),0.20238095238095233,c236778dc5683a72bff278f68dd0aee1,0.20238095238095233,False,0.0
2,22,not_(x[6]),True,not_(x[6]),0.20238095238095233,c236778dc5683a72bff278f68dd0aee1,0.20238095238095233,False,0.0
2,22,not_(x[6]),True,not_(x[6]),0.20238095238095233,c236778dc5683a72bff278f68dd0aee1,0.20238095238095233,False,0.0
2,22,not_(x[6]),True,not_(x[6]),0.20238095238095233,c236778dc5683a72bff278f68dd0aee1,0.20238095238095233,False,0.0
2,22,"not_(or_(x[4],less_than_or_equal(41.42,x[3])))",True,not_(x[4]),0.20238095238095233,e9bf358728c366c73b72393d204b8cd2,0.20238095238095233,False,0.0
2,22,not_(x[6]),True,not_(x[6]),0.20238095238095233,c236778dc5683a72bff278f68dd0aee1,0.20238095238095233,False,0.0
2,22,not_(x[6]),True,not_(x[6]),0.20238095238095233,c236778dc5683a72bff278f68dd0aee1,0.20238095238095233,False,0.0
2,22,not_(x[6]),True,not_(x[6]),0.20238095238095233,c236778dc5683a72bff278f68dd0aee1,0.20238095238095233,False,0.0
2,22,not_(x[6]),True,not_(x[6]),0.20238095238095233,c236778dc5683a72bff278f68dd0aee1,0.20238095238095233,False,0.0
2,22,not_(x[6]),True,not_(x[6]),0.20238095238095233,c236778dc5683a72bff278f68dd0aee1,0.20238095238095233,False,0.0
2,22,not_(x[6]),True,not_(x[6]),0.20238095238095233,c236778dc5683a72bff278f68dd0aee1,0.20238095238095233,False,0.0
2,22,not_(x[6]),True,not_(x[6]),0.20238095238095233,c236778dc5683a72bff278f68dd0aee1,0.20238095238095233,False,0.0
2,22,not_(x[4]),True,not_(x[4]),0.20238095238095233,e9bf358728c366c73b72393d204b8cd2,0.20238095238095233,False,0.0
2,22,not_(x[6]),True,not_(x[6]),0.20238095238095233,c236778dc5683a72bff278f68dd0aee1,0.20238095238095233,False,0.0
2,22,not_(x[6]),True,not_(x[6]),0.20238095238095233,c236778dc5683a72bff278f68dd0aee1,0.20238095238095233,False,0.0
2,22,not_(x[6]),True,not_(x[6]),0.20238095238095233,c236778dc5683a72bff278f68dd0aee1,0.20238095238095233,False,0.0
2,22,not_(x[4]),True,not_(x[4]),0.20238095238095233,e9bf358728c366c73b72393d204b8cd2,0.20238095238095233,False,0.0
2,22,not_(x[6]),True,not_(x[6]),0.20238095238095233,c236778dc5683a72bff278f68dd0aee1,0.20238095238095233,False,0.0
2,22,"not_(or_(x[4],x[6]))",True,not_(x[6]),0.20238095238095233,c236778dc5683a72bff278f68dd0aee1,0.20238095238095233,False,0.0
2,22,"or_(x[6],x[4])",True,"or_(not_(greater_than_or_equal(x[3], x[3])),x[6])",0.7976190476190477,dabf352ca9fc16fe7897b3fa7e73f5cb,0.7976190476190477,False,0.0
2,22,not_(x[4]),True,not_(x[4]),0.20238095238095233,e9bf358728c366c73b72393d204b8cd2,0.20238095238095233,False,0.0
2,22,not_(x[6]),True,not_(x[6]),0.20238095238095233,c236778dc5683a72bff278f68dd0aee1,0.20238095238095233,False,0.0
2,22,"not_(or_(x[6],x[6]))",True,not_(x[6]),0.20238095238095233,c236778dc5683a72bff278f68dd0aee1,0.20238095238095233,False,0.0
2,22,"not_(or_(x[4],x[6]))",True,not_(x[6]),0.20238095238095233,c236778dc5683a72bff278f68dd0aee1,0.20238095238095233,False,0.0
2,22,not_(x[4]),True,not_(x[4]),0.20238095238095233,e9bf358728c366c73b72393d204b8cd2,0.20238095238095233,False,0.0
2,22,not_(x[4]),True,not_(x[4]),0.20238095238095233,e9bf358728c366c73b72393d204b8cd2,0.20238095238095233,False,0.0
2,22,not_(x[4]),True,not_(x[4]),0.20238095238095233,e9bf358728c366c73b72393d204b8cd2,0.20238095238095233,False,0.0
2,22,not_(x[6]),True,not_(x[6]),0.20238095238095233,c236778dc5683a72bff278f68dd0aee1,0.20238095238095233,False,0.0
2,22,not_(x[6]),True,not_(x[6]),0.20238095238095233,c236778dc5683a72bff278f68dd0aee1,0.20238095238095233,False,0.0
2,22,not_(x[6]),True,not_(x[6]),0.20238095238095233,c236778dc5683a72bff278f68dd0aee1,0.20238095238095233,False,0.0
2,22,not_(x[4]),True,not_(x[4]),0.20238095238095233,e9bf358728c366c73b72393d204b8cd2,0.20238095238095233,False,0.0
2,22,not_(x[6]),True,not_(x[6]),0.20238095238095233,c236778dc5683a72bff278f68dd0aee1,0.20238095238095233,False,0.0
2,22,not_(x[6]),True,not_(x[6]),0.20238095238095233,c236778dc5683a72bff278f68dd0aee1,0.20238095238095233,False,0.0
2,22,not_(x[4]),True,not_(x[4]),0.20238095238095233,e9bf358728c366c73b72393d204b8cd2,0.20238095238095233,False,0.0
2,22,not_(x[4]),True,not_(x[4]),0.20238095238095233,e9bf358728c366c73b72393d204b8cd2,0.20238095238095233,False,0.0
2,22,not_(x[6]),True,not_(x[6]),0.20238095238095233,c236778dc5683a72bff278f68dd0aee1,0.20238095238095233,False,0.0
2,22,not_(x[6]),True,not_(x[6]),0.20238095238095233,c236778dc5683a72bff278f68dd0aee1,0.20238095238095233,False,0.0
2,22,"and_(x[6],x[4])",True,"not_(greater_than_or_equal(sub(x[0],x[3]), x[0]))",0.7976190476190477,95cffd09c37f5560118f86148db41cd5,0.7976190476190477,False,0.0
2,22,not_(x[4]),True,not_(x[4]),0.20238095238095233,e9bf358728c366c73b72393d204b8cd2,0.20238095238095233,False,0.0
2,22,not_(x[6]),True,not_(x[6]),0.20238095238095233,c236778dc5683a72bff278f68dd0aee1,0.20238095238095233,False,0.0
2,22,not_(x[6]),True,not_(x[6]),0.20238095238095233,c236778dc5683a72bff278f68dd0aee1,0.20238095238095233,False,0.0
2,22,not_(x[6]),True,not_(x[6]),0.20238095238095233,c236778dc5683a72bff278f68dd0aee1,0.20238095238095233,False,0.0
2,22,not_(x[6]),True,not_(x[6]),0.20238095238095233,c236778dc5683a72bff278f68dd0aee1,0.20238095238095233,False,0.0
2,22,not_(x[6]),True,not_(x[6]),0.20238095238095233,c236778dc5683a72bff278f68dd0aee1,0.20238095238095233,False,0.0
2,22,not_(x[6]),True,not_(x[6]),0.20238095238095233,c236778dc5683a72bff278f68dd0aee1,0.20238095238095233,False,0.0
2,22,not_(x[4]),True,not_(x[4]),0.20238095238095233,e9bf358728c366c73b72393d204b8cd2,0.20238095238095233,False,0.0
2,22,not_(x[6]),True,not_(x[6]),0.20238095238095233,c236778dc5683a72bff278f68dd0aee1,0.20238095238095233,False,0.0
2,22,not_(x[6]),True,not_(x[6]),0.20238095238095233,c236778dc5683a72bff278f68dd0aee1,0.20238095238095233,False,0.0
2,22,not_(x[4]),True,not_(x[4]),0.20238095238095233,e9bf358728c366c73b72393d204b8cd2,0.20238095238095233,False,0.0
2,22,"not_(or_(x[6],x[4]))",True,not_(x[6]),0.20238095238095233,c236778dc5683a72bff278f68dd0aee1,0.20238095238095233,False,0.0
2,22,"not_(and_(x[6],x[6]))",True,not_(x[6]),0.20238095238095233,c236778dc5683a72bff278f68dd0aee1,0.20238095238095233,False,0.0
2,22,not_(x[6]),True,not_(x[6]),0.20238095238095233,c236778dc5683a72bff278f68dd0aee1,0.20238095238095233,False,0.0
2,22,not_(x[4]),True,not_(x[4]),0.20238095238095233,e9bf358728c366c73b72393d204b8cd2,0.20238095238095233,False,0.0
2,22,not_(x[6]),True,not_(x[6]),0.20238095238095233,c236778dc5683a72bff278f68dd0aee1,0.20238095238095233,False,0.0
2,22,not_(x[6]),True,not_(x[6]),0.20238095238095233,c236778dc5683a72bff278f68dd0aee1,0.20238095238095233,False,0.0
2,22,not_(x[6]),True,not_(x[6]),0.20238095238095233,c236778dc5683a72bff278f68dd0aee1,0.20238095238095233,False,0.0
2,22,"not_(and_(or_(x[4],x[6]),x[1]))",True,not_(x[6]),0.20238095238095233,c236778dc5683a72bff278f68dd0aee1,0.2142857142857143,True,0.011904761904761973
2,22,not_(x[4]),True,not_(x[4]),0.20238095238095233,e9bf358728c366c73b72393d204b8cd2,0.20238095238095233,False,0.0
2,22,not_(x[1]),True,"less_than_or_equal(53.67,mul(x[3],x[3]))",0.2142857142857143,2cece411320c1d56790d65c80cc8f440,0.22619047619047616,True,0.011904761904761862
2,22,not_(x[4]),True,not_(x[4]),0.20238095238095233,e9bf358728c366c73b72393d204b8cd2,0.20238095238095233,False,0.0
2,22,not_(x[6]),True,not_(x[6]),0.20238095238095233,c236778dc5683a72bff278f68dd0aee1,0.20238095238095233,False,0.0
2,22,not_(x[4]),True,not_(x[4]),0.20238095238095233,e9bf358728c366c73b72393d204b8cd2,0.20238095238095233,False,0.0
2,22,not_(x[6]),True,not_(x[6]),0.20238095238095233,c236778dc5683a72bff278f68dd0aee1,0.20238095238095233,False,0.0
2,22,not_(x[4]),True,not_(x[4]),0.20238095238095233,e9bf358728c366c73b72393d204b8cd2,0.20238095238095233,False,0.0
2,22,not_(x[6]),True,not_(x[6]),0.20238095238095233,c236778dc5683a72bff278f68dd0aee1,0.20238095238095233,False,0.0
2,22,not_(x[6]),True,not_(x[6]),0.20238095238095233,c236778dc5683a72bff278f68dd0aee1,0.20238095238095233,False,0.0
2,22,not_(x[1]),True,"less_than_or_equal(53.67,mul(x[3],x[3]))",0.2142857142857143,2cece411320c1d56790d65c80cc8f440,0.22619047619047616,True,0.011904761904761862
2,22,not_(x[6]),True,not_(x[6]),0.20238095238095233,c236778dc5683a72bff278f68dd0aee1,0.20238095238095233,False,0.0
2,22,not_(x[4]),True,not_(x[4]),0.20238095238095233,e9bf358728c366c73b72393d204b8cd2,0.20238095238095233,False,0.0
2,22,not_(not_(x[6])),True,"or_(not_(greater_than_or_equal(x[3], x[3])),x[6])",0.7976190476190477,dabf352ca9fc16fe7897b3fa7e73f5cb,0.7976190476190477,False,0.0
2,22,not_(x[6]),True,not_(x[6]),0.20238095238095233,c236778dc5683a72bff278f68dd0aee1,0.20238095238095233,False,0.0
2,22,not_(x[4]),True,not_(x[4]),0.20238095238095233,e9bf358728c366c73b72393d204b8cd2,0.20238095238095233,False,0.0
2,22,not_(x[1]),True,"less_than_or_equal(53.67,mul(x[3],x[3]))",0.2142857142857143,2cece411320c1d56790d65c80cc8f440,0.22619047619047616,True,0.011904761904761862
2,22,not_(x[4]),True,not_(x[4]),0.20238095238095233,e9bf358728c366c73b72393d204b8cd2,0.20238095238095233,False,0.0
2,22,"not_(or_(x[6],x[6]))",True,not_(x[6]),0.20238095238095233,c236778dc5683a72bff278f68dd0aee1,0.20238095238095233,False,0.0
2,22,not_(x[6]),True,not_(x[6]),0.20238095238095233,c236778dc5683a72bff278f68dd0aee1,0.20238095238095233,False,0.0
2,22,not_(x[6]),True,not_(x[6]),0.20238095238095233,c236778dc5683a72bff278f68dd0aee1,0.20238095238095233,False,0.0
2,22,"less_than_or_equal(sub(add(x[0],x[5]),mul(x[3],x[0])),pdiv(mul(74.65,x[2]),x[3]))",True,"less_than_or_equal(x[3],x[3])",0.7857142857142857,3352141c4f785c0403fcb33f533f7848,0.7738095238095238,True,-0.011904761904761862
2,22,not_(x[6]),True,not_(x[6]),0.20238095238095233,c236778dc5683a72bff278f68dd0aee1,0.20238095238095233,False,0.0
2,22,not_(x[6]),True,not_(x[6]),0.20238095238095233,c236778dc5683a72bff278f68dd0aee1,0.20238095238095233,False,0.0
2,22,"not_(and_(x[4],x[6]))",True,not_(x[4]),0.20238095238095233,e9bf358728c366c73b72393d204b8cd2,0.20238095238095233,False,0.0
2,22,not_(x[6]),True,not_(x[6]),0.20238095238095233,c236778dc5683a72bff278f68dd0aee1,0.20238095238095233,False,0.0
2,22,not_(x[6]),True,not_(x[6]),0.20238095238095233,c236778dc5683a72bff278f68dd0aee1,0.20238095238095233,False,0.0
2,22,not_(x[4]),True,not_(x[4]),0.20238095238095233,e9bf358728c366c73b72393d204b8cd2,0.20238095238095233,False,0.0
2,22,not_(x[6]),True,not_(x[6]),0.20238095238095233,c236778dc5683a72bff278f68dd0aee1,0.20238095238095233,False,0.0
2,22,not_(x[4]),True,not_(x[4]),0.20238095238095233,e9bf358728c366c73b72393d204b8cd2,0.20238095238095233,False,0.0
2,22,"not_(or_(x[6],x[6]))",True,not_(x[6]),0.20238095238095233,c236778dc5683a72bff278f68dd0aee1,0.20238095238095233,False,0.0
2,22,"not_(and_(x[6],greater_than_or_equal(x[2], x[0])))",True,"not_(and_(x[6],greater_than_or_equal(x[2], x[0])))",0.3571428571428571,3871948ccb16fdc3c69d1f5eb294369c,0.3571428571428571,False,0.0
2,22,not_(x[6]),True,not_(x[6]),0.20238095238095233,c236778dc5683a72bff278f68dd0aee1,0.20238095238095233,False,0.0
2,22,"not_(and_(and_(x[6],x[6]),x[6]))",True,not_(x[6]),0.20238095238095233,c236778dc5683a72bff278f68dd0aee1,0.20238095238095233,False,0.0
2,22,not_(x[6]),True,not_(x[6]),0.20238095238095233,c236778dc5683a72bff278f68dd0aee1,0.20238095238095233,False,0.0
2,22,not_(x[6]),True,not_(x[6]),0.20238095238095233,c236778dc5683a72bff278f68dd0aee1,0.20238095238095233,False,0.0
2,22,"not_(or_(x[6],x[4]))",True,not_(x[6]),0.20238095238095233,c236778dc5683a72bff278f68dd0aee1,0.20238095238095233,False,0.0
2,22,not_(x[6]),True,not_(x[6]),0.20238095238095233,c236778dc5683a72bff278f68dd0aee1,0.20238095238095233,False,0.0
2,22,not_(x[6]),True,not_(x[6]),0.20238095238095233,c236778dc5683a72bff278f68dd0aee1,0.20238095238095233,False,0.0
2,22,not_(x[4]),True,not_(x[4]),0.20238095238095233,e9bf358728c366c73b72393d204b8cd2,0.20238095238095233,False,0.0
2,22,"not_(or_(x[4],x[6]))",True,not_(x[6]),0.20238095238095233,c236778dc5683a72bff278f68dd0aee1,0.20238095238095233,False,0.0
2,22,not_(x[6]),True,not_(x[6]),0.20238095238095233,c236778dc5683a72bff278f68dd0aee1,0.20238095238095233,False,0.0
2,22,not_(x[6]),True,not_(x[6]),0.20238095238095233,c236778dc5683a72bff278f68dd0aee1,0.20238095238095233,False,0.0
2,22,not_(x[6]),True,not_(x[6]),0.20238095238095233,c236778dc5683a72bff278f68dd0aee1,0.20238095238095233,False,0.0
2,22,not_(x[6]),True,not_(x[6]),0.20238095238095233,c236778dc5683a72bff278f68dd0aee1,0.20238095238095233,False,0.0
2,22,not_(x[6]),True,not_(x[6]),0.20238095238095233,c236778dc5683a72bff278f68dd0aee1,0.20238095238095233,False,0.0
2,22,not_(x[6]),True,not_(x[6]),0.20238095238095233,c236778dc5683a72bff278f68dd0aee1,0.20238095238095233,False,0.0
2,22,not_(x[4]),True,not_(x[4]),0.20238095238095233,e9bf358728c366c73b72393d204b8cd2,0.20238095238095233,False,0.0
2,22,not_(x[6]),True,not_(x[6]),0.20238095238095233,c236778dc5683a72bff278f68dd0aee1,0.20238095238095233,False,0.0
2,22,not_(x[4]),True,not_(x[4]),0.20238095238095233,e9bf358728c366c73b72393d204b8cd2,0.20238095238095233,False,0.0
2,22,not_(x[4]),True,not_(x[4]),0.20238095238095233,e9bf358728c366c73b72393d204b8cd2,0.20238095238095233,False,0.0
2,22,"not_(and_(or_(x[4],x[4]),x[6]))",True,not_(x[4]),0.20238095238095233,e9bf358728c366c73b72393d204b8cd2,0.20238095238095233,False,0.0
2,22,not_(x[6]),True,not_(x[6]),0.20238095238095233,c236778dc5683a72bff278f68dd0aee1,0.20238095238095233,False,0.0
2,22,not_(x[4]),True,not_(x[4]),0.20238095238095233,e9bf358728c366c73b72393d204b8cd2,0.20238095238095233,False,0.0
2,22,not_(x[6]),True,not_(x[6]),0.20238095238095233,c236778dc5683a72bff278f68dd0aee1,0.20238095238095233,False,0.0
2,22,not_(x[6]),True,not_(x[6]),0.20238095238095233,c236778dc5683a72bff278f68dd0aee1,0.20238095238095233,False,0.0
2,22,not_(x[6]),True,not_(x[6]),0.20238095238095233,c236778dc5683a72bff278f68dd0aee1,0.20238095238095233,False,0.0
2,22,not_(x[4]),True,not_(x[4]),0.20238095238095233,e9bf358728c366c73b72393d204b8cd2,0.20238095238095233,False,0.0
2,22,not_(x[6]),True,not_(x[6]),0.20238095238095233,c236778dc5683a72bff278f68dd0aee1,0.20238095238095233,False,0.0
2,22,not_(x[6]),True,not_(x[6]),0.20238095238095233,c236778dc5683a72bff278f68dd0aee1,0.20238095238095233,False,0.0
2,22,not_(x[6]),True,not_(x[6]),0.20238095238095233,c236778dc5683a72bff278f68dd0aee1,0.20238095238095233,False,0.0
2,22,not_(x[4]),True,not_(x[4]),0.20238095238095233,e9bf358728c366c73b72393d204b8cd2,0.20238095238095233,False,0.0
2,22,not_(x[6]),True,not_(x[6]),0.20238095238095233,c236778dc5683a72bff278f68dd0aee1,0.20238095238095233,False,0.0
2,22,not_(x[6]),True,not_(x[6]),0.20238095238095233,c236778dc5683a72bff278f68dd0aee1,0.20238095238095233,False,0.0
2,22,not_(x[6]),True,not_(x[6]),0.20238095238095233,c236778dc5683a72bff278f68dd0aee1,0.20238095238095233,False,0.0
2,22,not_(x[4]),True,not_(x[4]),0.20238095238095233,e9bf358728c366c73b72393d204b8cd2,0.20238095238095233,False,0.0
2,22,not_(x[6]),True,not_(x[6]),0.20238095238095233,c236778dc5683a72bff278f68dd0aee1,0.20238095238095233,False,0.0
2,22,not_(x[4]),True,not_(x[4]),0.20238095238095233,e9bf358728c366c73b72393d204b8cd2,0.20238095238095233,False,0.0
2,22,not_(x[4]),True,not_(x[4]),0.20238095238095233,e9bf358728c366c73b72393d204b8cd2,0.20238095238095233,False,0.0
2,22,not_(x[4]),True,not_(x[4]),0.20238095238095233,e9bf358728c366c73b72393d204b8cd2,0.20238095238095233,False,0.0
2,22,not_(x[4]),True,not_(x[4]),0.20238095238095233,e9bf358728c366c73b72393d204b8cd2,0.20238095238095233,False,0.0
2,22,not_(x[4]),True,not_(x[4]),0.20238095238095233,e9bf358728c366c73b72393d204b8cd2,0.20238095238095233,False,0.0
2,22,not_(x[4]),True,not_(x[4]),0.20238095238095233,e9bf358728c366c73b72393d204b8cd2,0.20238095238095233,False,0.0
2,22,not_(x[6]),True,not_(x[6]),0.20238095238095233,c236778dc5683a72bff278f68dd0aee1,0.20238095238095233,False,0.0
2,22,not_(x[6]),True,not_(x[6]),0.20238095238095233,c236778dc5683a72bff278f68dd0aee1,0.20238095238095233,False,0.0
2,22,not_(x[4]),True,not_(x[4]),0.20238095238095233,e9bf358728c366c73b72393d204b8cd2,0.20238095238095233,False,0.0
2,22,not_(x[6]),True,not_(x[6]),0.20238095238095233,c236778dc5683a72bff278f68dd0aee1,0.20238095238095233,False,0.0
2,22,"not_(and_(and_(x[4],x[6]),x[4]))",True,not_(x[4]),0.20238095238095233,e9bf358728c366c73b72393d204b8cd2,0.20238095238095233,False,0.0
2,22,"not_(or_(x[4],x[4]))",True,not_(x[4]),0.20238095238095233,e9bf358728c366c73b72393d204b8cd2,0.20238095238095233,False,0.0
2,22,not_(x[6]),True,not_(x[6]),0.20238095238095233,c236778dc5683a72bff278f68dd0aee1,0.20238095238095233,False,0.0
2,22,not_(x[6]),True,not_(x[6]),0.20238095238095233,c236778dc5683a72bff278f68dd0aee1,0.20238095238095233,False,0.0
2,22,"less_than_or_equal(sub(add(x[0],x[5]),mul(x[2],x[0])),pdiv(mul(x[5],x[0]),add(x[2],x[3])))",True,"less_than_or_equal(sub(add(x[0],x[5]),mul(x[2],x[0])),pdiv(mul(x[5],x[0]),add(x[2],x[3])))",0.19047619047619047,58cc4f21233e882751aa955999da1daf,0.13636363636363635,True,-0.05411255411255411
2,23,not_(x[6]),True,not_(x[6]),0.20238095238095233,c236778dc5683a72bff278f68dd0aee1,0.20238095238095233,False,0.0
2,23,not_(x[6]),True,not_(x[6]),0.20238095238095233,c236778dc5683a72bff278f68dd0aee1,0.20238095238095233,False,0.0
2,23,not_(x[4]),True,not_(x[4]),0.20238095238095233,e9bf358728c366c73b72393d204b8cd2,0.20238095238095233,False,0.0
2,23,"not_(or_(or_(x[6],x[4]),x[6]))",True,not_(x[6]),0.20238095238095233,c236778dc5683a72bff278f68dd0aee1,0.20238095238095233,False,0.0
2,23,not_(x[4]),True,not_(x[4]),0.20238095238095233,e9bf358728c366c73b72393d204b8cd2,0.20238095238095233,False,0.0
2,23,not_(x[6]),True,not_(x[6]),0.20238095238095233,c236778dc5683a72bff278f68dd0aee1,0.20238095238095233,False,0.0
2,23,not_(x[6]),True,not_(x[6]),0.20238095238095233,c236778dc5683a72bff278f68dd0aee1,0.20238095238095233,False,0.0
2,23,not_(x[6]),True,not_(x[6]),0.20238095238095233,c236778dc5683a72bff278f68dd0aee1,0.20238095238095233,False,0.0
2,23,not_(x[6]),True,not_(x[6]),0.20238095238095233,c236778dc5683a72bff278f68dd0aee1,0.20238095238095233,False,0.0
2,23,not_(x[4]),True,not_(x[4]),0.20238095238095233,e9bf358728c366c73b72393d204b8cd2,0.20238095238095233,False,0.0
2,23,not_(x[6]),True,not_(x[6]),0.20238095238095233,c236778dc5683a72bff278f68dd0aee1,0.20238095238095233,False,0.0
2,23,not_(x[6]),True,not_(x[6]),0.20238095238095233,c236778dc5683a72bff278f68dd0aee1,0.20238095238095233,False,0.0
2,23,not_(x[6]),True,not_(x[6]),0.20238095238095233,c236778dc5683a72bff278f68dd0aee1,0.20238095238095233,False,0.0
2,23,"not_(and_(x[4],x[6]))",True,not_(x[4]),0.20238095238095233,e9bf358728c366c73b72393d204b8cd2,0.20238095238095233,False,0.0
2,23,not_(x[4]),True,not_(x[4]),0.20238095238095233,e9bf358728c366c73b72393d204b8cd2,0.20238095238095233,False,0.0
2,23,"not_(or_(x[4],not_(x[6])))",False,,,e65ef3099e48c567bb32c997049641b1,0.2142857142857143,False,0.0
2,23,"not_(or_(x[6],x[6]))",True,not_(x[6]),0.20238095238095233,c236778dc5683a72bff278f68dd0aee1,0.20238095238095233,False,0.0
2,23,not_(x[6]),True,not_(x[6]),0.20238095238095233,c236778dc5683a72bff278f68dd0aee1,0.20238095238095233,False,0.0
2,23,not_(x[6]),True,not_(x[6]),0.20238095238095233,c236778dc5683a72bff278f68dd0aee1,0.20238095238095233,False,0.0
2,23,not_(x[6]),True,not_(x[6]),0.20238095238095233,c236778dc5683a72bff278f68dd0aee1,0.20238095238095233,False,0.0
2,23,not_(x[6]),True,not_(x[6]),0.20238095238095233,c236778dc5683a72bff278f68dd0aee1,0.20238095238095233,False,0.0
2,23,"not_(and_(x[6],x[6]))",True,not_(x[6]),0.20238095238095233,c236778dc5683a72bff278f68dd0aee1,0.20238095238095233,False,0.0
2,23,"and_(x[4],x[6])",True,"not_(greater_than_or_equal(sub(x[0],x[3]), x[0]))",0.7976190476190477,95cffd09c37f5560118f86148db41cd5,0.7976190476190477,False,0.0
2,23,not_(x[6]),True,not_(x[6]),0.20238095238095233,c236778dc5683a72bff278f68dd0aee1,0.20238095238095233,False,0.0
2,23,not_(x[6]),True,not_(x[6]),0.20238095238095233,c236778dc5683a72bff278f68dd0aee1,0.20238095238095233,False,0.0
2,23,not_(x[4]),True,not_(x[4]),0.20238095238095233,e9bf358728c366c73b72393d204b8cd2,0.20238095238095233,False,0.0
2,23,"not_(and_(x[6],x[6]))",True,not_(x[6]),0.20238095238095233,c236778dc5683a72bff278f68dd0aee1,0.20238095238095233,False,0.0
2,23,not_(x[4]),True,not_(x[4]),0.20238095238095233,e9bf358728c366c73b72393d204b8cd2,0.20238095238095233,False,0.0
2,23,not_(x[6]),True,not_(x[6]),0.20238095238095233,c236778dc5683a72bff278f68dd0aee1,0.20238095238095233,False,0.0
2,23,"not_(and_(x[6],x[4]))",True,not_(x[4]),0.20238095238095233,e9bf358728c366c73b72393d204b8cd2,0.20238095238095233,False,0.0
2,23,not_(x[4]),True,not_(x[4]),0.20238095238095233,e9bf358728c366c73b72393d204b8cd2,0.20238095238095233,False,0.0
2,23,not_(x[6]),True,not_(x[6]),0.20238095238095233,c236778dc5683a72bff278f68dd0aee1,0.20238095238095233,False,0.0
2,23,not_(x[6]),True,not_(x[6]),0.20238095238095233,c236778dc5683a72bff278f68dd0aee1,0.20238095238095233,False,0.0
2,23,not_(x[6]),True,not_(x[6]),0.20238095238095233,c236778dc5683a72bff278f68dd0aee1,0.20238095238095233,False,0.0
2,23,not_(x[6]),True,not_(x[6]),0.20238095238095233,c236778dc5683a72bff278f68dd0aee1,0.20238095238095233,False,0.0
2,23,not_(x[4]),True,not_(x[4]),0.20238095238095233,e9bf358728c366c73b72393d204b8cd2,0.20238095238095233,False,0.0
2,23,not_(x[6]),True,not_(x[6]),0.20238095238095233,c236778dc5683a72bff278f68dd0aee1,0.20238095238095233,False,0.0
2,23,"not_(or_(x[6],x[6]))",True,not_(x[6]),0.20238095238095233,c236778dc5683a72bff278f68dd0aee1,0.20238095238095233,False,0.0
2,23,"not_(and_(x[6],x[1]))",True,not_(x[6]),0.20238095238095233,c236778dc5683a72bff278f68dd0aee1,0.2142857142857143,True,0.011904761904761973
2,23,not_(x[4]),True,not_(x[4]),0.20238095238095233,e9bf358728c366c73b72393d204b8cd2,0.20238095238095233,False,0.0
2,23,not_(x[4]),True,not_(x[4]),0.20238095238095233,e9bf358728c366c73b72393d204b8cd2,0.20238095238095233,False,0.0
2,23,"not_(not_(and_(x[4],x[6])))",True,"not_(greater_than_or_equal(sub(x[0],x[3]), x[0]))",0.7976190476190477,95cffd09c37f5560118f86148db41cd5,0.7976190476190477,False,0.0
2,23,not_(x[6]),True,not_(x[6]),0.20238095238095233,c236778dc5683a72bff278f68dd0aee1,0.20238095238095233,False,0.0
2,23,not_(x[4]),True,not_(x[4]),0.20238095238095233,e9bf358728c366c73b72393d204b8cd2,0.20238095238095233,False,0.0
2,23,not_(x[6]),True,not_(x[6]),0.20238095238095233,c236778dc5683a72bff278f68dd0aee1,0.20238095238095233,False,0.0
2,23,not_(x[6]),True,not_(x[6]),0.20238095238095233,c236778dc5683a72bff278f68dd0aee1,0.20238095238095233,False,0.0
2,23,not_(x[6]),True,not_(x[6]),0.20238095238095233,c236778dc5683a72bff278f68dd0aee1,0.20238095238095233,False,0.0
2,23,not_(x[4]),True,not_(x[4]),0.20238095238095233,e9bf358728c366c73b72393d204b8cd2,0.20238095238095233,False,0.0
2,23,not_(x[6]),True,not_(x[6]),0.20238095238095233,c236778dc5683a72bff278f68dd0aee1,0.20238095238095233,False,0.0
2,23,"not_(less_than_or_equal(x[3],x[2]))",False,,,08e521adf9ca4fd37f161d84e174770f,0.29761904761904767,False,0.0
2,23,not_(x[4]),True,not_(x[4]),0.20238095238095233,e9bf358728c366c73b72393d204b8cd2,0.20238095238095233,False,0.0
2,23,not_(x[4]),True,not_(x[4]),0.20238095238095233,e9bf358728c366c73b72393d204b8cd2,0.20238095238095233,False,0.0
2,23,not_(x[6]),True,not_(x[6]),0.20238095238095233,c236778dc5683a72bff278f68dd0aee1,0.20238095238095233,False,0.0
2,23,not_(x[4]),True,not_(x[4]),0.20238095238095233,e9bf358728c366c73b72393d204b8cd2,0.20238095238095233,False,0.0
2,23,"not_(or_(or_(or_(x[6],x[4]),x[4]),x[6]))",True,not_(x[6]),0.20238095238095233,c236778dc5683a72bff278f68dd0aee1,0.20238095238095233,False,0.0
2,23,not_(x[4]),True,not_(x[4]),0.20238095238095233,e9bf358728c366c73b72393d204b8cd2,0.20238095238095233,False,0.0
2,23,not_(x[6]),True,not_(x[6]),0.20238095238095233,c236778dc5683a72bff278f68dd0aee1,0.20238095238095233,False,0.0
2,23,not_(x[6]),True,not_(x[6]),0.20238095238095233,c236778dc5683a72bff278f68dd0aee1,0.20238095238095233,False,0.0
2,23,not_(x[6]),True,not_(x[6]),0.20238095238095233,c236778dc5683a72bff278f68dd0aee1,0.20238095238095233,False,0.0
2,23,not_(x[6]),True,not_(x[6]),0.20238095238095233,c236778dc5683a72bff278f68dd0aee1,0.20238095238095233,False,0.0
2,23,not_(x[6]),True,not_(x[6]),0.20238095238095233,c236778dc5683a72bff278f68dd0aee1,0.20238095238095233,False,0.0
2,23,not_(x[6]),True,not_(x[6]),0.20238095238095233,c236778dc5683a72bff278f68dd0aee1,0.20238095238095233,False,0.0
2,23,not_(x[4]),True,not_(x[4]),0.20238095238095233,e9bf358728c366c73b72393d204b8cd2,0.20238095238095233,False,0.0
2,23,not_(x[4]),True,not_(x[4]),0.20238095238095233,e9bf358728c366c73b72393d204b8cd2,0.20238095238095233,False,0.0
2,23,not_(x[6]),True,not_(x[6]),0.20238095238095233,c236778dc5683a72bff278f68dd0aee1,0.20238095238095233,False,0.0
2,23,not_(x[4]),True,not_(x[4]),0.20238095238095233,e9bf358728c366c73b72393d204b8cd2,0.20238095238095233,False,0.0
2,23,not_(x[4]),True,not_(x[4]),0.20238095238095233,e9bf358728c366c73b72393d204b8cd2,0.20238095238095233,False,0.0
2,23,"not_(or_(x[4],x[6]))",True,not_(x[6]),0.20238095238095233,c236778dc5683a72bff278f68dd0aee1,0.20238095238095233,False,0.0
2,23,not_(x[4]),True,not_(x[4]),0.20238095238095233,e9bf358728c366c73b72393d204b8cd2,0.20238095238095233,False,0.0
2,23,"not_(or_(x[6],x[6]))",True,not_(x[6]),0.20238095238095233,c236778dc5683a72bff278f68dd0aee1,0.20238095238095233,False,0.0
2,23,"not_(and_(x[4],x[6]))",True,not_(x[4]),0.20238095238095233,e9bf358728c366c73b72393d204b8cd2,0.20238095238095233,False,0.0
2,23,not_(x[6]),True,not_(x[6]),0.20238095238095233,c236778dc5683a72bff278f68dd0aee1,0.20238095238095233,False,0.0
2,23,not_(x[6]),True,not_(x[6]),0.20238095238095233,c236778dc5683a72bff278f68dd0aee1,0.20238095238095233,False,0.0
2,23,not_(x[4]),True,not_(x[4]),0.20238095238095233,e9bf358728c366c73b72393d204b8cd2,0.20238095238095233,False,0.0
2,23,"not_(and_(and_(x[4],x[6]),x[4]))",True,not_(x[4]),0.20238095238095233,e9bf358728c366c73b72393d204b8cd2,0.20238095238095233,False,0.0
2,23,not_(x[4]),True,not_(x[4]),0.20238095238095233,e9bf358728c366c73b72393d204b8cd2,0.20238095238095233,False,0.0
2,23,not_(x[6]),True,not_(x[6]),0.20238095238095233,c236778dc5683a72bff278f68dd0aee1,0.20238095238095233,False,0.0
2,23,"and_(x[4],x[6])",True,"not_(greater_than_or_equal(sub(x[0],x[3]), x[0]))",0.7976190476190477,95cffd09c37f5560118f86148db41cd5,0.7976190476190477,False,0.0
2,23,not_(x[4]),True,not_(x[4]),0.20238095238095233,e9bf358728c366c73b72393d204b8cd2,0.20238095238095233,False,0.0
2,23,not_(x[6]),True,not_(x[6]),0.20238095238095233,c236778dc5683a72bff278f68dd0aee1,0.20238095238095233,False,0.0
2,23,not_(x[6]),True,not_(x[6]),0.20238095238095233,c236778dc5683a72bff278f68dd0aee1,0.20238095238095233,False,0.0
2,23,not_(x[4]),True,not_(x[4]),0.20238095238095233,e9bf358728c366c73b72393d204b8cd2,0.20238095238095233,False,0.0
2,23,"not_(and_(x[6],x[6]))",True,not_(x[6]),0.20238095238095233,c236778dc5683a72bff278f68dd0aee1,0.20238095238095233,False,0.0
2,23,not_(x[4]),True,not_(x[4]),0.20238095238095233,e9bf358728c366c73b72393d204b8cd2,0.20238095238095233,False,0.0
2,23,not_(x[6]),True,not_(x[6]),0.20238095238095233,c236778dc5683a72bff278f68dd0aee1,0.20238095238095233,False,0.0
2,23,not_(x[4]),True,not_(x[4]),0.20238095238095233,e9bf358728c366c73b72393d204b8cd2,0.20238095238095233,False,0.0
2,23,not_(x[6]),True,not_(x[6]),0.20238095238095233,c236778dc5683a72bff278f68dd0aee1,0.20238095238095233,False,0.0
2,23,not_(x[6]),True,not_(x[6]),0.20238095238095233,c236778dc5683a72bff278f68dd0aee1,0.20238095238095233,False,0.0
2,23,not_(x[6]),True,not_(x[6]),0.20238095238095233,c236778dc5683a72bff278f68dd0aee1,0.20238095238095233,False,0.0
2,23,not_(x[4]),True,not_(x[4]),0.20238095238095233,e9bf358728c366c73b72393d204b8cd2,0.20238095238095233,False,0.0
2,23,not_(x[4]),True,not_(x[4]),0.20238095238095233,e9bf358728c366c73b72393d204b8cd2,0.20238095238095233,False,0.0
2,23,not_(x[6]),True,not_(x[6]),0.20238095238095233,c236778dc5683a72bff278f68dd0aee1,0.20238095238095233,False,0.0
2,23,not_(x[6]),True,not_(x[6]),0.20238095238095233,c236778dc5683a72bff278f68dd0aee1,0.20238095238095233,False,0.0
2,23,"not_(or_(x[4],x[1]))",True,"less_than_or_equal(53.67,mul(x[3],x[3]))",0.2142857142857143,2cece411320c1d56790d65c80cc8f440,0.22619047619047616,True,0.011904761904761862
2,23,not_(x[6]),True,not_(x[6]),0.20238095238095233,c236778dc5683a72bff278f68dd0aee1,0.20238095238095233,False,0.0
2,23,not_(x[6]),True,not_(x[6]),0.20238095238095233,c236778dc5683a72bff278f68dd0aee1,0.20238095238095233,False,0.0
2,23,not_(x[6]),True,not_(x[6]),0.20238095238095233,c236778dc5683a72bff278f68dd0aee1,0.20238095238095233,False,0.0
2,23,not_(x[6]),True,not_(x[6]),0.20238095238095233,c236778dc5683a72bff278f68dd0aee1,0.20238095238095233,False,0.0
2,23,not_(x[6]),True,not_(x[6]),0.20238095238095233,c236778dc5683a72bff278f68dd0aee1,0.20238095238095233,False,0.0
2,23,not_(x[6]),True,not_(x[6]),0.20238095238095233,c236778dc5683a72bff278f68dd0aee1,0.20238095238095233,False,0.0
2,23,not_(x[4]),True,not_(x[4]),0.20238095238095233,e9bf358728c366c73b72393d204b8cd2,0.20238095238095233,False,0.0
2,23,"not_(or_(x[6],x[6]))",True,not_(x[6]),0.20238095238095233,c236778dc5683a72bff278f68dd0aee1,0.20238095238095233,False,0.0
2,23,"not_(and_(x[4],and_(or_(x[6],and_(x[6],x[6])),x[4])))",True,not_(x[4]),0.20238095238095233,e9bf358728c366c73b72393d204b8cd2,0.20238095238095233,False,0.0
2,23,not_(x[4]),True,not_(x[4]),0.20238095238095233,e9bf358728c366c73b72393d204b8cd2,0.20238095238095233,False,0.0
2,23,not_(x[6]),True,not_(x[6]),0.20238095238095233,c236778dc5683a72bff278f68dd0aee1,0.20238095238095233,False,0.0
2,23,not_(x[4]),True,not_(x[4]),0.20238095238095233,e9bf358728c366c73b72393d204b8cd2,0.20238095238095233,False,0.0
2,23,"or_(and_(x[6],x[6]),x[4])",True,"or_(not_(greater_than_or_equal(x[3], x[3])),x[6])",0.7976190476190477,dabf352ca9fc16fe7897b3fa7e73f5cb,0.7976190476190477,False,0.0
2,23,not_(x[4]),True,not_(x[4]),0.20238095238095233,e9bf358728c366c73b72393d204b8cd2,0.20238095238095233,False,0.0
2,23,not_(x[6]),True,not_(x[6]),0.20238095238095233,c236778dc5683a72bff278f68dd0aee1,0.20238095238095233,False,0.0
2,23,not_(x[6]),True,not_(x[6]),0.20238095238095233,c236778dc5683a72bff278f68dd0aee1,0.20238095238095233,False,0.0
2,23,not_(x[6]),True,not_(x[6]),0.20238095238095233,c236778dc5683a72bff278f68dd0aee1,0.20238095238095233,False,0.0
2,23,"less_than_or_equal(sub(add(x[0],x[5]),mul(x[2],x[0])),pdiv(mul(mul(x[5],x[3]),x[3]),x[3]))",True,not_(x[4]),0.20238095238095233,e9bf358728c366c73b72393d204b8cd2,0.19047619047619047,True,-0.011904761904761862
2,23,not_(x[4]),True,not_(x[4]),0.20238095238095233,e9bf358728c366c73b72393d204b8cd2,0.20238095238095233,False,0.0
2,23,not_(x[6]),True,not_(x[6]),0.20238095238095233,c236778dc5683a72bff278f68dd0aee1,0.20238095238095233,False,0.0
2,23,"not_(or_(x[6],x[6]))",True,not_(x[6]),0.20238095238095233,c236778dc5683a72bff278f68dd0aee1,0.20238095238095233,False,0.0
2,23,not_(x[6]),True,not_(x[6]),0.20238095238095233,c236778dc5683a72bff278f68dd0aee1,0.20238095238095233,False,0.0
2,23,not_(x[6]),True,not_(x[6]),0.20238095238095233,c236778dc5683a72bff278f68dd0aee1,0.20238095238095233,False,0.0
2,23,not_(x[6]),True,not_(x[6]),0.20238095238095233,c236778dc5683a72bff278f68dd0aee1,0.20238095238095233,False,0.0
2,23,not_(x[6]),True,not_(x[6]),0.20238095238095233,c236778dc5683a72bff278f68dd0aee1,0.20238095238095233,False,0.0
2,23,not_(x[6]),True,not_(x[6]),0.20238095238095233,c236778dc5683a72bff278f68dd0aee1,0.20238095238095233,False,0.0
2,23,not_(x[6]),True,not_(x[6]),0.20238095238095233,c236778dc5683a72bff278f68dd0aee1,0.20238095238095233,False,0.0
2,23,not_(x[6]),True,not_(x[6]),0.20238095238095233,c236778dc5683a72bff278f68dd0aee1,0.20238095238095233,False,0.0
2,23,not_(x[6]),True,not_(x[6]),0.20238095238095233,c236778dc5683a72bff278f68dd0aee1,0.20238095238095233,False,0.0
2,23,not_(x[6]),True,not_(x[6]),0.20238095238095233,c236778dc5683a72bff278f68dd0aee1,0.20238095238095233,False,0.0
2,23,"and_(x[6],x[6])",True,"or_(not_(greater_than_or_equal(x[3], x[3])),x[6])",0.7976190476190477,dabf352ca9fc16fe7897b3fa7e73f5cb,0.7976190476190477,False,0.0
2,23,"not_(and_(x[4],x[6]))",True,not_(x[4]),0.20238095238095233,e9bf358728c366c73b72393d204b8cd2,0.20238095238095233,False,0.0
2,23,not_(x[1]),True,"less_than_or_equal(53.67,mul(x[3],x[3]))",0.2142857142857143,2cece411320c1d56790d65c80cc8f440,0.22619047619047616,True,0.011904761904761862
2,23,"less_than_or_equal(x[5],x[3])",True,"not_(greater_than_or_equal(pdiv(x[5],x[5]), pdiv(x[3],x[5])))",0.26190476190476186,aeceba6c233a8a73212b782b274d9205,0.27380952380952384,True,0.011904761904761973
2,23,not_(x[4]),True,not_(x[4]),0.20238095238095233,e9bf358728c366c73b72393d204b8cd2,0.20238095238095233,False,0.0
2,23,not_(x[4]),True,not_(x[4]),0.20238095238095233,e9bf358728c366c73b72393d204b8cd2,0.20238095238095233,False,0.0
2,23,not_(x[4]),True,not_(x[4]),0.20238095238095233,e9bf358728c366c73b72393d204b8cd2,0.20238095238095233,False,0.0
2,23,not_(x[6]),True,not_(x[6]),0.20238095238095233,c236778dc5683a72bff278f68dd0aee1,0.20238095238095233,False,0.0
2,23,"not_(or_(x[4],x[6]))",True,not_(x[6]),0.20238095238095233,c236778dc5683a72bff278f68dd0aee1,0.20238095238095233,False,0.0
2,23,"not_(or_(x[4],x[4]))",True,not_(x[4]),0.20238095238095233,e9bf358728c366c73b72393d204b8cd2,0.20238095238095233,False,0.0
2,23,not_(x[6]),True,not_(x[6]),0.20238095238095233,c236778dc5683a72bff278f68dd0aee1,0.20238095238095233,False,0.0
2,23,not_(x[6]),True,not_(x[6]),0.20238095238095233,c236778dc5683a72bff278f68dd0aee1,0.20238095238095233,False,0.0
2,23,not_(x[6]),True,not_(x[6]),0.20238095238095233,c236778dc5683a72bff278f68dd0aee1,0.20238095238095233,False,0.0
2,23,not_(x[6]),True,not_(x[6]),0.20238095238095233,c236778dc5683a72bff278f68dd0aee1,0.20238095238095233,False,0.0
2,23,not_(x[4]),True,not_(x[4]),0.20238095238095233,e9bf358728c366c73b72393d204b8cd2,0.20238095238095233,False,0.0
2,23,not_(x[4]),True,not_(x[4]),0.20238095238095233,e9bf358728c366c73b72393d204b8cd2,0.20238095238095233,False,0.0
2,23,not_(x[6]),True,not_(x[6]),0.20238095238095233,c236778dc5683a72bff278f68dd0aee1,0.20238095238095233,False,0.0
2,23,not_(x[6]),True,not_(x[6]),0.20238095238095233,c236778dc5683a72bff278f68dd0aee1,0.20238095238095233,False,0.0
2,23,not_(x[6]),True,not_(x[6]),0.20238095238095233,c236778dc5683a72bff278f68dd0aee1,0.20238095238095233,False,0.0
2,23,"less_than_or_equal(x[3],x[3])",True,"less_than_or_equal(x[3],x[3])",0.7857142857142857,3352141c4f785c0403fcb33f533f7848,0.7857142857142857,False,0.0
2,23,not_(x[4]),True,not_(x[4]),0.20238095238095233,e9bf358728c366c73b72393d204b8cd2,0.20238095238095233,False,0.0
2,23,not_(x[6]),True,not_(x[6]),0.20238095238095233,c236778dc5683a72bff278f68dd0aee1,0.20238095238095233,False,0.0
2,23,not_(x[6]),True,not_(x[6]),0.20238095238095233,c236778dc5683a72bff278f68dd0aee1,0.20238095238095233,False,0.0
2,23,not_(x[4]),True,not_(x[4]),0.20238095238095233,e9bf358728c366c73b72393d204b8cd2,0.20238095238095233,False,0.0
2,23,not_(x[4]),True,not_(x[4]),0.20238095238095233,e9bf358728c366c73b72393d204b8cd2,0.20238095238095233,False,0.0
2,23,not_(x[6]),True,not_(x[6]),0.20238095238095233,c236778dc5683a72bff278f68dd0aee1,0.20238095238095233,False,0.0
2,23,not_(x[4]),True,not_(x[4]),0.20238095238095233,e9bf358728c366c73b72393d204b8cd2,0.20238095238095233,False,0.0
2,23,not_(x[6]),True,not_(x[6]),0.20238095238095233,c236778dc5683a72bff278f68dd0aee1,0.20238095238095233,False,0.0
2,23,not_(x[4]),True,not_(x[4]),0.20238095238095233,e9bf358728c366c73b72393d204b8cd2,0.20238095238095233,False,0.0
2,23,not_(x[6]),True,not_(x[6]),0.20238095238095233,c236778dc5683a72bff278f68dd0aee1,0.20238095238095233,False,0.0
2,23,not_(x[4]),True,not_(x[4]),0.20238095238095233,e9bf358728c366c73b72393d204b8cd2,0.20238095238095233,False,0.0
2,23,"not_(or_(x[6],x[4]))",True,not_(x[6]),0.20238095238095233,c236778dc5683a72bff278f68dd0aee1,0.20238095238095233,False,0.0
2,23,not_(x[6]),True,not_(x[6]),0.20238095238095233,c236778dc5683a72bff278f68dd0aee1,0.20238095238095233,False,0.0
2,23,not_(x[6]),True,not_(x[6]),0.20238095238095233,c236778dc5683a72bff278f68dd0aee1,0.20238095238095233,False,0.0
2,23,"not_(or_(x[4],x[4]))",True,not_(x[4]),0.20238095238095233,e9bf358728c366c73b72393d204b8cd2,0.20238095238095233,False,0.0
2,23,not_(x[4]),True,not_(x[4]),0.20238095238095233,e9bf358728c366c73b72393d204b8cd2,0.20238095238095233,False,0.0
2,23,not_(x[6]),True,not_(x[6]),0.20238095238095233,c236778dc5683a72bff278f68dd0aee1,0.20238095238095233,False,0.0
2,23,not_(x[6]),True,not_(x[6]),0.20238095238095233,c236778dc5683a72bff278f68dd0aee1,0.20238095238095233,False,0.0
2,23,not_(x[6]),True,not_(x[6]),0.20238095238095233,c236778dc5683a72bff278f68dd0aee1,0.20238095238095233,False,0.0
2,23,not_(x[4]),True,not_(x[4]),0.20238095238095233,e9bf358728c366c73b72393d204b8cd2,0.20238095238095233,False,0.0
2,23,"not_(greater_than_or_equal(mul(x[0],x[3]), mul(pdiv(mul(x[5],x[0]),add(x[2],x[3])),x[3])))",False,,,b2864d2ad626ddcab86cbd271746ea1b,0.5595238095238095,False,0.0
2,23,"not_(or_(x[6],x[6]))",True,not_(x[6]),0.20238095238095233,c236778dc5683a72bff278f68dd0aee1,0.20238095238095233,False,0.0
2,23,not_(x[4]),True,not_(x[4]),0.20238095238095233,e9bf358728c366c73b72393d204b8cd2,0.20238095238095233,False,0.0
2,23,"not_(or_(and_(x[6],x[6]),x[4]))",True,not_(x[6]),0.20238095238095233,c236778dc5683a72bff278f68dd0aee1,0.20238095238095233,False,0.0
2,23,not_(x[6]),True,not_(x[6]),0.20238095238095233,c236778dc5683a72bff278f68dd0aee1,0.20238095238095233,False,0.0
2,23,not_(x[6]),True,not_(x[6]),0.20238095238095233,c236778dc5683a72bff278f68dd0aee1,0.20238095238095233,False,0.0
2,23,not_(x[6]),True,not_(x[6]),0.20238095238095233,c236778dc5683a72bff278f68dd0aee1,0.20238095238095233,False,0.0
2,23,not_(x[6]),True,not_(x[6]),0.20238095238095233,c236778dc5683a72bff278f68dd0aee1,0.20238095238095233,False,0.0
2,23,not_(x[6]),True,not_(x[6]),0.20238095238095233,c236778dc5683a72bff278f68dd0aee1,0.20238095238095233,False,0.0
2,23,not_(x[6]),True,not_(x[6]),0.20238095238095233,c236778dc5683a72bff278f68dd0aee1,0.20238095238095233,False,0.0
2,23,not_(x[4]),True,not_(x[4]),0.20238095238095233,e9bf358728c366c73b72393d204b8cd2,0.20238095238095233,False,0.0
2,23,"not_(and_(x[6],x[6]))",True,not_(x[6]),0.20238095238095233,c236778dc5683a72bff278f68dd0aee1,0.20238095238095233,False,0.0
2,23,not_(x[6]),True,not_(x[6]),0.20238095238095233,c236778dc5683a72bff278f68dd0aee1,0.20238095238095233,False,0.0
2,23,not_(x[4]),True,not_(x[4]),0.20238095238095233,e9bf358728c366c73b72393d204b8cd2,0.20238095238095233,False,0.0
2,23,not_(x[4]),True,not_(x[4]),0.20238095238095233,e9bf358728c366c73b72393d204b8cd2,0.20238095238095233,False,0.0
2,23,not_(x[4]),True,not_(x[4]),0.20238095238095233,e9bf358728c366c73b72393d204b8cd2,0.20238095238095233,False,0.0
2,23,not_(x[4]),True,not_(x[4]),0.20238095238095233,e9bf358728c366c73b72393d204b8cd2,0.20238095238095233,False,0.0
2,23,not_(not_(x[4])),True,"not_(greater_than_or_equal(sub(x[0],x[3]), x[0]))",0.7976190476190477,95cffd09c37f5560118f86148db41cd5,0.7976190476190477,False,0.0
2,23,"not_(and_(x[4],x[6]))",True,not_(x[4]),0.20238095238095233,e9bf358728c366c73b72393d204b8cd2,0.20238095238095233,False,0.0
2,23,"not_(or_(x[4],x[6]))",True,not_(x[6]),0.20238095238095233,c236778dc5683a72bff278f68dd0aee1,0.20238095238095233,False,0.0
2,23,not_(x[6]),True,not_(x[6]),0.20238095238095233,c236778dc5683a72bff278f68dd0aee1,0.20238095238095233,False,0.0
2,23,not_(x[6]),True,not_(x[6]),0.20238095238095233,c236778dc5683a72bff278f68dd0aee1,0.20238095238095233,False,0.0
2,23,"not_(and_(x[4],x[6]))",True,not_(x[4]),0.20238095238095233,e9bf358728c366c73b72393d204b8cd2,0.20238095238095233,False,0.0
2,23,not_(x[4]),True,not_(x[4]),0.20238095238095233,e9bf358728c366c73b72393d204b8cd2,0.20238095238095233,False,0.0
2,23,not_(x[6]),True,not_(x[6]),0.20238095238095233,c236778dc5683a72bff278f68dd0aee1,0.20238095238095233,False,0.0
2,23,"not_(and_(not_(x[4]),and_(x[6],x[6])))",True,"less_than_or_equal(sub(mul(x[0],x[5]),mul(x[0],x[5])),add(x[3],mul(sub(x[2],x[0]),mul(x[2],x[2]))))",0.8095238095238095,2c80f340efaaeb11199e12e0d218671a,0.7857142857142857,True,-0.023809523809523836
2,23,"not_(or_(x[4],x[4]))",True,not_(x[4]),0.20238095238095233,e9bf358728c366c73b72393d204b8cd2,0.20238095238095233,False,0.0
2,23,not_(x[4]),True,not_(x[4]),0.20238095238095233,e9bf358728c366c73b72393d204b8cd2,0.20238095238095233,False,0.0
2,23,"and_(x[6],x[4])",True,"not_(greater_than_or_equal(sub(x[0],x[3]), x[0]))",0.7976190476190477,95cffd09c37f5560118f86148db41cd5,0.7976190476190477,False,0.0
2,23,not_(x[6]),True,not_(x[6]),0.20238095238095233,c236778dc5683a72bff278f68dd0aee1,0.20238095238095233,False,0.0
2,23,"not_(or_(x[6],x[6]))",True,not_(x[6]),0.20238095238095233,c236778dc5683a72bff278f68dd0aee1,0.20238095238095233,False,0.0
2,23,not_(x[4]),True,not_(x[4]),0.20238095238095233,e9bf358728c366c73b72393d204b8cd2,0.20238095238095233,False,0.0
2,23,not_(x[4]),True,not_(x[4]),0.20238095238095233,e9bf358728c366c73b72393d204b8cd2,0.20238095238095233,False,0.0
2,23,not_(x[6]),True,not_(x[6]),0.20238095238095233,c236778dc5683a72bff278f68dd0aee1,0.20238095238095233,False,0.0
2,23,not_(x[6]),True,not_(x[6]),0.20238095238095233,c236778dc5683a72bff278f68dd0aee1,0.20238095238095233,False,0.0
2,23,"not_(or_(x[4],and_(x[6],x[6])))",True,not_(x[6]),0.20238095238095233,c236778dc5683a72bff278f68dd0aee1,0.20238095238095233,False,0.0
2,23,"not_(or_(x[4],less_than_or_equal(49.29,mul(43.73,sub(x[0],pdiv(mul(x[5],x[0]),add(x[2],x[3])))))))",True,not_(x[4]),0.20238095238095233,e9bf358728c366c73b72393d204b8cd2,0.20238095238095233,False,0.0
2,23,not_(x[6]),True,not_(x[6]),0.20238095238095233,c236778dc5683a72bff278f68dd0aee1,0.20238095238095233,False,0.0
2,23,not_(x[6]),True,not_(x[6]),0.20238095238095233,c236778dc5683a72bff278f68dd0aee1,0.20238095238095233,False,0.0
2,23,not_(x[6]),True,not_(x[6]),0.20238095238095233,c236778dc5683a72bff278f68dd0aee1,0.20238095238095233,False,0.0
2,23,"less_than_or_equal(sub(add(x[0],x[5]),mul(x[2],x[2])),sub(pdiv(pdiv(mul(x[5],x[0]),add(x[2],x[3])),add(x[2],x[3])),x[3]))",False,,,1c3a461fc67c2fa209bc21887183e3af,0.22619047619047616,False,0.0
2,23,not_(x[4]),True,not_(x[4]),0.20238095238095233,e9bf358728c366c73b72393d204b8cd2,0.20238095238095233,False,0.0
2,23,not_(x[6]),True,not_(x[6]),0.20238095238095233,c236778dc5683a72bff278f68dd0aee1,0.20238095238095233,False,0.0
2,23,"or_(x[4],x[6])",True,"or_(not_(greater_than_or_equal(x[3], x[3])),x[6])",0.7976190476190477,dabf352ca9fc16fe7897b3fa7e73f5cb,0.7976190476190477,False,0.0
2,23,not_(x[6]),True,not_(x[6]),0.20238095238095233,c236778dc5683a72bff278f68dd0aee1,0.20238095238095233,False,0.0
2,23,not_(x[6]),True,not_(x[6]),0.20238095238095233,c236778dc5683a72bff278f68dd0aee1,0.20238095238095233,False,0.0
2,23,not_(x[4]),True,not_(x[4]),0.20238095238095233,e9bf358728c366c73b72393d204b8cd2,0.20238095238095233,False,0.0
2,23,not_(x[6]),True,not_(x[6]),0.20238095238095233,c236778dc5683a72bff278f68dd0aee1,0.20238095238095233,False,0.0
2,23,"not_(or_(x[4],x[6]))",True,not_(x[6]),0.20238095238095233,c236778dc5683a72bff278f68dd0aee1,0.20238095238095233,False,0.0
2,23,not_(x[6]),True,not_(x[6]),0.20238095238095233,c236778dc5683a72bff278f68dd0aee1,0.20238095238095233,False,0.0
2,23,x[4],True,x[4],0.7976190476190477,a4f678dee830d65312a3e1b8bd840994,0.7976190476190477,False,0.0
2,23,not_(x[6]),True,not_(x[6]),0.20238095238095233,c236778dc5683a72bff278f68dd0aee1,0.20238095238095233,False,0.0
2,23,not_(x[6]),True,not_(x[6]),0.20238095238095233,c236778dc5683a72bff278f68dd0aee1,0.20238095238095233,False,0.0
2,23,not_(x[6]),True,not_(x[6]),0.20238095238095233,c236778dc5683a72bff278f68dd0aee1,0.20238095238095233,False,0.0
2,23,not_(x[4]),True,not_(x[4]),0.20238095238095233,e9bf358728c366c73b72393d204b8cd2,0.20238095238095233,False,0.0
2,23,not_(x[4]),True,not_(x[4]),0.20238095238095233,e9bf358728c366c73b72393d204b8cd2,0.20238095238095233,False,0.0
2,23,"not_(or_(x[4],x[6]))",True,not_(x[6]),0.20238095238095233,c236778dc5683a72bff278f68dd0aee1,0.20238095238095233,False,0.0
2,23,not_(x[6]),True,not_(x[6]),0.20238095238095233,c236778dc5683a72bff278f68dd0aee1,0.20238095238095233,False,0.0
2,23,not_(x[4]),True,not_(x[4]),0.20238095238095233,e9bf358728c366c73b72393d204b8cd2,0.20238095238095233,False,0.0
2,23,"not_(or_(x[4],x[6]))",True,not_(x[6]),0.20238095238095233,c236778dc5683a72bff278f68dd0aee1,0.20238095238095233,False,0.0
2,23,not_(x[6]),True,not_(x[6]),0.20238095238095233,c236778dc5683a72bff278f68dd0aee1,0.20238095238095233,False,0.0
2,23,not_(x[6]),True,not_(x[6]),0.20238095238095233,c236778dc5683a72bff278f68dd0aee1,0.20238095238095233,False,0.0
2,23,not_(x[6]),True,not_(x[6]),0.20238095238095233,c236778dc5683a72bff278f68dd0aee1,0.20238095238095233,False,0.0
2,23,not_(x[4]),True,not_(x[4]),0.20238095238095233,e9bf358728c366c73b72393d204b8cd2,0.20238095238095233,False,0.0
2,23,"less_than_or_equal(sub(add(x[0],x[2]),mul(x[2],x[0])),pdiv(mul(x[5],x[0]),add(x[2],x[3])))",False,,,dfc3fc1b158d2efb19fa8ab3f9fcf54c,0.19047619047619047,False,0.0
2,23,not_(x[6]),True,not_(x[6]),0.20238095238095233,c236778dc5683a72bff278f68dd0aee1,0.20238095238095233,False,0.0
2,23,not_(x[6]),True,not_(x[6]),0.20238095238095233,c236778dc5683a72bff278f68dd0aee1,0.20238095238095233,False,0.0
2,23,"and_(x[6],x[6])",True,"or_(not_(greater_than_or_equal(x[3], x[3])),x[6])",0.7976190476190477,dabf352ca9fc16fe7897b3fa7e73f5cb,0.7976190476190477,False,0.0
2,23,not_(x[4]),True,not_(x[4]),0.20238095238095233,e9bf358728c366c73b72393d204b8cd2,0.20238095238095233,False,0.0
2,23,"not_(not_(or_(x[6],greater_than_or_equal(x[2], x[0]))))",True,"less_than_or_equal(x[3],x[3])",0.7857142857142857,3352141c4f785c0403fcb33f533f7848,0.7857142857142857,False,0.0
2,23,"less_than_or_equal(sub(add(22.44,x[5]),mul(x[2],x[0])),pdiv(mul(x[5],x[0]),add(x[2],x[3])))",True,"less_than_or_equal(53.67,mul(x[3],x[3]))",0.2142857142857143,2cece411320c1d56790d65c80cc8f440,0.2142857142857143,False,0.0
2,23,not_(x[6]),True,not_(x[6]),0.20238095238095233,c236778dc5683a72bff278f68dd0aee1,0.20238095238095233,False,0.0
2,23,"less_than_or_equal(sub(add(x[0],x[5]),mul(x[2],x[0])),pdiv(mul(x[5],x[0]),x[3]))",True,"less_than_or_equal(sub(add(x[0],x[5]),mul(x[2],x[0])),pdiv(mul(x[5],x[0]),x[3]))",0.5952380952380952,89649ef4603bb23e27cab1a24cae4178,0.5952380952380952,False,0.0
2,23,not_(x[4]),True,not_(x[4]),0.20238095238095233,e9bf358728c366c73b72393d204b8cd2,0.20238095238095233,False,0.0
2,23,not_(x[6]),True,not_(x[6]),0.20238095238095233,c236778dc5683a72bff278f68dd0aee1,0.20238095238095233,False,0.0
2,23,not_(x[6]),True,not_(x[6]),0.20238095238095233,c236778dc5683a72bff278f68dd0aee1,0.20238095238095233,False,0.0
2,23,"not_(or_(x[6],x[6]))",True,not_(x[6]),0.20238095238095233,c236778dc5683a72bff278f68dd0aee1,0.20238095238095233,False,0.0
2,23,not_(x[4]),True,not_(x[4]),0.20238095238095233,e9bf358728c366c73b72393d204b8cd2,0.20238095238095233,False,0.0
2,23,not_(x[4]),True,not_(x[4]),0.20238095238095233,e9bf358728c366c73b72393d204b8cd2,0.20238095238095233,False,0.0
2,23,not_(x[6]),True,not_(x[6]),0.20238095238095233,c236778dc5683a72bff278f68dd0aee1,0.20238095238095233,False,0.0
2,23,not_(x[4]),True,not_(x[4]),0.20238095238095233,e9bf358728c366c73b72393d204b8cd2,0.20238095238095233,False,0.0
2,23,not_(x[4]),True,not_(x[4]),0.20238095238095233,e9bf358728c366c73b72393d204b8cd2,0.20238095238095233,False,0.0
2,23,not_(x[6]),True,not_(x[6]),0.20238095238095233,c236778dc5683a72bff278f68dd0aee1,0.20238095238095233,False,0.0
2,23,not_(x[6]),True,not_(x[6]),0.20238095238095233,c236778dc5683a72bff278f68dd0aee1,0.20238095238095233,False,0.0
2,23,not_(x[6]),True,not_(x[6]),0.20238095238095233,c236778dc5683a72bff278f68dd0aee1,0.20238095238095233,False,0.0
2,23,not_(x[6]),True,not_(x[6]),0.20238095238095233,c236778dc5683a72bff278f68dd0aee1,0.20238095238095233,False,0.0
2,23,"greater_than_or_equal(mul(x[2],sub(x[3],x[3])), x[3])",True,not_(x[4]),0.20238095238095233,e9bf358728c366c73b72393d204b8cd2,0.20238095238095233,False,0.0
2,23,not_(x[4]),True,not_(x[4]),0.20238095238095233,e9bf358728c366c73b72393d204b8cd2,0.20238095238095233,False,0.0
2,23,not_(x[6]),True,not_(x[6]),0.20238095238095233,c236778dc5683a72bff278f68dd0aee1,0.20238095238095233,False,0.0
2,23,not_(x[4]),True,not_(x[4]),0.20238095238095233,e9bf358728c366c73b72393d204b8cd2,0.20238095238095233,False,0.0
2,23,not_(x[6]),True,not_(x[6]),0.20238095238095233,c236778dc5683a72bff278f68dd0aee1,0.20238095238095233,False,0.0
2,23,"less_than_or_equal(sub(add(x[0],x[5]),mul(x[2],x[0])),pdiv(mul(x[5],x[0]),add(x[2],x[3])))",True,"less_than_or_equal(sub(add(x[0],x[5]),mul(x[2],x[0])),pdiv(mul(x[5],x[0]),add(x[2],x[3])))",0.19047619047619047,58cc4f21233e882751aa955999da1daf,0.13636363636363635,True,-0.05411255411255411
2,24,not_(x[6]),True,not_(x[6]),0.20238095238095233,c236778dc5683a72bff278f68dd0aee1,0.20238095238095233,False,0.0
2,24,not_(x[4]),True,not_(x[4]),0.20238095238095233,e9bf358728c366c73b72393d204b8cd2,0.20238095238095233,False,0.0
2,24,not_(x[6]),True,not_(x[6]),0.20238095238095233,c236778dc5683a72bff278f68dd0aee1,0.20238095238095233,False,0.0
2,24,not_(x[6]),True,not_(x[6]),0.20238095238095233,c236778dc5683a72bff278f68dd0aee1,0.20238095238095233,False,0.0
2,24,not_(x[6]),True,not_(x[6]),0.20238095238095233,c236778dc5683a72bff278f68dd0aee1,0.20238095238095233,False,0.0
2,24,not_(x[6]),True,not_(x[6]),0.20238095238095233,c236778dc5683a72bff278f68dd0aee1,0.20238095238095233,False,0.0
2,24,not_(x[6]),True,not_(x[6]),0.20238095238095233,c236778dc5683a72bff278f68dd0aee1,0.20238095238095233,False,0.0
2,24,not_(x[6]),True,not_(x[6]),0.20238095238095233,c236778dc5683a72bff278f68dd0aee1,0.20238095238095233,False,0.0
2,24,"not_(and_(x[4],x[6]))",True,not_(x[4]),0.20238095238095233,e9bf358728c366c73b72393d204b8cd2,0.20238095238095233,False,0.0
2,24,not_(x[4]),True,not_(x[4]),0.20238095238095233,e9bf358728c366c73b72393d204b8cd2,0.20238095238095233,False,0.0
2,24,not_(x[6]),True,not_(x[6]),0.20238095238095233,c236778dc5683a72bff278f68dd0aee1,0.20238095238095233,False,0.0
2,24,not_(x[6]),True,not_(x[6]),0.20238095238095233,c236778dc5683a72bff278f68dd0aee1,0.20238095238095233,False,0.0
2,24,not_(x[6]),True,not_(x[6]),0.20238095238095233,c236778dc5683a72bff278f68dd0aee1,0.20238095238095233,False,0.0
2,24,not_(x[6]),True,not_(x[6]),0.20238095238095233,c236778dc5683a72bff278f68dd0aee1,0.20238095238095233,False,0.0
2,24,not_(x[6]),True,not_(x[6]),0.20238095238095233,c236778dc5683a72bff278f68dd0aee1,0.20238095238095233,False,0.0
2,24,not_(x[6]),True,not_(x[6]),0.20238095238095233,c236778dc5683a72bff278f68dd0aee1,0.20238095238095233,False,0.0
2,24,not_(x[6]),True,not_(x[6]),0.20238095238095233,c236778dc5683a72bff278f68dd0aee1,0.20238095238095233,False,0.0
2,24,not_(x[4]),True,not_(x[4]),0.20238095238095233,e9bf358728c366c73b72393d204b8cd2,0.20238095238095233,False,0.0
2,24,not_(x[4]),True,not_(x[4]),0.20238095238095233,e9bf358728c366c73b72393d204b8cd2,0.20238095238095233,False,0.0
2,24,not_(x[4]),True,not_(x[4]),0.20238095238095233,e9bf358728c366c73b72393d204b8cd2,0.20238095238095233,False,0.0
2,24,"not_(or_(x[4],and_(x[6],x[6])))",True,not_(x[6]),0.20238095238095233,c236778dc5683a72bff278f68dd0aee1,0.20238095238095233,False,0.0
2,24,not_(x[6]),True,not_(x[6]),0.20238095238095233,c236778dc5683a72bff278f68dd0aee1,0.20238095238095233,False,0.0
2,24,not_(x[6]),True,not_(x[6]),0.20238095238095233,c236778dc5683a72bff278f68dd0aee1,0.20238095238095233,False,0.0
2,24,not_(x[4]),True,not_(x[4]),0.20238095238095233,e9bf358728c366c73b72393d204b8cd2,0.20238095238095233,False,0.0
2,24,not_(x[4]),True,not_(x[4]),0.20238095238095233,e9bf358728c366c73b72393d204b8cd2,0.20238095238095233,False,0.0
2,24,not_(x[6]),True,not_(x[6]),0.20238095238095233,c236778dc5683a72bff278f68dd0aee1,0.20238095238095233,False,0.0
2,24,not_(x[6]),True,not_(x[6]),0.20238095238095233,c236778dc5683a72bff278f68dd0aee1,0.20238095238095233,False,0.0
2,24,not_(x[4]),True,not_(x[4]),0.20238095238095233,e9bf358728c366c73b72393d204b8cd2,0.20238095238095233,False,0.0
2,24,not_(x[6]),True,not_(x[6]),0.20238095238095233,c236778dc5683a72bff278f68dd0aee1,0.20238095238095233,False,0.0
2,24,not_(x[6]),True,not_(x[6]),0.20238095238095233,c236778dc5683a72bff278f68dd0aee1,0.20238095238095233,False,0.0
2,24,not_(x[6]),True,not_(x[6]),0.20238095238095233,c236778dc5683a72bff278f68dd0aee1,0.20238095238095233,False,0.0
2,24,not_(x[6]),True,not_(x[6]),0.20238095238095233,c236778dc5683a72bff278f68dd0aee1,0.20238095238095233,False,0.0
2,24,not_(x[6]),True,not_(x[6]),0.20238095238095233,c236778dc5683a72bff278f68dd0aee1,0.20238095238095233,False,0.0
2,24,not_(x[6]),True,not_(x[6]),0.20238095238095233,c236778dc5683a72bff278f68dd0aee1,0.20238095238095233,False,0.0
2,24,"not_(or_(x[4],x[6]))",True,not_(x[6]),0.20238095238095233,c236778dc5683a72bff278f68dd0aee1,0.20238095238095233,False,0.0
2,24,not_(x[6]),True,not_(x[6]),0.20238095238095233,c236778dc5683a72bff278f68dd0aee1,0.20238095238095233,False,0.0
2,24,not_(x[6]),True,not_(x[6]),0.20238095238095233,c236778dc5683a72bff278f68dd0aee1,0.20238095238095233,False,0.0
2,24,not_(not_(x[6])),True,"or_(not_(greater_than_or_equal(x[3], x[3])),x[6])",0.7976190476190477,dabf352ca9fc16fe7897b3fa7e73f5cb,0.7976190476190477,False,0.0
2,24,not_(x[4]),True,not_(x[4]),0.20238095238095233,e9bf358728c366c73b72393d204b8cd2,0.20238095238095233,False,0.0
2,24,not_(x[4]),True,not_(x[4]),0.20238095238095233,e9bf358728c366c73b72393d204b8cd2,0.20238095238095233,False,0.0
2,24,not_(x[6]),True,not_(x[6]),0.20238095238095233,c236778dc5683a72bff278f68dd0aee1,0.20238095238095233,False,0.0
2,24,not_(x[6]),True,not_(x[6]),0.20238095238095233,c236778dc5683a72bff278f68dd0aee1,0.20238095238095233,False,0.0
2,24,not_(x[6]),True,not_(x[6]),0.20238095238095233,c236778dc5683a72bff278f68dd0aee1,0.20238095238095233,False,0.0
2,24,not_(x[4]),True,not_(x[4]),0.20238095238095233,e9bf358728c366c73b72393d204b8cd2,0.20238095238095233,False,0.0
2,24,not_(x[6]),True,not_(x[6]),0.20238095238095233,c236778dc5683a72bff278f68dd0aee1,0.20238095238095233,False,0.0
2,24,not_(x[4]),True,not_(x[4]),0.20238095238095233,e9bf358728c366c73b72393d204b8cd2,0.20238095238095233,False,0.0
2,24,not_(x[4]),True,not_(x[4]),0.20238095238095233,e9bf358728c366c73b72393d204b8cd2,0.20238095238095233,False,0.0
2,24,not_(x[4]),True,not_(x[4]),0.20238095238095233,e9bf358728c366c73b72393d204b8cd2,0.20238095238095233,False,0.0
2,24,not_(x[6]),True,not_(x[6]),0.20238095238095233,c236778dc5683a72bff278f68dd0aee1,0.20238095238095233,False,0.0
2,24,not_(x[6]),True,not_(x[6]),0.20238095238095233,c236778dc5683a72bff278f68dd0aee1,0.20238095238095233,False,0.0
2,24,not_(x[6]),True,not_(x[6]),0.20238095238095233,c236778dc5683a72bff278f68dd0aee1,0.20238095238095233,False,0.0
2,24,not_(x[6]),True,not_(x[6]),0.20238095238095233,c236778dc5683a72bff278f68dd0aee1,0.20238095238095233,False,0.0
2,24,not_(x[6]),True,not_(x[6]),0.20238095238095233,c236778dc5683a72bff278f68dd0aee1,0.20238095238095233,False,0.0
2,24,not_(x[6]),True,not_(x[6]),0.20238095238095233,c236778dc5683a72bff278f68dd0aee1,0.20238095238095233,False,0.0
2,24,not_(x[4]),True,not_(x[4]),0.20238095238095233,e9bf358728c366c73b72393d204b8cd2,0.20238095238095233,False,0.0
2,24,"not_(and_(x[6],x[6]))",True,not_(x[6]),0.20238095238095233,c236778dc5683a72bff278f68dd0aee1,0.20238095238095233,False,0.0
2,24,not_(x[4]),True,not_(x[4]),0.20238095238095233,e9bf358728c366c73b72393d204b8cd2,0.20238095238095233,False,0.0
2,24,not_(x[6]),True,not_(x[6]),0.20238095238095233,c236778dc5683a72bff278f68dd0aee1,0.20238095238095233,False,0.0
2,24,"not_(or_(x[6],x[6]))",True,not_(x[6]),0.20238095238095233,c236778dc5683a72bff278f68dd0aee1,0.20238095238095233,False,0.0
2,24,"greater_than_or_equal(x[3], x[3])",True,"less_than_or_equal(x[3],x[3])",0.7857142857142857,3352141c4f785c0403fcb33f533f7848,0.7857142857142857,False,0.0
2,24,"and_(or_(or_(x[6],and_(x[6],x[6])),x[6]),x[6])",True,"or_(not_(greater_than_or_equal(x[3], x[3])),x[6])",0.7976190476190477,dabf352ca9fc16fe7897b3fa7e73f5cb,0.7976190476190477,False,0.0
2,24,not_(x[6]),True,not_(x[6]),0.20238095238095233,c236778dc5683a72bff278f68dd0aee1,0.20238095238095233,False,0.0
2,24,"not_(and_(x[6],x[4]))",True,not_(x[4]),0.20238095238095233,e9bf358728c366c73b72393d204b8cd2,0.20238095238095233,False,0.0
2,24,"not_(or_(x[4],x[6]))",True,not_(x[6]),0.20238095238095233,c236778dc5683a72bff278f68dd0aee1,0.20238095238095233,False,0.0
2,24,not_(x[4]),True,not_(x[4]),0.20238095238095233,e9bf358728c366c73b72393d204b8cd2,0.20238095238095233,False,0.0
2,24,not_(x[6]),True,not_(x[6]),0.20238095238095233,c236778dc5683a72bff278f68dd0aee1,0.20238095238095233,False,0.0
2,24,not_(x[4]),True,not_(x[4]),0.20238095238095233,e9bf358728c366c73b72393d204b8cd2,0.20238095238095233,False,0.0
2,24,not_(x[6]),True,not_(x[6]),0.20238095238095233,c236778dc5683a72bff278f68dd0aee1,0.20238095238095233,False,0.0
2,24,not_(x[4]),True,not_(x[4]),0.20238095238095233,e9bf358728c366c73b72393d204b8cd2,0.20238095238095233,False,0.0
2,24,not_(x[6]),True,not_(x[6]),0.20238095238095233,c236778dc5683a72bff278f68dd0aee1,0.20238095238095233,False,0.0
2,24,"not_(and_(x[6],x[6]))",True,not_(x[6]),0.20238095238095233,c236778dc5683a72bff278f68dd0aee1,0.20238095238095233,False,0.0
2,24,not_(x[6]),True,not_(x[6]),0.20238095238095233,c236778dc5683a72bff278f68dd0aee1,0.20238095238095233,False,0.0
2,24,not_(x[6]),True,not_(x[6]),0.20238095238095233,c236778dc5683a72bff278f68dd0aee1,0.20238095238095233,False,0.0
2,24,not_(x[6]),True,not_(x[6]),0.20238095238095233,c236778dc5683a72bff278f68dd0aee1,0.20238095238095233,False,0.0
2,24,not_(x[6]),True,not_(x[6]),0.20238095238095233,c236778dc5683a72bff278f68dd0aee1,0.20238095238095233,False,0.0
2,24,not_(x[4]),True,not_(x[4]),0.20238095238095233,e9bf358728c366c73b72393d204b8cd2,0.20238095238095233,False,0.0
2,24,not_(x[6]),True,not_(x[6]),0.20238095238095233,c236778dc5683a72bff278f68dd0aee1,0.20238095238095233,False,0.0
2,24,"not_(or_(x[4],and_(x[6],x[6])))",True,not_(x[6]),0.20238095238095233,c236778dc5683a72bff278f68dd0aee1,0.20238095238095233,False,0.0
2,24,not_(x[6]),True,not_(x[6]),0.20238095238095233,c236778dc5683a72bff278f68dd0aee1,0.20238095238095233,False,0.0
2,24,not_(x[4]),True,not_(x[4]),0.20238095238095233,e9bf358728c366c73b72393d204b8cd2,0.20238095238095233,False,0.0
2,24,not_(x[4]),True,not_(x[4]),0.20238095238095233,e9bf358728c366c73b72393d204b8cd2,0.20238095238095233,False,0.0
2,24,not_(x[6]),True,not_(x[6]),0.20238095238095233,c236778dc5683a72bff278f68dd0aee1,0.20238095238095233,False,0.0
2,24,not_(x[6]),True,not_(x[6]),0.20238095238095233,c236778dc5683a72bff278f68dd0aee1,0.20238095238095233,False,0.0
2,24,"not_(or_(x[6],x[6]))",True,not_(x[6]),0.20238095238095233,c236778dc5683a72bff278f68dd0aee1,0.20238095238095233,False,0.0
2,24,not_(x[6]),True,not_(x[6]),0.20238095238095233,c236778dc5683a72bff278f68dd0aee1,0.20238095238095233,False,0.0
2,24,"not_(or_(x[4],x[6]))",True,not_(x[6]),0.20238095238095233,c236778dc5683a72bff278f68dd0aee1,0.20238095238095233,False,0.0
2,24,not_(x[6]),True,not_(x[6]),0.20238095238095233,c236778dc5683a72bff278f68dd0aee1,0.20238095238095233,False,0.0
2,24,not_(x[6]),True,not_(x[6]),0.20238095238095233,c236778dc5683a72bff278f68dd0aee1,0.20238095238095233,False,0.0
2,24,not_(x[6]),True,not_(x[6]),0.20238095238095233,c236778dc5683a72bff278f68dd0aee1,0.20238095238095233,False,0.0
2,24,not_(x[4]),True,not_(x[4]),0.20238095238095233,e9bf358728c366c73b72393d204b8cd2,0.20238095238095233,False,0.0
2,24,not_(x[6]),True,not_(x[6]),0.20238095238095233,c236778dc5683a72bff278f68dd0aee1,0.20238095238095233,False,0.0
2,24,not_(x[6]),True,not_(x[6]),0.20238095238095233,c236778dc5683a72bff278f68dd0aee1,0.20238095238095233,False,0.0
2,24,not_(x[6]),True,not_(x[6]),0.20238095238095233,c236778dc5683a72bff278f68dd0aee1,0.20238095238095233,False,0.0
2,24,not_(x[6]),True,not_(x[6]),0.20238095238095233,c236778dc5683a72bff278f68dd0aee1,0.20238095238095233,False,0.0
2,24,"not_(and_(x[4],x[6]))",True,not_(x[4]),0.20238095238095233,e9bf358728c366c73b72393d204b8cd2,0.20238095238095233,False,0.0
2,24,not_(x[4]),True,not_(x[4]),0.20238095238095233,e9bf358728c366c73b72393d204b8cd2,0.20238095238095233,False,0.0
2,24,not_(x[4]),True,not_(x[4]),0.20238095238095233,e9bf358728c366c73b72393d204b8cd2,0.20238095238095233,False,0.0
2,24,not_(x[4]),True,not_(x[4]),0.20238095238095233,e9bf358728c366c73b72393d204b8cd2,0.20238095238095233,False,0.0
2,24,"not_(and_(x[6],x[6]))",True,not_(x[6]),0.20238095238095233,c236778dc5683a72bff278f68dd0aee1,0.20238095238095233,False,0.0
2,24,not_(x[4]),True,not_(x[4]),0.20238095238095233,e9bf358728c366c73b72393d204b8cd2,0.20238095238095233,False,0.0
2,24,"not_(and_(x[4],x[4]))",True,not_(x[4]),0.20238095238095233,e9bf358728c366c73b72393d204b8cd2,0.20238095238095233,False,0.0
2,24,"not_(and_(x[6],x[6]))",True,not_(x[6]),0.20238095238095233,c236778dc5683a72bff278f68dd0aee1,0.20238095238095233,False,0.0
2,24,"not_(or_(x[4],x[4]))",True,not_(x[4]),0.20238095238095233,e9bf358728c366c73b72393d204b8cd2,0.20238095238095233,False,0.0
2,24,not_(x[6]),True,not_(x[6]),0.20238095238095233,c236778dc5683a72bff278f68dd0aee1,0.20238095238095233,False,0.0
2,24,not_(x[4]),True,not_(x[4]),0.20238095238095233,e9bf358728c366c73b72393d204b8cd2,0.20238095238095233,False,0.0
2,24,not_(x[6]),True,not_(x[6]),0.20238095238095233,c236778dc5683a72bff278f68dd0aee1,0.20238095238095233,False,0.0
2,24,not_(x[6]),True,not_(x[6]),0.20238095238095233,c236778dc5683a72bff278f68dd0aee1,0.20238095238095233,False,0.0
2,24,"not_(and_(x[4],or_(and_(x[6],x[6]),x[4])))",True,not_(x[4]),0.20238095238095233,e9bf358728c366c73b72393d204b8cd2,0.20238095238095233,False,0.0
2,24,not_(x[6]),True,not_(x[6]),0.20238095238095233,c236778dc5683a72bff278f68dd0aee1,0.20238095238095233,False,0.0
2,24,not_(x[6]),True,not_(x[6]),0.20238095238095233,c236778dc5683a72bff278f68dd0aee1,0.20238095238095233,False,0.0
2,24,not_(x[6]),True,not_(x[6]),0.20238095238095233,c236778dc5683a72bff278f68dd0aee1,0.20238095238095233,False,0.0
2,24,not_(x[6]),True,not_(x[6]),0.20238095238095233,c236778dc5683a72bff278f68dd0aee1,0.20238095238095233,False,0.0
2,24,"not_(or_(x[6],x[6]))",True,not_(x[6]),0.20238095238095233,c236778dc5683a72bff278f68dd0aee1,0.20238095238095233,False,0.0
2,24,"not_(or_(x[6],x[1]))",True,"less_than_or_equal(53.67,mul(x[3],x[3]))",0.2142857142857143,2cece411320c1d56790d65c80cc8f440,0.2142857142857143,False,0.0
2,24,not_(x[4]),True,not_(x[4]),0.20238095238095233,e9bf358728c366c73b72393d204b8cd2,0.20238095238095233,False,0.0
2,24,"not_(or_(x[4],x[6]))",True,not_(x[6]),0.20238095238095233,c236778dc5683a72bff278f68dd0aee1,0.20238095238095233,False,0.0
2,24,not_(x[6]),True,not_(x[6]),0.20238095238095233,c236778dc5683a72bff278f68dd0aee1,0.20238095238095233,False,0.0
2,24,not_(x[6]),True,not_(x[6]),0.20238095238095233,c236778dc5683a72bff278f68dd0aee1,0.20238095238095233,False,0.0
2,24,not_(x[6]),True,not_(x[6]),0.20238095238095233,c236778dc5683a72bff278f68dd0aee1,0.20238095238095233,False,0.0
2,24,not_(x[4]),True,not_(x[4]),0.20238095238095233,e9bf358728c366c73b72393d204b8cd2,0.20238095238095233,False,0.0
2,24,not_(x[6]),True,not_(x[6]),0.20238095238095233,c236778dc5683a72bff278f68dd0aee1,0.20238095238095233,False,0.0
2,24,not_(x[4]),True,not_(x[4]),0.20238095238095233,e9bf358728c366c73b72393d204b8cd2,0.20238095238095233,False,0.0
2,24,not_(x[4]),True,not_(x[4]),0.20238095238095233,e9bf358728c366c73b72393d204b8cd2,0.20238095238095233,False,0.0
2,24,"less_than_or_equal(mul(x[3],x[2]),sub(x[3],x[3]))",True,not_(x[4]),0.20238095238095233,e9bf358728c366c73b72393d204b8cd2,0.20238095238095233,False,0.0
2,24,"not_(and_(or_(x[6],and_(x[6],x[6])),x[4]))",True,not_(x[4]),0.20238095238095233,e9bf358728c366c73b72393d204b8cd2,0.20238095238095233,False,0.0
2,24,not_(x[6]),True,not_(x[6]),0.20238095238095233,c236778dc5683a72bff278f68dd0aee1,0.20238095238095233,False,0.0
2,24,"not_(or_(x[6],x[6]))",True,not_(x[6]),0.20238095238095233,c236778dc5683a72bff278f68dd0aee1,0.20238095238095233,False,0.0
2,24,not_(x[6]),True,not_(x[6]),0.20238095238095233,c236778dc5683a72bff278f68dd0aee1,0.20238095238095233,False,0.0
2,24,"not_(or_(x[4],x[6]))",True,not_(x[6]),0.20238095238095233,c236778dc5683a72bff278f68dd0aee1,0.20238095238095233,False,0.0
2,24,not_(x[4]),True,not_(x[4]),0.20238095238095233,e9bf358728c366c73b72393d204b8cd2,0.20238095238095233,False,0.0
2,24,not_(x[6]),True,not_(x[6]),0.20238095238095233,c236778dc5683a72bff278f68dd0aee1,0.20238095238095233,False,0.0
2,24,not_(x[6]),True,not_(x[6]),0.20238095238095233,c236778dc5683a72bff278f68dd0aee1,0.20238095238095233,False,0.0
2,24,not_(x[4]),True,not_(x[4]),0.20238095238095233,e9bf358728c366c73b72393d204b8cd2,0.20238095238095233,False,0.0
2,24,not_(x[6]),True,not_(x[6]),0.20238095238095233,c236778dc5683a72bff278f68dd0aee1,0.20238095238095233,False,0.0
2,24,not_(x[4]),True,not_(x[4]),0.20238095238095233,e9bf358728c366c73b72393d204b8cd2,0.20238095238095233,False,0.0
2,24,"not_(and_(x[4],x[6]))",True,not_(x[4]),0.20238095238095233,e9bf358728c366c73b72393d204b8cd2,0.20238095238095233,False,0.0
2,24,not_(x[6]),True,not_(x[6]),0.20238095238095233,c236778dc5683a72bff278f68dd0aee1,0.20238095238095233,False,0.0
2,24,not_(x[6]),True,not_(x[6]),0.20238095238095233,c236778dc5683a72bff278f68dd0aee1,0.20238095238095233,False,0.0
2,24,not_(x[6]),True,not_(x[6]),0.20238095238095233,c236778dc5683a72bff278f68dd0aee1,0.20238095238095233,False,0.0
2,24,not_(x[4]),True,not_(x[4]),0.20238095238095233,e9bf358728c366c73b72393d204b8cd2,0.20238095238095233,False,0.0
2,24,"not_(or_(x[6],x[4]))",True,not_(x[6]),0.20238095238095233,c236778dc5683a72bff278f68dd0aee1,0.20238095238095233,False,0.0
2,24,not_(x[4]),True,not_(x[4]),0.20238095238095233,e9bf358728c366c73b72393d204b8cd2,0.20238095238095233,False,0.0
2,24,not_(x[6]),True,not_(x[6]),0.20238095238095233,c236778dc5683a72bff278f68dd0aee1,0.20238095238095233,False,0.0
2,24,not_(x[6]),True,not_(x[6]),0.20238095238095233,c236778dc5683a72bff278f68dd0aee1,0.20238095238095233,False,0.0
2,24,not_(x[4]),True,not_(x[4]),0.20238095238095233,e9bf358728c366c73b72393d204b8cd2,0.20238095238095233,False,0.0
2,24,not_(x[4]),True,not_(x[4]),0.20238095238095233,e9bf358728c366c73b72393d204b8cd2,0.20238095238095233,False,0.0
2,24,not_(x[6]),True,not_(x[6]),0.20238095238095233,c236778dc5683a72bff278f68dd0aee1,0.20238095238095233,False,0.0
2,24,not_(x[4]),True,not_(x[4]),0.20238095238095233,e9bf358728c366c73b72393d204b8cd2,0.20238095238095233,False,0.0
2,24,not_(x[6]),True,not_(x[6]),0.20238095238095233,c236778dc5683a72bff278f68dd0aee1,0.20238095238095233,False,0.0
2,24,not_(x[6]),True,not_(x[6]),0.20238095238095233,c236778dc5683a72bff278f68dd0aee1,0.20238095238095233,False,0.0
2,24,"less_than_or_equal(sub(add(x[2],x[5]),mul(x[2],x[0])),mul(x[0],x[3]))",True,"less_than_or_equal(53.67,mul(x[3],x[3]))",0.2142857142857143,2cece411320c1d56790d65c80cc8f440,0.2142857142857143,False,0.0
2,24,not_(x[6]),True,not_(x[6]),0.20238095238095233,c236778dc5683a72bff278f68dd0aee1,0.20238095238095233,False,0.0
2,24,"not_(or_(or_(x[6],x[4]),x[6]))",True,not_(x[6]),0.20238095238095233,c236778dc5683a72bff278f68dd0aee1,0.20238095238095233,False,0.0
2,24,not_(x[6]),True,not_(x[6]),0.20238095238095233,c236778dc5683a72bff278f68dd0aee1,0.20238095238095233,False,0.0
2,24,not_(x[4]),True,not_(x[4]),0.20238095238095233,e9bf358728c366c73b72393d204b8cd2,0.20238095238095233,False,0.0
2,24,not_(x[6]),True,not_(x[6]),0.20238095238095233,c236778dc5683a72bff278f68dd0aee1,0.20238095238095233,False,0.0
2,24,not_(x[6]),True,not_(x[6]),0.20238095238095233,c236778dc5683a72bff278f68dd0aee1,0.20238095238095233,False,0.0
2,24,not_(x[6]),True,not_(x[6]),0.20238095238095233,c236778dc5683a72bff278f68dd0aee1,0.20238095238095233,False,0.0
2,24,not_(x[6]),True,not_(x[6]),0.20238095238095233,c236778dc5683a72bff278f68dd0aee1,0.20238095238095233,False,0.0
2,24,not_(x[6]),True,not_(x[6]),0.20238095238095233,c236778dc5683a72bff278f68dd0aee1,0.20238095238095233,False,0.0
2,24,"not_(and_(or_(x[6],x[6]),x[6]))",True,not_(x[6]),0.20238095238095233,c236778dc5683a72bff278f68dd0aee1,0.20238095238095233,False,0.0
2,24,not_(x[6]),True,not_(x[6]),0.20238095238095233,c236778dc5683a72bff278f68dd0aee1,0.20238095238095233,False,0.0
2,24,not_(x[6]),True,not_(x[6]),0.20238095238095233,c236778dc5683a72bff278f68dd0aee1,0.20238095238095233,False,0.0
2,24,not_(x[6]),True,not_(x[6]),0.20238095238095233,c236778dc5683a72bff278f68dd0aee1,0.20238095238095233,False,0.0
2,24,not_(x[4]),True,not_(x[4]),0.20238095238095233,e9bf358728c366c73b72393d204b8cd2,0.20238095238095233,False,0.0
2,24,not_(x[6]),True,not_(x[6]),0.20238095238095233,c236778dc5683a72bff278f68dd0aee1,0.20238095238095233,False,0.0
2,24,not_(x[4]),True,not_(x[4]),0.20238095238095233,e9bf358728c366c73b72393d204b8cd2,0.20238095238095233,False,0.0
2,24,not_(x[6]),True,not_(x[6]),0.20238095238095233,c236778dc5683a72bff278f68dd0aee1,0.20238095238095233,False,0.0
2,24,not_(x[6]),True,not_(x[6]),0.20238095238095233,c236778dc5683a72bff278f68dd0aee1,0.20238095238095233,False,0.0
2,24,"not_(or_(x[6],x[4]))",True,not_(x[6]),0.20238095238095233,c236778dc5683a72bff278f68dd0aee1,0.20238095238095233,False,0.0
2,24,not_(x[4]),True,not_(x[4]),0.20238095238095233,e9bf358728c366c73b72393d204b8cd2,0.20238095238095233,False,0.0
2,24,"less_than_or_equal(sub(add(x[0],x[5]),mul(x[2],x[0])),pdiv(mul(x[5],x[0]),add(x[2],x[3])))",True,"less_than_or_equal(sub(add(x[0],x[5]),mul(x[2],x[0])),pdiv(mul(x[5],x[0]),add(x[2],x[3])))",0.19047619047619047,58cc4f21233e882751aa955999da1daf,0.19047619047619047,False,0.0
2,24,not_(x[4]),True,not_(x[4]),0.20238095238095233,e9bf358728c366c73b72393d204b8cd2,0.20238095238095233,False,0.0
2,24,not_(x[6]),True,not_(x[6]),0.20238095238095233,c236778dc5683a72bff278f68dd0aee1,0.20238095238095233,False,0.0
2,24,not_(x[6]),True,not_(x[6]),0.20238095238095233,c236778dc5683a72bff278f68dd0aee1,0.20238095238095233,False,0.0
2,24,not_(x[6]),True,not_(x[6]),0.20238095238095233,c236778dc5683a72bff278f68dd0aee1,0.20238095238095233,False,0.0
2,24,not_(x[4]),True,not_(x[4]),0.20238095238095233,e9bf358728c366c73b72393d204b8cd2,0.20238095238095233,False,0.0
2,24,"not_(or_(x[6],or_(x[6],x[6])))",True,not_(x[6]),0.20238095238095233,c236778dc5683a72bff278f68dd0aee1,0.20238095238095233,False,0.0
2,24,"not_(or_(x[4],x[6]))",True,not_(x[6]),0.20238095238095233,c236778dc5683a72bff278f68dd0aee1,0.20238095238095233,False,0.0
2,24,not_(x[4]),True,not_(x[4]),0.20238095238095233,e9bf358728c366c73b72393d204b8cd2,0.20238095238095233,False,0.0
2,24,not_(x[6]),True,not_(x[6]),0.20238095238095233,c236778dc5683a72bff278f68dd0aee1,0.20238095238095233,False,0.0
2,24,not_(x[6]),True,not_(x[6]),0.20238095238095233,c236778dc5683a72bff278f68dd0aee1,0.20238095238095233,False,0.0
2,24,not_(x[6]),True,not_(x[6]),0.20238095238095233,c236778dc5683a72bff278f68dd0aee1,0.20238095238095233,False,0.0
2,24,not_(x[1]),True,"less_than_or_equal(53.67,mul(x[3],x[3]))",0.2142857142857143,2cece411320c1d56790d65c80cc8f440,0.22619047619047616,True,0.011904761904761862
2,24,not_(x[6]),True,not_(x[6]),0.20238095238095233,c236778dc5683a72bff278f68dd0aee1,0.20238095238095233,False,0.0
2,24,not_(x[6]),True,not_(x[6]),0.20238095238095233,c236778dc5683a72bff278f68dd0aee1,0.20238095238095233,False,0.0
2,24,not_(x[6]),True,not_(x[6]),0.20238095238095233,c236778dc5683a72bff278f68dd0aee1,0.20238095238095233,False,0.0
2,24,not_(x[6]),True,not_(x[6]),0.20238095238095233,c236778dc5683a72bff278f68dd0aee1,0.20238095238095233,False,0.0
2,24,not_(x[4]),True,not_(x[4]),0.20238095238095233,e9bf358728c366c73b72393d204b8cd2,0.20238095238095233,False,0.0
2,24,not_(x[4]),True,not_(x[4]),0.20238095238095233,e9bf358728c366c73b72393d204b8cd2,0.20238095238095233,False,0.0
2,24,not_(x[4]),True,not_(x[4]),0.20238095238095233,e9bf358728c366c73b72393d204b8cd2,0.20238095238095233,False,0.0
2,24,not_(x[6]),True,not_(x[6]),0.20238095238095233,c236778dc5683a72bff278f68dd0aee1,0.20238095238095233,False,0.0
2,24,not_(x[6]),True,not_(x[6]),0.20238095238095233,c236778dc5683a72bff278f68dd0aee1,0.20238095238095233,False,0.0
2,24,not_(x[6]),True,not_(x[6]),0.20238095238095233,c236778dc5683a72bff278f68dd0aee1,0.20238095238095233,False,0.0
2,24,not_(x[4]),True,not_(x[4]),0.20238095238095233,e9bf358728c366c73b72393d204b8cd2,0.20238095238095233,False,0.0
2,24,not_(x[4]),True,not_(x[4]),0.20238095238095233,e9bf358728c366c73b72393d204b8cd2,0.20238095238095233,False,0.0
2,24,not_(x[6]),True,not_(x[6]),0.20238095238095233,c236778dc5683a72bff278f68dd0aee1,0.20238095238095233,False,0.0
2,24,not_(x[6]),True,not_(x[6]),0.20238095238095233,c236778dc5683a72bff278f68dd0aee1,0.20238095238095233,False,0.0
2,24,not_(x[6]),True,not_(x[6]),0.20238095238095233,c236778dc5683a72bff278f68dd0aee1,0.20238095238095233,False,0.0
2,24,"not_(or_(x[6],and_(x[6],or_(x[4],and_(and_(x[6],x[6]),x[4])))))",True,not_(x[6]),0.20238095238095233,c236778dc5683a72bff278f68dd0aee1,0.20238095238095233,False,0.0
2,24,not_(x[4]),True,not_(x[4]),0.20238095238095233,e9bf358728c366c73b72393d204b8cd2,0.20238095238095233,False,0.0
2,24,not_(x[4]),True,not_(x[4]),0.20238095238095233,e9bf358728c366c73b72393d204b8cd2,0.20238095238095233,False,0.0
2,24,not_(x[4]),True,not_(x[4]),0.20238095238095233,e9bf358728c366c73b72393d204b8cd2,0.20238095238095233,False,0.0
2,24,not_(x[6]),True,not_(x[6]),0.20238095238095233,c236778dc5683a72bff278f68dd0aee1,0.20238095238095233,False,0.0
2,24,not_(x[6]),True,not_(x[6]),0.20238095238095233,c236778dc5683a72bff278f68dd0aee1,0.20238095238095233,False,0.0
2,24,not_(x[6]),True,not_(x[6]),0.20238095238095233,c236778dc5683a72bff278f68dd0aee1,0.20238095238095233,False,0.0
2,24,"not_(or_(x[4],less_than_or_equal(x[5],22.40)))",True,"less_than_or_equal(53.67,mul(x[3],x[3]))",0.2142857142857143,2cece411320c1d56790d65c80cc8f440,0.2142857142857143,False,0.0
2,24,not_(x[6]),True,not_(x[6]),0.20238095238095233,c236778dc5683a72bff278f68dd0aee1,0.20238095238095233,False,0.0
2,24,"not_(or_(x[6],x[6]))",True,not_(x[6]),0.20238095238095233,c236778dc5683a72bff278f68dd0aee1,0.20238095238095233,False,0.0
2,24,not_(x[6]),True,not_(x[6]),0.20238095238095233,c236778dc5683a72bff278f68dd0aee1,0.20238095238095233,False,0.0
2,24,not_(x[6]),True,not_(x[6]),0.20238095238095233,c236778dc5683a72bff278f68dd0aee1,0.20238095238095233,False,0.0
2,24,not_(x[6]),True,not_(x[6]),0.20238095238095233,c236778dc5683a72bff278f68dd0aee1,0.20238095238095233,False,0.0
2,24,not_(x[6]),True,not_(x[6]),0.20238095238095233,c236778dc5683a72bff278f68dd0aee1,0.20238095238095233,False,0.0
2,24,not_(x[6]),True,not_(x[6]),0.20238095238095233,c236778dc5683a72bff278f68dd0aee1,0.20238095238095233,False,0.0
2,24,not_(x[4]),True,not_(x[4]),0.20238095238095233,e9bf358728c366c73b72393d204b8cd2,0.20238095238095233,False,0.0
2,24,not_(x[4]),True,not_(x[4]),0.20238095238095233,e9bf358728c366c73b72393d204b8cd2,0.20238095238095233,False,0.0
2,24,"not_(or_(x[6],x[6]))",True,not_(x[6]),0.20238095238095233,c236778dc5683a72bff278f68dd0aee1,0.20238095238095233,False,0.0
2,24,not_(x[4]),True,not_(x[4]),0.20238095238095233,e9bf358728c366c73b72393d204b8cd2,0.20238095238095233,False,0.0
2,24,not_(x[6]),True,not_(x[6]),0.20238095238095233,c236778dc5683a72bff278f68dd0aee1,0.20238095238095233,False,0.0
2,24,not_(x[6]),True,not_(x[6]),0.20238095238095233,c236778dc5683a72bff278f68dd0aee1,0.20238095238095233,False,0.0
2,24,not_(x[4]),True,not_(x[4]),0.20238095238095233,e9bf358728c366c73b72393d204b8cd2,0.20238095238095233,False,0.0
2,24,not_(x[4]),True,not_(x[4]),0.20238095238095233,e9bf358728c366c73b72393d204b8cd2,0.20238095238095233,False,0.0
2,24,not_(x[4]),True,not_(x[4]),0.20238095238095233,e9bf358728c366c73b72393d204b8cd2,0.20238095238095233,False,0.0
2,24,not_(x[6]),True,not_(x[6]),0.20238095238095233,c236778dc5683a72bff278f68dd0aee1,0.20238095238095233,False,0.0
2,24,not_(x[6]),True,not_(x[6]),0.20238095238095233,c236778dc5683a72bff278f68dd0aee1,0.20238095238095233,False,0.0
2,24,not_(x[6]),True,not_(x[6]),0.20238095238095233,c236778dc5683a72bff278f68dd0aee1,0.20238095238095233,False,0.0
2,24,not_(x[6]),True,not_(x[6]),0.20238095238095233,c236778dc5683a72bff278f68dd0aee1,0.20238095238095233,False,0.0
2,24,not_(x[4]),True,not_(x[4]),0.20238095238095233,e9bf358728c366c73b72393d204b8cd2,0.20238095238095233,False,0.0
2,24,"not_(and_(x[4],x[6]))",True,not_(x[4]),0.20238095238095233,e9bf358728c366c73b72393d204b8cd2,0.20238095238095233,False,0.0
2,24,not_(x[6]),True,not_(x[6]),0.20238095238095233,c236778dc5683a72bff278f68dd0aee1,0.20238095238095233,False,0.0
2,24,not_(x[6]),True,not_(x[6]),0.20238095238095233,c236778dc5683a72bff278f68dd0aee1,0.20238095238095233,False,0.0
2,24,"not_(or_(x[6],x[6]))",True,not_(x[6]),0.20238095238095233,c236778dc5683a72bff278f68dd0aee1,0.20238095238095233,False,0.0
2,24,"or_(x[6],x[6])",True,"or_(not_(greater_than_or_equal(x[3], x[3])),x[6])",0.7976190476190477,dabf352ca9fc16fe7897b3fa7e73f5cb,0.7976190476190477,False,0.0
2,24,"and_(x[6],or_(x[4],x[6]))",True,"or_(not_(greater_than_or_equal(x[3], x[3])),x[6])",0.7976190476190477,dabf352ca9fc16fe7897b3fa7e73f5cb,0.7976190476190477,False,0.0
2,24,not_(x[4]),True,not_(x[4]),0.20238095238095233,e9bf358728c366c73b72393d204b8cd2,0.20238095238095233,False,0.0
2,24,not_(x[6]),True,not_(x[6]),0.20238095238095233,c236778dc5683a72bff278f68dd0aee1,0.20238095238095233,False,0.0
2,24,not_(x[6]),True,not_(x[6]),0.20238095238095233,c236778dc5683a72bff278f68dd0aee1,0.20238095238095233,False,0.0
2,24,not_(x[4]),True,not_(x[4]),0.20238095238095233,e9bf358728c366c73b72393d204b8cd2,0.20238095238095233,False,0.0
2,24,not_(x[6]),True,not_(x[6]),0.20238095238095233,c236778dc5683a72bff278f68dd0aee1,0.20238095238095233,False,0.0
2,24,not_(x[6]),True,not_(x[6]),0.20238095238095233,c236778dc5683a72bff278f68dd0aee1,0.20238095238095233,False,0.0
2,24,not_(x[6]),True,not_(x[6]),0.20238095238095233,c236778dc5683a72bff278f68dd0aee1,0.20238095238095233,False,0.0
2,24,"not_(and_(x[6],x[4]))",True,not_(x[4]),0.20238095238095233,e9bf358728c366c73b72393d204b8cd2,0.20238095238095233,False,0.0
2,24,not_(x[6]),True,not_(x[6]),0.20238095238095233,c236778dc5683a72bff278f68dd0aee1,0.20238095238095233,False,0.0
2,24,not_(x[6]),True,not_(x[6]),0.20238095238095233,c236778dc5683a72bff278f68dd0aee1,0.20238095238095233,False,0.0
2,24,not_(x[6]),True,not_(x[6]),0.20238095238095233,c236778dc5683a72bff278f68dd0aee1,0.20238095238095233,False,0.0
2,24,not_(x[4]),True,not_(x[4]),0.20238095238095233,e9bf358728c366c73b72393d204b8cd2,0.20238095238095233,False,0.0
2,24,not_(x[6]),True,not_(x[6]),0.20238095238095233,c236778dc5683a72bff278f68dd0aee1,0.20238095238095233,False,0.0
2,24,not_(x[6]),True,not_(x[6]),0.20238095238095233,c236778dc5683a72bff278f68dd0aee1,0.20238095238095233,False,0.0
2,24,not_(x[6]),True,not_(x[6]),0.20238095238095233,c236778dc5683a72bff278f68dd0aee1,0.20238095238095233,False,0.0
2,24,not_(x[6]),True,not_(x[6]),0.20238095238095233,c236778dc5683a72bff278f68dd0aee1,0.20238095238095233,False,0.0
2,24,not_(x[6]),True,not_(x[6]),0.20238095238095233,c236778dc5683a72bff278f68dd0aee1,0.20238095238095233,False,0.0
2,24,not_(x[6]),True,not_(x[6]),0.20238095238095233,c236778dc5683a72bff278f68dd0aee1,0.20238095238095233,False,0.0
2,24,not_(x[4]),True,not_(x[4]),0.20238095238095233,e9bf358728c366c73b72393d204b8cd2,0.20238095238095233,False,0.0
2,24,not_(x[6]),True,not_(x[6]),0.20238095238095233,c236778dc5683a72bff278f68dd0aee1,0.20238095238095233,False,0.0
2,24,not_(x[4]),True,not_(x[4]),0.20238095238095233,e9bf358728c366c73b72393d204b8cd2,0.20238095238095233,False,0.0
2,24,not_(x[6]),True,not_(x[6]),0.20238095238095233,c236778dc5683a72bff278f68dd0aee1,0.20238095238095233,False,0.0
2,24,"not_(and_(x[4],x[6]))",True,not_(x[4]),0.20238095238095233,e9bf358728c366c73b72393d204b8cd2,0.20238095238095233,False,0.0
2,24,not_(x[6]),True,not_(x[6]),0.20238095238095233,c236778dc5683a72bff278f68dd0aee1,0.20238095238095233,False,0.0
2,24,not_(x[6]),True,not_(x[6]),0.20238095238095233,c236778dc5683a72bff278f68dd0aee1,0.20238095238095233,False,0.0
2,24,not_(x[6]),True,not_(x[6]),0.20238095238095233,c236778dc5683a72bff278f68dd0aee1,0.20238095238095233,False,0.0
2,24,not_(x[6]),True,not_(x[6]),0.20238095238095233,c236778dc5683a72bff278f68dd0aee1,0.20238095238095233,False,0.0
2,24,not_(x[6]),True,not_(x[6]),0.20238095238095233,c236778dc5683a72bff278f68dd0aee1,0.20238095238095233,False,0.0
2,24,not_(x[6]),True,not_(x[6]),0.20238095238095233,c236778dc5683a72bff278f68dd0aee1,0.20238095238095233,False,0.0
2,24,not_(x[4]),True,not_(x[4]),0.20238095238095233,e9bf358728c366c73b72393d204b8cd2,0.20238095238095233,False,0.0
2,24,not_(x[4]),True,not_(x[4]),0.20238095238095233,e9bf358728c366c73b72393d204b8cd2,0.20238095238095233,False,0.0
2,24,not_(x[4]),True,not_(x[4]),0.20238095238095233,e9bf358728c366c73b72393d204b8cd2,0.20238095238095233,False,0.0
2,24,not_(x[4]),True,not_(x[4]),0.20238095238095233,e9bf358728c366c73b72393d204b8cd2,0.20238095238095233,False,0.0
2,24,not_(x[6]),True,not_(x[6]),0.20238095238095233,c236778dc5683a72bff278f68dd0aee1,0.20238095238095233,False,0.0
2,24,not_(x[6]),True,not_(x[6]),0.20238095238095233,c236778dc5683a72bff278f68dd0aee1,0.20238095238095233,False,0.0
2,24,not_(x[6]),True,not_(x[6]),0.20238095238095233,c236778dc5683a72bff278f68dd0aee1,0.20238095238095233,False,0.0
2,24,not_(x[6]),True,not_(x[6]),0.20238095238095233,c236778dc5683a72bff278f68dd0aee1,0.20238095238095233,False,0.0
2,24,"not_(not_(and_(or_(x[4],x[4]),x[6])))",True,"not_(greater_than_or_equal(sub(x[0],x[3]), x[0]))",0.7976190476190477,95cffd09c37f5560118f86148db41cd5,0.7976190476190477,False,0.0
2,24,not_(x[4]),True,not_(x[4]),0.20238095238095233,e9bf358728c366c73b72393d204b8cd2,0.20238095238095233,False,0.0
2,24,"not_(and_(x[6],x[4]))",True,not_(x[4]),0.20238095238095233,e9bf358728c366c73b72393d204b8cd2,0.20238095238095233,False,0.0
2,24,"less_than_or_equal(sub(add(x[0],x[5]),mul(x[2],x[0])),pdiv(mul(x[5],x[0]),add(x[2],x[3])))",True,"less_than_or_equal(sub(add(x[0],x[5]),mul(x[2],x[0])),pdiv(mul(x[5],x[0]),add(x[2],x[3])))",0.19047619047619047,58cc4f21233e882751aa955999da1daf,0.13636363636363635,True,-0.05411255411255411
2,25,not_(x[6]),True,not_(x[6]),0.20238095238095233,c236778dc5683a72bff278f68dd0aee1,0.20238095238095233,False,0.0
2,25,not_(x[6]),True,not_(x[6]),0.20238095238095233,c236778dc5683a72bff278f68dd0aee1,0.20238095238095233,False,0.0
2,25,not_(x[6]),True,not_(x[6]),0.20238095238095233,c236778dc5683a72bff278f68dd0aee1,0.20238095238095233,False,0.0
2,25,not_(x[6]),True,not_(x[6]),0.20238095238095233,c236778dc5683a72bff278f68dd0aee1,0.20238095238095233,False,0.0
2,25,"not_(less_than_or_equal(x[3],x[3]))",True,"less_than_or_equal(53.67,mul(x[3],x[3]))",0.2142857142857143,2cece411320c1d56790d65c80cc8f440,0.2142857142857143,False,0.0
2,25,"not_(or_(x[6],x[6]))",True,not_(x[6]),0.20238095238095233,c236778dc5683a72bff278f68dd0aee1,0.20238095238095233,False,0.0
2,25,not_(x[6]),True,not_(x[6]),0.20238095238095233,c236778dc5683a72bff278f68dd0aee1,0.20238095238095233,False,0.0
2,25,not_(x[4]),True,not_(x[4]),0.20238095238095233,e9bf358728c366c73b72393d204b8cd2,0.20238095238095233,False,0.0
2,25,not_(x[6]),True,not_(x[6]),0.20238095238095233,c236778dc5683a72bff278f68dd0aee1,0.20238095238095233,False,0.0
2,25,"not_(or_(x[6],x[6]))",True,not_(x[6]),0.20238095238095233,c236778dc5683a72bff278f68dd0aee1,0.20238095238095233,False,0.0
2,25,not_(x[6]),True,not_(x[6]),0.20238095238095233,c236778dc5683a72bff278f68dd0aee1,0.20238095238095233,False,0.0
2,25,not_(x[6]),True,not_(x[6]),0.20238095238095233,c236778dc5683a72bff278f68dd0aee1,0.20238095238095233,False,0.0
2,25,not_(x[4]),True,not_(x[4]),0.20238095238095233,e9bf358728c366c73b72393d204b8cd2,0.20238095238095233,False,0.0
2,25,"not_(or_(x[6],x[6]))",True,not_(x[6]),0.20238095238095233,c236778dc5683a72bff278f68dd0aee1,0.20238095238095233,False,0.0
2,25,not_(not_(x[6])),True,"or_(not_(greater_than_or_equal(x[3], x[3])),x[6])",0.7976190476190477,dabf352ca9fc16fe7897b3fa7e73f5cb,0.7976190476190477,False,0.0
2,25,not_(x[4]),True,not_(x[4]),0.20238095238095233,e9bf358728c366c73b72393d204b8cd2,0.20238095238095233,False,0.0
2,25,"not_(and_(x[4],x[6]))",True,not_(x[4]),0.20238095238095233,e9bf358728c366c73b72393d204b8cd2,0.20238095238095233,False,0.0
2,25,not_(x[4]),True,not_(x[4]),0.20238095238095233,e9bf358728c366c73b72393d204b8cd2,0.20238095238095233,False,0.0
2,25,"not_(or_(or_(x[6],x[6]),x[6]))",True,not_(x[6]),0.20238095238095233,c236778dc5683a72bff278f68dd0aee1,0.20238095238095233,False,0.0
2,25,not_(x[6]),True,not_(x[6]),0.20238095238095233,c236778dc5683a72bff278f68dd0aee1,0.20238095238095233,False,0.0
2,25,not_(x[4]),True,not_(x[4]),0.20238095238095233,e9bf358728c366c73b72393d204b8cd2,0.20238095238095233,False,0.0
2,25,not_(x[4]),True,not_(x[4]),0.20238095238095233,e9bf358728c366c73b72393d204b8cd2,0.20238095238095233,False,0.0
2,25,not_(x[6]),True,not_(x[6]),0.20238095238095233,c236778dc5683a72bff278f68dd0aee1,0.20238095238095233,False,0.0
2,25,not_(x[4]),True,not_(x[4]),0.20238095238095233,e9bf358728c366c73b72393d204b8cd2,0.20238095238095233,False,0.0
2,25,not_(x[6]),True,not_(x[6]),0.20238095238095233,c236778dc5683a72bff278f68dd0aee1,0.20238095238095233,False,0.0
2,25,not_(x[6]),True,not_(x[6]),0.20238095238095233,c236778dc5683a72bff278f68dd0aee1,0.20238095238095233,False,0.0
2,25,not_(x[6]),True,not_(x[6]),0.20238095238095233,c236778dc5683a72bff278f68dd0aee1,0.20238095238095233,False,0.0
2,25,not_(x[4]),True,not_(x[4]),0.20238095238095233,e9bf358728c366c73b72393d204b8cd2,0.20238095238095233,False,0.0
2,25,not_(x[4]),True,not_(x[4]),0.20238095238095233,e9bf358728c366c73b72393d204b8cd2,0.20238095238095233,False,0.0
2,25,not_(x[6]),True,not_(x[6]),0.20238095238095233,c236778dc5683a72bff278f68dd0aee1,0.20238095238095233,False,0.0
2,25,not_(x[6]),True,not_(x[6]),0.20238095238095233,c236778dc5683a72bff278f68dd0aee1,0.20238095238095233,False,0.0
2,25,not_(x[4]),True,not_(x[4]),0.20238095238095233,e9bf358728c366c73b72393d204b8cd2,0.20238095238095233,False,0.0
2,25,not_(x[4]),True,not_(x[4]),0.20238095238095233,e9bf358728c366c73b72393d204b8cd2,0.20238095238095233,False,0.0
2,25,not_(x[4]),True,not_(x[4]),0.20238095238095233,e9bf358728c366c73b72393d204b8cd2,0.20238095238095233,False,0.0
2,25,not_(x[4]),True,not_(x[4]),0.20238095238095233,e9bf358728c366c73b72393d204b8cd2,0.20238095238095233,False,0.0
2,25,not_(x[6]),True,not_(x[6]),0.20238095238095233,c236778dc5683a72bff278f68dd0aee1,0.20238095238095233,False,0.0
2,25,"less_than_or_equal(sub(add(x[0],x[2]),mul(x[2],x[0])),pdiv(mul(x[5],42.42),x[3]))",True,"less_than_or_equal(x[3],x[3])",0.7857142857142857,3352141c4f785c0403fcb33f533f7848,0.7857142857142857,False,0.0
2,25,not_(x[4]),True,not_(x[4]),0.20238095238095233,e9bf358728c366c73b72393d204b8cd2,0.20238095238095233,False,0.0
2,25,"not_(or_(x[4],x[6]))",True,not_(x[6]),0.20238095238095233,c236778dc5683a72bff278f68dd0aee1,0.20238095238095233,False,0.0
2,25,not_(x[6]),True,not_(x[6]),0.20238095238095233,c236778dc5683a72bff278f68dd0aee1,0.20238095238095233,False,0.0
2,25,not_(x[6]),True,not_(x[6]),0.20238095238095233,c236778dc5683a72bff278f68dd0aee1,0.20238095238095233,False,0.0
2,25,not_(x[6]),True,not_(x[6]),0.20238095238095233,c236778dc5683a72bff278f68dd0aee1,0.20238095238095233,False,0.0
2,25,not_(x[6]),True,not_(x[6]),0.20238095238095233,c236778dc5683a72bff278f68dd0aee1,0.20238095238095233,False,0.0
2,25,not_(x[6]),True,not_(x[6]),0.20238095238095233,c236778dc5683a72bff278f68dd0aee1,0.20238095238095233,False,0.0
2,25,not_(x[6]),True,not_(x[6]),0.20238095238095233,c236778dc5683a72bff278f68dd0aee1,0.20238095238095233,False,0.0
2,25,not_(x[6]),True,not_(x[6]),0.20238095238095233,c236778dc5683a72bff278f68dd0aee1,0.20238095238095233,False,0.0
2,25,"or_(or_(x[6],x[6]),x[6])",True,"or_(not_(greater_than_or_equal(x[3], x[3])),x[6])",0.7976190476190477,dabf352ca9fc16fe7897b3fa7e73f5cb,0.7976190476190477,False,0.0
2,25,not_(x[6]),True,not_(x[6]),0.20238095238095233,c236778dc5683a72bff278f68dd0aee1,0.20238095238095233,False,0.0
2,25,not_(x[6]),True,not_(x[6]),0.20238095238095233,c236778dc5683a72bff278f68dd0aee1,0.20238095238095233,False,0.0
2,25,not_(x[6]),True,not_(x[6]),0.20238095238095233,c236778dc5683a72bff278f68dd0aee1,0.20238095238095233,False,0.0
2,25,not_(x[6]),True,not_(x[6]),0.20238095238095233,c236778dc5683a72bff278f68dd0aee1,0.20238095238095233,False,0.0
2,25,not_(x[6]),True,not_(x[6]),0.20238095238095233,c236778dc5683a72bff278f68dd0aee1,0.20238095238095233,False,0.0
2,25,"not_(or_(x[6],x[6]))",True,not_(x[6]),0.20238095238095233,c236778dc5683a72bff278f68dd0aee1,0.20238095238095233,False,0.0
2,25,"not_(or_(or_(x[6],and_(x[6],x[6])),x[6]))",True,not_(x[6]),0.20238095238095233,c236778dc5683a72bff278f68dd0aee1,0.20238095238095233,False,0.0
2,25,not_(x[6]),True,not_(x[6]),0.20238095238095233,c236778dc5683a72bff278f68dd0aee1,0.20238095238095233,False,0.0
2,25,not_(x[6]),True,not_(x[6]),0.20238095238095233,c236778dc5683a72bff278f68dd0aee1,0.20238095238095233,False,0.0
2,25,"and_(x[4],x[6])",True,"not_(greater_than_or_equal(sub(x[0],x[3]), x[0]))",0.7976190476190477,95cffd09c37f5560118f86148db41cd5,0.7976190476190477,False,0.0
2,25,not_(x[4]),True,not_(x[4]),0.20238095238095233,e9bf358728c366c73b72393d204b8cd2,0.20238095238095233,False,0.0
2,25,"not_(or_(x[4],x[6]))",True,not_(x[6]),0.20238095238095233,c236778dc5683a72bff278f68dd0aee1,0.20238095238095233,False,0.0
2,25,not_(x[6]),True,not_(x[6]),0.20238095238095233,c236778dc5683a72bff278f68dd0aee1,0.20238095238095233,False,0.0
2,25,not_(x[4]),True,not_(x[4]),0.20238095238095233,e9bf358728c366c73b72393d204b8cd2,0.20238095238095233,False,0.0
2,25,not_(x[4]),True,not_(x[4]),0.20238095238095233,e9bf358728c366c73b72393d204b8cd2,0.20238095238095233,False,0.0
2,25,not_(x[4]),True,not_(x[4]),0.20238095238095233,e9bf358728c366c73b72393d204b8cd2,0.20238095238095233,False,0.0
2,25,not_(x[6]),True,not_(x[6]),0.20238095238095233,c236778dc5683a72bff278f68dd0aee1,0.20238095238095233,False,0.0
2,25,"not_(or_(x[6],x[4]))",True,not_(x[6]),0.20238095238095233,c236778dc5683a72bff278f68dd0aee1,0.20238095238095233,False,0.0
2,25,not_(x[4]),True,not_(x[4]),0.20238095238095233,e9bf358728c366c73b72393d204b8cd2,0.20238095238095233,False,0.0
2,25,not_(x[6]),True,not_(x[6]),0.20238095238095233,c236778dc5683a72bff278f68dd0aee1,0.20238095238095233,False,0.0
2,25,not_(x[6]),True,not_(x[6]),0.20238095238095233,c236778dc5683a72bff278f68dd0aee1,0.20238095238095233,False,0.0
2,25,not_(x[6]),True,not_(x[6]),0.20238095238095233,c236778dc5683a72bff278f68dd0aee1,0.20238095238095233,False,0.0
2,25,not_(x[4]),True,not_(x[4]),0.20238095238095233,e9bf358728c366c73b72393d204b8cd2,0.20238095238095233,False,0.0
2,25,not_(x[6]),True,not_(x[6]),0.20238095238095233,c236778dc5683a72bff278f68dd0aee1,0.20238095238095233,False,0.0
2,25,not_(x[6]),True,not_(x[6]),0.20238095238095233,c236778dc5683a72bff278f68dd0aee1,0.20238095238095233,False,0.0
2,25,"not_(and_(or_(x[4],x[4]),x[6]))",True,not_(x[4]),0.20238095238095233,e9bf358728c366c73b72393d204b8cd2,0.20238095238095233,False,0.0
2,25,not_(x[6]),True,not_(x[6]),0.20238095238095233,c236778dc5683a72bff278f68dd0aee1,0.20238095238095233,False,0.0
2,25,not_(x[4]),True,not_(x[4]),0.20238095238095233,e9bf358728c366c73b72393d204b8cd2,0.20238095238095233,False,0.0
2,25,"not_(or_(x[6],x[6]))",True,not_(x[6]),0.20238095238095233,c236778dc5683a72bff278f68dd0aee1,0.20238095238095233,False,0.0
2,25,not_(x[6]),True,not_(x[6]),0.20238095238095233,c236778dc5683a72bff278f68dd0aee1,0.20238095238095233,False,0.0
2,25,not_(x[6]),True,not_(x[6]),0.20238095238095233,c236778dc5683a72bff278f68dd0aee1,0.20238095238095233,False,0.0
2,25,"not_(or_(x[6],x[6]))",True,not_(x[6]),0.20238095238095233,c236778dc5683a72bff278f68dd0aee1,0.20238095238095233,False,0.0
2,25,not_(x[4]),True,not_(x[4]),0.20238095238095233,e9bf358728c366c73b72393d204b8cd2,0.20238095238095233,False,0.0
2,25,not_(x[6]),True,not_(x[6]),0.20238095238095233,c236778dc5683a72bff278f68dd0aee1,0.20238095238095233,False,0.0
2,25,not_(x[6]),True,not_(x[6]),0.20238095238095233,c236778dc5683a72bff278f68dd0aee1,0.20238095238095233,False,0.0
2,25,not_(x[6]),True,not_(x[6]),0.20238095238095233,c236778dc5683a72bff278f68dd0aee1,0.20238095238095233,False,0.0
2,25,not_(x[6]),True,not_(x[6]),0.20238095238095233,c236778dc5683a72bff278f68dd0aee1,0.20238095238095233,False,0.0
2,25,"not_(or_(not_(x[6]),and_(x[6],x[6])))",True,"less_than_or_equal(53.67,mul(x[3],x[3]))",0.2142857142857143,2cece411320c1d56790d65c80cc8f440,0.2142857142857143,False,0.0
2,25,not_(x[6]),True,not_(x[6]),0.20238095238095233,c236778dc5683a72bff278f68dd0aee1,0.20238095238095233,False,0.0
2,25,not_(x[6]),True,not_(x[6]),0.20238095238095233,c236778dc5683a72bff278f68dd0aee1,0.20238095238095233,False,0.0
2,25,"less_than_or_equal(pdiv(x[3],x[2]),sub(x[3],x[3]))",True,"not_(or_(x[4],not_(x[6])))",0.2142857142857143,e65ef3099e48c567bb32c997049641b1,0.2142857142857143,False,0.0
2,25,not_(x[6]),True,not_(x[6]),0.20238095238095233,c236778dc5683a72bff278f68dd0aee1,0.20238095238095233,False,0.0
2,25,not_(x[6]),True,not_(x[6]),0.20238095238095233,c236778dc5683a72bff278f68dd0aee1,0.20238095238095233,False,0.0
2,25,not_(x[6]),True,not_(x[6]),0.20238095238095233,c236778dc5683a72bff278f68dd0aee1,0.20238095238095233,False,0.0
2,25,not_(x[6]),True,not_(x[6]),0.20238095238095233,c236778dc5683a72bff278f68dd0aee1,0.20238095238095233,False,0.0
2,25,not_(x[6]),True,not_(x[6]),0.20238095238095233,c236778dc5683a72bff278f68dd0aee1,0.20238095238095233,False,0.0
2,25,not_(x[6]),True,not_(x[6]),0.20238095238095233,c236778dc5683a72bff278f68dd0aee1,0.20238095238095233,False,0.0
2,25,not_(x[6]),True,not_(x[6]),0.20238095238095233,c236778dc5683a72bff278f68dd0aee1,0.20238095238095233,False,0.0
2,25,not_(x[6]),True,not_(x[6]),0.20238095238095233,c236778dc5683a72bff278f68dd0aee1,0.20238095238095233,False,0.0
2,25,not_(x[6]),True,not_(x[6]),0.20238095238095233,c236778dc5683a72bff278f68dd0aee1,0.20238095238095233,False,0.0
2,25,not_(x[6]),True,not_(x[6]),0.20238095238095233,c236778dc5683a72bff278f68dd0aee1,0.20238095238095233,False,0.0
2,25,not_(x[4]),True,not_(x[4]),0.20238095238095233,e9bf358728c366c73b72393d204b8cd2,0.20238095238095233,False,0.0
2,25,not_(x[6]),True,not_(x[6]),0.20238095238095233,c236778dc5683a72bff278f68dd0aee1,0.20238095238095233,False,0.0
2,25,not_(x[4]),True,not_(x[4]),0.20238095238095233,e9bf358728c366c73b72393d204b8cd2,0.20238095238095233,False,0.0
2,25,"or_(x[4],x[6])",True,"or_(not_(greater_than_or_equal(x[3], x[3])),x[6])",0.7976190476190477,dabf352ca9fc16fe7897b3fa7e73f5cb,0.7976190476190477,False,0.0
2,25,not_(x[4]),True,not_(x[4]),0.20238095238095233,e9bf358728c366c73b72393d204b8cd2,0.20238095238095233,False,0.0
2,25,not_(x[4]),True,not_(x[4]),0.20238095238095233,e9bf358728c366c73b72393d204b8cd2,0.20238095238095233,False,0.0
2,25,not_(x[6]),True,not_(x[6]),0.20238095238095233,c236778dc5683a72bff278f68dd0aee1,0.20238095238095233,False,0.0
2,25,not_(x[6]),True,not_(x[6]),0.20238095238095233,c236778dc5683a72bff278f68dd0aee1,0.20238095238095233,False,0.0
2,25,"not_(or_(x[6],x[6]))",True,not_(x[6]),0.20238095238095233,c236778dc5683a72bff278f68dd0aee1,0.20238095238095233,False,0.0
2,25,"less_than_or_equal(sub(add(x[0],x[2]),mul(x[2],x[2])),sub(x[0],pdiv(mul(x[5],x[0]),add(x[2],x[3]))))",True,"less_than_or_equal(53.67,mul(x[3],x[3]))",0.2142857142857143,2cece411320c1d56790d65c80cc8f440,0.2142857142857143,False,0.0
2,25,not_(x[6]),True,not_(x[6]),0.20238095238095233,c236778dc5683a72bff278f68dd0aee1,0.20238095238095233,False,0.0
2,25,"not_(and_(x[4],x[6]))",True,not_(x[4]),0.20238095238095233,e9bf358728c366c73b72393d204b8cd2,0.20238095238095233,False,0.0
2,25,not_(x[6]),True,not_(x[6]),0.20238095238095233,c236778dc5683a72bff278f68dd0aee1,0.20238095238095233,False,0.0
2,25,not_(x[4]),True,not_(x[4]),0.20238095238095233,e9bf358728c366c73b72393d204b8cd2,0.20238095238095233,False,0.0
2,25,not_(x[6]),True,not_(x[6]),0.20238095238095233,c236778dc5683a72bff278f68dd0aee1,0.20238095238095233,False,0.0
2,25,not_(x[6]),True,not_(x[6]),0.20238095238095233,c236778dc5683a72bff278f68dd0aee1,0.20238095238095233,False,0.0
2,25,not_(x[4]),True,not_(x[4]),0.20238095238095233,e9bf358728c366c73b72393d204b8cd2,0.20238095238095233,False,0.0
2,25,not_(x[6]),True,not_(x[6]),0.20238095238095233,c236778dc5683a72bff278f68dd0aee1,0.20238095238095233,False,0.0
2,25,not_(x[6]),True,not_(x[6]),0.20238095238095233,c236778dc5683a72bff278f68dd0aee1,0.20238095238095233,False,0.0
2,25,not_(x[6]),True,not_(x[6]),0.20238095238095233,c236778dc5683a72bff278f68dd0aee1,0.20238095238095233,False,0.0
2,25,not_(x[6]),True,not_(x[6]),0.20238095238095233,c236778dc5683a72bff278f68dd0aee1,0.20238095238095233,False,0.0
2,25,not_(x[4]),True,not_(x[4]),0.20238095238095233,e9bf358728c366c73b72393d204b8cd2,0.20238095238095233,False,0.0
2,25,"not_(and_(and_(and_(x[6],x[4]),x[6]),x[6]))",True,not_(x[4]),0.20238095238095233,e9bf358728c366c73b72393d204b8cd2,0.20238095238095233,False,0.0
2,25,not_(x[4]),True,not_(x[4]),0.20238095238095233,e9bf358728c366c73b72393d204b8cd2,0.20238095238095233,False,0.0
2,25,"not_(and_(x[6],x[4]))",True,not_(x[4]),0.20238095238095233,e9bf358728c366c73b72393d204b8cd2,0.20238095238095233,False,0.0
2,25,"less_than_or_equal(sub(add(x[0],x[2]),x[0]),x[3])",True,"greater_than_or_equal(x[3], x[2])",0.2857142857142857,df01b571937a3f7e4f622298a23b040f,0.2857142857142857,False,0.0
2,25,not_(x[4]),True,not_(x[4]),0.20238095238095233,e9bf358728c366c73b72393d204b8cd2,0.20238095238095233,False,0.0
2,25,not_(x[6]),True,not_(x[6]),0.20238095238095233,c236778dc5683a72bff278f68dd0aee1,0.20238095238095233,False,0.0
2,25,"not_(or_(x[6],x[4]))",True,not_(x[6]),0.20238095238095233,c236778dc5683a72bff278f68dd0aee1,0.20238095238095233,False,0.0
2,25,not_(x[4]),True,not_(x[4]),0.20238095238095233,e9bf358728c366c73b72393d204b8cd2,0.20238095238095233,False,0.0
2,25,not_(x[4]),True,not_(x[4]),0.20238095238095233,e9bf358728c366c73b72393d204b8cd2,0.20238095238095233,False,0.0
2,25,not_(x[1]),True,"less_than_or_equal(53.67,mul(x[3],x[3]))",0.2142857142857143,2cece411320c1d56790d65c80cc8f440,0.22619047619047616,True,0.011904761904761862
2,25,not_(x[4]),True,not_(x[4]),0.20238095238095233,e9bf358728c366c73b72393d204b8cd2,0.20238095238095233,False,0.0
2,25,not_(x[6]),True,not_(x[6]),0.20238095238095233,c236778dc5683a72bff278f68dd0aee1,0.20238095238095233,False,0.0
2,25,not_(x[4]),True,not_(x[4]),0.20238095238095233,e9bf358728c366c73b72393d204b8cd2,0.20238095238095233,False,0.0
2,25,not_(x[6]),True,not_(x[6]),0.20238095238095233,c236778dc5683a72bff278f68dd0aee1,0.20238095238095233,False,0.0
2,25,not_(x[4]),True,not_(x[4]),0.20238095238095233,e9bf358728c366c73b72393d204b8cd2,0.20238095238095233,False,0.0
2,25,not_(x[6]),True,not_(x[6]),0.20238095238095233,c236778dc5683a72bff278f68dd0aee1,0.20238095238095233,False,0.0
2,25,not_(x[6]),True,not_(x[6]),0.20238095238095233,c236778dc5683a72bff278f68dd0aee1,0.20238095238095233,False,0.0
2,25,not_(x[6]),True,not_(x[6]),0.20238095238095233,c236778dc5683a72bff278f68dd0aee1,0.20238095238095233,False,0.0
2,25,"not_(or_(x[6],x[6]))",True,not_(x[6]),0.20238095238095233,c236778dc5683a72bff278f68dd0aee1,0.20238095238095233,False,0.0
2,25,not_(x[6]),True,not_(x[6]),0.20238095238095233,c236778dc5683a72bff278f68dd0aee1,0.20238095238095233,False,0.0
2,25,not_(x[6]),True,not_(x[6]),0.20238095238095233,c236778dc5683a72bff278f68dd0aee1,0.20238095238095233,False,0.0
2,25,not_(x[4]),True,not_(x[4]),0.20238095238095233,e9bf358728c366c73b72393d204b8cd2,0.20238095238095233,False,0.0
2,25,not_(x[6]),True,not_(x[6]),0.20238095238095233,c236778dc5683a72bff278f68dd0aee1,0.20238095238095233,False,0.0
2,25,not_(x[4]),True,not_(x[4]),0.20238095238095233,e9bf358728c366c73b72393d204b8cd2,0.20238095238095233,False,0.0
2,25,not_(x[6]),True,not_(x[6]),0.20238095238095233,c236778dc5683a72bff278f68dd0aee1,0.20238095238095233,False,0.0
2,25,not_(x[6]),True,not_(x[6]),0.20238095238095233,c236778dc5683a72bff278f68dd0aee1,0.20238095238095233,False,0.0
2,25,"less_than_or_equal(sub(add(x[0],x[5]),mul(x[2],x[0])),pdiv(mul(x[5],x[0]),add(x[3],x[3])))",True,"less_than_or_equal(sub(add(x[0],x[5]),mul(x[2],x[0])),pdiv(mul(x[5],x[0]),add(x[3],x[3])))",0.45238095238095233,5530f64c7eb6ee96eb3113936ae94d2c,0.45238095238095233,False,0.0
2,25,not_(x[6]),True,not_(x[6]),0.20238095238095233,c236778dc5683a72bff278f68dd0aee1,0.20238095238095233,False,0.0
2,25,not_(x[6]),True,not_(x[6]),0.20238095238095233,c236778dc5683a72bff278f68dd0aee1,0.20238095238095233,False,0.0
2,25,not_(x[6]),True,not_(x[6]),0.20238095238095233,c236778dc5683a72bff278f68dd0aee1,0.20238095238095233,False,0.0
2,25,not_(x[4]),True,not_(x[4]),0.20238095238095233,e9bf358728c366c73b72393d204b8cd2,0.20238095238095233,False,0.0
2,25,not_(x[6]),True,not_(x[6]),0.20238095238095233,c236778dc5683a72bff278f68dd0aee1,0.20238095238095233,False,0.0
2,25,not_(x[6]),True,not_(x[6]),0.20238095238095233,c236778dc5683a72bff278f68dd0aee1,0.20238095238095233,False,0.0
2,25,not_(x[4]),True,not_(x[4]),0.20238095238095233,e9bf358728c366c73b72393d204b8cd2,0.20238095238095233,False,0.0
2,25,not_(x[4]),True,not_(x[4]),0.20238095238095233,e9bf358728c366c73b72393d204b8cd2,0.20238095238095233,False,0.0
2,25,not_(x[6]),True,not_(x[6]),0.20238095238095233,c236778dc5683a72bff278f68dd0aee1,0.20238095238095233,False,0.0
2,25,not_(x[4]),True,not_(x[4]),0.20238095238095233,e9bf358728c366c73b72393d204b8cd2,0.20238095238095233,False,0.0
2,25,not_(x[6]),True,not_(x[6]),0.20238095238095233,c236778dc5683a72bff278f68dd0aee1,0.20238095238095233,False,0.0
2,25,not_(x[6]),True,not_(x[6]),0.20238095238095233,c236778dc5683a72bff278f68dd0aee1,0.20238095238095233,False,0.0
2,25,not_(x[4]),True,not_(x[4]),0.20238095238095233,e9bf358728c366c73b72393d204b8cd2,0.20238095238095233,False,0.0
2,25,not_(x[4]),True,not_(x[4]),0.20238095238095233,e9bf358728c366c73b72393d204b8cd2,0.20238095238095233,False,0.0
2,25,not_(x[6]),True,not_(x[6]),0.20238095238095233,c236778dc5683a72bff278f68dd0aee1,0.20238095238095233,False,0.0
2,25,"not_(or_(x[6],x[6]))",True,not_(x[6]),0.20238095238095233,c236778dc5683a72bff278f68dd0aee1,0.20238095238095233,False,0.0
2,25,not_(x[6]),True,not_(x[6]),0.20238095238095233,c236778dc5683a72bff278f68dd0aee1,0.20238095238095233,False,0.0
2,25,not_(x[6]),True,not_(x[6]),0.20238095238095233,c236778dc5683a72bff278f68dd0aee1,0.20238095238095233,False,0.0
2,25,not_(x[6]),True,not_(x[6]),0.20238095238095233,c236778dc5683a72bff278f68dd0aee1,0.20238095238095233,False,0.0
2,25,not_(x[4]),True,not_(x[4]),0.20238095238095233,e9bf358728c366c73b72393d204b8cd2,0.20238095238095233,False,0.0
2,25,not_(x[6]),True,not_(x[6]),0.20238095238095233,c236778dc5683a72bff278f68dd0aee1,0.20238095238095233,False,0.0
2,25,not_(x[6]),True,not_(x[6]),0.20238095238095233,c236778dc5683a72bff278f68dd0aee1,0.20238095238095233,False,0.0
2,25,not_(x[4]),True,not_(x[4]),0.20238095238095233,e9bf358728c366c73b72393d204b8cd2,0.20238095238095233,False,0.0
2,25,not_(x[6]),True,not_(x[6]),0.20238095238095233,c236778dc5683a72bff278f68dd0aee1,0.20238095238095233,False,0.0
2,25,"not_(and_(x[4],x[6]))",True,not_(x[4]),0.20238095238095233,e9bf358728c366c73b72393d204b8cd2,0.20238095238095233,False,0.0
2,25,not_(x[6]),True,not_(x[6]),0.20238095238095233,c236778dc5683a72bff278f68dd0aee1,0.20238095238095233,False,0.0
2,25,not_(x[6]),True,not_(x[6]),0.20238095238095233,c236778dc5683a72bff278f68dd0aee1,0.20238095238095233,False,0.0
2,25,not_(x[4]),True,not_(x[4]),0.20238095238095233,e9bf358728c366c73b72393d204b8cd2,0.20238095238095233,False,0.0
2,25,not_(x[6]),True,not_(x[6]),0.20238095238095233,c236778dc5683a72bff278f68dd0aee1,0.20238095238095233,False,0.0
2,25,not_(x[4]),True,not_(x[4]),0.20238095238095233,e9bf358728c366c73b72393d204b8cd2,0.20238095238095233,False,0.0
2,25,not_(x[6]),True,not_(x[6]),0.20238095238095233,c236778dc5683a72bff278f68dd0aee1,0.20238095238095233,False,0.0
2,25,"not_(and_(x[6],x[6]))",True,not_(x[6]),0.20238095238095233,c236778dc5683a72bff278f68dd0aee1,0.20238095238095233,False,0.0
2,25,not_(x[4]),True,not_(x[4]),0.20238095238095233,e9bf358728c366c73b72393d204b8cd2,0.20238095238095233,False,0.0
2,25,not_(x[6]),True,not_(x[6]),0.20238095238095233,c236778dc5683a72bff278f68dd0aee1,0.20238095238095233,False,0.0
2,25,not_(x[4]),True,not_(x[4]),0.20238095238095233,e9bf358728c366c73b72393d204b8cd2,0.20238095238095233,False,0.0
2,25,not_(x[6]),True,not_(x[6]),0.20238095238095233,c236778dc5683a72bff278f68dd0aee1,0.20238095238095233,False,0.0
2,25,not_(x[4]),True,not_(x[4]),0.20238095238095233,e9bf358728c366c73b72393d204b8cd2,0.20238095238095233,False,0.0
2,25,not_(x[6]),True,not_(x[6]),0.20238095238095233,c236778dc5683a72bff278f68dd0aee1,0.20238095238095233,False,0.0
2,25,not_(x[4]),True,not_(x[4]),0.20238095238095233,e9bf358728c366c73b72393d204b8cd2,0.20238095238095233,False,0.0
2,25,not_(x[4]),True,not_(x[4]),0.20238095238095233,e9bf358728c366c73b72393d204b8cd2,0.20238095238095233,False,0.0
2,25,not_(x[6]),True,not_(x[6]),0.20238095238095233,c236778dc5683a72bff278f68dd0aee1,0.20238095238095233,False,0.0
2,25,not_(x[4]),True,not_(x[4]),0.20238095238095233,e9bf358728c366c73b72393d204b8cd2,0.20238095238095233,False,0.0
2,25,not_(x[6]),True,not_(x[6]),0.20238095238095233,c236778dc5683a72bff278f68dd0aee1,0.20238095238095233,False,0.0
2,25,not_(x[6]),True,not_(x[6]),0.20238095238095233,c236778dc5683a72bff278f68dd0aee1,0.20238095238095233,False,0.0
2,25,not_(x[6]),True,not_(x[6]),0.20238095238095233,c236778dc5683a72bff278f68dd0aee1,0.20238095238095233,False,0.0
2,25,not_(x[6]),True,not_(x[6]),0.20238095238095233,c236778dc5683a72bff278f68dd0aee1,0.20238095238095233,False,0.0
2,25,"less_than_or_equal(sub(add(x[0],x[2]),mul(91.98,pdiv(mul(x[5],x[0]),add(x[2],x[3])))),add(x[2],x[3]))",True,"less_than_or_equal(x[3],x[3])",0.7857142857142857,3352141c4f785c0403fcb33f533f7848,0.7738095238095238,True,-0.011904761904761862
2,25,not_(x[6]),True,not_(x[6]),0.20238095238095233,c236778dc5683a72bff278f68dd0aee1,0.20238095238095233,False,0.0
2,25,"less_than_or_equal(sub(add(x[0],x[2]),mul(24.29,sub(x[3],x[3]))),x[5])",False,,,4ed5642f43b056665214d909b861cdf7,0.27380952380952384,False,0.0
2,25,not_(x[4]),True,not_(x[4]),0.20238095238095233,e9bf358728c366c73b72393d204b8cd2,0.20238095238095233,False,0.0
2,25,not_(x[6]),True,not_(x[6]),0.20238095238095233,c236778dc5683a72bff278f68dd0aee1,0.20238095238095233,False,0.0
2,25,not_(x[4]),True,not_(x[4]),0.20238095238095233,e9bf358728c366c73b72393d204b8cd2,0.20238095238095233,False,0.0
2,25,not_(x[6]),True,not_(x[6]),0.20238095238095233,c236778dc5683a72bff278f68dd0aee1,0.20238095238095233,False,0.0
2,25,not_(x[6]),True,not_(x[6]),0.20238095238095233,c236778dc5683a72bff278f68dd0aee1,0.20238095238095233,False,0.0
2,25,not_(x[4]),True,not_(x[4]),0.20238095238095233,e9bf358728c366c73b72393d204b8cd2,0.20238095238095233,False,0.0
2,25,not_(x[6]),True,not_(x[6]),0.20238095238095233,c236778dc5683a72bff278f68dd0aee1,0.20238095238095233,False,0.0
2,25,not_(x[6]),True,not_(x[6]),0.20238095238095233,c236778dc5683a72bff278f68dd0aee1,0.20238095238095233,False,0.0
2,25,not_(x[6]),True,not_(x[6]),0.20238095238095233,c236778dc5683a72bff278f68dd0aee1,0.20238095238095233,False,0.0
2,25,"greater_than_or_equal(mul(x[3],x[2]), sub(x[3],x[3]))",True,"less_than_or_equal(x[3],x[3])",0.7857142857142857,3352141c4f785c0403fcb33f533f7848,0.7857142857142857,False,0.0
2,25,"not_(or_(x[6],x[4]))",True,not_(x[6]),0.20238095238095233,c236778dc5683a72bff278f68dd0aee1,0.20238095238095233,False,0.0
2,25,"less_than_or_equal(mul(x[3],x[3]),x[3])",True,"less_than_or_equal(x[3],x[3])",0.7857142857142857,3352141c4f785c0403fcb33f533f7848,0.7857142857142857,False,0.0
2,25,not_(x[4]),True,not_(x[4]),0.20238095238095233,e9bf358728c366c73b72393d204b8cd2,0.20238095238095233,False,0.0
2,25,not_(x[6]),True,not_(x[6]),0.20238095238095233,c236778dc5683a72bff278f68dd0aee1,0.20238095238095233,False,0.0
2,25,"not_(not_(or_(x[4],x[6])))",True,"or_(not_(greater_than_or_equal(x[3], x[3])),x[6])",0.7976190476190477,dabf352ca9fc16fe7897b3fa7e73f5cb,0.7976190476190477,False,0.0
2,25,not_(x[1]),True,"less_than_or_equal(53.67,mul(x[3],x[3]))",0.2142857142857143,2cece411320c1d56790d65c80cc8f440,0.22619047619047616,True,0.011904761904761862
2,25,not_(x[4]),True,not_(x[4]),0.20238095238095233,e9bf358728c366c73b72393d204b8cd2,0.20238095238095233,False,0.0
2,25,not_(x[4]),True,not_(x[4]),0.20238095238095233,e9bf358728c366c73b72393d204b8cd2,0.20238095238095233,False,0.0
2,25,not_(x[4]),True,not_(x[4]),0.20238095238095233,e9bf358728c366c73b72393d204b8cd2,0.20238095238095233,False,0.0
2,25,not_(x[4]),True,not_(x[4]),0.20238095238095233,e9bf358728c366c73b72393d204b8cd2,0.20238095238095233,False,0.0
2,25,"not_(or_(x[6],x[6]))",True,not_(x[6]),0.20238095238095233,c236778dc5683a72bff278f68dd0aee1,0.20238095238095233,False,0.0
2,25,not_(x[4]),True,not_(x[4]),0.20238095238095233,e9bf358728c366c73b72393d204b8cd2,0.20238095238095233,False,0.0
2,25,not_(x[6]),True,not_(x[6]),0.20238095238095233,c236778dc5683a72bff278f68dd0aee1,0.20238095238095233,False,0.0
2,25,not_(x[6]),True,not_(x[6]),0.20238095238095233,c236778dc5683a72bff278f68dd0aee1,0.20238095238095233,False,0.0
2,25,not_(x[6]),True,not_(x[6]),0.20238095238095233,c236778dc5683a72bff278f68dd0aee1,0.20238095238095233,False,0.0
2,25,not_(x[4]),True,not_(x[4]),0.20238095238095233,e9bf358728c366c73b72393d204b8cd2,0.20238095238095233,False,0.0
2,25,"not_(or_(x[6],x[6]))",True,not_(x[6]),0.20238095238095233,c236778dc5683a72bff278f68dd0aee1,0.20238095238095233,False,0.0
2,25,not_(x[4]),True,not_(x[4]),0.20238095238095233,e9bf358728c366c73b72393d204b8cd2,0.20238095238095233,False,0.0
2,25,not_(x[4]),True,not_(x[4]),0.20238095238095233,e9bf358728c366c73b72393d204b8cd2,0.20238095238095233,False,0.0
2,25,not_(x[6]),True,not_(x[6]),0.20238095238095233,c236778dc5683a72bff278f68dd0aee1,0.20238095238095233,False,0.0
2,25,not_(x[6]),True,not_(x[6]),0.20238095238095233,c236778dc5683a72bff278f68dd0aee1,0.20238095238095233,False,0.0
2,25,not_(x[6]),True,not_(x[6]),0.20238095238095233,c236778dc5683a72bff278f68dd0aee1,0.20238095238095233,False,0.0
2,25,not_(x[6]),True,not_(x[6]),0.20238095238095233,c236778dc5683a72bff278f68dd0aee1,0.20238095238095233,False,0.0
2,25,not_(x[6]),True,not_(x[6]),0.20238095238095233,c236778dc5683a72bff278f68dd0aee1,0.20238095238095233,False,0.0
2,25,not_(x[4]),True,not_(x[4]),0.20238095238095233,e9bf358728c366c73b72393d204b8cd2,0.20238095238095233,False,0.0
2,25,"not_(and_(x[6],x[4]))",True,not_(x[4]),0.20238095238095233,e9bf358728c366c73b72393d204b8cd2,0.20238095238095233,False,0.0
2,25,not_(x[6]),True,not_(x[6]),0.20238095238095233,c236778dc5683a72bff278f68dd0aee1,0.20238095238095233,False,0.0
2,25,"not_(and_(x[4],x[6]))",True,not_(x[4]),0.20238095238095233,e9bf358728c366c73b72393d204b8cd2,0.20238095238095233,False,0.0
2,25,not_(x[4]),True,not_(x[4]),0.20238095238095233,e9bf358728c366c73b72393d204b8cd2,0.20238095238095233,False,0.0
2,25,not_(x[4]),True,not_(x[4]),0.20238095238095233,e9bf358728c366c73b72393d204b8cd2,0.20238095238095233,False,0.0
2,25,"not_(or_(x[6],x[6]))",True,not_(x[6]),0.20238095238095233,c236778dc5683a72bff278f68dd0aee1,0.20238095238095233,False,0.0
2,25,not_(x[4]),True,not_(x[4]),0.20238095238095233,e9bf358728c366c73b72393d204b8cd2,0.20238095238095233,False,0.0
2,25,not_(x[6]),True,not_(x[6]),0.20238095238095233,c236778dc5683a72bff278f68dd0aee1,0.20238095238095233,False,0.0
2,25,not_(x[6]),True,not_(x[6]),0.20238095238095233,c236778dc5683a72bff278f68dd0aee1,0.20238095238095233,False,0.0
2,25,not_(x[4]),True,not_(x[4]),0.20238095238095233,e9bf358728c366c73b72393d204b8cd2,0.20238095238095233,False,0.0
2,25,not_(x[6]),True,not_(x[6]),0.20238095238095233,c236778dc5683a72bff278f68dd0aee1,0.20238095238095233,False,0.0
2,25,not_(x[4]),True,not_(x[4]),0.20238095238095233,e9bf358728c366c73b72393d204b8cd2,0.20238095238095233,False,0.0
2,25,not_(x[4]),True,not_(x[4]),0.20238095238095233,e9bf358728c366c73b72393d204b8cd2,0.20238095238095233,False,0.0
2,25,not_(x[4]),True,not_(x[4]),0.20238095238095233,e9bf358728c366c73b72393d204b8cd2,0.20238095238095233,False,0.0
2,25,not_(x[6]),True,not_(x[6]),0.20238095238095233,c236778dc5683a72bff278f68dd0aee1,0.20238095238095233,False,0.0
2,25,not_(x[6]),True,not_(x[6]),0.20238095238095233,c236778dc5683a72bff278f68dd0aee1,0.20238095238095233,False,0.0
2,25,not_(x[4]),True,not_(x[4]),0.20238095238095233,e9bf358728c366c73b72393d204b8cd2,0.20238095238095233,False,0.0
2,25,not_(x[4]),True,not_(x[4]),0.20238095238095233,e9bf358728c366c73b72393d204b8cd2,0.20238095238095233,False,0.0
2,25,not_(x[4]),True,not_(x[4]),0.20238095238095233,e9bf358728c366c73b72393d204b8cd2,0.20238095238095233,False,0.0
2,25,not_(x[6]),True,not_(x[6]),0.20238095238095233,c236778dc5683a72bff278f68dd0aee1,0.20238095238095233,False,0.0
2,25,not_(x[6]),True,not_(x[6]),0.20238095238095233,c236778dc5683a72bff278f68dd0aee1,0.20238095238095233,False,0.0
2,25,not_(x[6]),True,not_(x[6]),0.20238095238095233,c236778dc5683a72bff278f68dd0aee1,0.20238095238095233,False,0.0
2,25,not_(x[6]),True,not_(x[6]),0.20238095238095233,c236778dc5683a72bff278f68dd0aee1,0.20238095238095233,False,0.0
2,25,"not_(or_(greater_than_or_equal(sub(x[3],x[3]), sub(x[3],x[3])),x[6]))",True,"less_than_or_equal(53.67,mul(x[3],x[3]))",0.2142857142857143,2cece411320c1d56790d65c80cc8f440,0.2142857142857143,False,0.0
2,25,not_(x[6]),True,not_(x[6]),0.20238095238095233,c236778dc5683a72bff278f68dd0aee1,0.20238095238095233,False,0.0
2,25,not_(x[4]),True,not_(x[4]),0.20238095238095233,e9bf358728c366c73b72393d204b8cd2,0.20238095238095233,False,0.0
2,25,"less_than_or_equal(sub(add(x[0],x[5]),mul(x[2],x[0])),pdiv(mul(x[5],x[0]),add(x[2],x[3])))",True,"less_than_or_equal(sub(add(x[0],x[5]),mul(x[2],x[0])),pdiv(mul(x[5],x[0]),add(x[2],x[3])))",0.19047619047619047,58cc4f21233e882751aa955999da1daf,0.13636363636363635,True,-0.05411255411255411
2,26,not_(x[4]),True,not_(x[4]),0.20238095238095233,e9bf358728c366c73b72393d204b8cd2,0.20238095238095233,False,0.0
2,26,not_(x[6]),True,not_(x[6]),0.20238095238095233,c236778dc5683a72bff278f68dd0aee1,0.20238095238095233,False,0.0
2,26,not_(x[6]),True,not_(x[6]),0.20238095238095233,c236778dc5683a72bff278f68dd0aee1,0.20238095238095233,False,0.0
2,26,not_(x[4]),True,not_(x[4]),0.20238095238095233,e9bf358728c366c73b72393d204b8cd2,0.20238095238095233,False,0.0
2,26,not_(x[4]),True,not_(x[4]),0.20238095238095233,e9bf358728c366c73b72393d204b8cd2,0.20238095238095233,False,0.0
2,26,not_(x[6]),True,not_(x[6]),0.20238095238095233,c236778dc5683a72bff278f68dd0aee1,0.20238095238095233,False,0.0
2,26,not_(x[6]),True,not_(x[6]),0.20238095238095233,c236778dc5683a72bff278f68dd0aee1,0.20238095238095233,False,0.0
2,26,not_(x[6]),True,not_(x[6]),0.20238095238095233,c236778dc5683a72bff278f68dd0aee1,0.20238095238095233,False,0.0
2,26,not_(x[4]),True,not_(x[4]),0.20238095238095233,e9bf358728c366c73b72393d204b8cd2,0.20238095238095233,False,0.0
2,26,not_(x[4]),True,not_(x[4]),0.20238095238095233,e9bf358728c366c73b72393d204b8cd2,0.20238095238095233,False,0.0
2,26,not_(x[4]),True,not_(x[4]),0.20238095238095233,e9bf358728c366c73b72393d204b8cd2,0.20238095238095233,False,0.0
2,26,not_(x[6]),True,not_(x[6]),0.20238095238095233,c236778dc5683a72bff278f68dd0aee1,0.20238095238095233,False,0.0
2,26,not_(x[6]),True,not_(x[6]),0.20238095238095233,c236778dc5683a72bff278f68dd0aee1,0.20238095238095233,False,0.0
2,26,not_(x[6]),True,not_(x[6]),0.20238095238095233,c236778dc5683a72bff278f68dd0aee1,0.20238095238095233,False,0.0
2,26,not_(x[4]),True,not_(x[4]),0.20238095238095233,e9bf358728c366c73b72393d204b8cd2,0.20238095238095233,False,0.0
2,26,"not_(and_(x[6],x[4]))",True,not_(x[4]),0.20238095238095233,e9bf358728c366c73b72393d204b8cd2,0.20238095238095233,False,0.0
2,26,not_(x[6]),True,not_(x[6]),0.20238095238095233,c236778dc5683a72bff278f68dd0aee1,0.20238095238095233,False,0.0
2,26,not_(x[6]),True,not_(x[6]),0.20238095238095233,c236778dc5683a72bff278f68dd0aee1,0.20238095238095233,False,0.0
2,26,not_(x[6]),True,not_(x[6]),0.20238095238095233,c236778dc5683a72bff278f68dd0aee1,0.20238095238095233,False,0.0
2,26,"not_(greater_than_or_equal(add(mul(x[2],x[0]),pdiv(mul(x[5],x[0]),add(x[2],x[3]))), x[3]))",True,"and_(greater_than_or_equal(add(x[3],x[2]), pdiv(x[2],x[3])),less_than_or_equal(sub(x[0],x[2]),add(x[3],x[0])))",0.29761904761904767,57d4612aeba4f3a787ed24c5af827569,0.30952380952380953,True,0.011904761904761862
2,26,not_(x[6]),True,not_(x[6]),0.20238095238095233,c236778dc5683a72bff278f68dd0aee1,0.20238095238095233,False,0.0
2,26,not_(x[4]),True,not_(x[4]),0.20238095238095233,e9bf358728c366c73b72393d204b8cd2,0.20238095238095233,False,0.0
2,26,"not_(or_(x[6],x[6]))",True,not_(x[6]),0.20238095238095233,c236778dc5683a72bff278f68dd0aee1,0.20238095238095233,False,0.0
2,26,not_(x[6]),True,not_(x[6]),0.20238095238095233,c236778dc5683a72bff278f68dd0aee1,0.20238095238095233,False,0.0
2,26,not_(x[6]),True,not_(x[6]),0.20238095238095233,c236778dc5683a72bff278f68dd0aee1,0.20238095238095233,False,0.0
2,26,not_(x[6]),True,not_(x[6]),0.20238095238095233,c236778dc5683a72bff278f68dd0aee1,0.20238095238095233,False,0.0
2,26,not_(x[6]),True,not_(x[6]),0.20238095238095233,c236778dc5683a72bff278f68dd0aee1,0.20238095238095233,False,0.0
2,26,not_(x[6]),True,not_(x[6]),0.20238095238095233,c236778dc5683a72bff278f68dd0aee1,0.20238095238095233,False,0.0
2,26,not_(x[4]),True,not_(x[4]),0.20238095238095233,e9bf358728c366c73b72393d204b8cd2,0.20238095238095233,False,0.0
2,26,not_(x[6]),True,not_(x[6]),0.20238095238095233,c236778dc5683a72bff278f68dd0aee1,0.20238095238095233,False,0.0
2,26,not_(x[6]),True,not_(x[6]),0.20238095238095233,c236778dc5683a72bff278f68dd0aee1,0.20238095238095233,False,0.0
2,26,not_(x[6]),True,not_(x[6]),0.20238095238095233,c236778dc5683a72bff278f68dd0aee1,0.20238095238095233,False,0.0
2,26,not_(x[4]),True,not_(x[4]),0.20238095238095233,e9bf358728c366c73b72393d204b8cd2,0.20238095238095233,False,0.0
2,26,not_(x[6]),True,not_(x[6]),0.20238095238095233,c236778dc5683a72bff278f68dd0aee1,0.20238095238095233,False,0.0
2,26,not_(x[6]),True,not_(x[6]),0.20238095238095233,c236778dc5683a72bff278f68dd0aee1,0.20238095238095233,False,0.0
2,26,not_(x[6]),True,not_(x[6]),0.20238095238095233,c236778dc5683a72bff278f68dd0aee1,0.20238095238095233,False,0.0
2,26,not_(x[6]),True,not_(x[6]),0.20238095238095233,c236778dc5683a72bff278f68dd0aee1,0.20238095238095233,False,0.0
2,26,not_(x[6]),True,not_(x[6]),0.20238095238095233,c236778dc5683a72bff278f68dd0aee1,0.20238095238095233,False,0.0
2,26,not_(x[6]),True,not_(x[6]),0.20238095238095233,c236778dc5683a72bff278f68dd0aee1,0.20238095238095233,False,0.0
2,26,not_(x[6]),True,not_(x[6]),0.20238095238095233,c236778dc5683a72bff278f68dd0aee1,0.20238095238095233,False,0.0
2,26,not_(x[6]),True,not_(x[6]),0.20238095238095233,c236778dc5683a72bff278f68dd0aee1,0.20238095238095233,False,0.0
2,26,not_(x[6]),True,not_(x[6]),0.20238095238095233,c236778dc5683a72bff278f68dd0aee1,0.20238095238095233,False,0.0
2,26,not_(x[6]),True,not_(x[6]),0.20238095238095233,c236778dc5683a72bff278f68dd0aee1,0.20238095238095233,False,0.0
2,26,"not_(or_(x[6],x[6]))",True,not_(x[6]),0.20238095238095233,c236778dc5683a72bff278f68dd0aee1,0.20238095238095233,False,0.0
2,26,not_(x[4]),True,not_(x[4]),0.20238095238095233,e9bf358728c366c73b72393d204b8cd2,0.20238095238095233,False,0.0
2,26,not_(x[4]),True,not_(x[4]),0.20238095238095233,e9bf358728c366c73b72393d204b8cd2,0.20238095238095233,False,0.0
2,26,not_(x[4]),True,not_(x[4]),0.20238095238095233,e9bf358728c366c73b72393d204b8cd2,0.20238095238095233,False,0.0
2,26,not_(x[6]),True,not_(x[6]),0.20238095238095233,c236778dc5683a72bff278f68dd0aee1,0.20238095238095233,False,0.0
2,26,not_(x[6]),True,not_(x[6]),0.20238095238095233,c236778dc5683a72bff278f68dd0aee1,0.20238095238095233,False,0.0
2,26,not_(x[6]),True,not_(x[6]),0.20238095238095233,c236778dc5683a72bff278f68dd0aee1,0.20238095238095233,False,0.0
2,26,not_(x[6]),True,not_(x[6]),0.20238095238095233,c236778dc5683a72bff278f68dd0aee1,0.20238095238095233,False,0.0
2,26,not_(x[6]),True,not_(x[6]),0.20238095238095233,c236778dc5683a72bff278f68dd0aee1,0.20238095238095233,False,0.0
2,26,"not_(or_(x[4],x[6]))",True,not_(x[6]),0.20238095238095233,c236778dc5683a72bff278f68dd0aee1,0.20238095238095233,False,0.0
2,26,not_(x[6]),True,not_(x[6]),0.20238095238095233,c236778dc5683a72bff278f68dd0aee1,0.20238095238095233,False,0.0
2,26,not_(x[4]),True,not_(x[4]),0.20238095238095233,e9bf358728c366c73b72393d204b8cd2,0.20238095238095233,False,0.0
2,26,not_(x[6]),True,not_(x[6]),0.20238095238095233,c236778dc5683a72bff278f68dd0aee1,0.20238095238095233,False,0.0
2,26,not_(x[4]),True,not_(x[4]),0.20238095238095233,e9bf358728c366c73b72393d204b8cd2,0.20238095238095233,False,0.0
2,26,not_(x[4]),True,not_(x[4]),0.20238095238095233,e9bf358728c366c73b72393d204b8cd2,0.20238095238095233,False,0.0
2,26,not_(x[4]),True,not_(x[4]),0.20238095238095233,e9bf358728c366c73b72393d204b8cd2,0.20238095238095233,False,0.0
2,26,not_(x[6]),True,not_(x[6]),0.20238095238095233,c236778dc5683a72bff278f68dd0aee1,0.20238095238095233,False,0.0
2,26,not_(x[4]),True,not_(x[4]),0.20238095238095233,e9bf358728c366c73b72393d204b8cd2,0.20238095238095233,False,0.0
2,26,not_(x[6]),True,not_(x[6]),0.20238095238095233,c236778dc5683a72bff278f68dd0aee1,0.20238095238095233,False,0.0
2,26,not_(x[4]),True,not_(x[4]),0.20238095238095233,e9bf358728c366c73b72393d204b8cd2,0.20238095238095233,False,0.0
2,26,not_(x[6]),True,not_(x[6]),0.20238095238095233,c236778dc5683a72bff278f68dd0aee1,0.20238095238095233,False,0.0
2,26,not_(x[6]),True,not_(x[6]),0.20238095238095233,c236778dc5683a72bff278f68dd0aee1,0.20238095238095233,False,0.0
2,26,not_(x[6]),True,not_(x[6]),0.20238095238095233,c236778dc5683a72bff278f68dd0aee1,0.20238095238095233,False,0.0
2,26,not_(x[6]),True,not_(x[6]),0.20238095238095233,c236778dc5683a72bff278f68dd0aee1,0.20238095238095233,False,0.0
2,26,not_(x[6]),True,not_(x[6]),0.20238095238095233,c236778dc5683a72bff278f68dd0aee1,0.20238095238095233,False,0.0
2,26,not_(x[6]),True,not_(x[6]),0.20238095238095233,c236778dc5683a72bff278f68dd0aee1,0.20238095238095233,False,0.0
2,26,not_(x[6]),True,not_(x[6]),0.20238095238095233,c236778dc5683a72bff278f68dd0aee1,0.20238095238095233,False,0.0
2,26,not_(x[6]),True,not_(x[6]),0.20238095238095233,c236778dc5683a72bff278f68dd0aee1,0.20238095238095233,False,0.0
2,26,not_(x[6]),True,not_(x[6]),0.20238095238095233,c236778dc5683a72bff278f68dd0aee1,0.20238095238095233,False,0.0
2,26,not_(x[4]),True,not_(x[4]),0.20238095238095233,e9bf358728c366c73b72393d204b8cd2,0.20238095238095233,False,0.0
2,26,"not_(or_(and_(x[6],x[6]),x[6]))",True,not_(x[6]),0.20238095238095233,c236778dc5683a72bff278f68dd0aee1,0.20238095238095233,False,0.0
2,26,not_(x[4]),True,not_(x[4]),0.20238095238095233,e9bf358728c366c73b72393d204b8cd2,0.20238095238095233,False,0.0
2,26,not_(x[6]),True,not_(x[6]),0.20238095238095233,c236778dc5683a72bff278f68dd0aee1,0.20238095238095233,False,0.0
2,26,not_(x[6]),True,not_(x[6]),0.20238095238095233,c236778dc5683a72bff278f68dd0aee1,0.20238095238095233,False,0.0
2,26,"not_(and_(x[4],x[6]))",True,not_(x[4]),0.20238095238095233,e9bf358728c366c73b72393d204b8cd2,0.20238095238095233,False,0.0
2,26,not_(x[4]),True,not_(x[4]),0.20238095238095233,e9bf358728c366c73b72393d204b8cd2,0.20238095238095233,False,0.0
2,26,"not_(or_(x[6],or_(x[6],x[6])))",True,not_(x[6]),0.20238095238095233,c236778dc5683a72bff278f68dd0aee1,0.20238095238095233,False,0.0
2,26,not_(x[6]),True,not_(x[6]),0.20238095238095233,c236778dc5683a72bff278f68dd0aee1,0.20238095238095233,False,0.0
2,26,"not_(and_(or_(x[6],x[4]),x[6]))",True,not_(x[6]),0.20238095238095233,c236778dc5683a72bff278f68dd0aee1,0.20238095238095233,False,0.0
2,26,not_(x[6]),True,not_(x[6]),0.20238095238095233,c236778dc5683a72bff278f68dd0aee1,0.20238095238095233,False,0.0
2,26,not_(x[4]),True,not_(x[4]),0.20238095238095233,e9bf358728c366c73b72393d204b8cd2,0.20238095238095233,False,0.0
2,26,not_(x[6]),True,not_(x[6]),0.20238095238095233,c236778dc5683a72bff278f68dd0aee1,0.20238095238095233,False,0.0
2,26,not_(x[4]),True,not_(x[4]),0.20238095238095233,e9bf358728c366c73b72393d204b8cd2,0.20238095238095233,False,0.0
2,26,not_(x[4]),True,not_(x[4]),0.20238095238095233,e9bf358728c366c73b72393d204b8cd2,0.20238095238095233,False,0.0
2,26,not_(x[6]),True,not_(x[6]),0.20238095238095233,c236778dc5683a72bff278f68dd0aee1,0.20238095238095233,False,0.0
2,26,not_(x[6]),True,not_(x[6]),0.20238095238095233,c236778dc5683a72bff278f68dd0aee1,0.20238095238095233,False,0.0
2,26,not_(x[6]),True,not_(x[6]),0.20238095238095233,c236778dc5683a72bff278f68dd0aee1,0.20238095238095233,False,0.0
2,26,not_(x[4]),True,not_(x[4]),0.20238095238095233,e9bf358728c366c73b72393d204b8cd2,0.20238095238095233,False,0.0
2,26,not_(x[4]),True,not_(x[4]),0.20238095238095233,e9bf358728c366c73b72393d204b8cd2,0.20238095238095233,False,0.0
2,26,not_(x[4]),True,not_(x[4]),0.20238095238095233,e9bf358728c366c73b72393d204b8cd2,0.20238095238095233,False,0.0
2,26,not_(x[6]),True,not_(x[6]),0.20238095238095233,c236778dc5683a72bff278f68dd0aee1,0.20238095238095233,False,0.0
2,26,not_(x[4]),True,not_(x[4]),0.20238095238095233,e9bf358728c366c73b72393d204b8cd2,0.20238095238095233,False,0.0
2,26,not_(x[6]),True,not_(x[6]),0.20238095238095233,c236778dc5683a72bff278f68dd0aee1,0.20238095238095233,False,0.0
2,26,not_(x[6]),True,not_(x[6]),0.20238095238095233,c236778dc5683a72bff278f68dd0aee1,0.20238095238095233,False,0.0
2,26,not_(x[4]),True,not_(x[4]),0.20238095238095233,e9bf358728c366c73b72393d204b8cd2,0.20238095238095233,False,0.0
2,26,not_(x[6]),True,not_(x[6]),0.20238095238095233,c236778dc5683a72bff278f68dd0aee1,0.20238095238095233,False,0.0
2,26,not_(x[4]),True,not_(x[4]),0.20238095238095233,e9bf358728c366c73b72393d204b8cd2,0.20238095238095233,False,0.0
2,26,not_(x[6]),True,not_(x[6]),0.20238095238095233,c236778dc5683a72bff278f68dd0aee1,0.20238095238095233,False,0.0
2,26,not_(x[6]),True,not_(x[6]),0.20238095238095233,c236778dc5683a72bff278f68dd0aee1,0.20238095238095233,False,0.0
2,26,not_(x[6]),True,not_(x[6]),0.20238095238095233,c236778dc5683a72bff278f68dd0aee1,0.20238095238095233,False,0.0
2,26,not_(x[6]),True,not_(x[6]),0.20238095238095233,c236778dc5683a72bff278f68dd0aee1,0.20238095238095233,False,0.0
2,26,not_(x[6]),True,not_(x[6]),0.20238095238095233,c236778dc5683a72bff278f68dd0aee1,0.20238095238095233,False,0.0
2,26,not_(x[6]),True,not_(x[6]),0.20238095238095233,c236778dc5683a72bff278f68dd0aee1,0.20238095238095233,False,0.0
2,26,not_(x[6]),True,not_(x[6]),0.20238095238095233,c236778dc5683a72bff278f68dd0aee1,0.20238095238095233,False,0.0
2,26,not_(x[6]),True,not_(x[6]),0.20238095238095233,c236778dc5683a72bff278f68dd0aee1,0.20238095238095233,False,0.0
2,26,not_(x[4]),True,not_(x[4]),0.20238095238095233,e9bf358728c366c73b72393d204b8cd2,0.20238095238095233,False,0.0
2,26,not_(x[4]),True,not_(x[4]),0.20238095238095233,e9bf358728c366c73b72393d204b8cd2,0.20238095238095233,False,0.0
2,26,not_(x[6]),True,not_(x[6]),0.20238095238095233,c236778dc5683a72bff278f68dd0aee1,0.20238095238095233,False,0.0
2,26,not_(x[6]),True,not_(x[6]),0.20238095238095233,c236778dc5683a72bff278f68dd0aee1,0.20238095238095233,False,0.0
2,26,"not_(less_than_or_equal(x[3],x[3]))",True,"less_than_or_equal(53.67,mul(x[3],x[3]))",0.2142857142857143,2cece411320c1d56790d65c80cc8f440,0.2142857142857143,False,0.0
2,26,not_(x[6]),True,not_(x[6]),0.20238095238095233,c236778dc5683a72bff278f68dd0aee1,0.20238095238095233,False,0.0
2,26,not_(x[6]),True,not_(x[6]),0.20238095238095233,c236778dc5683a72bff278f68dd0aee1,0.20238095238095233,False,0.0
2,26,not_(x[6]),True,not_(x[6]),0.20238095238095233,c236778dc5683a72bff278f68dd0aee1,0.20238095238095233,False,0.0
2,26,not_(x[6]),True,not_(x[6]),0.20238095238095233,c236778dc5683a72bff278f68dd0aee1,0.20238095238095233,False,0.0
2,26,not_(x[6]),True,not_(x[6]),0.20238095238095233,c236778dc5683a72bff278f68dd0aee1,0.20238095238095233,False,0.0
2,26,not_(x[6]),True,not_(x[6]),0.20238095238095233,c236778dc5683a72bff278f68dd0aee1,0.20238095238095233,False,0.0
2,26,not_(x[4]),True,not_(x[4]),0.20238095238095233,e9bf358728c366c73b72393d204b8cd2,0.20238095238095233,False,0.0
2,26,"greater_than_or_equal(mul(x[0],x[3]), mul(sub(x[2],x[0]),mul(x[2],x[2])))",True,"less_than_or_equal(x[3],x[3])",0.7857142857142857,3352141c4f785c0403fcb33f533f7848,0.75,True,-0.0357142857142857
2,26,not_(x[4]),True,not_(x[4]),0.20238095238095233,e9bf358728c366c73b72393d204b8cd2,0.20238095238095233,False,0.0
2,26,not_(x[6]),True,not_(x[6]),0.20238095238095233,c236778dc5683a72bff278f68dd0aee1,0.20238095238095233,False,0.0
2,26,"not_(or_(x[6],x[4]))",True,not_(x[6]),0.20238095238095233,c236778dc5683a72bff278f68dd0aee1,0.20238095238095233,False,0.0
2,26,not_(x[6]),True,not_(x[6]),0.20238095238095233,c236778dc5683a72bff278f68dd0aee1,0.20238095238095233,False,0.0
2,26,not_(x[6]),True,not_(x[6]),0.20238095238095233,c236778dc5683a72bff278f68dd0aee1,0.20238095238095233,False,0.0
2,26,not_(x[6]),True,not_(x[6]),0.20238095238095233,c236778dc5683a72bff278f68dd0aee1,0.20238095238095233,False,0.0
2,26,"not_(or_(x[6],x[6]))",True,not_(x[6]),0.20238095238095233,c236778dc5683a72bff278f68dd0aee1,0.20238095238095233,False,0.0
2,26,not_(x[6]),True,not_(x[6]),0.20238095238095233,c236778dc5683a72bff278f68dd0aee1,0.20238095238095233,False,0.0
2,26,not_(x[6]),True,not_(x[6]),0.20238095238095233,c236778dc5683a72bff278f68dd0aee1,0.20238095238095233,False,0.0
2,26,not_(x[4]),True,not_(x[4]),0.20238095238095233,e9bf358728c366c73b72393d204b8cd2,0.20238095238095233,False,0.0
2,26,not_(x[6]),True,not_(x[6]),0.20238095238095233,c236778dc5683a72bff278f68dd0aee1,0.20238095238095233,False,0.0
2,26,not_(x[6]),True,not_(x[6]),0.20238095238095233,c236778dc5683a72bff278f68dd0aee1,0.20238095238095233,False,0.0
2,26,not_(x[6]),True,not_(x[6]),0.20238095238095233,c236778dc5683a72bff278f68dd0aee1,0.20238095238095233,False,0.0
2,26,not_(x[6]),True,not_(x[6]),0.20238095238095233,c236778dc5683a72bff278f68dd0aee1,0.20238095238095233,False,0.0
2,26,not_(x[6]),True,not_(x[6]),0.20238095238095233,c236778dc5683a72bff278f68dd0aee1,0.20238095238095233,False,0.0
2,26,"not_(or_(x[6],x[6]))",True,not_(x[6]),0.20238095238095233,c236778dc5683a72bff278f68dd0aee1,0.20238095238095233,False,0.0
2,26,"less_than_or_equal(sub(add(x[0],x[0]),mul(x[3],x[0])),x[3])",True,"less_than_or_equal(sub(add(x[0],x[5]),mul(x[2],x[0])),pdiv(mul(x[5],x[3]),x[0]))",0.25,d6372bf4d5fcf3c1d5cf199c0a201f6a,0.25,False,0.0
2,26,not_(x[6]),True,not_(x[6]),0.20238095238095233,c236778dc5683a72bff278f68dd0aee1,0.20238095238095233,False,0.0
2,26,not_(x[4]),True,not_(x[4]),0.20238095238095233,e9bf358728c366c73b72393d204b8cd2,0.20238095238095233,False,0.0
2,26,not_(x[6]),True,not_(x[6]),0.20238095238095233,c236778dc5683a72bff278f68dd0aee1,0.20238095238095233,False,0.0
2,26,not_(x[6]),True,not_(x[6]),0.20238095238095233,c236778dc5683a72bff278f68dd0aee1,0.20238095238095233,False,0.0
2,26,not_(x[6]),True,not_(x[6]),0.20238095238095233,c236778dc5683a72bff278f68dd0aee1,0.20238095238095233,False,0.0
2,26,not_(x[4]),True,not_(x[4]),0.20238095238095233,e9bf358728c366c73b72393d204b8cd2,0.20238095238095233,False,0.0
2,26,"less_than_or_equal(sub(add(x[0],x[5]),mul(x[2],x[0])),pdiv(mul(x[5],x[0]),add(x[2],x[3])))",True,"less_than_or_equal(sub(add(x[0],x[5]),mul(x[2],x[0])),pdiv(mul(x[5],x[0]),add(x[2],x[3])))",0.19047619047619047,58cc4f21233e882751aa955999da1daf,0.19047619047619047,False,0.0
2,26,not_(x[4]),True,not_(x[4]),0.20238095238095233,e9bf358728c366c73b72393d204b8cd2,0.20238095238095233,False,0.0
2,26,not_(x[6]),True,not_(x[6]),0.20238095238095233,c236778dc5683a72bff278f68dd0aee1,0.20238095238095233,False,0.0
2,26,not_(x[6]),True,not_(x[6]),0.20238095238095233,c236778dc5683a72bff278f68dd0aee1,0.20238095238095233,False,0.0
2,26,not_(x[6]),True,not_(x[6]),0.20238095238095233,c236778dc5683a72bff278f68dd0aee1,0.20238095238095233,False,0.0
2,26,not_(x[6]),True,not_(x[6]),0.20238095238095233,c236778dc5683a72bff278f68dd0aee1,0.20238095238095233,False,0.0
2,26,not_(x[4]),True,not_(x[4]),0.20238095238095233,e9bf358728c366c73b72393d204b8cd2,0.20238095238095233,False,0.0
2,26,not_(x[6]),True,not_(x[6]),0.20238095238095233,c236778dc5683a72bff278f68dd0aee1,0.20238095238095233,False,0.0
2,26,not_(x[4]),True,not_(x[4]),0.20238095238095233,e9bf358728c366c73b72393d204b8cd2,0.20238095238095233,False,0.0
2,26,not_(x[4]),True,not_(x[4]),0.20238095238095233,e9bf358728c366c73b72393d204b8cd2,0.20238095238095233,False,0.0
2,26,not_(x[4]),True,not_(x[4]),0.20238095238095233,e9bf358728c366c73b72393d204b8cd2,0.20238095238095233,False,0.0
2,26,not_(x[4]),True,not_(x[4]),0.20238095238095233,e9bf358728c366c73b72393d204b8cd2,0.20238095238095233,False,0.0
2,26,not_(x[6]),True,not_(x[6]),0.20238095238095233,c236778dc5683a72bff278f68dd0aee1,0.20238095238095233,False,0.0
2,26,not_(x[6]),True,not_(x[6]),0.20238095238095233,c236778dc5683a72bff278f68dd0aee1,0.20238095238095233,False,0.0
2,26,not_(x[6]),True,not_(x[6]),0.20238095238095233,c236778dc5683a72bff278f68dd0aee1,0.20238095238095233,False,0.0
2,26,not_(x[4]),True,not_(x[4]),0.20238095238095233,e9bf358728c366c73b72393d204b8cd2,0.20238095238095233,False,0.0
2,26,"not_(and_(and_(x[6],x[4]),not_(x[6])))",True,"less_than_or_equal(x[3],x[3])",0.7857142857142857,3352141c4f785c0403fcb33f533f7848,0.7857142857142857,False,0.0
2,26,"not_(and_(x[4],not_(or_(x[4],x[4]))))",True,"less_than_or_equal(x[3],x[3])",0.7857142857142857,3352141c4f785c0403fcb33f533f7848,0.7857142857142857,False,0.0
2,26,not_(x[6]),True,not_(x[6]),0.20238095238095233,c236778dc5683a72bff278f68dd0aee1,0.20238095238095233,False,0.0
2,26,not_(x[6]),True,not_(x[6]),0.20238095238095233,c236778dc5683a72bff278f68dd0aee1,0.20238095238095233,False,0.0
2,26,"not_(and_(x[6],x[6]))",True,not_(x[6]),0.20238095238095233,c236778dc5683a72bff278f68dd0aee1,0.20238095238095233,False,0.0
2,26,not_(x[4]),True,not_(x[4]),0.20238095238095233,e9bf358728c366c73b72393d204b8cd2,0.20238095238095233,False,0.0
2,26,"not_(and_(x[6],x[4]))",True,not_(x[4]),0.20238095238095233,e9bf358728c366c73b72393d204b8cd2,0.20238095238095233,False,0.0
2,26,"and_(x[4],x[6])",True,"not_(greater_than_or_equal(sub(x[0],x[3]), x[0]))",0.7976190476190477,95cffd09c37f5560118f86148db41cd5,0.7976190476190477,False,0.0
2,26,"not_(or_(x[6],x[6]))",True,not_(x[6]),0.20238095238095233,c236778dc5683a72bff278f68dd0aee1,0.20238095238095233,False,0.0
2,26,not_(x[6]),True,not_(x[6]),0.20238095238095233,c236778dc5683a72bff278f68dd0aee1,0.20238095238095233,False,0.0
2,26,not_(x[4]),True,not_(x[4]),0.20238095238095233,e9bf358728c366c73b72393d204b8cd2,0.20238095238095233,False,0.0
2,26,not_(x[4]),True,not_(x[4]),0.20238095238095233,e9bf358728c366c73b72393d204b8cd2,0.20238095238095233,False,0.0
2,26,not_(x[4]),True,not_(x[4]),0.20238095238095233,e9bf358728c366c73b72393d204b8cd2,0.20238095238095233,False,0.0
2,26,not_(x[4]),True,not_(x[4]),0.20238095238095233,e9bf358728c366c73b72393d204b8cd2,0.20238095238095233,False,0.0
2,26,not_(x[6]),True,not_(x[6]),0.20238095238095233,c236778dc5683a72bff278f68dd0aee1,0.20238095238095233,False,0.0
2,26,not_(x[4]),True,not_(x[4]),0.20238095238095233,e9bf358728c366c73b72393d204b8cd2,0.20238095238095233,False,0.0
2,26,not_(x[6]),True,not_(x[6]),0.20238095238095233,c236778dc5683a72bff278f68dd0aee1,0.20238095238095233,False,0.0
2,26,not_(x[6]),True,not_(x[6]),0.20238095238095233,c236778dc5683a72bff278f68dd0aee1,0.20238095238095233,False,0.0
2,26,not_(x[6]),True,not_(x[6]),0.20238095238095233,c236778dc5683a72bff278f68dd0aee1,0.20238095238095233,False,0.0
2,26,not_(x[6]),True,not_(x[6]),0.20238095238095233,c236778dc5683a72bff278f68dd0aee1,0.20238095238095233,False,0.0
2,26,not_(x[6]),True,not_(x[6]),0.20238095238095233,c236778dc5683a72bff278f68dd0aee1,0.20238095238095233,False,0.0
2,26,not_(x[4]),True,not_(x[4]),0.20238095238095233,e9bf358728c366c73b72393d204b8cd2,0.20238095238095233,False,0.0
2,26,not_(x[6]),True,not_(x[6]),0.20238095238095233,c236778dc5683a72bff278f68dd0aee1,0.20238095238095233,False,0.0
2,26,not_(x[6]),True,not_(x[6]),0.20238095238095233,c236778dc5683a72bff278f68dd0aee1,0.20238095238095233,False,0.0
2,26,not_(x[6]),True,not_(x[6]),0.20238095238095233,c236778dc5683a72bff278f68dd0aee1,0.20238095238095233,False,0.0
2,26,not_(x[6]),True,not_(x[6]),0.20238095238095233,c236778dc5683a72bff278f68dd0aee1,0.20238095238095233,False,0.0
2,26,not_(x[6]),True,not_(x[6]),0.20238095238095233,c236778dc5683a72bff278f68dd0aee1,0.20238095238095233,False,0.0
2,26,not_(x[4]),True,not_(x[4]),0.20238095238095233,e9bf358728c366c73b72393d204b8cd2,0.20238095238095233,False,0.0
2,26,not_(x[4]),True,not_(x[4]),0.20238095238095233,e9bf358728c366c73b72393d204b8cd2,0.20238095238095233,False,0.0
2,26,not_(x[6]),True,not_(x[6]),0.20238095238095233,c236778dc5683a72bff278f68dd0aee1,0.20238095238095233,False,0.0
2,26,not_(x[6]),True,not_(x[6]),0.20238095238095233,c236778dc5683a72bff278f68dd0aee1,0.20238095238095233,False,0.0
2,26,"and_(x[6],x[6])",True,"or_(not_(greater_than_or_equal(x[3], x[3])),x[6])",0.7976190476190477,dabf352ca9fc16fe7897b3fa7e73f5cb,0.7976190476190477,False,0.0
2,26,not_(x[6]),True,not_(x[6]),0.20238095238095233,c236778dc5683a72bff278f68dd0aee1,0.20238095238095233,False,0.0
2,26,not_(x[6]),True,not_(x[6]),0.20238095238095233,c236778dc5683a72bff278f68dd0aee1,0.20238095238095233,False,0.0
2,26,"not_(or_(x[6],x[4]))",True,not_(x[6]),0.20238095238095233,c236778dc5683a72bff278f68dd0aee1,0.20238095238095233,False,0.0
2,26,not_(x[6]),True,not_(x[6]),0.20238095238095233,c236778dc5683a72bff278f68dd0aee1,0.20238095238095233,False,0.0
2,26,not_(x[4]),True,not_(x[4]),0.20238095238095233,e9bf358728c366c73b72393d204b8cd2,0.20238095238095233,False,0.0
2,26,not_(x[6]),True,not_(x[6]),0.20238095238095233,c236778dc5683a72bff278f68dd0aee1,0.20238095238095233,False,0.0
2,26,not_(x[6]),True,not_(x[6]),0.20238095238095233,c236778dc5683a72bff278f68dd0aee1,0.20238095238095233,False,0.0
2,26,not_(x[6]),True,not_(x[6]),0.20238095238095233,c236778dc5683a72bff278f68dd0aee1,0.20238095238095233,False,0.0
2,26,not_(x[6]),True,not_(x[6]),0.20238095238095233,c236778dc5683a72bff278f68dd0aee1,0.20238095238095233,False,0.0
2,26,not_(x[6]),True,not_(x[6]),0.20238095238095233,c236778dc5683a72bff278f68dd0aee1,0.20238095238095233,False,0.0
2,26,not_(x[6]),True,not_(x[6]),0.20238095238095233,c236778dc5683a72bff278f68dd0aee1,0.20238095238095233,False,0.0
2,26,"not_(or_(x[6],x[4]))",True,not_(x[6]),0.20238095238095233,c236778dc5683a72bff278f68dd0aee1,0.20238095238095233,False,0.0
2,26,not_(x[6]),True,not_(x[6]),0.20238095238095233,c236778dc5683a72bff278f68dd0aee1,0.20238095238095233,False,0.0
2,26,not_(x[6]),True,not_(x[6]),0.20238095238095233,c236778dc5683a72bff278f68dd0aee1,0.20238095238095233,False,0.0
2,26,not_(x[6]),True,not_(x[6]),0.20238095238095233,c236778dc5683a72bff278f68dd0aee1,0.20238095238095233,False,0.0
2,26,"not_(or_(or_(x[6],x[4]),x[6]))",True,not_(x[6]),0.20238095238095233,c236778dc5683a72bff278f68dd0aee1,0.20238095238095233,False,0.0
2,26,"or_(x[4],less_than_or_equal(x[3],mul(x[3],x[3])))",True,"less_than_or_equal(x[3],x[3])",0.7857142857142857,3352141c4f785c0403fcb33f533f7848,0.7857142857142857,False,0.0
2,26,not_(x[6]),True,not_(x[6]),0.20238095238095233,c236778dc5683a72bff278f68dd0aee1,0.20238095238095233,False,0.0
2,26,not_(x[4]),True,not_(x[4]),0.20238095238095233,e9bf358728c366c73b72393d204b8cd2,0.20238095238095233,False,0.0
2,26,not_(x[4]),True,not_(x[4]),0.20238095238095233,e9bf358728c366c73b72393d204b8cd2,0.20238095238095233,False,0.0
2,26,"not_(or_(x[6],x[6]))",True,not_(x[6]),0.20238095238095233,c236778dc5683a72bff278f68dd0aee1,0.20238095238095233,False,0.0
2,26,not_(x[6]),True,not_(x[6]),0.20238095238095233,c236778dc5683a72bff278f68dd0aee1,0.20238095238095233,False,0.0
2,26,not_(x[4]),True,not_(x[4]),0.20238095238095233,e9bf358728c366c73b72393d204b8cd2,0.20238095238095233,False,0.0
2,26,not_(x[4]),True,not_(x[4]),0.20238095238095233,e9bf358728c366c73b72393d204b8cd2,0.20238095238095233,False,0.0
2,26,"and_(x[6],x[6])",True,"or_(not_(greater_than_or_equal(x[3], x[3])),x[6])",0.7976190476190477,dabf352ca9fc16fe7897b3fa7e73f5cb,0.7976190476190477,False,0.0
2,26,not_(x[6]),True,not_(x[6]),0.20238095238095233,c236778dc5683a72bff278f68dd0aee1,0.20238095238095233,False,0.0
2,26,not_(x[6]),True,not_(x[6]),0.20238095238095233,c236778dc5683a72bff278f68dd0aee1,0.20238095238095233,False,0.0
2,26,not_(x[4]),True,not_(x[4]),0.20238095238095233,e9bf358728c366c73b72393d204b8cd2,0.20238095238095233,False,0.0
2,26,not_(x[6]),True,not_(x[6]),0.20238095238095233,c236778dc5683a72bff278f68dd0aee1,0.20238095238095233,False,0.0
2,26,"not_(or_(x[4],or_(x[4],x[4])))",True,not_(x[4]),0.20238095238095233,e9bf358728c366c73b72393d204b8cd2,0.20238095238095233,False,0.0
2,26,not_(x[4]),True,not_(x[4]),0.20238095238095233,e9bf358728c366c73b72393d204b8cd2,0.20238095238095233,False,0.0
2,26,not_(x[6]),True,not_(x[6]),0.20238095238095233,c236778dc5683a72bff278f68dd0aee1,0.20238095238095233,False,0.0
2,26,not_(x[4]),True,not_(x[4]),0.20238095238095233,e9bf358728c366c73b72393d204b8cd2,0.20238095238095233,False,0.0
2,26,not_(x[4]),True,not_(x[4]),0.20238095238095233,e9bf358728c366c73b72393d204b8cd2,0.20238095238095233,False,0.0
2,26,"not_(and_(x[4],x[6]))",True,not_(x[4]),0.20238095238095233,e9bf358728c366c73b72393d204b8cd2,0.20238095238095233,False,0.0
2,26,not_(x[6]),True,not_(x[6]),0.20238095238095233,c236778dc5683a72bff278f68dd0aee1,0.20238095238095233,False,0.0
2,26,not_(x[6]),True,not_(x[6]),0.20238095238095233,c236778dc5683a72bff278f68dd0aee1,0.20238095238095233,False,0.0
2,26,"or_(x[6],x[6])",True,"or_(not_(greater_than_or_equal(x[3], x[3])),x[6])",0.7976190476190477,dabf352ca9fc16fe7897b3fa7e73f5cb,0.7976190476190477,False,0.0
2,26,not_(x[4]),True,not_(x[4]),0.20238095238095233,e9bf358728c366c73b72393d204b8cd2,0.20238095238095233,False,0.0
2,26,not_(x[6]),True,not_(x[6]),0.20238095238095233,c236778dc5683a72bff278f68dd0aee1,0.20238095238095233,False,0.0
2,26,not_(x[6]),True,not_(x[6]),0.20238095238095233,c236778dc5683a72bff278f68dd0aee1,0.20238095238095233,False,0.0
2,26,not_(x[4]),True,not_(x[4]),0.20238095238095233,e9bf358728c366c73b72393d204b8cd2,0.20238095238095233,False,0.0
2,26,not_(x[4]),True,not_(x[4]),0.20238095238095233,e9bf358728c366c73b72393d204b8cd2,0.20238095238095233,False,0.0
2,26,not_(x[6]),True,not_(x[6]),0.20238095238095233,c236778dc5683a72bff278f68dd0aee1,0.20238095238095233,False,0.0
2,26,not_(x[6]),True,not_(x[6]),0.20238095238095233,c236778dc5683a72bff278f68dd0aee1,0.20238095238095233,False,0.0
2,26,"not_(or_(x[4],x[6]))",True,not_(x[6]),0.20238095238095233,c236778dc5683a72bff278f68dd0aee1,0.20238095238095233,False,0.0
2,26,not_(x[6]),True,not_(x[6]),0.20238095238095233,c236778dc5683a72bff278f68dd0aee1,0.20238095238095233,False,0.0
2,26,not_(x[6]),True,not_(x[6]),0.20238095238095233,c236778dc5683a72bff278f68dd0aee1,0.20238095238095233,False,0.0
2,26,not_(x[6]),True,not_(x[6]),0.20238095238095233,c236778dc5683a72bff278f68dd0aee1,0.20238095238095233,False,0.0
2,26,not_(x[6]),True,not_(x[6]),0.20238095238095233,c236778dc5683a72bff278f68dd0aee1,0.20238095238095233,False,0.0
2,26,"not_(or_(x[4],or_(x[6],x[4])))",True,not_(x[6]),0.20238095238095233,c236778dc5683a72bff278f68dd0aee1,0.20238095238095233,False,0.0
2,26,not_(x[4]),True,not_(x[4]),0.20238095238095233,e9bf358728c366c73b72393d204b8cd2,0.20238095238095233,False,0.0
2,26,not_(x[6]),True,not_(x[6]),0.20238095238095233,c236778dc5683a72bff278f68dd0aee1,0.20238095238095233,False,0.0
2,26,not_(x[6]),True,not_(x[6]),0.20238095238095233,c236778dc5683a72bff278f68dd0aee1,0.20238095238095233,False,0.0
2,26,not_(x[6]),True,not_(x[6]),0.20238095238095233,c236778dc5683a72bff278f68dd0aee1,0.20238095238095233,False,0.0
2,26,not_(x[6]),True,not_(x[6]),0.20238095238095233,c236778dc5683a72bff278f68dd0aee1,0.20238095238095233,False,0.0
2,26,not_(x[4]),True,not_(x[4]),0.20238095238095233,e9bf358728c366c73b72393d204b8cd2,0.20238095238095233,False,0.0
2,26,not_(x[4]),True,not_(x[4]),0.20238095238095233,e9bf358728c366c73b72393d204b8cd2,0.20238095238095233,False,0.0
2,26,not_(x[6]),True,not_(x[6]),0.20238095238095233,c236778dc5683a72bff278f68dd0aee1,0.20238095238095233,False,0.0
2,26,not_(x[6]),True,not_(x[6]),0.20238095238095233,c236778dc5683a72bff278f68dd0aee1,0.20238095238095233,False,0.0
2,26,not_(x[6]),True,not_(x[6]),0.20238095238095233,c236778dc5683a72bff278f68dd0aee1,0.20238095238095233,False,0.0
2,26,not_(x[6]),True,not_(x[6]),0.20238095238095233,c236778dc5683a72bff278f68dd0aee1,0.20238095238095233,False,0.0
2,26,not_(x[6]),True,not_(x[6]),0.20238095238095233,c236778dc5683a72bff278f68dd0aee1,0.20238095238095233,False,0.0
2,26,not_(x[6]),True,not_(x[6]),0.20238095238095233,c236778dc5683a72bff278f68dd0aee1,0.20238095238095233,False,0.0
2,26,not_(x[6]),True,not_(x[6]),0.20238095238095233,c236778dc5683a72bff278f68dd0aee1,0.20238095238095233,False,0.0
2,26,not_(x[6]),True,not_(x[6]),0.20238095238095233,c236778dc5683a72bff278f68dd0aee1,0.20238095238095233,False,0.0
2,26,not_(x[6]),True,not_(x[6]),0.20238095238095233,c236778dc5683a72bff278f68dd0aee1,0.20238095238095233,False,0.0
2,26,"not_(less_than_or_equal(x[3],92.22))",True,"less_than_or_equal(53.67,mul(x[3],x[3]))",0.2142857142857143,2cece411320c1d56790d65c80cc8f440,0.2142857142857143,False,0.0
2,26,not_(x[6]),True,not_(x[6]),0.20238095238095233,c236778dc5683a72bff278f68dd0aee1,0.20238095238095233,False,0.0
2,26,"less_than_or_equal(sub(add(x[0],x[5]),mul(x[2],x[0])),pdiv(mul(x[5],x[0]),add(x[2],x[3])))",True,"less_than_or_equal(sub(add(x[0],x[5]),mul(x[2],x[0])),pdiv(mul(x[5],x[0]),add(x[2],x[3])))",0.19047619047619047,58cc4f21233e882751aa955999da1daf,0.13636363636363635,True,-0.05411255411255411
2,27,not_(x[4]),True,not_(x[4]),0.20238095238095233,e9bf358728c366c73b72393d204b8cd2,0.20238095238095233,False,0.0
2,27,not_(x[6]),True,not_(x[6]),0.20238095238095233,c236778dc5683a72bff278f68dd0aee1,0.20238095238095233,False,0.0
2,27,"not_(or_(x[6],x[6]))",True,not_(x[6]),0.20238095238095233,c236778dc5683a72bff278f68dd0aee1,0.20238095238095233,False,0.0
2,27,"not_(or_(x[6],x[4]))",True,not_(x[6]),0.20238095238095233,c236778dc5683a72bff278f68dd0aee1,0.20238095238095233,False,0.0
2,27,"or_(x[6],x[6])",True,"or_(not_(greater_than_or_equal(x[3], x[3])),x[6])",0.7976190476190477,dabf352ca9fc16fe7897b3fa7e73f5cb,0.7976190476190477,False,0.0
2,27,not_(x[6]),True,not_(x[6]),0.20238095238095233,c236778dc5683a72bff278f68dd0aee1,0.20238095238095233,False,0.0
2,27,not_(x[6]),True,not_(x[6]),0.20238095238095233,c236778dc5683a72bff278f68dd0aee1,0.20238095238095233,False,0.0
2,27,not_(x[4]),True,not_(x[4]),0.20238095238095233,e9bf358728c366c73b72393d204b8cd2,0.20238095238095233,False,0.0
2,27,not_(x[4]),True,not_(x[4]),0.20238095238095233,e9bf358728c366c73b72393d204b8cd2,0.20238095238095233,False,0.0
2,27,not_(x[6]),True,not_(x[6]),0.20238095238095233,c236778dc5683a72bff278f68dd0aee1,0.20238095238095233,False,0.0
2,27,not_(x[6]),True,not_(x[6]),0.20238095238095233,c236778dc5683a72bff278f68dd0aee1,0.20238095238095233,False,0.0
2,27,"less_than_or_equal(41.21,x[0])",True,"less_than_or_equal(53.67,mul(x[3],x[3]))",0.2142857142857143,2cece411320c1d56790d65c80cc8f440,0.2142857142857143,False,0.0
2,27,not_(x[6]),True,not_(x[6]),0.20238095238095233,c236778dc5683a72bff278f68dd0aee1,0.20238095238095233,False,0.0
2,27,not_(x[6]),True,not_(x[6]),0.20238095238095233,c236778dc5683a72bff278f68dd0aee1,0.20238095238095233,False,0.0
2,27,not_(x[6]),True,not_(x[6]),0.20238095238095233,c236778dc5683a72bff278f68dd0aee1,0.20238095238095233,False,0.0
2,27,not_(x[6]),True,not_(x[6]),0.20238095238095233,c236778dc5683a72bff278f68dd0aee1,0.20238095238095233,False,0.0
2,27,not_(x[6]),True,not_(x[6]),0.20238095238095233,c236778dc5683a72bff278f68dd0aee1,0.20238095238095233,False,0.0
2,27,not_(x[6]),True,not_(x[6]),0.20238095238095233,c236778dc5683a72bff278f68dd0aee1,0.20238095238095233,False,0.0
2,27,not_(x[6]),True,not_(x[6]),0.20238095238095233,c236778dc5683a72bff278f68dd0aee1,0.20238095238095233,False,0.0
2,27,not_(x[6]),True,not_(x[6]),0.20238095238095233,c236778dc5683a72bff278f68dd0aee1,0.20238095238095233,False,0.0
2,27,not_(x[4]),True,not_(x[4]),0.20238095238095233,e9bf358728c366c73b72393d204b8cd2,0.20238095238095233,False,0.0
2,27,not_(x[6]),True,not_(x[6]),0.20238095238095233,c236778dc5683a72bff278f68dd0aee1,0.20238095238095233,False,0.0
2,27,"not_(or_(x[6],x[4]))",True,not_(x[6]),0.20238095238095233,c236778dc5683a72bff278f68dd0aee1,0.20238095238095233,False,0.0
2,27,not_(x[4]),True,not_(x[4]),0.20238095238095233,e9bf358728c366c73b72393d204b8cd2,0.20238095238095233,False,0.0
2,27,not_(x[6]),True,not_(x[6]),0.20238095238095233,c236778dc5683a72bff278f68dd0aee1,0.20238095238095233,False,0.0
2,27,not_(x[6]),True,not_(x[6]),0.20238095238095233,c236778dc5683a72bff278f68dd0aee1,0.20238095238095233,False,0.0
2,27,not_(x[4]),True,not_(x[4]),0.20238095238095233,e9bf358728c366c73b72393d204b8cd2,0.20238095238095233,False,0.0
2,27,"not_(and_(x[6],x[6]))",True,not_(x[6]),0.20238095238095233,c236778dc5683a72bff278f68dd0aee1,0.20238095238095233,False,0.0
2,27,"not_(greater_than_or_equal(sub(mul(x[3],x[2]),mul(mul(x[0],x[3]),mul(sub(x[2],x[0]),mul(x[2],x[2])))), x[2]))",True,"or_(not_(greater_than_or_equal(x[3], x[3])),x[6])",0.7976190476190477,dabf352ca9fc16fe7897b3fa7e73f5cb,0.7976190476190477,False,0.0
2,27,not_(x[6]),True,not_(x[6]),0.20238095238095233,c236778dc5683a72bff278f68dd0aee1,0.20238095238095233,False,0.0
2,27,not_(x[6]),True,not_(x[6]),0.20238095238095233,c236778dc5683a72bff278f68dd0aee1,0.20238095238095233,False,0.0
2,27,"not_(or_(x[6],x[6]))",True,not_(x[6]),0.20238095238095233,c236778dc5683a72bff278f68dd0aee1,0.20238095238095233,False,0.0
2,27,not_(x[4]),True,not_(x[4]),0.20238095238095233,e9bf358728c366c73b72393d204b8cd2,0.20238095238095233,False,0.0
2,27,not_(x[6]),True,not_(x[6]),0.20238095238095233,c236778dc5683a72bff278f68dd0aee1,0.20238095238095233,False,0.0
2,27,not_(x[6]),True,not_(x[6]),0.20238095238095233,c236778dc5683a72bff278f68dd0aee1,0.20238095238095233,False,0.0
2,27,not_(x[6]),True,not_(x[6]),0.20238095238095233,c236778dc5683a72bff278f68dd0aee1,0.20238095238095233,False,0.0
2,27,not_(x[6]),True,not_(x[6]),0.20238095238095233,c236778dc5683a72bff278f68dd0aee1,0.20238095238095233,False,0.0
2,27,"not_(or_(x[6],x[6]))",True,not_(x[6]),0.20238095238095233,c236778dc5683a72bff278f68dd0aee1,0.20238095238095233,False,0.0
2,27,not_(x[4]),True,not_(x[4]),0.20238095238095233,e9bf358728c366c73b72393d204b8cd2,0.20238095238095233,False,0.0
2,27,not_(x[6]),True,not_(x[6]),0.20238095238095233,c236778dc5683a72bff278f68dd0aee1,0.20238095238095233,False,0.0
2,27,not_(x[6]),True,not_(x[6]),0.20238095238095233,c236778dc5683a72bff278f68dd0aee1,0.20238095238095233,False,0.0
2,27,not_(x[6]),True,not_(x[6]),0.20238095238095233,c236778dc5683a72bff278f68dd0aee1,0.20238095238095233,False,0.0
2,27,not_(x[6]),True,not_(x[6]),0.20238095238095233,c236778dc5683a72bff278f68dd0aee1,0.20238095238095233,False,0.0
2,27,not_(x[6]),True,not_(x[6]),0.20238095238095233,c236778dc5683a72bff278f68dd0aee1,0.20238095238095233,False,0.0
2,27,"not_(and_(x[6],or_(x[6],x[4])))",True,not_(x[6]),0.20238095238095233,c236778dc5683a72bff278f68dd0aee1,0.20238095238095233,False,0.0
2,27,"not_(and_(x[6],x[4]))",True,not_(x[4]),0.20238095238095233,e9bf358728c366c73b72393d204b8cd2,0.20238095238095233,False,0.0
2,27,not_(x[6]),True,not_(x[6]),0.20238095238095233,c236778dc5683a72bff278f68dd0aee1,0.20238095238095233,False,0.0
2,27,"not_(and_(or_(x[6],x[4]),x[6]))",True,not_(x[6]),0.20238095238095233,c236778dc5683a72bff278f68dd0aee1,0.20238095238095233,False,0.0
2,27,not_(x[6]),True,not_(x[6]),0.20238095238095233,c236778dc5683a72bff278f68dd0aee1,0.20238095238095233,False,0.0
2,27,not_(x[6]),True,not_(x[6]),0.20238095238095233,c236778dc5683a72bff278f68dd0aee1,0.20238095238095233,False,0.0
2,27,"or_(x[6],x[4])",True,"or_(not_(greater_than_or_equal(x[3], x[3])),x[6])",0.7976190476190477,dabf352ca9fc16fe7897b3fa7e73f5cb,0.7976190476190477,False,0.0
2,27,not_(x[6]),True,not_(x[6]),0.20238095238095233,c236778dc5683a72bff278f68dd0aee1,0.20238095238095233,False,0.0
2,27,not_(x[6]),True,not_(x[6]),0.20238095238095233,c236778dc5683a72bff278f68dd0aee1,0.20238095238095233,False,0.0
2,27,not_(x[6]),True,not_(x[6]),0.20238095238095233,c236778dc5683a72bff278f68dd0aee1,0.20238095238095233,False,0.0
2,27,not_(x[6]),True,not_(x[6]),0.20238095238095233,c236778dc5683a72bff278f68dd0aee1,0.20238095238095233,False,0.0
2,27,not_(x[6]),True,not_(x[6]),0.20238095238095233,c236778dc5683a72bff278f68dd0aee1,0.20238095238095233,False,0.0
2,27,not_(x[4]),True,not_(x[4]),0.20238095238095233,e9bf358728c366c73b72393d204b8cd2,0.20238095238095233,False,0.0
2,27,not_(x[6]),True,not_(x[6]),0.20238095238095233,c236778dc5683a72bff278f68dd0aee1,0.20238095238095233,False,0.0
2,27,not_(x[6]),True,not_(x[6]),0.20238095238095233,c236778dc5683a72bff278f68dd0aee1,0.20238095238095233,False,0.0
2,27,not_(x[4]),True,not_(x[4]),0.20238095238095233,e9bf358728c366c73b72393d204b8cd2,0.20238095238095233,False,0.0
2,27,not_(x[4]),True,not_(x[4]),0.20238095238095233,e9bf358728c366c73b72393d204b8cd2,0.20238095238095233,False,0.0
2,27,not_(x[6]),True,not_(x[6]),0.20238095238095233,c236778dc5683a72bff278f68dd0aee1,0.20238095238095233,False,0.0
2,27,not_(x[6]),True,not_(x[6]),0.20238095238095233,c236778dc5683a72bff278f68dd0aee1,0.20238095238095233,False,0.0
2,27,not_(x[6]),True,not_(x[6]),0.20238095238095233,c236778dc5683a72bff278f68dd0aee1,0.20238095238095233,False,0.0
2,27,not_(x[6]),True,not_(x[6]),0.20238095238095233,c236778dc5683a72bff278f68dd0aee1,0.20238095238095233,False,0.0
2,27,not_(x[6]),True,not_(x[6]),0.20238095238095233,c236778dc5683a72bff278f68dd0aee1,0.20238095238095233,False,0.0
2,27,not_(x[6]),True,not_(x[6]),0.20238095238095233,c236778dc5683a72bff278f68dd0aee1,0.20238095238095233,False,0.0
2,27,not_(x[6]),True,not_(x[6]),0.20238095238095233,c236778dc5683a72bff278f68dd0aee1,0.20238095238095233,False,0.0
2,27,not_(x[6]),True,not_(x[6]),0.20238095238095233,c236778dc5683a72bff278f68dd0aee1,0.20238095238095233,False,0.0
2,27,"not_(and_(x[6],x[1]))",True,not_(x[6]),0.20238095238095233,c236778dc5683a72bff278f68dd0aee1,0.2142857142857143,True,0.011904761904761973
2,27,not_(x[4]),True,not_(x[4]),0.20238095238095233,e9bf358728c366c73b72393d204b8cd2,0.20238095238095233,False,0.0
2,27,not_(x[6]),True,not_(x[6]),0.20238095238095233,c236778dc5683a72bff278f68dd0aee1,0.20238095238095233,False,0.0
2,27,"not_(and_(x[4],and_(x[6],x[1])))",True,not_(x[4]),0.20238095238095233,e9bf358728c366c73b72393d204b8cd2,0.20238095238095233,False,0.0
2,27,not_(x[4]),True,not_(x[4]),0.20238095238095233,e9bf358728c366c73b72393d204b8cd2,0.20238095238095233,False,0.0
2,27,not_(x[6]),True,not_(x[6]),0.20238095238095233,c236778dc5683a72bff278f68dd0aee1,0.20238095238095233,False,0.0
2,27,"not_(less_than_or_equal(x[0],x[2]))",True,"not_(less_than_or_equal(x[0],x[2]))",0.36904761904761907,7cd461d4ffa9db1d1f176024d881091c,0.36904761904761907,False,0.0
2,27,not_(x[4]),True,not_(x[4]),0.20238095238095233,e9bf358728c366c73b72393d204b8cd2,0.20238095238095233,False,0.0
2,27,not_(not_(x[4])),True,"not_(greater_than_or_equal(sub(x[0],x[3]), x[0]))",0.7976190476190477,95cffd09c37f5560118f86148db41cd5,0.7976190476190477,False,0.0
2,27,not_(x[6]),True,not_(x[6]),0.20238095238095233,c236778dc5683a72bff278f68dd0aee1,0.20238095238095233,False,0.0
2,27,not_(x[4]),True,not_(x[4]),0.20238095238095233,e9bf358728c366c73b72393d204b8cd2,0.20238095238095233,False,0.0
2,27,not_(x[4]),True,not_(x[4]),0.20238095238095233,e9bf358728c366c73b72393d204b8cd2,0.20238095238095233,False,0.0
2,27,not_(x[6]),True,not_(x[6]),0.20238095238095233,c236778dc5683a72bff278f68dd0aee1,0.20238095238095233,False,0.0
2,27,not_(x[6]),True,not_(x[6]),0.20238095238095233,c236778dc5683a72bff278f68dd0aee1,0.20238095238095233,False,0.0
2,27,not_(x[6]),True,not_(x[6]),0.20238095238095233,c236778dc5683a72bff278f68dd0aee1,0.20238095238095233,False,0.0
2,27,not_(x[6]),True,not_(x[6]),0.20238095238095233,c236778dc5683a72bff278f68dd0aee1,0.20238095238095233,False,0.0
2,27,not_(x[6]),True,not_(x[6]),0.20238095238095233,c236778dc5683a72bff278f68dd0aee1,0.20238095238095233,False,0.0
2,27,"greater_than_or_equal(x[3], x[0])",True,"greater_than_or_equal(x[3], x[0])",0.30952380952380953,c9e509da19e355561199411318802876,0.30952380952380953,False,0.0
2,27,not_(x[6]),True,not_(x[6]),0.20238095238095233,c236778dc5683a72bff278f68dd0aee1,0.20238095238095233,False,0.0
2,27,"not_(or_(x[6],less_than_or_equal(sub(x[5],mul(x[5],x[2])),x[2])))",True,not_(x[6]),0.20238095238095233,c236778dc5683a72bff278f68dd0aee1,0.20238095238095233,False,0.0
2,27,not_(x[4]),True,not_(x[4]),0.20238095238095233,e9bf358728c366c73b72393d204b8cd2,0.20238095238095233,False,0.0
2,27,not_(x[4]),True,not_(x[4]),0.20238095238095233,e9bf358728c366c73b72393d204b8cd2,0.20238095238095233,False,0.0
2,27,not_(x[6]),True,not_(x[6]),0.20238095238095233,c236778dc5683a72bff278f68dd0aee1,0.20238095238095233,False,0.0
2,27,not_(x[6]),True,not_(x[6]),0.20238095238095233,c236778dc5683a72bff278f68dd0aee1,0.20238095238095233,False,0.0
2,27,not_(x[6]),True,not_(x[6]),0.20238095238095233,c236778dc5683a72bff278f68dd0aee1,0.20238095238095233,False,0.0
2,27,not_(x[4]),True,not_(x[4]),0.20238095238095233,e9bf358728c366c73b72393d204b8cd2,0.20238095238095233,False,0.0
2,27,not_(x[6]),True,not_(x[6]),0.20238095238095233,c236778dc5683a72bff278f68dd0aee1,0.20238095238095233,False,0.0
2,27,"not_(and_(x[6],x[4]))",True,not_(x[4]),0.20238095238095233,e9bf358728c366c73b72393d204b8cd2,0.20238095238095233,False,0.0
2,27,"not_(and_(x[6],x[6]))",True,not_(x[6]),0.20238095238095233,c236778dc5683a72bff278f68dd0aee1,0.20238095238095233,False,0.0
2,27,not_(x[6]),True,not_(x[6]),0.20238095238095233,c236778dc5683a72bff278f68dd0aee1,0.20238095238095233,False,0.0
2,27,not_(x[6]),True,not_(x[6]),0.20238095238095233,c236778dc5683a72bff278f68dd0aee1,0.20238095238095233,False,0.0
2,27,not_(x[4]),True,not_(x[4]),0.20238095238095233,e9bf358728c366c73b72393d204b8cd2,0.20238095238095233,False,0.0
2,27,not_(x[4]),True,not_(x[4]),0.20238095238095233,e9bf358728c366c73b72393d204b8cd2,0.20238095238095233,False,0.0
2,27,not_(x[6]),True,not_(x[6]),0.20238095238095233,c236778dc5683a72bff278f68dd0aee1,0.20238095238095233,False,0.0
2,27,not_(x[6]),True,not_(x[6]),0.20238095238095233,c236778dc5683a72bff278f68dd0aee1,0.20238095238095233,False,0.0
2,27,"not_(and_(x[6],x[4]))",True,not_(x[4]),0.20238095238095233,e9bf358728c366c73b72393d204b8cd2,0.20238095238095233,False,0.0
2,27,not_(x[6]),True,not_(x[6]),0.20238095238095233,c236778dc5683a72bff278f68dd0aee1,0.20238095238095233,False,0.0
2,27,not_(x[6]),True,not_(x[6]),0.20238095238095233,c236778dc5683a72bff278f68dd0aee1,0.20238095238095233,False,0.0
2,27,not_(x[6]),True,not_(x[6]),0.20238095238095233,c236778dc5683a72bff278f68dd0aee1,0.20238095238095233,False,0.0
2,27,not_(x[4]),True,not_(x[4]),0.20238095238095233,e9bf358728c366c73b72393d204b8cd2,0.20238095238095233,False,0.0
2,27,not_(x[4]),True,not_(x[4]),0.20238095238095233,e9bf358728c366c73b72393d204b8cd2,0.20238095238095233,False,0.0
2,27,not_(x[6]),True,not_(x[6]),0.20238095238095233,c236778dc5683a72bff278f68dd0aee1,0.20238095238095233,False,0.0
2,27,not_(x[6]),True,not_(x[6]),0.20238095238095233,c236778dc5683a72bff278f68dd0aee1,0.20238095238095233,False,0.0
2,27,not_(x[6]),True,not_(x[6]),0.20238095238095233,c236778dc5683a72bff278f68dd0aee1,0.20238095238095233,False,0.0
2,27,not_(x[6]),True,not_(x[6]),0.20238095238095233,c236778dc5683a72bff278f68dd0aee1,0.20238095238095233,False,0.0
2,27,not_(x[6]),True,not_(x[6]),0.20238095238095233,c236778dc5683a72bff278f68dd0aee1,0.20238095238095233,False,0.0
2,27,not_(x[4]),True,not_(x[4]),0.20238095238095233,e9bf358728c366c73b72393d204b8cd2,0.20238095238095233,False,0.0
2,27,not_(x[6]),True,not_(x[6]),0.20238095238095233,c236778dc5683a72bff278f68dd0aee1,0.20238095238095233,False,0.0
2,27,not_(x[6]),True,not_(x[6]),0.20238095238095233,c236778dc5683a72bff278f68dd0aee1,0.20238095238095233,False,0.0
2,27,not_(x[6]),True,not_(x[6]),0.20238095238095233,c236778dc5683a72bff278f68dd0aee1,0.20238095238095233,False,0.0
2,27,not_(x[6]),True,not_(x[6]),0.20238095238095233,c236778dc5683a72bff278f68dd0aee1,0.20238095238095233,False,0.0
2,27,"not_(and_(x[4],x[6]))",True,not_(x[4]),0.20238095238095233,e9bf358728c366c73b72393d204b8cd2,0.20238095238095233,False,0.0
2,27,not_(x[6]),True,not_(x[6]),0.20238095238095233,c236778dc5683a72bff278f68dd0aee1,0.20238095238095233,False,0.0
2,27,not_(x[6]),True,not_(x[6]),0.20238095238095233,c236778dc5683a72bff278f68dd0aee1,0.20238095238095233,False,0.0
2,27,"not_(not_(or_(x[4],not_(x[6]))))",True,"less_than_or_equal(sub(mul(x[0],x[5]),mul(x[0],x[5])),add(x[3],mul(sub(x[2],x[0]),mul(x[2],x[2]))))",0.8095238095238095,2c80f340efaaeb11199e12e0d218671a,0.7857142857142857,True,-0.023809523809523836
2,27,"not_(or_(x[4],x[6]))",True,not_(x[6]),0.20238095238095233,c236778dc5683a72bff278f68dd0aee1,0.20238095238095233,False,0.0
2,27,not_(x[4]),True,not_(x[4]),0.20238095238095233,e9bf358728c366c73b72393d204b8cd2,0.20238095238095233,False,0.0
2,27,not_(x[4]),True,not_(x[4]),0.20238095238095233,e9bf358728c366c73b72393d204b8cd2,0.20238095238095233,False,0.0
2,27,not_(x[6]),True,not_(x[6]),0.20238095238095233,c236778dc5683a72bff278f68dd0aee1,0.20238095238095233,False,0.0
2,27,not_(x[4]),True,not_(x[4]),0.20238095238095233,e9bf358728c366c73b72393d204b8cd2,0.20238095238095233,False,0.0
2,27,not_(x[6]),True,not_(x[6]),0.20238095238095233,c236778dc5683a72bff278f68dd0aee1,0.20238095238095233,False,0.0
2,27,not_(x[4]),True,not_(x[4]),0.20238095238095233,e9bf358728c366c73b72393d204b8cd2,0.20238095238095233,False,0.0
2,27,not_(x[4]),True,not_(x[4]),0.20238095238095233,e9bf358728c366c73b72393d204b8cd2,0.20238095238095233,False,0.0
2,27,not_(x[4]),True,not_(x[4]),0.20238095238095233,e9bf358728c366c73b72393d204b8cd2,0.20238095238095233,False,0.0
2,27,not_(x[6]),True,not_(x[6]),0.20238095238095233,c236778dc5683a72bff278f68dd0aee1,0.20238095238095233,False,0.0
2,27,not_(x[6]),True,not_(x[6]),0.20238095238095233,c236778dc5683a72bff278f68dd0aee1,0.20238095238095233,False,0.0
2,27,not_(x[6]),True,not_(x[6]),0.20238095238095233,c236778dc5683a72bff278f68dd0aee1,0.20238095238095233,False,0.0
2,27,not_(x[4]),True,not_(x[4]),0.20238095238095233,e9bf358728c366c73b72393d204b8cd2,0.20238095238095233,False,0.0
2,27,not_(x[6]),True,not_(x[6]),0.20238095238095233,c236778dc5683a72bff278f68dd0aee1,0.20238095238095233,False,0.0
2,27,not_(x[6]),True,not_(x[6]),0.20238095238095233,c236778dc5683a72bff278f68dd0aee1,0.20238095238095233,False,0.0
2,27,"not_(or_(x[6],x[4]))",True,not_(x[6]),0.20238095238095233,c236778dc5683a72bff278f68dd0aee1,0.20238095238095233,False,0.0
2,27,"not_(greater_than_or_equal(mul(19.29,sub(x[3],x[0])), mul(sub(add(x[0],x[5]),mul(x[2],x[0])),pdiv(mul(x[5],x[0]),add(x[2],x[3])))))",True,"less_than_or_equal(x[3],x[0])",0.6785714285714286,5a7fa7598a94110765df057a90bf819f,0.6904761904761905,True,0.011904761904761862
2,27,"not_(and_(and_(x[6],x[6]),x[6]))",True,not_(x[6]),0.20238095238095233,c236778dc5683a72bff278f68dd0aee1,0.20238095238095233,False,0.0
2,27,not_(x[6]),True,not_(x[6]),0.20238095238095233,c236778dc5683a72bff278f68dd0aee1,0.20238095238095233,False,0.0
2,27,not_(x[6]),True,not_(x[6]),0.20238095238095233,c236778dc5683a72bff278f68dd0aee1,0.20238095238095233,False,0.0
2,27,"less_than_or_equal(sub(sub(x[3],x[5]),mul(x[2],x[0])),pdiv(mul(x[5],x[0]),add(x[2],x[3])))",True,"not_(less_than_or_equal(add(x[5],x[0]),x[3]))",0.7857142857142857,9a2dbc96849bcedc997fcb994ff4cef1,0.7857142857142857,False,0.0
2,27,not_(x[6]),True,not_(x[6]),0.20238095238095233,c236778dc5683a72bff278f68dd0aee1,0.20238095238095233,False,0.0
2,27,not_(x[4]),True,not_(x[4]),0.20238095238095233,e9bf358728c366c73b72393d204b8cd2,0.20238095238095233,False,0.0
2,27,not_(x[4]),True,not_(x[4]),0.20238095238095233,e9bf358728c366c73b72393d204b8cd2,0.20238095238095233,False,0.0
2,27,not_(x[6]),True,not_(x[6]),0.20238095238095233,c236778dc5683a72bff278f68dd0aee1,0.20238095238095233,False,0.0
2,27,not_(x[6]),True,not_(x[6]),0.20238095238095233,c236778dc5683a72bff278f68dd0aee1,0.20238095238095233,False,0.0
2,27,"not_(or_(x[6],x[6]))",True,not_(x[6]),0.20238095238095233,c236778dc5683a72bff278f68dd0aee1,0.20238095238095233,False,0.0
2,27,not_(x[4]),True,not_(x[4]),0.20238095238095233,e9bf358728c366c73b72393d204b8cd2,0.20238095238095233,False,0.0
2,27,not_(x[6]),True,not_(x[6]),0.20238095238095233,c236778dc5683a72bff278f68dd0aee1,0.20238095238095233,False,0.0
2,27,not_(x[4]),True,not_(x[4]),0.20238095238095233,e9bf358728c366c73b72393d204b8cd2,0.20238095238095233,False,0.0
2,27,not_(x[4]),True,not_(x[4]),0.20238095238095233,e9bf358728c366c73b72393d204b8cd2,0.20238095238095233,False,0.0
2,27,"or_(x[6],and_(x[6],x[6]))",True,"or_(not_(greater_than_or_equal(x[3], x[3])),x[6])",0.7976190476190477,dabf352ca9fc16fe7897b3fa7e73f5cb,0.7976190476190477,False,0.0
2,27,not_(x[4]),True,not_(x[4]),0.20238095238095233,e9bf358728c366c73b72393d204b8cd2,0.20238095238095233,False,0.0
2,27,not_(x[6]),True,not_(x[6]),0.20238095238095233,c236778dc5683a72bff278f68dd0aee1,0.20238095238095233,False,0.0
2,27,not_(x[4]),True,not_(x[4]),0.20238095238095233,e9bf358728c366c73b72393d204b8cd2,0.20238095238095233,False,0.0
2,27,not_(x[4]),True,not_(x[4]),0.20238095238095233,e9bf358728c366c73b72393d204b8cd2,0.20238095238095233,False,0.0
2,27,not_(x[6]),True,not_(x[6]),0.20238095238095233,c236778dc5683a72bff278f68dd0aee1,0.20238095238095233,False,0.0
2,27,not_(x[6]),True,not_(x[6]),0.20238095238095233,c236778dc5683a72bff278f68dd0aee1,0.20238095238095233,False,0.0
2,27,not_(x[6]),True,not_(x[6]),0.20238095238095233,c236778dc5683a72bff278f68dd0aee1,0.20238095238095233,False,0.0
2,27,not_(x[4]),True,not_(x[4]),0.20238095238095233,e9bf358728c366c73b72393d204b8cd2,0.20238095238095233,False,0.0
2,27,not_(x[6]),True,not_(x[6]),0.20238095238095233,c236778dc5683a72bff278f68dd0aee1,0.20238095238095233,False,0.0
2,27,x[6],True,x[6],0.7976190476190477,5dd9d7c24dce7ece1d734bf6c32f4813,0.7976190476190477,False,0.0
2,27,"not_(or_(x[6],x[4]))",True,not_(x[6]),0.20238095238095233,c236778dc5683a72bff278f68dd0aee1,0.20238095238095233,False,0.0
2,27,"not_(or_(x[4],x[6]))",True,not_(x[6]),0.20238095238095233,c236778dc5683a72bff278f68dd0aee1,0.20238095238095233,False,0.0
2,27,not_(x[6]),True,not_(x[6]),0.20238095238095233,c236778dc5683a72bff278f68dd0aee1,0.20238095238095233,False,0.0
2,27,not_(x[6]),True,not_(x[6]),0.20238095238095233,c236778dc5683a72bff278f68dd0aee1,0.20238095238095233,False,0.0
2,27,not_(x[4]),True,not_(x[4]),0.20238095238095233,e9bf358728c366c73b72393d204b8cd2,0.20238095238095233,False,0.0
2,27,not_(x[4]),True,not_(x[4]),0.20238095238095233,e9bf358728c366c73b72393d204b8cd2,0.20238095238095233,False,0.0
2,27,not_(x[6]),True,not_(x[6]),0.20238095238095233,c236778dc5683a72bff278f68dd0aee1,0.20238095238095233,False,0.0
2,27,not_(x[6]),True,not_(x[6]),0.20238095238095233,c236778dc5683a72bff278f68dd0aee1,0.20238095238095233,False,0.0
2,27,not_(x[4]),True,not_(x[4]),0.20238095238095233,e9bf358728c366c73b72393d204b8cd2,0.20238095238095233,False,0.0
2,27,not_(x[6]),True,not_(x[6]),0.20238095238095233,c236778dc5683a72bff278f68dd0aee1,0.20238095238095233,False,0.0
2,27,not_(x[6]),True,not_(x[6]),0.20238095238095233,c236778dc5683a72bff278f68dd0aee1,0.20238095238095233,False,0.0
2,27,not_(x[4]),True,not_(x[4]),0.20238095238095233,e9bf358728c366c73b72393d204b8cd2,0.20238095238095233,False,0.0
2,27,not_(x[4]),True,not_(x[4]),0.20238095238095233,e9bf358728c366c73b72393d204b8cd2,0.20238095238095233,False,0.0
2,27,not_(x[4]),True,not_(x[4]),0.20238095238095233,e9bf358728c366c73b72393d204b8cd2,0.20238095238095233,False,0.0
2,27,not_(x[4]),True,not_(x[4]),0.20238095238095233,e9bf358728c366c73b72393d204b8cd2,0.20238095238095233,False,0.0
2,27,not_(x[6]),True,not_(x[6]),0.20238095238095233,c236778dc5683a72bff278f68dd0aee1,0.20238095238095233,False,0.0
2,27,not_(x[6]),True,not_(x[6]),0.20238095238095233,c236778dc5683a72bff278f68dd0aee1,0.20238095238095233,False,0.0
2,27,not_(x[4]),True,not_(x[4]),0.20238095238095233,e9bf358728c366c73b72393d204b8cd2,0.20238095238095233,False,0.0
2,27,"not_(less_than_or_equal(x[3],x[3]))",True,"less_than_or_equal(53.67,mul(x[3],x[3]))",0.2142857142857143,2cece411320c1d56790d65c80cc8f440,0.2142857142857143,False,0.0
2,27,not_(x[4]),True,not_(x[4]),0.20238095238095233,e9bf358728c366c73b72393d204b8cd2,0.20238095238095233,False,0.0
2,27,not_(x[6]),True,not_(x[6]),0.20238095238095233,c236778dc5683a72bff278f68dd0aee1,0.20238095238095233,False,0.0
2,27,not_(x[6]),True,not_(x[6]),0.20238095238095233,c236778dc5683a72bff278f68dd0aee1,0.20238095238095233,False,0.0
2,27,"less_than_or_equal(x[3],x[5])",True,"greater_than_or_equal(add(add(x[0],x[2]),sub(x[0],x[3])), add(mul(x[0],x[2]),mul(x[3],x[5])))",0.75,6f8512eed0dd5c5cb035ed87664a0537,0.7380952380952381,True,-0.011904761904761862
2,27,not_(x[6]),True,not_(x[6]),0.20238095238095233,c236778dc5683a72bff278f68dd0aee1,0.20238095238095233,False,0.0
2,27,not_(x[4]),True,not_(x[4]),0.20238095238095233,e9bf358728c366c73b72393d204b8cd2,0.20238095238095233,False,0.0
2,27,not_(x[6]),True,not_(x[6]),0.20238095238095233,c236778dc5683a72bff278f68dd0aee1,0.20238095238095233,False,0.0
2,27,not_(x[6]),True,not_(x[6]),0.20238095238095233,c236778dc5683a72bff278f68dd0aee1,0.20238095238095233,False,0.0
2,27,not_(x[6]),True,not_(x[6]),0.20238095238095233,c236778dc5683a72bff278f68dd0aee1,0.20238095238095233,False,0.0
2,27,not_(x[6]),True,not_(x[6]),0.20238095238095233,c236778dc5683a72bff278f68dd0aee1,0.20238095238095233,False,0.0
2,27,not_(x[6]),True,not_(x[6]),0.20238095238095233,c236778dc5683a72bff278f68dd0aee1,0.20238095238095233,False,0.0
2,27,"not_(and_(x[4],x[4]))",True,not_(x[4]),0.20238095238095233,e9bf358728c366c73b72393d204b8cd2,0.20238095238095233,False,0.0
2,27,"not_(or_(and_(x[6],x[6]),x[4]))",True,not_(x[6]),0.20238095238095233,c236778dc5683a72bff278f68dd0aee1,0.20238095238095233,False,0.0
2,27,not_(x[6]),True,not_(x[6]),0.20238095238095233,c236778dc5683a72bff278f68dd0aee1,0.20238095238095233,False,0.0
2,27,not_(x[4]),True,not_(x[4]),0.20238095238095233,e9bf358728c366c73b72393d204b8cd2,0.20238095238095233,False,0.0
2,27,"not_(and_(or_(x[6],and_(x[6],x[6])),x[4]))",True,not_(x[4]),0.20238095238095233,e9bf358728c366c73b72393d204b8cd2,0.20238095238095233,False,0.0
2,27,not_(x[6]),True,not_(x[6]),0.20238095238095233,c236778dc5683a72bff278f68dd0aee1,0.20238095238095233,False,0.0
2,27,not_(x[6]),True,not_(x[6]),0.20238095238095233,c236778dc5683a72bff278f68dd0aee1,0.20238095238095233,False,0.0
2,27,not_(x[6]),True,not_(x[6]),0.20238095238095233,c236778dc5683a72bff278f68dd0aee1,0.20238095238095233,False,0.0
2,27,not_(x[6]),True,not_(x[6]),0.20238095238095233,c236778dc5683a72bff278f68dd0aee1,0.20238095238095233,False,0.0
2,27,not_(x[4]),True,not_(x[4]),0.20238095238095233,e9bf358728c366c73b72393d204b8cd2,0.20238095238095233,False,0.0
2,27,not_(x[6]),True,not_(x[6]),0.20238095238095233,c236778dc5683a72bff278f68dd0aee1,0.20238095238095233,False,0.0
2,27,not_(x[4]),True,not_(x[4]),0.20238095238095233,e9bf358728c366c73b72393d204b8cd2,0.20238095238095233,False,0.0
2,27,not_(x[6]),True,not_(x[6]),0.20238095238095233,c236778dc5683a72bff278f68dd0aee1,0.20238095238095233,False,0.0
2,27,"or_(x[6],or_(x[6],x[6]))",True,"or_(not_(greater_than_or_equal(x[3], x[3])),x[6])",0.7976190476190477,dabf352ca9fc16fe7897b3fa7e73f5cb,0.7976190476190477,False,0.0
2,27,not_(x[6]),True,not_(x[6]),0.20238095238095233,c236778dc5683a72bff278f68dd0aee1,0.20238095238095233,False,0.0
2,27,not_(x[6]),True,not_(x[6]),0.20238095238095233,c236778dc5683a72bff278f68dd0aee1,0.20238095238095233,False,0.0
2,27,not_(x[6]),True,not_(x[6]),0.20238095238095233,c236778dc5683a72bff278f68dd0aee1,0.20238095238095233,False,0.0
2,27,"not_(or_(x[6],or_(x[6],x[6])))",True,not_(x[6]),0.20238095238095233,c236778dc5683a72bff278f68dd0aee1,0.20238095238095233,False,0.0
2,27,not_(x[6]),True,not_(x[6]),0.20238095238095233,c236778dc5683a72bff278f68dd0aee1,0.20238095238095233,False,0.0
2,27,not_(x[6]),True,not_(x[6]),0.20238095238095233,c236778dc5683a72bff278f68dd0aee1,0.20238095238095233,False,0.0
2,27,not_(x[6]),True,not_(x[6]),0.20238095238095233,c236778dc5683a72bff278f68dd0aee1,0.20238095238095233,False,0.0
2,27,not_(x[6]),True,not_(x[6]),0.20238095238095233,c236778dc5683a72bff278f68dd0aee1,0.20238095238095233,False,0.0
2,27,not_(x[6]),True,not_(x[6]),0.20238095238095233,c236778dc5683a72bff278f68dd0aee1,0.20238095238095233,False,0.0
2,27,not_(x[4]),True,not_(x[4]),0.20238095238095233,e9bf358728c366c73b72393d204b8cd2,0.20238095238095233,False,0.0
2,27,not_(x[4]),True,not_(x[4]),0.20238095238095233,e9bf358728c366c73b72393d204b8cd2,0.20238095238095233,False,0.0
2,27,"not_(or_(x[4],or_(x[4],x[4])))",True,not_(x[4]),0.20238095238095233,e9bf358728c366c73b72393d204b8cd2,0.20238095238095233,False,0.0
2,27,not_(x[4]),True,not_(x[4]),0.20238095238095233,e9bf358728c366c73b72393d204b8cd2,0.20238095238095233,False,0.0
2,27,not_(x[4]),True,not_(x[4]),0.20238095238095233,e9bf358728c366c73b72393d204b8cd2,0.20238095238095233,False,0.0
2,27,not_(x[6]),True,not_(x[6]),0.20238095238095233,c236778dc5683a72bff278f68dd0aee1,0.20238095238095233,False,0.0
2,27,not_(x[6]),True,not_(x[6]),0.20238095238095233,c236778dc5683a72bff278f68dd0aee1,0.20238095238095233,False,0.0
2,27,not_(x[4]),True,not_(x[4]),0.20238095238095233,e9bf358728c366c73b72393d204b8cd2,0.20238095238095233,False,0.0
2,27,not_(x[6]),True,not_(x[6]),0.20238095238095233,c236778dc5683a72bff278f68dd0aee1,0.20238095238095233,False,0.0
2,27,not_(x[6]),True,not_(x[6]),0.20238095238095233,c236778dc5683a72bff278f68dd0aee1,0.20238095238095233,False,0.0
2,27,not_(x[6]),True,not_(x[6]),0.20238095238095233,c236778dc5683a72bff278f68dd0aee1,0.20238095238095233,False,0.0
2,27,not_(x[6]),True,not_(x[6]),0.20238095238095233,c236778dc5683a72bff278f68dd0aee1,0.20238095238095233,False,0.0
2,27,not_(x[6]),True,not_(x[6]),0.20238095238095233,c236778dc5683a72bff278f68dd0aee1,0.20238095238095233,False,0.0
2,27,not_(x[4]),True,not_(x[4]),0.20238095238095233,e9bf358728c366c73b72393d204b8cd2,0.20238095238095233,False,0.0
2,27,"less_than_or_equal(x[3],sub(x[3],x[3]))",True,not_(x[4]),0.20238095238095233,e9bf358728c366c73b72393d204b8cd2,0.20238095238095233,False,0.0
2,27,not_(x[4]),True,not_(x[4]),0.20238095238095233,e9bf358728c366c73b72393d204b8cd2,0.20238095238095233,False,0.0
2,27,not_(x[6]),True,not_(x[6]),0.20238095238095233,c236778dc5683a72bff278f68dd0aee1,0.20238095238095233,False,0.0
2,27,not_(x[4]),True,not_(x[4]),0.20238095238095233,e9bf358728c366c73b72393d204b8cd2,0.20238095238095233,False,0.0
2,27,not_(x[4]),True,not_(x[4]),0.20238095238095233,e9bf358728c366c73b72393d204b8cd2,0.20238095238095233,False,0.0
2,27,not_(x[6]),True,not_(x[6]),0.20238095238095233,c236778dc5683a72bff278f68dd0aee1,0.20238095238095233,False,0.0
2,27,not_(x[4]),True,not_(x[4]),0.20238095238095233,e9bf358728c366c73b72393d204b8cd2,0.20238095238095233,False,0.0
2,27,not_(x[4]),True,not_(x[4]),0.20238095238095233,e9bf358728c366c73b72393d204b8cd2,0.20238095238095233,False,0.0
2,27,"not_(or_(x[6],x[6]))",True,not_(x[6]),0.20238095238095233,c236778dc5683a72bff278f68dd0aee1,0.20238095238095233,False,0.0
2,27,not_(x[6]),True,not_(x[6]),0.20238095238095233,c236778dc5683a72bff278f68dd0aee1,0.20238095238095233,False,0.0
2,27,not_(x[4]),True,not_(x[4]),0.20238095238095233,e9bf358728c366c73b72393d204b8cd2,0.20238095238095233,False,0.0
2,27,not_(x[6]),True,not_(x[6]),0.20238095238095233,c236778dc5683a72bff278f68dd0aee1,0.20238095238095233,False,0.0
2,27,"less_than_or_equal(sub(add(x[0],x[5]),add(x[2],x[0])),pdiv(mul(x[5],x[0]),add(x[2],x[3])))",False,,,36cb11616f5cca20643c89ab3722612d,0.7261904761904762,False,0.0
2,27,"not_(or_(x[6],x[4]))",True,not_(x[6]),0.20238095238095233,c236778dc5683a72bff278f68dd0aee1,0.20238095238095233,False,0.0
2,27,not_(x[6]),True,not_(x[6]),0.20238095238095233,c236778dc5683a72bff278f68dd0aee1,0.20238095238095233,False,0.0
2,27,not_(x[6]),True,not_(x[6]),0.20238095238095233,c236778dc5683a72bff278f68dd0aee1,0.20238095238095233,False,0.0
2,27,not_(x[4]),True,not_(x[4]),0.20238095238095233,e9bf358728c366c73b72393d204b8cd2,0.20238095238095233,False,0.0
2,27,not_(not_(x[6])),True,"or_(not_(greater_than_or_equal(x[3], x[3])),x[6])",0.7976190476190477,dabf352ca9fc16fe7897b3fa7e73f5cb,0.7976190476190477,False,0.0
2,27,not_(x[4]),True,not_(x[4]),0.20238095238095233,e9bf358728c366c73b72393d204b8cd2,0.20238095238095233,False,0.0
2,27,not_(x[1]),True,"less_than_or_equal(53.67,mul(x[3],x[3]))",0.2142857142857143,2cece411320c1d56790d65c80cc8f440,0.22619047619047616,True,0.011904761904761862
2,27,not_(x[4]),True,not_(x[4]),0.20238095238095233,e9bf358728c366c73b72393d204b8cd2,0.20238095238095233,False,0.0
2,27,not_(x[6]),True,not_(x[6]),0.20238095238095233,c236778dc5683a72bff278f68dd0aee1,0.20238095238095233,False,0.0
2,27,"less_than_or_equal(sub(add(x[0],x[5]),mul(x[2],x[0])),pdiv(mul(x[5],x[0]),add(x[2],x[3])))",True,"less_than_or_equal(sub(add(x[0],x[5]),mul(x[2],x[0])),pdiv(mul(x[5],x[0]),add(x[2],x[3])))",0.19047619047619047,58cc4f21233e882751aa955999da1daf,0.13636363636363635,True,-0.05411255411255411
2,28,not_(x[6]),True,not_(x[6]),0.20238095238095233,c236778dc5683a72bff278f68dd0aee1,0.20238095238095233,False,0.0
2,28,"not_(or_(x[6],or_(x[6],x[6])))",True,not_(x[6]),0.20238095238095233,c236778dc5683a72bff278f68dd0aee1,0.20238095238095233,False,0.0
2,28,not_(x[6]),True,not_(x[6]),0.20238095238095233,c236778dc5683a72bff278f68dd0aee1,0.20238095238095233,False,0.0
2,28,not_(x[4]),True,not_(x[4]),0.20238095238095233,e9bf358728c366c73b72393d204b8cd2,0.20238095238095233,False,0.0
2,28,not_(x[6]),True,not_(x[6]),0.20238095238095233,c236778dc5683a72bff278f68dd0aee1,0.20238095238095233,False,0.0
2,28,"not_(or_(x[4],x[6]))",True,not_(x[6]),0.20238095238095233,c236778dc5683a72bff278f68dd0aee1,0.20238095238095233,False,0.0
2,28,not_(x[4]),True,not_(x[4]),0.20238095238095233,e9bf358728c366c73b72393d204b8cd2,0.20238095238095233,False,0.0
2,28,not_(x[6]),True,not_(x[6]),0.20238095238095233,c236778dc5683a72bff278f68dd0aee1,0.20238095238095233,False,0.0
2,28,not_(x[6]),True,not_(x[6]),0.20238095238095233,c236778dc5683a72bff278f68dd0aee1,0.20238095238095233,False,0.0
2,28,not_(x[6]),True,not_(x[6]),0.20238095238095233,c236778dc5683a72bff278f68dd0aee1,0.20238095238095233,False,0.0
2,28,not_(x[4]),True,not_(x[4]),0.20238095238095233,e9bf358728c366c73b72393d204b8cd2,0.20238095238095233,False,0.0
2,28,not_(x[6]),True,not_(x[6]),0.20238095238095233,c236778dc5683a72bff278f68dd0aee1,0.20238095238095233,False,0.0
2,28,not_(x[6]),True,not_(x[6]),0.20238095238095233,c236778dc5683a72bff278f68dd0aee1,0.20238095238095233,False,0.0
2,28,not_(x[4]),True,not_(x[4]),0.20238095238095233,e9bf358728c366c73b72393d204b8cd2,0.20238095238095233,False,0.0
2,28,not_(x[6]),True,not_(x[6]),0.20238095238095233,c236778dc5683a72bff278f68dd0aee1,0.20238095238095233,False,0.0
2,28,not_(x[6]),True,not_(x[6]),0.20238095238095233,c236778dc5683a72bff278f68dd0aee1,0.20238095238095233,False,0.0
2,28,"not_(and_(x[4],less_than_or_equal(57.91,x[0])))",True,"less_than_or_equal(x[3],x[3])",0.7857142857142857,3352141c4f785c0403fcb33f533f7848,0.7857142857142857,False,0.0
2,28,not_(x[6]),True,not_(x[6]),0.20238095238095233,c236778dc5683a72bff278f68dd0aee1,0.20238095238095233,False,0.0
2,28,not_(x[4]),True,not_(x[4]),0.20238095238095233,e9bf358728c366c73b72393d204b8cd2,0.20238095238095233,False,0.0
2,28,not_(x[6]),True,not_(x[6]),0.20238095238095233,c236778dc5683a72bff278f68dd0aee1,0.20238095238095233,False,0.0
2,28,not_(x[4]),True,not_(x[4]),0.20238095238095233,e9bf358728c366c73b72393d204b8cd2,0.20238095238095233,False,0.0
2,28,not_(x[4]),True,not_(x[4]),0.20238095238095233,e9bf358728c366c73b72393d204b8cd2,0.20238095238095233,False,0.0
2,28,not_(x[4]),True,not_(x[4]),0.20238095238095233,e9bf358728c366c73b72393d204b8cd2,0.20238095238095233,False,0.0
2,28,not_(x[6]),True,not_(x[6]),0.20238095238095233,c236778dc5683a72bff278f68dd0aee1,0.20238095238095233,False,0.0
2,28,"not_(and_(x[4],x[6]))",True,not_(x[4]),0.20238095238095233,e9bf358728c366c73b72393d204b8cd2,0.20238095238095233,False,0.0
2,28,"greater_than_or_equal(11.92, x[2])",True,"less_than_or_equal(x[3],x[3])",0.7857142857142857,3352141c4f785c0403fcb33f533f7848,0.7857142857142857,False,0.0
2,28,not_(x[6]),True,not_(x[6]),0.20238095238095233,c236778dc5683a72bff278f68dd0aee1,0.20238095238095233,False,0.0
2,28,not_(x[4]),True,not_(x[4]),0.20238095238095233,e9bf358728c366c73b72393d204b8cd2,0.20238095238095233,False,0.0
2,28,not_(x[6]),True,not_(x[6]),0.20238095238095233,c236778dc5683a72bff278f68dd0aee1,0.20238095238095233,False,0.0
2,28,not_(x[6]),True,not_(x[6]),0.20238095238095233,c236778dc5683a72bff278f68dd0aee1,0.20238095238095233,False,0.0
2,28,not_(x[6]),True,not_(x[6]),0.20238095238095233,c236778dc5683a72bff278f68dd0aee1,0.20238095238095233,False,0.0
2,28,not_(x[6]),True,not_(x[6]),0.20238095238095233,c236778dc5683a72bff278f68dd0aee1,0.20238095238095233,False,0.0
2,28,"not_(and_(x[4],x[4]))",True,not_(x[4]),0.20238095238095233,e9bf358728c366c73b72393d204b8cd2,0.20238095238095233,False,0.0
2,28,not_(x[6]),True,not_(x[6]),0.20238095238095233,c236778dc5683a72bff278f68dd0aee1,0.20238095238095233,False,0.0
2,28,not_(x[6]),True,not_(x[6]),0.20238095238095233,c236778dc5683a72bff278f68dd0aee1,0.20238095238095233,False,0.0
2,28,"not_(or_(x[6],x[6]))",True,not_(x[6]),0.20238095238095233,c236778dc5683a72bff278f68dd0aee1,0.20238095238095233,False,0.0
2,28,not_(x[6]),True,not_(x[6]),0.20238095238095233,c236778dc5683a72bff278f68dd0aee1,0.20238095238095233,False,0.0
2,28,not_(x[6]),True,not_(x[6]),0.20238095238095233,c236778dc5683a72bff278f68dd0aee1,0.20238095238095233,False,0.0
2,28,not_(x[6]),True,not_(x[6]),0.20238095238095233,c236778dc5683a72bff278f68dd0aee1,0.20238095238095233,False,0.0
2,28,not_(x[6]),True,not_(x[6]),0.20238095238095233,c236778dc5683a72bff278f68dd0aee1,0.20238095238095233,False,0.0
2,28,"not_(or_(x[6],or_(x[6],x[4])))",True,not_(x[6]),0.20238095238095233,c236778dc5683a72bff278f68dd0aee1,0.20238095238095233,False,0.0
2,28,"and_(x[4],and_(x[6],x[1]))",True,"not_(greater_than_or_equal(sub(x[0],x[3]), x[0]))",0.7976190476190477,95cffd09c37f5560118f86148db41cd5,0.7976190476190477,False,0.0
2,28,not_(x[6]),True,not_(x[6]),0.20238095238095233,c236778dc5683a72bff278f68dd0aee1,0.20238095238095233,False,0.0
2,28,not_(x[6]),True,not_(x[6]),0.20238095238095233,c236778dc5683a72bff278f68dd0aee1,0.20238095238095233,False,0.0
2,28,not_(x[6]),True,not_(x[6]),0.20238095238095233,c236778dc5683a72bff278f68dd0aee1,0.20238095238095233,False,0.0
2,28,not_(x[4]),True,not_(x[4]),0.20238095238095233,e9bf358728c366c73b72393d204b8cd2,0.20238095238095233,False,0.0
2,28,not_(x[4]),True,not_(x[4]),0.20238095238095233,e9bf358728c366c73b72393d204b8cd2,0.20238095238095233,False,0.0
2,28,not_(x[6]),True,not_(x[6]),0.20238095238095233,c236778dc5683a72bff278f68dd0aee1,0.20238095238095233,False,0.0
2,28,"not_(or_(x[4],x[6]))",True,not_(x[6]),0.20238095238095233,c236778dc5683a72bff278f68dd0aee1,0.20238095238095233,False,0.0
2,28,not_(x[4]),True,not_(x[4]),0.20238095238095233,e9bf358728c366c73b72393d204b8cd2,0.20238095238095233,False,0.0
2,28,not_(x[4]),True,not_(x[4]),0.20238095238095233,e9bf358728c366c73b72393d204b8cd2,0.20238095238095233,False,0.0
2,28,"not_(greater_than_or_equal(x[3], x[3]))",True,"less_than_or_equal(53.67,mul(x[3],x[3]))",0.2142857142857143,2cece411320c1d56790d65c80cc8f440,0.2142857142857143,False,0.0
2,28,not_(x[6]),True,not_(x[6]),0.20238095238095233,c236778dc5683a72bff278f68dd0aee1,0.20238095238095233,False,0.0
2,28,not_(x[6]),True,not_(x[6]),0.20238095238095233,c236778dc5683a72bff278f68dd0aee1,0.20238095238095233,False,0.0
2,28,not_(x[6]),True,not_(x[6]),0.20238095238095233,c236778dc5683a72bff278f68dd0aee1,0.20238095238095233,False,0.0
2,28,"not_(or_(x[6],x[6]))",True,not_(x[6]),0.20238095238095233,c236778dc5683a72bff278f68dd0aee1,0.20238095238095233,False,0.0
2,28,not_(x[6]),True,not_(x[6]),0.20238095238095233,c236778dc5683a72bff278f68dd0aee1,0.20238095238095233,False,0.0
2,28,not_(x[6]),True,not_(x[6]),0.20238095238095233,c236778dc5683a72bff278f68dd0aee1,0.20238095238095233,False,0.0
2,28,not_(x[6]),True,not_(x[6]),0.20238095238095233,c236778dc5683a72bff278f68dd0aee1,0.20238095238095233,False,0.0
2,28,not_(x[4]),True,not_(x[4]),0.20238095238095233,e9bf358728c366c73b72393d204b8cd2,0.20238095238095233,False,0.0
2,28,not_(x[4]),True,not_(x[4]),0.20238095238095233,e9bf358728c366c73b72393d204b8cd2,0.20238095238095233,False,0.0
2,28,not_(x[4]),True,not_(x[4]),0.20238095238095233,e9bf358728c366c73b72393d204b8cd2,0.20238095238095233,False,0.0
2,28,not_(x[4]),True,not_(x[4]),0.20238095238095233,e9bf358728c366c73b72393d204b8cd2,0.20238095238095233,False,0.0
2,28,"and_(x[4],or_(x[4],and_(x[6],x[6])))",True,"not_(greater_than_or_equal(sub(x[0],x[3]), x[0]))",0.7976190476190477,95cffd09c37f5560118f86148db41cd5,0.7976190476190477,False,0.0
2,28,"not_(or_(x[6],x[4]))",True,not_(x[6]),0.20238095238095233,c236778dc5683a72bff278f68dd0aee1,0.20238095238095233,False,0.0
2,28,not_(x[4]),True,not_(x[4]),0.20238095238095233,e9bf358728c366c73b72393d204b8cd2,0.20238095238095233,False,0.0
2,28,not_(x[4]),True,not_(x[4]),0.20238095238095233,e9bf358728c366c73b72393d204b8cd2,0.20238095238095233,False,0.0
2,28,not_(x[6]),True,not_(x[6]),0.20238095238095233,c236778dc5683a72bff278f68dd0aee1,0.20238095238095233,False,0.0
2,28,"not_(not_(and_(x[6],x[4])))",True,"not_(greater_than_or_equal(sub(x[0],x[3]), x[0]))",0.7976190476190477,95cffd09c37f5560118f86148db41cd5,0.7976190476190477,False,0.0
2,28,not_(x[6]),True,not_(x[6]),0.20238095238095233,c236778dc5683a72bff278f68dd0aee1,0.20238095238095233,False,0.0
2,28,not_(x[6]),True,not_(x[6]),0.20238095238095233,c236778dc5683a72bff278f68dd0aee1,0.20238095238095233,False,0.0
2,28,not_(x[6]),True,not_(x[6]),0.20238095238095233,c236778dc5683a72bff278f68dd0aee1,0.20238095238095233,False,0.0
2,28,not_(x[6]),True,not_(x[6]),0.20238095238095233,c236778dc5683a72bff278f68dd0aee1,0.20238095238095233,False,0.0
2,28,not_(x[4]),True,not_(x[4]),0.20238095238095233,e9bf358728c366c73b72393d204b8cd2,0.20238095238095233,False,0.0
2,28,not_(x[4]),True,not_(x[4]),0.20238095238095233,e9bf358728c366c73b72393d204b8cd2,0.20238095238095233,False,0.0
2,28,x[4],True,x[4],0.7976190476190477,a4f678dee830d65312a3e1b8bd840994,0.7976190476190477,False,0.0
2,28,not_(x[4]),True,not_(x[4]),0.20238095238095233,e9bf358728c366c73b72393d204b8cd2,0.20238095238095233,False,0.0
2,28,not_(x[6]),True,not_(x[6]),0.20238095238095233,c236778dc5683a72bff278f68dd0aee1,0.20238095238095233,False,0.0
2,28,not_(x[6]),True,not_(x[6]),0.20238095238095233,c236778dc5683a72bff278f68dd0aee1,0.20238095238095233,False,0.0
2,28,not_(x[4]),True,not_(x[4]),0.20238095238095233,e9bf358728c366c73b72393d204b8cd2,0.20238095238095233,False,0.0
2,28,not_(x[6]),True,not_(x[6]),0.20238095238095233,c236778dc5683a72bff278f68dd0aee1,0.20238095238095233,False,0.0
2,28,not_(x[6]),True,not_(x[6]),0.20238095238095233,c236778dc5683a72bff278f68dd0aee1,0.20238095238095233,False,0.0
2,28,not_(x[4]),True,not_(x[4]),0.20238095238095233,e9bf358728c366c73b72393d204b8cd2,0.20238095238095233,False,0.0
2,28,"not_(less_than_or_equal(x[3],x[0]))",True,"or_(greater_than_or_equal(x[5], pdiv(x[5],x[0])),not_(greater_than_or_equal(x[0], x[3])))",0.33333333333333337,91f65a5c3455d5d1b7e737bfb04eb860,0.3214285714285714,True,-0.011904761904761973
2,28,not_(x[6]),True,not_(x[6]),0.20238095238095233,c236778dc5683a72bff278f68dd0aee1,0.20238095238095233,False,0.0
2,28,not_(x[6]),True,not_(x[6]),0.20238095238095233,c236778dc5683a72bff278f68dd0aee1,0.20238095238095233,False,0.0
2,28,not_(x[6]),True,not_(x[6]),0.20238095238095233,c236778dc5683a72bff278f68dd0aee1,0.20238095238095233,False,0.0
2,28,not_(x[6]),True,not_(x[6]),0.20238095238095233,c236778dc5683a72bff278f68dd0aee1,0.20238095238095233,False,0.0
2,28,not_(x[6]),True,not_(x[6]),0.20238095238095233,c236778dc5683a72bff278f68dd0aee1,0.20238095238095233,False,0.0
2,28,not_(x[6]),True,not_(x[6]),0.20238095238095233,c236778dc5683a72bff278f68dd0aee1,0.20238095238095233,False,0.0
2,28,not_(x[4]),True,not_(x[4]),0.20238095238095233,e9bf358728c366c73b72393d204b8cd2,0.20238095238095233,False,0.0
2,28,not_(x[6]),True,not_(x[6]),0.20238095238095233,c236778dc5683a72bff278f68dd0aee1,0.20238095238095233,False,0.0
2,28,not_(x[4]),True,not_(x[4]),0.20238095238095233,e9bf358728c366c73b72393d204b8cd2,0.20238095238095233,False,0.0
2,28,not_(x[6]),True,not_(x[6]),0.20238095238095233,c236778dc5683a72bff278f68dd0aee1,0.20238095238095233,False,0.0
2,28,not_(x[6]),True,not_(x[6]),0.20238095238095233,c236778dc5683a72bff278f68dd0aee1,0.20238095238095233,False,0.0
2,28,not_(x[6]),True,not_(x[6]),0.20238095238095233,c236778dc5683a72bff278f68dd0aee1,0.20238095238095233,False,0.0
2,28,not_(x[4]),True,not_(x[4]),0.20238095238095233,e9bf358728c366c73b72393d204b8cd2,0.20238095238095233,False,0.0
2,28,"not_(or_(x[6],x[4]))",True,not_(x[6]),0.20238095238095233,c236778dc5683a72bff278f68dd0aee1,0.20238095238095233,False,0.0
2,28,"not_(or_(x[6],x[4]))",True,not_(x[6]),0.20238095238095233,c236778dc5683a72bff278f68dd0aee1,0.20238095238095233,False,0.0
2,28,not_(x[6]),True,not_(x[6]),0.20238095238095233,c236778dc5683a72bff278f68dd0aee1,0.20238095238095233,False,0.0
2,28,not_(x[6]),True,not_(x[6]),0.20238095238095233,c236778dc5683a72bff278f68dd0aee1,0.20238095238095233,False,0.0
2,28,"or_(x[6],x[6])",True,"or_(not_(greater_than_or_equal(x[3], x[3])),x[6])",0.7976190476190477,dabf352ca9fc16fe7897b3fa7e73f5cb,0.7976190476190477,False,0.0
2,28,not_(x[6]),True,not_(x[6]),0.20238095238095233,c236778dc5683a72bff278f68dd0aee1,0.20238095238095233,False,0.0
2,28,not_(x[4]),True,not_(x[4]),0.20238095238095233,e9bf358728c366c73b72393d204b8cd2,0.20238095238095233,False,0.0
2,28,not_(x[6]),True,not_(x[6]),0.20238095238095233,c236778dc5683a72bff278f68dd0aee1,0.20238095238095233,False,0.0
2,28,not_(x[4]),True,not_(x[4]),0.20238095238095233,e9bf358728c366c73b72393d204b8cd2,0.20238095238095233,False,0.0
2,28,not_(x[6]),True,not_(x[6]),0.20238095238095233,c236778dc5683a72bff278f68dd0aee1,0.20238095238095233,False,0.0
2,28,not_(x[4]),True,not_(x[4]),0.20238095238095233,e9bf358728c366c73b72393d204b8cd2,0.20238095238095233,False,0.0
2,28,not_(x[6]),True,not_(x[6]),0.20238095238095233,c236778dc5683a72bff278f68dd0aee1,0.20238095238095233,False,0.0
2,28,not_(x[6]),True,not_(x[6]),0.20238095238095233,c236778dc5683a72bff278f68dd0aee1,0.20238095238095233,False,0.0
2,28,not_(x[6]),True,not_(x[6]),0.20238095238095233,c236778dc5683a72bff278f68dd0aee1,0.20238095238095233,False,0.0
2,28,not_(x[6]),True,not_(x[6]),0.20238095238095233,c236778dc5683a72bff278f68dd0aee1,0.20238095238095233,False,0.0
2,28,not_(x[4]),True,not_(x[4]),0.20238095238095233,e9bf358728c366c73b72393d204b8cd2,0.20238095238095233,False,0.0
2,28,not_(x[6]),True,not_(x[6]),0.20238095238095233,c236778dc5683a72bff278f68dd0aee1,0.20238095238095233,False,0.0
2,28,not_(x[6]),True,not_(x[6]),0.20238095238095233,c236778dc5683a72bff278f68dd0aee1,0.20238095238095233,False,0.0
2,28,not_(x[4]),True,not_(x[4]),0.20238095238095233,e9bf358728c366c73b72393d204b8cd2,0.20238095238095233,False,0.0
2,28,not_(x[6]),True,not_(x[6]),0.20238095238095233,c236778dc5683a72bff278f68dd0aee1,0.20238095238095233,False,0.0
2,28,not_(x[4]),True,not_(x[4]),0.20238095238095233,e9bf358728c366c73b72393d204b8cd2,0.20238095238095233,False,0.0
2,28,not_(x[4]),True,not_(x[4]),0.20238095238095233,e9bf358728c366c73b72393d204b8cd2,0.20238095238095233,False,0.0
2,28,not_(x[4]),True,not_(x[4]),0.20238095238095233,e9bf358728c366c73b72393d204b8cd2,0.20238095238095233,False,0.0
2,28,not_(x[6]),True,not_(x[6]),0.20238095238095233,c236778dc5683a72bff278f68dd0aee1,0.20238095238095233,False,0.0
2,28,not_(x[4]),True,not_(x[4]),0.20238095238095233,e9bf358728c366c73b72393d204b8cd2,0.20238095238095233,False,0.0
2,28,not_(x[6]),True,not_(x[6]),0.20238095238095233,c236778dc5683a72bff278f68dd0aee1,0.20238095238095233,False,0.0
2,28,not_(x[4]),True,not_(x[4]),0.20238095238095233,e9bf358728c366c73b72393d204b8cd2,0.20238095238095233,False,0.0
2,28,not_(x[4]),True,not_(x[4]),0.20238095238095233,e9bf358728c366c73b72393d204b8cd2,0.20238095238095233,False,0.0
2,28,not_(x[4]),True,not_(x[4]),0.20238095238095233,e9bf358728c366c73b72393d204b8cd2,0.20238095238095233,False,0.0
2,28,not_(x[6]),True,not_(x[6]),0.20238095238095233,c236778dc5683a72bff278f68dd0aee1,0.20238095238095233,False,0.0
2,28,not_(x[1]),True,"less_than_or_equal(53.67,mul(x[3],x[3]))",0.2142857142857143,2cece411320c1d56790d65c80cc8f440,0.22619047619047616,True,0.011904761904761862
2,28,not_(x[4]),True,not_(x[4]),0.20238095238095233,e9bf358728c366c73b72393d204b8cd2,0.20238095238095233,False,0.0
2,28,not_(x[6]),True,not_(x[6]),0.20238095238095233,c236778dc5683a72bff278f68dd0aee1,0.20238095238095233,False,0.0
2,28,"less_than_or_equal(sub(add(x[0],x[5]),mul(x[2],x[0])),pdiv(mul(x[5],x[2]),add(x[2],x[3])))",True,not_(x[6]),0.20238095238095233,c236778dc5683a72bff278f68dd0aee1,0.20238095238095233,False,0.0
2,28,not_(x[4]),True,not_(x[4]),0.20238095238095233,e9bf358728c366c73b72393d204b8cd2,0.20238095238095233,False,0.0
2,28,not_(x[6]),True,not_(x[6]),0.20238095238095233,c236778dc5683a72bff278f68dd0aee1,0.20238095238095233,False,0.0
2,28,"not_(and_(x[4],x[6]))",True,not_(x[4]),0.20238095238095233,e9bf358728c366c73b72393d204b8cd2,0.20238095238095233,False,0.0
2,28,not_(x[4]),True,not_(x[4]),0.20238095238095233,e9bf358728c366c73b72393d204b8cd2,0.20238095238095233,False,0.0
2,28,not_(x[6]),True,not_(x[6]),0.20238095238095233,c236778dc5683a72bff278f68dd0aee1,0.20238095238095233,False,0.0
2,28,not_(x[4]),True,not_(x[4]),0.20238095238095233,e9bf358728c366c73b72393d204b8cd2,0.20238095238095233,False,0.0
2,28,not_(x[6]),True,not_(x[6]),0.20238095238095233,c236778dc5683a72bff278f68dd0aee1,0.20238095238095233,False,0.0
2,28,not_(x[4]),True,not_(x[4]),0.20238095238095233,e9bf358728c366c73b72393d204b8cd2,0.20238095238095233,False,0.0
2,28,"not_(or_(x[6],x[4]))",True,not_(x[6]),0.20238095238095233,c236778dc5683a72bff278f68dd0aee1,0.20238095238095233,False,0.0
2,28,"not_(and_(x[6],or_(x[6],x[6])))",True,not_(x[6]),0.20238095238095233,c236778dc5683a72bff278f68dd0aee1,0.20238095238095233,False,0.0
2,28,not_(x[6]),True,not_(x[6]),0.20238095238095233,c236778dc5683a72bff278f68dd0aee1,0.20238095238095233,False,0.0
2,28,not_(x[6]),True,not_(x[6]),0.20238095238095233,c236778dc5683a72bff278f68dd0aee1,0.20238095238095233,False,0.0
2,28,not_(x[6]),True,not_(x[6]),0.20238095238095233,c236778dc5683a72bff278f68dd0aee1,0.20238095238095233,False,0.0
2,28,not_(x[6]),True,not_(x[6]),0.20238095238095233,c236778dc5683a72bff278f68dd0aee1,0.20238095238095233,False,0.0
2,28,not_(x[6]),True,not_(x[6]),0.20238095238095233,c236778dc5683a72bff278f68dd0aee1,0.20238095238095233,False,0.0
2,28,not_(x[6]),True,not_(x[6]),0.20238095238095233,c236778dc5683a72bff278f68dd0aee1,0.20238095238095233,False,0.0
2,28,not_(x[6]),True,not_(x[6]),0.20238095238095233,c236778dc5683a72bff278f68dd0aee1,0.20238095238095233,False,0.0
2,28,not_(x[6]),True,not_(x[6]),0.20238095238095233,c236778dc5683a72bff278f68dd0aee1,0.20238095238095233,False,0.0
2,28,not_(x[4]),True,not_(x[4]),0.20238095238095233,e9bf358728c366c73b72393d204b8cd2,0.20238095238095233,False,0.0
2,28,not_(x[6]),True,not_(x[6]),0.20238095238095233,c236778dc5683a72bff278f68dd0aee1,0.20238095238095233,False,0.0
2,28,not_(x[6]),True,not_(x[6]),0.20238095238095233,c236778dc5683a72bff278f68dd0aee1,0.20238095238095233,False,0.0
2,28,not_(x[6]),True,not_(x[6]),0.20238095238095233,c236778dc5683a72bff278f68dd0aee1,0.20238095238095233,False,0.0
2,28,not_(x[6]),True,not_(x[6]),0.20238095238095233,c236778dc5683a72bff278f68dd0aee1,0.20238095238095233,False,0.0
2,28,not_(x[4]),True,not_(x[4]),0.20238095238095233,e9bf358728c366c73b72393d204b8cd2,0.20238095238095233,False,0.0
2,28,not_(x[6]),True,not_(x[6]),0.20238095238095233,c236778dc5683a72bff278f68dd0aee1,0.20238095238095233,False,0.0
2,28,not_(x[6]),True,not_(x[6]),0.20238095238095233,c236778dc5683a72bff278f68dd0aee1,0.20238095238095233,False,0.0
2,28,not_(x[6]),True,not_(x[6]),0.20238095238095233,c236778dc5683a72bff278f68dd0aee1,0.20238095238095233,False,0.0
2,28,"not_(or_(x[6],or_(x[6],x[4])))",True,not_(x[6]),0.20238095238095233,c236778dc5683a72bff278f68dd0aee1,0.20238095238095233,False,0.0
2,28,not_(x[4]),True,not_(x[4]),0.20238095238095233,e9bf358728c366c73b72393d204b8cd2,0.20238095238095233,False,0.0
2,28,not_(x[6]),True,not_(x[6]),0.20238095238095233,c236778dc5683a72bff278f68dd0aee1,0.20238095238095233,False,0.0
2,28,not_(x[6]),True,not_(x[6]),0.20238095238095233,c236778dc5683a72bff278f68dd0aee1,0.20238095238095233,False,0.0
2,28,not_(x[6]),True,not_(x[6]),0.20238095238095233,c236778dc5683a72bff278f68dd0aee1,0.20238095238095233,False,0.0
2,28,not_(x[6]),True,not_(x[6]),0.20238095238095233,c236778dc5683a72bff278f68dd0aee1,0.20238095238095233,False,0.0
2,28,not_(x[6]),True,not_(x[6]),0.20238095238095233,c236778dc5683a72bff278f68dd0aee1,0.20238095238095233,False,0.0
2,28,"not_(or_(x[6],x[4]))",True,not_(x[6]),0.20238095238095233,c236778dc5683a72bff278f68dd0aee1,0.20238095238095233,False,0.0
2,28,not_(x[6]),True,not_(x[6]),0.20238095238095233,c236778dc5683a72bff278f68dd0aee1,0.20238095238095233,False,0.0
2,28,not_(x[4]),True,not_(x[4]),0.20238095238095233,e9bf358728c366c73b72393d204b8cd2,0.20238095238095233,False,0.0
2,28,not_(x[6]),True,not_(x[6]),0.20238095238095233,c236778dc5683a72bff278f68dd0aee1,0.20238095238095233,False,0.0
2,28,not_(x[6]),True,not_(x[6]),0.20238095238095233,c236778dc5683a72bff278f68dd0aee1,0.20238095238095233,False,0.0
2,28,"not_(or_(x[6],x[6]))",True,not_(x[6]),0.20238095238095233,c236778dc5683a72bff278f68dd0aee1,0.20238095238095233,False,0.0
2,28,"not_(and_(x[6],x[6]))",True,not_(x[6]),0.20238095238095233,c236778dc5683a72bff278f68dd0aee1,0.20238095238095233,False,0.0
2,28,not_(x[4]),True,not_(x[4]),0.20238095238095233,e9bf358728c366c73b72393d204b8cd2,0.20238095238095233,False,0.0
2,28,not_(x[6]),True,not_(x[6]),0.20238095238095233,c236778dc5683a72bff278f68dd0aee1,0.20238095238095233,False,0.0
2,28,"not_(or_(x[6],x[6]))",True,not_(x[6]),0.20238095238095233,c236778dc5683a72bff278f68dd0aee1,0.20238095238095233,False,0.0
2,28,"not_(or_(x[4],less_than_or_equal(x[3],mul(mul(mul(x[0],x[5]),mul(x[2],x[0])),pdiv(mul(x[5],x[0]),add(x[2],x[3]))))))",True,"less_than_or_equal(53.67,mul(x[3],x[3]))",0.2142857142857143,2cece411320c1d56790d65c80cc8f440,0.2142857142857143,False,0.0
2,28,not_(x[6]),True,not_(x[6]),0.20238095238095233,c236778dc5683a72bff278f68dd0aee1,0.20238095238095233,False,0.0
2,28,x[4],True,x[4],0.7976190476190477,a4f678dee830d65312a3e1b8bd840994,0.7976190476190477,False,0.0
2,28,not_(x[4]),True,not_(x[4]),0.20238095238095233,e9bf358728c366c73b72393d204b8cd2,0.20238095238095233,False,0.0
2,28,not_(x[6]),True,not_(x[6]),0.20238095238095233,c236778dc5683a72bff278f68dd0aee1,0.20238095238095233,False,0.0
2,28,not_(x[4]),True,not_(x[4]),0.20238095238095233,e9bf358728c366c73b72393d204b8cd2,0.20238095238095233,False,0.0
2,28,not_(x[6]),True,not_(x[6]),0.20238095238095233,c236778dc5683a72bff278f68dd0aee1,0.20238095238095233,False,0.0
2,28,not_(x[6]),True,not_(x[6]),0.20238095238095233,c236778dc5683a72bff278f68dd0aee1,0.20238095238095233,False,0.0
2,28,not_(x[6]),True,not_(x[6]),0.20238095238095233,c236778dc5683a72bff278f68dd0aee1,0.20238095238095233,False,0.0
2,28,"less_than_or_equal(sub(add(x[0],x[5]),mul(x[2],x[0])),pdiv(mul(x[5],x[5]),add(x[2],x[3])))",False,,,0276718a744c2fdb454b7c0f998cb6ac,0.38095238095238093,False,0.0
2,28,not_(x[6]),True,not_(x[6]),0.20238095238095233,c236778dc5683a72bff278f68dd0aee1,0.20238095238095233,False,0.0
2,28,not_(x[6]),True,not_(x[6]),0.20238095238095233,c236778dc5683a72bff278f68dd0aee1,0.20238095238095233,False,0.0
2,28,not_(x[6]),True,not_(x[6]),0.20238095238095233,c236778dc5683a72bff278f68dd0aee1,0.20238095238095233,False,0.0
2,28,not_(x[6]),True,not_(x[6]),0.20238095238095233,c236778dc5683a72bff278f68dd0aee1,0.20238095238095233,False,0.0
2,28,not_(x[6]),True,not_(x[6]),0.20238095238095233,c236778dc5683a72bff278f68dd0aee1,0.20238095238095233,False,0.0
2,28,not_(x[4]),True,not_(x[4]),0.20238095238095233,e9bf358728c366c73b72393d204b8cd2,0.20238095238095233,False,0.0
2,28,not_(x[6]),True,not_(x[6]),0.20238095238095233,c236778dc5683a72bff278f68dd0aee1,0.20238095238095233,False,0.0
2,28,"not_(or_(or_(x[6],x[6]),x[4]))",True,not_(x[6]),0.20238095238095233,c236778dc5683a72bff278f68dd0aee1,0.20238095238095233,False,0.0
2,28,not_(not_(x[4])),True,"not_(greater_than_or_equal(sub(x[0],x[3]), x[0]))",0.7976190476190477,95cffd09c37f5560118f86148db41cd5,0.7976190476190477,False,0.0
2,28,not_(x[6]),True,not_(x[6]),0.20238095238095233,c236778dc5683a72bff278f68dd0aee1,0.20238095238095233,False,0.0
2,28,not_(x[4]),True,not_(x[4]),0.20238095238095233,e9bf358728c366c73b72393d204b8cd2,0.20238095238095233,False,0.0
2,28,not_(x[6]),True,not_(x[6]),0.20238095238095233,c236778dc5683a72bff278f68dd0aee1,0.20238095238095233,False,0.0
2,28,not_(x[6]),True,not_(x[6]),0.20238095238095233,c236778dc5683a72bff278f68dd0aee1,0.20238095238095233,False,0.0
2,28,not_(x[6]),True,not_(x[6]),0.20238095238095233,c236778dc5683a72bff278f68dd0aee1,0.20238095238095233,False,0.0
2,28,x[4],True,x[4],0.7976190476190477,a4f678dee830d65312a3e1b8bd840994,0.7976190476190477,False,0.0
2,28,not_(x[6]),True,not_(x[6]),0.20238095238095233,c236778dc5683a72bff278f68dd0aee1,0.20238095238095233,False,0.0
2,28,not_(x[4]),True,not_(x[4]),0.20238095238095233,e9bf358728c366c73b72393d204b8cd2,0.20238095238095233,False,0.0
2,28,not_(x[6]),True,not_(x[6]),0.20238095238095233,c236778dc5683a72bff278f68dd0aee1,0.20238095238095233,False,0.0
2,28,"not_(and_(x[4],x[6]))",True,not_(x[4]),0.20238095238095233,e9bf358728c366c73b72393d204b8cd2,0.20238095238095233,False,0.0
2,28,not_(x[4]),True,not_(x[4]),0.20238095238095233,e9bf358728c366c73b72393d204b8cd2,0.20238095238095233,False,0.0
2,28,not_(x[4]),True,not_(x[4]),0.20238095238095233,e9bf358728c366c73b72393d204b8cd2,0.20238095238095233,False,0.0
2,28,"not_(and_(x[6],x[1]))",True,not_(x[6]),0.20238095238095233,c236778dc5683a72bff278f68dd0aee1,0.2142857142857143,True,0.011904761904761973
2,28,not_(x[6]),True,not_(x[6]),0.20238095238095233,c236778dc5683a72bff278f68dd0aee1,0.20238095238095233,False,0.0
2,28,not_(x[6]),True,not_(x[6]),0.20238095238095233,c236778dc5683a72bff278f68dd0aee1,0.20238095238095233,False,0.0
2,28,not_(x[6]),True,not_(x[6]),0.20238095238095233,c236778dc5683a72bff278f68dd0aee1,0.20238095238095233,False,0.0
2,28,not_(x[6]),True,not_(x[6]),0.20238095238095233,c236778dc5683a72bff278f68dd0aee1,0.20238095238095233,False,0.0
2,28,not_(x[6]),True,not_(x[6]),0.20238095238095233,c236778dc5683a72bff278f68dd0aee1,0.20238095238095233,False,0.0
2,28,not_(x[6]),True,not_(x[6]),0.20238095238095233,c236778dc5683a72bff278f68dd0aee1,0.20238095238095233,False,0.0
2,28,not_(x[6]),True,not_(x[6]),0.20238095238095233,c236778dc5683a72bff278f68dd0aee1,0.20238095238095233,False,0.0
2,28,not_(x[4]),True,not_(x[4]),0.20238095238095233,e9bf358728c366c73b72393d204b8cd2,0.20238095238095233,False,0.0
2,28,not_(x[6]),True,not_(x[6]),0.20238095238095233,c236778dc5683a72bff278f68dd0aee1,0.20238095238095233,False,0.0
2,28,not_(x[6]),True,not_(x[6]),0.20238095238095233,c236778dc5683a72bff278f68dd0aee1,0.20238095238095233,False,0.0
2,28,not_(x[6]),True,not_(x[6]),0.20238095238095233,c236778dc5683a72bff278f68dd0aee1,0.20238095238095233,False,0.0
2,28,not_(x[4]),True,not_(x[4]),0.20238095238095233,e9bf358728c366c73b72393d204b8cd2,0.20238095238095233,False,0.0
2,28,not_(x[4]),True,not_(x[4]),0.20238095238095233,e9bf358728c366c73b72393d204b8cd2,0.20238095238095233,False,0.0
2,28,not_(x[6]),True,not_(x[6]),0.20238095238095233,c236778dc5683a72bff278f68dd0aee1,0.20238095238095233,False,0.0
2,28,not_(x[6]),True,not_(x[6]),0.20238095238095233,c236778dc5683a72bff278f68dd0aee1,0.20238095238095233,False,0.0
2,28,not_(x[6]),True,not_(x[6]),0.20238095238095233,c236778dc5683a72bff278f68dd0aee1,0.20238095238095233,False,0.0
2,28,not_(x[4]),True,not_(x[4]),0.20238095238095233,e9bf358728c366c73b72393d204b8cd2,0.20238095238095233,False,0.0
2,28,not_(x[6]),True,not_(x[6]),0.20238095238095233,c236778dc5683a72bff278f68dd0aee1,0.20238095238095233,False,0.0
2,28,not_(x[4]),True,not_(x[4]),0.20238095238095233,e9bf358728c366c73b72393d204b8cd2,0.20238095238095233,False,0.0
2,28,not_(x[6]),True,not_(x[6]),0.20238095238095233,c236778dc5683a72bff278f68dd0aee1,0.20238095238095233,False,0.0
2,28,not_(x[6]),True,not_(x[6]),0.20238095238095233,c236778dc5683a72bff278f68dd0aee1,0.20238095238095233,False,0.0
2,28,"not_(and_(less_than_or_equal(x[0],92.21),x[6]))",True,not_(x[6]),0.20238095238095233,c236778dc5683a72bff278f68dd0aee1,0.20238095238095233,False,0.0
2,28,not_(x[6]),True,not_(x[6]),0.20238095238095233,c236778dc5683a72bff278f68dd0aee1,0.20238095238095233,False,0.0
2,28,not_(x[4]),True,not_(x[4]),0.20238095238095233,e9bf358728c366c73b72393d204b8cd2,0.20238095238095233,False,0.0
2,28,not_(x[4]),True,not_(x[4]),0.20238095238095233,e9bf358728c366c73b72393d204b8cd2,0.20238095238095233,False,0.0
2,28,not_(x[6]),True,not_(x[6]),0.20238095238095233,c236778dc5683a72bff278f68dd0aee1,0.20238095238095233,False,0.0
2,28,"not_(greater_than_or_equal(x[3], x[3]))",True,"less_than_or_equal(53.67,mul(x[3],x[3]))",0.2142857142857143,2cece411320c1d56790d65c80cc8f440,0.2142857142857143,False,0.0
2,28,not_(x[6]),True,not_(x[6]),0.20238095238095233,c236778dc5683a72bff278f68dd0aee1,0.20238095238095233,False,0.0
2,28,not_(x[4]),True,not_(x[4]),0.20238095238095233,e9bf358728c366c73b72393d204b8cd2,0.20238095238095233,False,0.0
2,28,"not_(and_(x[6],x[6]))",True,not_(x[6]),0.20238095238095233,c236778dc5683a72bff278f68dd0aee1,0.20238095238095233,False,0.0
2,28,not_(x[4]),True,not_(x[4]),0.20238095238095233,e9bf358728c366c73b72393d204b8cd2,0.20238095238095233,False,0.0
2,28,not_(x[6]),True,not_(x[6]),0.20238095238095233,c236778dc5683a72bff278f68dd0aee1,0.20238095238095233,False,0.0
2,28,not_(x[6]),True,not_(x[6]),0.20238095238095233,c236778dc5683a72bff278f68dd0aee1,0.20238095238095233,False,0.0
2,28,not_(x[4]),True,not_(x[4]),0.20238095238095233,e9bf358728c366c73b72393d204b8cd2,0.20238095238095233,False,0.0
2,28,not_(x[6]),True,not_(x[6]),0.20238095238095233,c236778dc5683a72bff278f68dd0aee1,0.20238095238095233,False,0.0
2,28,not_(x[4]),True,not_(x[4]),0.20238095238095233,e9bf358728c366c73b72393d204b8cd2,0.20238095238095233,False,0.0
2,28,"not_(and_(x[6],not_(greater_than_or_equal(x[2], x[0]))))",True,"less_than_or_equal(x[0],x[2])",0.6309523809523809,4e35cb31c50320a58f84a11fa96aa33a,0.6309523809523809,False,0.0
2,28,"not_(or_(x[6],x[6]))",True,not_(x[6]),0.20238095238095233,c236778dc5683a72bff278f68dd0aee1,0.20238095238095233,False,0.0
2,28,"greater_than_or_equal(x[3], mul(x[3],x[3]))",True,"less_than_or_equal(x[3],x[3])",0.7857142857142857,3352141c4f785c0403fcb33f533f7848,0.7857142857142857,False,0.0
2,28,"not_(or_(or_(and_(x[6],or_(x[4],x[4])),x[6]),x[6]))",True,not_(x[6]),0.20238095238095233,c236778dc5683a72bff278f68dd0aee1,0.20238095238095233,False,0.0
2,28,not_(x[6]),True,not_(x[6]),0.20238095238095233,c236778dc5683a72bff278f68dd0aee1,0.20238095238095233,False,0.0
2,28,not_(x[6]),True,not_(x[6]),0.20238095238095233,c236778dc5683a72bff278f68dd0aee1,0.20238095238095233,False,0.0
2,28,not_(x[6]),True,not_(x[6]),0.20238095238095233,c236778dc5683a72bff278f68dd0aee1,0.20238095238095233,False,0.0
2,28,not_(x[4]),True,not_(x[4]),0.20238095238095233,e9bf358728c366c73b72393d204b8cd2,0.20238095238095233,False,0.0
2,28,not_(x[4]),True,not_(x[4]),0.20238095238095233,e9bf358728c366c73b72393d204b8cd2,0.20238095238095233,False,0.0
2,28,not_(x[4]),True,not_(x[4]),0.20238095238095233,e9bf358728c366c73b72393d204b8cd2,0.20238095238095233,False,0.0
2,28,not_(x[6]),True,not_(x[6]),0.20238095238095233,c236778dc5683a72bff278f68dd0aee1,0.20238095238095233,False,0.0
2,28,not_(x[4]),True,not_(x[4]),0.20238095238095233,e9bf358728c366c73b72393d204b8cd2,0.20238095238095233,False,0.0
2,28,not_(x[6]),True,not_(x[6]),0.20238095238095233,c236778dc5683a72bff278f68dd0aee1,0.20238095238095233,False,0.0
2,28,not_(x[6]),True,not_(x[6]),0.20238095238095233,c236778dc5683a72bff278f68dd0aee1,0.20238095238095233,False,0.0
2,28,not_(x[6]),True,not_(x[6]),0.20238095238095233,c236778dc5683a72bff278f68dd0aee1,0.20238095238095233,False,0.0
2,28,not_(x[6]),True,not_(x[6]),0.20238095238095233,c236778dc5683a72bff278f68dd0aee1,0.20238095238095233,False,0.0
2,28,"less_than_or_equal(sub(add(x[0],x[5]),mul(x[2],x[0])),pdiv(mul(x[5],x[0]),add(x[2],x[3])))",True,"less_than_or_equal(sub(add(x[0],x[5]),mul(x[2],x[0])),pdiv(mul(x[5],x[0]),add(x[2],x[3])))",0.19047619047619047,58cc4f21233e882751aa955999da1daf,0.13636363636363635,True,-0.05411255411255411
2,29,not_(x[6]),True,not_(x[6]),0.20238095238095233,c236778dc5683a72bff278f68dd0aee1,0.20238095238095233,False,0.0
2,29,not_(x[6]),True,not_(x[6]),0.20238095238095233,c236778dc5683a72bff278f68dd0aee1,0.20238095238095233,False,0.0
2,29,"less_than_or_equal(sub(add(x[0],x[5]),mul(sub(x[3],x[3]),x[3])),x[3])",True,"not_(greater_than_or_equal(add(x[5],x[0]), x[3]))",0.2142857142857143,19748f61bf98b56966aabd621012162c,0.2142857142857143,False,0.0
2,29,not_(x[4]),True,not_(x[4]),0.20238095238095233,e9bf358728c366c73b72393d204b8cd2,0.20238095238095233,False,0.0
2,29,not_(x[6]),True,not_(x[6]),0.20238095238095233,c236778dc5683a72bff278f68dd0aee1,0.20238095238095233,False,0.0
2,29,not_(x[4]),True,not_(x[4]),0.20238095238095233,e9bf358728c366c73b72393d204b8cd2,0.20238095238095233,False,0.0
2,29,"less_than_or_equal(sub(add(x[0],x[5]),mul(x[2],x[0])),pdiv(mul(x[5],x[0]),add(x[3],sub(sub(x[3],x[5]),x[3]))))",True,"not_(less_than_or_equal(mul(x[3],sub(x[5],mul(x[5],x[2]))),x[2]))",0.25,421940b2bee32cea4cb6474501476e07,0.26190476190476186,True,0.011904761904761862
2,29,"not_(and_(and_(and_(x[6],x[6]),x[6]),x[6]))",True,not_(x[6]),0.20238095238095233,c236778dc5683a72bff278f68dd0aee1,0.20238095238095233,False,0.0
2,29,"not_(and_(x[6],x[4]))",True,not_(x[4]),0.20238095238095233,e9bf358728c366c73b72393d204b8cd2,0.20238095238095233,False,0.0
2,29,not_(x[1]),True,"less_than_or_equal(53.67,mul(x[3],x[3]))",0.2142857142857143,2cece411320c1d56790d65c80cc8f440,0.22619047619047616,True,0.011904761904761862
2,29,"not_(or_(x[4],x[4]))",True,not_(x[4]),0.20238095238095233,e9bf358728c366c73b72393d204b8cd2,0.20238095238095233,False,0.0
2,29,not_(x[6]),True,not_(x[6]),0.20238095238095233,c236778dc5683a72bff278f68dd0aee1,0.20238095238095233,False,0.0
2,29,not_(x[6]),True,not_(x[6]),0.20238095238095233,c236778dc5683a72bff278f68dd0aee1,0.20238095238095233,False,0.0
2,29,not_(x[4]),True,not_(x[4]),0.20238095238095233,e9bf358728c366c73b72393d204b8cd2,0.20238095238095233,False,0.0
2,29,not_(x[6]),True,not_(x[6]),0.20238095238095233,c236778dc5683a72bff278f68dd0aee1,0.20238095238095233,False,0.0
2,29,not_(x[4]),True,not_(x[4]),0.20238095238095233,e9bf358728c366c73b72393d204b8cd2,0.20238095238095233,False,0.0
2,29,not_(x[6]),True,not_(x[6]),0.20238095238095233,c236778dc5683a72bff278f68dd0aee1,0.20238095238095233,False,0.0
2,29,not_(x[6]),True,not_(x[6]),0.20238095238095233,c236778dc5683a72bff278f68dd0aee1,0.20238095238095233,False,0.0
2,29,not_(x[4]),True,not_(x[4]),0.20238095238095233,e9bf358728c366c73b72393d204b8cd2,0.20238095238095233,False,0.0
2,29,not_(x[4]),True,not_(x[4]),0.20238095238095233,e9bf358728c366c73b72393d204b8cd2,0.20238095238095233,False,0.0
2,29,not_(x[6]),True,not_(x[6]),0.20238095238095233,c236778dc5683a72bff278f68dd0aee1,0.20238095238095233,False,0.0
2,29,not_(x[6]),True,not_(x[6]),0.20238095238095233,c236778dc5683a72bff278f68dd0aee1,0.20238095238095233,False,0.0
2,29,not_(x[6]),True,not_(x[6]),0.20238095238095233,c236778dc5683a72bff278f68dd0aee1,0.20238095238095233,False,0.0
2,29,"not_(or_(or_(not_(x[4]),and_(x[6],x[6])),x[6]))",True,"less_than_or_equal(53.67,mul(x[3],x[3]))",0.2142857142857143,2cece411320c1d56790d65c80cc8f440,0.2142857142857143,False,0.0
2,29,not_(x[4]),True,not_(x[4]),0.20238095238095233,e9bf358728c366c73b72393d204b8cd2,0.20238095238095233,False,0.0
2,29,not_(x[6]),True,not_(x[6]),0.20238095238095233,c236778dc5683a72bff278f68dd0aee1,0.20238095238095233,False,0.0
2,29,not_(x[6]),True,not_(x[6]),0.20238095238095233,c236778dc5683a72bff278f68dd0aee1,0.20238095238095233,False,0.0
2,29,not_(x[6]),True,not_(x[6]),0.20238095238095233,c236778dc5683a72bff278f68dd0aee1,0.20238095238095233,False,0.0
2,29,not_(x[4]),True,not_(x[4]),0.20238095238095233,e9bf358728c366c73b72393d204b8cd2,0.20238095238095233,False,0.0
2,29,not_(x[6]),True,not_(x[6]),0.20238095238095233,c236778dc5683a72bff278f68dd0aee1,0.20238095238095233,False,0.0
2,29,not_(x[6]),True,not_(x[6]),0.20238095238095233,c236778dc5683a72bff278f68dd0aee1,0.20238095238095233,False,0.0
2,29,"not_(or_(x[4],x[6]))",True,not_(x[6]),0.20238095238095233,c236778dc5683a72bff278f68dd0aee1,0.20238095238095233,False,0.0
2,29,not_(x[4]),True,not_(x[4]),0.20238095238095233,e9bf358728c366c73b72393d204b8cd2,0.20238095238095233,False,0.0
2,29,not_(x[6]),True,not_(x[6]),0.20238095238095233,c236778dc5683a72bff278f68dd0aee1,0.20238095238095233,False,0.0
2,29,not_(x[6]),True,not_(x[6]),0.20238095238095233,c236778dc5683a72bff278f68dd0aee1,0.20238095238095233,False,0.0
2,29,not_(x[4]),True,not_(x[4]),0.20238095238095233,e9bf358728c366c73b72393d204b8cd2,0.20238095238095233,False,0.0
2,29,not_(x[6]),True,not_(x[6]),0.20238095238095233,c236778dc5683a72bff278f68dd0aee1,0.20238095238095233,False,0.0
2,29,not_(x[6]),True,not_(x[6]),0.20238095238095233,c236778dc5683a72bff278f68dd0aee1,0.20238095238095233,False,0.0
2,29,"not_(or_(x[6],x[6]))",True,not_(x[6]),0.20238095238095233,c236778dc5683a72bff278f68dd0aee1,0.20238095238095233,False,0.0
2,29,not_(x[6]),True,not_(x[6]),0.20238095238095233,c236778dc5683a72bff278f68dd0aee1,0.20238095238095233,False,0.0
2,29,not_(x[6]),True,not_(x[6]),0.20238095238095233,c236778dc5683a72bff278f68dd0aee1,0.20238095238095233,False,0.0
2,29,not_(x[6]),True,not_(x[6]),0.20238095238095233,c236778dc5683a72bff278f68dd0aee1,0.20238095238095233,False,0.0
2,29,not_(x[6]),True,not_(x[6]),0.20238095238095233,c236778dc5683a72bff278f68dd0aee1,0.20238095238095233,False,0.0
2,29,"not_(not_(or_(x[4],and_(and_(x[6],x[4]),x[6]))))",True,"not_(greater_than_or_equal(sub(x[0],x[3]), x[0]))",0.7976190476190477,95cffd09c37f5560118f86148db41cd5,0.7976190476190477,False,0.0
2,29,not_(x[6]),True,not_(x[6]),0.20238095238095233,c236778dc5683a72bff278f68dd0aee1,0.20238095238095233,False,0.0
2,29,not_(x[6]),True,not_(x[6]),0.20238095238095233,c236778dc5683a72bff278f68dd0aee1,0.20238095238095233,False,0.0
2,29,not_(x[6]),True,not_(x[6]),0.20238095238095233,c236778dc5683a72bff278f68dd0aee1,0.20238095238095233,False,0.0
2,29,not_(x[4]),True,not_(x[4]),0.20238095238095233,e9bf358728c366c73b72393d204b8cd2,0.20238095238095233,False,0.0
2,29,not_(x[6]),True,not_(x[6]),0.20238095238095233,c236778dc5683a72bff278f68dd0aee1,0.20238095238095233,False,0.0
2,29,not_(x[6]),True,not_(x[6]),0.20238095238095233,c236778dc5683a72bff278f68dd0aee1,0.20238095238095233,False,0.0
2,29,not_(x[6]),True,not_(x[6]),0.20238095238095233,c236778dc5683a72bff278f68dd0aee1,0.20238095238095233,False,0.0
2,29,not_(not_(x[4])),True,"not_(greater_than_or_equal(sub(x[0],x[3]), x[0]))",0.7976190476190477,95cffd09c37f5560118f86148db41cd5,0.7976190476190477,False,0.0
2,29,"not_(or_(x[4],less_than_or_equal(x[3],add(mul(x[2],x[0]),pdiv(mul(x[5],x[0]),add(x[2],x[3]))))))",True,"less_than_or_equal(53.67,mul(x[3],x[3]))",0.2142857142857143,2cece411320c1d56790d65c80cc8f440,0.2142857142857143,False,0.0
2,29,not_(x[4]),True,not_(x[4]),0.20238095238095233,e9bf358728c366c73b72393d204b8cd2,0.20238095238095233,False,0.0
2,29,not_(x[4]),True,not_(x[4]),0.20238095238095233,e9bf358728c366c73b72393d204b8cd2,0.20238095238095233,False,0.0
2,29,not_(x[6]),True,not_(x[6]),0.20238095238095233,c236778dc5683a72bff278f68dd0aee1,0.20238095238095233,False,0.0
2,29,not_(x[6]),True,not_(x[6]),0.20238095238095233,c236778dc5683a72bff278f68dd0aee1,0.20238095238095233,False,0.0
2,29,not_(x[4]),True,not_(x[4]),0.20238095238095233,e9bf358728c366c73b72393d204b8cd2,0.20238095238095233,False,0.0
2,29,not_(x[6]),True,not_(x[6]),0.20238095238095233,c236778dc5683a72bff278f68dd0aee1,0.20238095238095233,False,0.0
2,29,not_(x[4]),True,not_(x[4]),0.20238095238095233,e9bf358728c366c73b72393d204b8cd2,0.20238095238095233,False,0.0
2,29,"not_(or_(x[6],x[6]))",True,not_(x[6]),0.20238095238095233,c236778dc5683a72bff278f68dd0aee1,0.20238095238095233,False,0.0
2,29,not_(x[4]),True,not_(x[4]),0.20238095238095233,e9bf358728c366c73b72393d204b8cd2,0.20238095238095233,False,0.0
2,29,not_(x[4]),True,not_(x[4]),0.20238095238095233,e9bf358728c366c73b72393d204b8cd2,0.20238095238095233,False,0.0
2,29,not_(x[6]),True,not_(x[6]),0.20238095238095233,c236778dc5683a72bff278f68dd0aee1,0.20238095238095233,False,0.0
2,29,not_(x[4]),True,not_(x[4]),0.20238095238095233,e9bf358728c366c73b72393d204b8cd2,0.20238095238095233,False,0.0
2,29,"not_(not_(and_(and_(x[6],x[6]),x[6])))",True,"or_(not_(greater_than_or_equal(x[3], x[3])),x[6])",0.7976190476190477,dabf352ca9fc16fe7897b3fa7e73f5cb,0.7976190476190477,False,0.0
2,29,not_(x[6]),True,not_(x[6]),0.20238095238095233,c236778dc5683a72bff278f68dd0aee1,0.20238095238095233,False,0.0
2,29,not_(x[6]),True,not_(x[6]),0.20238095238095233,c236778dc5683a72bff278f68dd0aee1,0.20238095238095233,False,0.0
2,29,not_(x[6]),True,not_(x[6]),0.20238095238095233,c236778dc5683a72bff278f68dd0aee1,0.20238095238095233,False,0.0
2,29,not_(x[6]),True,not_(x[6]),0.20238095238095233,c236778dc5683a72bff278f68dd0aee1,0.20238095238095233,False,0.0
2,29,not_(x[6]),True,not_(x[6]),0.20238095238095233,c236778dc5683a72bff278f68dd0aee1,0.20238095238095233,False,0.0
2,29,not_(x[6]),True,not_(x[6]),0.20238095238095233,c236778dc5683a72bff278f68dd0aee1,0.20238095238095233,False,0.0
2,29,not_(x[6]),True,not_(x[6]),0.20238095238095233,c236778dc5683a72bff278f68dd0aee1,0.20238095238095233,False,0.0
2,29,not_(x[4]),True,not_(x[4]),0.20238095238095233,e9bf358728c366c73b72393d204b8cd2,0.20238095238095233,False,0.0
2,29,"not_(and_(x[6],or_(x[4],x[6])))",True,not_(x[6]),0.20238095238095233,c236778dc5683a72bff278f68dd0aee1,0.20238095238095233,False,0.0
2,29,not_(x[4]),True,not_(x[4]),0.20238095238095233,e9bf358728c366c73b72393d204b8cd2,0.20238095238095233,False,0.0
2,29,not_(x[4]),True,not_(x[4]),0.20238095238095233,e9bf358728c366c73b72393d204b8cd2,0.20238095238095233,False,0.0
2,29,not_(x[6]),True,not_(x[6]),0.20238095238095233,c236778dc5683a72bff278f68dd0aee1,0.20238095238095233,False,0.0
2,29,not_(x[6]),True,not_(x[6]),0.20238095238095233,c236778dc5683a72bff278f68dd0aee1,0.20238095238095233,False,0.0
2,29,"not_(and_(x[6],x[6]))",True,not_(x[6]),0.20238095238095233,c236778dc5683a72bff278f68dd0aee1,0.20238095238095233,False,0.0
2,29,not_(x[6]),True,not_(x[6]),0.20238095238095233,c236778dc5683a72bff278f68dd0aee1,0.20238095238095233,False,0.0
2,29,not_(x[6]),True,not_(x[6]),0.20238095238095233,c236778dc5683a72bff278f68dd0aee1,0.20238095238095233,False,0.0
2,29,"and_(x[6],x[6])",True,"or_(not_(greater_than_or_equal(x[3], x[3])),x[6])",0.7976190476190477,dabf352ca9fc16fe7897b3fa7e73f5cb,0.7976190476190477,False,0.0
2,29,not_(x[6]),True,not_(x[6]),0.20238095238095233,c236778dc5683a72bff278f68dd0aee1,0.20238095238095233,False,0.0
2,29,not_(x[6]),True,not_(x[6]),0.20238095238095233,c236778dc5683a72bff278f68dd0aee1,0.20238095238095233,False,0.0
2,29,not_(x[6]),True,not_(x[6]),0.20238095238095233,c236778dc5683a72bff278f68dd0aee1,0.20238095238095233,False,0.0
2,29,not_(x[6]),True,not_(x[6]),0.20238095238095233,c236778dc5683a72bff278f68dd0aee1,0.20238095238095233,False,0.0
2,29,not_(x[6]),True,not_(x[6]),0.20238095238095233,c236778dc5683a72bff278f68dd0aee1,0.20238095238095233,False,0.0
2,29,not_(x[4]),True,not_(x[4]),0.20238095238095233,e9bf358728c366c73b72393d204b8cd2,0.20238095238095233,False,0.0
2,29,not_(x[6]),True,not_(x[6]),0.20238095238095233,c236778dc5683a72bff278f68dd0aee1,0.20238095238095233,False,0.0
2,29,not_(x[6]),True,not_(x[6]),0.20238095238095233,c236778dc5683a72bff278f68dd0aee1,0.20238095238095233,False,0.0
2,29,not_(x[6]),True,not_(x[6]),0.20238095238095233,c236778dc5683a72bff278f68dd0aee1,0.20238095238095233,False,0.0
2,29,not_(x[6]),True,not_(x[6]),0.20238095238095233,c236778dc5683a72bff278f68dd0aee1,0.20238095238095233,False,0.0
2,29,"not_(and_(x[6],x[6]))",True,not_(x[6]),0.20238095238095233,c236778dc5683a72bff278f68dd0aee1,0.20238095238095233,False,0.0
2,29,"not_(or_(x[6],x[4]))",True,not_(x[6]),0.20238095238095233,c236778dc5683a72bff278f68dd0aee1,0.20238095238095233,False,0.0
2,29,not_(x[6]),True,not_(x[6]),0.20238095238095233,c236778dc5683a72bff278f68dd0aee1,0.20238095238095233,False,0.0
2,29,"less_than_or_equal(sub(add(x[0],x[5]),mul(x[2],x[0])),pdiv(mul(x[2],x[2]),add(x[2],x[3])))",True,not_(x[6]),0.20238095238095233,c236778dc5683a72bff278f68dd0aee1,0.2142857142857143,True,0.011904761904761973
2,29,not_(x[6]),True,not_(x[6]),0.20238095238095233,c236778dc5683a72bff278f68dd0aee1,0.20238095238095233,False,0.0
2,29,not_(x[6]),True,not_(x[6]),0.20238095238095233,c236778dc5683a72bff278f68dd0aee1,0.20238095238095233,False,0.0
2,29,not_(x[6]),True,not_(x[6]),0.20238095238095233,c236778dc5683a72bff278f68dd0aee1,0.20238095238095233,False,0.0
2,29,not_(x[4]),True,not_(x[4]),0.20238095238095233,e9bf358728c366c73b72393d204b8cd2,0.20238095238095233,False,0.0
2,29,"or_(x[4],less_than_or_equal(x[3],add(mul(x[2],x[0]),pdiv(mul(x[5],x[0]),mul(sub(x[3],mul(41.42,x[3])),x[5])))))",True,"less_than_or_equal(x[3],x[3])",0.7857142857142857,3352141c4f785c0403fcb33f533f7848,0.7857142857142857,False,0.0
2,29,not_(x[6]),True,not_(x[6]),0.20238095238095233,c236778dc5683a72bff278f68dd0aee1,0.20238095238095233,False,0.0
2,29,not_(x[6]),True,not_(x[6]),0.20238095238095233,c236778dc5683a72bff278f68dd0aee1,0.20238095238095233,False,0.0
2,29,not_(x[6]),True,not_(x[6]),0.20238095238095233,c236778dc5683a72bff278f68dd0aee1,0.20238095238095233,False,0.0
2,29,not_(x[6]),True,not_(x[6]),0.20238095238095233,c236778dc5683a72bff278f68dd0aee1,0.20238095238095233,False,0.0
2,29,"not_(or_(x[6],x[4]))",True,not_(x[6]),0.20238095238095233,c236778dc5683a72bff278f68dd0aee1,0.20238095238095233,False,0.0
2,29,"not_(or_(or_(x[6],and_(x[6],x[6])),x[6]))",True,not_(x[6]),0.20238095238095233,c236778dc5683a72bff278f68dd0aee1,0.20238095238095233,False,0.0
2,29,not_(x[6]),True,not_(x[6]),0.20238095238095233,c236778dc5683a72bff278f68dd0aee1,0.20238095238095233,False,0.0
2,29,not_(x[6]),True,not_(x[6]),0.20238095238095233,c236778dc5683a72bff278f68dd0aee1,0.20238095238095233,False,0.0
2,29,not_(x[4]),True,not_(x[4]),0.20238095238095233,e9bf358728c366c73b72393d204b8cd2,0.20238095238095233,False,0.0
2,29,not_(x[6]),True,not_(x[6]),0.20238095238095233,c236778dc5683a72bff278f68dd0aee1,0.20238095238095233,False,0.0
2,29,not_(x[4]),True,not_(x[4]),0.20238095238095233,e9bf358728c366c73b72393d204b8cd2,0.20238095238095233,False,0.0
2,29,not_(x[6]),True,not_(x[6]),0.20238095238095233,c236778dc5683a72bff278f68dd0aee1,0.20238095238095233,False,0.0
2,29,not_(x[4]),True,not_(x[4]),0.20238095238095233,e9bf358728c366c73b72393d204b8cd2,0.20238095238095233,False,0.0
2,29,not_(x[6]),True,not_(x[6]),0.20238095238095233,c236778dc5683a72bff278f68dd0aee1,0.20238095238095233,False,0.0
2,29,not_(x[4]),True,not_(x[4]),0.20238095238095233,e9bf358728c366c73b72393d204b8cd2,0.20238095238095233,False,0.0
2,29,not_(x[6]),True,not_(x[6]),0.20238095238095233,c236778dc5683a72bff278f68dd0aee1,0.20238095238095233,False,0.0
2,29,"not_(or_(x[1],and_(x[6],x[4])))",True,"less_than_or_equal(53.67,mul(x[3],x[3]))",0.2142857142857143,2cece411320c1d56790d65c80cc8f440,0.22619047619047616,True,0.011904761904761862
2,29,not_(x[4]),True,not_(x[4]),0.20238095238095233,e9bf358728c366c73b72393d204b8cd2,0.20238095238095233,False,0.0
2,29,not_(x[4]),True,not_(x[4]),0.20238095238095233,e9bf358728c366c73b72393d204b8cd2,0.20238095238095233,False,0.0
2,29,not_(x[6]),True,not_(x[6]),0.20238095238095233,c236778dc5683a72bff278f68dd0aee1,0.20238095238095233,False,0.0
2,29,not_(x[4]),True,not_(x[4]),0.20238095238095233,e9bf358728c366c73b72393d204b8cd2,0.20238095238095233,False,0.0
2,29,not_(x[6]),True,not_(x[6]),0.20238095238095233,c236778dc5683a72bff278f68dd0aee1,0.20238095238095233,False,0.0
2,29,not_(x[6]),True,not_(x[6]),0.20238095238095233,c236778dc5683a72bff278f68dd0aee1,0.20238095238095233,False,0.0
2,29,not_(x[6]),True,not_(x[6]),0.20238095238095233,c236778dc5683a72bff278f68dd0aee1,0.20238095238095233,False,0.0
2,29,not_(x[6]),True,not_(x[6]),0.20238095238095233,c236778dc5683a72bff278f68dd0aee1,0.20238095238095233,False,0.0
2,29,not_(x[4]),True,not_(x[4]),0.20238095238095233,e9bf358728c366c73b72393d204b8cd2,0.20238095238095233,False,0.0
2,29,"or_(x[4],x[6])",True,"or_(not_(greater_than_or_equal(x[3], x[3])),x[6])",0.7976190476190477,dabf352ca9fc16fe7897b3fa7e73f5cb,0.7976190476190477,False,0.0
2,29,not_(x[6]),True,not_(x[6]),0.20238095238095233,c236778dc5683a72bff278f68dd0aee1,0.20238095238095233,False,0.0
2,29,not_(x[4]),True,not_(x[4]),0.20238095238095233,e9bf358728c366c73b72393d204b8cd2,0.20238095238095233,False,0.0
2,29,not_(x[6]),True,not_(x[6]),0.20238095238095233,c236778dc5683a72bff278f68dd0aee1,0.20238095238095233,False,0.0
2,29,not_(x[6]),True,not_(x[6]),0.20238095238095233,c236778dc5683a72bff278f68dd0aee1,0.20238095238095233,False,0.0
2,29,not_(x[6]),True,not_(x[6]),0.20238095238095233,c236778dc5683a72bff278f68dd0aee1,0.20238095238095233,False,0.0
2,29,"not_(or_(x[4],x[6]))",True,not_(x[6]),0.20238095238095233,c236778dc5683a72bff278f68dd0aee1,0.20238095238095233,False,0.0
2,29,not_(x[6]),True,not_(x[6]),0.20238095238095233,c236778dc5683a72bff278f68dd0aee1,0.20238095238095233,False,0.0
2,29,not_(x[4]),True,not_(x[4]),0.20238095238095233,e9bf358728c366c73b72393d204b8cd2,0.20238095238095233,False,0.0
2,29,not_(x[4]),True,not_(x[4]),0.20238095238095233,e9bf358728c366c73b72393d204b8cd2,0.20238095238095233,False,0.0
2,29,not_(x[4]),True,not_(x[4]),0.20238095238095233,e9bf358728c366c73b72393d204b8cd2,0.20238095238095233,False,0.0
2,29,not_(x[6]),True,not_(x[6]),0.20238095238095233,c236778dc5683a72bff278f68dd0aee1,0.20238095238095233,False,0.0
2,29,"not_(or_(x[6],x[4]))",True,not_(x[6]),0.20238095238095233,c236778dc5683a72bff278f68dd0aee1,0.20238095238095233,False,0.0
2,29,not_(x[4]),True,not_(x[4]),0.20238095238095233,e9bf358728c366c73b72393d204b8cd2,0.20238095238095233,False,0.0
2,29,not_(x[6]),True,not_(x[6]),0.20238095238095233,c236778dc5683a72bff278f68dd0aee1,0.20238095238095233,False,0.0
2,29,not_(x[4]),True,not_(x[4]),0.20238095238095233,e9bf358728c366c73b72393d204b8cd2,0.20238095238095233,False,0.0
2,29,"not_(or_(x[6],x[6]))",True,not_(x[6]),0.20238095238095233,c236778dc5683a72bff278f68dd0aee1,0.20238095238095233,False,0.0
2,29,not_(x[4]),True,not_(x[4]),0.20238095238095233,e9bf358728c366c73b72393d204b8cd2,0.20238095238095233,False,0.0
2,29,not_(x[4]),True,not_(x[4]),0.20238095238095233,e9bf358728c366c73b72393d204b8cd2,0.20238095238095233,False,0.0
2,29,not_(x[4]),True,not_(x[4]),0.20238095238095233,e9bf358728c366c73b72393d204b8cd2,0.20238095238095233,False,0.0
2,29,not_(x[6]),True,not_(x[6]),0.20238095238095233,c236778dc5683a72bff278f68dd0aee1,0.20238095238095233,False,0.0
2,29,not_(x[4]),True,not_(x[4]),0.20238095238095233,e9bf358728c366c73b72393d204b8cd2,0.20238095238095233,False,0.0
2,29,not_(x[6]),True,not_(x[6]),0.20238095238095233,c236778dc5683a72bff278f68dd0aee1,0.20238095238095233,False,0.0
2,29,"not_(or_(x[4],x[6]))",True,not_(x[6]),0.20238095238095233,c236778dc5683a72bff278f68dd0aee1,0.20238095238095233,False,0.0
2,29,"less_than_or_equal(sub(add(x[0],x[5]),mul(x[0],x[0])),x[5])",True,not_(x[6]),0.20238095238095233,c236778dc5683a72bff278f68dd0aee1,0.20238095238095233,False,0.0
2,29,not_(x[6]),True,not_(x[6]),0.20238095238095233,c236778dc5683a72bff278f68dd0aee1,0.20238095238095233,False,0.0
2,29,not_(x[6]),True,not_(x[6]),0.20238095238095233,c236778dc5683a72bff278f68dd0aee1,0.20238095238095233,False,0.0
2,29,not_(x[4]),True,not_(x[4]),0.20238095238095233,e9bf358728c366c73b72393d204b8cd2,0.20238095238095233,False,0.0
2,29,not_(not_(x[6])),True,"or_(not_(greater_than_or_equal(x[3], x[3])),x[6])",0.7976190476190477,dabf352ca9fc16fe7897b3fa7e73f5cb,0.7976190476190477,False,0.0
2,29,not_(x[6]),True,not_(x[6]),0.20238095238095233,c236778dc5683a72bff278f68dd0aee1,0.20238095238095233,False,0.0
2,29,not_(x[6]),True,not_(x[6]),0.20238095238095233,c236778dc5683a72bff278f68dd0aee1,0.20238095238095233,False,0.0
2,29,not_(x[6]),True,not_(x[6]),0.20238095238095233,c236778dc5683a72bff278f68dd0aee1,0.20238095238095233,False,0.0
2,29,not_(x[4]),True,not_(x[4]),0.20238095238095233,e9bf358728c366c73b72393d204b8cd2,0.20238095238095233,False,0.0
2,29,not_(x[6]),True,not_(x[6]),0.20238095238095233,c236778dc5683a72bff278f68dd0aee1,0.20238095238095233,False,0.0
2,29,"not_(and_(x[4],x[4]))",True,not_(x[4]),0.20238095238095233,e9bf358728c366c73b72393d204b8cd2,0.20238095238095233,False,0.0
2,29,not_(x[6]),True,not_(x[6]),0.20238095238095233,c236778dc5683a72bff278f68dd0aee1,0.20238095238095233,False,0.0
2,29,not_(not_(x[4])),True,"not_(greater_than_or_equal(sub(x[0],x[3]), x[0]))",0.7976190476190477,95cffd09c37f5560118f86148db41cd5,0.7976190476190477,False,0.0
2,29,not_(x[4]),True,not_(x[4]),0.20238095238095233,e9bf358728c366c73b72393d204b8cd2,0.20238095238095233,False,0.0
2,29,"not_(or_(x[6],x[6]))",True,not_(x[6]),0.20238095238095233,c236778dc5683a72bff278f68dd0aee1,0.20238095238095233,False,0.0
2,29,not_(x[6]),True,not_(x[6]),0.20238095238095233,c236778dc5683a72bff278f68dd0aee1,0.20238095238095233,False,0.0
2,29,not_(x[6]),True,not_(x[6]),0.20238095238095233,c236778dc5683a72bff278f68dd0aee1,0.20238095238095233,False,0.0
2,29,"not_(and_(and_(x[6],x[6]),x[6]))",True,not_(x[6]),0.20238095238095233,c236778dc5683a72bff278f68dd0aee1,0.20238095238095233,False,0.0
2,29,"not_(and_(x[6],less_than_or_equal(x[3],mul(sub(x[2],x[0]),mul(x[2],x[2])))))",True,"less_than_or_equal(x[3],x[3])",0.7857142857142857,3352141c4f785c0403fcb33f533f7848,0.7619047619047619,True,-0.023809523809523836
2,29,not_(x[4]),True,not_(x[4]),0.20238095238095233,e9bf358728c366c73b72393d204b8cd2,0.20238095238095233,False,0.0
2,29,"not_(and_(x[4],x[4]))",True,not_(x[4]),0.20238095238095233,e9bf358728c366c73b72393d204b8cd2,0.20238095238095233,False,0.0
2,29,not_(x[4]),True,not_(x[4]),0.20238095238095233,e9bf358728c366c73b72393d204b8cd2,0.20238095238095233,False,0.0
2,29,"greater_than_or_equal(mul(x[0],mul(x[3],45.79)), sub(x[0],pdiv(mul(x[5],x[0]),add(x[2],x[3]))))",True,"less_than_or_equal(x[3],x[3])",0.7857142857142857,3352141c4f785c0403fcb33f533f7848,0.7738095238095238,True,-0.011904761904761862
2,29,not_(x[4]),True,not_(x[4]),0.20238095238095233,e9bf358728c366c73b72393d204b8cd2,0.20238095238095233,False,0.0
2,29,not_(x[6]),True,not_(x[6]),0.20238095238095233,c236778dc5683a72bff278f68dd0aee1,0.20238095238095233,False,0.0
2,29,not_(x[6]),True,not_(x[6]),0.20238095238095233,c236778dc5683a72bff278f68dd0aee1,0.20238095238095233,False,0.0
2,29,not_(x[6]),True,not_(x[6]),0.20238095238095233,c236778dc5683a72bff278f68dd0aee1,0.20238095238095233,False,0.0
2,29,not_(x[6]),True,not_(x[6]),0.20238095238095233,c236778dc5683a72bff278f68dd0aee1,0.20238095238095233,False,0.0
2,29,not_(x[6]),True,not_(x[6]),0.20238095238095233,c236778dc5683a72bff278f68dd0aee1,0.20238095238095233,False,0.0
2,29,not_(x[6]),True,not_(x[6]),0.20238095238095233,c236778dc5683a72bff278f68dd0aee1,0.20238095238095233,False,0.0
2,29,not_(x[4]),True,not_(x[4]),0.20238095238095233,e9bf358728c366c73b72393d204b8cd2,0.20238095238095233,False,0.0
2,29,not_(x[6]),True,not_(x[6]),0.20238095238095233,c236778dc5683a72bff278f68dd0aee1,0.20238095238095233,False,0.0
2,29,not_(x[4]),True,not_(x[4]),0.20238095238095233,e9bf358728c366c73b72393d204b8cd2,0.20238095238095233,False,0.0
2,29,not_(x[4]),True,not_(x[4]),0.20238095238095233,e9bf358728c366c73b72393d204b8cd2,0.20238095238095233,False,0.0
2,29,not_(x[6]),True,not_(x[6]),0.20238095238095233,c236778dc5683a72bff278f68dd0aee1,0.20238095238095233,False,0.0
2,29,not_(x[4]),True,not_(x[4]),0.20238095238095233,e9bf358728c366c73b72393d204b8cd2,0.20238095238095233,False,0.0
2,29,not_(x[6]),True,not_(x[6]),0.20238095238095233,c236778dc5683a72bff278f68dd0aee1,0.20238095238095233,False,0.0
2,29,not_(x[6]),True,not_(x[6]),0.20238095238095233,c236778dc5683a72bff278f68dd0aee1,0.20238095238095233,False,0.0
2,29,"less_than_or_equal(sub(add(x[0],x[5]),mul(x[2],x[0])),pdiv(mul(x[5],x[2]),add(x[2],x[3])))",True,not_(x[6]),0.20238095238095233,c236778dc5683a72bff278f68dd0aee1,0.20238095238095233,False,0.0
2,29,not_(x[6]),True,not_(x[6]),0.20238095238095233,c236778dc5683a72bff278f68dd0aee1,0.20238095238095233,False,0.0
2,29,not_(x[4]),True,not_(x[4]),0.20238095238095233,e9bf358728c366c73b72393d204b8cd2,0.20238095238095233,False,0.0
2,29,"less_than_or_equal(x[5],x[0])",True,"or_(and_(less_than_or_equal(x[2],x[0]),less_than_or_equal(x[5],x[0])),not_(less_than_or_equal(x[2],x[2])))",0.27380952380952384,a0c78b1f320be2873d4f79460a39f316,0.2857142857142857,True,0.011904761904761862
2,29,not_(x[4]),True,not_(x[4]),0.20238095238095233,e9bf358728c366c73b72393d204b8cd2,0.20238095238095233,False,0.0
2,29,not_(x[6]),True,not_(x[6]),0.20238095238095233,c236778dc5683a72bff278f68dd0aee1,0.20238095238095233,False,0.0
2,29,not_(x[6]),True,not_(x[6]),0.20238095238095233,c236778dc5683a72bff278f68dd0aee1,0.20238095238095233,False,0.0
2,29,not_(x[6]),True,not_(x[6]),0.20238095238095233,c236778dc5683a72bff278f68dd0aee1,0.20238095238095233,False,0.0
2,29,not_(x[6]),True,not_(x[6]),0.20238095238095233,c236778dc5683a72bff278f68dd0aee1,0.20238095238095233,False,0.0
2,29,not_(x[4]),True,not_(x[4]),0.20238095238095233,e9bf358728c366c73b72393d204b8cd2,0.20238095238095233,False,0.0
2,29,"not_(or_(x[6],and_(x[6],or_(x[6],x[4]))))",True,not_(x[6]),0.20238095238095233,c236778dc5683a72bff278f68dd0aee1,0.20238095238095233,False,0.0
2,29,not_(x[6]),True,not_(x[6]),0.20238095238095233,c236778dc5683a72bff278f68dd0aee1,0.20238095238095233,False,0.0
2,29,not_(x[6]),True,not_(x[6]),0.20238095238095233,c236778dc5683a72bff278f68dd0aee1,0.20238095238095233,False,0.0
2,29,"not_(and_(x[4],x[6]))",True,not_(x[4]),0.20238095238095233,e9bf358728c366c73b72393d204b8cd2,0.20238095238095233,False,0.0
2,29,"not_(and_(x[6],x[6]))",True,not_(x[6]),0.20238095238095233,c236778dc5683a72bff278f68dd0aee1,0.20238095238095233,False,0.0
2,29,not_(x[6]),True,not_(x[6]),0.20238095238095233,c236778dc5683a72bff278f68dd0aee1,0.20238095238095233,False,0.0
2,29,not_(x[6]),True,not_(x[6]),0.20238095238095233,c236778dc5683a72bff278f68dd0aee1,0.20238095238095233,False,0.0
2,29,not_(x[6]),True,not_(x[6]),0.20238095238095233,c236778dc5683a72bff278f68dd0aee1,0.20238095238095233,False,0.0
2,29,"not_(or_(x[6],x[4]))",True,not_(x[6]),0.20238095238095233,c236778dc5683a72bff278f68dd0aee1,0.20238095238095233,False,0.0
2,29,not_(x[6]),True,not_(x[6]),0.20238095238095233,c236778dc5683a72bff278f68dd0aee1,0.20238095238095233,False,0.0
2,29,not_(x[4]),True,not_(x[4]),0.20238095238095233,e9bf358728c366c73b72393d204b8cd2,0.20238095238095233,False,0.0
2,29,not_(x[4]),True,not_(x[4]),0.20238095238095233,e9bf358728c366c73b72393d204b8cd2,0.20238095238095233,False,0.0
2,29,not_(x[4]),True,not_(x[4]),0.20238095238095233,e9bf358728c366c73b72393d204b8cd2,0.20238095238095233,False,0.0
2,29,not_(x[6]),True,not_(x[6]),0.20238095238095233,c236778dc5683a72bff278f68dd0aee1,0.20238095238095233,False,0.0
2,29,not_(x[6]),True,not_(x[6]),0.20238095238095233,c236778dc5683a72bff278f68dd0aee1,0.20238095238095233,False,0.0
2,29,not_(x[6]),True,not_(x[6]),0.20238095238095233,c236778dc5683a72bff278f68dd0aee1,0.20238095238095233,False,0.0
2,29,not_(x[4]),True,not_(x[4]),0.20238095238095233,e9bf358728c366c73b72393d204b8cd2,0.20238095238095233,False,0.0
2,29,"not_(and_(x[6],x[1]))",True,not_(x[6]),0.20238095238095233,c236778dc5683a72bff278f68dd0aee1,0.2142857142857143,True,0.011904761904761973
2,29,x[4],True,x[4],0.7976190476190477,a4f678dee830d65312a3e1b8bd840994,0.7976190476190477,False,0.0
2,29,not_(x[4]),True,not_(x[4]),0.20238095238095233,e9bf358728c366c73b72393d204b8cd2,0.20238095238095233,False,0.0
2,29,not_(x[6]),True,not_(x[6]),0.20238095238095233,c236778dc5683a72bff278f68dd0aee1,0.20238095238095233,False,0.0
2,29,not_(x[6]),True,not_(x[6]),0.20238095238095233,c236778dc5683a72bff278f68dd0aee1,0.20238095238095233,False,0.0
2,29,not_(x[4]),True,not_(x[4]),0.20238095238095233,e9bf358728c366c73b72393d204b8cd2,0.20238095238095233,False,0.0
2,29,not_(x[6]),True,not_(x[6]),0.20238095238095233,c236778dc5683a72bff278f68dd0aee1,0.20238095238095233,False,0.0
2,29,not_(x[6]),True,not_(x[6]),0.20238095238095233,c236778dc5683a72bff278f68dd0aee1,0.20238095238095233,False,0.0
2,29,not_(x[6]),True,not_(x[6]),0.20238095238095233,c236778dc5683a72bff278f68dd0aee1,0.20238095238095233,False,0.0
2,29,"not_(or_(x[6],x[6]))",True,not_(x[6]),0.20238095238095233,c236778dc5683a72bff278f68dd0aee1,0.20238095238095233,False,0.0
2,29,"not_(and_(x[6],x[6]))",True,not_(x[6]),0.20238095238095233,c236778dc5683a72bff278f68dd0aee1,0.20238095238095233,False,0.0
2,29,"not_(not_(or_(x[4],x[4])))",True,"not_(greater_than_or_equal(sub(x[0],x[3]), x[0]))",0.7976190476190477,95cffd09c37f5560118f86148db41cd5,0.7976190476190477,False,0.0
2,29,not_(x[4]),True,not_(x[4]),0.20238095238095233,e9bf358728c366c73b72393d204b8cd2,0.20238095238095233,False,0.0
2,29,not_(x[6]),True,not_(x[6]),0.20238095238095233,c236778dc5683a72bff278f68dd0aee1,0.20238095238095233,False,0.0
2,29,not_(x[6]),True,not_(x[6]),0.20238095238095233,c236778dc5683a72bff278f68dd0aee1,0.20238095238095233,False,0.0
2,29,not_(x[6]),True,not_(x[6]),0.20238095238095233,c236778dc5683a72bff278f68dd0aee1,0.20238095238095233,False,0.0
2,29,not_(x[6]),True,not_(x[6]),0.20238095238095233,c236778dc5683a72bff278f68dd0aee1,0.20238095238095233,False,0.0
2,29,"not_(and_(x[6],x[4]))",True,not_(x[4]),0.20238095238095233,e9bf358728c366c73b72393d204b8cd2,0.20238095238095233,False,0.0
2,29,not_(x[4]),True,not_(x[4]),0.20238095238095233,e9bf358728c366c73b72393d204b8cd2,0.20238095238095233,False,0.0
2,29,not_(x[6]),True,not_(x[6]),0.20238095238095233,c236778dc5683a72bff278f68dd0aee1,0.20238095238095233,False,0.0
2,29,"not_(and_(x[6],x[4]))",True,not_(x[4]),0.20238095238095233,e9bf358728c366c73b72393d204b8cd2,0.20238095238095233,False,0.0
2,29,"not_(and_(x[6],or_(x[6],x[4])))",True,not_(x[6]),0.20238095238095233,c236778dc5683a72bff278f68dd0aee1,0.20238095238095233,False,0.0
2,29,not_(x[6]),True,not_(x[6]),0.20238095238095233,c236778dc5683a72bff278f68dd0aee1,0.20238095238095233,False,0.0
2,29,not_(x[6]),True,not_(x[6]),0.20238095238095233,c236778dc5683a72bff278f68dd0aee1,0.20238095238095233,False,0.0
2,29,not_(x[6]),True,not_(x[6]),0.20238095238095233,c236778dc5683a72bff278f68dd0aee1,0.20238095238095233,False,0.0
2,29,not_(x[6]),True,not_(x[6]),0.20238095238095233,c236778dc5683a72bff278f68dd0aee1,0.20238095238095233,False,0.0
2,29,not_(x[4]),True,not_(x[4]),0.20238095238095233,e9bf358728c366c73b72393d204b8cd2,0.20238095238095233,False,0.0
2,29,not_(x[4]),True,not_(x[4]),0.20238095238095233,e9bf358728c366c73b72393d204b8cd2,0.20238095238095233,False,0.0
2,29,not_(x[6]),True,not_(x[6]),0.20238095238095233,c236778dc5683a72bff278f68dd0aee1,0.20238095238095233,False,0.0
2,29,not_(x[6]),True,not_(x[6]),0.20238095238095233,c236778dc5683a72bff278f68dd0aee1,0.20238095238095233,False,0.0
2,29,"less_than_or_equal(sub(add(x[0],x[5]),mul(x[2],x[0])),pdiv(mul(x[5],x[0]),add(x[2],x[3])))",True,"less_than_or_equal(sub(add(x[0],x[5]),mul(x[2],x[0])),pdiv(mul(x[5],x[0]),add(x[2],x[3])))",0.19047619047619047,58cc4f21233e882751aa955999da1daf,0.13636363636363635,True,-0.05411255411255411
2,30,not_(x[6]),True,not_(x[6]),0.20238095238095233,c236778dc5683a72bff278f68dd0aee1,0.20238095238095233,False,0.0
2,30,not_(x[4]),True,not_(x[4]),0.20238095238095233,e9bf358728c366c73b72393d204b8cd2,0.20238095238095233,False,0.0
2,30,not_(x[6]),True,not_(x[6]),0.20238095238095233,c236778dc5683a72bff278f68dd0aee1,0.20238095238095233,False,0.0
2,30,not_(x[6]),True,not_(x[6]),0.20238095238095233,c236778dc5683a72bff278f68dd0aee1,0.20238095238095233,False,0.0
2,30,not_(x[4]),True,not_(x[4]),0.20238095238095233,e9bf358728c366c73b72393d204b8cd2,0.20238095238095233,False,0.0
2,30,not_(x[4]),True,not_(x[4]),0.20238095238095233,e9bf358728c366c73b72393d204b8cd2,0.20238095238095233,False,0.0
2,30,not_(x[6]),True,not_(x[6]),0.20238095238095233,c236778dc5683a72bff278f68dd0aee1,0.20238095238095233,False,0.0
2,30,not_(x[4]),True,not_(x[4]),0.20238095238095233,e9bf358728c366c73b72393d204b8cd2,0.20238095238095233,False,0.0
2,30,not_(x[6]),True,not_(x[6]),0.20238095238095233,c236778dc5683a72bff278f68dd0aee1,0.20238095238095233,False,0.0
2,30,not_(x[4]),True,not_(x[4]),0.20238095238095233,e9bf358728c366c73b72393d204b8cd2,0.20238095238095233,False,0.0
2,30,"greater_than_or_equal(pdiv(x[5],mul(x[2],x[0])), sub(mul(x[5],x[0]),add(x[2],x[3])))",True,"less_than_or_equal(x[3],x[3])",0.7857142857142857,3352141c4f785c0403fcb33f533f7848,0.7857142857142857,False,0.0
2,30,not_(x[6]),True,not_(x[6]),0.20238095238095233,c236778dc5683a72bff278f68dd0aee1,0.20238095238095233,False,0.0
2,30,not_(x[6]),True,not_(x[6]),0.20238095238095233,c236778dc5683a72bff278f68dd0aee1,0.20238095238095233,False,0.0
2,30,not_(x[4]),True,not_(x[4]),0.20238095238095233,e9bf358728c366c73b72393d204b8cd2,0.20238095238095233,False,0.0
2,30,not_(not_(x[6])),True,"or_(not_(greater_than_or_equal(x[3], x[3])),x[6])",0.7976190476190477,dabf352ca9fc16fe7897b3fa7e73f5cb,0.7976190476190477,False,0.0
2,30,not_(x[4]),True,not_(x[4]),0.20238095238095233,e9bf358728c366c73b72393d204b8cd2,0.20238095238095233,False,0.0
2,30,not_(x[6]),True,not_(x[6]),0.20238095238095233,c236778dc5683a72bff278f68dd0aee1,0.20238095238095233,False,0.0
2,30,not_(x[6]),True,not_(x[6]),0.20238095238095233,c236778dc5683a72bff278f68dd0aee1,0.20238095238095233,False,0.0
2,30,not_(x[4]),True,not_(x[4]),0.20238095238095233,e9bf358728c366c73b72393d204b8cd2,0.20238095238095233,False,0.0
2,30,not_(x[6]),True,not_(x[6]),0.20238095238095233,c236778dc5683a72bff278f68dd0aee1,0.20238095238095233,False,0.0
2,30,not_(x[6]),True,not_(x[6]),0.20238095238095233,c236778dc5683a72bff278f68dd0aee1,0.20238095238095233,False,0.0
2,30,"not_(and_(x[4],x[4]))",True,not_(x[4]),0.20238095238095233,e9bf358728c366c73b72393d204b8cd2,0.20238095238095233,False,0.0
2,30,not_(x[6]),True,not_(x[6]),0.20238095238095233,c236778dc5683a72bff278f68dd0aee1,0.20238095238095233,False,0.0
2,30,not_(x[6]),True,not_(x[6]),0.20238095238095233,c236778dc5683a72bff278f68dd0aee1,0.20238095238095233,False,0.0
2,30,not_(x[4]),True,not_(x[4]),0.20238095238095233,e9bf358728c366c73b72393d204b8cd2,0.20238095238095233,False,0.0
2,30,not_(x[4]),True,not_(x[4]),0.20238095238095233,e9bf358728c366c73b72393d204b8cd2,0.20238095238095233,False,0.0
2,30,not_(x[4]),True,not_(x[4]),0.20238095238095233,e9bf358728c366c73b72393d204b8cd2,0.20238095238095233,False,0.0
2,30,not_(x[4]),True,not_(x[4]),0.20238095238095233,e9bf358728c366c73b72393d204b8cd2,0.20238095238095233,False,0.0
2,30,not_(x[6]),True,not_(x[6]),0.20238095238095233,c236778dc5683a72bff278f68dd0aee1,0.20238095238095233,False,0.0
2,30,not_(x[6]),True,not_(x[6]),0.20238095238095233,c236778dc5683a72bff278f68dd0aee1,0.20238095238095233,False,0.0
2,30,not_(x[6]),True,not_(x[6]),0.20238095238095233,c236778dc5683a72bff278f68dd0aee1,0.20238095238095233,False,0.0
2,30,not_(x[6]),True,not_(x[6]),0.20238095238095233,c236778dc5683a72bff278f68dd0aee1,0.20238095238095233,False,0.0
2,30,not_(x[4]),True,not_(x[4]),0.20238095238095233,e9bf358728c366c73b72393d204b8cd2,0.20238095238095233,False,0.0
2,30,not_(x[4]),True,not_(x[4]),0.20238095238095233,e9bf358728c366c73b72393d204b8cd2,0.20238095238095233,False,0.0
2,30,not_(x[6]),True,not_(x[6]),0.20238095238095233,c236778dc5683a72bff278f68dd0aee1,0.20238095238095233,False,0.0
2,30,not_(x[6]),True,not_(x[6]),0.20238095238095233,c236778dc5683a72bff278f68dd0aee1,0.20238095238095233,False,0.0
2,30,not_(x[6]),True,not_(x[6]),0.20238095238095233,c236778dc5683a72bff278f68dd0aee1,0.20238095238095233,False,0.0
2,30,not_(x[6]),True,not_(x[6]),0.20238095238095233,c236778dc5683a72bff278f68dd0aee1,0.20238095238095233,False,0.0
2,30,not_(x[4]),True,not_(x[4]),0.20238095238095233,e9bf358728c366c73b72393d204b8cd2,0.20238095238095233,False,0.0
2,30,not_(x[6]),True,not_(x[6]),0.20238095238095233,c236778dc5683a72bff278f68dd0aee1,0.20238095238095233,False,0.0
2,30,not_(x[6]),True,not_(x[6]),0.20238095238095233,c236778dc5683a72bff278f68dd0aee1,0.20238095238095233,False,0.0
2,30,"or_(x[4],or_(x[4],x[6]))",True,"or_(not_(greater_than_or_equal(x[3], x[3])),x[6])",0.7976190476190477,dabf352ca9fc16fe7897b3fa7e73f5cb,0.7976190476190477,False,0.0
2,30,"not_(or_(and_(x[6],x[4]),x[6]))",True,not_(x[6]),0.20238095238095233,c236778dc5683a72bff278f68dd0aee1,0.20238095238095233,False,0.0
2,30,not_(x[6]),True,not_(x[6]),0.20238095238095233,c236778dc5683a72bff278f68dd0aee1,0.20238095238095233,False,0.0
2,30,not_(x[6]),True,not_(x[6]),0.20238095238095233,c236778dc5683a72bff278f68dd0aee1,0.20238095238095233,False,0.0
2,30,not_(x[4]),True,not_(x[4]),0.20238095238095233,e9bf358728c366c73b72393d204b8cd2,0.20238095238095233,False,0.0
2,30,not_(x[6]),True,not_(x[6]),0.20238095238095233,c236778dc5683a72bff278f68dd0aee1,0.20238095238095233,False,0.0
2,30,not_(x[4]),True,not_(x[4]),0.20238095238095233,e9bf358728c366c73b72393d204b8cd2,0.20238095238095233,False,0.0
2,30,"not_(and_(x[6],x[6]))",True,not_(x[6]),0.20238095238095233,c236778dc5683a72bff278f68dd0aee1,0.20238095238095233,False,0.0
2,30,"not_(not_(and_(x[6],x[6])))",True,"or_(not_(greater_than_or_equal(x[3], x[3])),x[6])",0.7976190476190477,dabf352ca9fc16fe7897b3fa7e73f5cb,0.7976190476190477,False,0.0
2,30,not_(x[6]),True,not_(x[6]),0.20238095238095233,c236778dc5683a72bff278f68dd0aee1,0.20238095238095233,False,0.0
2,30,not_(x[4]),True,not_(x[4]),0.20238095238095233,e9bf358728c366c73b72393d204b8cd2,0.20238095238095233,False,0.0
2,30,not_(x[4]),True,not_(x[4]),0.20238095238095233,e9bf358728c366c73b72393d204b8cd2,0.20238095238095233,False,0.0
2,30,"not_(or_(x[4],x[6]))",True,not_(x[6]),0.20238095238095233,c236778dc5683a72bff278f68dd0aee1,0.20238095238095233,False,0.0
2,30,not_(x[6]),True,not_(x[6]),0.20238095238095233,c236778dc5683a72bff278f68dd0aee1,0.20238095238095233,False,0.0
2,30,not_(x[6]),True,not_(x[6]),0.20238095238095233,c236778dc5683a72bff278f68dd0aee1,0.20238095238095233,False,0.0
2,30,not_(x[6]),True,not_(x[6]),0.20238095238095233,c236778dc5683a72bff278f68dd0aee1,0.20238095238095233,False,0.0
2,30,not_(x[4]),True,not_(x[4]),0.20238095238095233,e9bf358728c366c73b72393d204b8cd2,0.20238095238095233,False,0.0
2,30,not_(x[6]),True,not_(x[6]),0.20238095238095233,c236778dc5683a72bff278f68dd0aee1,0.20238095238095233,False,0.0
2,30,not_(x[4]),True,not_(x[4]),0.20238095238095233,e9bf358728c366c73b72393d204b8cd2,0.20238095238095233,False,0.0
2,30,not_(x[6]),True,not_(x[6]),0.20238095238095233,c236778dc5683a72bff278f68dd0aee1,0.20238095238095233,False,0.0
2,30,not_(x[6]),True,not_(x[6]),0.20238095238095233,c236778dc5683a72bff278f68dd0aee1,0.20238095238095233,False,0.0
2,30,"less_than_or_equal(sub(x[3],add(mul(x[2],x[0]),pdiv(mul(x[5],x[0]),add(x[2],x[3])))),x[3])",True,"less_than_or_equal(x[3],x[3])",0.7857142857142857,3352141c4f785c0403fcb33f533f7848,0.7857142857142857,False,0.0
2,30,not_(x[6]),True,not_(x[6]),0.20238095238095233,c236778dc5683a72bff278f68dd0aee1,0.20238095238095233,False,0.0
2,30,not_(x[6]),True,not_(x[6]),0.20238095238095233,c236778dc5683a72bff278f68dd0aee1,0.20238095238095233,False,0.0
2,30,not_(x[6]),True,not_(x[6]),0.20238095238095233,c236778dc5683a72bff278f68dd0aee1,0.20238095238095233,False,0.0
2,30,not_(x[6]),True,not_(x[6]),0.20238095238095233,c236778dc5683a72bff278f68dd0aee1,0.20238095238095233,False,0.0
2,30,"not_(and_(x[6],or_(x[6],x[4])))",True,not_(x[6]),0.20238095238095233,c236778dc5683a72bff278f68dd0aee1,0.20238095238095233,False,0.0
2,30,not_(x[6]),True,not_(x[6]),0.20238095238095233,c236778dc5683a72bff278f68dd0aee1,0.20238095238095233,False,0.0
2,30,not_(x[4]),True,not_(x[4]),0.20238095238095233,e9bf358728c366c73b72393d204b8cd2,0.20238095238095233,False,0.0
2,30,not_(x[6]),True,not_(x[6]),0.20238095238095233,c236778dc5683a72bff278f68dd0aee1,0.20238095238095233,False,0.0
2,30,not_(x[6]),True,not_(x[6]),0.20238095238095233,c236778dc5683a72bff278f68dd0aee1,0.20238095238095233,False,0.0
2,30,not_(x[4]),True,not_(x[4]),0.20238095238095233,e9bf358728c366c73b72393d204b8cd2,0.20238095238095233,False,0.0
2,30,not_(x[6]),True,not_(x[6]),0.20238095238095233,c236778dc5683a72bff278f68dd0aee1,0.20238095238095233,False,0.0
2,30,not_(x[4]),True,not_(x[4]),0.20238095238095233,e9bf358728c366c73b72393d204b8cd2,0.20238095238095233,False,0.0
2,30,not_(x[4]),True,not_(x[4]),0.20238095238095233,e9bf358728c366c73b72393d204b8cd2,0.20238095238095233,False,0.0
2,30,"not_(or_(x[6],x[4]))",True,not_(x[6]),0.20238095238095233,c236778dc5683a72bff278f68dd0aee1,0.20238095238095233,False,0.0
2,30,not_(x[4]),True,not_(x[4]),0.20238095238095233,e9bf358728c366c73b72393d204b8cd2,0.20238095238095233,False,0.0
2,30,"not_(greater_than_or_equal(x[3], x[3]))",True,"less_than_or_equal(53.67,mul(x[3],x[3]))",0.2142857142857143,2cece411320c1d56790d65c80cc8f440,0.2142857142857143,False,0.0
2,30,not_(x[1]),True,"less_than_or_equal(53.67,mul(x[3],x[3]))",0.2142857142857143,2cece411320c1d56790d65c80cc8f440,0.22619047619047616,True,0.011904761904761862
2,30,not_(x[6]),True,not_(x[6]),0.20238095238095233,c236778dc5683a72bff278f68dd0aee1,0.20238095238095233,False,0.0
2,30,"not_(and_(x[6],x[6]))",True,not_(x[6]),0.20238095238095233,c236778dc5683a72bff278f68dd0aee1,0.20238095238095233,False,0.0
2,30,not_(x[4]),True,not_(x[4]),0.20238095238095233,e9bf358728c366c73b72393d204b8cd2,0.20238095238095233,False,0.0
2,30,not_(x[6]),True,not_(x[6]),0.20238095238095233,c236778dc5683a72bff278f68dd0aee1,0.20238095238095233,False,0.0
2,30,not_(x[4]),True,not_(x[4]),0.20238095238095233,e9bf358728c366c73b72393d204b8cd2,0.20238095238095233,False,0.0
2,30,not_(x[6]),True,not_(x[6]),0.20238095238095233,c236778dc5683a72bff278f68dd0aee1,0.20238095238095233,False,0.0
2,30,not_(x[6]),True,not_(x[6]),0.20238095238095233,c236778dc5683a72bff278f68dd0aee1,0.20238095238095233,False,0.0
2,30,not_(x[6]),True,not_(x[6]),0.20238095238095233,c236778dc5683a72bff278f68dd0aee1,0.20238095238095233,False,0.0
2,30,not_(x[6]),True,not_(x[6]),0.20238095238095233,c236778dc5683a72bff278f68dd0aee1,0.20238095238095233,False,0.0
2,30,not_(x[6]),True,not_(x[6]),0.20238095238095233,c236778dc5683a72bff278f68dd0aee1,0.20238095238095233,False,0.0
2,30,not_(x[6]),True,not_(x[6]),0.20238095238095233,c236778dc5683a72bff278f68dd0aee1,0.20238095238095233,False,0.0
2,30,"not_(and_(x[6],x[6]))",True,not_(x[6]),0.20238095238095233,c236778dc5683a72bff278f68dd0aee1,0.20238095238095233,False,0.0
2,30,not_(x[4]),True,not_(x[4]),0.20238095238095233,e9bf358728c366c73b72393d204b8cd2,0.20238095238095233,False,0.0
2,30,not_(x[6]),True,not_(x[6]),0.20238095238095233,c236778dc5683a72bff278f68dd0aee1,0.20238095238095233,False,0.0
2,30,not_(x[4]),True,not_(x[4]),0.20238095238095233,e9bf358728c366c73b72393d204b8cd2,0.20238095238095233,False,0.0
2,30,"not_(or_(x[4],x[6]))",True,not_(x[6]),0.20238095238095233,c236778dc5683a72bff278f68dd0aee1,0.20238095238095233,False,0.0
2,30,not_(x[6]),True,not_(x[6]),0.20238095238095233,c236778dc5683a72bff278f68dd0aee1,0.20238095238095233,False,0.0
2,30,"not_(and_(x[6],or_(x[6],x[6])))",True,not_(x[6]),0.20238095238095233,c236778dc5683a72bff278f68dd0aee1,0.20238095238095233,False,0.0
2,30,"not_(or_(x[6],x[6]))",True,not_(x[6]),0.20238095238095233,c236778dc5683a72bff278f68dd0aee1,0.20238095238095233,False,0.0
2,30,not_(x[6]),True,not_(x[6]),0.20238095238095233,c236778dc5683a72bff278f68dd0aee1,0.20238095238095233,False,0.0
2,30,not_(x[4]),True,not_(x[4]),0.20238095238095233,e9bf358728c366c73b72393d204b8cd2,0.20238095238095233,False,0.0
2,30,not_(x[6]),True,not_(x[6]),0.20238095238095233,c236778dc5683a72bff278f68dd0aee1,0.20238095238095233,False,0.0
2,30,not_(x[4]),True,not_(x[4]),0.20238095238095233,e9bf358728c366c73b72393d204b8cd2,0.20238095238095233,False,0.0
2,30,not_(x[6]),True,not_(x[6]),0.20238095238095233,c236778dc5683a72bff278f68dd0aee1,0.20238095238095233,False,0.0
2,30,not_(x[4]),True,not_(x[4]),0.20238095238095233,e9bf358728c366c73b72393d204b8cd2,0.20238095238095233,False,0.0
2,30,"not_(and_(and_(x[6],x[6]),x[6]))",True,not_(x[6]),0.20238095238095233,c236778dc5683a72bff278f68dd0aee1,0.20238095238095233,False,0.0
2,30,not_(x[6]),True,not_(x[6]),0.20238095238095233,c236778dc5683a72bff278f68dd0aee1,0.20238095238095233,False,0.0
2,30,not_(x[6]),True,not_(x[6]),0.20238095238095233,c236778dc5683a72bff278f68dd0aee1,0.20238095238095233,False,0.0
2,30,not_(x[4]),True,not_(x[4]),0.20238095238095233,e9bf358728c366c73b72393d204b8cd2,0.20238095238095233,False,0.0
2,30,not_(x[6]),True,not_(x[6]),0.20238095238095233,c236778dc5683a72bff278f68dd0aee1,0.20238095238095233,False,0.0
2,30,"not_(and_(x[6],x[6]))",True,not_(x[6]),0.20238095238095233,c236778dc5683a72bff278f68dd0aee1,0.20238095238095233,False,0.0
2,30,not_(x[6]),True,not_(x[6]),0.20238095238095233,c236778dc5683a72bff278f68dd0aee1,0.20238095238095233,False,0.0
2,30,not_(x[4]),True,not_(x[4]),0.20238095238095233,e9bf358728c366c73b72393d204b8cd2,0.20238095238095233,False,0.0
2,30,not_(x[4]),True,not_(x[4]),0.20238095238095233,e9bf358728c366c73b72393d204b8cd2,0.20238095238095233,False,0.0
2,30,not_(x[1]),True,"less_than_or_equal(53.67,mul(x[3],x[3]))",0.2142857142857143,2cece411320c1d56790d65c80cc8f440,0.22619047619047616,True,0.011904761904761862
2,30,"not_(and_(x[6],x[6]))",True,not_(x[6]),0.20238095238095233,c236778dc5683a72bff278f68dd0aee1,0.20238095238095233,False,0.0
2,30,not_(x[6]),True,not_(x[6]),0.20238095238095233,c236778dc5683a72bff278f68dd0aee1,0.20238095238095233,False,0.0
2,30,"not_(and_(x[4],x[6]))",True,not_(x[4]),0.20238095238095233,e9bf358728c366c73b72393d204b8cd2,0.20238095238095233,False,0.0
2,30,not_(x[4]),True,not_(x[4]),0.20238095238095233,e9bf358728c366c73b72393d204b8cd2,0.20238095238095233,False,0.0
2,30,not_(x[4]),True,not_(x[4]),0.20238095238095233,e9bf358728c366c73b72393d204b8cd2,0.20238095238095233,False,0.0
2,30,not_(x[4]),True,not_(x[4]),0.20238095238095233,e9bf358728c366c73b72393d204b8cd2,0.20238095238095233,False,0.0
2,30,not_(x[6]),True,not_(x[6]),0.20238095238095233,c236778dc5683a72bff278f68dd0aee1,0.20238095238095233,False,0.0
2,30,not_(x[6]),True,not_(x[6]),0.20238095238095233,c236778dc5683a72bff278f68dd0aee1,0.20238095238095233,False,0.0
2,30,not_(x[6]),True,not_(x[6]),0.20238095238095233,c236778dc5683a72bff278f68dd0aee1,0.20238095238095233,False,0.0
2,30,"not_(and_(x[6],x[1]))",True,not_(x[6]),0.20238095238095233,c236778dc5683a72bff278f68dd0aee1,0.2142857142857143,True,0.011904761904761973
2,30,not_(x[4]),True,not_(x[4]),0.20238095238095233,e9bf358728c366c73b72393d204b8cd2,0.20238095238095233,False,0.0
2,30,not_(x[6]),True,not_(x[6]),0.20238095238095233,c236778dc5683a72bff278f68dd0aee1,0.20238095238095233,False,0.0
2,30,not_(x[4]),True,not_(x[4]),0.20238095238095233,e9bf358728c366c73b72393d204b8cd2,0.20238095238095233,False,0.0
2,30,not_(x[4]),True,not_(x[4]),0.20238095238095233,e9bf358728c366c73b72393d204b8cd2,0.20238095238095233,False,0.0
2,30,not_(x[6]),True,not_(x[6]),0.20238095238095233,c236778dc5683a72bff278f68dd0aee1,0.20238095238095233,False,0.0
2,30,not_(x[6]),True,not_(x[6]),0.20238095238095233,c236778dc5683a72bff278f68dd0aee1,0.20238095238095233,False,0.0
2,30,not_(x[6]),True,not_(x[6]),0.20238095238095233,c236778dc5683a72bff278f68dd0aee1,0.20238095238095233,False,0.0
2,30,not_(x[6]),True,not_(x[6]),0.20238095238095233,c236778dc5683a72bff278f68dd0aee1,0.20238095238095233,False,0.0
2,30,not_(x[6]),True,not_(x[6]),0.20238095238095233,c236778dc5683a72bff278f68dd0aee1,0.20238095238095233,False,0.0
2,30,"greater_than_or_equal(mul(sub(x[2],x[0]),pdiv(mul(x[5],x[0]),add(x[2],x[3]))), add(x[2],x[3]))",True,not_(x[6]),0.20238095238095233,c236778dc5683a72bff278f68dd0aee1,0.20238095238095233,False,0.0
2,30,"not_(and_(and_(and_(x[6],x[6]),x[6]),x[6]))",True,not_(x[6]),0.20238095238095233,c236778dc5683a72bff278f68dd0aee1,0.20238095238095233,False,0.0
2,30,not_(x[6]),True,not_(x[6]),0.20238095238095233,c236778dc5683a72bff278f68dd0aee1,0.20238095238095233,False,0.0
2,30,not_(x[6]),True,not_(x[6]),0.20238095238095233,c236778dc5683a72bff278f68dd0aee1,0.20238095238095233,False,0.0
2,30,not_(x[6]),True,not_(x[6]),0.20238095238095233,c236778dc5683a72bff278f68dd0aee1,0.20238095238095233,False,0.0
2,30,not_(x[6]),True,not_(x[6]),0.20238095238095233,c236778dc5683a72bff278f68dd0aee1,0.20238095238095233,False,0.0
2,30,"less_than_or_equal(sub(add(x[0],x[5]),mul(x[2],x[0])),pdiv(mul(x[3],x[3]),x[3]))",True,"less_than_or_equal(sub(add(x[0],x[5]),mul(x[2],x[0])),pdiv(mul(x[3],x[3]),x[3]))",0.20238095238095233,4d24991b37dfd550c805dc2dc8f7d457,0.20238095238095233,False,0.0
2,30,"not_(or_(x[6],x[6]))",True,not_(x[6]),0.20238095238095233,c236778dc5683a72bff278f68dd0aee1,0.20238095238095233,False,0.0
2,30,not_(x[6]),True,not_(x[6]),0.20238095238095233,c236778dc5683a72bff278f68dd0aee1,0.20238095238095233,False,0.0
2,30,"not_(and_(x[6],x[1]))",True,not_(x[6]),0.20238095238095233,c236778dc5683a72bff278f68dd0aee1,0.2142857142857143,True,0.011904761904761973
2,30,"not_(and_(x[4],x[6]))",True,not_(x[4]),0.20238095238095233,e9bf358728c366c73b72393d204b8cd2,0.20238095238095233,False,0.0
2,30,"not_(and_(x[6],or_(x[6],x[4])))",True,not_(x[6]),0.20238095238095233,c236778dc5683a72bff278f68dd0aee1,0.20238095238095233,False,0.0
2,30,not_(x[6]),True,not_(x[6]),0.20238095238095233,c236778dc5683a72bff278f68dd0aee1,0.20238095238095233,False,0.0
2,30,"not_(or_(x[4],x[4]))",True,not_(x[4]),0.20238095238095233,e9bf358728c366c73b72393d204b8cd2,0.20238095238095233,False,0.0
2,30,not_(x[4]),True,not_(x[4]),0.20238095238095233,e9bf358728c366c73b72393d204b8cd2,0.20238095238095233,False,0.0
2,30,"not_(or_(x[6],or_(x[6],x[4])))",True,not_(x[6]),0.20238095238095233,c236778dc5683a72bff278f68dd0aee1,0.20238095238095233,False,0.0
2,30,not_(x[6]),True,not_(x[6]),0.20238095238095233,c236778dc5683a72bff278f68dd0aee1,0.20238095238095233,False,0.0
2,30,"not_(and_(x[6],x[6]))",True,not_(x[6]),0.20238095238095233,c236778dc5683a72bff278f68dd0aee1,0.20238095238095233,False,0.0
2,30,"not_(and_(x[4],x[6]))",True,not_(x[4]),0.20238095238095233,e9bf358728c366c73b72393d204b8cd2,0.20238095238095233,False,0.0
2,30,not_(x[4]),True,not_(x[4]),0.20238095238095233,e9bf358728c366c73b72393d204b8cd2,0.20238095238095233,False,0.0
2,30,not_(x[6]),True,not_(x[6]),0.20238095238095233,c236778dc5683a72bff278f68dd0aee1,0.20238095238095233,False,0.0
2,30,not_(x[6]),True,not_(x[6]),0.20238095238095233,c236778dc5683a72bff278f68dd0aee1,0.20238095238095233,False,0.0
2,30,not_(x[4]),True,not_(x[4]),0.20238095238095233,e9bf358728c366c73b72393d204b8cd2,0.20238095238095233,False,0.0
2,30,not_(x[6]),True,not_(x[6]),0.20238095238095233,c236778dc5683a72bff278f68dd0aee1,0.20238095238095233,False,0.0
2,30,not_(x[6]),True,not_(x[6]),0.20238095238095233,c236778dc5683a72bff278f68dd0aee1,0.20238095238095233,False,0.0
2,30,"not_(or_(x[6],x[6]))",True,not_(x[6]),0.20238095238095233,c236778dc5683a72bff278f68dd0aee1,0.20238095238095233,False,0.0
2,30,not_(x[4]),True,not_(x[4]),0.20238095238095233,e9bf358728c366c73b72393d204b8cd2,0.20238095238095233,False,0.0
2,30,not_(x[6]),True,not_(x[6]),0.20238095238095233,c236778dc5683a72bff278f68dd0aee1,0.20238095238095233,False,0.0
2,30,not_(x[6]),True,not_(x[6]),0.20238095238095233,c236778dc5683a72bff278f68dd0aee1,0.20238095238095233,False,0.0
2,30,not_(x[6]),True,not_(x[6]),0.20238095238095233,c236778dc5683a72bff278f68dd0aee1,0.20238095238095233,False,0.0
2,30,not_(x[6]),True,not_(x[6]),0.20238095238095233,c236778dc5683a72bff278f68dd0aee1,0.20238095238095233,False,0.0
2,30,not_(x[4]),True,not_(x[4]),0.20238095238095233,e9bf358728c366c73b72393d204b8cd2,0.20238095238095233,False,0.0
2,30,not_(x[4]),True,not_(x[4]),0.20238095238095233,e9bf358728c366c73b72393d204b8cd2,0.20238095238095233,False,0.0
2,30,not_(x[4]),True,not_(x[4]),0.20238095238095233,e9bf358728c366c73b72393d204b8cd2,0.20238095238095233,False,0.0
2,30,"not_(less_than_or_equal(x[3],x[0]))",True,"or_(greater_than_or_equal(x[5], pdiv(x[5],x[0])),not_(greater_than_or_equal(x[0], x[3])))",0.33333333333333337,91f65a5c3455d5d1b7e737bfb04eb860,0.3214285714285714,True,-0.011904761904761973
2,30,not_(x[4]),True,not_(x[4]),0.20238095238095233,e9bf358728c366c73b72393d204b8cd2,0.20238095238095233,False,0.0
2,30,"not_(and_(and_(x[4],x[4]),x[4]))",True,not_(x[4]),0.20238095238095233,e9bf358728c366c73b72393d204b8cd2,0.20238095238095233,False,0.0
2,30,not_(x[6]),True,not_(x[6]),0.20238095238095233,c236778dc5683a72bff278f68dd0aee1,0.20238095238095233,False,0.0
2,30,not_(x[6]),True,not_(x[6]),0.20238095238095233,c236778dc5683a72bff278f68dd0aee1,0.20238095238095233,False,0.0
2,30,not_(x[4]),True,not_(x[4]),0.20238095238095233,e9bf358728c366c73b72393d204b8cd2,0.20238095238095233,False,0.0
2,30,"less_than_or_equal(sub(add(x[0],x[5]),mul(x[2],x[0])),pdiv(mul(x[5],x[0]),add(x[2],x[3])))",True,"less_than_or_equal(sub(add(x[0],x[5]),mul(x[2],x[0])),pdiv(mul(x[5],x[0]),add(x[2],x[3])))",0.19047619047619047,58cc4f21233e882751aa955999da1daf,0.19047619047619047,False,0.0
2,30,not_(x[6]),True,not_(x[6]),0.20238095238095233,c236778dc5683a72bff278f68dd0aee1,0.20238095238095233,False,0.0
2,30,"not_(and_(or_(x[4],x[4]),x[6]))",True,not_(x[4]),0.20238095238095233,e9bf358728c366c73b72393d204b8cd2,0.20238095238095233,False,0.0
2,30,not_(x[6]),True,not_(x[6]),0.20238095238095233,c236778dc5683a72bff278f68dd0aee1,0.20238095238095233,False,0.0
2,30,not_(x[6]),True,not_(x[6]),0.20238095238095233,c236778dc5683a72bff278f68dd0aee1,0.20238095238095233,False,0.0
2,30,not_(x[6]),True,not_(x[6]),0.20238095238095233,c236778dc5683a72bff278f68dd0aee1,0.20238095238095233,False,0.0
2,30,not_(x[4]),True,not_(x[4]),0.20238095238095233,e9bf358728c366c73b72393d204b8cd2,0.20238095238095233,False,0.0
2,30,not_(x[4]),True,not_(x[4]),0.20238095238095233,e9bf358728c366c73b72393d204b8cd2,0.20238095238095233,False,0.0
2,30,not_(x[4]),True,not_(x[4]),0.20238095238095233,e9bf358728c366c73b72393d204b8cd2,0.20238095238095233,False,0.0
2,30,not_(x[6]),True,not_(x[6]),0.20238095238095233,c236778dc5683a72bff278f68dd0aee1,0.20238095238095233,False,0.0
2,30,not_(x[4]),True,not_(x[4]),0.20238095238095233,e9bf358728c366c73b72393d204b8cd2,0.20238095238095233,False,0.0
2,30,"not_(and_(x[4],x[4]))",True,not_(x[4]),0.20238095238095233,e9bf358728c366c73b72393d204b8cd2,0.20238095238095233,False,0.0
2,30,"not_(or_(x[6],x[4]))",True,not_(x[6]),0.20238095238095233,c236778dc5683a72bff278f68dd0aee1,0.20238095238095233,False,0.0
2,30,"not_(and_(x[6],x[1]))",True,not_(x[6]),0.20238095238095233,c236778dc5683a72bff278f68dd0aee1,0.2142857142857143,True,0.011904761904761973
2,30,not_(x[6]),True,not_(x[6]),0.20238095238095233,c236778dc5683a72bff278f68dd0aee1,0.20238095238095233,False,0.0
2,30,not_(x[4]),True,not_(x[4]),0.20238095238095233,e9bf358728c366c73b72393d204b8cd2,0.20238095238095233,False,0.0
2,30,not_(x[6]),True,not_(x[6]),0.20238095238095233,c236778dc5683a72bff278f68dd0aee1,0.20238095238095233,False,0.0
2,30,not_(x[6]),True,not_(x[6]),0.20238095238095233,c236778dc5683a72bff278f68dd0aee1,0.20238095238095233,False,0.0
2,30,not_(x[6]),True,not_(x[6]),0.20238095238095233,c236778dc5683a72bff278f68dd0aee1,0.20238095238095233,False,0.0
2,30,"not_(and_(x[6],x[6]))",True,not_(x[6]),0.20238095238095233,c236778dc5683a72bff278f68dd0aee1,0.20238095238095233,False,0.0
2,30,not_(x[4]),True,not_(x[4]),0.20238095238095233,e9bf358728c366c73b72393d204b8cd2,0.20238095238095233,False,0.0
2,30,not_(x[4]),True,not_(x[4]),0.20238095238095233,e9bf358728c366c73b72393d204b8cd2,0.20238095238095233,False,0.0
2,30,not_(x[6]),True,not_(x[6]),0.20238095238095233,c236778dc5683a72bff278f68dd0aee1,0.20238095238095233,False,0.0
2,30,"not_(and_(x[6],x[4]))",True,not_(x[4]),0.20238095238095233,e9bf358728c366c73b72393d204b8cd2,0.20238095238095233,False,0.0
2,30,not_(x[6]),True,not_(x[6]),0.20238095238095233,c236778dc5683a72bff278f68dd0aee1,0.20238095238095233,False,0.0
2,30,not_(x[6]),True,not_(x[6]),0.20238095238095233,c236778dc5683a72bff278f68dd0aee1,0.20238095238095233,False,0.0
2,30,not_(x[6]),True,not_(x[6]),0.20238095238095233,c236778dc5683a72bff278f68dd0aee1,0.20238095238095233,False,0.0
2,30,not_(x[4]),True,not_(x[4]),0.20238095238095233,e9bf358728c366c73b72393d204b8cd2,0.20238095238095233,False,0.0
2,30,not_(x[6]),True,not_(x[6]),0.20238095238095233,c236778dc5683a72bff278f68dd0aee1,0.20238095238095233,False,0.0
2,30,not_(x[4]),True,not_(x[4]),0.20238095238095233,e9bf358728c366c73b72393d204b8cd2,0.20238095238095233,False,0.0
2,30,not_(x[6]),True,not_(x[6]),0.20238095238095233,c236778dc5683a72bff278f68dd0aee1,0.20238095238095233,False,0.0
2,30,not_(x[4]),True,not_(x[4]),0.20238095238095233,e9bf358728c366c73b72393d204b8cd2,0.20238095238095233,False,0.0
2,30,not_(x[6]),True,not_(x[6]),0.20238095238095233,c236778dc5683a72bff278f68dd0aee1,0.20238095238095233,False,0.0
2,30,"not_(and_(and_(x[6],x[6]),x[6]))",True,not_(x[6]),0.20238095238095233,c236778dc5683a72bff278f68dd0aee1,0.20238095238095233,False,0.0
2,30,"not_(and_(and_(x[6],x[4]),x[6]))",True,not_(x[4]),0.20238095238095233,e9bf358728c366c73b72393d204b8cd2,0.20238095238095233,False,0.0
2,30,not_(x[4]),True,not_(x[4]),0.20238095238095233,e9bf358728c366c73b72393d204b8cd2,0.20238095238095233,False,0.0
2,30,"not_(or_(x[6],x[6]))",True,not_(x[6]),0.20238095238095233,c236778dc5683a72bff278f68dd0aee1,0.20238095238095233,False,0.0
2,30,"not_(or_(x[4],x[6]))",True,not_(x[6]),0.20238095238095233,c236778dc5683a72bff278f68dd0aee1,0.20238095238095233,False,0.0
2,30,not_(x[4]),True,not_(x[4]),0.20238095238095233,e9bf358728c366c73b72393d204b8cd2,0.20238095238095233,False,0.0
2,30,not_(x[4]),True,not_(x[4]),0.20238095238095233,e9bf358728c366c73b72393d204b8cd2,0.20238095238095233,False,0.0
2,30,not_(x[6]),True,not_(x[6]),0.20238095238095233,c236778dc5683a72bff278f68dd0aee1,0.20238095238095233,False,0.0
2,30,"and_(x[6],x[6])",True,"or_(not_(greater_than_or_equal(x[3], x[3])),x[6])",0.7976190476190477,dabf352ca9fc16fe7897b3fa7e73f5cb,0.7976190476190477,False,0.0
2,30,not_(x[6]),True,not_(x[6]),0.20238095238095233,c236778dc5683a72bff278f68dd0aee1,0.20238095238095233,False,0.0
2,30,not_(x[4]),True,not_(x[4]),0.20238095238095233,e9bf358728c366c73b72393d204b8cd2,0.20238095238095233,False,0.0
2,30,"not_(and_(x[6],and_(x[6],x[1])))",True,not_(x[6]),0.20238095238095233,c236778dc5683a72bff278f68dd0aee1,0.2142857142857143,True,0.011904761904761973
2,30,not_(x[6]),True,not_(x[6]),0.20238095238095233,c236778dc5683a72bff278f68dd0aee1,0.20238095238095233,False,0.0
2,30,not_(x[4]),True,not_(x[4]),0.20238095238095233,e9bf358728c366c73b72393d204b8cd2,0.20238095238095233,False,0.0
2,30,not_(x[6]),True,not_(x[6]),0.20238095238095233,c236778dc5683a72bff278f68dd0aee1,0.20238095238095233,False,0.0
2,30,not_(x[6]),True,not_(x[6]),0.20238095238095233,c236778dc5683a72bff278f68dd0aee1,0.20238095238095233,False,0.0
2,30,not_(x[6]),True,not_(x[6]),0.20238095238095233,c236778dc5683a72bff278f68dd0aee1,0.20238095238095233,False,0.0
2,30,not_(x[4]),True,not_(x[4]),0.20238095238095233,e9bf358728c366c73b72393d204b8cd2,0.20238095238095233,False,0.0
2,30,not_(x[6]),True,not_(x[6]),0.20238095238095233,c236778dc5683a72bff278f68dd0aee1,0.20238095238095233,False,0.0
2,30,"not_(and_(x[6],x[6]))",True,not_(x[6]),0.20238095238095233,c236778dc5683a72bff278f68dd0aee1,0.20238095238095233,False,0.0
2,30,not_(x[6]),True,not_(x[6]),0.20238095238095233,c236778dc5683a72bff278f68dd0aee1,0.20238095238095233,False,0.0
2,30,not_(x[4]),True,not_(x[4]),0.20238095238095233,e9bf358728c366c73b72393d204b8cd2,0.20238095238095233,False,0.0
2,30,not_(x[6]),True,not_(x[6]),0.20238095238095233,c236778dc5683a72bff278f68dd0aee1,0.20238095238095233,False,0.0
2,30,not_(x[4]),True,not_(x[4]),0.20238095238095233,e9bf358728c366c73b72393d204b8cd2,0.20238095238095233,False,0.0
2,30,not_(x[4]),True,not_(x[4]),0.20238095238095233,e9bf358728c366c73b72393d204b8cd2,0.20238095238095233,False,0.0
2,30,not_(x[4]),True,not_(x[4]),0.20238095238095233,e9bf358728c366c73b72393d204b8cd2,0.20238095238095233,False,0.0
2,30,not_(x[6]),True,not_(x[6]),0.20238095238095233,c236778dc5683a72bff278f68dd0aee1,0.20238095238095233,False,0.0
2,30,not_(x[4]),True,not_(x[4]),0.20238095238095233,e9bf358728c366c73b72393d204b8cd2,0.20238095238095233,False,0.0
2,30,not_(x[4]),True,not_(x[4]),0.20238095238095233,e9bf358728c366c73b72393d204b8cd2,0.20238095238095233,False,0.0
2,30,not_(x[6]),True,not_(x[6]),0.20238095238095233,c236778dc5683a72bff278f68dd0aee1,0.20238095238095233,False,0.0
2,30,not_(x[6]),True,not_(x[6]),0.20238095238095233,c236778dc5683a72bff278f68dd0aee1,0.20238095238095233,False,0.0
2,30,not_(x[4]),True,not_(x[4]),0.20238095238095233,e9bf358728c366c73b72393d204b8cd2,0.20238095238095233,False,0.0
2,30,not_(x[6]),True,not_(x[6]),0.20238095238095233,c236778dc5683a72bff278f68dd0aee1,0.20238095238095233,False,0.0
2,30,not_(x[6]),True,not_(x[6]),0.20238095238095233,c236778dc5683a72bff278f68dd0aee1,0.20238095238095233,False,0.0
2,30,not_(x[6]),True,not_(x[6]),0.20238095238095233,c236778dc5683a72bff278f68dd0aee1,0.20238095238095233,False,0.0
2,30,not_(x[6]),True,not_(x[6]),0.20238095238095233,c236778dc5683a72bff278f68dd0aee1,0.20238095238095233,False,0.0
2,30,"not_(or_(x[1],x[6]))",True,"less_than_or_equal(53.67,mul(x[3],x[3]))",0.2142857142857143,2cece411320c1d56790d65c80cc8f440,0.2142857142857143,False,0.0
2,30,not_(x[6]),True,not_(x[6]),0.20238095238095233,c236778dc5683a72bff278f68dd0aee1,0.20238095238095233,False,0.0
2,30,"not_(and_(x[6],x[6]))",True,not_(x[6]),0.20238095238095233,c236778dc5683a72bff278f68dd0aee1,0.20238095238095233,False,0.0
2,30,not_(x[6]),True,not_(x[6]),0.20238095238095233,c236778dc5683a72bff278f68dd0aee1,0.20238095238095233,False,0.0
2,30,not_(x[4]),True,not_(x[4]),0.20238095238095233,e9bf358728c366c73b72393d204b8cd2,0.20238095238095233,False,0.0
2,30,not_(x[6]),True,not_(x[6]),0.20238095238095233,c236778dc5683a72bff278f68dd0aee1,0.20238095238095233,False,0.0
2,30,"not_(or_(or_(or_(x[4],x[6]),x[4]),x[6]))",True,not_(x[6]),0.20238095238095233,c236778dc5683a72bff278f68dd0aee1,0.20238095238095233,False,0.0
2,30,not_(x[6]),True,not_(x[6]),0.20238095238095233,c236778dc5683a72bff278f68dd0aee1,0.20238095238095233,False,0.0
2,30,"not_(or_(x[4],and_(x[6],x[1])))",True,not_(x[6]),0.20238095238095233,c236778dc5683a72bff278f68dd0aee1,0.2142857142857143,True,0.011904761904761973
2,30,not_(x[6]),True,not_(x[6]),0.20238095238095233,c236778dc5683a72bff278f68dd0aee1,0.20238095238095233,False,0.0
2,30,"not_(or_(x[1],x[6]))",True,"less_than_or_equal(53.67,mul(x[3],x[3]))",0.2142857142857143,2cece411320c1d56790d65c80cc8f440,0.2142857142857143,False,0.0
2,30,not_(x[4]),True,not_(x[4]),0.20238095238095233,e9bf358728c366c73b72393d204b8cd2,0.20238095238095233,False,0.0
2,30,"less_than_or_equal(sub(add(x[0],x[5]),mul(x[2],x[0])),pdiv(mul(x[5],x[0]),add(x[0],x[3])))",True,not_(x[6]),0.20238095238095233,c236778dc5683a72bff278f68dd0aee1,0.20238095238095233,False,0.0
2,30,"less_than_or_equal(sub(add(x[0],x[5]),x[3]),x[5])",True,"greater_than_or_equal(x[3], x[0])",0.30952380952380953,c9e509da19e355561199411318802876,0.30952380952380953,False,0.0
2,30,not_(x[6]),True,not_(x[6]),0.20238095238095233,c236778dc5683a72bff278f68dd0aee1,0.20238095238095233,False,0.0
2,30,not_(x[6]),True,not_(x[6]),0.20238095238095233,c236778dc5683a72bff278f68dd0aee1,0.20238095238095233,False,0.0
2,30,"less_than_or_equal(sub(add(x[0],x[5]),mul(x[2],x[0])),pdiv(mul(x[5],x[0]),add(x[2],x[3])))",True,"less_than_or_equal(sub(add(x[0],x[5]),mul(x[2],x[0])),pdiv(mul(x[5],x[0]),add(x[2],x[3])))",0.19047619047619047,58cc4f21233e882751aa955999da1daf,0.13636363636363635,True,-0.05411255411255411
