run,gen,phenotype,hit,phenotype_in_cache,fitness_cached,cache_key,fitness_full_train,fake_hit,fitness_diff
8,0,x[1],False,,,8fe1a95217af65598a8b7fd872a69562,0.3652694610778443,False,0.0
8,0,x[1],True,x[1],0.3652694610778443,8fe1a95217af65598a8b7fd872a69562,0.3652694610778443,False,0.0
8,0,x[1],True,x[1],0.3652694610778443,8fe1a95217af65598a8b7fd872a69562,0.3652694610778443,False,0.0
8,0,x[6],False,,,ff9750a95f856aee791afc16a7ee79d4,0.3652694610778443,False,0.0
8,0,x[6],True,x[6],0.3652694610778443,ff9750a95f856aee791afc16a7ee79d4,0.3652694610778443,False,0.0
8,0,x[4],False,,,cdec5a9f51f7a38b45d1257e5d4520eb,0.35928143712574845,False,0.0
8,0,x[6],True,x[6],0.3652694610778443,ff9750a95f856aee791afc16a7ee79d4,0.3652694610778443,False,0.0
8,0,x[1],True,x[1],0.3652694610778443,8fe1a95217af65598a8b7fd872a69562,0.3652694610778443,False,0.0
8,0,x[1],True,x[1],0.3652694610778443,8fe1a95217af65598a8b7fd872a69562,0.3652694610778443,False,0.0
8,0,not_(x[6]),False,,,b4068ba57b63c959651c969331c4b5cd,0.6347305389221557,False,0.0
8,0,not_(x[6]),True,not_(x[6]),0.6347305389221557,b4068ba57b63c959651c969331c4b5cd,0.6347305389221557,False,0.0
8,0,"greater_than_or_equal(x[3], x[2])",False,,,0a54951987edb23171217fd387dfe4ac,0.3652694610778443,False,0.0
8,0,"less_than_or_equal(x[5],x[2])",False,,,6fb17002302e404122653cf2c68db553,0.652694610778443,False,0.0
8,0,x[6],True,x[6],0.3652694610778443,ff9750a95f856aee791afc16a7ee79d4,0.3652694610778443,False,0.0
8,0,"greater_than_or_equal(x[7], x[5])",False,,,793f9fa4aca1502cfe0a9ed6ab91b83c,0.6107784431137724,False,0.0
8,0,"greater_than_or_equal(x[3], x[7])",False,,,176c0c35833bc4ae980b10cd773d9ebc,0.33532934131736525,False,0.0
8,0,"less_than_or_equal(x[5],x[3])",False,,,1d4d287fbe015bbb313f097e26f5bc37,0.5089820359281437,False,0.0
8,0,"less_than_or_equal(x[7],x[0])",False,,,be077d9307e8548c7420a3c3b9c6aaf2,0.5449101796407185,False,0.0
8,0,not_(x[1]),False,,,0a4111672452ed5da840796d6076e3cd,0.6347305389221557,False,0.0
8,0,x[6],True,x[6],0.3652694610778443,ff9750a95f856aee791afc16a7ee79d4,0.3652694610778443,False,0.0
8,0,"less_than_or_equal(x[5],x[7])",True,"greater_than_or_equal(x[7], x[5])",0.6107784431137724,793f9fa4aca1502cfe0a9ed6ab91b83c,0.6107784431137724,False,0.0
8,0,"less_than_or_equal(x[0],x[5])",False,,,cdcd6f1e6c091ac380f1476046586fe6,0.37125748502994016,False,0.0
8,0,"less_than_or_equal(x[5],x[7])",True,"greater_than_or_equal(x[7], x[5])",0.6107784431137724,793f9fa4aca1502cfe0a9ed6ab91b83c,0.6107784431137724,False,0.0
8,0,"less_than_or_equal(x[2],x[2])",False,,,bd082d42dcba8056510101f18394b575,0.35928143712574845,False,0.0
8,0,"greater_than_or_equal(x[7], x[3])",False,,,d5925f4b2448dec895a429c6f44b5edc,0.6646706586826348,False,0.0
8,0,"greater_than_or_equal(x[3], x[3])",True,"less_than_or_equal(x[2],x[2])",0.35928143712574845,bd082d42dcba8056510101f18394b575,0.35928143712574845,False,0.0
8,0,"greater_than_or_equal(x[0], x[2])",False,,,f30904201255a44726c2f25803948202,0.5329341317365269,False,0.0
8,0,"less_than_or_equal(x[3],x[3])",True,"less_than_or_equal(x[2],x[2])",0.35928143712574845,bd082d42dcba8056510101f18394b575,0.35928143712574845,False,0.0
8,0,"less_than_or_equal(x[2],mul(x[5],x[7]))",False,,,d608af957328a82c144b0b72c2090c46,0.5449101796407185,False,0.0
8,0,x[4],True,x[4],0.35928143712574845,cdec5a9f51f7a38b45d1257e5d4520eb,0.35928143712574845,False,0.0
8,0,"less_than_or_equal(x[7],pdiv(x[0],x[7]))",False,,,37afef815a97697dfbf210f3b9ca92af,0.5029940119760479,False,0.0
8,0,x[6],True,x[6],0.3652694610778443,ff9750a95f856aee791afc16a7ee79d4,0.3652694610778443,False,0.0
8,0,"less_than_or_equal(91.31,sub(x[5],x[2]))",True,not_(x[6]),0.6347305389221557,b4068ba57b63c959651c969331c4b5cd,0.6407185628742516,True,0.005988023952095856
8,0,"or_(less_than_or_equal(x[3],x[5]),less_than_or_equal(x[7],x[2]))",False,,,cbe95cefdbeb7e7918fba12935781690,0.4730538922155688,False,0.0
8,0,"not_(greater_than_or_equal(x[5], x[2]))",True,"less_than_or_equal(x[5],x[2])",0.652694610778443,6fb17002302e404122653cf2c68db553,0.652694610778443,False,0.0
8,0,"less_than_or_equal(mul(x[7],x[3]),pdiv(x[2],x[7]))",False,,,0d371eedfdb0f33e9904859dc6830fb1,0.37125748502994016,False,0.0
8,0,"greater_than_or_equal(add(x[5],x[2]), sub(x[0],x[3]))",True,"less_than_or_equal(x[2],x[2])",0.35928143712574845,bd082d42dcba8056510101f18394b575,0.35928143712574845,False,0.0
8,0,"less_than_or_equal(add(x[0],x[7]),mul(x[5],x[5]))",False,,,08d0b6cefb7d91751d3e42927953f546,0.4970059880239521,False,0.0
8,0,"less_than_or_equal(x[0],mul(x[0],x[3]))",False,,,3d10a1de6ed09130c72a645fd32f6eb9,0.40718562874251496,False,0.0
8,0,"greater_than_or_equal(mul(x[0],x[3]), pdiv(x[5],x[3]))",False,,,398030c733cc84fbe192baf690950e15,0.6586826347305389,False,0.0
8,0,"greater_than_or_equal(add(x[2],x[5]), mul(x[2],x[0]))",True,"less_than_or_equal(x[2],x[2])",0.35928143712574845,bd082d42dcba8056510101f18394b575,0.35928143712574845,False,0.0
8,0,"and_(greater_than_or_equal(x[5], x[3]),greater_than_or_equal(x[7], x[5]))",False,,,c513176ceae629597574d53e6fd54671,0.6227544910179641,False,0.0
8,0,"less_than_or_equal(add(x[5],x[7]),add(x[5],x[2]))",False,,,544b4f45aa71542bcadfaa9d165fdbeb,0.5269461077844311,False,0.0
8,0,"or_(x[6],greater_than_or_equal(x[7], x[3]))",True,"less_than_or_equal(x[2],x[2])",0.35928143712574845,bd082d42dcba8056510101f18394b575,0.3652694610778443,True,0.005988023952095856
8,0,"and_(not_(not_(x[1])),less_than_or_equal(x[7],x[0]))",True,"less_than_or_equal(x[7],x[0])",0.5449101796407185,be077d9307e8548c7420a3c3b9c6aaf2,0.5449101796407185,False,0.0
8,0,"greater_than_or_equal(35.52, x[7])",True,"less_than_or_equal(x[2],x[2])",0.35928143712574845,bd082d42dcba8056510101f18394b575,0.35928143712574845,False,0.0
8,0,"not_(greater_than_or_equal(add(x[2],x[3]), pdiv(x[0],x[7])))",False,,,df3e15588eae98d521d23bd6a21261ae,0.49101796407185627,False,0.0
8,0,"less_than_or_equal(sub(pdiv(x[2],x[2]),add(x[2],x[5])),sub(add(x[2],x[0]),sub(x[7],x[0])))",False,,,1b36cc5a63c7776f67b1ff97b599739c,0.6407185628742516,False,0.0
8,0,"less_than_or_equal(mul(x[7],62.91),x[7])",True,not_(x[6]),0.6347305389221557,b4068ba57b63c959651c969331c4b5cd,0.6407185628742516,True,0.005988023952095856
8,0,"greater_than_or_equal(add(mul(x[5],x[5]),sub(x[2],x[7])), sub(x[3],x[7]))",False,,,a71f4bd45aedcc5700621a753e07d2e4,0.5508982035928144,False,0.0
8,0,x[6],True,x[6],0.3652694610778443,ff9750a95f856aee791afc16a7ee79d4,0.3652694610778443,False,0.0
8,0,"less_than_or_equal(pdiv(mul(x[2],x[5]),pdiv(x[7],x[7])),38.73)",True,"less_than_or_equal(x[2],x[2])",0.35928143712574845,bd082d42dcba8056510101f18394b575,0.35928143712574845,False,0.0
8,0,"less_than_or_equal(sub(sub(x[5],x[3]),pdiv(x[2],x[7])),add(pdiv(x[0],x[5]),mul(x[3],x[0])))",False,,,1e24a448f33386212867ccf6a647d1cd,0.44311377245508987,False,0.0
8,0,"less_than_or_equal(mul(mul(x[2],x[3]),pdiv(x[2],x[7])),add(sub(x[7],x[3]),x[3]))",False,,,7d973a6d8cc86431698bb2d6cd68b2c2,0.45508982035928147,False,0.0
8,0,"less_than_or_equal(pdiv(mul(x[2],x[0]),pdiv(x[3],x[2])),add(mul(x[2],x[7]),mul(x[2],x[3])))",False,,,8f5c253fdbd8e9a3dee80ac2f8d41308,0.3652694610778443,False,0.0
8,0,x[1],True,x[1],0.3652694610778443,8fe1a95217af65598a8b7fd872a69562,0.3652694610778443,False,0.0
8,0,"less_than_or_equal(x[0],mul(add(x[3],x[2]),pdiv(x[5],x[5])))",False,,,a4b3109094a3eb1d4ea1563e85a80cc4,0.37125748502994016,False,0.0
8,0,"greater_than_or_equal(pdiv(x[2],mul(x[0],x[7])), pdiv(pdiv(x[7],x[3]),sub(x[0],x[5])))",False,,,d6d3672f30b10805a84e07598eeaf6d5,0.35928143712574845,False,0.0
8,0,"greater_than_or_equal(add(x[3],mul(x[5],x[7])), add(add(x[2],x[7]),add(x[5],x[5])))",False,,,d35e39862577573980a6ccdb10e9e042,0.6347305389221557,False,0.0
8,0,"greater_than_or_equal(sub(pdiv(x[7],x[7]),sub(x[0],x[5])), sub(x[5],x[3]))",True,"less_than_or_equal(x[2],x[2])",0.35928143712574845,bd082d42dcba8056510101f18394b575,0.35928143712574845,False,0.0
8,0,"less_than_or_equal(x[5],x[0])",False,,,2aedc6e15176de9ec0c909a1a3b35796,0.6227544910179641,False,0.0
8,0,"and_(not_(greater_than_or_equal(x[2], x[3])),not_(x[6]))",True,not_(x[6]),0.6347305389221557,b4068ba57b63c959651c969331c4b5cd,0.6347305389221557,False,0.0
8,0,"greater_than_or_equal(mul(sub(x[0],x[3]),add(x[0],x[2])), mul(add(x[3],x[5]),sub(x[5],x[7])))",False,,,375d3621c7a6e414c016185b234bfa6a,0.652694610778443,False,0.0
8,0,"greater_than_or_equal(sub(add(x[0],x[3]),pdiv(x[0],x[0])), pdiv(add(x[5],x[3]),pdiv(x[5],x[3])))",True,not_(x[6]),0.6347305389221557,b4068ba57b63c959651c969331c4b5cd,0.6407185628742516,True,0.005988023952095856
8,0,"less_than_or_equal(pdiv(sub(x[7],x[0]),sub(x[2],x[3])),pdiv(pdiv(x[2],x[7]),mul(x[5],x[7])))",False,,,eab63a6797a6e059f4fbd18471e25a4c,0.3772455089820359,False,0.0
8,0,"less_than_or_equal(sub(add(x[3],x[2]),add(x[2],x[2])),sub(mul(x[5],x[7]),add(x[2],x[3])))",False,,,d8b00f2456104b7dc927fd2808f3c18e,0.652694610778443,False,0.0
8,0,"or_(less_than_or_equal(pdiv(x[0],x[5]),mul(x[0],x[0])),less_than_or_equal(add(x[2],x[3]),mul(x[0],x[5])))",False,,,1af84f30dbf4338f9b17c08682a70643,0.39520958083832336,False,0.0
8,0,"less_than_or_equal(sub(mul(x[0],x[7]),sub(x[0],x[2])),add(pdiv(x[2],x[2]),mul(x[2],x[5])))",True,"less_than_or_equal(x[2],x[2])",0.35928143712574845,bd082d42dcba8056510101f18394b575,0.35928143712574845,False,0.0
8,0,"not_(greater_than_or_equal(mul(x[0],x[5]), add(x[0],x[7])))",True,"less_than_or_equal(x[2],x[2])",0.35928143712574845,bd082d42dcba8056510101f18394b575,0.35928143712574845,False,0.0
8,0,"and_(less_than_or_equal(add(x[5],x[3]),add(x[7],x[2])),greater_than_or_equal(mul(x[7],x[7]), pdiv(x[3],x[7])))",False,,,da6a93f6522637a1bdfb6a02c64c1efc,0.6706586826347305,False,0.0
8,0,"greater_than_or_equal(pdiv(mul(x[5],x[2]),add(x[2],x[5])), pdiv(sub(x[7],x[7]),add(x[5],x[0])))",True,"less_than_or_equal(x[2],x[2])",0.35928143712574845,bd082d42dcba8056510101f18394b575,0.3652694610778443,True,0.005988023952095856
8,0,"or_(greater_than_or_equal(sub(x[0],x[5]), pdiv(x[3],x[5])),less_than_or_equal(sub(x[3],x[0]),sub(x[5],x[5])))",False,,,2310ba51ba8c7f4263478bc24872fb4b,0.6227544910179641,False,0.0
8,0,"and_(greater_than_or_equal(pdiv(x[7],x[3]), pdiv(x[5],x[0])),and_(greater_than_or_equal(x[7], x[0]),greater_than_or_equal(x[3], x[2])))",False,,,a8358993df1635e82500f4d97245df08,0.6766467065868264,False,0.0
8,0,"less_than_or_equal(sub(pdiv(x[5],x[2]),mul(x[7],x[0])),mul(mul(x[3],x[2]),sub(x[5],x[2])))",False,,,64a044af0d7ad5746f97e0885e2b3f57,0.6467065868263473,False,0.0
8,0,"greater_than_or_equal(add(pdiv(x[3],x[3]),sub(x[5],x[3])), mul(pdiv(x[0],x[5]),sub(x[3],x[3])))",True,"less_than_or_equal(x[2],x[2])",0.35928143712574845,bd082d42dcba8056510101f18394b575,0.35928143712574845,False,0.0
8,0,"not_(greater_than_or_equal(pdiv(x[7],x[3]), mul(x[5],x[3])))",False,,,0ca174a1e519aeaaa19e90b647c5bdd9,0.5688622754491017,False,0.0
8,0,"less_than_or_equal(mul(pdiv(x[2],x[7]),mul(x[3],x[0])),mul(sub(x[0],x[7]),pdiv(x[3],x[0])))",False,,,3dcd61327fdb33360e9b03a017985fb9,0.6047904191616766,False,0.0
8,0,"less_than_or_equal(mul(sub(x[7],x[0]),pdiv(x[7],x[3])),mul(add(x[3],x[0]),add(x[7],x[5])))",False,,,62fc3538fa139d9751b9d5d99a4bf408,0.3053892215568862,False,0.0
8,0,"less_than_or_equal(mul(pdiv(x[7],x[3]),sub(x[3],x[5])),add(add(x[2],x[7]),add(x[2],x[3])))",True,"less_than_or_equal(x[2],x[2])",0.35928143712574845,bd082d42dcba8056510101f18394b575,0.35928143712574845,False,0.0
8,0,"less_than_or_equal(add(sub(x[5],x[5]),add(x[7],x[5])),sub(sub(x[5],x[5]),mul(x[2],x[5])))",True,not_(x[6]),0.6347305389221557,b4068ba57b63c959651c969331c4b5cd,0.6407185628742516,True,0.005988023952095856
8,0,"greater_than_or_equal(add(mul(x[0],x[5]),add(x[3],x[3])), mul(pdiv(x[7],x[2]),mul(x[0],x[0])))",False,,,a3ed2f85351150b547ae15cb68716ebd,0.3652694610778443,False,0.0
8,0,"or_(less_than_or_equal(mul(x[2],x[0]),sub(x[0],x[5])),less_than_or_equal(pdiv(x[2],x[2]),sub(x[7],x[7])))",True,"less_than_or_equal(x[5],x[0])",0.6227544910179641,2aedc6e15176de9ec0c909a1a3b35796,0.6347305389221557,True,0.0119760479041916
8,0,"less_than_or_equal(mul(mul(x[7],x[7]),add(x[5],x[2])),add(sub(x[7],x[7]),pdiv(x[5],x[3])))",False,,,087e86084c343acc5d9b36e13e5378ba,0.32335329341317365,False,0.0
8,0,"less_than_or_equal(sub(pdiv(x[5],x[7]),mul(x[7],x[3])),mul(sub(x[5],x[2]),pdiv(x[7],x[0])))",False,,,6815258f24cd03cfb74f5d4f4cfd8b3f,0.688622754491018,False,0.0
8,0,"or_(not_(less_than_or_equal(x[0],x[2])),not_(less_than_or_equal(x[0],x[5])))",False,,,4a2638f5fbd06899d5703792ba002973,0.562874251497006,False,0.0
8,0,"greater_than_or_equal(add(mul(x[0],x[2]),sub(x[5],x[0])), sub(sub(x[2],x[0]),mul(x[5],x[5])))",False,,,fa36c7eff201c5964686ffd342c69e5e,0.34730538922155685,False,0.0
8,0,"less_than_or_equal(mul(mul(x[0],x[7]),mul(x[3],x[0])),add(add(x[2],x[3]),add(x[2],x[5])))",True,"less_than_or_equal(x[2],x[2])",0.35928143712574845,bd082d42dcba8056510101f18394b575,0.35928143712574845,False,0.0
8,0,"or_(not_(less_than_or_equal(x[5],x[5])),less_than_or_equal(sub(x[3],x[2]),pdiv(x[5],x[2])))",False,,,47c98270601d3b40a816e7f14088d7e5,0.3652694610778443,False,0.0
8,0,"or_(less_than_or_equal(add(x[5],x[5]),mul(x[3],x[5])),greater_than_or_equal(sub(x[0],x[5]), mul(x[0],x[3])))",True,"less_than_or_equal(x[5],x[0])",0.6227544910179641,2aedc6e15176de9ec0c909a1a3b35796,0.6407185628742516,True,0.017964071856287456
8,0,"less_than_or_equal(mul(mul(x[3],x[3]),sub(x[3],x[7])),add(mul(x[3],x[5]),pdiv(x[3],x[3])))",True,"less_than_or_equal(x[2],x[2])",0.35928143712574845,bd082d42dcba8056510101f18394b575,0.35928143712574845,False,0.0
8,0,"greater_than_or_equal(mul(sub(x[7],x[3]),mul(x[0],x[0])), sub(mul(x[5],x[2]),mul(x[3],x[3])))",False,,,05c837feaccef7a493be85f2b71c00a5,0.3772455089820359,False,0.0
8,0,"less_than_or_equal(sub(pdiv(x[5],x[5]),mul(x[0],x[5])),mul(pdiv(x[2],x[0]),pdiv(x[5],x[3])))",False,,,9c9cc3acb68407eaac11365d8863073b,0.4970059880239521,False,0.0
8,0,"less_than_or_equal(mul(add(x[0],x[0]),add(x[2],x[5])),sub(add(x[2],x[3]),add(x[3],x[2])))",False,,,c9704e311ac7e289734d4b5a1bdc086f,0.3892215568862275,False,0.0
8,0,"less_than_or_equal(mul(pdiv(x[2],x[7]),add(x[3],x[0])),sub(pdiv(x[3],x[0]),add(x[0],x[2])))",False,,,577b1cd66c406764f4e5ead3f4d4893d,0.3892215568862275,False,0.0
8,0,"greater_than_or_equal(sub(add(x[2],x[2]),mul(x[0],x[0])), sub(pdiv(x[7],x[3]),sub(x[7],x[3])))",False,,,2f23b68602b9cdbb3594f94d8404f86e,0.6826347305389222,False,0.0
8,0,"greater_than_or_equal(add(add(x[5],x[7]),add(x[3],x[5])), mul(add(x[2],x[5]),pdiv(x[3],x[0])))",False,,,98e6606504be67d650a5037b631200c8,0.37125748502994016,False,0.0
8,0,"less_than_or_equal(sub(add(x[5],x[5]),pdiv(x[0],x[3])),sub(pdiv(x[3],x[2]),add(x[0],x[7])))",False,,,b0d84254d3c89c403d2faec668b8e762,0.33532934131736525,False,0.0
8,0,"not_(greater_than_or_equal(mul(x[3],x[7]), mul(x[5],x[0])))",False,,,4a0562cc951bb440043cebe367101b0c,0.562874251497006,False,0.0
8,0,"and_(less_than_or_equal(pdiv(x[0],x[0]),pdiv(x[7],x[7])),greater_than_or_equal(sub(x[2],x[2]), sub(x[0],x[7])))",False,,,0c866f95d3c400cff6c51bdae200239a,0.45508982035928147,False,0.0
8,0,"not_(less_than_or_equal(add(x[5],x[0]),add(x[5],x[7])))",True,"less_than_or_equal(x[7],x[0])",0.5449101796407185,be077d9307e8548c7420a3c3b9c6aaf2,0.5449101796407185,False,0.0
8,0,"greater_than_or_equal(mul(mul(x[2],x[2]),add(x[2],x[7])), pdiv(sub(x[5],x[0]),sub(x[3],x[5])))",False,,,8c2608560cdd791b4a3f90ec67184a3d,0.5149700598802396,False,0.0
8,0,"not_(greater_than_or_equal(sub(x[3],x[5]), mul(x[2],x[2])))",False,,,298971a44c862c6ed63ae76b9d3c8f8d,0.4970059880239521,False,0.0
8,0,"not_(and_(greater_than_or_equal(x[0], x[2]),greater_than_or_equal(x[5], x[7])))",False,,,a97aba9881e48764b5976e8e1935d160,0.4491017964071856,False,0.0
8,0,"not_(less_than_or_equal(sub(x[2],x[7]),add(x[2],x[7])))",True,not_(x[6]),0.6347305389221557,b4068ba57b63c959651c969331c4b5cd,0.6407185628742516,True,0.005988023952095856
8,0,"greater_than_or_equal(sub(sub(x[7],x[3]),add(x[3],x[3])), mul(add(x[5],x[2]),mul(x[2],x[2])))",False,,,3a97d077ff4580d52e22e50d48bd03cb,0.6107784431137724,False,0.0
8,0,"not_(greater_than_or_equal(pdiv(x[5],x[7]), sub(x[3],x[7])))",False,,,c0cf3a956306a429cd22a2c61590be57,0.6467065868263473,False,0.0
8,0,"greater_than_or_equal(add(sub(x[2],x[0]),mul(x[3],x[2])), pdiv(sub(x[7],x[3]),pdiv(x[3],x[2])))",False,,,0db8cd59189f4792b608c40ff1ebe1f4,0.40718562874251496,False,0.0
8,0,"greater_than_or_equal(add(add(x[3],x[3]),sub(x[2],x[5])), pdiv(sub(x[5],x[0]),add(x[5],x[2])))",False,,,54584052aaf883946aadc37b7596502c,0.5329341317365269,False,0.0
8,0,"less_than_or_equal(mul(sub(x[2],x[5]),sub(x[2],x[0])),add(pdiv(x[2],x[2]),mul(x[5],x[7])))",True,"less_than_or_equal(x[2],x[2])",0.35928143712574845,bd082d42dcba8056510101f18394b575,0.35928143712574845,False,0.0
8,0,"less_than_or_equal(sub(mul(x[5],x[3]),mul(x[5],x[0])),add(sub(x[5],x[7]),mul(x[7],x[7])))",False,,,eb04a7d5ae57576750cb18bca3cff245,0.3892215568862275,False,0.0
8,0,"less_than_or_equal(pdiv(sub(x[3],x[2]),pdiv(x[3],x[2])),add(sub(x[5],x[5]),mul(x[2],x[7])))",False,,,eb82a6305dc38aa0e24b2cdcc9b377ce,0.6766467065868264,False,0.0
8,0,"less_than_or_equal(add(add(x[7],x[3]),mul(x[0],x[5])),sub(add(x[3],x[0]),pdiv(x[2],x[0])))",True,not_(x[6]),0.6347305389221557,b4068ba57b63c959651c969331c4b5cd,0.6407185628742516,True,0.005988023952095856
8,0,"less_than_or_equal(pdiv(sub(x[3],x[5]),pdiv(x[3],x[7])),pdiv(mul(x[2],x[2]),mul(x[2],x[7])))",False,,,3eba99e58e85586bfc30d112b22229f7,0.35928143712574845,False,0.0
8,0,"less_than_or_equal(sub(mul(x[2],x[7]),mul(x[0],x[7])),pdiv(mul(x[5],x[7]),mul(x[5],x[5])))",True,"less_than_or_equal(x[2],x[2])",0.35928143712574845,bd082d42dcba8056510101f18394b575,0.35928143712574845,False,0.0
8,0,"or_(less_than_or_equal(sub(x[2],x[5]),mul(x[3],x[2])),not_(greater_than_or_equal(x[0], x[0])))",False,,,7732eb37cad2c9ab17c1b0333e01c3ed,0.3293413173652695,False,0.0
8,0,"less_than_or_equal(pdiv(sub(x[7],x[0]),sub(x[5],x[5])),add(add(x[5],x[0]),sub(x[3],x[7])))",False,,,eac385ea3f04871c52855676e0ebb1aa,0.5568862275449102,False,0.0
8,0,"less_than_or_equal(pdiv(add(x[2],x[5]),sub(x[2],x[7])),mul(mul(x[2],x[3]),mul(x[5],x[7])))",False,,,6a9a868ce645e54c16a03959cbdb37f6,0.4730538922155688,False,0.0
8,0,"or_(greater_than_or_equal(pdiv(x[3],x[0]), pdiv(x[7],x[2])),not_(not_(not_(x[6]))))",False,,,bdcfae17662fa598a06ca9b09e8fac8f,0.5449101796407185,False,0.0
8,0,"and_(greater_than_or_equal(pdiv(x[0],x[0]), pdiv(x[2],x[2])),greater_than_or_equal(mul(x[2],x[5]), sub(x[0],x[2])))",False,,,9e26a81594e7ca0437579a52ec3393ab,0.4011976047904192,False,0.0
8,0,"less_than_or_equal(mul(sub(x[7],x[7]),pdiv(x[3],x[3])),sub(mul(x[5],x[5]),add(x[2],x[0])))",False,,,ddb1f3df7210cc1fe546238ba65c908e,0.4610778443113772,False,0.0
8,0,"less_than_or_equal(add(sub(x[0],x[5]),sub(x[7],x[0])),pdiv(add(x[2],x[5]),add(x[0],x[2])))",True,"less_than_or_equal(x[2],x[2])",0.35928143712574845,bd082d42dcba8056510101f18394b575,0.35928143712574845,False,0.0
8,0,"greater_than_or_equal(sub(mul(x[3],x[7]),pdiv(x[2],x[7])), pdiv(sub(x[7],x[0]),mul(x[0],x[3])))",False,,,30939076988a3865e1444daa184d3408,0.5988023952095809,False,0.0
8,0,"less_than_or_equal(sub(add(x[2],x[3]),add(x[0],x[2])),add(add(x[3],x[5]),pdiv(x[3],x[0])))",True,"less_than_or_equal(x[2],x[2])",0.35928143712574845,bd082d42dcba8056510101f18394b575,0.35928143712574845,False,0.0
8,0,"less_than_or_equal(mul(add(x[3],x[2]),mul(x[2],x[5])),sub(add(x[0],x[0]),add(x[0],x[2])))",False,,,d6aa3ede31ac1778ab47e1f348452b5c,0.5508982035928144,False,0.0
8,0,"not_(greater_than_or_equal(pdiv(x[3],x[2]), sub(x[2],x[3])))",False,,,15e795357d748a0ca42e8db507429b10,0.6826347305389222,False,0.0
8,0,"less_than_or_equal(add(add(x[2],x[0]),pdiv(x[5],x[5])),mul(add(x[0],x[0]),add(x[7],x[7])))",False,,,0b471632bbdea81531d1ffb2e053a0df,0.6467065868263473,False,0.0
8,0,"less_than_or_equal(add(add(x[7],x[7]),sub(x[0],x[3])),mul(sub(x[0],x[5]),add(x[5],x[5])))",False,,,052dbbd7263648530ddce9d2b213db30,0.5988023952095809,False,0.0
8,0,"less_than_or_equal(mul(add(x[7],x[7]),add(x[2],x[5])),mul(mul(x[0],x[3]),pdiv(x[5],x[0])))",False,,,2e45f64d3c9096f82f9d0fe11712692d,0.5868263473053892,False,0.0
8,0,"not_(not_(greater_than_or_equal(x[7], x[0])))",True,"and_(less_than_or_equal(pdiv(x[0],x[0]),pdiv(x[7],x[7])),greater_than_or_equal(sub(x[2],x[2]), sub(x[0],x[7])))",0.45508982035928147,0c866f95d3c400cff6c51bdae200239a,0.45508982035928147,False,0.0
8,0,"less_than_or_equal(add(mul(x[2],x[5]),pdiv(x[2],x[3])),sub(pdiv(x[5],x[3]),pdiv(x[3],x[2])))",False,,,cfdc8d954cd15bc0bed5000c44de78df,0.5868263473053892,False,0.0
8,0,"less_than_or_equal(sub(mul(x[5],x[2]),mul(x[2],x[0])),sub(add(x[7],x[5]),pdiv(x[5],x[2])))",False,,,4eefdbf1dad7d47c1e215d3a83435b31,0.6586826347305389,False,0.0
8,0,"less_than_or_equal(sub(sub(x[7],x[2]),pdiv(x[3],x[5])),sub(pdiv(x[5],x[7]),mul(x[7],x[2])))",False,,,bd6572417b10d3744277aaa1a6e86f2c,0.3652694610778443,False,0.0
8,0,"greater_than_or_equal(mul(add(x[2],x[5]),add(x[5],x[7])), add(pdiv(x[3],x[0]),add(x[0],x[2])))",False,,,d73ae33c6ec74c742b79a8e44be327bf,0.6586826347305389,False,0.0
8,0,"less_than_or_equal(pdiv(add(x[2],x[2]),pdiv(x[0],x[3])),pdiv(add(x[5],x[0]),add(x[2],x[3])))",False,,,1ec0888289e19e6aba7e108fe17dc72e,0.4491017964071856,False,0.0
8,0,"and_(greater_than_or_equal(add(x[3],x[7]), mul(x[7],x[2])),greater_than_or_equal(add(x[5],x[5]), sub(x[2],x[2])))",True,"less_than_or_equal(x[2],x[2])",0.35928143712574845,bd082d42dcba8056510101f18394b575,0.35928143712574845,False,0.0
8,0,"less_than_or_equal(sub(mul(x[3],x[5]),mul(x[3],x[3])),add(pdiv(x[7],x[7]),pdiv(x[3],x[5])))",True,"less_than_or_equal(x[2],x[2])",0.35928143712574845,bd082d42dcba8056510101f18394b575,0.35928143712574845,False,0.0
8,0,"less_than_or_equal(pdiv(mul(x[7],x[7]),mul(x[0],x[5])),pdiv(mul(x[5],x[5]),add(x[7],x[5])))",True,"less_than_or_equal(x[7],x[0])",0.5449101796407185,be077d9307e8548c7420a3c3b9c6aaf2,0.5568862275449102,True,0.011976047904191711
8,0,"and_(greater_than_or_equal(mul(x[2],x[3]), add(x[3],x[5])),greater_than_or_equal(add(x[0],x[0]), mul(x[0],x[5])))",True,not_(x[6]),0.6347305389221557,b4068ba57b63c959651c969331c4b5cd,0.6407185628742516,True,0.005988023952095856
8,0,"less_than_or_equal(mul(mul(x[3],x[5]),mul(x[0],x[3])),mul(mul(x[7],x[2]),add(x[3],x[5])))",False,,,811138952cfd5fcf17285e83f7937038,0.4131736526946108,False,0.0
8,0,"and_(less_than_or_equal(sub(x[0],x[2]),mul(x[0],x[7])),not_(greater_than_or_equal(x[7], x[5])))",False,,,0ef48a117016a46ea199fbd6d9c740b1,0.4491017964071856,False,0.0
8,0,"greater_than_or_equal(sub(mul(x[7],x[3]),sub(x[5],x[5])), pdiv(add(x[2],x[2]),mul(x[5],x[5])))",False,,,7b38e5409927be3deb11f85d7e19c6a7,0.6107784431137724,False,0.0
8,0,"less_than_or_equal(add(mul(x[2],x[2]),pdiv(x[5],x[7])),mul(add(x[0],x[5]),sub(x[3],x[7])))",True,not_(x[6]),0.6347305389221557,b4068ba57b63c959651c969331c4b5cd,0.6407185628742516,True,0.005988023952095856
8,0,"less_than_or_equal(add(pdiv(x[5],x[3]),mul(x[2],x[7])),pdiv(sub(x[0],x[3]),mul(x[0],x[3])))",False,,,cb1184960532f9b129c067e9ccd862db,0.5329341317365269,False,0.0
8,0,"greater_than_or_equal(sub(pdiv(x[0],x[7]),mul(x[7],x[3])), sub(pdiv(x[2],x[2]),pdiv(x[3],x[7])))",False,,,a7a7d9f72220b78c689e69cacc6f17e8,0.3053892215568862,False,0.0
8,0,"less_than_or_equal(sub(mul(x[5],x[7]),pdiv(x[0],x[3])),add(add(x[5],x[7]),sub(x[7],x[5])))",True,"less_than_or_equal(x[2],x[2])",0.35928143712574845,bd082d42dcba8056510101f18394b575,0.35928143712574845,False,0.0
8,0,"greater_than_or_equal(mul(add(x[0],x[3]),sub(x[7],x[0])), mul(sub(x[2],x[0]),add(x[2],x[3])))",False,,,0bc0466d01f97849bcf85cd4f69428b4,0.5149700598802396,False,0.0
8,0,"greater_than_or_equal(mul(pdiv(x[0],x[5]),mul(x[3],x[2])), mul(add(x[2],x[7]),pdiv(x[3],x[5])))",True,not_(x[6]),0.6347305389221557,b4068ba57b63c959651c969331c4b5cd,0.6347305389221557,False,0.0
8,0,"less_than_or_equal(mul(mul(x[5],x[3]),pdiv(x[0],x[3])),sub(mul(x[3],x[7]),sub(x[7],x[5])))",False,,,fb7efe08625842cb9b1b603713d997f4,0.31137724550898205,False,0.0
8,0,"not_(less_than_or_equal(sub(x[7],x[2]),add(x[5],x[7])))",True,not_(x[6]),0.6347305389221557,b4068ba57b63c959651c969331c4b5cd,0.6407185628742516,True,0.005988023952095856
8,0,"and_(less_than_or_equal(add(x[5],x[7]),add(x[2],x[0])),less_than_or_equal(pdiv(x[0],x[2]),sub(x[3],x[3])))",False,,,7911d4fa59461169c768f6971de20ff3,0.6467065868263473,False,0.0
8,0,"not_(not_(less_than_or_equal(x[2],x[5])))",False,,,4af53f79d9ad2ffac455113b88a02dd4,0.34730538922155685,False,0.0
8,0,"not_(less_than_or_equal(sub(x[0],x[0]),add(x[3],x[2])))",True,not_(x[6]),0.6347305389221557,b4068ba57b63c959651c969331c4b5cd,0.6407185628742516,True,0.005988023952095856
8,0,"not_(greater_than_or_equal(sub(x[5],x[7]), sub(x[3],x[0])))",False,,,4f717c385ac88f78b566c7417d1cd462,0.4850299401197605,False,0.0
8,0,"not_(less_than_or_equal(pdiv(x[5],x[5]),add(x[5],x[2])))",False,,,5825d6d8d32996f2f81bb41cc0bfa92f,0.2455089820359282,False,0.0
8,0,"greater_than_or_equal(add(sub(x[3],x[0]),sub(x[3],x[5])), add(sub(x[7],x[0]),sub(x[5],x[5])))",False,,,74f3c5143e26979dda7a00ecadc36d91,0.40718562874251496,False,0.0
8,0,"greater_than_or_equal(mul(add(x[2],x[5]),sub(x[5],x[0])), mul(mul(x[0],x[7]),sub(x[5],x[7])))",False,,,cf65da81ffb7a9d4ff3e042c0fa7a250,0.38323353293413176,False,0.0
8,0,"less_than_or_equal(pdiv(add(x[7],x[2]),pdiv(x[5],x[7])),pdiv(mul(x[2],x[2]),pdiv(x[2],x[2])))",False,,,a396d303776e3d95f785a44c40bb85a7,0.5988023952095809,False,0.0
8,0,"not_(greater_than_or_equal(pdiv(x[0],x[3]), pdiv(x[5],x[5])))",False,,,f56d58ec85f58eb9e745c543958f7db4,0.3772455089820359,False,0.0
8,0,"less_than_or_equal(pdiv(sub(x[3],x[0]),sub(x[0],x[2])),sub(add(x[0],x[2]),sub(x[0],x[5])))",False,,,89403800857784a2b45e6c744d04ec50,0.4131736526946108,False,0.0
8,0,"not_(greater_than_or_equal(mul(x[7],x[5]), pdiv(x[5],x[2])))",True,"less_than_or_equal(x[2],x[2])",0.35928143712574845,bd082d42dcba8056510101f18394b575,0.3652694610778443,True,0.005988023952095856
8,0,"greater_than_or_equal(pdiv(add(x[5],x[2]),sub(x[5],x[5])), mul(mul(x[5],x[7]),pdiv(x[7],x[3])))",False,,,f65c24e134a734a89a26a00dcb1d98d5,0.3413173652694611,False,0.0
8,0,"not_(less_than_or_equal(sub(x[3],x[0]),pdiv(x[3],x[2])))",True,not_(x[6]),0.6347305389221557,b4068ba57b63c959651c969331c4b5cd,0.6467065868263473,True,0.0119760479041916
8,0,"greater_than_or_equal(pdiv(mul(x[5],x[2]),add(x[7],x[3])), pdiv(pdiv(x[5],x[0]),sub(x[3],x[0])))",True,"or_(greater_than_or_equal(sub(x[0],x[5]), pdiv(x[3],x[5])),less_than_or_equal(sub(x[3],x[0]),sub(x[5],x[5])))",0.6227544910179641,2310ba51ba8c7f4263478bc24872fb4b,0.6287425149700598,True,0.0059880239520957446
8,1,"greater_than_or_equal(35.57, x[2])",True,"less_than_or_equal(x[2],x[2])",0.35928143712574845,bd082d42dcba8056510101f18394b575,0.35928143712574845,False,0.0
8,1,"less_than_or_equal(pdiv(mul(x[2],x[0]),pdiv(x[3],x[2])),add(mul(x[2],x[7]),mul(x[7],pdiv(x[7],x[3]))))",False,,,42c0762f7ef0dcb5439fff3a6949dcd1,0.3892215568862275,False,0.0
8,1,"less_than_or_equal(mul(sub(x[2],x[5]),sub(x[2],x[0])),mul(pdiv(add(x[3],add(pdiv(x[7],x[7]),pdiv(x[3],x[5]))),x[2]),x[3]))",False,,,aa55d34f513eeb62f88ab822daf3f737,0.35928143712574845,False,0.0
8,1,"less_than_or_equal(x[0],mul(add(x[3],x[2]),pdiv(x[5],x[5])))",True,"less_than_or_equal(x[0],mul(add(x[3],x[2]),pdiv(x[5],x[5])))",0.37125748502994016,a4b3109094a3eb1d4ea1563e85a80cc4,0.37125748502994016,False,0.0
8,1,"not_(and_(greater_than_or_equal(x[0], x[2]),greater_than_or_equal(x[5], x[7])))",True,"not_(and_(greater_than_or_equal(x[0], x[2]),greater_than_or_equal(x[5], x[7])))",0.4491017964071856,a97aba9881e48764b5976e8e1935d160,0.4491017964071856,False,0.0
8,1,"less_than_or_equal(sub(mul(x[5],x[3]),mul(x[5],x[0])),mul(x[0],x[5]))",False,,,4a06ab646ccec4e242ae3b52859cdf57,0.592814371257485,False,0.0
8,1,x[6],True,x[6],0.3652694610778443,ff9750a95f856aee791afc16a7ee79d4,0.3652694610778443,False,0.0
8,1,"less_than_or_equal(x[0],x[2])",False,,,6600e71d16c18564dbde1ecda8fbf2a3,0.44311377245508987,False,0.0
8,1,"less_than_or_equal(x[5],pdiv(x[7],x[3]))",False,,,e639a05c0cec8a9ed833becfccaedc3d,0.5389221556886228,False,0.0
8,1,"greater_than_or_equal(add(mul(x[7],x[2]),sub(x[2],x[0])), x[3])",False,,,1061db3b1c5183f3b7e888564842d861,0.7125748502994012,False,0.0
8,1,"less_than_or_equal(sub(add(x[5],x[5]),pdiv(x[0],x[3])),sub(pdiv(x[3],x[2]),x[0]))",False,,,855d66fd63d28191a904a39fbc0fa7d0,0.33532934131736525,False,0.0
8,1,"less_than_or_equal(pdiv(mul(x[2],x[0]),pdiv(x[3],x[2])),add(x[3],pdiv(x[5],x[5])))",False,,,43405007e305438685d37410b29a9ae6,0.3293413173652695,False,0.0
8,1,"greater_than_or_equal(x[7], mul(x[0],add(sub(sub(x[0],x[2]),add(pdiv(x[2],x[2]),mul(x[2],x[5]))),add(mul(x[0],24.40),x[0]))))",False,,,2c192815b04330debb28f8fef5a79fe5,0.4491017964071856,False,0.0
8,1,"and_(greater_than_or_equal(add(x[3],x[7]), mul(x[7],x[2])),greater_than_or_equal(add(x[7],pdiv(x[2],x[2])), mul(x[2],x[5])))",True,"less_than_or_equal(x[2],x[2])",0.35928143712574845,bd082d42dcba8056510101f18394b575,0.35928143712574845,False,0.0
8,1,"less_than_or_equal(sub(mul(x[0],x[5]),sub(x[0],x[2])),mul(x[5],sub(x[2],x[2])))",False,,,b03d5ac930c687008c346ce2c71a63aa,0.5988023952095809,False,0.0
8,1,"less_than_or_equal(x[2],54.14)",True,"less_than_or_equal(x[2],x[2])",0.35928143712574845,bd082d42dcba8056510101f18394b575,0.35928143712574845,False,0.0
8,1,x[6],True,x[6],0.3652694610778443,ff9750a95f856aee791afc16a7ee79d4,0.3652694610778443,False,0.0
8,1,"less_than_or_equal(x[0],mul(x[0],x[3]))",True,"less_than_or_equal(x[0],mul(x[0],x[3]))",0.40718562874251496,3d10a1de6ed09130c72a645fd32f6eb9,0.40718562874251496,False,0.0
8,1,"less_than_or_equal(mul(mul(x[0],x[7]),mul(x[3],x[0])),add(add(x[7],x[3]),add(x[2],x[3])))",True,"less_than_or_equal(x[2],x[2])",0.35928143712574845,bd082d42dcba8056510101f18394b575,0.35928143712574845,False,0.0
8,1,"greater_than_or_equal(add(pdiv(x[3],x[3]),sub(x[5],x[3])), x[7])",False,,,c8cfa0fb4c8d290d56661010c73ef548,0.3413173652694611,False,0.0
8,1,"greater_than_or_equal(x[3], mul(pdiv(x[2],x[5]),sub(x[3],x[3])))",True,"less_than_or_equal(x[2],x[2])",0.35928143712574845,bd082d42dcba8056510101f18394b575,0.35928143712574845,False,0.0
8,1,x[1],True,x[1],0.3652694610778443,8fe1a95217af65598a8b7fd872a69562,0.3652694610778443,False,0.0
8,1,x[1],True,x[1],0.3652694610778443,8fe1a95217af65598a8b7fd872a69562,0.3652694610778443,False,0.0
8,1,x[1],True,x[1],0.3652694610778443,8fe1a95217af65598a8b7fd872a69562,0.3652694610778443,False,0.0
8,1,"greater_than_or_equal(add(x[2],x[2]), x[5])",False,,,58c989c6c5d320ece246c539fa0373f8,0.6047904191616766,False,0.0
8,1,"less_than_or_equal(x[3],x[3])",True,"less_than_or_equal(x[2],x[2])",0.35928143712574845,bd082d42dcba8056510101f18394b575,0.35928143712574845,False,0.0
8,1,"greater_than_or_equal(add(mul(x[0],x[3]),pdiv(x[5],x[3])), mul(x[2],x[7]))",False,,,57200b4f50fe4451a8a4ca361ff2a3dc,0.3413173652694611,False,0.0
8,1,"or_(x[6],greater_than_or_equal(x[3], sub(x[3],pdiv(x[0],x[3]))))",True,"less_than_or_equal(x[2],x[2])",0.35928143712574845,bd082d42dcba8056510101f18394b575,0.35928143712574845,False,0.0
8,1,x[6],True,x[6],0.3652694610778443,ff9750a95f856aee791afc16a7ee79d4,0.3652694610778443,False,0.0
8,1,"less_than_or_equal(x[0],mul(x[0],sub(sub(x[0],x[0]),add(x[0],x[2]))))",True,"less_than_or_equal(mul(add(x[0],x[0]),add(x[2],x[5])),sub(add(x[2],x[3]),add(x[3],x[2])))",0.3892215568862275,c9704e311ac7e289734d4b5a1bdc086f,0.3892215568862275,False,0.0
8,1,"less_than_or_equal(add(x[3],mul(x[5],sub(x[7],x[0]))),pdiv(add(x[2],x[5]),add(x[0],x[3])))",False,,,cfc01a5578e2ba86b416be4d4324979b,0.4131736526946108,False,0.0
8,1,x[1],True,x[1],0.3652694610778443,8fe1a95217af65598a8b7fd872a69562,0.3652694610778443,False,0.0
8,1,"less_than_or_equal(pdiv(sub(x[7],x[0]),sub(x[2],x[3])),pdiv(pdiv(x[2],x[7]),mul(x[5],x[5])))",False,,,419335975629244935cee41689358a01,0.3772455089820359,False,0.0
8,1,x[1],True,x[1],0.3652694610778443,8fe1a95217af65598a8b7fd872a69562,0.3652694610778443,False,0.0
8,1,"greater_than_or_equal(35.52, x[7])",True,"less_than_or_equal(x[2],x[2])",0.35928143712574845,bd082d42dcba8056510101f18394b575,0.35928143712574845,False,0.0
8,1,"less_than_or_equal(x[0],mul(add(x[3],x[3]),pdiv(pdiv(x[3],pdiv(x[5],x[5])),x[0])))",True,"not_(greater_than_or_equal(pdiv(x[0],x[3]), pdiv(x[5],x[5])))",0.3772455089820359,f56d58ec85f58eb9e745c543958f7db4,0.37125748502994016,True,-0.0059880239520957446
8,1,x[1],True,x[1],0.3652694610778443,8fe1a95217af65598a8b7fd872a69562,0.3652694610778443,False,0.0
8,1,"or_(less_than_or_equal(sub(x[2],x[5]),mul(x[3],x[2])),not_(greater_than_or_equal(x[5], x[3])))",False,,,cc44f38a8b2fcefff95bcc01de90856f,0.38323353293413176,False,0.0
8,1,"less_than_or_equal(mul(mul(x[7],x[7]),add(x[5],x[2])),add(sub(mul(add(x[7],pdiv(x[0],x[0])),x[7]),x[3]),x[3]))",True,"less_than_or_equal(x[2],x[2])",0.35928143712574845,bd082d42dcba8056510101f18394b575,0.35928143712574845,False,0.0
8,1,"less_than_or_equal(sub(sub(x[3],x[2]),pdiv(x[3],x[0])),x[7])",True,"less_than_or_equal(x[2],x[2])",0.35928143712574845,bd082d42dcba8056510101f18394b575,0.35928143712574845,False,0.0
8,1,"and_(greater_than_or_equal(add(x[3],x[7]), mul(x[7],x[2])),greater_than_or_equal(add(x[5],x[5]), sub(x[2],x[2])))",True,"less_than_or_equal(x[2],x[2])",0.35928143712574845,bd082d42dcba8056510101f18394b575,0.35928143712574845,False,0.0
8,1,"not_(less_than_or_equal(pdiv(x[5],x[5]),add(x[5],x[2])))",True,"not_(less_than_or_equal(pdiv(x[5],x[5]),add(x[5],x[2])))",0.2455089820359282,5825d6d8d32996f2f81bb41cc0bfa92f,0.2455089820359282,False,0.0
8,1,"less_than_or_equal(sub(x[5],sub(x[5],mul(x[0],x[5]))),mul(pdiv(x[2],x[0]),pdiv(x[5],x[3])))",False,,,0d2206ebe6d2f2267a12ad05764e55bd,0.3652694610778443,False,0.0
8,1,"greater_than_or_equal(pdiv(x[2],mul(x[0],x[7])), pdiv(pdiv(x[0],x[3]),sub(x[0],x[5])))",True,"greater_than_or_equal(pdiv(x[2],mul(x[0],x[7])), pdiv(pdiv(x[7],x[3]),sub(x[0],x[5])))",0.35928143712574845,d6d3672f30b10805a84e07598eeaf6d5,0.3892215568862275,True,0.029940119760479056
8,1,"less_than_or_equal(x[0],x[5])",True,"less_than_or_equal(x[0],x[5])",0.37125748502994016,cdcd6f1e6c091ac380f1476046586fe6,0.37125748502994016,False,0.0
8,1,"less_than_or_equal(x[3],sub(x[5],x[0]))",False,,,c2721406a3ba34162aee6b1379944e1c,0.5269461077844311,False,0.0
8,1,"less_than_or_equal(sub(mul(x[5],x[7]),pdiv(x[0],x[3])),x[0])",False,,,a1f6e1c53613a522e6f0e2b1bfb6a32a,0.5748502994011976,False,0.0
8,1,"greater_than_or_equal(x[0], add(x[5],x[7]))",True,not_(x[6]),0.6347305389221557,b4068ba57b63c959651c969331c4b5cd,0.6287425149700598,True,-0.005988023952095856
8,1,"less_than_or_equal(mul(sub(x[7],x[0]),pdiv(x[7],x[3])),mul(add(x[3],x[0]),add(x[7],x[5])))",True,"less_than_or_equal(mul(sub(x[7],x[0]),pdiv(x[7],x[3])),mul(add(x[3],x[0]),add(x[7],x[5])))",0.3053892215568862,62fc3538fa139d9751b9d5d99a4bf408,0.3053892215568862,False,0.0
8,1,"less_than_or_equal(sub(mul(x[3],x[5]),mul(x[3],x[3])),add(pdiv(x[7],x[7]),pdiv(x[3],13.22)))",True,"less_than_or_equal(x[2],x[2])",0.35928143712574845,bd082d42dcba8056510101f18394b575,0.35928143712574845,False,0.0
8,1,"greater_than_or_equal(add(sub(x[2],x[0]),mul(x[3],x[2])), pdiv(sub(x[7],59.69),x[7]))",True,"less_than_or_equal(x[2],x[2])",0.35928143712574845,bd082d42dcba8056510101f18394b575,0.35928143712574845,False,0.0
8,1,"less_than_or_equal(mul(add(x[0],x[0]),add(x[2],x[5])),sub(x[0],x[5]))",True,"greater_than_or_equal(mul(x[0],x[3]), pdiv(x[5],x[3]))",0.6586826347305389,398030c733cc84fbe192baf690950e15,0.652694610778443,True,-0.005988023952095856
8,1,"not_(less_than_or_equal(pdiv(x[5],x[5]),x[5]))",False,,,774eb80249c37c32f486ae194a31e639,0.31137724550898205,False,0.0
8,1,"less_than_or_equal(sub(mul(x[0],x[7]),sub(x[0],x[2])),add(pdiv(x[5],x[2]),mul(x[2],x[5])))",False,,,b343f3e05893aee589e343b88ff98628,0.33532934131736525,False,0.0
8,1,"less_than_or_equal(mul(sub(x[2],x[5]),sub(x[2],x[0])),add(x[3],x[2]))",False,,,44787953a2ea9d0c6e8ae77570f45adc,0.3532934131736527,False,0.0
8,1,"less_than_or_equal(mul(mul(x[3],x[3]),sub(x[3],x[7])),add(mul(x[3],x[5]),pdiv(x[3],x[0])))",True,"less_than_or_equal(x[2],x[2])",0.35928143712574845,bd082d42dcba8056510101f18394b575,0.35928143712574845,False,0.0
8,1,"less_than_or_equal(add(add(x[7],x[7]),sub(x[0],x[3])),x[7])",False,,,14707cd14cbbcd888dcd1af1dcc2e33c,0.3532934131736527,False,0.0
8,1,"greater_than_or_equal(sub(mul(x[0],x[2]),sub(x[5],x[0])), sub(sub(x[2],x[0]),mul(x[5],x[5])))",False,,,9ffe4d30cf890ca250ded2e260b4f121,0.6407185628742516,False,0.0
8,1,"greater_than_or_equal(x[3], x[5])",True,"less_than_or_equal(x[5],x[3])",0.5089820359281437,1d4d287fbe015bbb313f097e26f5bc37,0.5089820359281437,False,0.0
8,1,"greater_than_or_equal(pdiv(mul(x[5],x[2]),add(x[2],x[3])), pdiv(sub(x[7],x[7]),add(x[2],x[5])))",True,"less_than_or_equal(x[2],x[2])",0.35928143712574845,bd082d42dcba8056510101f18394b575,0.35928143712574845,False,0.0
8,1,"or_(greater_than_or_equal(pdiv(x[7],x[3]), x[3]),less_than_or_equal(x[5],x[7]))",False,,,3012627499740494f018c264c2939372,0.562874251497006,False,0.0
8,1,"less_than_or_equal(pdiv(add(x[2],x[5]),sub(x[2],x[7])),mul(mul(x[2],x[3]),pdiv(x[0],x[0])))",True,"less_than_or_equal(pdiv(add(x[2],x[5]),sub(x[2],x[7])),mul(mul(x[2],x[3]),mul(x[5],x[7])))",0.4730538922155688,6a9a868ce645e54c16a03959cbdb37f6,0.4730538922155688,False,0.0
8,1,"less_than_or_equal(pdiv(sub(x[5],x[5]),pdiv(x[7],x[7])),pdiv(mul(x[2],x[0]),38.73))",True,"less_than_or_equal(x[2],x[2])",0.35928143712574845,bd082d42dcba8056510101f18394b575,0.35928143712574845,False,0.0
8,1,"less_than_or_equal(pdiv(mul(x[2],x[3]),pdiv(x[7],x[7])),mul(x[2],x[7]))",False,,,54e932c9d046f8039f8d2405bc82660a,0.6467065868263473,False,0.0
8,1,"not_(not_(less_than_or_equal(x[2],x[3])))",True,"greater_than_or_equal(x[3], x[2])",0.3652694610778443,0a54951987edb23171217fd387dfe4ac,0.3652694610778443,False,0.0
8,1,"greater_than_or_equal(x[5], x[7])",False,,,ca29d589a2290a0489371628a6b32bf4,0.3892215568862275,False,0.0
8,1,"less_than_or_equal(mul(mul(x[3],x[3]),sub(x[3],add(x[2],mul(x[3],x[5])))),pdiv(x[3],x[3]))",True,"less_than_or_equal(x[2],x[2])",0.35928143712574845,bd082d42dcba8056510101f18394b575,0.35928143712574845,False,0.0
8,1,"less_than_or_equal(sub(sub(x[5],x[3]),pdiv(x[2],x[7])),add(pdiv(x[0],x[5]),mul(x[2],mul(x[3],x[5]))))",False,,,63f5f72e447095361058b65e7bed0d79,0.43113772455089816,False,0.0
8,1,"less_than_or_equal(x[7],mul(x[0],x[7]))",True,not_(x[6]),0.6347305389221557,b4068ba57b63c959651c969331c4b5cd,0.6347305389221557,False,0.0
8,1,"greater_than_or_equal(sub(pdiv(x[7],x[7]),sub(x[0],96.71)), x[7])",True,"less_than_or_equal(x[2],x[2])",0.35928143712574845,bd082d42dcba8056510101f18394b575,0.35928143712574845,False,0.0
8,1,"greater_than_or_equal(add(x[2],x[5]), mul(x[7],sub(x[5],x[3])))",True,"less_than_or_equal(x[2],x[2])",0.35928143712574845,bd082d42dcba8056510101f18394b575,0.35928143712574845,False,0.0
8,1,"or_(not_(less_than_or_equal(x[5],x[5])),less_than_or_equal(sub(x[3],x[2]),pdiv(x[5],x[2])))",True,"or_(not_(less_than_or_equal(x[5],x[5])),less_than_or_equal(sub(x[3],x[2]),pdiv(x[5],x[2])))",0.3652694610778443,47c98270601d3b40a816e7f14088d7e5,0.3652694610778443,False,0.0
8,1,"greater_than_or_equal(pdiv(mul(x[5],x[2]),pdiv(x[2],x[5])), add(sub(x[7],x[7]),add(x[5],x[0])))",False,,,ec48eb4aba9f475884bcf9e8f28adadc,0.6107784431137724,False,0.0
8,1,"less_than_or_equal(x[0],mul(sub(x[2],sub(x[5],x[5])),pdiv(mul(x[5],x[7]),pdiv(x[7],x[3]))))",False,,,e0f78018935cd967f6291093ffeab289,0.43113772455089816,False,0.0
8,1,x[1],True,x[1],0.3652694610778443,8fe1a95217af65598a8b7fd872a69562,0.3652694610778443,False,0.0
8,1,"greater_than_or_equal(x[0], x[2])",True,"greater_than_or_equal(x[0], x[2])",0.5329341317365269,f30904201255a44726c2f25803948202,0.5329341317365269,False,0.0
8,1,"less_than_or_equal(pdiv(sub(x[7],x[5]),pdiv(x[3],x[7])),pdiv(mul(x[2],x[0]),mul(x[0],x[5])))",False,,,667123b3aca2fedfc7e6ed619d1b2f9e,0.3652694610778443,False,0.0
8,1,"less_than_or_equal(x[2],x[0])",True,"greater_than_or_equal(x[0], x[2])",0.5329341317365269,f30904201255a44726c2f25803948202,0.5329341317365269,False,0.0
8,1,"greater_than_or_equal(pdiv(mul(x[2],x[0]),pdiv(x[3],x[2])), add(mul(x[2],x[7]),mul(x[2],x[3])))",False,,,de37839318e463ca9d947b6c8dc6cffa,0.6107784431137724,False,0.0
8,1,"greater_than_or_equal(x[5], x[2])",True,"not_(not_(less_than_or_equal(x[2],x[5])))",0.34730538922155685,4af53f79d9ad2ffac455113b88a02dd4,0.34730538922155685,False,0.0
8,1,"greater_than_or_equal(x[5], x[5])",True,"less_than_or_equal(x[2],x[2])",0.35928143712574845,bd082d42dcba8056510101f18394b575,0.35928143712574845,False,0.0
8,1,"less_than_or_equal(x[0],mul(add(x[3],x[2]),pdiv(35.52,x[7])))",True,"less_than_or_equal(x[2],x[2])",0.35928143712574845,bd082d42dcba8056510101f18394b575,0.35928143712574845,False,0.0
8,1,"less_than_or_equal(mul(sub(sub(x[3],x[5]),pdiv(x[3],x[7])),pdiv(x[3],x[7])),x[0])",True,"less_than_or_equal(x[2],x[2])",0.35928143712574845,bd082d42dcba8056510101f18394b575,0.35928143712574845,False,0.0
8,1,"less_than_or_equal(pdiv(x[7],x[0]),pdiv(x[7],x[3]))",False,,,864beaa5622e2c17bdf927f4caed327d,0.6107784431137724,False,0.0
8,1,"less_than_or_equal(x[7],pdiv(x[2],x[5]))",False,,,d33cfc188406cf3750d6a42207b463ce,0.45508982035928147,False,0.0
8,1,"or_(x[6],greater_than_or_equal(x[5], add(x[0],x[2])))",True,"less_than_or_equal(x[2],x[2])",0.35928143712574845,bd082d42dcba8056510101f18394b575,0.35928143712574845,False,0.0
8,1,"greater_than_or_equal(add(x[5],x[2]), x[7])",False,,,6412fe182f7defc06678d0a1041106c2,0.38323353293413176,False,0.0
8,1,"less_than_or_equal(add(x[0],x[7]),x[0])",True,not_(x[6]),0.6347305389221557,b4068ba57b63c959651c969331c4b5cd,0.6407185628742516,True,0.005988023952095856
8,1,"less_than_or_equal(mul(add(x[2],x[3]),pdiv(x[0],x[7])),mul(x[2],x[5]))",False,,,c3f4e0d0bb20d86dfce02e7f4f226a31,0.46706586826347307,False,0.0
8,1,"not_(greater_than_or_equal(add(x[3],x[7]), mul(x[7],x[2])))",True,not_(x[6]),0.6347305389221557,b4068ba57b63c959651c969331c4b5cd,0.6407185628742516,True,0.005988023952095856
8,1,"greater_than_or_equal(x[3], x[3])",True,"less_than_or_equal(x[2],x[2])",0.35928143712574845,bd082d42dcba8056510101f18394b575,0.35928143712574845,False,0.0
8,1,"less_than_or_equal(sub(add(x[2],x[3]),add(x[0],x[2])),add(add(x[3],x[5]),pdiv(x[3],x[2])))",True,"less_than_or_equal(x[2],x[2])",0.35928143712574845,bd082d42dcba8056510101f18394b575,0.35928143712574845,False,0.0
8,1,"less_than_or_equal(x[2],x[2])",True,"less_than_or_equal(x[2],x[2])",0.35928143712574845,bd082d42dcba8056510101f18394b575,0.35928143712574845,False,0.0
8,1,x[6],True,x[6],0.3652694610778443,ff9750a95f856aee791afc16a7ee79d4,0.3652694610778443,False,0.0
8,1,"less_than_or_equal(sub(mul(x[3],x[7]),x[3]),sub(x[5],x[5]))",True,"less_than_or_equal(x[2],x[2])",0.35928143712574845,bd082d42dcba8056510101f18394b575,0.35928143712574845,False,0.0
8,1,"not_(less_than_or_equal(add(x[5],x[0]),add(x[5],x[7])))",True,"less_than_or_equal(x[7],x[0])",0.5449101796407185,be077d9307e8548c7420a3c3b9c6aaf2,0.5449101796407185,False,0.0
8,1,"greater_than_or_equal(35.52, pdiv(x[7],sub(x[7],x[5])))",False,,,a3fa325bbbbbd15abc93fab370f4831b,0.3892215568862275,False,0.0
8,1,"less_than_or_equal(sub(mul(x[0],x[5]),x[7]),add(x[3],x[5]))",True,"less_than_or_equal(x[2],x[2])",0.35928143712574845,bd082d42dcba8056510101f18394b575,0.35928143712574845,False,0.0
8,1,"not_(greater_than_or_equal(sub(x[3],x[5]), add(add(x[2],x[7]),add(x[2],x[3]))))",True,"less_than_or_equal(x[2],x[2])",0.35928143712574845,bd082d42dcba8056510101f18394b575,0.35928143712574845,False,0.0
8,1,"less_than_or_equal(mul(pdiv(x[7],x[3]),sub(x[3],x[5])),mul(x[2],x[2]))",False,,,7bd72aac6eb570d27ab05af53a063244,0.46706586826347307,False,0.0
8,1,"greater_than_or_equal(x[7], x[7])",True,"less_than_or_equal(x[2],x[2])",0.35928143712574845,bd082d42dcba8056510101f18394b575,0.35928143712574845,False,0.0
8,1,x[6],True,x[6],0.3652694610778443,ff9750a95f856aee791afc16a7ee79d4,0.3652694610778443,False,0.0
8,1,x[4],True,x[4],0.35928143712574845,cdec5a9f51f7a38b45d1257e5d4520eb,0.35928143712574845,False,0.0
8,1,"less_than_or_equal(x[3],x[3])",True,"less_than_or_equal(x[2],x[2])",0.35928143712574845,bd082d42dcba8056510101f18394b575,0.35928143712574845,False,0.0
8,1,"greater_than_or_equal(sub(pdiv(x[7],x[7]),sub(x[0],x[5])), sub(x[2],x[7]))",True,"less_than_or_equal(x[2],x[2])",0.35928143712574845,bd082d42dcba8056510101f18394b575,0.35928143712574845,False,0.0
8,1,"less_than_or_equal(pdiv(mul(x[2],x[0]),x[5]),x[3])",False,,,cd075ee8463a3744ad0dbf1a3fbb5dc8,0.34730538922155685,False,0.0
8,1,x[4],True,x[4],0.35928143712574845,cdec5a9f51f7a38b45d1257e5d4520eb,0.35928143712574845,False,0.0
8,1,"not_(less_than_or_equal(pdiv(x[5],x[5]),add(x[5],x[2])))",True,"not_(less_than_or_equal(pdiv(x[5],x[5]),add(x[5],x[2])))",0.2455089820359282,5825d6d8d32996f2f81bb41cc0bfa92f,0.2455089820359282,False,0.0
8,1,"less_than_or_equal(mul(mul(x[7],pdiv(x[5],x[5])),x[2]),add(sub(x[7],x[7]),pdiv(44.06,x[0])))",True,"less_than_or_equal(x[2],x[2])",0.35928143712574845,bd082d42dcba8056510101f18394b575,0.35928143712574845,False,0.0
8,1,"less_than_or_equal(x[2],x[2])",True,"less_than_or_equal(x[2],x[2])",0.35928143712574845,bd082d42dcba8056510101f18394b575,0.35928143712574845,False,0.0
8,1,"greater_than_or_equal(x[3], x[2])",True,"greater_than_or_equal(x[3], x[2])",0.3652694610778443,0a54951987edb23171217fd387dfe4ac,0.3652694610778443,False,0.0
8,1,"not_(greater_than_or_equal(mul(x[7],x[5]), pdiv(x[5],sub(add(x[0],x[3]),mul(mul(x[7],x[2]),add(x[3],x[5]))))))",False,,,571cb1052b0e57fcefdf1270bdf48ba4,0.33532934131736525,False,0.0
8,1,"greater_than_or_equal(x[3], x[7])",True,"greater_than_or_equal(x[3], x[7])",0.33532934131736525,176c0c35833bc4ae980b10cd773d9ebc,0.33532934131736525,False,0.0
8,1,x[6],True,x[6],0.3652694610778443,ff9750a95f856aee791afc16a7ee79d4,0.3652694610778443,False,0.0
8,1,"less_than_or_equal(sub(mul(x[2],x[7]),x[2]),mul(x[7],pdiv(mul(x[5],x[7]),mul(x[5],x[5]))))",True,"less_than_or_equal(x[2],x[2])",0.35928143712574845,bd082d42dcba8056510101f18394b575,0.35928143712574845,False,0.0
8,1,"not_(less_than_or_equal(pdiv(x[5],x[5]),add(x[2],sub(pdiv(x[3],x[2]),add(mul(x[2],x[7]),mul(x[2],x[3]))))))",False,,,97992d1c6392ce2361e75a580fad0a69,0.6586826347305389,False,0.0
8,1,x[1],True,x[1],0.3652694610778443,8fe1a95217af65598a8b7fd872a69562,0.3652694610778443,False,0.0
8,1,"greater_than_or_equal(35.52, x[7])",True,"less_than_or_equal(x[2],x[2])",0.35928143712574845,bd082d42dcba8056510101f18394b575,0.35928143712574845,False,0.0
8,1,"greater_than_or_equal(sub(pdiv(x[0],x[7]),mul(x[7],x[3])), sub(mul(x[2],x[2]),pdiv(x[3],x[7])))",False,,,6ae02065e86e6921e8c5345a1d375189,0.34730538922155685,False,0.0
8,1,"less_than_or_equal(mul(sub(x[2],x[5]),sub(x[2],x[0])),add(pdiv(x[2],x[2]),mul(x[5],x[7])))",True,"less_than_or_equal(x[2],x[2])",0.35928143712574845,bd082d42dcba8056510101f18394b575,0.35928143712574845,False,0.0
8,1,"greater_than_or_equal(sub(pdiv(x[0],x[7]),mul(x[7],x[3])), sub(pdiv(x[2],x[2]),pdiv(x[3],x[7])))",True,"greater_than_or_equal(sub(pdiv(x[0],x[7]),mul(x[7],x[3])), sub(pdiv(x[2],x[2]),pdiv(x[3],x[7])))",0.3053892215568862,a7a7d9f72220b78c689e69cacc6f17e8,0.3053892215568862,False,0.0
8,1,x[1],True,x[1],0.3652694610778443,8fe1a95217af65598a8b7fd872a69562,0.3652694610778443,False,0.0
8,1,"greater_than_or_equal(x[3], x[3])",True,"less_than_or_equal(x[2],x[2])",0.35928143712574845,bd082d42dcba8056510101f18394b575,0.35928143712574845,False,0.0
8,1,"greater_than_or_equal(mul(add(x[0],x[0]),add(x[2],x[5])), sub(add(x[2],x[3]),add(x[3],sub(sub(sub(x[7],x[0]),pdiv(x[7],x[3])),mul(add(x[3],x[0]),add(x[7],x[5]))))))",True,not_(x[6]),0.6347305389221557,b4068ba57b63c959651c969331c4b5cd,0.6407185628742516,True,0.005988023952095856
8,1,"greater_than_or_equal(sub(pdiv(x[0],x[7]),mul(x[7],x[3])), sub(pdiv(x[2],33.46),x[0]))",False,,,e228f37e5dff0393a13d5393c00a701d,0.5868263473053892,False,0.0
8,1,"not_(greater_than_or_equal(mul(x[3],x[7]), mul(x[5],x[7])))",False,,,412103f357976d5446a7df187265a720,0.49101796407185627,False,0.0
8,1,"less_than_or_equal(mul(mul(x[7],x[0]),pdiv(x[7],x[3])),mul(add(x[3],x[0]),add(x[7],x[5])))",False,,,8d1938582dc1d7a80b66bf82c44ee9f2,0.32335329341317365,False,0.0
8,1,x[6],True,x[6],0.3652694610778443,ff9750a95f856aee791afc16a7ee79d4,0.3652694610778443,False,0.0
8,1,x[6],True,x[6],0.3652694610778443,ff9750a95f856aee791afc16a7ee79d4,0.3652694610778443,False,0.0
8,1,"less_than_or_equal(x[2],x[2])",True,"less_than_or_equal(x[2],x[2])",0.35928143712574845,bd082d42dcba8056510101f18394b575,0.35928143712574845,False,0.0
8,1,x[1],True,x[1],0.3652694610778443,8fe1a95217af65598a8b7fd872a69562,0.3652694610778443,False,0.0
8,1,"less_than_or_equal(sub(add(x[2],x[3]),add(x[0],x[2])),x[2])",False,,,5883917736921c577141beed94501e79,0.6167664670658682,False,0.0
8,1,"less_than_or_equal(x[3],x[3])",True,"less_than_or_equal(x[2],x[2])",0.35928143712574845,bd082d42dcba8056510101f18394b575,0.35928143712574845,False,0.0
8,1,"less_than_or_equal(x[2],x[2])",True,"less_than_or_equal(x[2],x[2])",0.35928143712574845,bd082d42dcba8056510101f18394b575,0.35928143712574845,False,0.0
8,1,"not_(greater_than_or_equal(mul(x[7],x[2]), x[7]))",False,,,f69cf4961d82af0c72c0014d2a401904,0.34730538922155685,False,0.0
8,1,x[1],True,x[1],0.3652694610778443,8fe1a95217af65598a8b7fd872a69562,0.3652694610778443,False,0.0
8,1,"less_than_or_equal(sub(mul(x[0],x[7]),sub(x[0],x[2])),add(pdiv(x[2],x[2]),mul(x[2],x[5])))",True,"less_than_or_equal(x[2],x[2])",0.35928143712574845,bd082d42dcba8056510101f18394b575,0.35928143712574845,False,0.0
8,1,"greater_than_or_equal(35.52, x[7])",True,"less_than_or_equal(x[2],x[2])",0.35928143712574845,bd082d42dcba8056510101f18394b575,0.35928143712574845,False,0.0
8,1,"less_than_or_equal(x[7],x[7])",True,"less_than_or_equal(x[2],x[2])",0.35928143712574845,bd082d42dcba8056510101f18394b575,0.35928143712574845,False,0.0
8,1,"or_(greater_than_or_equal(add(x[3],x[7]), mul(x[0],x[2])),greater_than_or_equal(add(x[5],x[7]), x[3]))",True,"less_than_or_equal(x[2],x[2])",0.35928143712574845,bd082d42dcba8056510101f18394b575,0.35928143712574845,False,0.0
8,1,"greater_than_or_equal(x[0], mul(x[5],add(x[5],x[2])))",True,"less_than_or_equal(x[5],x[0])",0.6227544910179641,2aedc6e15176de9ec0c909a1a3b35796,0.6047904191616766,True,-0.017964071856287456
8,1,"less_than_or_equal(x[3],pdiv(x[7],pdiv(mul(x[2],x[2]),mul(x[2],x[7]))))",False,,,000bedefd81dd29de660956e6de11a92,0.6107784431137724,False,0.0
8,1,"not_(less_than_or_equal(x[3],x[5]))",False,,,afe2b4bc33e70a8895f2048551a197b2,0.49101796407185627,False,0.0
8,1,"greater_than_or_equal(mul(mul(x[2],x[2]),add(x[2],x[7])), pdiv(sub(40.83,x[5]),x[5]))",True,not_(x[6]),0.6347305389221557,b4068ba57b63c959651c969331c4b5cd,0.6407185628742516,True,0.005988023952095856
8,1,"less_than_or_equal(x[3],x[0])",True,"or_(greater_than_or_equal(sub(x[0],x[5]), pdiv(x[3],x[5])),less_than_or_equal(sub(x[3],x[0]),sub(x[5],x[5])))",0.6227544910179641,2310ba51ba8c7f4263478bc24872fb4b,0.6227544910179641,False,0.0
8,1,x[4],True,x[4],0.35928143712574845,cdec5a9f51f7a38b45d1257e5d4520eb,0.35928143712574845,False,0.0
8,1,"or_(x[6],greater_than_or_equal(x[7], x[3]))",True,"less_than_or_equal(x[2],x[2])",0.35928143712574845,bd082d42dcba8056510101f18394b575,0.3652694610778443,True,0.005988023952095856
8,1,"greater_than_or_equal(x[3], x[7])",True,"greater_than_or_equal(x[3], x[7])",0.33532934131736525,176c0c35833bc4ae980b10cd773d9ebc,0.33532934131736525,False,0.0
8,1,"less_than_or_equal(pdiv(sub(x[0],x[0]),sub(x[0],x[2])),x[0])",False,,,d0734af37aab8e9b6c733bcf8f431f61,0.38323353293413176,False,0.0
8,1,x[6],True,x[6],0.3652694610778443,ff9750a95f856aee791afc16a7ee79d4,0.3652694610778443,False,0.0
8,1,"greater_than_or_equal(add(mul(x[0],x[5]),add(x[2],x[3])), mul(pdiv(x[7],x[2]),x[5]))",False,,,0fc3ef1ed37c684269bdc54e67514912,0.5029940119760479,False,0.0
8,1,"greater_than_or_equal(x[3], x[7])",True,"greater_than_or_equal(x[3], x[7])",0.33532934131736525,176c0c35833bc4ae980b10cd773d9ebc,0.33532934131736525,False,0.0
8,1,"less_than_or_equal(pdiv(sub(x[3],x[5]),pdiv(x[3],x[5])),x[7])",False,,,bd29ee3f109219bddaa61558dbc0c490,0.4011976047904192,False,0.0
8,1,x[4],True,x[4],0.35928143712574845,cdec5a9f51f7a38b45d1257e5d4520eb,0.35928143712574845,False,0.0
8,1,x[6],True,x[6],0.3652694610778443,ff9750a95f856aee791afc16a7ee79d4,0.3652694610778443,False,0.0
8,1,x[1],True,x[1],0.3652694610778443,8fe1a95217af65598a8b7fd872a69562,0.3652694610778443,False,0.0
8,1,x[6],True,x[6],0.3652694610778443,ff9750a95f856aee791afc16a7ee79d4,0.3652694610778443,False,0.0
8,1,"greater_than_or_equal(sub(pdiv(x[0],x[7]),mul(x[7],x[3])), sub(pdiv(x[2],pdiv(x[7],x[3])),x[7]))",False,,,3d9bbc45351920a8ea6ceadf01ae642a,0.4970059880239521,False,0.0
8,1,x[6],True,x[6],0.3652694610778443,ff9750a95f856aee791afc16a7ee79d4,0.3652694610778443,False,0.0
8,1,"less_than_or_equal(pdiv(pdiv(sub(x[3],x[5]),pdiv(x[3],x[7])),pdiv(mul(x[2],x[2]),mul(x[2],x[7]))),x[5])",False,,,0fae185e1c83a871101b0d186d60b4d2,0.37125748502994016,False,0.0
8,1,"less_than_or_equal(pdiv(x[5],x[3]),mul(x[2],x[7]))",False,,,c31662a012cbebd31fc576d60a6c9867,0.6766467065868264,False,0.0
8,1,"less_than_or_equal(x[0],x[0])",True,"less_than_or_equal(x[2],x[2])",0.35928143712574845,bd082d42dcba8056510101f18394b575,0.35928143712574845,False,0.0
8,1,"greater_than_or_equal(add(mul(x[0],x[5]),add(x[3],x[3])), sub(pdiv(x[7],x[2]),mul(x[5],x[3])))",False,,,7c3dfccba88c6b0847f9f1dea483cea0,0.5149700598802396,False,0.0
8,1,"greater_than_or_equal(add(x[2],x[5]), pdiv(x[7],x[7]))",False,,,3db16fa16df21b15852938a2c3f9a18b,0.7544910179640718,False,0.0
8,1,"less_than_or_equal(pdiv(mul(pdiv(x[3],x[3]),sub(x[5],x[3])),mul(pdiv(x[0],x[5]),sub(x[3],x[3]))),x[3])",False,,,f97921da4bc12e7263893dbe645c4d9b,0.6586826347305389,False,0.0
8,1,"greater_than_or_equal(add(mul(x[0],x[2]),sub(x[5],x[0])), sub(sub(x[2],x[0]),mul(x[5],x[5])))",True,"greater_than_or_equal(add(mul(x[0],x[2]),sub(x[5],x[0])), sub(sub(x[2],x[0]),mul(x[5],x[5])))",0.34730538922155685,fa36c7eff201c5964686ffd342c69e5e,0.34730538922155685,False,0.0
8,1,"less_than_or_equal(mul(add(x[0],x[0]),add(x[2],x[5])),sub(add(x[2],x[3]),add(x[3],x[0])))",False,,,447f1e0a621b5fd1ae77988e3b7d5fd8,0.40718562874251496,False,0.0
8,1,"not_(less_than_or_equal(pdiv(x[5],x[5]),add(sub(x[2],x[5]),x[7])))",False,,,67ca390aa3a916a70f8cde665b96a46f,0.32335329341317365,False,0.0
8,1,"not_(not_(less_than_or_equal(x[7],x[7])))",True,"less_than_or_equal(x[2],x[2])",0.35928143712574845,bd082d42dcba8056510101f18394b575,0.35928143712574845,False,0.0
8,1,"less_than_or_equal(mul(mul(x[0],x[7]),mul(x[5],x[0])),add(x[0],pdiv(x[7],x[3])))",True,"less_than_or_equal(x[2],x[2])",0.35928143712574845,bd082d42dcba8056510101f18394b575,0.35928143712574845,False,0.0
8,1,"not_(less_than_or_equal(pdiv(x[5],x[5]),add(x[5],x[2])))",True,"not_(less_than_or_equal(pdiv(x[5],x[5]),add(x[5],x[2])))",0.2455089820359282,5825d6d8d32996f2f81bb41cc0bfa92f,0.2455089820359282,False,0.0
8,1,"less_than_or_equal(add(x[3],x[7]),mul(x[5],x[5]))",False,,,9ea6c84aef50ed3a3f9642a5d02a2ba3,0.6347305389221557,False,0.0
8,1,"less_than_or_equal(mul(sub(x[7],x[0]),pdiv(x[7],x[3])),mul(add(x[3],x[0]),add(x[7],x[2])))",False,,,83fe1d805d2713593782a5b37a6ac65d,0.3772455089820359,False,0.0
8,1,"less_than_or_equal(sub(mul(x[0],x[7]),sub(x[0],x[2])),add(x[7],pdiv(pdiv(x[7],x[3]),84.97)))",False,,,02d480706fd65d21d53bf17c1575db61,0.4251497005988024,False,0.0
8,1,"greater_than_or_equal(add(pdiv(x[3],x[3]),sub(x[5],x[3])), mul(pdiv(x[0],x[5]),mul(x[3],x[3])))",False,,,20549abca100b155319252a5e0d92179,0.3413173652694611,False,0.0
8,1,"greater_than_or_equal(x[0], x[0])",True,"less_than_or_equal(x[2],x[2])",0.35928143712574845,bd082d42dcba8056510101f18394b575,0.35928143712574845,False,0.0
8,1,"less_than_or_equal(sub(mul(x[2],x[7]),mul(x[0],x[7])),pdiv(mul(x[5],x[7]),mul(x[5],x[5])))",True,"less_than_or_equal(x[2],x[2])",0.35928143712574845,bd082d42dcba8056510101f18394b575,0.35928143712574845,False,0.0
8,1,"less_than_or_equal(x[2],mul(x[5],x[2]))",False,,,11c9267ebe602ee86e2d95f4fbaeeb50,0.6646706586826348,False,0.0
8,1,"less_than_or_equal(x[0],mul(add(x[3],x[2]),sub(x[2],x[5])))",False,,,7db144d80e7764d52718b602dba1350e,0.652694610778443,False,0.0
8,1,x[6],True,x[6],0.3652694610778443,ff9750a95f856aee791afc16a7ee79d4,0.3652694610778443,False,0.0
8,1,"greater_than_or_equal(pdiv(x[2],mul(x[0],x[7])), pdiv(pdiv(x[7],x[3]),sub(x[3],x[5])))",False,,,a2cb98cdf469c32624852e3e0289007e,0.437125748502994,False,0.0
8,1,"greater_than_or_equal(x[3], x[7])",True,"greater_than_or_equal(x[3], x[7])",0.33532934131736525,176c0c35833bc4ae980b10cd773d9ebc,0.33532934131736525,False,0.0
8,1,"less_than_or_equal(x[5],x[7])",True,"greater_than_or_equal(x[7], x[5])",0.6107784431137724,793f9fa4aca1502cfe0a9ed6ab91b83c,0.6107784431137724,False,0.0
8,1,"greater_than_or_equal(add(add(x[3],x[3]),sub(x[2],x[5])), pdiv(sub(x[7],x[0]),add(x[5],x[2])))",False,,,f7546957f2a2999eddd4b84a353ce77a,0.437125748502994,False,0.0
8,1,"less_than_or_equal(pdiv(mul(x[2],x[5]),pdiv(x[7],x[5])),38.73)",True,"less_than_or_equal(x[2],x[2])",0.35928143712574845,bd082d42dcba8056510101f18394b575,0.35928143712574845,False,0.0
8,1,"less_than_or_equal(mul(mul(x[3],x[3]),sub(x[3],x[7])),add(mul(x[3],x[5]),pdiv(x[5],sub(x[0],mul(sub(x[2],x[0]),add(x[2],x[3]))))))",False,,,4fc9578c045675d2606beb62ef357277,0.5389221556886228,False,0.0
8,1,"less_than_or_equal(sub(add(x[5],x[5]),pdiv(x[0],x[3])),sub(pdiv(x[2],x[3]),x[5]))",False,,,6110edef7290db604cf802d9f192c267,0.6287425149700598,False,0.0
8,1,"less_than_or_equal(mul(sub(x[2],x[5]),sub(x[2],x[0])),add(pdiv(x[2],x[2]),x[7]))",True,"less_than_or_equal(x[2],x[2])",0.35928143712574845,bd082d42dcba8056510101f18394b575,0.35928143712574845,False,0.0
8,1,"less_than_or_equal(mul(sub(x[7],x[7]),mul(x[3],x[3])),sub(mul(x[5],x[5]),add(x[2],x[0])))",True,"less_than_or_equal(mul(sub(x[7],x[7]),pdiv(x[3],x[3])),sub(mul(x[5],x[5]),add(x[2],x[0])))",0.4610778443113772,ddb1f3df7210cc1fe546238ba65c908e,0.4610778443113772,False,0.0
8,1,"less_than_or_equal(add(sub(x[0],x[3]),x[3]),sub(x[5],x[3]))",True,"less_than_or_equal(x[3],sub(x[5],x[0]))",0.5269461077844311,c2721406a3ba34162aee6b1379944e1c,0.5269461077844311,False,0.0
8,1,"less_than_or_equal(x[0],x[5])",True,"less_than_or_equal(x[0],x[5])",0.37125748502994016,cdcd6f1e6c091ac380f1476046586fe6,0.37125748502994016,False,0.0
8,1,"less_than_or_equal(mul(pdiv(x[7],x[3]),sub(x[3],x[5])),add(add(x[2],x[7]),add(x[0],x[5])))",True,"less_than_or_equal(x[2],x[2])",0.35928143712574845,bd082d42dcba8056510101f18394b575,0.35928143712574845,False,0.0
8,1,"greater_than_or_equal(sub(pdiv(x[7],x[7]),sub(x[0],x[5])), sub(x[2],pdiv(x[0],x[7])))",True,"less_than_or_equal(x[2],x[2])",0.35928143712574845,bd082d42dcba8056510101f18394b575,0.35928143712574845,False,0.0
8,1,"greater_than_or_equal(x[3], x[7])",True,"greater_than_or_equal(x[3], x[7])",0.33532934131736525,176c0c35833bc4ae980b10cd773d9ebc,0.33532934131736525,False,0.0
8,1,"less_than_or_equal(mul(sub(x[7],x[0]),pdiv(x[7],x[3])),mul(add(x[3],x[0]),add(x[7],x[5])))",True,"less_than_or_equal(mul(sub(x[7],x[0]),pdiv(x[7],x[3])),mul(add(x[3],x[0]),add(x[7],x[5])))",0.3053892215568862,62fc3538fa139d9751b9d5d99a4bf408,0.3053892215568862,False,0.0
8,1,x[4],True,x[4],0.35928143712574845,cdec5a9f51f7a38b45d1257e5d4520eb,0.35928143712574845,False,0.0
8,1,"greater_than_or_equal(x[2], x[7])",True,"less_than_or_equal(add(x[5],x[7]),add(x[5],x[2]))",0.5269461077844311,544b4f45aa71542bcadfaa9d165fdbeb,0.5269461077844311,False,0.0
8,1,"less_than_or_equal(sub(mul(x[2],x[7]),mul(x[0],x[7])),pdiv(mul(x[5],x[5]),x[2]))",False,,,728ffee2abc77e0846cebcc45c7c0782,0.3293413173652695,False,0.0
8,1,"or_(not_(less_than_or_equal(x[5],x[5])),less_than_or_equal(sub(x[3],x[2]),pdiv(x[5],x[3])))",False,,,a56632c985151f3fa549791936509bbd,0.4011976047904192,False,0.0
8,1,"less_than_or_equal(sub(x[7],x[0]),pdiv(x[7],x[3]))",True,"less_than_or_equal(x[2],x[2])",0.35928143712574845,bd082d42dcba8056510101f18394b575,0.35928143712574845,False,0.0
8,1,"less_than_or_equal(mul(mul(x[7],x[7]),add(x[5],x[2])),mul(sub(x[7],x[7]),pdiv(x[5],x[3])))",True,not_(x[6]),0.6347305389221557,b4068ba57b63c959651c969331c4b5cd,0.6407185628742516,True,0.005988023952095856
8,1,x[1],True,x[1],0.3652694610778443,8fe1a95217af65598a8b7fd872a69562,0.3652694610778443,False,0.0
8,1,x[4],True,x[4],0.35928143712574845,cdec5a9f51f7a38b45d1257e5d4520eb,0.35928143712574845,False,0.0
8,1,"less_than_or_equal(mul(mul(x[0],x[7]),mul(x[3],x[0])),add(add(x[2],x[0]),add(x[2],x[5])))",True,"less_than_or_equal(x[2],x[2])",0.35928143712574845,bd082d42dcba8056510101f18394b575,0.35928143712574845,False,0.0
8,1,"not_(greater_than_or_equal(mul(x[7],x[0]), x[2]))",False,,,e74fc79a80587d1f9f631202b75df4a5,0.35928143712574845,False,0.0
8,1,"less_than_or_equal(sub(add(x[5],x[5]),pdiv(98.18,x[3])),x[2])",True,"less_than_or_equal(x[2],x[2])",0.35928143712574845,bd082d42dcba8056510101f18394b575,0.3652694610778443,True,0.005988023952095856
8,1,"not_(less_than_or_equal(pdiv(x[5],x[5]),add(x[5],x[2])))",True,"not_(less_than_or_equal(pdiv(x[5],x[5]),add(x[5],x[2])))",0.2455089820359282,5825d6d8d32996f2f81bb41cc0bfa92f,0.30952380952380953,True,0.06401482748788134
8,2,"not_(greater_than_or_equal(mul(x[5],add(x[5],x[2])), x[0]))",True,"less_than_or_equal(x[5],x[0])",0.6227544910179641,2aedc6e15176de9ec0c909a1a3b35796,0.6107784431137724,True,-0.011976047904191711
8,2,"or_(x[6],greater_than_or_equal(x[5], x[5]))",True,"less_than_or_equal(x[2],x[2])",0.35928143712574845,bd082d42dcba8056510101f18394b575,0.35928143712574845,False,0.0
8,2,"greater_than_or_equal(x[3], x[3])",True,"less_than_or_equal(x[2],x[2])",0.35928143712574845,bd082d42dcba8056510101f18394b575,0.35928143712574845,False,0.0
8,2,"greater_than_or_equal(x[3], x[7])",True,"greater_than_or_equal(x[3], x[7])",0.33532934131736525,176c0c35833bc4ae980b10cd773d9ebc,0.33532934131736525,False,0.0
8,2,"not_(greater_than_or_equal(pdiv(x[5],x[2]), add(x[5],x[3])))",False,,,a479838b610a14544adfc405ae80393e,0.688622754491018,False,0.0
8,2,"less_than_or_equal(sub(mul(x[2],x[7]),mul(x[0],x[7])),pdiv(mul(x[7],x[5]),add(x[3],x[0])))",False,,,3196da2bdbd782d607c6576ee8113934,0.33532934131736525,False,0.0
8,2,"greater_than_or_equal(x[3], x[3])",True,"less_than_or_equal(x[2],x[2])",0.35928143712574845,bd082d42dcba8056510101f18394b575,0.35928143712574845,False,0.0
8,2,"less_than_or_equal(mul(pdiv(x[3],x[0]),x[5]),add(x[0],x[7]))",False,,,f445f8c8ff8bef24232385e05ec3b4a4,0.5808383233532934,False,0.0
8,2,"greater_than_or_equal(x[3], mul(pdiv(x[2],x[5]),pdiv(x[7],x[0])))",False,,,71cd7c6266cbb4ef19f759bc1b600306,0.39520958083832336,False,0.0
8,2,"greater_than_or_equal(x[3], mul(x[5],sub(x[2],x[2])))",True,"less_than_or_equal(x[2],x[2])",0.35928143712574845,bd082d42dcba8056510101f18394b575,0.35928143712574845,False,0.0
8,2,"not_(less_than_or_equal(pdiv(x[5],x[0]),x[0]))",False,,,5372ceb8b23ce5e1dd3bf5c2fc3a57aa,0.35928143712574845,False,0.0
8,2,x[4],True,x[4],0.35928143712574845,cdec5a9f51f7a38b45d1257e5d4520eb,0.35928143712574845,False,0.0
8,2,"greater_than_or_equal(x[3], x[3])",True,"less_than_or_equal(x[2],x[2])",0.35928143712574845,bd082d42dcba8056510101f18394b575,0.35928143712574845,False,0.0
8,2,"less_than_or_equal(mul(mul(x[7],x[7]),add(x[5],x[2])),add(sub(mul(add(x[3],pdiv(x[0],x[0])),x[7]),x[3]),x[3]))",False,,,e1372657b4e2c1664ec97970a11d294b,0.3413173652694611,False,0.0
8,2,"greater_than_or_equal(x[3], x[7])",True,"greater_than_or_equal(x[3], x[7])",0.33532934131736525,176c0c35833bc4ae980b10cd773d9ebc,0.33532934131736525,False,0.0
8,2,x[6],True,x[6],0.3652694610778443,ff9750a95f856aee791afc16a7ee79d4,0.3652694610778443,False,0.0
8,2,"not_(greater_than_or_equal(pdiv(x[5],x[5]), add(x[5],x[2])))",True,"greater_than_or_equal(add(x[2],x[5]), pdiv(x[7],x[7]))",0.7544910179640718,3db16fa16df21b15852938a2c3f9a18b,0.7544910179640718,False,0.0
8,2,x[1],True,x[1],0.3652694610778443,8fe1a95217af65598a8b7fd872a69562,0.3652694610778443,False,0.0
8,2,"less_than_or_equal(mul(mul(x[3],x[3]),sub(x[3],x[7])),add(mul(x[3],x[5]),pdiv(x[3],x[0])))",True,"less_than_or_equal(x[2],x[2])",0.35928143712574845,bd082d42dcba8056510101f18394b575,0.35928143712574845,False,0.0
8,2,"less_than_or_equal(sub(mul(x[3],x[5]),mul(x[3],x[3])),add(pdiv(x[7],x[7]),pdiv(x[3],x[0])))",True,"less_than_or_equal(x[2],x[2])",0.35928143712574845,bd082d42dcba8056510101f18394b575,0.35928143712574845,False,0.0
8,2,"less_than_or_equal(mul(sub(sub(x[3],x[5]),pdiv(x[3],x[7])),pdiv(x[3],x[7])),x[0])",True,"less_than_or_equal(x[2],x[2])",0.35928143712574845,bd082d42dcba8056510101f18394b575,0.35928143712574845,False,0.0
8,2,"less_than_or_equal(mul(sub(x[2],pdiv(pdiv(x[5],x[5]),add(x[5],x[2]))),x[5]),x[5])",True,"less_than_or_equal(x[2],x[2])",0.35928143712574845,bd082d42dcba8056510101f18394b575,0.35928143712574845,False,0.0
8,2,"greater_than_or_equal(x[7], x[5])",True,"greater_than_or_equal(x[7], x[5])",0.6107784431137724,793f9fa4aca1502cfe0a9ed6ab91b83c,0.6107784431137724,False,0.0
8,2,"greater_than_or_equal(add(sub(x[2],x[0]),mul(x[3],sub(x[2],pdiv(x[7],x[0])))), x[7])",False,,,75fffcf8c3d9da6597e04c9ea4863a08,0.652694610778443,False,0.0
8,2,x[1],True,x[1],0.3652694610778443,8fe1a95217af65598a8b7fd872a69562,0.3652694610778443,False,0.0
8,2,"less_than_or_equal(sub(add(x[3],x[7]),x[3]),sub(x[5],x[5]))",True,not_(x[6]),0.6347305389221557,b4068ba57b63c959651c969331c4b5cd,0.6407185628742516,True,0.005988023952095856
8,2,"not_(not_(less_than_or_equal(x[2],pdiv(add(x[0],x[2]),mul(x[5],x[5])))))",True,"less_than_or_equal(x[2],x[2])",0.35928143712574845,bd082d42dcba8056510101f18394b575,0.35928143712574845,False,0.0
8,2,"greater_than_or_equal(38.40, x[7])",True,"less_than_or_equal(x[2],x[2])",0.35928143712574845,bd082d42dcba8056510101f18394b575,0.35928143712574845,False,0.0
8,2,"less_than_or_equal(mul(mul(x[0],x[7]),mul(x[3],x[0])),x[7])",True,"less_than_or_equal(x[2],x[2])",0.35928143712574845,bd082d42dcba8056510101f18394b575,0.35928143712574845,False,0.0
8,2,"not_(not_(less_than_or_equal(x[7],add(add(x[2],x[0]),add(x[2],x[5])))))",False,,,62c934460621bd6e1cb03b67844fbf51,0.3652694610778443,False,0.0
8,2,"less_than_or_equal(sub(mul(x[0],x[7]),sub(x[7],x[3])),mul(add(x[3],x[2]),add(x[7],x[5])))",False,,,6c8198ce4b43cd87d596b7cf8baab7db,0.43113772455089816,False,0.0
8,2,"greater_than_or_equal(add(pdiv(x[3],x[3]),sub(x[5],35.44)), x[7])",True,not_(x[6]),0.6347305389221557,b4068ba57b63c959651c969331c4b5cd,0.6407185628742516,True,0.005988023952095856
8,2,x[4],True,x[4],0.35928143712574845,cdec5a9f51f7a38b45d1257e5d4520eb,0.35928143712574845,False,0.0
8,2,"greater_than_or_equal(add(mul(x[0],x[2]),x[2]), 21.69)",True,not_(x[6]),0.6347305389221557,b4068ba57b63c959651c969331c4b5cd,0.6407185628742516,True,0.005988023952095856
8,2,"less_than_or_equal(mul(sub(x[7],x[0]),pdiv(x[7],x[3])),mul(add(x[3],x[0]),add(x[7],x[0])))",False,,,13b4cccff76cff7d3ceb81e9190050e3,0.40718562874251496,False,0.0
8,2,"greater_than_or_equal(pdiv(mul(x[7],sub(mul(x[3],x[5]),mul(x[3],x[3]))),add(pdiv(x[7],x[7]),pdiv(x[3],x[5]))), x[2])",True,"greater_than_or_equal(pdiv(mul(x[5],x[2]),pdiv(x[2],x[5])), add(sub(x[7],x[7]),add(x[5],x[0])))",0.6107784431137724,ec48eb4aba9f475884bcf9e8f28adadc,0.6227544910179641,True,0.011976047904191711
8,2,"greater_than_or_equal(x[5], x[7])",True,"greater_than_or_equal(x[5], x[7])",0.3892215568862275,ca29d589a2290a0489371628a6b32bf4,0.3892215568862275,False,0.0
8,2,"greater_than_or_equal(x[0], x[0])",True,"less_than_or_equal(x[2],x[2])",0.35928143712574845,bd082d42dcba8056510101f18394b575,0.35928143712574845,False,0.0
8,2,"greater_than_or_equal(x[3], x[7])",True,"greater_than_or_equal(x[3], x[7])",0.33532934131736525,176c0c35833bc4ae980b10cd773d9ebc,0.33532934131736525,False,0.0
8,2,"less_than_or_equal(mul(mul(x[5],x[3]),x[2]),add(add(x[5],x[7]),x[7]))",True,"less_than_or_equal(x[2],x[2])",0.35928143712574845,bd082d42dcba8056510101f18394b575,0.35928143712574845,False,0.0
8,2,x[6],True,x[6],0.3652694610778443,ff9750a95f856aee791afc16a7ee79d4,0.3652694610778443,False,0.0
8,2,"greater_than_or_equal(x[7], x[7])",True,"less_than_or_equal(x[2],x[2])",0.35928143712574845,bd082d42dcba8056510101f18394b575,0.35928143712574845,False,0.0
8,2,"less_than_or_equal(sub(mul(x[2],x[7]),mul(x[0],x[7])),sub(x[0],x[5]))",False,,,3e912ab8afd138823578aabc7b6f819b,0.6227544910179641,False,0.0
8,2,"not_(greater_than_or_equal(mul(x[7],x[5]), pdiv(x[5],sub(mul(x[0],x[2]),x[7]))))",False,,,97740780b5563efcdb3e77851e4bab0c,0.6227544910179641,False,0.0
8,2,"greater_than_or_equal(x[5], x[7])",True,"greater_than_or_equal(x[5], x[7])",0.3892215568862275,ca29d589a2290a0489371628a6b32bf4,0.3892215568862275,False,0.0
8,2,"not_(less_than_or_equal(pdiv(11.94,x[5]),add(add(x[2],x[7]),add(x[2],x[3]))))",True,"less_than_or_equal(x[2],x[2])",0.35928143712574845,bd082d42dcba8056510101f18394b575,0.3652694610778443,True,0.005988023952095856
8,2,"less_than_or_equal(pdiv(sub(x[7],x[0]),sub(x[2],x[3])),pdiv(pdiv(x[2],x[7]),mul(x[5],x[5])))",True,"less_than_or_equal(pdiv(sub(x[7],x[0]),sub(x[2],x[3])),pdiv(pdiv(x[2],x[7]),mul(x[5],x[5])))",0.3772455089820359,419335975629244935cee41689358a01,0.3772455089820359,False,0.0
8,2,"greater_than_or_equal(add(mul(x[0],x[2]),sub(x[5],x[0])), sub(sub(x[2],x[0]),mul(x[5],x[5])))",True,"greater_than_or_equal(add(mul(x[0],x[2]),sub(x[5],x[0])), sub(sub(x[2],x[0]),mul(x[5],x[5])))",0.34730538922155685,fa36c7eff201c5964686ffd342c69e5e,0.34730538922155685,False,0.0
8,2,"less_than_or_equal(x[5],x[0])",True,"less_than_or_equal(x[5],x[0])",0.6227544910179641,2aedc6e15176de9ec0c909a1a3b35796,0.6227544910179641,False,0.0
8,2,x[1],True,x[1],0.3652694610778443,8fe1a95217af65598a8b7fd872a69562,0.3652694610778443,False,0.0
8,2,"less_than_or_equal(sub(mul(x[5],add(pdiv(x[3],x[7]),pdiv(x[3],x[7]))),x[0]),x[2])",False,,,51a86ef6e88c7912cf0a253534552550,0.7005988023952097,False,0.0
8,2,"greater_than_or_equal(pdiv(mul(x[5],x[2]),add(x[2],x[3])), pdiv(sub(x[7],x[7]),add(x[2],x[3])))",True,"less_than_or_equal(x[2],x[2])",0.35928143712574845,bd082d42dcba8056510101f18394b575,0.35928143712574845,False,0.0
8,2,"less_than_or_equal(mul(mul(x[3],x[3]),sub(x[3],add(x[2],mul(x[3],x[5])))),mul(x[3],x[3]))",True,"less_than_or_equal(x[2],x[2])",0.35928143712574845,bd082d42dcba8056510101f18394b575,0.35928143712574845,False,0.0
8,2,"greater_than_or_equal(add(pdiv(x[3],add(pdiv(x[2],x[2]),pdiv(x[3],x[7]))),mul(x[0],x[7])), sub(x[0],x[2]))",True,"less_than_or_equal(mul(sub(x[2],x[5]),sub(x[2],x[0])),add(x[3],x[2]))",0.3532934131736527,44787953a2ea9d0c6e8ae77570f45adc,0.3772455089820359,True,0.0239520958083832
8,2,"less_than_or_equal(pdiv(mul(x[7],pdiv(x[5],pdiv(x[3],sub(pdiv(x[2],x[2]),pdiv(x[3],x[7]))))),mul(x[0],x[2])),sub(x[0],x[2]))",False,,,d68c40fea1d18ce4464753f3c09bdbb6,0.5568862275449102,False,0.0
8,2,"greater_than_or_equal(sub(pdiv(x[0],x[7]),mul(74.75,sub(x[7],x[7]))), pdiv(10.06,x[0]))",True,not_(x[6]),0.6347305389221557,b4068ba57b63c959651c969331c4b5cd,0.6407185628742516,True,0.005988023952095856
8,2,"less_than_or_equal(mul(x[7],x[7]),add(x[7],x[2]))",True,"less_than_or_equal(x[2],x[2])",0.35928143712574845,bd082d42dcba8056510101f18394b575,0.35928143712574845,False,0.0
8,2,"less_than_or_equal(sub(sub(x[3],x[2]),pdiv(x[5],x[0])),mul(x[7],x[0]))",True,"greater_than_or_equal(add(pdiv(x[3],x[3]),sub(x[5],x[3])), mul(pdiv(x[0],x[5]),mul(x[3],x[3])))",0.3413173652694611,20549abca100b155319252a5e0d92179,0.3413173652694611,False,0.0
8,2,"greater_than_or_equal(pdiv(x[0],x[7]), mul(x[7],x[3]))",False,,,e3cff3c325589495eda18cefa017d5c9,0.5449101796407185,False,0.0
8,2,"greater_than_or_equal(sub(x[3],x[3]), pdiv(x[2],x[2]))",True,not_(x[6]),0.6347305389221557,b4068ba57b63c959651c969331c4b5cd,0.6407185628742516,True,0.005988023952095856
8,2,"not_(not_(less_than_or_equal(x[2],mul(sub(pdiv(sub(mul(x[2],x[2]),pdiv(x[3],x[7])),x[5]),sub(x[7],x[0])),pdiv(add(x[2],x[5]),add(x[0],x[2]))))))",False,,,a28ce5167bfb43ee56b1adfff33a6fdf,0.6407185628742516,False,0.0
8,2,"greater_than_or_equal(x[7], pdiv(x[0],x[3]))",False,,,7b8e77c29a25cb6038101f7ef1369bf9,0.4730538922155688,False,0.0
8,2,"less_than_or_equal(mul(mul(x[7],x[7]),add(x[5],x[2])),add(sub(x[7],x[7]),pdiv(x[5],x[2])))",False,,,2d6da4ded6fc2db6ec5a3165e01c19e4,0.31137724550898205,False,0.0
8,2,"less_than_or_equal(pdiv(mul(x[5],x[5]),x[2]),sub(sub(x[2],x[0]),mul(x[5],x[5])))",True,"less_than_or_equal(x[0],mul(add(x[3],x[2]),sub(x[2],x[5])))",0.652694610778443,7db144d80e7764d52718b602dba1350e,0.6586826347305389,True,0.005988023952095856
8,2,"not_(not_(less_than_or_equal(x[2],x[7])))",True,"less_than_or_equal(pdiv(add(x[2],x[5]),sub(x[2],x[7])),mul(mul(x[2],x[3]),mul(x[5],x[7])))",0.4730538922155688,6a9a868ce645e54c16a03959cbdb37f6,0.4730538922155688,False,0.0
8,2,"less_than_or_equal(sub(mul(x[0],x[7]),sub(x[0],x[2])),add(pdiv(x[5],pdiv(x[2],x[2])),x[5]))",True,"less_than_or_equal(sub(mul(x[2],x[7]),mul(x[0],x[7])),pdiv(mul(x[7],x[5]),add(x[3],x[0])))",0.33532934131736525,3196da2bdbd782d607c6576ee8113934,0.33532934131736525,False,0.0
8,2,"greater_than_or_equal(add(mul(x[3],sub(x[7],x[5])),x[3]), mul(x[2],x[7]))",False,,,b2fa330d166c851bf706a55b55742d93,0.32335329341317365,False,0.0
8,2,"less_than_or_equal(x[0],mul(add(x[3],x[5]),pdiv(pdiv(x[3],pdiv(x[5],x[5])),x[0])))",False,,,946789eb468405234c38dbb8a53860cb,0.35928143712574845,False,0.0
8,2,"less_than_or_equal(sub(mul(x[2],x[7]),mul(x[0],x[7])),pdiv(x[3],x[3]))",True,"less_than_or_equal(x[2],x[2])",0.35928143712574845,bd082d42dcba8056510101f18394b575,0.35928143712574845,False,0.0
8,2,"greater_than_or_equal(mul(x[5],x[5]), x[2])",False,,,27c9a0656cbf90b6dfaeb7687812c890,0.43113772455089816,False,0.0
8,2,"greater_than_or_equal(add(sub(x[2],x[0]),mul(x[3],sub(x[7],x[0]))), pdiv(x[7],x[3]))",False,,,64687f2c80757cf6739f1f12fcab86c9,0.5688622754491017,False,0.0
8,2,"less_than_or_equal(x[3],pdiv(sub(x[0],59.69),x[7]))",True,not_(x[6]),0.6347305389221557,b4068ba57b63c959651c969331c4b5cd,0.6407185628742516,True,0.005988023952095856
8,2,"not_(less_than_or_equal(x[2],add(pdiv(x[5],x[2]),mul(x[2],x[5]))))",False,,,922e6bcd7ff625e04e47500abf7d971d,0.6646706586826348,False,0.0
8,2,"less_than_or_equal(sub(mul(x[0],x[7]),sub(x[7],pdiv(x[5],x[5]))),add(sub(x[2],x[5]),x[7]))",False,,,0f82cfcece458f7e8e14bf3aef11e2d4,0.718562874251497,False,0.0
8,2,"not_(greater_than_or_equal(mul(x[0],x[5]), add(x[0],x[5])))",True,"less_than_or_equal(x[2],x[2])",0.35928143712574845,bd082d42dcba8056510101f18394b575,0.3652694610778443,True,0.005988023952095856
8,2,"greater_than_or_equal(x[5], x[5])",True,"less_than_or_equal(x[2],x[2])",0.35928143712574845,bd082d42dcba8056510101f18394b575,0.35928143712574845,False,0.0
8,2,"greater_than_or_equal(add(pdiv(x[3],x[3]),sub(x[5],x[3])), mul(pdiv(x[0],x[5]),pdiv(x[5],x[2])))",False,,,a6e94710f44a4991ae888c447094a6d4,0.4131736526946108,False,0.0
8,2,"not_(less_than_or_equal(pdiv(pdiv(mul(x[5],add(x[5],x[5])),x[3]),x[3]),x[3]))",False,,,cbc4c49cf818af7e37e71b153487a6c9,0.38323353293413176,False,0.0
8,2,"not_(not_(less_than_or_equal(x[0],x[7])))",True,"and_(less_than_or_equal(pdiv(x[0],x[0]),pdiv(x[7],x[7])),greater_than_or_equal(sub(x[2],x[2]), sub(x[0],x[7])))",0.45508982035928147,0c866f95d3c400cff6c51bdae200239a,0.45508982035928147,False,0.0
8,2,"less_than_or_equal(sub(mul(x[7],x[7]),sub(x[0],add(x[7],x[5]))),x[3])",False,,,79cc0fe55b9bca3a0139f3fa5ee9a811,0.5688622754491017,False,0.0
8,2,"less_than_or_equal(x[3],x[3])",True,"less_than_or_equal(x[2],x[2])",0.35928143712574845,bd082d42dcba8056510101f18394b575,0.35928143712574845,False,0.0
8,2,"less_than_or_equal(x[3],x[2])",True,"not_(less_than_or_equal(pdiv(x[5],x[5]),add(x[2],sub(pdiv(x[3],x[2]),add(mul(x[2],x[7]),mul(x[2],x[3]))))))",0.6586826347305389,97992d1c6392ce2361e75a580fad0a69,0.6347305389221557,True,-0.0239520958083832
8,2,"less_than_or_equal(mul(sub(x[7],x[0]),pdiv(x[7],x[3])),mul(add(x[3],x[0]),add(x[7],x[5])))",True,"less_than_or_equal(mul(sub(x[7],x[0]),pdiv(x[7],x[3])),mul(add(x[3],x[0]),add(x[7],x[5])))",0.3053892215568862,62fc3538fa139d9751b9d5d99a4bf408,0.3053892215568862,False,0.0
8,2,"not_(greater_than_or_equal(x[5], x[7]))",True,"greater_than_or_equal(x[7], x[5])",0.6107784431137724,793f9fa4aca1502cfe0a9ed6ab91b83c,0.6107784431137724,False,0.0
8,2,"greater_than_or_equal(x[0], x[7])",True,"less_than_or_equal(x[7],x[0])",0.5449101796407185,be077d9307e8548c7420a3c3b9c6aaf2,0.5449101796407185,False,0.0
8,2,"not_(greater_than_or_equal(pdiv(x[5],x[5]), add(x[5],sub(pdiv(x[5],x[5]),x[3]))))",True,"not_(greater_than_or_equal(mul(x[3],x[7]), mul(x[5],x[7])))",0.49101796407185627,412103f357976d5446a7df187265a720,0.49101796407185627,False,0.0
8,2,"or_(x[6],greater_than_or_equal(x[0], x[3]))",True,"less_than_or_equal(x[2],x[2])",0.35928143712574845,bd082d42dcba8056510101f18394b575,0.3652694610778443,True,0.005988023952095856
8,2,"less_than_or_equal(mul(add(x[2],x[5]),sub(x[2],x[0])),add(x[3],x[7]))",False,,,0fbef7a73eb8d81696ea4bbf05c37722,0.32335329341317365,False,0.0
8,2,x[6],True,x[6],0.3652694610778443,ff9750a95f856aee791afc16a7ee79d4,0.3652694610778443,False,0.0
8,2,"not_(less_than_or_equal(pdiv(x[5],x[5]),add(x[5],x[2])))",True,"not_(less_than_or_equal(pdiv(x[5],x[5]),add(x[5],x[2])))",0.2455089820359282,5825d6d8d32996f2f81bb41cc0bfa92f,0.2455089820359282,False,0.0
8,2,x[1],True,x[1],0.3652694610778443,8fe1a95217af65598a8b7fd872a69562,0.3652694610778443,False,0.0
8,2,"greater_than_or_equal(add(mul(x[0],x[2]),sub(x[5],x[0])), sub(pdiv(x[2],x[5]),mul(x[5],x[5])))",False,,,6c3c28a893cfd5e5e07d5e5c3abd34bb,0.45508982035928147,False,0.0
8,2,"less_than_or_equal(mul(sub(x[2],x[5]),sub(x[2],x[0])),mul(sub(add(x[3],add(pdiv(x[7],x[7]),pdiv(x[3],x[5]))),x[2]),x[3]))",False,,,1b50b18cfb7fd2f13b3910f496b0a25d,0.3532934131736527,False,0.0
8,2,"less_than_or_equal(x[0],x[5])",True,"less_than_or_equal(x[0],x[5])",0.37125748502994016,cdcd6f1e6c091ac380f1476046586fe6,0.37125748502994016,False,0.0
8,2,"not_(less_than_or_equal(pdiv(x[5],x[5]),mul(x[0],x[2])))",True,"less_than_or_equal(x[2],x[2])",0.35928143712574845,bd082d42dcba8056510101f18394b575,0.35928143712574845,False,0.0
8,2,"not_(less_than_or_equal(pdiv(x[5],x[5]),add(x[5],x[0])))",False,,,00c19a3fd72854100569949b11521f0b,0.3053892215568862,False,0.0
8,2,"or_(x[6],greater_than_or_equal(x[5], add(x[2],x[0])))",True,"less_than_or_equal(x[2],x[2])",0.35928143712574845,bd082d42dcba8056510101f18394b575,0.35928143712574845,False,0.0
8,2,"less_than_or_equal(mul(mul(x[7],x[7]),add(x[5],x[2])),add(sub(x[7],x[7]),pdiv(sub(x[2],x[5]),x[7])))",False,,,125d797bcaeee27bf36b7957fbcf8ce0,0.6347305389221557,False,0.0
8,2,"not_(not_(greater_than_or_equal(x[3], x[7])))",True,"greater_than_or_equal(x[3], x[7])",0.33532934131736525,176c0c35833bc4ae980b10cd773d9ebc,0.33532934131736525,False,0.0
8,2,"greater_than_or_equal(add(sub(x[2],x[0]),mul(x[7],add(x[0],x[5]))), x[3])",False,,,22c8a4b4cf4dc944ae39fea8455d4f91,0.6826347305389222,False,0.0
8,2,x[4],True,x[4],0.35928143712574845,cdec5a9f51f7a38b45d1257e5d4520eb,0.35928143712574845,False,0.0
8,2,"less_than_or_equal(mul(sub(x[7],x[0]),pdiv(x[7],x[3])),mul(add(x[3],x[0]),add(add(mul(x[7],x[3]),x[5]),x[2])))",False,,,f6a0bfeb1d443343b999e532c17e6e0e,0.3293413173652695,False,0.0
8,2,"greater_than_or_equal(30.92, x[5])",True,"less_than_or_equal(x[2],x[2])",0.35928143712574845,bd082d42dcba8056510101f18394b575,0.35928143712574845,False,0.0
8,2,"less_than_or_equal(mul(sub(x[2],x[7]),sub(x[0],x[3])),x[7])",True,"less_than_or_equal(x[2],x[2])",0.35928143712574845,bd082d42dcba8056510101f18394b575,0.35928143712574845,False,0.0
8,2,"less_than_or_equal(add(add(x[7],x[5]),sub(x[2],x[0])),add(pdiv(x[2],x[2]),mul(x[5],x[7])))",False,,,ef87cb2a4f48f5e88eab0c0c45568f68,0.2574850299401198,False,0.0
8,2,"or_(x[6],greater_than_or_equal(add(x[0],x[0]), x[2]))",True,"less_than_or_equal(x[2],x[2])",0.35928143712574845,bd082d42dcba8056510101f18394b575,0.35928143712574845,False,0.0
8,2,"greater_than_or_equal(x[3], 54.39)",True,not_(x[6]),0.6347305389221557,b4068ba57b63c959651c969331c4b5cd,0.6407185628742516,True,0.005988023952095856
8,2,"less_than_or_equal(mul(mul(x[3],x[3]),pdiv(x[7],sub(x[0],x[2]))),add(pdiv(x[5],x[2]),mul(x[2],x[5])))",False,,,6c9321ea01ef35aafb0dbb80a6f33dec,0.3532934131736527,False,0.0
8,2,"greater_than_or_equal(add(sub(x[2],x[7]),mul(x[3],x[0])), x[3])",False,,,bff133f4d9b6d698fb2ac4bb2f41bf91,0.6227544910179641,False,0.0
8,2,"greater_than_or_equal(sub(pdiv(x[0],x[7]),mul(x[0],mul(x[3],x[7]))), pdiv(x[0],x[3]))",False,,,f534603d395e0c8dc2f676e79232e48d,0.2934131736526946,False,0.0
8,2,"less_than_or_equal(pdiv(x[3],sub(pdiv(x[2],x[2]),pdiv(x[3],x[7]))),mul(x[0],x[7]))",False,,,47f29fa79d280c271cc02baa07ca0dd1,0.37125748502994016,False,0.0
8,2,x[4],True,x[4],0.35928143712574845,cdec5a9f51f7a38b45d1257e5d4520eb,0.35928143712574845,False,0.0
8,2,"greater_than_or_equal(add(mul(x[0],x[3]),pdiv(x[5],x[3])), x[3])",False,,,df965f11e64c3c02cbf3b3975bf8e5c8,0.3892215568862275,False,0.0
8,2,"less_than_or_equal(sub(mul(x[2],x[7]),x[2]),mul(x[7],pdiv(mul(x[5],x[0]),add(x[3],x[3]))))",True,"less_than_or_equal(x[2],x[2])",0.35928143712574845,bd082d42dcba8056510101f18394b575,0.35928143712574845,False,0.0
8,2,x[1],True,x[1],0.3652694610778443,8fe1a95217af65598a8b7fd872a69562,0.3652694610778443,False,0.0
8,2,x[4],True,x[4],0.35928143712574845,cdec5a9f51f7a38b45d1257e5d4520eb,0.35928143712574845,False,0.0
8,2,"less_than_or_equal(mul(mul(x[5],x[3]),mul(x[0],x[3])),sub(x[2],x[7]))",False,,,2fd97246ff380e03196852eff948f74f,0.5508982035928144,False,0.0
8,2,"not_(not_(less_than_or_equal(x[2],x[2])))",True,"less_than_or_equal(x[2],x[2])",0.35928143712574845,bd082d42dcba8056510101f18394b575,0.35928143712574845,False,0.0
8,2,"not_(greater_than_or_equal(mul(x[7],x[5]), pdiv(x[5],sub(add(x[0],x[3]),mul(mul(x[7],x[5]),x[7])))))",False,,,0df885c4bddb328bc15d77a52a38e11e,0.35928143712574845,False,0.0
8,2,"greater_than_or_equal(x[0], x[7])",True,"less_than_or_equal(x[7],x[0])",0.5449101796407185,be077d9307e8548c7420a3c3b9c6aaf2,0.5449101796407185,False,0.0
8,2,"less_than_or_equal(pdiv(sub(x[3],x[5]),pdiv(x[2],x[2])),x[5])",False,,,8f63ec6eb4b45627ddab1b215f2fa10a,0.3652694610778443,False,0.0
8,2,"greater_than_or_equal(add(pdiv(x[3],x[3]),sub(x[5],x[3])), x[2])",False,,,32c2a73a8ec945f9a936096109abdfc3,0.3413173652694611,False,0.0
8,2,"greater_than_or_equal(x[3], x[7])",True,"greater_than_or_equal(x[3], x[7])",0.33532934131736525,176c0c35833bc4ae980b10cd773d9ebc,0.33532934131736525,False,0.0
8,2,"not_(less_than_or_equal(pdiv(x[5],x[5]),x[3]))",False,,,05e1f3d74f96ed02168c5462d1f8f406,0.3413173652694611,False,0.0
8,2,"or_(x[6],greater_than_or_equal(x[0], add(x[0],x[2])))",True,"less_than_or_equal(x[2],x[2])",0.35928143712574845,bd082d42dcba8056510101f18394b575,0.3652694610778443,True,0.005988023952095856
8,2,"greater_than_or_equal(add(mul(x[0],x[2]),sub(x[5],x[0])), sub(sub(x[2],x[5]),x[0]))",True,"less_than_or_equal(sub(mul(x[2],x[7]),mul(x[0],x[7])),pdiv(mul(x[7],x[5]),add(x[3],x[0])))",0.33532934131736525,3196da2bdbd782d607c6576ee8113934,0.33532934131736525,False,0.0
8,2,"less_than_or_equal(x[2],x[2])",True,"less_than_or_equal(x[2],x[2])",0.35928143712574845,bd082d42dcba8056510101f18394b575,0.35928143712574845,False,0.0
8,2,"less_than_or_equal(sub(mul(x[0],x[7]),sub(x[0],x[2])),add(pdiv(x[5],x[2]),mul(x[3],29.82)))",True,"or_(less_than_or_equal(sub(x[2],x[5]),mul(x[3],x[2])),not_(greater_than_or_equal(x[5], x[3])))",0.38323353293413176,cc44f38a8b2fcefff95bcc01de90856f,0.3652694610778443,True,-0.017964071856287456
8,2,"less_than_or_equal(mul(sub(x[7],x[0]),pdiv(x[7],x[3])),mul(add(x[3],x[0]),add(x[7],x[5])))",True,"less_than_or_equal(mul(sub(x[7],x[0]),pdiv(x[7],x[3])),mul(add(x[3],x[0]),add(x[7],x[5])))",0.3053892215568862,62fc3538fa139d9751b9d5d99a4bf408,0.3053892215568862,False,0.0
8,2,"greater_than_or_equal(x[3], sub(x[5],x[3]))",False,,,469353a2304545ae11b085cdc9aa0098,0.40718562874251496,False,0.0
8,2,x[1],True,x[1],0.3652694610778443,8fe1a95217af65598a8b7fd872a69562,0.3652694610778443,False,0.0
8,2,"not_(not_(less_than_or_equal(pdiv(x[7],x[7]),add(x[5],x[2]))))",True,"greater_than_or_equal(add(x[2],x[5]), pdiv(x[7],x[7]))",0.7544910179640718,3db16fa16df21b15852938a2c3f9a18b,0.7544910179640718,False,0.0
8,2,"less_than_or_equal(add(x[7],x[7]),sub(x[7],x[5]))",True,not_(x[6]),0.6347305389221557,b4068ba57b63c959651c969331c4b5cd,0.6407185628742516,True,0.005988023952095856
8,2,"less_than_or_equal(sub(add(x[5],x[5]),pdiv(x[0],x[3])),sub(pdiv(x[7],x[2]),x[2]))",False,,,fd03708c6837550f4e2bf362e83f74e5,0.4131736526946108,False,0.0
8,2,"less_than_or_equal(mul(mul(x[0],x[7]),mul(x[3],x[0])),add(add(x[7],x[3]),add(x[2],mul(x[7],mul(sub(x[2],x[5]),sub(x[2],x[0]))))))",True,"less_than_or_equal(x[2],x[2])",0.35928143712574845,bd082d42dcba8056510101f18394b575,0.35928143712574845,False,0.0
8,2,"greater_than_or_equal(35.58, x[7])",True,"less_than_or_equal(x[2],x[2])",0.35928143712574845,bd082d42dcba8056510101f18394b575,0.35928143712574845,False,0.0
8,2,"less_than_or_equal(mul(sub(x[2],x[5]),sub(x[2],x[0])),mul(pdiv(add(x[3],add(pdiv(x[7],x[7]),pdiv(x[3],x[5]))),x[0]),x[3]))",False,,,331f99dba41312681b6c0eab6c9d44c1,0.3413173652694611,False,0.0
8,2,"less_than_or_equal(mul(mul(x[3],x[3]),sub(x[3],x[7])),x[7])",False,,,825ea093f19b7543f783c5a609b0d560,0.4251497005988024,False,0.0
8,2,"not_(not_(less_than_or_equal(x[7],x[5])))",True,"greater_than_or_equal(x[5], x[7])",0.3892215568862275,ca29d589a2290a0489371628a6b32bf4,0.3892215568862275,False,0.0
8,2,"greater_than_or_equal(40.96, mul(x[0],x[5]))",True,"less_than_or_equal(x[2],x[2])",0.35928143712574845,bd082d42dcba8056510101f18394b575,0.35928143712574845,False,0.0
8,2,"less_than_or_equal(sub(mul(x[5],x[7]),pdiv(x[0],x[3])),add(add(x[5],x[7]),sub(x[7],x[5])))",True,"less_than_or_equal(x[2],x[2])",0.35928143712574845,bd082d42dcba8056510101f18394b575,0.35928143712574845,False,0.0
8,2,"greater_than_or_equal(add(mul(x[0],x[2]),sub(x[5],x[0])), sub(sub(x[2],x[0]),mul(x[5],x[7])))",True,"greater_than_or_equal(add(mul(x[0],x[2]),sub(x[5],x[0])), sub(sub(x[2],x[0]),mul(x[5],x[5])))",0.34730538922155685,fa36c7eff201c5964686ffd342c69e5e,0.35928143712574845,True,0.0119760479041916
8,2,"greater_than_or_equal(x[3], x[7])",True,"greater_than_or_equal(x[3], x[7])",0.33532934131736525,176c0c35833bc4ae980b10cd773d9ebc,0.33532934131736525,False,0.0
8,2,"greater_than_or_equal(x[3], x[7])",True,"greater_than_or_equal(x[3], x[7])",0.33532934131736525,176c0c35833bc4ae980b10cd773d9ebc,0.33532934131736525,False,0.0
8,2,"not_(less_than_or_equal(pdiv(x[5],x[5]),add(pdiv(x[2],30.95),x[2])))",True,"not_(greater_than_or_equal(mul(x[7],x[2]), x[7]))",0.34730538922155685,f69cf4961d82af0c72c0014d2a401904,0.34730538922155685,False,0.0
8,2,"less_than_or_equal(sub(add(x[2],x[3]),add(34.67,x[0])),x[7])",True,"less_than_or_equal(x[2],x[2])",0.35928143712574845,bd082d42dcba8056510101f18394b575,0.35928143712574845,False,0.0
8,2,"not_(not_(less_than_or_equal(x[2],x[5])))",True,"not_(not_(less_than_or_equal(x[2],x[5])))",0.34730538922155685,4af53f79d9ad2ffac455113b88a02dd4,0.34730538922155685,False,0.0
8,2,"less_than_or_equal(x[0],x[2])",True,"less_than_or_equal(x[0],x[2])",0.44311377245508987,6600e71d16c18564dbde1ecda8fbf2a3,0.44311377245508987,False,0.0
8,2,"less_than_or_equal(x[0],mul(add(x[3],x[2]),pdiv(35.52,x[3])))",True,"less_than_or_equal(x[2],x[2])",0.35928143712574845,bd082d42dcba8056510101f18394b575,0.35928143712574845,False,0.0
8,2,"greater_than_or_equal(96.49, sub(x[5],x[0]))",True,"less_than_or_equal(x[2],x[2])",0.35928143712574845,bd082d42dcba8056510101f18394b575,0.35928143712574845,False,0.0
8,2,"less_than_or_equal(15.52,mul(x[7],pdiv(mul(x[5],x[7]),mul(x[5],x[5]))))",True,"less_than_or_equal(sub(pdiv(x[5],x[2]),mul(x[7],x[0])),mul(mul(x[3],x[2]),sub(x[5],x[2])))",0.6467065868263473,64a044af0d7ad5746f97e0885e2b3f57,0.6467065868263473,False,0.0
8,2,"greater_than_or_equal(add(pdiv(x[3],x[3]),sub(x[5],x[3])), mul(pdiv(add(x[2],x[0]),x[0]),x[2]))",False,,,5a15c383a27863c93fe0467ca0fa026a,0.3053892215568862,False,0.0
8,2,"greater_than_or_equal(sub(pdiv(x[0],x[7]),x[0]), sub(x[7],x[0]))",True,"less_than_or_equal(x[7],pdiv(x[0],x[7]))",0.5029940119760479,37afef815a97697dfbf210f3b9ca92af,0.5029940119760479,False,0.0
8,2,"greater_than_or_equal(x[7], x[3])",True,"greater_than_or_equal(x[7], x[3])",0.6646706586826348,d5925f4b2448dec895a429c6f44b5edc,0.6646706586826348,False,0.0
8,2,"greater_than_or_equal(x[0], x[5])",True,"less_than_or_equal(x[5],x[0])",0.6227544910179641,2aedc6e15176de9ec0c909a1a3b35796,0.6227544910179641,False,0.0
8,2,"less_than_or_equal(x[0],x[7])",True,"and_(less_than_or_equal(pdiv(x[0],x[0]),pdiv(x[7],x[7])),greater_than_or_equal(sub(x[2],x[2]), sub(x[0],x[7])))",0.45508982035928147,0c866f95d3c400cff6c51bdae200239a,0.45508982035928147,False,0.0
8,2,"not_(not_(less_than_or_equal(x[2],x[0])))",True,"greater_than_or_equal(x[0], x[2])",0.5329341317365269,f30904201255a44726c2f25803948202,0.5329341317365269,False,0.0
8,2,x[1],True,x[1],0.3652694610778443,8fe1a95217af65598a8b7fd872a69562,0.3652694610778443,False,0.0
8,2,"not_(not_(less_than_or_equal(x[2],pdiv(mul(x[2],x[0]),pdiv(x[3],x[2])))))",False,,,1f0afa10d0fcce4f9ed0d847535952f6,0.6227544910179641,False,0.0
8,2,"less_than_or_equal(x[5],x[7])",True,"greater_than_or_equal(x[7], x[5])",0.6107784431137724,793f9fa4aca1502cfe0a9ed6ab91b83c,0.6107784431137724,False,0.0
8,2,"not_(greater_than_or_equal(pdiv(x[5],x[5]), add(x[5],x[0])))",False,,,627d593f600d06c5d91c3ab8b9aced11,0.6946107784431137,False,0.0
8,2,"greater_than_or_equal(x[7], x[7])",True,"less_than_or_equal(x[2],x[2])",0.35928143712574845,bd082d42dcba8056510101f18394b575,0.35928143712574845,False,0.0
8,2,"greater_than_or_equal(x[5], x[5])",True,"less_than_or_equal(x[2],x[2])",0.35928143712574845,bd082d42dcba8056510101f18394b575,0.35928143712574845,False,0.0
8,2,"greater_than_or_equal(sub(x[7],x[7]), sub(x[0],x[3]))",True,"not_(greater_than_or_equal(pdiv(x[0],x[3]), pdiv(x[5],x[5])))",0.3772455089820359,f56d58ec85f58eb9e745c543958f7db4,0.37125748502994016,True,-0.0059880239520957446
8,2,"greater_than_or_equal(add(pdiv(x[2],x[7]),mul(x[7],x[3])), mul(x[7],mul(x[5],x[5])))",False,,,bd6f34e18eb075961372f596f6d06f77,0.3532934131736527,False,0.0
8,2,"less_than_or_equal(sub(mul(x[2],x[7]),mul(x[0],x[7])),pdiv(mul(x[3],pdiv(x[2],x[2])),pdiv(x[3],x[7])))",True,"less_than_or_equal(x[2],x[2])",0.35928143712574845,bd082d42dcba8056510101f18394b575,0.3532934131736527,True,-0.0059880239520957446
8,2,x[4],True,x[4],0.35928143712574845,cdec5a9f51f7a38b45d1257e5d4520eb,0.35928143712574845,False,0.0
8,2,"less_than_or_equal(mul(x[3],x[7]),x[3])",True,"less_than_or_equal(x[2],x[2])",0.35928143712574845,bd082d42dcba8056510101f18394b575,0.35928143712574845,False,0.0
8,2,"not_(less_than_or_equal(pdiv(x[3],x[3]),28.46))",True,not_(x[6]),0.6347305389221557,b4068ba57b63c959651c969331c4b5cd,0.6407185628742516,True,0.005988023952095856
8,2,"less_than_or_equal(x[5],x[5])",True,"less_than_or_equal(x[2],x[2])",0.35928143712574845,bd082d42dcba8056510101f18394b575,0.35928143712574845,False,0.0
8,2,"less_than_or_equal(mul(mul(x[0],x[7]),mul(x[5],x[0])),x[2])",True,"less_than_or_equal(sub(x[5],sub(x[5],mul(x[0],x[5]))),mul(pdiv(x[2],x[0]),pdiv(x[5],x[3])))",0.3652694610778443,0d2206ebe6d2f2267a12ad05764e55bd,0.3652694610778443,False,0.0
8,2,"greater_than_or_equal(x[3], x[7])",True,"greater_than_or_equal(x[3], x[7])",0.33532934131736525,176c0c35833bc4ae980b10cd773d9ebc,0.33532934131736525,False,0.0
8,2,"not_(greater_than_or_equal(sub(x[3],x[5]), add(add(x[2],x[7]),add(x[2],add(mul(x[2],x[5]),pdiv(x[3],x[7]))))))",True,"less_than_or_equal(x[2],x[2])",0.35928143712574845,bd082d42dcba8056510101f18394b575,0.35928143712574845,False,0.0
8,2,x[4],True,x[4],0.35928143712574845,cdec5a9f51f7a38b45d1257e5d4520eb,0.35928143712574845,False,0.0
8,2,"less_than_or_equal(pdiv(mul(x[2],x[5]),pdiv(x[7],x[7])),38.63)",True,"less_than_or_equal(x[2],x[2])",0.35928143712574845,bd082d42dcba8056510101f18394b575,0.35928143712574845,False,0.0
8,2,"not_(not_(less_than_or_equal(x[2],x[0])))",True,"greater_than_or_equal(x[0], x[2])",0.5329341317365269,f30904201255a44726c2f25803948202,0.5329341317365269,False,0.0
8,2,"less_than_or_equal(sub(mul(x[2],x[7]),x[2]),mul(x[7],47.98))",True,"less_than_or_equal(x[2],x[2])",0.35928143712574845,bd082d42dcba8056510101f18394b575,0.35928143712574845,False,0.0
8,2,"greater_than_or_equal(add(x[2],x[5]), mul(x[7],mul(sub(x[7],x[5]),pdiv(x[7],x[3]))))",False,,,32fb0cfd2529c0fc1ca69e40c0532dbc,0.3532934131736527,False,0.0
8,2,x[4],True,x[4],0.35928143712574845,cdec5a9f51f7a38b45d1257e5d4520eb,0.35928143712574845,False,0.0
8,2,"greater_than_or_equal(x[3], x[7])",True,"greater_than_or_equal(x[3], x[7])",0.33532934131736525,176c0c35833bc4ae980b10cd773d9ebc,0.33532934131736525,False,0.0
8,2,"less_than_or_equal(mul(mul(x[7],x[0]),pdiv(x[7],x[3])),mul(add(x[3],add(add(x[0],x[0]),x[7])),x[3]))",False,,,5e51fb0fdc0a486f84637ca42270387c,0.3293413173652695,False,0.0
8,2,"less_than_or_equal(x[5],x[5])",True,"less_than_or_equal(x[2],x[2])",0.35928143712574845,bd082d42dcba8056510101f18394b575,0.35928143712574845,False,0.0
8,2,"greater_than_or_equal(sub(pdiv(x[0],x[7]),mul(x[7],sub(mul(x[3],x[5]),mul(x[3],x[5])))), add(pdiv(x[7],x[7]),pdiv(x[3],x[5])))",False,,,7d5ffb369aa6ad7c4ef324ddbd4d33d6,0.5988023952095809,False,0.0
8,2,"greater_than_or_equal(x[5], x[7])",True,"greater_than_or_equal(x[5], x[7])",0.3892215568862275,ca29d589a2290a0489371628a6b32bf4,0.3892215568862275,False,0.0
8,2,"less_than_or_equal(x[2],mul(x[7],x[5]))",True,"less_than_or_equal(x[2],mul(x[5],x[7]))",0.5449101796407185,d608af957328a82c144b0b72c2090c46,0.5449101796407185,False,0.0
8,2,"not_(greater_than_or_equal(x[2], x[2]))",True,not_(x[6]),0.6347305389221557,b4068ba57b63c959651c969331c4b5cd,0.6407185628742516,True,0.005988023952095856
8,2,"not_(greater_than_or_equal(mul(x[7],add(x[5],x[2])), add(sub(x[7],x[7]),pdiv(x[5],x[3]))))",False,,,741ebbb94b0779fbfd0e67129837a2ed,0.32335329341317365,False,0.0
8,2,"greater_than_or_equal(x[3], x[7])",True,"greater_than_or_equal(x[3], x[7])",0.33532934131736525,176c0c35833bc4ae980b10cd773d9ebc,0.33532934131736525,False,0.0
8,2,"less_than_or_equal(x[2],x[2])",True,"less_than_or_equal(x[2],x[2])",0.35928143712574845,bd082d42dcba8056510101f18394b575,0.35928143712574845,False,0.0
8,2,"less_than_or_equal(x[2],x[0])",True,"greater_than_or_equal(x[0], x[2])",0.5329341317365269,f30904201255a44726c2f25803948202,0.5329341317365269,False,0.0
8,2,"not_(greater_than_or_equal(x[7], x[5]))",True,"greater_than_or_equal(x[5], x[7])",0.3892215568862275,ca29d589a2290a0489371628a6b32bf4,0.3892215568862275,False,0.0
8,2,"greater_than_or_equal(x[3], x[3])",True,"less_than_or_equal(x[2],x[2])",0.35928143712574845,bd082d42dcba8056510101f18394b575,0.35928143712574845,False,0.0
8,2,"less_than_or_equal(17.42,x[5])",True,not_(x[6]),0.6347305389221557,b4068ba57b63c959651c969331c4b5cd,0.6407185628742516,True,0.005988023952095856
8,2,"not_(less_than_or_equal(pdiv(x[5],x[0]),sub(sub(x[2],x[0]),mul(x[5],x[5]))))",True,"greater_than_or_equal(mul(add(x[2],x[5]),sub(x[5],x[0])), mul(mul(x[0],x[7]),sub(x[5],x[7])))",0.38323353293413176,cf65da81ffb7a9d4ff3e042c0fa7a250,0.35928143712574845,True,-0.02395209580838331
8,2,"not_(less_than_or_equal(pdiv(x[5],x[2]),x[5]))",True,"not_(greater_than_or_equal(mul(x[7],x[2]), x[7]))",0.34730538922155685,f69cf4961d82af0c72c0014d2a401904,0.3532934131736527,True,0.005988023952095856
8,2,"not_(less_than_or_equal(pdiv(x[5],x[5]),add(x[5],x[2])))",True,"not_(less_than_or_equal(pdiv(x[5],x[5]),add(x[5],x[2])))",0.2455089820359282,5825d6d8d32996f2f81bb41cc0bfa92f,0.2455089820359282,False,0.0
8,2,"greater_than_or_equal(49.04, x[2])",True,"less_than_or_equal(x[2],x[2])",0.35928143712574845,bd082d42dcba8056510101f18394b575,0.35928143712574845,False,0.0
8,2,"greater_than_or_equal(35.57, x[7])",True,"less_than_or_equal(x[2],x[2])",0.35928143712574845,bd082d42dcba8056510101f18394b575,0.35928143712574845,False,0.0
8,2,"less_than_or_equal(pdiv(mul(x[2],x[2]),x[5]),pdiv(x[7],x[7]))",False,,,22afa71d30776c90154a85fa7bb55d4a,0.3293413173652695,False,0.0
8,2,"less_than_or_equal(x[2],54.84)",True,"less_than_or_equal(x[2],x[2])",0.35928143712574845,bd082d42dcba8056510101f18394b575,0.35928143712574845,False,0.0
8,2,"less_than_or_equal(sub(mul(x[2],x[7]),mul(x[0],x[7])),pdiv(mul(x[5],x[5]),sub(x[2],sub(x[2],x[0]))))",True,"greater_than_or_equal(mul(add(x[2],x[5]),sub(x[5],x[0])), mul(mul(x[0],x[7]),sub(x[5],x[7])))",0.38323353293413176,cf65da81ffb7a9d4ff3e042c0fa7a250,0.34730538922155685,True,-0.03592814371257491
8,2,"less_than_or_equal(mul(mul(x[7],x[7]),add(x[5],x[2])),add(sub(x[7],x[7]),pdiv(x[5],x[3])))",True,"less_than_or_equal(mul(mul(x[7],x[7]),add(x[5],x[2])),add(sub(x[7],x[7]),pdiv(x[5],x[3])))",0.32335329341317365,087e86084c343acc5d9b36e13e5378ba,0.32335329341317365,False,0.0
8,2,"less_than_or_equal(mul(sub(x[7],x[0]),pdiv(x[7],x[3])),mul(mul(x[3],x[0]),add(x[0],x[3])))",False,,,a1152f6208cd27f0c18da48fa3610327,0.5389221556886228,False,0.0
8,2,"greater_than_or_equal(x[3], sub(x[3],x[2]))",True,"less_than_or_equal(x[2],x[2])",0.35928143712574845,bd082d42dcba8056510101f18394b575,0.35928143712574845,False,0.0
8,2,"greater_than_or_equal(add(pdiv(x[3],69.14),x[5]), pdiv(x[0],x[5]))",False,,,785faa5ff1d03ecbf2b21099b68e5b9d,0.4131736526946108,False,0.0
8,2,"less_than_or_equal(pdiv(mul(x[2],x[5]),pdiv(x[7],x[3])),sub(pdiv(x[2],89.64),sub(mul(x[0],x[7]),sub(x[0],x[2]))))",False,,,a1f9d29662a2e63e9ac745d19b0ee827,0.6227544910179641,False,0.0
8,2,"greater_than_or_equal(sub(pdiv(x[0],x[7]),mul(x[7],x[7])), 31.73)",True,not_(x[6]),0.6347305389221557,b4068ba57b63c959651c969331c4b5cd,0.6407185628742516,True,0.005988023952095856
8,2,"greater_than_or_equal(add(pdiv(x[3],x[3]),sub(x[5],x[3])), mul(pdiv(x[0],x[0]),x[5]))",True,"less_than_or_equal(x[2],x[2])",0.35928143712574845,bd082d42dcba8056510101f18394b575,0.35928143712574845,False,0.0
8,2,"less_than_or_equal(pdiv(sub(x[5],x[5]),mul(x[7],x[7])),add(x[2],x[5]))",True,"less_than_or_equal(x[2],x[2])",0.35928143712574845,bd082d42dcba8056510101f18394b575,0.35928143712574845,False,0.0
8,2,"less_than_or_equal(mul(pdiv(x[7],x[3]),sub(x[3],x[5])),add(add(x[2],x[7]),add(x[2],x[3])))",True,"less_than_or_equal(x[2],x[2])",0.35928143712574845,bd082d42dcba8056510101f18394b575,0.35928143712574845,False,0.0
8,2,"less_than_or_equal(pdiv(mul(x[2],x[5]),pdiv(x[7],x[7])),57.40)",True,"less_than_or_equal(x[2],x[2])",0.35928143712574845,bd082d42dcba8056510101f18394b575,0.35928143712574845,False,0.0
8,2,"less_than_or_equal(mul(mul(x[3],x[2]),sub(x[0],x[7])),add(mul(x[3],x[5]),pdiv(x[3],x[3])))",True,"less_than_or_equal(x[2],x[2])",0.35928143712574845,bd082d42dcba8056510101f18394b575,0.35928143712574845,False,0.0
8,2,"greater_than_or_equal(35.52, x[0])",True,"less_than_or_equal(x[2],x[2])",0.35928143712574845,bd082d42dcba8056510101f18394b575,0.35928143712574845,False,0.0
8,2,"less_than_or_equal(mul(sub(x[7],x[0]),pdiv(x[7],25.93)),x[7])",True,"less_than_or_equal(x[2],x[2])",0.35928143712574845,bd082d42dcba8056510101f18394b575,0.35928143712574845,False,0.0
8,2,"greater_than_or_equal(x[3], x[0])",True,"not_(greater_than_or_equal(pdiv(x[0],x[3]), pdiv(x[5],x[5])))",0.3772455089820359,f56d58ec85f58eb9e745c543958f7db4,0.37125748502994016,True,-0.0059880239520957446
8,2,"not_(greater_than_or_equal(mul(x[0],x[7]), x[0]))",False,,,ea5b05ce8c5185868c088fb80d2672e0,0.6227544910179641,False,0.0
8,2,"greater_than_or_equal(add(mul(x[0],x[3]),pdiv(x[5],x[3])), x[2])",False,,,f0c5da2fb3fda6018ebf0885b8c1ea67,0.3293413173652695,False,0.0
8,2,"less_than_or_equal(sub(mul(add(x[2],x[5]),x[5]),x[5]),x[0])",False,,,e01d74b679680703a23478dea50e2bae,0.25149700598802394,False,0.0
8,2,"greater_than_or_equal(x[3], x[7])",True,"greater_than_or_equal(x[3], x[7])",0.33532934131736525,176c0c35833bc4ae980b10cd773d9ebc,0.33532934131736525,False,0.0
8,2,"not_(greater_than_or_equal(pdiv(x[5],x[5]), add(x[5],sub(sub(pdiv(x[7],x[7]),sub(x[0],96.71)),x[7]))))",True,"less_than_or_equal(x[2],x[2])",0.35928143712574845,bd082d42dcba8056510101f18394b575,0.35928143712574845,False,0.0
8,2,"less_than_or_equal(x[0],mul(add(x[2],x[5]),x[5]))",True,"less_than_or_equal(x[0],x[5])",0.37125748502994016,cdcd6f1e6c091ac380f1476046586fe6,0.3892215568862275,True,0.017964071856287345
8,2,"greater_than_or_equal(x[3], x[7])",True,"greater_than_or_equal(x[3], x[7])",0.33532934131736525,176c0c35833bc4ae980b10cd773d9ebc,0.33532934131736525,False,0.0
8,2,"less_than_or_equal(mul(sub(x[2],x[5]),sub(x[2],x[2])),x[0])",True,"less_than_or_equal(x[2],x[2])",0.35928143712574845,bd082d42dcba8056510101f18394b575,0.35928143712574845,False,0.0
8,2,"less_than_or_equal(pdiv(mul(x[0],add(x[3],x[2])),pdiv(add(add(x[0],x[0]),x[7]),x[3])),x[3])",True,"less_than_or_equal(x[2],x[2])",0.35928143712574845,bd082d42dcba8056510101f18394b575,0.35928143712574845,False,0.0
8,2,"less_than_or_equal(sub(sub(x[3],x[5]),pdiv(x[3],pdiv(add(x[2],x[3]),pdiv(x[0],x[7])))),x[2])",False,,,b3e532c4ac9b50f7b93d7fdffd216042,0.34730538922155685,False,0.0
8,2,"greater_than_or_equal(x[3], x[7])",True,"greater_than_or_equal(x[3], x[7])",0.33532934131736525,176c0c35833bc4ae980b10cd773d9ebc,0.33532934131736525,False,0.0
8,2,"not_(greater_than_or_equal(mul(x[0],x[5]), mul(x[5],mul(mul(x[5],x[7]),pdiv(x[7],x[3])))))",False,,,c385f36b80321fd18a606b36ff29b70a,0.4850299401197605,False,0.0
8,2,"greater_than_or_equal(x[3], x[7])",True,"greater_than_or_equal(x[3], x[7])",0.33532934131736525,176c0c35833bc4ae980b10cd773d9ebc,0.33532934131736525,False,0.0
8,2,"not_(less_than_or_equal(pdiv(x[5],x[3]),add(x[5],x[2])))",False,,,19e0b26b04f63034b8102da698d0b3b7,0.33532934131736525,False,0.0
8,2,"not_(not_(greater_than_or_equal(x[2], x[5])))",True,"less_than_or_equal(x[5],x[2])",0.652694610778443,6fb17002302e404122653cf2c68db553,0.652694610778443,False,0.0
8,2,"less_than_or_equal(sub(mul(x[2],x[7]),pdiv(x[3],x[3])),x[3])",True,"less_than_or_equal(x[2],x[2])",0.35928143712574845,bd082d42dcba8056510101f18394b575,0.35928143712574845,False,0.0
8,2,"greater_than_or_equal(x[0], x[7])",True,"less_than_or_equal(x[7],x[0])",0.5449101796407185,be077d9307e8548c7420a3c3b9c6aaf2,0.5449101796407185,False,0.0
8,2,"not_(not_(less_than_or_equal(x[5],x[2])))",True,"less_than_or_equal(x[5],x[2])",0.652694610778443,6fb17002302e404122653cf2c68db553,0.652694610778443,False,0.0
8,2,"not_(less_than_or_equal(pdiv(x[5],x[5]),sub(x[2],x[5])))",True,"less_than_or_equal(x[2],x[2])",0.35928143712574845,bd082d42dcba8056510101f18394b575,0.35928143712574845,False,0.0
8,2,"not_(less_than_or_equal(pdiv(x[5],x[5]),add(x[0],x[2])))",False,,,c426607f0a92b79fd094d06b3453a190,0.34730538922155685,False,0.0
8,2,"less_than_or_equal(mul(sub(x[7],x[0]),pdiv(x[7],x[3])),mul(add(x[3],x[7]),mul(x[5],sub(x[2],x[2]))))",True,"less_than_or_equal(x[7],x[0])",0.5449101796407185,be077d9307e8548c7420a3c3b9c6aaf2,0.5449101796407185,False,0.0
8,2,"less_than_or_equal(x[3],x[3])",True,"less_than_or_equal(x[2],x[2])",0.35928143712574845,bd082d42dcba8056510101f18394b575,0.35928143712574845,False,0.0
8,2,"less_than_or_equal(x[0],mul(add(x[3],x[2]),pdiv(x[5],x[5])))",True,"less_than_or_equal(x[0],mul(add(x[3],x[2]),pdiv(x[5],x[5])))",0.37125748502994016,a4b3109094a3eb1d4ea1563e85a80cc4,0.37125748502994016,False,0.0
8,2,"greater_than_or_equal(pdiv(mul(x[5],x[2]),94.88), sub(x[5],x[7]))",True,"greater_than_or_equal(x[7], x[5])",0.6107784431137724,793f9fa4aca1502cfe0a9ed6ab91b83c,0.6107784431137724,False,0.0
8,2,"not_(less_than_or_equal(pdiv(x[5],x[5]),add(pdiv(x[7],sub(x[0],x[2])),add(pdiv(x[2],x[2]),mul(x[2],x[5])))))",False,,,167495b7ad02aecfc33ad38896defd4e,0.45508982035928147,False,0.0
8,2,"less_than_or_equal(pdiv(mul(x[5],x[3]),x[0]),sub(x[3],sub(mul(x[3],x[7]),sub(add(x[7],sub(x[3],x[5])),sub(x[2],pdiv(x[0],x[7]))))))",False,,,f62a105d7415074097e5044b142f5f09,0.47904191616766467,False,0.0
8,2,x[4],True,x[4],0.35928143712574845,cdec5a9f51f7a38b45d1257e5d4520eb,0.35928143712574845,False,0.0
8,2,"not_(not_(less_than_or_equal(91.64,pdiv(x[2],pdiv(x[3],x[0])))))",False,,,9f39b412647a2bed42ce034a15293284,0.6586826347305389,False,0.0
8,2,"greater_than_or_equal(add(x[2],x[3]), x[7])",False,,,aafcd1b19f4b58b2ca7f6d61f9b20ed0,0.38323353293413176,False,0.0
8,2,"greater_than_or_equal(sub(pdiv(x[0],x[7]),mul(x[7],x[3])), sub(pdiv(x[2],x[2]),pdiv(x[5],mul(x[7],sub(x[5],x[3])))))",True,"not_(greater_than_or_equal(mul(x[3],x[7]), mul(x[5],x[7])))",0.49101796407185627,412103f357976d5446a7df187265a720,0.49101796407185627,False,0.0
8,2,"not_(not_(less_than_or_equal(x[3],x[7])))",True,"greater_than_or_equal(x[7], x[3])",0.6646706586826348,d5925f4b2448dec895a429c6f44b5edc,0.6646706586826348,False,0.0
8,2,"greater_than_or_equal(x[2], x[5])",True,"less_than_or_equal(x[5],x[2])",0.652694610778443,6fb17002302e404122653cf2c68db553,0.652694610778443,False,0.0
8,2,"less_than_or_equal(sub(mul(x[3],x[5]),x[2]),mul(x[2],x[5]))",False,,,3e81a095a047b1b956f47260c1607dee,0.5209580838323353,False,0.0
8,2,"less_than_or_equal(sub(mul(x[2],x[7]),pdiv(sub(pdiv(x[0],x[7]),mul(x[7],x[3])),sub(pdiv(x[2],x[2]),pdiv(x[3],x[7])))),mul(x[0],x[7]))",False,,,d03eaf7e31ad011472f11cc9fda0d2b8,0.49101796407185627,False,0.0
8,2,"greater_than_or_equal(x[0], x[7])",True,"less_than_or_equal(x[7],x[0])",0.5449101796407185,be077d9307e8548c7420a3c3b9c6aaf2,0.5449101796407185,False,0.0
8,2,"greater_than_or_equal(add(pdiv(x[3],x[3]),sub(x[5],x[7])), pdiv(x[3],x[2]))",False,,,b13a9c59cfcb5dd0e52cf21df63f0508,0.5868263473053892,False,0.0
8,2,"less_than_or_equal(add(add(x[7],x[3]),x[0]),x[0])",True,not_(x[6]),0.6347305389221557,b4068ba57b63c959651c969331c4b5cd,0.6407185628742516,True,0.005988023952095856
8,2,"or_(x[6],greater_than_or_equal(x[5], x[0]))",True,"less_than_or_equal(x[2],x[2])",0.35928143712574845,bd082d42dcba8056510101f18394b575,0.35928143712574845,False,0.0
8,2,"not_(less_than_or_equal(pdiv(x[5],x[5]),add(x[5],x[2])))",True,"not_(less_than_or_equal(pdiv(x[5],x[5]),add(x[5],x[2])))",0.2455089820359282,5825d6d8d32996f2f81bb41cc0bfa92f,0.2455089820359282,False,0.0
8,2,"less_than_or_equal(x[0],x[7])",True,"and_(less_than_or_equal(pdiv(x[0],x[0]),pdiv(x[7],x[7])),greater_than_or_equal(sub(x[2],x[2]), sub(x[0],x[7])))",0.45508982035928147,0c866f95d3c400cff6c51bdae200239a,0.45508982035928147,False,0.0
8,2,"or_(x[6],greater_than_or_equal(x[7], x[3]))",True,"less_than_or_equal(x[2],x[2])",0.35928143712574845,bd082d42dcba8056510101f18394b575,0.3652694610778443,True,0.005988023952095856
8,2,"not_(greater_than_or_equal(mul(x[0],x[5]), add(x[0],x[7])))",True,"less_than_or_equal(x[2],x[2])",0.35928143712574845,bd082d42dcba8056510101f18394b575,0.35928143712574845,False,0.0
8,2,"or_(x[6],greater_than_or_equal(x[0], add(x[3],x[3])))",True,"less_than_or_equal(x[2],x[2])",0.35928143712574845,bd082d42dcba8056510101f18394b575,0.3652694610778443,True,0.005988023952095856
8,2,"and_(greater_than_or_equal(add(x[3],x[7]), mul(x[7],x[2])),greater_than_or_equal(x[0], x[0]))",True,"less_than_or_equal(x[2],x[2])",0.35928143712574845,bd082d42dcba8056510101f18394b575,0.35928143712574845,False,0.0
8,2,"greater_than_or_equal(x[2], x[5])",True,"less_than_or_equal(x[5],x[2])",0.652694610778443,6fb17002302e404122653cf2c68db553,0.652694610778443,False,0.0
8,2,"greater_than_or_equal(sub(pdiv(x[7],x[7]),sub(x[0],65.91)), x[5])",True,"less_than_or_equal(x[2],x[2])",0.35928143712574845,bd082d42dcba8056510101f18394b575,0.35928143712574845,False,0.0
8,2,"greater_than_or_equal(35.52, x[7])",True,"less_than_or_equal(x[2],x[2])",0.35928143712574845,bd082d42dcba8056510101f18394b575,0.35928143712574845,False,0.0
8,2,"greater_than_or_equal(35.57, x[5])",True,"less_than_or_equal(x[2],x[2])",0.35928143712574845,bd082d42dcba8056510101f18394b575,0.35928143712574845,False,0.0
8,2,"greater_than_or_equal(35.54, mul(x[5],x[2]))",True,"less_than_or_equal(x[2],x[2])",0.35928143712574845,bd082d42dcba8056510101f18394b575,0.35928143712574845,False,0.0
8,2,"not_(less_than_or_equal(pdiv(x[5],x[5]),add(x[5],x[2])))",True,"not_(less_than_or_equal(pdiv(x[5],x[5]),add(x[5],x[2])))",0.2455089820359282,5825d6d8d32996f2f81bb41cc0bfa92f,0.30952380952380953,True,0.06401482748788134
8,3,not_(x[1]),True,not_(x[1]),0.6347305389221557,0a4111672452ed5da840796d6076e3cd,0.6347305389221557,False,0.0
8,3,"greater_than_or_equal(45.83, x[5])",True,"less_than_or_equal(x[2],x[2])",0.35928143712574845,bd082d42dcba8056510101f18394b575,0.35928143712574845,False,0.0
8,3,"greater_than_or_equal(x[3], x[7])",True,"greater_than_or_equal(x[3], x[7])",0.33532934131736525,176c0c35833bc4ae980b10cd773d9ebc,0.33532934131736525,False,0.0
8,3,"greater_than_or_equal(x[3], x[7])",True,"greater_than_or_equal(x[3], x[7])",0.33532934131736525,176c0c35833bc4ae980b10cd773d9ebc,0.33532934131736525,False,0.0
8,3,"not_(greater_than_or_equal(mul(x[0],x[5]), x[5]))",True,"less_than_or_equal(x[2],x[2])",0.35928143712574845,bd082d42dcba8056510101f18394b575,0.37125748502994016,True,0.011976047904191711
8,3,x[1],True,x[1],0.3652694610778443,8fe1a95217af65598a8b7fd872a69562,0.3652694610778443,False,0.0
8,3,"less_than_or_equal(sub(mul(x[0],x[7]),sub(x[2],x[0])),x[2])",False,,,fc64b9600f9cb51af0cad33fa763bb73,0.4011976047904192,False,0.0
8,3,"not_(less_than_or_equal(pdiv(x[0],add(x[7],x[3])),mul(add(x[3],x[0]),add(x[0],x[7]))))",False,,,1e035df7f3a6e16f861d4f2a2ec289c5,0.5508982035928144,False,0.0
8,3,"less_than_or_equal(sub(mul(x[2],x[7]),mul(x[0],x[3])),x[7])",True,"less_than_or_equal(x[2],x[2])",0.35928143712574845,bd082d42dcba8056510101f18394b575,0.3532934131736527,True,-0.0059880239520957446
8,3,"greater_than_or_equal(x[7], pdiv(mul(x[3],pdiv(x[2],x[2])),pdiv(x[3],x[7])))",False,,,76625d1e2f0b4bded10df38883276d80,0.35928143712574845,False,0.0
8,3,"not_(greater_than_or_equal(x[0], mul(x[5],x[5])))",True,"greater_than_or_equal(add(pdiv(x[3],69.14),x[5]), pdiv(x[0],x[5]))",0.4131736526946108,785faa5ff1d03ecbf2b21099b68e5b9d,0.4131736526946108,False,0.0
8,3,x[4],True,x[4],0.35928143712574845,cdec5a9f51f7a38b45d1257e5d4520eb,0.35928143712574845,False,0.0
8,3,"less_than_or_equal(mul(mul(x[7],x[7]),add(x[5],x[2])),add(sub(x[7],x[7]),sub(x[7],x[0])))",False,,,a3f15f177cb40ff423fcc19c35437dda,0.3772455089820359,False,0.0
8,3,"not_(less_than_or_equal(pdiv(x[5],x[5]),mul(x[7],add(x[2],x[3]))))",False,,,81ec27b3061839811616e4fa37440faa,0.32335329341317365,False,0.0
8,3,"not_(less_than_or_equal(pdiv(x[3],x[5]),add(pdiv(x[2],30.95),mul(x[0],x[3]))))",False,,,4ac8a53c24397a99907b64c745d162c5,0.34730538922155685,False,0.0
8,3,"not_(less_than_or_equal(pdiv(x[5],pdiv(x[3],pdiv(x[5],x[3]))),x[2]))",True,"not_(less_than_or_equal(pdiv(pdiv(mul(x[5],add(x[5],x[5])),x[3]),x[3]),x[3]))",0.38323353293413176,cbc4c49cf818af7e37e71b153487a6c9,0.3652694610778443,True,-0.017964071856287456
8,3,"greater_than_or_equal(x[3], pdiv(sub(add(x[2],x[5]),pdiv(sub(x[7],x[7]),add(x[5],x[0]))),x[7]))",False,,,c2940a48a09cc983f0986511e280a2e1,0.6407185628742516,False,0.0
8,3,"not_(greater_than_or_equal(mul(x[7],30.69), add(x[5],x[7])))",True,not_(x[6]),0.6347305389221557,b4068ba57b63c959651c969331c4b5cd,0.6347305389221557,False,0.0
8,3,"not_(less_than_or_equal(pdiv(x[5],x[5]),mul(x[3],x[7])))",True,"less_than_or_equal(x[2],x[2])",0.35928143712574845,bd082d42dcba8056510101f18394b575,0.35928143712574845,False,0.0
8,3,"less_than_or_equal(x[5],x[0])",True,"less_than_or_equal(x[5],x[0])",0.6227544910179641,2aedc6e15176de9ec0c909a1a3b35796,0.6227544910179641,False,0.0
8,3,"greater_than_or_equal(x[0], x[3])",True,"or_(greater_than_or_equal(sub(x[0],x[5]), pdiv(x[3],x[5])),less_than_or_equal(sub(x[3],x[0]),sub(x[5],x[5])))",0.6227544910179641,2310ba51ba8c7f4263478bc24872fb4b,0.6227544910179641,False,0.0
8,3,"less_than_or_equal(mul(sub(x[2],x[7]),sub(x[0],x[3])),x[7])",True,"less_than_or_equal(x[2],x[2])",0.35928143712574845,bd082d42dcba8056510101f18394b575,0.35928143712574845,False,0.0
8,3,"greater_than_or_equal(add(mul(x[3],sub(x[7],x[5])),x[3]), mul(x[2],x[7]))",True,"greater_than_or_equal(add(mul(x[3],sub(x[7],x[5])),x[3]), mul(x[2],x[7]))",0.32335329341317365,b2fa330d166c851bf706a55b55742d93,0.32335329341317365,False,0.0
8,3,"less_than_or_equal(x[5],x[5])",True,"less_than_or_equal(x[2],x[2])",0.35928143712574845,bd082d42dcba8056510101f18394b575,0.35928143712574845,False,0.0
8,3,"less_than_or_equal(sub(mul(x[2],x[7]),pdiv(x[3],x[3])),x[0])",True,"less_than_or_equal(x[2],x[2])",0.35928143712574845,bd082d42dcba8056510101f18394b575,0.35928143712574845,False,0.0
8,3,"greater_than_or_equal(add(x[2],mul(x[7],mul(sub(x[2],x[5]),sub(x[2],x[0])))), add(pdiv(x[2],x[2]),mul(x[5],x[7])))",False,,,54027eb419c4c2e005a8facd0dff12c1,0.6586826347305389,False,0.0
8,3,"less_than_or_equal(mul(mul(x[0],x[7]),mul(x[3],x[0])),add(add(x[7],x[3]),add(pdiv(x[3],x[3]),sub(x[5],x[3]))))",True,"less_than_or_equal(x[2],x[2])",0.35928143712574845,bd082d42dcba8056510101f18394b575,0.35928143712574845,False,0.0
8,3,"not_(less_than_or_equal(pdiv(x[5],x[5]),add(pdiv(x[2],30.95),x[5])))",True,"not_(less_than_or_equal(pdiv(x[5],x[5]),x[5]))",0.31137724550898205,774eb80249c37c32f486ae194a31e639,0.3053892215568862,True,-0.005988023952095856
8,3,"less_than_or_equal(add(x[3],sub(x[5],x[3])),x[2])",True,"less_than_or_equal(x[5],x[2])",0.652694610778443,6fb17002302e404122653cf2c68db553,0.652694610778443,False,0.0
8,3,"greater_than_or_equal(add(pdiv(x[7],mul(x[0],x[7])),mul(x[5],x[0])), x[2])",True,"less_than_or_equal(x[2],x[2])",0.35928143712574845,bd082d42dcba8056510101f18394b575,0.3532934131736527,True,-0.0059880239520957446
8,3,"less_than_or_equal(mul(sub(x[2],x[5]),sub(x[2],x[0])),mul(add(add(x[3],add(pdiv(x[7],x[7]),mul(x[3],x[5]))),x[2]),x[3]))",True,"less_than_or_equal(mul(sub(x[2],x[5]),sub(x[2],x[0])),mul(pdiv(add(x[3],add(pdiv(x[7],x[7]),pdiv(x[3],x[5]))),x[2]),x[3]))",0.35928143712574845,aa55d34f513eeb62f88ab822daf3f737,0.35928143712574845,False,0.0
8,3,"greater_than_or_equal(46.94, add(x[0],x[7]))",True,"less_than_or_equal(x[2],x[2])",0.35928143712574845,bd082d42dcba8056510101f18394b575,0.35928143712574845,False,0.0
8,3,"less_than_or_equal(sub(mul(add(x[2],sub(mul(x[5],x[5]),x[0])),sub(x[2],sub(x[5],x[0]))),sub(sub(x[2],x[5]),x[0])),x[2])",False,,,de8a7dccf764d0537b3f10d0d3f6067d,0.5868263473053892,False,0.0
8,3,"less_than_or_equal(mul(sub(sub(x[3],x[5]),pdiv(x[3],x[7])),pdiv(46.94,x[5])),x[2])",True,"less_than_or_equal(x[2],x[2])",0.35928143712574845,bd082d42dcba8056510101f18394b575,0.35928143712574845,False,0.0
8,3,"less_than_or_equal(x[7],x[0])",True,"less_than_or_equal(x[7],x[0])",0.5449101796407185,be077d9307e8548c7420a3c3b9c6aaf2,0.5449101796407185,False,0.0
8,3,"greater_than_or_equal(x[0], x[0])",True,"less_than_or_equal(x[2],x[2])",0.35928143712574845,bd082d42dcba8056510101f18394b575,0.35928143712574845,False,0.0
8,3,"greater_than_or_equal(add(pdiv(x[3],x[3]),sub(x[5],x[3])), mul(pdiv(x[0],x[0]),sub(x[0],x[2])))",True,"less_than_or_equal(x[2],x[2])",0.35928143712574845,bd082d42dcba8056510101f18394b575,0.35928143712574845,False,0.0
8,3,"less_than_or_equal(mul(mul(x[3],x[3]),pdiv(x[7],x[5])),x[2])",False,,,622360172f889da1ef4fc302526eb2ed,0.437125748502994,False,0.0
8,3,"less_than_or_equal(pdiv(mul(sub(x[2],x[5]),x[0]),x[2]),add(x[7],x[5]))",False,,,9410735142e17d4e96ebdd77092a5873,0.38323353293413176,False,0.0
8,3,"greater_than_or_equal(add(mul(x[0],x[2]),sub(90.19,add(x[0],x[5]))), x[3])",True,"less_than_or_equal(x[2],x[2])",0.35928143712574845,bd082d42dcba8056510101f18394b575,0.35928143712574845,False,0.0
8,3,"greater_than_or_equal(pdiv(x[3],x[5]), pdiv(x[3],x[0]))",False,,,ced03122b6b726bde3682df59a5599b9,0.5329341317365269,False,0.0
8,3,"less_than_or_equal(mul(add(x[2],x[5]),pdiv(x[7],x[7])),38.73)",True,"less_than_or_equal(x[2],x[2])",0.35928143712574845,bd082d42dcba8056510101f18394b575,0.35928143712574845,False,0.0
8,3,"less_than_or_equal(pdiv(mul(x[2],x[2]),x[5]),sub(x[2],x[0]))",False,,,c83a610d0be6cea62d9f5c32ceeafdc3,0.43113772455089816,False,0.0
8,3,"greater_than_or_equal(x[3], x[7])",True,"greater_than_or_equal(x[3], x[7])",0.33532934131736525,176c0c35833bc4ae980b10cd773d9ebc,0.33532934131736525,False,0.0
8,3,"greater_than_or_equal(x[7], x[7])",True,"less_than_or_equal(x[2],x[2])",0.35928143712574845,bd082d42dcba8056510101f18394b575,0.35928143712574845,False,0.0
8,3,"less_than_or_equal(sub(sub(x[3],x[5]),pdiv(x[3],pdiv(add(x[3],x[5]),x[5]))),x[7])",False,,,d3cfc83825a6dbcd34146e3c1e2ca73a,0.38323353293413176,False,0.0
8,3,"greater_than_or_equal(96.49, sub(x[5],x[0]))",True,"less_than_or_equal(x[2],x[2])",0.35928143712574845,bd082d42dcba8056510101f18394b575,0.35928143712574845,False,0.0
8,3,"greater_than_or_equal(add(mul(x[7],sub(x[0],x[7])),x[7]), add(x[5],x[2]))",False,,,681d8fd5d491586fb67fc0cf65def18f,0.6586826347305389,False,0.0
8,3,"less_than_or_equal(mul(x[5],x[5]),x[0])",False,,,2c2cb5882924d906e8f60f231506150f,0.5868263473053892,False,0.0
8,3,"not_(less_than_or_equal(pdiv(x[5],x[2]),x[5]))",True,"not_(greater_than_or_equal(mul(x[7],x[2]), x[7]))",0.34730538922155685,f69cf4961d82af0c72c0014d2a401904,0.3532934131736527,True,0.005988023952095856
8,3,"greater_than_or_equal(x[3], x[7])",True,"greater_than_or_equal(x[3], x[7])",0.33532934131736525,176c0c35833bc4ae980b10cd773d9ebc,0.33532934131736525,False,0.0
8,3,"less_than_or_equal(sub(mul(x[0],x[7]),sub(x[0],x[5])),add(x[0],x[7]))",False,,,42009ae66b9240ade6f538ac3a4ae73d,0.5748502994011976,False,0.0
8,3,"greater_than_or_equal(add(x[2],x[5]), mul(x[7],mul(sub(x[7],x[5]),add(sub(x[2],x[5]),x[3]))))",False,,,eb15a0eee05bca072f19c5d3623f0b99,0.34730538922155685,False,0.0
8,3,"greater_than_or_equal(x[3], x[7])",True,"greater_than_or_equal(x[3], x[7])",0.33532934131736525,176c0c35833bc4ae980b10cd773d9ebc,0.33532934131736525,False,0.0
8,3,"greater_than_or_equal(x[3], sub(sub(sub(mul(x[3],x[5]),mul(x[3],x[3])),add(pdiv(x[7],x[7]),pdiv(x[3],x[5]))),x[2]))",True,"less_than_or_equal(x[2],x[2])",0.35928143712574845,bd082d42dcba8056510101f18394b575,0.35928143712574845,False,0.0
8,3,"less_than_or_equal(pdiv(x[0],x[7]),mul(x[0],mul(x[3],x[7])))",True,"less_than_or_equal(mul(add(x[0],x[0]),add(x[2],x[5])),sub(add(x[2],x[3]),add(x[3],x[2])))",0.3892215568862275,c9704e311ac7e289734d4b5a1bdc086f,0.3892215568862275,False,0.0
8,3,"greater_than_or_equal(sub(x[3],x[7]), pdiv(x[3],x[3]))",True,not_(x[6]),0.6347305389221557,b4068ba57b63c959651c969331c4b5cd,0.6407185628742516,True,0.005988023952095856
8,3,"less_than_or_equal(mul(mul(x[7],x[7]),add(x[5],x[2])),add(sub(x[7],x[7]),x[2]))",False,,,f1368c7912fd16f577f2ab49b9ef59bf,0.3413173652694611,False,0.0
8,3,"less_than_or_equal(sub(sub(x[3],x[2]),pdiv(x[5],x[0])),mul(x[7],x[0]))",True,"greater_than_or_equal(add(pdiv(x[3],x[3]),sub(x[5],x[3])), mul(pdiv(x[0],x[5]),mul(x[3],x[3])))",0.3413173652694611,20549abca100b155319252a5e0d92179,0.3413173652694611,False,0.0
8,3,"not_(greater_than_or_equal(mul(x[7],add(x[5],x[2])), add(sub(x[7],x[7]),pdiv(x[5],x[7]))))",False,,,ad59d2bb97ec8951bf26a879a143614b,0.3053892215568862,False,0.0
8,3,"greater_than_or_equal(x[5], x[7])",True,"greater_than_or_equal(x[5], x[7])",0.3892215568862275,ca29d589a2290a0489371628a6b32bf4,0.3892215568862275,False,0.0
8,3,"greater_than_or_equal(add(pdiv(x[3],x[3]),sub(x[5],x[3])), mul(pdiv(add(x[2],x[0]),x[0]),x[2]))",True,"greater_than_or_equal(add(pdiv(x[3],x[3]),sub(x[5],x[3])), mul(pdiv(add(x[2],x[0]),x[0]),x[2]))",0.3053892215568862,5a15c383a27863c93fe0467ca0fa026a,0.3053892215568862,False,0.0
8,3,"not_(less_than_or_equal(pdiv(x[5],x[5]),add(x[5],x[2])))",True,"not_(less_than_or_equal(pdiv(x[5],x[5]),add(x[5],x[2])))",0.2455089820359282,5825d6d8d32996f2f81bb41cc0bfa92f,0.2455089820359282,False,0.0
8,3,"greater_than_or_equal(x[3], x[3])",True,"less_than_or_equal(x[2],x[2])",0.35928143712574845,bd082d42dcba8056510101f18394b575,0.35928143712574845,False,0.0
8,3,"greater_than_or_equal(x[0], x[0])",True,"less_than_or_equal(x[2],x[2])",0.35928143712574845,bd082d42dcba8056510101f18394b575,0.35928143712574845,False,0.0
8,3,"greater_than_or_equal(add(pdiv(x[3],x[3]),sub(x[5],x[3])), mul(pdiv(35.54,mul(x[5],x[2])),sub(sub(x[2],x[0]),mul(x[5],x[5]))))",False,,,1f8be5f0e18af46e7ca74183a05b769d,0.39520958083832336,False,0.0
8,3,"less_than_or_equal(sub(mul(x[2],x[7]),mul(x[0],x[7])),x[5])",False,,,67e5c7a497be3e968ea5c2bd6433af6d,0.34730538922155685,False,0.0
8,3,"less_than_or_equal(sub(mul(add(x[2],x[5]),x[5]),x[5]),x[2])",False,,,e607945e92f68a81dbf4ef62a3cc8fc9,0.34730538922155685,False,0.0
8,3,"not_(less_than_or_equal(pdiv(x[7],x[5]),add(x[5],x[2])))",False,,,330fc634ea36064ef3797fa341995bd5,0.5209580838323353,False,0.0
8,3,"less_than_or_equal(mul(sub(x[7],x[0]),pdiv(x[7],25.91)),x[7])",True,"less_than_or_equal(x[2],x[2])",0.35928143712574845,bd082d42dcba8056510101f18394b575,0.35928143712574845,False,0.0
8,3,"less_than_or_equal(sub(mul(x[7],x[7]),add(x[5],x[5])),add(sub(x[2],x[5]),x[7]))",True,"less_than_or_equal(x[2],x[2])",0.35928143712574845,bd082d42dcba8056510101f18394b575,0.35928143712574845,False,0.0
8,3,"greater_than_or_equal(add(mul(x[0],x[2]),sub(x[5],x[0])), mul(sub(x[2],x[3]),x[5]))",True,"less_than_or_equal(x[0],x[5])",0.37125748502994016,cdcd6f1e6c091ac380f1476046586fe6,0.34730538922155685,True,-0.02395209580838331
8,3,"not_(greater_than_or_equal(mul(pdiv(mul(x[5],x[7]),pdiv(x[5],x[5])),x[5]), x[0]))",False,,,0934711082a56bd1ea56b0df15c6a7e5,0.4970059880239521,False,0.0
8,3,"greater_than_or_equal(sub(pdiv(x[0],x[2]),mul(x[0],mul(x[7],84.64))), x[7])",False,,,1893771cba17fe2456c03885ffc3804b,0.5988023952095809,False,0.0
8,3,"less_than_or_equal(sub(sub(x[3],x[5]),pdiv(x[3],pdiv(add(x[2],x[3]),pdiv(x[0],x[7])))),sub(x[2],pdiv(add(add(x[0],x[0]),x[7]),x[3])))",False,,,5287e4486fb0b4ab7b68eeb256952191,0.43113772455089816,False,0.0
8,3,"less_than_or_equal(sub(mul(x[0],x[7]),sub(mul(mul(x[2],add(pdiv(x[5],pdiv(x[2],x[2])),x[5])),x[0]),x[7])),mul(x[3],x[0]))",False,,,48047e6cea28f1dbb6bc24f41433d0ad,0.5808383233532934,False,0.0
8,3,"greater_than_or_equal(x[3], x[7])",True,"greater_than_or_equal(x[3], x[7])",0.33532934131736525,176c0c35833bc4ae980b10cd773d9ebc,0.33532934131736525,False,0.0
8,3,"not_(less_than_or_equal(pdiv(x[5],x[5]),add(sub(x[2],x[2]),add(sub(x[7],x[7]),pdiv(44.06,x[0])))))",True,not_(x[6]),0.6347305389221557,b4068ba57b63c959651c969331c4b5cd,0.6407185628742516,True,0.005988023952095856
8,3,"greater_than_or_equal(x[3], x[7])",True,"greater_than_or_equal(x[3], x[7])",0.33532934131736525,176c0c35833bc4ae980b10cd773d9ebc,0.33532934131736525,False,0.0
8,3,"less_than_or_equal(pdiv(mul(x[2],x[2]),x[5]),pdiv(x[7],x[0]))",True,"less_than_or_equal(sub(mul(x[2],x[7]),mul(x[0],x[7])),pdiv(mul(x[7],x[5]),add(x[3],x[0])))",0.33532934131736525,3196da2bdbd782d607c6576ee8113934,0.35928143712574845,True,0.0239520958083832
8,3,"greater_than_or_equal(x[3], x[7])",True,"greater_than_or_equal(x[3], x[7])",0.33532934131736525,176c0c35833bc4ae980b10cd773d9ebc,0.33532934131736525,False,0.0
8,3,"greater_than_or_equal(x[3], x[5])",True,"less_than_or_equal(x[5],x[3])",0.5089820359281437,1d4d287fbe015bbb313f097e26f5bc37,0.5089820359281437,False,0.0
8,3,"not_(greater_than_or_equal(pdiv(x[5],x[5]), add(x[5],sub(sub(pdiv(mul(x[7],add(mul(x[3],x[5]),mul(x[3],x[3]))),add(pdiv(x[7],x[7]),pdiv(x[3],x[5]))),x[2]),x[3]))))",True,not_(x[6]),0.6347305389221557,b4068ba57b63c959651c969331c4b5cd,0.6407185628742516,True,0.005988023952095856
8,3,"greater_than_or_equal(x[5], x[7])",True,"greater_than_or_equal(x[5], x[7])",0.3892215568862275,ca29d589a2290a0489371628a6b32bf4,0.3892215568862275,False,0.0
8,3,"greater_than_or_equal(x[3], x[5])",True,"less_than_or_equal(x[5],x[3])",0.5089820359281437,1d4d287fbe015bbb313f097e26f5bc37,0.5089820359281437,False,0.0
8,3,"less_than_or_equal(mul(pdiv(x[7],x[0]),pdiv(x[7],x[3])),mul(add(x[3],x[0]),x[5]))",False,,,d6af96b698291e2645e7d6ea4df9e4b3,0.4970059880239521,False,0.0
8,3,"greater_than_or_equal(x[3], x[5])",True,"less_than_or_equal(x[5],x[3])",0.5089820359281437,1d4d287fbe015bbb313f097e26f5bc37,0.5089820359281437,False,0.0
8,3,"greater_than_or_equal(x[5], x[7])",True,"greater_than_or_equal(x[5], x[7])",0.3892215568862275,ca29d589a2290a0489371628a6b32bf4,0.3892215568862275,False,0.0
8,3,"not_(greater_than_or_equal(mul(x[7],add(x[5],x[2])), add(sub(x[7],x[2]),sub(x[0],x[3]))))",False,,,81db8b485a705ddaae72c7f1bc049c3e,0.6167664670658682,False,0.0
8,3,"greater_than_or_equal(x[3], x[7])",True,"greater_than_or_equal(x[3], x[7])",0.33532934131736525,176c0c35833bc4ae980b10cd773d9ebc,0.33532934131736525,False,0.0
8,3,"less_than_or_equal(mul(mul(x[3],x[3]),sub(x[3],x[7])),add(mul(x[3],x[5]),pdiv(45.97,x[2])))",True,"less_than_or_equal(x[2],x[2])",0.35928143712574845,bd082d42dcba8056510101f18394b575,0.35928143712574845,False,0.0
8,3,"not_(greater_than_or_equal(mul(sub(x[5],x[5]),x[2]), add(sub(44.96,x[0]),x[7])))",True,"less_than_or_equal(x[2],x[2])",0.35928143712574845,bd082d42dcba8056510101f18394b575,0.35928143712574845,False,0.0
8,3,"greater_than_or_equal(35.52, x[5])",True,"less_than_or_equal(x[2],x[2])",0.35928143712574845,bd082d42dcba8056510101f18394b575,0.35928143712574845,False,0.0
8,3,"less_than_or_equal(pdiv(mul(x[2],x[0]),x[0]),sub(x[7],x[0]))",False,,,ab8794e86fde7365864fc1485e810788,0.6646706586826348,False,0.0
8,3,x[4],True,x[4],0.35928143712574845,cdec5a9f51f7a38b45d1257e5d4520eb,0.35928143712574845,False,0.0
8,3,"not_(less_than_or_equal(pdiv(x[5],x[5]),x[0]))",True,"less_than_or_equal(x[2],x[2])",0.35928143712574845,bd082d42dcba8056510101f18394b575,0.3652694610778443,True,0.005988023952095856
8,3,"less_than_or_equal(sub(add(x[2],x[3]),add(mul(x[2],x[7]),mul(x[0],x[7]))),pdiv(mul(x[5],x[7]),mul(x[5],x[5])))",False,,,f40e45496b4bc05be477cc51ca1ef812,0.5988023952095809,False,0.0
8,3,"not_(less_than_or_equal(pdiv(x[5],x[5]),x[3]))",True,"not_(less_than_or_equal(pdiv(x[5],x[5]),x[3]))",0.3413173652694611,05e1f3d74f96ed02168c5462d1f8f406,0.3413173652694611,False,0.0
8,3,"not_(greater_than_or_equal(mul(x[7],x[5]), pdiv(x[5],sub(add(x[3],x[5]),x[7]))))",False,,,906cd02322ebc08dcc05972ce8f978a6,0.34730538922155685,False,0.0
8,3,"greater_than_or_equal(x[5], sub(add(x[0],x[3]),mul(mul(x[7],x[5]),x[7])))",False,,,b46a63ed1b36b4c408951c5f3daff048,0.5329341317365269,False,0.0
8,3,"less_than_or_equal(x[2],x[5])",True,"not_(not_(less_than_or_equal(x[2],x[5])))",0.34730538922155685,4af53f79d9ad2ffac455113b88a02dd4,0.34730538922155685,False,0.0
8,3,"greater_than_or_equal(35.52, x[5])",True,"less_than_or_equal(x[2],x[2])",0.35928143712574845,bd082d42dcba8056510101f18394b575,0.35928143712574845,False,0.0
8,3,"less_than_or_equal(sub(mul(x[3],x[5]),mul(x[3],x[3])),add(pdiv(x[3],x[7]),pdiv(x[3],x[2])))",True,"less_than_or_equal(x[2],x[2])",0.35928143712574845,bd082d42dcba8056510101f18394b575,0.35928143712574845,False,0.0
8,3,"greater_than_or_equal(add(pdiv(x[3],x[3]),sub(x[5],add(x[0],x[2]))), 35.52)",True,not_(x[6]),0.6347305389221557,b4068ba57b63c959651c969331c4b5cd,0.6407185628742516,True,0.005988023952095856
8,3,"or_(x[6],greater_than_or_equal(add(x[0],x[5]), pdiv(add(x[2],x[0]),x[0])))",True,"less_than_or_equal(x[2],x[2])",0.35928143712574845,bd082d42dcba8056510101f18394b575,0.3652694610778443,True,0.005988023952095856
8,3,"greater_than_or_equal(x[3], x[7])",True,"greater_than_or_equal(x[3], x[7])",0.33532934131736525,176c0c35833bc4ae980b10cd773d9ebc,0.33532934131736525,False,0.0
8,3,"less_than_or_equal(sub(mul(x[2],x[7]),pdiv(x[3],x[3])),x[3])",True,"less_than_or_equal(x[2],x[2])",0.35928143712574845,bd082d42dcba8056510101f18394b575,0.35928143712574845,False,0.0
8,3,"less_than_or_equal(mul(sub(x[7],x[0]),pdiv(x[7],x[3])),mul(add(x[3],x[5]),x[5]))",False,,,460002d402ae704036c9c7c4e55c4c60,0.29940119760479045,False,0.0
8,3,"greater_than_or_equal(pdiv(x[2],x[5]), pdiv(x[7],x[7]))",True,"less_than_or_equal(x[5],x[2])",0.652694610778443,6fb17002302e404122653cf2c68db553,0.652694610778443,False,0.0
8,3,"less_than_or_equal(sub(x[5],x[2]),add(sub(x[7],x[7]),pdiv(pdiv(x[3],x[5]),x[5])))",False,,,cf03272dc2703dd47ff91307a86c5752,0.4011976047904192,False,0.0
8,3,"less_than_or_equal(mul(mul(x[7],x[7]),add(mul(x[2],x[7]),mul(x[0],x[7]))),pdiv(mul(x[0],x[5]),add(x[3],x[0])))",False,,,e92113ba60807fbaad8972373b9ea82e,0.5209580838323353,False,0.0
8,3,"not_(greater_than_or_equal(mul(x[7],add(x[5],x[2])), add(sub(x[2],x[7]),pdiv(x[5],x[3]))))",False,,,5ac2ed78bd539b97a587523495ca1c11,0.3293413173652695,False,0.0
8,3,"greater_than_or_equal(add(mul(x[0],x[2]),add(x[5],x[0])), sub(sub(x[2],x[0]),mul(x[5],x[7])))",False,,,de2e39b0c6a1403d41da441374cc6005,0.3652694610778443,False,0.0
8,3,"not_(greater_than_or_equal(pdiv(x[3],x[5]), x[0]))",False,,,54baaa34ae853474802c4fe8f1fe2e18,0.6467065868263473,False,0.0
8,3,"not_(less_than_or_equal(x[5],mul(x[5],add(x[5],x[2]))))",True,"not_(less_than_or_equal(pdiv(x[5],x[5]),add(x[5],x[2])))",0.2455089820359282,5825d6d8d32996f2f81bb41cc0bfa92f,0.25149700598802394,True,0.0059880239520957446
8,3,"less_than_or_equal(sub(pdiv(x[3],x[5]),mul(x[3],pdiv(x[5],pdiv(x[7],x[7])))),pdiv(x[3],x[0]))",False,,,cd61eaabf1b265e8c37c8c87cf800b71,0.41916167664670656,False,0.0
8,3,"greater_than_or_equal(x[3], x[3])",True,"less_than_or_equal(x[2],x[2])",0.35928143712574845,bd082d42dcba8056510101f18394b575,0.35928143712574845,False,0.0
8,3,"greater_than_or_equal(x[5], x[5])",True,"less_than_or_equal(x[2],x[2])",0.35928143712574845,bd082d42dcba8056510101f18394b575,0.35928143712574845,False,0.0
8,3,"greater_than_or_equal(x[2], x[5])",True,"less_than_or_equal(x[5],x[2])",0.652694610778443,6fb17002302e404122653cf2c68db553,0.652694610778443,False,0.0
8,3,"less_than_or_equal(mul(sub(x[7],x[0]),pdiv(x[7],25.93)),pdiv(x[7],sub(mul(x[3],x[5]),mul(x[3],x[3]))))",False,,,8ad7ccd0e2bcf51cfea619f1321f2792,0.5089820359281437,False,0.0
8,3,"greater_than_or_equal(x[3], x[0])",True,"not_(greater_than_or_equal(pdiv(x[0],x[3]), pdiv(x[5],x[5])))",0.3772455089820359,f56d58ec85f58eb9e745c543958f7db4,0.37125748502994016,True,-0.0059880239520957446
8,3,"not_(less_than_or_equal(pdiv(x[5],x[5]),add(sub(x[2],pdiv(x[0],add(pdiv(x[2],x[2]),mul(x[5],x[7])))),sub(x[7],x[2]))))",False,,,625746f57b66a3cfa53b9c2b6605ad20,0.38323353293413176,False,0.0
8,3,"less_than_or_equal(sub(sub(x[3],x[2]),pdiv(x[5],x[3])),x[7])",False,,,d7a9604b3d5be24da3fbad056fb142ca,0.3652694610778443,False,0.0
8,3,"greater_than_or_equal(x[5], mul(x[7],x[0]))",True,"not_(less_than_or_equal(pdiv(x[5],x[0]),x[0]))",0.35928143712574845,5372ceb8b23ce5e1dd3bf5c2fc3a57aa,0.3413173652694611,True,-0.017964071856287345
8,3,"not_(less_than_or_equal(pdiv(x[5],x[5]),add(x[5],x[2])))",True,"not_(less_than_or_equal(pdiv(x[5],x[5]),add(x[5],x[2])))",0.2455089820359282,5825d6d8d32996f2f81bb41cc0bfa92f,0.2455089820359282,False,0.0
8,3,"or_(x[6],greater_than_or_equal(add(x[0],x[7]), x[2]))",True,"less_than_or_equal(x[2],x[2])",0.35928143712574845,bd082d42dcba8056510101f18394b575,0.35928143712574845,False,0.0
8,3,"less_than_or_equal(sub(mul(x[3],x[5]),mul(x[3],x[3])),add(pdiv(x[7],x[7]),pdiv(x[3],x[0])))",True,"less_than_or_equal(x[2],x[2])",0.35928143712574845,bd082d42dcba8056510101f18394b575,0.35928143712574845,False,0.0
8,3,"not_(less_than_or_equal(pdiv(x[5],x[5]),add(x[5],mul(x[5],add(x[5],x[0])))))",False,,,281349e3f9b948ab068d9a95c6fcf8c9,0.3892215568862275,False,0.0
8,3,"greater_than_or_equal(37.40, x[7])",True,"less_than_or_equal(x[2],x[2])",0.35928143712574845,bd082d42dcba8056510101f18394b575,0.35928143712574845,False,0.0
8,3,"greater_than_or_equal(add(pdiv(x[3],add(pdiv(x[2],x[7]),x[0])),pdiv(x[7],x[3])), mul(add(x[3],x[0]),add(x[7],x[5])))",False,,,14f9c3df6d170ae4f8fc9435e95733fd,0.3892215568862275,False,0.0
8,3,"less_than_or_equal(mul(sub(x[2],pdiv(x[3],x[7])),mul(x[0],x[7])),sub(x[0],x[2]))",False,,,14b4164263c7fdf423088257d4345025,0.5329341317365269,False,0.0
8,3,"less_than_or_equal(mul(sub(x[2],x[5]),sub(x[2],x[0])),mul(pdiv(add(x[7],add(x[5],x[2])),add(sub(x[7],sub(x[5],x[5])),x[3])),x[0]))",False,,,716025aca508c305763b24783b5fa4f9,0.35928143712574845,False,0.0
8,3,"less_than_or_equal(mul(mul(x[7],x[3]),add(pdiv(x[7],x[7]),pdiv(x[3],x[5]))),x[0])",False,,,3c708f0baae98dcfa2cc6ee0db0b2a50,0.5568862275449102,False,0.0
8,3,"greater_than_or_equal(x[3], add(x[0],x[7]))",True,"less_than_or_equal(add(add(x[7],x[7]),sub(x[0],x[3])),x[7])",0.3532934131736527,14707cd14cbbcd888dcd1af1dcc2e33c,0.3532934131736527,False,0.0
8,3,"greater_than_or_equal(x[3], x[7])",True,"greater_than_or_equal(x[3], x[7])",0.33532934131736525,176c0c35833bc4ae980b10cd773d9ebc,0.33532934131736525,False,0.0
8,3,"greater_than_or_equal(add(x[5],x[3]), x[5])",True,"less_than_or_equal(x[2],x[2])",0.35928143712574845,bd082d42dcba8056510101f18394b575,0.35928143712574845,False,0.0
8,3,"less_than_or_equal(mul(sub(x[2],pdiv(pdiv(x[5],x[5]),x[5])),x[2]),sub(x[0],x[3]))",False,,,dd1873bfc8f9983c4f30b41f746f1212,0.5389221556886228,False,0.0
8,3,x[4],True,x[4],0.35928143712574845,cdec5a9f51f7a38b45d1257e5d4520eb,0.35928143712574845,False,0.0
8,3,"less_than_or_equal(x[3],sub(x[2],x[5]))",False,,,120f6259a9a8931196e24c92522b267c,0.6407185628742516,False,0.0
8,3,"not_(less_than_or_equal(pdiv(x[5],x[3]),x[3]))",False,,,7cfa688c7b850bc6fb94ebd5891d9ac6,0.3772455089820359,False,0.0
8,3,"greater_than_or_equal(35.58, x[7])",True,"less_than_or_equal(x[2],x[2])",0.35928143712574845,bd082d42dcba8056510101f18394b575,0.35928143712574845,False,0.0
8,3,"less_than_or_equal(sub(mul(x[0],x[7]),sub(x[0],x[7])),x[3])",False,,,6dfbf7315de2a4c52726bc6d58b6fbc4,0.31137724550898205,False,0.0
8,3,"less_than_or_equal(mul(mul(x[7],x[0]),pdiv(x[2],add(pdiv(x[2],mul(x[2],x[2])),x[5]))),add(mul(x[0],24.40),x[0]))",True,"less_than_or_equal(x[2],x[2])",0.35928143712574845,bd082d42dcba8056510101f18394b575,0.35928143712574845,False,0.0
8,3,x[4],True,x[4],0.35928143712574845,cdec5a9f51f7a38b45d1257e5d4520eb,0.35928143712574845,False,0.0
8,3,"greater_than_or_equal(x[3], x[7])",True,"greater_than_or_equal(x[3], x[7])",0.33532934131736525,176c0c35833bc4ae980b10cd773d9ebc,0.33532934131736525,False,0.0
8,3,"and_(less_than_or_equal(pdiv(x[5],x[5]),add(x[7],add(x[5],x[2]))),greater_than_or_equal(x[7], x[7]))",False,,,189556af1ec7cd660cc1b8bb0050c61e,0.5688622754491017,False,0.0
8,3,"less_than_or_equal(mul(mul(x[7],pdiv(x[5],x[5])),x[2]),add(sub(78.44,x[7]),38.63))",True,"less_than_or_equal(x[2],x[2])",0.35928143712574845,bd082d42dcba8056510101f18394b575,0.35928143712574845,False,0.0
8,3,"or_(x[6],greater_than_or_equal(x[5], add(x[5],x[0])))",True,"less_than_or_equal(x[2],x[2])",0.35928143712574845,bd082d42dcba8056510101f18394b575,0.3652694610778443,True,0.005988023952095856
8,3,"less_than_or_equal(sub(x[7],x[3]),sub(x[5],x[5]))",True,"greater_than_or_equal(x[3], x[7])",0.33532934131736525,176c0c35833bc4ae980b10cd773d9ebc,0.33532934131736525,False,0.0
8,3,"or_(x[6],less_than_or_equal(x[5],x[5]))",True,"less_than_or_equal(x[2],x[2])",0.35928143712574845,bd082d42dcba8056510101f18394b575,0.35928143712574845,False,0.0
8,3,"less_than_or_equal(mul(mul(x[5],x[0]),pdiv(x[7],x[0])),mul(add(x[3],add(add(x[0],sub(mul(x[3],x[5]),mul(x[3],x[3]))),add(pdiv(x[7],x[7]),pdiv(x[3],x[5])))),x[2]))",False,,,335f9258676585d618d5dfffcdcbf957,0.3532934131736527,False,0.0
8,3,"greater_than_or_equal(x[3], x[7])",True,"greater_than_or_equal(x[3], x[7])",0.33532934131736525,176c0c35833bc4ae980b10cd773d9ebc,0.33532934131736525,False,0.0
8,3,"not_(less_than_or_equal(pdiv(x[5],x[5]),add(x[2],x[5])))",True,"not_(less_than_or_equal(pdiv(x[5],x[5]),add(x[5],x[2])))",0.2455089820359282,5825d6d8d32996f2f81bb41cc0bfa92f,0.2455089820359282,False,0.0
8,3,"not_(less_than_or_equal(pdiv(x[5],x[5]),add(x[7],x[5])))",False,,,e44f6a949f00cb0bf86b1105d7c3453d,0.32335329341317365,False,0.0
8,3,"less_than_or_equal(x[3],x[3])",True,"less_than_or_equal(x[2],x[2])",0.35928143712574845,bd082d42dcba8056510101f18394b575,0.35928143712574845,False,0.0
8,3,x[6],True,x[6],0.3652694610778443,ff9750a95f856aee791afc16a7ee79d4,0.3652694610778443,False,0.0
8,3,"not_(greater_than_or_equal(mul(x[7],add(x[5],x[0])), add(sub(x[7],x[7]),pdiv(x[5],mul(x[5],x[5])))))",False,,,e1cc0588d401b844227ffae87a1dfbdd,0.33532934131736525,False,0.0
8,3,"not_(less_than_or_equal(pdiv(x[5],x[7]),pdiv(x[3],13.22)))",False,,,88f003d3dcd498e17871429f18988b29,0.3532934131736527,False,0.0
8,3,x[4],True,x[4],0.35928143712574845,cdec5a9f51f7a38b45d1257e5d4520eb,0.35928143712574845,False,0.0
8,3,"less_than_or_equal(mul(mul(x[7],x[7]),add(x[5],x[2])),add(sub(x[7],x[5]),pdiv(x[5],x[3])))",False,,,af454be8e862ff3864da07e226b0631c,0.34730538922155685,False,0.0
8,3,"greater_than_or_equal(add(mul(x[0],x[2]),sub(x[5],x[7])), x[3])",False,,,c95018f66d2ececbc28ba10cae406d44,0.5389221556886228,False,0.0
8,3,"less_than_or_equal(mul(sub(x[7],x[0]),pdiv(x[7],x[3])),mul(pdiv(x[3],x[0]),add(add(mul(x[0],sub(sub(x[2],x[5]),x[0])),x[2]),add(pdiv(add(x[5],x[7]),x[3]),mul(sub(x[3],x[0]),add(x[7],x[5]))))))",False,,,c53d587e815bb7edf4955f1c3a6e811c,0.34730538922155685,False,0.0
8,3,"less_than_or_equal(pdiv(mul(x[2],x[5]),pdiv(x[7],x[7])),50.44)",True,"less_than_or_equal(x[2],x[2])",0.35928143712574845,bd082d42dcba8056510101f18394b575,0.35928143712574845,False,0.0
8,3,"greater_than_or_equal(x[3], x[7])",True,"greater_than_or_equal(x[3], x[7])",0.33532934131736525,176c0c35833bc4ae980b10cd773d9ebc,0.33532934131736525,False,0.0
8,3,"less_than_or_equal(mul(mul(x[7],x[7]),add(x[5],x[2])),mul(x[5],mul(mul(x[5],x[7]),pdiv(x[7],x[3]))))",False,,,24235ded28d8f1f1b42d7ad86c0364e0,0.4970059880239521,False,0.0
8,3,"greater_than_or_equal(add(x[3],x[3]), x[0])",True,"less_than_or_equal(x[0],mul(add(x[3],x[5]),pdiv(pdiv(x[3],pdiv(x[5],x[5])),x[0])))",0.35928143712574845,946789eb468405234c38dbb8a53860cb,0.35928143712574845,False,0.0
8,3,"less_than_or_equal(mul(pdiv(x[7],x[7]),add(x[5],x[2])),add(sub(x[7],x[7]),pdiv(mul(x[0],x[2]),sub(x[5],x[0]))))",False,,,8e39f2e836f9199cdeed5046556535df,0.6167664670658682,False,0.0
8,3,"not_(less_than_or_equal(pdiv(x[5],x[5]),add(x[5],x[7])))",True,"not_(less_than_or_equal(pdiv(x[5],x[5]),add(x[7],x[5])))",0.32335329341317365,e44f6a949f00cb0bf86b1105d7c3453d,0.32335329341317365,False,0.0
8,3,"less_than_or_equal(mul(sub(x[2],x[5]),sub(x[2],x[0])),add(x[3],sub(sub(x[5],x[0]),sub(sub(x[2],x[0]),mul(x[5],x[5])))))",False,,,8ec9f7e88fcc83ba50c08b755b787f7b,0.35928143712574845,False,0.0
8,3,"or_(x[6],greater_than_or_equal(x[5], x[5]))",True,"less_than_or_equal(x[2],x[2])",0.35928143712574845,bd082d42dcba8056510101f18394b575,0.35928143712574845,False,0.0
8,3,"not_(less_than_or_equal(pdiv(x[5],x[5]),add(x[5],x[2])))",True,"not_(less_than_or_equal(pdiv(x[5],x[5]),add(x[5],x[2])))",0.2455089820359282,5825d6d8d32996f2f81bb41cc0bfa92f,0.2455089820359282,False,0.0
8,3,"less_than_or_equal(sub(mul(x[0],x[7]),sub(x[0],x[2])),add(pdiv(x[5],sub(x[2],x[2])),x[5]))",True,"less_than_or_equal(x[2],x[2])",0.35928143712574845,bd082d42dcba8056510101f18394b575,0.35928143712574845,False,0.0
8,3,"greater_than_or_equal(x[3], 92.46)",True,not_(x[6]),0.6347305389221557,b4068ba57b63c959651c969331c4b5cd,0.6407185628742516,True,0.005988023952095856
8,3,"less_than_or_equal(pdiv(sub(x[5],x[5]),mul(x[7],x[7])),12.92)",True,"less_than_or_equal(x[2],x[2])",0.35928143712574845,bd082d42dcba8056510101f18394b575,0.35928143712574845,False,0.0
8,3,"less_than_or_equal(x[3],x[7])",True,"greater_than_or_equal(x[7], x[3])",0.6646706586826348,d5925f4b2448dec895a429c6f44b5edc,0.6646706586826348,False,0.0
8,3,"not_(greater_than_or_equal(mul(x[7],add(x[5],x[2])), add(sub(x[7],x[7]),pdiv(x[5],x[5]))))",False,,,0626717d313f6c0bc6513f2ca4ff096e,0.2934131736526946,False,0.0
8,3,"greater_than_or_equal(x[2], sub(x[5],x[0]))",False,,,7e99b1ef0b7d58ba53fb303bf54c4414,0.6107784431137724,False,0.0
8,3,"greater_than_or_equal(add(mul(x[0],x[3]),x[3]), pdiv(x[3],pdiv(x[0],x[7])))",False,,,a099975720aa67cb620eba1abef0d8c4,0.5269461077844311,False,0.0
8,3,"greater_than_or_equal(x[3], x[5])",True,"less_than_or_equal(x[5],x[3])",0.5089820359281437,1d4d287fbe015bbb313f097e26f5bc37,0.5089820359281437,False,0.0
8,3,x[1],True,x[1],0.3652694610778443,8fe1a95217af65598a8b7fd872a69562,0.3652694610778443,False,0.0
8,3,"greater_than_or_equal(x[3], x[7])",True,"greater_than_or_equal(x[3], x[7])",0.33532934131736525,176c0c35833bc4ae980b10cd773d9ebc,0.33532934131736525,False,0.0
8,3,"less_than_or_equal(sub(mul(x[3],x[7]),x[3]),sub(x[2],add(x[2],x[5])))",False,,,ac0dee58b7f8651f2a7301ceb9cc75e1,0.5808383233532934,False,0.0
8,3,"greater_than_or_equal(add(mul(x[3],sub(x[2],x[5])),x[0]), x[0])",True,"less_than_or_equal(x[5],x[2])",0.652694610778443,6fb17002302e404122653cf2c68db553,0.6467065868263473,True,-0.0059880239520957446
8,3,"less_than_or_equal(mul(mul(x[7],x[7]),mul(x[5],x[2])),add(sub(x[7],x[7]),add(x[5],x[3])))",True,"less_than_or_equal(x[2],x[2])",0.35928143712574845,bd082d42dcba8056510101f18394b575,0.35928143712574845,False,0.0
8,3,"not_(less_than_or_equal(pdiv(93.09,add(x[2],x[0])),add(add(x[2],x[3]),add(x[2],x[5]))))",True,"less_than_or_equal(pdiv(sub(x[0],x[0]),sub(x[0],x[2])),x[0])",0.38323353293413176,d0734af37aab8e9b6c733bcf8f431f61,0.37125748502994016,True,-0.0119760479041916
8,3,"greater_than_or_equal(89.69, sub(add(x[7],x[5]),add(x[2],x[3])))",True,"less_than_or_equal(x[2],x[2])",0.35928143712574845,bd082d42dcba8056510101f18394b575,0.35928143712574845,False,0.0
8,3,"less_than_or_equal(mul(sub(x[7],x[0]),pdiv(x[7],x[3])),mul(x[7],pdiv(sub(mul(x[0],x[5]),sub(x[2],pdiv(x[0],x[7]))),pdiv(x[5],x[5]))))",False,,,1c3007383548e88aaa8794231a560264,0.5269461077844311,False,0.0
8,3,"not_(less_than_or_equal(pdiv(x[5],x[2]),x[5]))",True,"not_(greater_than_or_equal(mul(x[7],x[2]), x[7]))",0.34730538922155685,f69cf4961d82af0c72c0014d2a401904,0.3532934131736527,True,0.005988023952095856
8,3,"greater_than_or_equal(x[3], x[7])",True,"greater_than_or_equal(x[3], x[7])",0.33532934131736525,176c0c35833bc4ae980b10cd773d9ebc,0.33532934131736525,False,0.0
8,3,x[6],True,x[6],0.3652694610778443,ff9750a95f856aee791afc16a7ee79d4,0.3652694610778443,False,0.0
8,3,"greater_than_or_equal(x[3], x[2])",True,"greater_than_or_equal(x[3], x[2])",0.3652694610778443,0a54951987edb23171217fd387dfe4ac,0.3652694610778443,False,0.0
8,3,"not_(less_than_or_equal(x[5],mul(x[3],add(x[5],x[5]))))",False,,,d62a7cde6410c3f86badd95c5c5bfa06,0.5149700598802396,False,0.0
8,3,"greater_than_or_equal(x[3], sub(x[3],mul(pdiv(add(x[2],x[0]),x[0]),x[2])))",True,"less_than_or_equal(x[2],x[2])",0.35928143712574845,bd082d42dcba8056510101f18394b575,0.35928143712574845,False,0.0
8,3,"greater_than_or_equal(add(pdiv(x[3],x[3]),sub(x[0],sub(sub(mul(x[3],x[5]),mul(x[3],x[3])),add(mul(x[7],x[7]),pdiv(x[3],x[5]))))), x[2])",True,"less_than_or_equal(x[2],x[2])",0.35928143712574845,bd082d42dcba8056510101f18394b575,0.35928143712574845,False,0.0
8,3,"less_than_or_equal(mul(sub(x[7],x[0]),pdiv(x[7],25.93)),x[7])",True,"less_than_or_equal(x[2],x[2])",0.35928143712574845,bd082d42dcba8056510101f18394b575,0.35928143712574845,False,0.0
8,3,"less_than_or_equal(mul(mul(x[7],x[7]),add(x[5],x[2])),add(sub(x[7],x[7]),pdiv(x[5],x[2])))",True,"less_than_or_equal(mul(mul(x[7],x[7]),add(x[5],x[2])),add(sub(x[7],x[7]),pdiv(x[5],x[2])))",0.31137724550898205,2d6da4ded6fc2db6ec5a3165e01c19e4,0.31137724550898205,False,0.0
8,3,"not_(greater_than_or_equal(mul(x[7],x[2]), x[7]))",True,"not_(greater_than_or_equal(mul(x[7],x[2]), x[7]))",0.34730538922155685,f69cf4961d82af0c72c0014d2a401904,0.34730538922155685,False,0.0
8,3,"not_(less_than_or_equal(pdiv(x[5],x[5]),add(x[5],x[7])))",True,"not_(less_than_or_equal(pdiv(x[5],x[5]),add(x[7],x[5])))",0.32335329341317365,e44f6a949f00cb0bf86b1105d7c3453d,0.32335329341317365,False,0.0
8,3,"greater_than_or_equal(x[3], x[7])",True,"greater_than_or_equal(x[3], x[7])",0.33532934131736525,176c0c35833bc4ae980b10cd773d9ebc,0.33532934131736525,False,0.0
8,3,"less_than_or_equal(x[3],x[5])",True,"less_than_or_equal(mul(sub(x[7],x[0]),pdiv(x[7],25.93)),pdiv(x[7],sub(mul(x[3],x[5]),mul(x[3],x[3]))))",0.5089820359281437,8ad7ccd0e2bcf51cfea619f1321f2792,0.5089820359281437,False,0.0
8,3,"less_than_or_equal(pdiv(mul(x[2],mul(add(x[5],pdiv(x[7],mul(x[3],x[7]))),x[5])),x[2]),x[5])",True,not_(x[6]),0.6347305389221557,b4068ba57b63c959651c969331c4b5cd,0.6347305389221557,False,0.0
8,3,"or_(x[6],and_(x[1],x[6]))",True,"less_than_or_equal(x[2],x[2])",0.35928143712574845,bd082d42dcba8056510101f18394b575,0.3652694610778443,True,0.005988023952095856
8,3,"less_than_or_equal(mul(sub(x[7],x[0]),pdiv(x[7],add(x[7],add(x[3],x[0])))),add(add(mul(x[7],x[3]),x[3]),x[2]))",False,,,489bae7fa331e062c9cf6461e1171c56,0.3892215568862275,False,0.0
8,3,"less_than_or_equal(sub(mul(x[2],x[7]),mul(x[0],x[7])),pdiv(mul(sub(x[0],x[7]),x[3]),x[3]))",True,"less_than_or_equal(x[7],x[0])",0.5449101796407185,be077d9307e8548c7420a3c3b9c6aaf2,0.5329341317365269,True,-0.0119760479041916
8,3,"not_(less_than_or_equal(pdiv(x[5],x[5]),mul(x[5],x[5])))",True,"not_(less_than_or_equal(pdiv(x[5],x[5]),x[5]))",0.31137724550898205,774eb80249c37c32f486ae194a31e639,0.31137724550898205,False,0.0
8,3,"not_(less_than_or_equal(pdiv(x[5],x[2]),x[7]))",True,"less_than_or_equal(sub(mul(x[2],x[7]),mul(x[0],x[7])),x[5])",0.34730538922155685,67e5c7a497be3e968ea5c2bd6433af6d,0.33532934131736525,True,-0.0119760479041916
8,3,"greater_than_or_equal(x[2], pdiv(pdiv(x[5],x[5]),sub(x[5],x[0])))",True,"less_than_or_equal(x[5],x[0])",0.6227544910179641,2aedc6e15176de9ec0c909a1a3b35796,0.6287425149700598,True,0.0059880239520957446
8,3,"greater_than_or_equal(10.92, x[5])",True,"less_than_or_equal(x[2],x[2])",0.35928143712574845,bd082d42dcba8056510101f18394b575,0.35928143712574845,False,0.0
8,3,"greater_than_or_equal(x[5], x[2])",True,"not_(not_(less_than_or_equal(x[2],x[5])))",0.34730538922155685,4af53f79d9ad2ffac455113b88a02dd4,0.34730538922155685,False,0.0
8,3,"greater_than_or_equal(x[3], pdiv(x[7],mul(90.37,x[5])))",True,"not_(less_than_or_equal(pdiv(x[3],x[5]),add(pdiv(x[2],30.95),mul(x[0],x[3]))))",0.34730538922155685,4ac8a53c24397a99907b64c745d162c5,0.3532934131736527,True,0.005988023952095856
8,3,"less_than_or_equal(mul(mul(x[0],x[7]),mul(x[5],x[0])),x[7])",True,"less_than_or_equal(x[2],x[2])",0.35928143712574845,bd082d42dcba8056510101f18394b575,0.35928143712574845,False,0.0
8,3,"greater_than_or_equal(mul(x[7],sub(x[0],x[0])), x[7])",True,not_(x[6]),0.6347305389221557,b4068ba57b63c959651c969331c4b5cd,0.6407185628742516,True,0.005988023952095856
8,3,"greater_than_or_equal(mul(x[3],x[3]), pdiv(x[3],pdiv(x[2],x[7])))",False,,,904512314205cdefe018ca417db8be87,0.592814371257485,False,0.0
8,3,"greater_than_or_equal(x[3], x[5])",True,"less_than_or_equal(x[5],x[3])",0.5089820359281437,1d4d287fbe015bbb313f097e26f5bc37,0.5089820359281437,False,0.0
8,3,"less_than_or_equal(sub(sub(x[3],x[5]),pdiv(x[3],pdiv(add(x[2],x[3]),pdiv(39.27,x[7])))),x[0])",True,"less_than_or_equal(x[2],x[2])",0.35928143712574845,bd082d42dcba8056510101f18394b575,0.35928143712574845,False,0.0
8,3,"greater_than_or_equal(x[3], x[7])",True,"greater_than_or_equal(x[3], x[7])",0.33532934131736525,176c0c35833bc4ae980b10cd773d9ebc,0.33532934131736525,False,0.0
8,3,"less_than_or_equal(mul(sub(sub(x[3],x[5]),pdiv(x[3],x[0])),pdiv(x[3],x[7])),x[0])",True,"less_than_or_equal(x[2],x[2])",0.35928143712574845,bd082d42dcba8056510101f18394b575,0.35928143712574845,False,0.0
8,3,"not_(less_than_or_equal(x[5],x[2]))",True,"not_(not_(less_than_or_equal(x[2],x[5])))",0.34730538922155685,4af53f79d9ad2ffac455113b88a02dd4,0.34730538922155685,False,0.0
8,3,"not_(greater_than_or_equal(mul(x[7],x[0]), x[2]))",True,"not_(greater_than_or_equal(mul(x[7],x[0]), x[2]))",0.35928143712574845,e74fc79a80587d1f9f631202b75df4a5,0.35928143712574845,False,0.0
8,3,"greater_than_or_equal(add(pdiv(x[3],add(pdiv(x[2],x[2]),pdiv(x[3],x[7]))),mul(x[0],x[7])), sub(x[0],x[2]))",True,"less_than_or_equal(mul(sub(x[2],x[5]),sub(x[2],x[0])),add(x[3],x[2]))",0.3532934131736527,44787953a2ea9d0c6e8ae77570f45adc,0.3772455089820359,True,0.0239520958083832
8,3,"not_(less_than_or_equal(x[2],x[2]))",True,not_(x[6]),0.6347305389221557,b4068ba57b63c959651c969331c4b5cd,0.6407185628742516,True,0.005988023952095856
8,3,"greater_than_or_equal(x[3], x[7])",True,"greater_than_or_equal(x[3], x[7])",0.33532934131736525,176c0c35833bc4ae980b10cd773d9ebc,0.33532934131736525,False,0.0
8,3,"greater_than_or_equal(x[3], x[7])",True,"greater_than_or_equal(x[3], x[7])",0.33532934131736525,176c0c35833bc4ae980b10cd773d9ebc,0.33532934131736525,False,0.0
8,3,"less_than_or_equal(mul(x[3],x[7]),sub(x[0],x[7]))",False,,,84d2c2776fee41fcc1912784fbcf7c35,0.5688622754491017,False,0.0
8,3,"or_(x[6],greater_than_or_equal(x[7], x[3]))",True,"less_than_or_equal(x[2],x[2])",0.35928143712574845,bd082d42dcba8056510101f18394b575,0.3652694610778443,True,0.005988023952095856
8,3,"greater_than_or_equal(x[5], x[2])",True,"not_(not_(less_than_or_equal(x[2],x[5])))",0.34730538922155685,4af53f79d9ad2ffac455113b88a02dd4,0.34730538922155685,False,0.0
8,3,"greater_than_or_equal(x[3], x[5])",True,"less_than_or_equal(x[5],x[3])",0.5089820359281437,1d4d287fbe015bbb313f097e26f5bc37,0.5089820359281437,False,0.0
8,3,"less_than_or_equal(add(add(x[7],x[5]),sub(x[2],x[0])),add(pdiv(x[2],x[2]),mul(x[7],sub(mul(x[3],x[5]),mul(mul(add(x[3],add(pdiv(x[7],x[7]),pdiv(x[3],x[5]))),x[2]),x[3])))))",False,,,032c2acd0b00a3408c0e7d9130ac5710,0.3293413173652695,False,0.0
8,3,"greater_than_or_equal(x[0], x[5])",True,"less_than_or_equal(x[5],x[0])",0.6227544910179641,2aedc6e15176de9ec0c909a1a3b35796,0.6227544910179641,False,0.0
8,3,"not_(less_than_or_equal(mul(x[5],x[7]),pdiv(x[7],mul(99.16,x[2]))))",False,,,b904cd4ff8a7c81a85763eab7828a5ae,0.3772455089820359,False,0.0
8,3,"less_than_or_equal(x[0],x[5])",True,"less_than_or_equal(x[0],x[5])",0.37125748502994016,cdcd6f1e6c091ac380f1476046586fe6,0.37125748502994016,False,0.0
8,3,"greater_than_or_equal(mul(x[3],x[3]), sub(x[3],add(x[2],mul(x[3],x[5]))))",False,,,e3c5b166a81c31cb170b8f3e870aef22,0.37125748502994016,False,0.0
8,3,"less_than_or_equal(mul(x[3],x[7]),add(add(pdiv(x[5],x[2]),mul(x[2],x[5])),add(mul(x[5],24.40),x[0])))",True,"less_than_or_equal(x[2],x[2])",0.35928143712574845,bd082d42dcba8056510101f18394b575,0.3652694610778443,True,0.005988023952095856
8,3,"not_(less_than_or_equal(pdiv(x[5],x[5]),add(x[2],x[5])))",True,"not_(less_than_or_equal(pdiv(x[5],x[5]),add(x[5],x[2])))",0.2455089820359282,5825d6d8d32996f2f81bb41cc0bfa92f,0.2455089820359282,False,0.0
8,3,"greater_than_or_equal(x[3], x[7])",True,"greater_than_or_equal(x[3], x[7])",0.33532934131736525,176c0c35833bc4ae980b10cd773d9ebc,0.33532934131736525,False,0.0
8,3,"greater_than_or_equal(add(pdiv(x[3],x[3]),sub(pdiv(x[3],sub(x[5],mul(x[7],x[7]))),add(x[2],x[5]))), mul(x[7],sub(x[5],x[3])))",False,,,6578c2536a48373e6cabce8be59b3efa,0.32335329341317365,False,0.0
8,3,"less_than_or_equal(x[0],x[3])",True,"not_(greater_than_or_equal(pdiv(x[0],x[3]), pdiv(x[5],x[5])))",0.3772455089820359,f56d58ec85f58eb9e745c543958f7db4,0.37125748502994016,True,-0.0059880239520957446
8,3,"less_than_or_equal(mul(x[7],x[2]),x[5])",True,"less_than_or_equal(sub(mul(x[2],x[7]),mul(x[0],x[7])),x[5])",0.34730538922155685,67e5c7a497be3e968ea5c2bd6433af6d,0.33532934131736525,True,-0.0119760479041916
8,3,"less_than_or_equal(mul(sub(x[7],x[0]),add(x[7],x[7])),mul(add(x[3],x[0]),add(x[7],add(x[7],x[2]))))",False,,,cba9c56607018ca80c67429d58779742,0.34730538922155685,False,0.0
8,3,"greater_than_or_equal(add(mul(x[0],x[2]),sub(x[5],x[5])), x[3])",False,,,fa4e4ff3d0ce108b3ddcb2e0d037d301,0.6467065868263473,False,0.0
8,3,"less_than_or_equal(mul(mul(x[7],x[7]),add(x[5],x[2])),add(sub(x[7],x[7]),pdiv(x[0],sub(sub(x[2],x[0]),mul(x[5],x[5])))))",False,,,1aecb09597d79363fe4f51f5bc9cc6ae,0.6467065868263473,False,0.0
8,3,"greater_than_or_equal(add(pdiv(x[3],x[7]),sub(x[5],x[2])), add(pdiv(add(x[2],x[0]),x[0]),x[0]))",False,,,7779ff6a770317b2a3310779f5c2dda0,0.3053892215568862,False,0.0
8,3,"less_than_or_equal(mul(sub(x[7],x[0]),x[0]),sub(x[7],mul(add(sub(sub(x[0],add(x[7],x[7])),x[7]),sub(x[0],x[5])),sub(x[5],x[3]))))",False,,,b8102d0c93fa57a5855a5867d7caa99e,0.37125748502994016,False,0.0
8,3,"not_(less_than_or_equal(pdiv(x[5],x[5]),mul(add(x[7],sub(x[0],x[5])),sub(x[5],x[3]))))",True,"less_than_or_equal(x[2],x[2])",0.35928143712574845,bd082d42dcba8056510101f18394b575,0.35928143712574845,False,0.0
8,3,"less_than_or_equal(mul(mul(x[7],x[7]),add(x[5],x[2])),add(sub(mul(add(x[3],pdiv(x[0],x[0])),x[7]),x[3]),x[3]))",True,"less_than_or_equal(mul(mul(x[7],x[7]),add(x[5],x[2])),add(sub(mul(add(x[3],pdiv(x[0],x[0])),x[7]),x[3]),x[3]))",0.3413173652694611,e1372657b4e2c1664ec97970a11d294b,0.3413173652694611,False,0.0
8,3,"greater_than_or_equal(add(x[2],x[5]), x[5])",True,"less_than_or_equal(x[2],x[2])",0.35928143712574845,bd082d42dcba8056510101f18394b575,0.35928143712574845,False,0.0
8,3,"less_than_or_equal(mul(mul(x[3],x[3]),sub(x[3],add(x[2],mul(x[3],x[5])))),mul(x[3],x[3]))",True,"less_than_or_equal(x[2],x[2])",0.35928143712574845,bd082d42dcba8056510101f18394b575,0.35928143712574845,False,0.0
8,3,"less_than_or_equal(mul(add(x[3],x[5]),sub(x[2],x[0])),add(mul(sub(x[7],x[5]),x[0]),sub(sub(x[2],x[0]),mul(x[5],x[5]))))",False,,,855bd803dc10581e248996b591c75621,0.6586826347305389,False,0.0
8,3,"less_than_or_equal(mul(sub(x[2],x[5]),sub(x[2],x[0])),mul(pdiv(add(x[3],add(pdiv(x[7],x[7]),mul(x[7],sub(x[0],x[7])))),x[7]),add(x[5],x[2])))",False,,,d2d3e8110e6a0bfe5c96fa7a5283bff6,0.3532934131736527,False,0.0
8,3,"greater_than_or_equal(x[7], x[3])",True,"greater_than_or_equal(x[7], x[3])",0.6646706586826348,d5925f4b2448dec895a429c6f44b5edc,0.6646706586826348,False,0.0
8,3,"or_(x[6],not_(greater_than_or_equal(add(x[2],x[5]), mul(x[3],add(mul(add(x[2],x[3]),pdiv(x[0],x[7])),x[2])))))",True,"less_than_or_equal(x[2],x[2])",0.35928143712574845,bd082d42dcba8056510101f18394b575,0.3652694610778443,True,0.005988023952095856
8,3,"not_(less_than_or_equal(pdiv(x[5],x[2]),x[7]))",True,"less_than_or_equal(sub(mul(x[2],x[7]),mul(x[0],x[7])),x[5])",0.34730538922155685,67e5c7a497be3e968ea5c2bd6433af6d,0.33532934131736525,True,-0.0119760479041916
8,3,"not_(greater_than_or_equal(x[5], 09.59))",True,"less_than_or_equal(x[2],x[2])",0.35928143712574845,bd082d42dcba8056510101f18394b575,0.35928143712574845,False,0.0
8,3,"greater_than_or_equal(pdiv(pdiv(x[5],x[5]),add(x[5],x[0])), x[2])",False,,,5005b0c334820b72e1246e09cfc64254,0.3413173652694611,False,0.0
8,3,"not_(greater_than_or_equal(mul(x[7],x[5]), x[3]))",False,,,ff4b342bed4706cce4217aaf715c34c5,0.33532934131736525,False,0.0
8,3,"greater_than_or_equal(x[0], x[2])",True,"greater_than_or_equal(x[0], x[2])",0.5329341317365269,f30904201255a44726c2f25803948202,0.5329341317365269,False,0.0
8,3,"greater_than_or_equal(pdiv(pdiv(x[5],x[5]),mul(x[3],x[7])), mul(x[5],mul(mul(x[5],x[7]),pdiv(x[7],x[3]))))",True,"less_than_or_equal(x[2],x[2])",0.35928143712574845,bd082d42dcba8056510101f18394b575,0.35928143712574845,False,0.0
8,3,"greater_than_or_equal(61.92, x[2])",True,"less_than_or_equal(x[2],x[2])",0.35928143712574845,bd082d42dcba8056510101f18394b575,0.35928143712574845,False,0.0
8,3,"less_than_or_equal(sub(sub(x[3],x[5]),pdiv(x[7],mul(add(sub(x[7],x[7]),pdiv(x[5],x[2])),x[7]))),x[0])",False,,,5918517f5c7939fc875812594d344b06,0.3892215568862275,False,0.0
8,3,"less_than_or_equal(sub(mul(add(x[2],x[5]),x[5]),x[5]),x[2])",True,"less_than_or_equal(sub(mul(add(x[2],x[5]),x[5]),x[5]),x[2])",0.34730538922155685,e607945e92f68a81dbf4ef62a3cc8fc9,0.34730538922155685,False,0.0
8,3,"not_(less_than_or_equal(pdiv(x[5],x[0]),mul(x[5],x[5])))",True,"less_than_or_equal(x[2],x[2])",0.35928143712574845,bd082d42dcba8056510101f18394b575,0.35928143712574845,False,0.0
8,3,x[4],True,x[4],0.35928143712574845,cdec5a9f51f7a38b45d1257e5d4520eb,0.35928143712574845,False,0.0
8,3,"less_than_or_equal(pdiv(mul(x[3],x[3]),pdiv(x[7],sub(x[0],x[2]))),add(pdiv(x[5],x[2]),mul(x[2],x[5])))",True,"less_than_or_equal(x[2],x[2])",0.35928143712574845,bd082d42dcba8056510101f18394b575,0.35928143712574845,False,0.0
8,3,"greater_than_or_equal(x[5], x[2])",True,"not_(not_(less_than_or_equal(x[2],x[5])))",0.34730538922155685,4af53f79d9ad2ffac455113b88a02dd4,0.34730538922155685,False,0.0
8,3,"less_than_or_equal(mul(sub(x[7],x[5]),sub(x[2],x[0])),mul(pdiv(add(x[3],add(pdiv(x[7],x[3]),pdiv(x[3],x[5]))),x[0]),x[2]))",True,"less_than_or_equal(x[2],x[2])",0.35928143712574845,bd082d42dcba8056510101f18394b575,0.35928143712574845,False,0.0
8,3,"less_than_or_equal(pdiv(sub(x[2],x[0]),x[0]),x[7])",False,,,612701c3a38e16883d362d73a15e7660,0.5508982035928144,False,0.0
8,3,"greater_than_or_equal(96.14, mul(pdiv(x[0],x[3]),sub(mul(x[3],x[7]),sub(x[7],x[5]))))",False,,,4ede27660e6f519d294db0f75337c522,0.33532934131736525,False,0.0
8,3,"greater_than_or_equal(96.91, add(mul(x[0],x[2]),add(pdiv(add(x[5],x[7]),x[3]),mul(add(x[3],x[0]),add(x[7],x[5])))))",True,"not_(less_than_or_equal(pdiv(x[3],x[5]),add(pdiv(x[2],30.95),mul(x[0],x[3]))))",0.34730538922155685,4ac8a53c24397a99907b64c745d162c5,0.3413173652694611,True,-0.0059880239520957446
8,3,x[4],True,x[4],0.35928143712574845,cdec5a9f51f7a38b45d1257e5d4520eb,0.35928143712574845,False,0.0
8,3,"not_(greater_than_or_equal(x[0], mul(x[5],x[5])))",True,"greater_than_or_equal(add(pdiv(x[3],69.14),x[5]), pdiv(x[0],x[5]))",0.4131736526946108,785faa5ff1d03ecbf2b21099b68e5b9d,0.4131736526946108,False,0.0
8,3,"not_(less_than_or_equal(pdiv(35.79,pdiv(x[5],x[0])),sub(sub(x[2],x[0]),mul(x[5],x[5]))))",True,"less_than_or_equal(x[2],x[2])",0.35928143712574845,bd082d42dcba8056510101f18394b575,0.35928143712574845,False,0.0
8,3,"greater_than_or_equal(pdiv(pdiv(x[5],x[5]),add(x[5],x[2])), mul(x[7],pdiv(mul(x[5],x[5]),x[2])))",False,,,54258ff35749b046360169b6ea7622ef,0.34730538922155685,False,0.0
8,3,"less_than_or_equal(sub(mul(x[2],x[7]),mul(x[0],x[3])),x[5])",False,,,67a74a908044bd30b7c94b4bb4830bb0,0.3532934131736527,False,0.0
8,3,"less_than_or_equal(mul(mul(x[3],64.20),x[2]),mul(x[7],mul(mul(x[7],x[5]),sub(x[3],x[0]))))",True,"greater_than_or_equal(pdiv(mul(x[5],x[2]),pdiv(x[2],x[5])), add(sub(x[7],x[7]),add(x[5],x[0])))",0.6107784431137724,ec48eb4aba9f475884bcf9e8f28adadc,0.6107784431137724,False,0.0
8,3,"greater_than_or_equal(mul(sub(x[7],x[0]),pdiv(x[7],x[3])), mul(add(x[3],x[0]),add(x[2],x[7])))",False,,,562af14eec866b6e1dfb109693316d59,0.6227544910179641,False,0.0
8,3,"less_than_or_equal(sub(mul(x[7],x[5]),x[7]),sub(x[0],x[5]))",False,,,08f026397cdc48a571c7651708a4a4b2,0.6107784431137724,False,0.0
8,3,"or_(x[6],greater_than_or_equal(mul(x[7],sub(mul(x[3],x[5]),mul(x[3],x[3]))), add(pdiv(x[7],x[7]),pdiv(x[3],x[5]))))",True,"less_than_or_equal(x[2],x[2])",0.35928143712574845,bd082d42dcba8056510101f18394b575,0.3652694610778443,True,0.005988023952095856
8,3,"greater_than_or_equal(x[7], mul(x[5],mul(mul(x[5],x[5]),x[3])))",False,,,dda82bafd6c060943023fa62970ae7c8,0.4131736526946108,False,0.0
8,3,"greater_than_or_equal(x[3], pdiv(x[3],mul(x[7],mul(x[5],x[5]))))",True,not_(x[6]),0.6347305389221557,b4068ba57b63c959651c969331c4b5cd,0.6347305389221557,False,0.0
8,3,"greater_than_or_equal(add(mul(x[0],x[2]),sub(x[3],pdiv(x[5],x[5]))), add(pdiv(x[2],33.95),x[2]))",True,not_(x[6]),0.6347305389221557,b4068ba57b63c959651c969331c4b5cd,0.6407185628742516,True,0.005988023952095856
8,3,"not_(greater_than_or_equal(x[0], sub(sub(x[2],x[0]),mul(x[5],x[7]))))",False,,,7a8825281f0de34fdd1152355efa854a,0.5029940119760479,False,0.0
8,3,"not_(greater_than_or_equal(sub(x[3],x[5]), add(add(x[2],x[5]),add(x[2],add(mul(x[2],x[5]),pdiv(x[0],x[3]))))))",False,,,ca95bbd1c92163fb78fe416777bd2870,0.37125748502994016,False,0.0
8,3,"greater_than_or_equal(x[3], sub(x[0],x[7]))",False,,,8b235cfac4cf06b0d666a1fe6beddb6b,0.38323353293413176,False,0.0
8,3,"greater_than_or_equal(x[3], x[7])",True,"greater_than_or_equal(x[3], x[7])",0.33532934131736525,176c0c35833bc4ae980b10cd773d9ebc,0.33532934131736525,False,0.0
8,3,"greater_than_or_equal(x[3], add(pdiv(x[7],mul(x[0],x[7])),pdiv(mul(x[5],x[7]),mul(x[5],x[5]))))",True,not_(x[6]),0.6347305389221557,b4068ba57b63c959651c969331c4b5cd,0.6407185628742516,True,0.005988023952095856
8,3,"greater_than_or_equal(36.96, x[5])",True,"less_than_or_equal(x[2],x[2])",0.35928143712574845,bd082d42dcba8056510101f18394b575,0.35928143712574845,False,0.0
8,3,"not_(less_than_or_equal(pdiv(x[5],x[5]),mul(x[0],x[2])))",True,"less_than_or_equal(x[2],x[2])",0.35928143712574845,bd082d42dcba8056510101f18394b575,0.35928143712574845,False,0.0
8,3,x[4],True,x[4],0.35928143712574845,cdec5a9f51f7a38b45d1257e5d4520eb,0.35928143712574845,False,0.0
8,3,"greater_than_or_equal(x[3], mul(x[2],x[3]))",True,"not_(greater_than_or_equal(mul(x[7],x[2]), x[7]))",0.34730538922155685,f69cf4961d82af0c72c0014d2a401904,0.34730538922155685,False,0.0
8,3,"greater_than_or_equal(pdiv(mul(x[5],x[3]),add(x[2],x[3])), pdiv(sub(x[7],x[7]),add(x[5],sub(x[2],x[2]))))",True,"less_than_or_equal(x[2],x[2])",0.35928143712574845,bd082d42dcba8056510101f18394b575,0.3652694610778443,True,0.005988023952095856
8,3,"less_than_or_equal(add(add(x[7],x[5]),sub(x[2],x[0])),add(pdiv(x[2],x[2]),mul(mul(x[3],x[3]),x[3])))",False,,,f88731d7d9f8f4dfd5a461a0ef55b890,0.28742514970059885,False,0.0
8,3,"less_than_or_equal(pdiv(x[7],sub(x[7],x[2])),pdiv(x[3],x[5]))",False,,,d6c6b08bfd64032e2c5350e7f9786532,0.5149700598802396,False,0.0
8,3,"not_(less_than_or_equal(pdiv(x[5],x[5]),add(x[5],x[2])))",True,"not_(less_than_or_equal(pdiv(x[5],x[5]),add(x[5],x[2])))",0.2455089820359282,5825d6d8d32996f2f81bb41cc0bfa92f,0.30952380952380953,True,0.06401482748788134
8,4,"less_than_or_equal(mul(x[2],sub(x[5],x[0])),sub(sub(x[2],x[0]),mul(x[5],x[5])))",True,"less_than_or_equal(x[0],mul(add(x[3],x[2]),sub(x[2],x[5])))",0.652694610778443,7db144d80e7764d52718b602dba1350e,0.6047904191616766,True,-0.0479041916167664
8,4,"less_than_or_equal(mul(add(x[2],x[5]),sub(sub(pdiv(x[0],add(x[0],x[7])),x[7]),add(x[5],x[2]))),add(sub(x[7],x[7]),pdiv(x[5],x[2])))",True,"less_than_or_equal(x[2],x[2])",0.35928143712574845,bd082d42dcba8056510101f18394b575,0.35928143712574845,False,0.0
8,4,"greater_than_or_equal(96.09, x[5])",True,"less_than_or_equal(x[2],x[2])",0.35928143712574845,bd082d42dcba8056510101f18394b575,0.35928143712574845,False,0.0
8,4,"greater_than_or_equal(x[3], x[7])",True,"greater_than_or_equal(x[3], x[7])",0.33532934131736525,176c0c35833bc4ae980b10cd773d9ebc,0.33532934131736525,False,0.0
8,4,"greater_than_or_equal(x[0], x[7])",True,"less_than_or_equal(x[7],x[0])",0.5449101796407185,be077d9307e8548c7420a3c3b9c6aaf2,0.5449101796407185,False,0.0
8,4,"greater_than_or_equal(add(x[5],x[2]), add(sub(x[7],x[7]),pdiv(x[5],x[2])))",False,,,1f165ac93a5146780df2ab46ba0e8d38,0.7065868263473054,False,0.0
8,4,"less_than_or_equal(mul(mul(x[7],x[7]),x[3]),x[7])",True,"less_than_or_equal(x[2],x[2])",0.35928143712574845,bd082d42dcba8056510101f18394b575,0.35928143712574845,False,0.0
8,4,"not_(less_than_or_equal(pdiv(x[5],x[0]),mul(x[5],add(x[5],x[2]))))",False,,,3c33c75c2ac7ac2da65ca7793cc36b79,0.3652694610778443,False,0.0
8,4,"less_than_or_equal(mul(add(x[5],x[0]),x[7]),x[2])",False,,,7e7eede1c5d9bf2924466babb64186c7,0.4491017964071856,False,0.0
8,4,"greater_than_or_equal(x[0], x[0])",True,"less_than_or_equal(x[2],x[2])",0.35928143712574845,bd082d42dcba8056510101f18394b575,0.35928143712574845,False,0.0
8,4,"less_than_or_equal(mul(mul(x[7],x[7]),add(x[5],x[2])),add(x[5],x[2]))",True,"less_than_or_equal(x[2],x[2])",0.35928143712574845,bd082d42dcba8056510101f18394b575,0.35928143712574845,False,0.0
8,4,"greater_than_or_equal(sub(x[7],x[7]), pdiv(x[5],x[2]))",True,not_(x[6]),0.6347305389221557,b4068ba57b63c959651c969331c4b5cd,0.6347305389221557,False,0.0
8,4,"less_than_or_equal(add(add(x[7],x[5]),sub(x[2],x[0])),add(pdiv(x[2],x[2]),mul(x[7],mul(x[3],x[3]))))",False,,,8bcae22f904714aee6a08b7e1e17072b,0.31137724550898205,False,0.0
8,4,"greater_than_or_equal(x[3], x[7])",True,"greater_than_or_equal(x[3], x[7])",0.33532934131736525,176c0c35833bc4ae980b10cd773d9ebc,0.33532934131736525,False,0.0
8,4,"greater_than_or_equal(pdiv(pdiv(x[5],x[5]),add(x[5],x[2])), mul(x[7],pdiv(mul(x[5],x[7]),x[5])))",False,,,69d3064ff6f8bcedd35b9570958e1d1f,0.34730538922155685,False,0.0
8,4,"not_(less_than_or_equal(pdiv(x[5],x[5]),91.69))",True,not_(x[6]),0.6347305389221557,b4068ba57b63c959651c969331c4b5cd,0.6407185628742516,True,0.005988023952095856
8,4,"not_(greater_than_or_equal(mul(sub(x[5],x[5]),x[2]), add(sub(x[7],x[7]),pdiv(x[5],x[7]))))",True,"less_than_or_equal(x[2],x[2])",0.35928143712574845,bd082d42dcba8056510101f18394b575,0.3652694610778443,True,0.005988023952095856
8,4,"greater_than_or_equal(x[0], x[0])",True,"less_than_or_equal(x[2],x[2])",0.35928143712574845,bd082d42dcba8056510101f18394b575,0.35928143712574845,False,0.0
8,4,"less_than_or_equal(sub(mul(x[0],x[7]),sub(x[0],x[7])),x[3])",True,"less_than_or_equal(sub(mul(x[0],x[7]),sub(x[0],x[7])),x[3])",0.31137724550898205,6dfbf7315de2a4c52726bc6d58b6fbc4,0.31137724550898205,False,0.0
8,4,"greater_than_or_equal(x[3], x[7])",True,"greater_than_or_equal(x[3], x[7])",0.33532934131736525,176c0c35833bc4ae980b10cd773d9ebc,0.33532934131736525,False,0.0
8,4,"greater_than_or_equal(34.22, add(x[3],x[0]))",True,"less_than_or_equal(x[2],x[2])",0.35928143712574845,bd082d42dcba8056510101f18394b575,0.35928143712574845,False,0.0
8,4,"greater_than_or_equal(x[0], mul(x[5],x[5]))",True,"less_than_or_equal(mul(x[5],x[5]),x[0])",0.5868263473053892,2c2cb5882924d906e8f60f231506150f,0.5868263473053892,False,0.0
8,4,"not_(greater_than_or_equal(mul(add(x[5],x[5]),x[0]), add(sub(x[7],x[7]),pdiv(x[5],x[0]))))",False,,,0a3e2c977030e8d0e2f3cfd881788b9d,0.37125748502994016,False,0.0
8,4,"greater_than_or_equal(x[0], pdiv(x[3],add(mul(x[3],x[5]),sub(x[3],x[0]))))",False,,,3175e09adf23719f8c11c7de88aca32e,0.6167664670658682,False,0.0
8,4,"less_than_or_equal(mul(mul(x[7],x[7]),add(x[5],x[2])),add(x[7],sub(mul(x[3],x[5]),mul(x[0],x[3]))))",True,"less_than_or_equal(mul(mul(x[7],x[7]),add(x[5],x[2])),add(sub(mul(add(x[3],pdiv(x[0],x[0])),x[7]),x[3]),x[3]))",0.3413173652694611,e1372657b4e2c1664ec97970a11d294b,0.3413173652694611,False,0.0
8,4,"greater_than_or_equal(x[3], sub(x[7],x[7]))",True,"less_than_or_equal(x[2],x[2])",0.35928143712574845,bd082d42dcba8056510101f18394b575,0.35928143712574845,False,0.0
8,4,"greater_than_or_equal(x[3], x[3])",True,"less_than_or_equal(x[2],x[2])",0.35928143712574845,bd082d42dcba8056510101f18394b575,0.35928143712574845,False,0.0
8,4,"less_than_or_equal(add(mul(x[7],pdiv(x[5],x[5])),x[2]),add(sub(x[7],x[7]),pdiv(69.44,sub(x[3],x[3]))))",False,,,14c6e007ad625f3839f568e9ee8a86e1,0.19161676646706582,False,0.0
8,4,"greater_than_or_equal(36.96, x[3])",True,"less_than_or_equal(x[2],x[2])",0.35928143712574845,bd082d42dcba8056510101f18394b575,0.35928143712574845,False,0.0
8,4,"greater_than_or_equal(pdiv(pdiv(x[7],x[3]),x[7]), x[5])",True,"less_than_or_equal(x[2],x[2])",0.35928143712574845,bd082d42dcba8056510101f18394b575,0.35928143712574845,False,0.0
8,4,"greater_than_or_equal(x[3], x[5])",True,"less_than_or_equal(x[5],x[3])",0.5089820359281437,1d4d287fbe015bbb313f097e26f5bc37,0.5089820359281437,False,0.0
8,4,"not_(greater_than_or_equal(add(x[5],x[5]), x[2]))",False,,,b67783c92e859390ea0a70f112223d2c,0.6586826347305389,False,0.0
8,4,"less_than_or_equal(add(add(x[7],x[5]),sub(x[2],x[0])),add(pdiv(x[2],x[7]),mul(x[0],x[7])))",False,,,e1b1517d01136c7d69c1ac43a29d4e45,0.4491017964071856,False,0.0
8,4,"less_than_or_equal(sub(34.77,mul(x[3],x[3])),x[3])",True,not_(x[6]),0.6347305389221557,b4068ba57b63c959651c969331c4b5cd,0.6407185628742516,True,0.005988023952095856
8,4,"less_than_or_equal(add(add(x[7],x[5]),sub(x[2],x[0])),add(pdiv(x[3],x[2]),mul(mul(x[3],x[3]),x[3])))",False,,,2494e2d46e91a297153f0bf0b215dc99,0.33532934131736525,False,0.0
8,4,"less_than_or_equal(mul(mul(x[7],pdiv(x[3],mul(x[7],x[2]))),x[5]),x[7])",False,,,1713dc8a2830dd492a8f75f9d03bbbf5,0.6646706586826348,False,0.0
8,4,"greater_than_or_equal(x[5], x[2])",True,"not_(not_(less_than_or_equal(x[2],x[5])))",0.34730538922155685,4af53f79d9ad2ffac455113b88a02dd4,0.34730538922155685,False,0.0
8,4,"less_than_or_equal(sub(x[7],x[5]),x[3])",True,"not_(greater_than_or_equal(mul(x[7],x[5]), pdiv(x[5],sub(add(x[3],x[5]),x[7]))))",0.34730538922155685,906cd02322ebc08dcc05972ce8f978a6,0.34730538922155685,False,0.0
8,4,"greater_than_or_equal(add(mul(x[0],add(mul(x[7],x[7]),mul(x[2],x[2]))),add(sub(x[7],x[7]),add(x[5],x[3]))), x[0])",True,"or_(less_than_or_equal(sub(x[2],x[5]),mul(x[3],x[2])),not_(greater_than_or_equal(x[5], x[3])))",0.38323353293413176,cc44f38a8b2fcefff95bcc01de90856f,0.37125748502994016,True,-0.0119760479041916
8,4,"greater_than_or_equal(x[7], x[7])",True,"less_than_or_equal(x[2],x[2])",0.35928143712574845,bd082d42dcba8056510101f18394b575,0.35928143712574845,False,0.0
8,4,"less_than_or_equal(mul(mul(x[7],x[7]),sub(mul(x[3],x[5]),mul(x[3],x[3]))),add(pdiv(x[7],x[7]),pdiv(x[3],x[5])))",True,"less_than_or_equal(x[2],x[2])",0.35928143712574845,bd082d42dcba8056510101f18394b575,0.35928143712574845,False,0.0
8,4,"greater_than_or_equal(35.52, x[2])",True,"less_than_or_equal(x[2],x[2])",0.35928143712574845,bd082d42dcba8056510101f18394b575,0.35928143712574845,False,0.0
8,4,"less_than_or_equal(mul(mul(x[3],x[3]),pdiv(x[7],sub(x[3],x[5]))),x[0])",False,,,a530ad1ef68452d416012d708bb63bd4,0.4610778443113772,False,0.0
8,4,"greater_than_or_equal(pdiv(x[5],x[2]), x[5])",True,"not_(greater_than_or_equal(mul(x[7],x[2]), x[7]))",0.34730538922155685,f69cf4961d82af0c72c0014d2a401904,0.34730538922155685,False,0.0
8,4,"or_(x[6],greater_than_or_equal(x[5], x[0]))",True,"less_than_or_equal(x[2],x[2])",0.35928143712574845,bd082d42dcba8056510101f18394b575,0.35928143712574845,False,0.0
8,4,"greater_than_or_equal(add(x[3],x[7]), x[5])",False,,,989d415230e5f7c1c5cac6b3163f6f54,0.46706586826347307,False,0.0
8,4,"greater_than_or_equal(x[3], x[3])",True,"less_than_or_equal(x[2],x[2])",0.35928143712574845,bd082d42dcba8056510101f18394b575,0.35928143712574845,False,0.0
8,4,"less_than_or_equal(mul(mul(x[7],x[7]),add(pdiv(x[5],x[5]),add(x[5],x[2]))),x[0])",False,,,72f66bbb110430f6ad8cbc02dd618010,0.49101796407185627,False,0.0
8,4,"not_(less_than_or_equal(x[5],x[2]))",True,"not_(not_(less_than_or_equal(x[2],x[5])))",0.34730538922155685,4af53f79d9ad2ffac455113b88a02dd4,0.34730538922155685,False,0.0
8,4,"greater_than_or_equal(x[7], pdiv(x[5],x[3]))",False,,,c4d62ee0d9ef954add009e50887aed2e,0.6586826347305389,False,0.0
8,4,"not_(less_than_or_equal(mul(x[7],add(x[5],x[2])),add(sub(x[2],sub(pdiv(x[0],x[7]),mul(x[0],mul(x[3],x[7])))),pdiv(x[0],x[3]))))",False,,,f511075f6805b2abeb7d428d45bf465a,0.437125748502994,False,0.0
8,4,"less_than_or_equal(mul(sub(x[7],x[0]),pdiv(x[7],x[3])),mul(add(x[3],x[7]),x[5]))",False,,,5c304e736c412e58e21a423d0b073047,0.32335329341317365,False,0.0
8,4,"less_than_or_equal(mul(mul(x[7],x[7]),add(x[5],x[5])),x[5])",False,,,70c1a978a90304e47c9ea26f5d914234,0.2455089820359282,False,0.0
8,4,"greater_than_or_equal(x[0], x[0])",True,"less_than_or_equal(x[2],x[2])",0.35928143712574845,bd082d42dcba8056510101f18394b575,0.35928143712574845,False,0.0
8,4,"greater_than_or_equal(add(pdiv(x[3],x[3]),sub(x[5],x[7])), add(x[5],x[2]))",True,"less_than_or_equal(add(mul(x[7],pdiv(x[5],x[5])),x[2]),add(sub(x[7],x[7]),pdiv(69.44,sub(x[3],x[3]))))",0.19161676646706582,14c6e007ad625f3839f568e9ee8a86e1,0.19161676646706582,False,0.0
8,4,"not_(greater_than_or_equal(mul(x[7],add(x[5],x[0])), add(add(add(x[3],x[7]),pdiv(add(x[3],add(pdiv(x[7],x[7]),pdiv(x[3],x[5]))),x[0])),x[3])))",True,"less_than_or_equal(x[2],x[2])",0.35928143712574845,bd082d42dcba8056510101f18394b575,0.35928143712574845,False,0.0
8,4,"greater_than_or_equal(mul(x[7],sub(mul(x[3],x[5]),mul(x[3],x[3]))), add(pdiv(x[7],x[7]),pdiv(x[3],x[5])))",True,not_(x[6]),0.6347305389221557,b4068ba57b63c959651c969331c4b5cd,0.6407185628742516,True,0.005988023952095856
8,4,"greater_than_or_equal(x[5], sub(x[7],pdiv(x[5],pdiv(add(x[2],x[2]),mul(x[5],x[5])))))",False,,,012cf7faf6bf213502e26f225888a91c,0.3293413173652695,False,0.0
8,4,"greater_than_or_equal(sub(pdiv(x[0],x[7]),mul(x[0],mul(x[3],x[7]))), pdiv(x[0],add(mul(mul(x[0],x[7]),mul(x[5],x[0])),69.09)))",True,"less_than_or_equal(x[2],x[2])",0.35928143712574845,bd082d42dcba8056510101f18394b575,0.35928143712574845,False,0.0
8,4,"less_than_or_equal(pdiv(x[5],x[5]),add(x[5],x[5]))",False,,,0ed9dd992eb33d4d0eeefaaaf3694dfd,0.5508982035928144,False,0.0
8,4,"less_than_or_equal(add(mul(add(x[2],x[5]),x[5]),sub(53.68,x[0])),x[7])",True,not_(x[6]),0.6347305389221557,b4068ba57b63c959651c969331c4b5cd,0.6407185628742516,True,0.005988023952095856
8,4,"less_than_or_equal(mul(mul(x[7],x[7]),mul(x[2],add(sub(x[7],x[7]),pdiv(x[5],x[2])))),x[7])",True,"less_than_or_equal(x[2],x[2])",0.35928143712574845,bd082d42dcba8056510101f18394b575,0.35928143712574845,False,0.0
8,4,"less_than_or_equal(mul(mul(x[7],x[7]),add(x[5],x[5])),x[2])",False,,,a3eabe66e4b477a58dcd40fa58491de4,0.3892215568862275,False,0.0
8,4,"less_than_or_equal(mul(sub(x[7],x[0]),pdiv(x[7],x[3])),mul(pdiv(x[3],x[0]),add(add(mul(x[0],sub(sub(x[2],x[5]),x[0])),x[2]),add(pdiv(add(x[5],x[7]),x[3]),mul(mul(x[3],x[0]),add(x[7],mul(x[7],x[5])))))))",True,"less_than_or_equal(mul(sub(x[7],x[0]),pdiv(x[7],x[3])),mul(pdiv(x[3],x[0]),add(add(mul(x[0],sub(sub(x[2],x[5]),x[0])),x[2]),add(pdiv(add(x[5],x[7]),x[3]),mul(sub(x[3],x[0]),add(x[7],x[5]))))))",0.34730538922155685,c53d587e815bb7edf4955f1c3a6e811c,0.34730538922155685,False,0.0
8,4,"not_(less_than_or_equal(pdiv(x[5],x[5]),mul(add(x[7],sub(mul(x[7],x[7]),add(x[5],x[2]))),add(sub(mul(add(x[3],pdiv(x[0],x[0])),x[0]),x[3]),x[3]))))",True,"less_than_or_equal(sub(x[5],sub(x[5],mul(x[0],x[5]))),mul(pdiv(x[2],x[0]),pdiv(x[5],x[3])))",0.3652694610778443,0d2206ebe6d2f2267a12ad05764e55bd,0.3652694610778443,False,0.0
8,4,"less_than_or_equal(mul(x[0],x[7]),sub(x[5],x[3]))",False,,,29b281c462a9b084f4bddad646bccf60,0.4850299401197605,False,0.0
8,4,x[4],True,x[4],0.35928143712574845,cdec5a9f51f7a38b45d1257e5d4520eb,0.35928143712574845,False,0.0
8,4,"greater_than_or_equal(x[3], x[7])",True,"greater_than_or_equal(x[3], x[7])",0.33532934131736525,176c0c35833bc4ae980b10cd773d9ebc,0.33532934131736525,False,0.0
8,4,"greater_than_or_equal(x[7], add(84.50,pdiv(x[2],mul(x[2],x[2]))))",True,not_(x[6]),0.6347305389221557,b4068ba57b63c959651c969331c4b5cd,0.6407185628742516,True,0.005988023952095856
8,4,"not_(less_than_or_equal(pdiv(x[5],x[2]),pdiv(x[0],add(x[3],x[7]))))",True,"greater_than_or_equal(mul(add(x[2],x[5]),sub(x[5],x[0])), mul(mul(x[0],x[7]),sub(x[5],x[7])))",0.38323353293413176,cf65da81ffb7a9d4ff3e042c0fa7a250,0.37125748502994016,True,-0.0119760479041916
8,4,"less_than_or_equal(mul(sub(x[0],x[0]),pdiv(x[7],x[3])),mul(pdiv(x[3],x[7]),sub(mul(add(mul(x[5],mul(x[3],x[3])),add(pdiv(x[7],x[7]),pdiv(x[3],x[5]))),x[2]),x[3])))",False,,,8f656b8e7b7b97e8279660e0f208c64f,0.5748502994011976,False,0.0
8,4,"greater_than_or_equal(x[3], x[0])",True,"not_(greater_than_or_equal(pdiv(x[0],x[3]), pdiv(x[5],x[5])))",0.3772455089820359,f56d58ec85f58eb9e745c543958f7db4,0.37125748502994016,True,-0.0059880239520957446
8,4,"not_(less_than_or_equal(pdiv(x[5],x[5]),pdiv(x[5],mul(x[5],add(x[5],x[2])))))",True,"greater_than_or_equal(add(x[2],x[5]), pdiv(x[7],x[7]))",0.7544910179640718,3db16fa16df21b15852938a2c3f9a18b,0.7544910179640718,False,0.0
8,4,"greater_than_or_equal(x[2], sub(add(sub(x[2],x[0]),add(x[3],x[7])),x[5]))",False,,,d6ee84bc20b8ce7c77bc0a5b4eda44a0,0.5149700598802396,False,0.0
8,4,"less_than_or_equal(mul(add(x[3],x[7]),pdiv(add(x[3],add(pdiv(x[7],x[7]),pdiv(x[3],x[5]))),x[0])),x[3])",True,not_(x[6]),0.6347305389221557,b4068ba57b63c959651c969331c4b5cd,0.6407185628742516,True,0.005988023952095856
8,4,"greater_than_or_equal(96.14, mul(pdiv(x[0],sub(pdiv(x[5],x[5]),x[2])),add(sub(x[7],x[7]),pdiv(x[5],x[2]))))",True,"less_than_or_equal(x[2],x[2])",0.35928143712574845,bd082d42dcba8056510101f18394b575,0.35928143712574845,False,0.0
8,4,"greater_than_or_equal(45.97, x[2])",True,"less_than_or_equal(x[2],x[2])",0.35928143712574845,bd082d42dcba8056510101f18394b575,0.35928143712574845,False,0.0
8,4,"not_(greater_than_or_equal(mul(x[2],add(sub(x[5],add(x[5],x[2])),x[5])), mul(x[7],add(pdiv(add(x[2],x[3]),pdiv(x[0],x[7])),x[2]))))",False,,,c8b5d38139781ae19704452423a0081f,0.38323353293413176,False,0.0
8,4,"not_(less_than_or_equal(94.46,mul(add(x[2],x[5]),x[5])))",True,"less_than_or_equal(x[2],x[2])",0.35928143712574845,bd082d42dcba8056510101f18394b575,0.35928143712574845,False,0.0
8,4,"greater_than_or_equal(x[0], mul(x[7],pdiv(add(x[5],x[7]),x[3])))",False,,,0dd75895da3b19bf96f67202d22d4b04,0.5868263473053892,False,0.0
8,4,"greater_than_or_equal(add(add(x[0],add(x[7],pdiv(x[5],x[2]))),x[7]), x[3])",False,,,f10cef470e9edaad632c7debe414ab12,0.35928143712574845,False,0.0
8,4,"less_than_or_equal(pdiv(mul(x[2],x[2]),x[5]),pdiv(x[2],x[5]))",True,"not_(greater_than_or_equal(mul(x[7],x[2]), x[7]))",0.34730538922155685,f69cf4961d82af0c72c0014d2a401904,0.34730538922155685,False,0.0
8,4,"less_than_or_equal(mul(sub(x[7],x[0]),x[2]),mul(x[3],x[5]))",False,,,f3d36d204bd099fd4843149d6bb13d6b,0.3173652694610778,False,0.0
8,4,"not_(greater_than_or_equal(mul(x[7],add(x[5],sub(mul(add(x[0],pdiv(x[7],x[3])),mul(add(x[3],x[5]),x[5])),x[5]))), x[0]))",False,,,09fe71c4cd726883bc768a006c333b59,0.5389221556886228,False,0.0
8,4,"less_than_or_equal(add(add(x[7],x[5]),sub(x[2],x[3])),add(pdiv(x[2],x[2]),mul(x[7],sub(mul(x[3],x[7]),mul(mul(add(x[3],add(pdiv(x[7],x[5]),mul(x[3],x[7]))),x[5]),x[2])))))",False,,,c68612c9724973400b9eb58f1a3810a2,0.25149700598802394,False,0.0
8,4,"greater_than_or_equal(x[3], x[2])",True,"greater_than_or_equal(x[3], x[2])",0.3652694610778443,0a54951987edb23171217fd387dfe4ac,0.3652694610778443,False,0.0
8,4,"greater_than_or_equal(sub(pdiv(x[0],sub(x[5],x[0])),mul(x[3],x[7])), pdiv(x[0],x[3]))",False,,,108e1d1d7a706a5b1c38e4d382281b76,0.5449101796407185,False,0.0
8,4,"greater_than_or_equal(sub(pdiv(x[0],x[7]),mul(x[0],mul(x[3],x[7]))), x[0])",False,,,80a70c1dfbb6cc9c1f615a70ef6d7f12,0.3053892215568862,False,0.0
8,4,"greater_than_or_equal(x[3], x[7])",True,"greater_than_or_equal(x[3], x[7])",0.33532934131736525,176c0c35833bc4ae980b10cd773d9ebc,0.33532934131736525,False,0.0
8,4,"less_than_or_equal(add(pdiv(x[3],x[3]),sub(x[5],x[3])),mul(pdiv(add(x[3],x[3]),x[7]),pdiv(x[0],x[3])))",False,,,86cddf81bfcf50d0534366fbeb8f9155,0.5449101796407185,False,0.0
8,4,"not_(less_than_or_equal(pdiv(x[5],x[5]),add(x[5],x[2])))",True,"not_(less_than_or_equal(pdiv(x[5],x[5]),add(x[5],x[2])))",0.2455089820359282,5825d6d8d32996f2f81bb41cc0bfa92f,0.2455089820359282,False,0.0
8,4,"not_(greater_than_or_equal(mul(x[7],add(x[5],x[2])), add(sub(x[7],x[7]),pdiv(x[5],x[5]))))",True,"not_(greater_than_or_equal(mul(x[7],add(x[5],x[2])), add(sub(x[7],x[7]),pdiv(x[5],x[5]))))",0.2934131736526946,0626717d313f6c0bc6513f2ca4ff096e,0.2934131736526946,False,0.0
8,4,"less_than_or_equal(pdiv(mul(x[3],x[3]),pdiv(x[2],sub(x[5],x[2]))),add(pdiv(x[5],x[2]),mul(x[2],x[5])))",True,"less_than_or_equal(x[2],x[2])",0.35928143712574845,bd082d42dcba8056510101f18394b575,0.35928143712574845,False,0.0
8,4,"greater_than_or_equal(add(pdiv(x[3],x[7]),sub(x[5],x[2])), sub(pdiv(add(x[2],x[0]),x[0]),x[0]))",False,,,327127df6eabc3a1bc53462dae02057f,0.281437125748503,False,0.0
8,4,"not_(less_than_or_equal(pdiv(35.79,pdiv(x[5],x[0])),sub(sub(x[2],x[0]),mul(x[5],x[0]))))",True,"less_than_or_equal(x[2],x[2])",0.35928143712574845,bd082d42dcba8056510101f18394b575,0.35928143712574845,False,0.0
8,4,"less_than_or_equal(mul(add(x[2],x[5]),sub(x[0],x[0])),mul(x[3],mul(pdiv(x[2],add(x[2],x[5])),mul(x[3],add(mul(add(x[2],x[3]),pdiv(x[0],x[7])),x[2])))))",True,"less_than_or_equal(x[2],x[2])",0.35928143712574845,bd082d42dcba8056510101f18394b575,0.35928143712574845,False,0.0
8,4,"greater_than_or_equal(x[7], x[3])",True,"greater_than_or_equal(x[7], x[3])",0.6646706586826348,d5925f4b2448dec895a429c6f44b5edc,0.6646706586826348,False,0.0
8,4,"greater_than_or_equal(x[3], x[3])",True,"less_than_or_equal(x[2],x[2])",0.35928143712574845,bd082d42dcba8056510101f18394b575,0.35928143712574845,False,0.0
8,4,"not_(less_than_or_equal(pdiv(x[5],x[5]),add(x[5],x[3])))",False,,,bb45d530dc44268633eeb136f814ec83,0.49101796407185627,False,0.0
8,4,"less_than_or_equal(mul(mul(x[7],x[7]),add(x[3],add(x[3],sub(x[5],x[3])))),mul(pdiv(add(x[0],x[0]),x[0]),x[2]))",False,,,1cff9291d77ae7688c4c05a4d0de968f,0.41916167664670656,False,0.0
8,4,"less_than_or_equal(sub(sub(add(x[3],x[5]),x[0]),x[0]),x[5])",True,"less_than_or_equal(sub(mul(x[5],x[3]),mul(x[5],x[0])),mul(x[0],x[5]))",0.592814371257485,4a06ab646ccec4e242ae3b52859cdf57,0.5988023952095809,True,0.005988023952095856
8,4,"greater_than_or_equal(x[5], x[5])",True,"less_than_or_equal(x[2],x[2])",0.35928143712574845,bd082d42dcba8056510101f18394b575,0.35928143712574845,False,0.0
8,4,"less_than_or_equal(mul(mul(x[7],x[7]),add(x[5],sub(x[5],x[0]))),x[2])",False,,,8cfe51e3c4fa9afb4ac459eb9dacb518,0.39520958083832336,False,0.0
8,4,"greater_than_or_equal(add(mul(x[0],x[2]),sub(x[5],x[0])), sub(sub(x[7],mul(add(sub(x[0],x[7]),pdiv(x[5],x[3])),x[0])),add(x[7],x[5])))",True,"greater_than_or_equal(add(pdiv(x[3],x[3]),sub(x[5],x[3])), mul(pdiv(x[0],x[5]),mul(x[3],x[3])))",0.3413173652694611,20549abca100b155319252a5e0d92179,0.33532934131736525,True,-0.005988023952095856
8,4,"greater_than_or_equal(x[0], x[0])",True,"less_than_or_equal(x[2],x[2])",0.35928143712574845,bd082d42dcba8056510101f18394b575,0.35928143712574845,False,0.0
8,4,"less_than_or_equal(sub(x[7],x[3]),sub(x[5],x[3]))",True,"greater_than_or_equal(x[5], x[7])",0.3892215568862275,ca29d589a2290a0489371628a6b32bf4,0.3892215568862275,False,0.0
8,4,"greater_than_or_equal(mul(mul(x[5],add(x[5],x[2])),x[5]), x[5])",False,,,4813f0b72e62e3a4ac1d057a4d330bef,0.718562874251497,False,0.0
8,4,"less_than_or_equal(x[5],x[7])",True,"greater_than_or_equal(x[7], x[5])",0.6107784431137724,793f9fa4aca1502cfe0a9ed6ab91b83c,0.6107784431137724,False,0.0
8,4,"not_(less_than_or_equal(pdiv(x[7],x[2]),x[5]))",False,,,6c7e6e07b7b12247ceef424eff5148c5,0.4131736526946108,False,0.0
8,4,"greater_than_or_equal(x[2], x[2])",True,"less_than_or_equal(x[2],x[2])",0.35928143712574845,bd082d42dcba8056510101f18394b575,0.35928143712574845,False,0.0
8,4,"or_(x[6],greater_than_or_equal(x[5], add(x[5],x[7])))",True,"less_than_or_equal(x[2],x[2])",0.35928143712574845,bd082d42dcba8056510101f18394b575,0.3652694610778443,True,0.005988023952095856
8,4,"greater_than_or_equal(x[3], x[0])",True,"not_(greater_than_or_equal(pdiv(x[0],x[3]), pdiv(x[5],x[5])))",0.3772455089820359,f56d58ec85f58eb9e745c543958f7db4,0.37125748502994016,True,-0.0059880239520957446
8,4,"greater_than_or_equal(pdiv(pdiv(x[5],x[5]),add(x[5],x[0])), x[2])",True,"greater_than_or_equal(pdiv(pdiv(x[5],x[5]),add(x[5],x[0])), x[2])",0.3413173652694611,5005b0c334820b72e1246e09cfc64254,0.3413173652694611,False,0.0
8,4,"greater_than_or_equal(x[3], x[5])",True,"less_than_or_equal(x[5],x[3])",0.5089820359281437,1d4d287fbe015bbb313f097e26f5bc37,0.5089820359281437,False,0.0
8,4,"less_than_or_equal(mul(sub(x[7],x[0]),pdiv(x[5],20.04)),78.04)",True,"less_than_or_equal(x[2],x[2])",0.35928143712574845,bd082d42dcba8056510101f18394b575,0.35928143712574845,False,0.0
8,4,"greater_than_or_equal(sub(pdiv(x[0],x[7]),mul(x[5],mul(x[3],x[7]))), x[5])",True,"less_than_or_equal(x[7],pdiv(x[0],x[7]))",0.5029940119760479,37afef815a97697dfbf210f3b9ca92af,0.5209580838323353,True,0.017964071856287456
8,4,"less_than_or_equal(mul(add(x[2],x[5]),sub(x[2],x[0])),add(mul(sub(x[7],add(x[3],add(pdiv(x[7],x[7]),pdiv(x[3],x[5])))),x[0]),x[3]))",False,,,a87df3ffefaa30e5be795135c268e5cd,0.37125748502994016,False,0.0
8,4,"not_(less_than_or_equal(pdiv(x[2],x[3]),x[5]))",False,,,183ed94279763a5e72b82b8cd769a21d,0.5449101796407185,False,0.0
8,4,"not_(less_than_or_equal(pdiv(x[0],x[7]),sub(x[0],x[2])))",True,"less_than_or_equal(pdiv(sub(x[0],x[0]),sub(x[0],x[2])),x[0])",0.38323353293413176,d0734af37aab8e9b6c733bcf8f431f61,0.38323353293413176,False,0.0
8,4,"greater_than_or_equal(x[2], 30.95)",True,not_(x[6]),0.6347305389221557,b4068ba57b63c959651c969331c4b5cd,0.6407185628742516,True,0.005988023952095856
8,4,"not_(less_than_or_equal(pdiv(x[3],x[5]),add(pdiv(x[3],x[7]),mul(x[5],mul(mul(x[5],x[7]),pdiv(x[7],x[3]))))))",False,,,0f73dac9e42e644b2a37350452a3d312,0.652694610778443,False,0.0
8,4,"greater_than_or_equal(x[3], x[7])",True,"greater_than_or_equal(x[3], x[7])",0.33532934131736525,176c0c35833bc4ae980b10cd773d9ebc,0.33532934131736525,False,0.0
8,4,"greater_than_or_equal(x[7], add(78.04,x[3]))",True,not_(x[6]),0.6347305389221557,b4068ba57b63c959651c969331c4b5cd,0.6407185628742516,True,0.005988023952095856
8,4,"not_(less_than_or_equal(x[5],mul(x[5],add(x[5],x[2]))))",True,"not_(less_than_or_equal(pdiv(x[5],x[5]),add(x[5],x[2])))",0.2455089820359282,5825d6d8d32996f2f81bb41cc0bfa92f,0.25149700598802394,True,0.0059880239520957446
8,4,"less_than_or_equal(mul(sub(x[2],x[5]),sub(x[2],x[0])),mul(pdiv(add(x[7],add(x[5],x[2])),add(sub(x[7],sub(x[5],mul(x[5],x[5]))),add(x[5],x[2]))),mul(x[7],pdiv(mul(x[5],x[5]),x[0]))))",False,,,29002d7cc8306b2cce91735e4362f982,0.33532934131736525,False,0.0
8,4,"less_than_or_equal(x[7],x[0])",True,"less_than_or_equal(x[7],x[0])",0.5449101796407185,be077d9307e8548c7420a3c3b9c6aaf2,0.5449101796407185,False,0.0
8,4,"greater_than_or_equal(x[3], x[5])",True,"less_than_or_equal(x[5],x[3])",0.5089820359281437,1d4d287fbe015bbb313f097e26f5bc37,0.5089820359281437,False,0.0
8,4,"less_than_or_equal(mul(mul(x[7],x[7]),add(x[5],sub(sub(mul(x[3],x[5]),mul(x[3],x[3])),add(pdiv(x[7],x[7]),pdiv(x[3],x[5]))))),x[2])",True,"less_than_or_equal(x[2],x[2])",0.35928143712574845,bd082d42dcba8056510101f18394b575,0.35928143712574845,False,0.0
8,4,"greater_than_or_equal(x[3], x[7])",True,"greater_than_or_equal(x[3], x[7])",0.33532934131736525,176c0c35833bc4ae980b10cd773d9ebc,0.33532934131736525,False,0.0
8,4,"greater_than_or_equal(add(pdiv(x[3],x[5]),mul(pdiv(x[5],add(mul(x[3],x[3]),add(pdiv(x[7],x[7]),pdiv(x[3],x[5])))),x[2])), x[3])",True,"less_than_or_equal(x[2],x[2])",0.35928143712574845,bd082d42dcba8056510101f18394b575,0.35928143712574845,False,0.0
8,4,"greater_than_or_equal(x[3], x[7])",True,"greater_than_or_equal(x[3], x[7])",0.33532934131736525,176c0c35833bc4ae980b10cd773d9ebc,0.33532934131736525,False,0.0
8,4,"greater_than_or_equal(x[3], x[7])",True,"greater_than_or_equal(x[3], x[7])",0.33532934131736525,176c0c35833bc4ae980b10cd773d9ebc,0.33532934131736525,False,0.0
8,4,"not_(less_than_or_equal(pdiv(x[5],x[5]),add(x[5],mul(x[3],x[5]))))",False,,,bec84f155ea3a03884c89212beba2640,0.35928143712574845,False,0.0
8,4,"less_than_or_equal(add(add(x[7],x[7]),sub(x[2],x[0])),add(pdiv(x[2],x[2]),mul(x[7],sub(mul(x[3],x[5]),mul(sub(add(x[3],add(pdiv(x[7],x[7]),pdiv(x[3],x[5]))),mul(x[3],x[7])),x[7])))))",False,,,515eebee9bc31e1ee0d0077874e69973,0.2934131736526946,False,0.0
8,4,"less_than_or_equal(mul(mul(x[7],x[7]),add(x[5],x[2])),add(x[7],x[5]))",True,"less_than_or_equal(x[2],x[2])",0.35928143712574845,bd082d42dcba8056510101f18394b575,0.35928143712574845,False,0.0
8,4,"greater_than_or_equal(x[3], mul(x[7],x[7]))",False,,,3d72bbc340f037088e8e4149f2ca8ce3,0.3413173652694611,False,0.0
8,4,"not_(less_than_or_equal(pdiv(x[5],x[5]),add(x[5],x[3])))",True,"not_(less_than_or_equal(pdiv(x[5],x[5]),add(x[5],x[3])))",0.49101796407185627,bb45d530dc44268633eeb136f814ec83,0.49101796407185627,False,0.0
8,4,"not_(less_than_or_equal(pdiv(x[5],x[5]),add(x[5],x[3])))",True,"not_(less_than_or_equal(pdiv(x[5],x[5]),add(x[5],x[3])))",0.49101796407185627,bb45d530dc44268633eeb136f814ec83,0.49101796407185627,False,0.0
8,4,"not_(less_than_or_equal(sub(x[3],79.04),x[2]))",True,not_(x[6]),0.6347305389221557,b4068ba57b63c959651c969331c4b5cd,0.6407185628742516,True,0.005988023952095856
8,4,"greater_than_or_equal(add(x[2],x[5]), x[5])",True,"less_than_or_equal(x[2],x[2])",0.35928143712574845,bd082d42dcba8056510101f18394b575,0.35928143712574845,False,0.0
8,4,"less_than_or_equal(mul(sub(x[2],x[5]),x[2]),x[5])",False,,,8a3e8fc69f16ac1faf1e4f889c77d6b4,0.3413173652694611,False,0.0
8,4,"less_than_or_equal(add(add(x[7],x[5]),sub(x[2],x[0])),mul(pdiv(x[2],x[2]),mul(mul(x[3],pdiv(x[0],x[3])),sub(mul(x[3],x[7]),sub(x[7],x[5])))))",True,not_(x[6]),0.6347305389221557,b4068ba57b63c959651c969331c4b5cd,0.6407185628742516,True,0.005988023952095856
8,4,"greater_than_or_equal(add(mul(x[0],x[2]),sub(96.19,add(x[0],x[2]))), x[3])",True,"less_than_or_equal(x[2],x[2])",0.35928143712574845,bd082d42dcba8056510101f18394b575,0.35928143712574845,False,0.0
8,4,"greater_than_or_equal(add(mul(x[0],x[2]),add(x[5],x[0])), sub(x[3],x[3]))",True,"less_than_or_equal(x[2],x[2])",0.35928143712574845,bd082d42dcba8056510101f18394b575,0.35928143712574845,False,0.0
8,4,"greater_than_or_equal(sub(x[2],x[5]), x[0])",True,"less_than_or_equal(x[0],mul(add(x[3],x[2]),sub(x[2],x[5])))",0.652694610778443,7db144d80e7764d52718b602dba1350e,0.652694610778443,False,0.0
8,4,"less_than_or_equal(mul(sub(x[7],x[0]),pdiv(x[7],x[3])),mul(pdiv(x[3],x[0]),add(add(mul(x[0],sub(sub(x[2],x[5]),x[0])),x[2]),add(x[7],x[5]))))",False,,,00d0aa6a3e0afa161ca83c2ff68bc53f,0.3413173652694611,False,0.0
8,4,"not_(less_than_or_equal(pdiv(x[0],x[5]),add(x[5],x[7])))",True,"less_than_or_equal(x[5],x[0])",0.6227544910179641,2aedc6e15176de9ec0c909a1a3b35796,0.5988023952095809,True,-0.0239520958083832
8,4,"less_than_or_equal(mul(mul(x[7],x[7]),add(x[5],x[2])),add(sub(x[7],x[7]),pdiv(x[5],x[5])))",True,"greater_than_or_equal(pdiv(pdiv(x[5],x[5]),add(x[5],x[2])), mul(x[7],pdiv(mul(x[5],x[7]),x[5])))",0.34730538922155685,69d3064ff6f8bcedd35b9570958e1d1f,0.34730538922155685,False,0.0
8,4,"greater_than_or_equal(x[3], 94.79)",True,not_(x[6]),0.6347305389221557,b4068ba57b63c959651c969331c4b5cd,0.6407185628742516,True,0.005988023952095856
8,4,"less_than_or_equal(mul(sub(x[7],08.94),x[5]),x[0])",True,"less_than_or_equal(x[2],x[2])",0.35928143712574845,bd082d42dcba8056510101f18394b575,0.35928143712574845,False,0.0
8,4,"not_(less_than_or_equal(x[0],sub(sub(x[2],x[0]),mul(x[5],x[5]))))",False,,,8b10bab3930a438429c2fdea4fda069e,0.4131736526946108,False,0.0
8,4,"greater_than_or_equal(96.49, sub(x[5],x[5]))",True,"less_than_or_equal(x[2],x[2])",0.35928143712574845,bd082d42dcba8056510101f18394b575,0.35928143712574845,False,0.0
8,4,"less_than_or_equal(sub(add(x[7],x[5]),sub(x[2],x[0])),add(pdiv(x[2],x[2]),mul(x[7],sub(mul(x[3],x[5]),mul(mul(add(x[3],add(pdiv(x[7],x[7]),pdiv(x[3],x[5]))),x[2]),x[3])))))",False,,,24e6d00d2b83d3f8bd7aa30a012bcde0,0.28742514970059885,False,0.0
8,4,"greater_than_or_equal(x[3], x[2])",True,"greater_than_or_equal(x[3], x[2])",0.3652694610778443,0a54951987edb23171217fd387dfe4ac,0.3652694610778443,False,0.0
8,4,"not_(less_than_or_equal(pdiv(x[5],x[5]),add(x[2],x[5])))",True,"not_(less_than_or_equal(pdiv(x[5],x[5]),add(x[5],x[2])))",0.2455089820359282,5825d6d8d32996f2f81bb41cc0bfa92f,0.2455089820359282,False,0.0
8,4,"not_(less_than_or_equal(pdiv(x[3],x[5]),add(pdiv(x[2],30.95),mul(x[0],x[3]))))",True,"not_(less_than_or_equal(pdiv(x[3],x[5]),add(pdiv(x[2],30.95),mul(x[0],x[3]))))",0.34730538922155685,4ac8a53c24397a99907b64c745d162c5,0.34730538922155685,False,0.0
8,4,"greater_than_or_equal(pdiv(mul(x[5],x[5]),x[3]), sub(sub(x[2],x[0]),sub(x[5],x[5])))",False,,,2a6a0bd921784a9a40569f498afce937,0.35928143712574845,False,0.0
8,4,"not_(less_than_or_equal(sub(x[5],x[0]),sub(sub(x[2],x[5]),pdiv(x[3],x[7]))))",False,,,e3377e05a071fdabd557028c38f7f842,0.3532934131736527,False,0.0
8,4,"not_(less_than_or_equal(pdiv(x[5],x[5]),add(x[5],x[5])))",False,,,2218a51fb25443ecfeb7d4f388f41f4b,0.4491017964071856,False,0.0
8,4,"not_(greater_than_or_equal(mul(x[7],add(x[5],x[2])), add(sub(x[2],x[2]),add(x[2],pdiv(x[3],x[7])))))",False,,,07df4664e3a445aae1c03d7335a0a087,0.3293413173652695,False,0.0
8,4,"greater_than_or_equal(sub(pdiv(x[0],x[7]),mul(x[2],x[5])), x[0])",False,,,6d62869ef817348b49b51b37206b9b02,0.46706586826347307,False,0.0
8,4,"greater_than_or_equal(x[2], x[7])",True,"less_than_or_equal(add(x[5],x[7]),add(x[5],x[2]))",0.5269461077844311,544b4f45aa71542bcadfaa9d165fdbeb,0.5269461077844311,False,0.0
8,4,"less_than_or_equal(mul(sub(x[7],x[0]),x[7]),sub(25.92,x[7]))",True,"less_than_or_equal(x[2],x[2])",0.35928143712574845,bd082d42dcba8056510101f18394b575,0.35928143712574845,False,0.0
8,4,"not_(less_than_or_equal(pdiv(x[5],x[3]),sub(x[7],x[5])))",False,,,5b4f18d03d5f800a07746c60798a024e,0.32335329341317365,False,0.0
8,4,"not_(less_than_or_equal(pdiv(x[5],x[5]),add(x[5],29.35)))",True,not_(x[6]),0.6347305389221557,b4068ba57b63c959651c969331c4b5cd,0.6407185628742516,True,0.005988023952095856
8,4,"greater_than_or_equal(pdiv(pdiv(x[0],x[7]),mul(x[0],mul(x[3],x[7]))), x[5])",True,"less_than_or_equal(x[2],x[2])",0.35928143712574845,bd082d42dcba8056510101f18394b575,0.35928143712574845,False,0.0
8,4,"not_(less_than_or_equal(pdiv(x[5],x[5]),add(x[2],x[2])))",False,,,b1dd33075a09479c47bb17a355eef7af,0.25149700598802394,False,0.0
8,4,"less_than_or_equal(mul(mul(x[7],pdiv(x[2],mul(x[7],pdiv(mul(x[5],x[5]),x[2])))),sub(sub(x[2],x[0]),mul(x[5],x[5]))),add(x[2],x[7]))",True,"less_than_or_equal(sub(mul(x[2],x[7]),mul(x[0],x[7])),pdiv(mul(x[7],x[5]),add(x[3],x[0])))",0.33532934131736525,3196da2bdbd782d607c6576ee8113934,0.33532934131736525,False,0.0
8,4,"not_(less_than_or_equal(pdiv(x[5],x[5]),add(x[5],add(add(x[5],x[2]),add(sub(78.44,x[7]),38.63)))))",True,not_(x[6]),0.6347305389221557,b4068ba57b63c959651c969331c4b5cd,0.6407185628742516,True,0.005988023952095856
8,4,"less_than_or_equal(mul(sub(x[7],x[7]),pdiv(x[5],x[7])),x[7])",True,"less_than_or_equal(x[2],x[2])",0.35928143712574845,bd082d42dcba8056510101f18394b575,0.35928143712574845,False,0.0
8,4,"not_(greater_than_or_equal(sub(x[7],mul(x[5],x[2])), add(mul(x[7],x[7]),add(x[5],x[2]))))",True,"less_than_or_equal(sub(sub(x[3],x[5]),pdiv(x[3],pdiv(add(x[2],x[3]),pdiv(x[0],x[7])))),x[2])",0.34730538922155685,b3e532c4ac9b50f7b93d7fdffd216042,0.3532934131736527,True,0.005988023952095856
8,4,"less_than_or_equal(mul(mul(x[7],x[7]),mul(x[7],add(x[5],x[2]))),add(sub(x[7],x[7]),pdiv(x[5],x[3])))",True,"less_than_or_equal(mul(mul(x[7],x[7]),add(x[5],x[2])),add(sub(x[7],x[7]),pdiv(x[5],x[3])))",0.32335329341317365,087e86084c343acc5d9b36e13e5378ba,0.32335329341317365,False,0.0
8,4,"less_than_or_equal(mul(x[5],add(x[5],x[2])),add(sub(48.39,x[3]),mul(x[7],x[3])))",True,"less_than_or_equal(x[2],x[2])",0.35928143712574845,bd082d42dcba8056510101f18394b575,0.35928143712574845,False,0.0
8,4,"less_than_or_equal(mul(mul(x[2],pdiv(x[5],x[5])),x[2]),add(sub(x[7],x[7]),pdiv(74.89,sub(sub(x[0],x[7]),x[3]))))",True,"greater_than_or_equal(sub(mul(x[3],x[7]),pdiv(x[2],x[7])), pdiv(sub(x[7],x[0]),mul(x[0],x[3])))",0.5988023952095809,30939076988a3865e1444daa184d3408,0.6167664670658682,True,0.017964071856287345
8,4,"less_than_or_equal(mul(mul(x[7],x[7]),add(x[5],x[2])),add(sub(x[7],x[7]),pdiv(x[5],x[2])))",True,"less_than_or_equal(mul(mul(x[7],x[7]),add(x[5],x[2])),add(sub(x[7],x[7]),pdiv(x[5],x[2])))",0.31137724550898205,2d6da4ded6fc2db6ec5a3165e01c19e4,0.31137724550898205,False,0.0
8,4,"less_than_or_equal(mul(mul(x[7],x[7]),mul(x[5],x[2])),add(sub(x[7],sub(99.46,x[0])),add(x[7],x[5])))",True,not_(x[6]),0.6347305389221557,b4068ba57b63c959651c969331c4b5cd,0.6407185628742516,True,0.005988023952095856
8,4,"greater_than_or_equal(x[3], x[7])",True,"greater_than_or_equal(x[3], x[7])",0.33532934131736525,176c0c35833bc4ae980b10cd773d9ebc,0.33532934131736525,False,0.0
8,4,"greater_than_or_equal(x[3], x[7])",True,"greater_than_or_equal(x[3], x[7])",0.33532934131736525,176c0c35833bc4ae980b10cd773d9ebc,0.33532934131736525,False,0.0
8,4,"not_(less_than_or_equal(pdiv(x[5],x[5]),add(x[5],x[2])))",True,"not_(less_than_or_equal(pdiv(x[5],x[5]),add(x[5],x[2])))",0.2455089820359282,5825d6d8d32996f2f81bb41cc0bfa92f,0.2455089820359282,False,0.0
8,4,"less_than_or_equal(sub(mul(add(59.93,add(x[5],mul(x[0],x[3]))),pdiv(x[5],x[3])),x[2]),add(pdiv(add(x[7],pdiv(x[2],x[2])),mul(x[2],x[5])),add(mul(x[0],24.40),x[0])))",False,,,97426aba910944b5357e4d434d3beaf2,0.6167664670658682,False,0.0
8,4,"not_(less_than_or_equal(pdiv(x[3],x[5]),add(pdiv(x[7],sub(x[0],x[7])),x[3])))",False,,,04b10ae6de19d70671036a7901b91e37,0.4131736526946108,False,0.0
8,4,"less_than_or_equal(mul(sub(x[2],x[5]),sub(x[2],x[0])),x[5])",True,"less_than_or_equal(mul(sub(x[2],x[5]),x[2]),x[5])",0.3413173652694611,8a3e8fc69f16ac1faf1e4f889c77d6b4,0.34730538922155685,True,0.0059880239520957446
8,4,"not_(less_than_or_equal(pdiv(x[5],x[5]),add(x[3],x[7])))",False,,,f67f6bf2e1ea1a89d765b78348c25a54,0.3053892215568862,False,0.0
8,4,"not_(less_than_or_equal(pdiv(x[5],x[5]),add(x[5],x[7])))",True,"not_(less_than_or_equal(pdiv(x[5],x[5]),add(x[7],x[5])))",0.32335329341317365,e44f6a949f00cb0bf86b1105d7c3453d,0.32335329341317365,False,0.0
8,4,"greater_than_or_equal(x[3], x[5])",True,"less_than_or_equal(x[5],x[3])",0.5089820359281437,1d4d287fbe015bbb313f097e26f5bc37,0.5089820359281437,False,0.0
8,4,"greater_than_or_equal(pdiv(pdiv(x[7],x[5]),add(x[5],x[2])), mul(x[7],pdiv(mul(x[5],x[5]),x[2])))",False,,,9a3ef51d085a5f941dd4d7c1fde98cae,0.4131736526946108,False,0.0
8,4,"not_(less_than_or_equal(mul(x[7],x[5]),pdiv(x[5],sub(add(x[3],x[5]),pdiv(x[5],mul(x[2],add(x[2],x[5])))))))",False,,,93e668c6c8b331c18bb80c37849888ca,0.27544910179640714,False,0.0
8,4,"not_(less_than_or_equal(pdiv(x[5],x[7]),x[0]))",True,"not_(less_than_or_equal(pdiv(x[5],x[0]),x[0]))",0.35928143712574845,5372ceb8b23ce5e1dd3bf5c2fc3a57aa,0.34730538922155685,True,-0.0119760479041916
8,4,"greater_than_or_equal(09.88, x[3])",True,"less_than_or_equal(x[2],x[2])",0.35928143712574845,bd082d42dcba8056510101f18394b575,0.35928143712574845,False,0.0
8,4,"less_than_or_equal(pdiv(x[7],add(sub(x[7],x[7]),pdiv(x[5],x[3]))),x[0])",True,"not_(greater_than_or_equal(mul(x[3],x[7]), mul(x[5],x[0])))",0.562874251497006,4a0562cc951bb440043cebe367101b0c,0.562874251497006,False,0.0
8,4,"greater_than_or_equal(add(sub(sub(x[5],x[5]),mul(x[7],x[7])),12.92), x[7])",True,"less_than_or_equal(x[2],x[2])",0.35928143712574845,bd082d42dcba8056510101f18394b575,0.35928143712574845,False,0.0
8,4,"less_than_or_equal(mul(sub(x[2],x[5]),x[5]),x[2])",True,"less_than_or_equal(x[2],x[2])",0.35928143712574845,bd082d42dcba8056510101f18394b575,0.35928143712574845,False,0.0
8,4,"greater_than_or_equal(add(pdiv(x[3],x[3]),sub(pdiv(x[3],sub(x[5],mul(x[7],x[7]))),add(x[2],x[5]))), mul(x[7],sub(x[5],35.03)))",False,,,d7bf2fe4c123cbc008c04d51a09a140f,0.3652694610778443,False,0.0
8,4,"greater_than_or_equal(x[0], x[5])",True,"less_than_or_equal(x[5],x[0])",0.6227544910179641,2aedc6e15176de9ec0c909a1a3b35796,0.6227544910179641,False,0.0
8,4,"not_(less_than_or_equal(pdiv(x[5],x[5]),mul(pdiv(x[5],x[2]),x[3])))",False,,,8c9f7608bde135e4e1570ec217e729bb,0.5209580838323353,False,0.0
8,4,"greater_than_or_equal(sub(pdiv(x[0],x[7]),mul(x[0],mul(x[3],x[7]))), pdiv(x[0],x[5]))",False,,,19f8cae09e75e1c6d915afa447f91c44,0.2934131736526946,False,0.0
8,4,"less_than_or_equal(sub(mul(x[2],x[7]),x[2]),x[0])",True,"less_than_or_equal(x[2],x[2])",0.35928143712574845,bd082d42dcba8056510101f18394b575,0.35928143712574845,False,0.0
8,4,"not_(less_than_or_equal(pdiv(x[5],x[5]),add(x[5],x[3])))",True,"not_(less_than_or_equal(pdiv(x[5],x[5]),add(x[5],x[3])))",0.49101796407185627,bb45d530dc44268633eeb136f814ec83,0.49101796407185627,False,0.0
8,4,"not_(less_than_or_equal(pdiv(x[5],x[5]),sub(sub(x[0],x[5]),sub(x[5],x[3]))))",True,"not_(less_than_or_equal(pdiv(x[5],x[0]),x[0]))",0.35928143712574845,5372ceb8b23ce5e1dd3bf5c2fc3a57aa,0.3532934131736527,True,-0.0059880239520957446
8,4,"less_than_or_equal(mul(mul(x[0],x[7]),mul(x[5],x[0])),x[7])",True,"less_than_or_equal(x[2],x[2])",0.35928143712574845,bd082d42dcba8056510101f18394b575,0.35928143712574845,False,0.0
8,4,"less_than_or_equal(x[3],add(mul(x[3],x[5]),pdiv(x[3],x[0])))",True,"less_than_or_equal(x[2],x[2])",0.35928143712574845,bd082d42dcba8056510101f18394b575,0.35928143712574845,False,0.0
8,4,"not_(less_than_or_equal(pdiv(x[5],x[0]),sub(add(x[5],sub(x[2],x[2])),x[0])))",True,"less_than_or_equal(x[2],x[2])",0.35928143712574845,bd082d42dcba8056510101f18394b575,0.35928143712574845,False,0.0
8,4,"not_(less_than_or_equal(x[7],add(sub(x[7],x[7]),pdiv(x[5],x[3]))))",True,"greater_than_or_equal(x[7], pdiv(x[5],x[3]))",0.6586826347305389,c4d62ee0d9ef954add009e50887aed2e,0.6586826347305389,False,0.0
8,4,"greater_than_or_equal(x[3], pdiv(x[5],x[5]))",True,"less_than_or_equal(pdiv(mul(pdiv(x[3],x[3]),sub(x[5],x[3])),mul(pdiv(x[0],x[5]),sub(x[3],x[3]))),x[3])",0.6586826347305389,f97921da4bc12e7263893dbe645c4d9b,0.6586826347305389,False,0.0
8,4,"greater_than_or_equal(x[3], x[7])",True,"greater_than_or_equal(x[3], x[7])",0.33532934131736525,176c0c35833bc4ae980b10cd773d9ebc,0.33532934131736525,False,0.0
8,4,"greater_than_or_equal(x[3], mul(x[7],sub(mul(x[3],x[5]),mul(x[3],x[3]))))",True,"less_than_or_equal(x[2],x[2])",0.35928143712574845,bd082d42dcba8056510101f18394b575,0.35928143712574845,False,0.0
8,4,"greater_than_or_equal(x[3], add(add(x[0],sub(x[0],x[5])),add(x[5],x[5])))",False,,,12155afbfefe7d35a956e5c22a38327b,0.5568862275449102,False,0.0
8,4,"less_than_or_equal(x[5],x[3])",True,"less_than_or_equal(x[5],x[3])",0.5089820359281437,1d4d287fbe015bbb313f097e26f5bc37,0.5089820359281437,False,0.0
8,4,"greater_than_or_equal(38.96, mul(x[7],x[2]))",True,"less_than_or_equal(x[2],x[2])",0.35928143712574845,bd082d42dcba8056510101f18394b575,0.35928143712574845,False,0.0
8,4,"not_(less_than_or_equal(pdiv(x[5],x[5]),add(x[2],x[0])))",True,"not_(less_than_or_equal(pdiv(x[5],x[5]),add(x[0],x[2])))",0.34730538922155685,c426607f0a92b79fd094d06b3453a190,0.34730538922155685,False,0.0
8,4,x[4],True,x[4],0.35928143712574845,cdec5a9f51f7a38b45d1257e5d4520eb,0.35928143712574845,False,0.0
8,4,"less_than_or_equal(x[5],x[2])",True,"less_than_or_equal(x[5],x[2])",0.652694610778443,6fb17002302e404122653cf2c68db553,0.652694610778443,False,0.0
8,4,"not_(less_than_or_equal(pdiv(x[5],x[5]),add(x[5],x[2])))",True,"not_(less_than_or_equal(pdiv(x[5],x[5]),add(x[5],x[2])))",0.2455089820359282,5825d6d8d32996f2f81bb41cc0bfa92f,0.2455089820359282,False,0.0
8,4,"greater_than_or_equal(x[2], x[5])",True,"less_than_or_equal(x[5],x[2])",0.652694610778443,6fb17002302e404122653cf2c68db553,0.652694610778443,False,0.0
8,4,"not_(greater_than_or_equal(mul(x[7],add(x[5],x[2])), add(sub(44.39,x[3]),pdiv(x[7],x[3]))))",True,"less_than_or_equal(x[2],x[2])",0.35928143712574845,bd082d42dcba8056510101f18394b575,0.35928143712574845,False,0.0
8,4,"less_than_or_equal(x[3],x[5])",True,"less_than_or_equal(mul(sub(x[7],x[0]),pdiv(x[7],25.93)),pdiv(x[7],sub(mul(x[3],x[5]),mul(x[3],x[3]))))",0.5089820359281437,8ad7ccd0e2bcf51cfea619f1321f2792,0.5089820359281437,False,0.0
8,4,"not_(greater_than_or_equal(mul(x[7],add(84.64,x[7])), add(x[2],x[7])))",True,not_(x[6]),0.6347305389221557,b4068ba57b63c959651c969331c4b5cd,0.6407185628742516,True,0.005988023952095856
8,4,"less_than_or_equal(mul(sub(x[7],x[5]),x[2]),add(sub(x[7],x[7]),pdiv(x[5],x[5])))",True,"less_than_or_equal(x[2],x[2])",0.35928143712574845,bd082d42dcba8056510101f18394b575,0.35928143712574845,False,0.0
8,4,"not_(less_than_or_equal(pdiv(x[5],x[5]),x[5]))",True,"not_(less_than_or_equal(pdiv(x[5],x[5]),x[5]))",0.31137724550898205,774eb80249c37c32f486ae194a31e639,0.31137724550898205,False,0.0
8,4,"not_(less_than_or_equal(pdiv(x[3],x[2]),pdiv(x[2],pdiv(mul(x[5],x[7]),mul(x[5],x[5])))))",False,,,12a490bd8cd21c6c1df12360cb78a646,0.3772455089820359,False,0.0
8,4,"not_(greater_than_or_equal(mul(x[7],x[5]), x[0]))",True,"less_than_or_equal(x[7],pdiv(x[0],x[7]))",0.5029940119760479,37afef815a97697dfbf210f3b9ca92af,0.5209580838323353,True,0.017964071856287456
8,4,"less_than_or_equal(sub(pdiv(x[0],x[5]),42.51),x[7])",True,"less_than_or_equal(x[2],x[2])",0.35928143712574845,bd082d42dcba8056510101f18394b575,0.35928143712574845,False,0.0
8,4,"greater_than_or_equal(pdiv(pdiv(x[3],x[3]),sub(x[3],x[3])), mul(pdiv(add(x[3],add(pdiv(x[7],x[7]),pdiv(x[3],x[5]))),x[2]),x[3]))",False,,,29a96093ff0d9137ad6c9f8e61d7e918,0.5988023952095809,False,0.0
8,4,"less_than_or_equal(mul(mul(x[5],x[0]),pdiv(x[7],x[0])),mul(add(x[3],add(add(x[0],sub(mul(x[3],x[5]),mul(x[3],x[2]))),x[0])),95.52))",True,"less_than_or_equal(x[2],x[2])",0.35928143712574845,bd082d42dcba8056510101f18394b575,0.35928143712574845,False,0.0
8,4,"less_than_or_equal(add(add(x[7],x[5]),sub(x[2],x[0])),sub(pdiv(x[2],x[2]),mul(mul(x[3],pdiv(add(x[5],x[2]),x[0])),mul(x[7],add(pdiv(add(x[2],x[3]),pdiv(x[0],x[7])),x[2])))))",False,,,15cb65d713ef0a093762c42022efc62c,0.4610778443113772,False,0.0
8,4,"not_(less_than_or_equal(pdiv(x[5],x[2]),add(x[3],sub(x[3],x[7]))))",False,,,81e8e5a3edf835ec06571074f00d7c27,0.38323353293413176,False,0.0
8,4,"greater_than_or_equal(x[3], mul(sub(sub(mul(x[3],x[5]),mul(x[3],x[3])),add(pdiv(x[7],x[7]),pdiv(x[3],x[5]))),x[2]))",True,"less_than_or_equal(x[2],x[2])",0.35928143712574845,bd082d42dcba8056510101f18394b575,0.35928143712574845,False,0.0
8,4,"greater_than_or_equal(x[3], x[5])",True,"less_than_or_equal(x[5],x[3])",0.5089820359281437,1d4d287fbe015bbb313f097e26f5bc37,0.5089820359281437,False,0.0
8,4,"not_(less_than_or_equal(pdiv(x[5],x[3]),add(x[5],x[5])))",True,"not_(less_than_or_equal(x[5],mul(x[3],add(x[5],x[5]))))",0.5149700598802396,d62a7cde6410c3f86badd95c5c5bfa06,0.5209580838323353,True,0.0059880239520957446
8,4,"less_than_or_equal(pdiv(x[3],pdiv(x[5],x[3])),x[2])",False,,,01e649b21e12732c7983c103e272e3c1,0.6227544910179641,False,0.0
8,4,"not_(greater_than_or_equal(mul(x[7],add(x[5],x[2])), add(sub(add(add(x[7],pdiv(x[5],x[5])),x[5]),x[2]),x[3])))",True,"less_than_or_equal(x[2],x[2])",0.35928143712574845,bd082d42dcba8056510101f18394b575,0.35928143712574845,False,0.0
8,4,"less_than_or_equal(x[5],sub(50.44,pdiv(x[5],x[3])))",True,"not_(less_than_or_equal(pdiv(x[3],x[5]),add(pdiv(x[2],30.95),mul(x[0],x[3]))))",0.34730538922155685,4ac8a53c24397a99907b64c745d162c5,0.3413173652694611,True,-0.0059880239520957446
8,4,"not_(less_than_or_equal(pdiv(x[5],x[5]),x[3]))",True,"not_(less_than_or_equal(pdiv(x[5],x[5]),x[3]))",0.3413173652694611,05e1f3d74f96ed02168c5462d1f8f406,0.3413173652694611,False,0.0
8,4,"less_than_or_equal(sub(sub(mul(x[3],x[5]),mul(x[3],x[3])),add(pdiv(x[7],x[7]),pdiv(x[3],x[5]))),x[2])",True,"less_than_or_equal(x[2],x[2])",0.35928143712574845,bd082d42dcba8056510101f18394b575,0.35928143712574845,False,0.0
8,4,"greater_than_or_equal(x[3], add(x[3],x[7]))",True,not_(x[6]),0.6347305389221557,b4068ba57b63c959651c969331c4b5cd,0.6407185628742516,True,0.005988023952095856
8,4,"greater_than_or_equal(sub(pdiv(x[0],x[7]),mul(x[0],mul(x[3],x[7]))), pdiv(95.93,x[0]))",True,not_(x[6]),0.6347305389221557,b4068ba57b63c959651c969331c4b5cd,0.6407185628742516,True,0.005988023952095856
8,4,"not_(less_than_or_equal(pdiv(x[5],x[5]),add(x[3],add(add(x[5],x[7]),sub(x[7],x[5])))))",False,,,93cd9d0fddd8012aea2a94611263640d,0.44311377245508987,False,0.0
8,4,"less_than_or_equal(mul(add(x[2],x[5]),sub(x[2],x[0])),add(x[5],mul(sub(sub(x[3],x[5]),pdiv(x[3],x[7])),pdiv(46.94,x[5]))))",True,not_(x[6]),0.6347305389221557,b4068ba57b63c959651c969331c4b5cd,0.6407185628742516,True,0.005988023952095856
8,4,"less_than_or_equal(x[7],x[5])",True,"greater_than_or_equal(x[5], x[7])",0.3892215568862275,ca29d589a2290a0489371628a6b32bf4,0.3892215568862275,False,0.0
8,4,"greater_than_or_equal(sub(pdiv(x[0],x[7]),mul(x[0],mul(x[3],x[7]))), pdiv(x[0],x[2]))",False,,,48a50e1a4ae31226766a3a3497c88252,0.35928143712574845,False,0.0
8,4,"not_(greater_than_or_equal(sub(sub(x[5],x[0]),x[2]), add(pdiv(add(x[5],x[7]),x[3]),mul(add(x[3],x[0]),add(x[7],x[5])))))",True,"less_than_or_equal(x[2],x[2])",0.35928143712574845,bd082d42dcba8056510101f18394b575,0.35928143712574845,False,0.0
8,4,"less_than_or_equal(x[7],sub(x[5],x[5]))",True,not_(x[6]),0.6347305389221557,b4068ba57b63c959651c969331c4b5cd,0.6407185628742516,True,0.005988023952095856
8,4,"not_(greater_than_or_equal(mul(x[7],add(x[5],x[2])), add(sub(x[5],x[3]),x[7])))",False,,,3f94032969f2806d165af9ec8dd4b069,0.39520958083832336,False,0.0
8,4,"not_(less_than_or_equal(pdiv(x[5],x[2]),x[7]))",True,"less_than_or_equal(sub(mul(x[2],x[7]),mul(x[0],x[7])),x[5])",0.34730538922155685,67e5c7a497be3e968ea5c2bd6433af6d,0.33532934131736525,True,-0.0119760479041916
8,4,"not_(less_than_or_equal(pdiv(x[5],x[5]),add(x[3],add(add(pdiv(x[5],x[2]),mul(x[2],x[5])),add(mul(x[0],24.40),x[0])))))",False,,,2466b49424e9badd79d3b6291eac4916,0.6766467065868264,False,0.0
8,4,"greater_than_or_equal(x[3], x[7])",True,"greater_than_or_equal(x[3], x[7])",0.33532934131736525,176c0c35833bc4ae980b10cd773d9ebc,0.33532934131736525,False,0.0
8,4,"less_than_or_equal(mul(mul(x[7],x[7]),add(x[5],x[2])),add(sub(x[7],34.67),add(x[2],x[5])))",True,not_(x[6]),0.6347305389221557,b4068ba57b63c959651c969331c4b5cd,0.6407185628742516,True,0.005988023952095856
8,4,"not_(less_than_or_equal(pdiv(x[5],add(x[5],x[2])),x[5]))",True,"not_(less_than_or_equal(pdiv(x[5],x[5]),add(x[5],x[2])))",0.2455089820359282,5825d6d8d32996f2f81bb41cc0bfa92f,0.25149700598802394,True,0.0059880239520957446
8,4,"not_(less_than_or_equal(pdiv(x[5],x[2]),mul(x[5],add(x[5],x[2]))))",False,,,142cae9b2b777b572b7a8767ad22e3d8,0.31137724550898205,False,0.0
8,4,"not_(less_than_or_equal(pdiv(x[5],x[2]),x[2]))",True,"less_than_or_equal(pdiv(mul(x[2],x[2]),x[5]),pdiv(x[7],x[7]))",0.3293413173652695,22afa71d30776c90154a85fa7bb55d4a,0.33532934131736525,True,0.0059880239520957446
8,4,"not_(less_than_or_equal(pdiv(x[5],x[5]),add(x[5],x[7])))",True,"not_(less_than_or_equal(pdiv(x[5],x[5]),add(x[7],x[5])))",0.32335329341317365,e44f6a949f00cb0bf86b1105d7c3453d,0.32335329341317365,False,0.0
8,4,"greater_than_or_equal(add(pdiv(x[3],x[3]),sub(pdiv(x[3],x[7]),x[7])), add(x[5],x[2]))",False,,,088dd88bd91bf102f83ba17361f91f91,0.28742514970059885,False,0.0
8,4,"greater_than_or_equal(x[3], x[7])",True,"greater_than_or_equal(x[3], x[7])",0.33532934131736525,176c0c35833bc4ae980b10cd773d9ebc,0.33532934131736525,False,0.0
8,4,"greater_than_or_equal(x[5], x[3])",True,"less_than_or_equal(mul(sub(x[7],x[0]),pdiv(x[7],25.93)),pdiv(x[7],sub(mul(x[3],x[5]),mul(x[3],x[3]))))",0.5089820359281437,8ad7ccd0e2bcf51cfea619f1321f2792,0.5089820359281437,False,0.0
8,4,"greater_than_or_equal(x[7], mul(add(x[2],x[5]),pdiv(x[7],x[7])))",False,,,416dcf46c8881ba7fb0ffdc2f0629f37,0.6167664670658682,False,0.0
8,4,"less_than_or_equal(x[7],sub(mul(x[3],x[5]),mul(x[3],x[3])))",False,,,2dd89a1e9924a644885ec3ef9f28193f,0.6227544910179641,False,0.0
8,4,"less_than_or_equal(x[0],x[7])",True,"and_(less_than_or_equal(pdiv(x[0],x[0]),pdiv(x[7],x[7])),greater_than_or_equal(sub(x[2],x[2]), sub(x[0],x[7])))",0.45508982035928147,0c866f95d3c400cff6c51bdae200239a,0.45508982035928147,False,0.0
8,4,"less_than_or_equal(add(sub(x[0],x[2]),pdiv(x[5],x[0])),x[7])",False,,,965e96ff866af407d443a63a9b6fb8ce,0.7125748502994012,False,0.0
8,4,"greater_than_or_equal(x[3], sub(x[3],x[2]))",True,"less_than_or_equal(x[2],x[2])",0.35928143712574845,bd082d42dcba8056510101f18394b575,0.35928143712574845,False,0.0
8,4,"greater_than_or_equal(x[3], pdiv(sub(x[7],x[3]),pdiv(x[3],x[2])))",False,,,47a594b3344307f749e5c04e4dd5f6b0,0.3532934131736527,False,0.0
8,4,"less_than_or_equal(sub(x[7],x[3]),sub(x[2],add(x[2],mul(x[7],pdiv(mul(x[5],x[5]),x[2])))))",False,,,f879df3d40fcb8ce5e58b230d98db527,0.4850299401197605,False,0.0
8,4,"less_than_or_equal(add(x[5],mul(x[7],x[2])),x[7])",False,,,740d2b042bd175edc000b66b6ff1c57c,0.6167664670658682,False,0.0
8,4,"not_(greater_than_or_equal(x[2], x[5]))",True,"not_(not_(less_than_or_equal(x[2],x[5])))",0.34730538922155685,4af53f79d9ad2ffac455113b88a02dd4,0.34730538922155685,False,0.0
8,4,"greater_than_or_equal(sub(pdiv(x[3],x[7]),mul(x[0],mul(x[3],x[7]))), pdiv(x[0],x[3]))",False,,,1620534a1b6ff33d0f5c55889f0f61e6,0.3652694610778443,False,0.0
8,4,"greater_than_or_equal(x[5], 42.69)",True,not_(x[6]),0.6347305389221557,b4068ba57b63c959651c969331c4b5cd,0.6407185628742516,True,0.005988023952095856
8,4,"greater_than_or_equal(x[3], x[7])",True,"greater_than_or_equal(x[3], x[7])",0.33532934131736525,176c0c35833bc4ae980b10cd773d9ebc,0.33532934131736525,False,0.0
8,4,"not_(less_than_or_equal(pdiv(x[5],x[5]),add(x[5],x[2])))",True,"not_(less_than_or_equal(pdiv(x[5],x[5]),add(x[5],x[2])))",0.2455089820359282,5825d6d8d32996f2f81bb41cc0bfa92f,0.2455089820359282,False,0.0
8,4,"not_(less_than_or_equal(pdiv(x[5],x[5]),add(x[0],pdiv(x[0],x[5]))))",False,,,e962abe6eeadbdbf476733412c87d410,0.38323353293413176,False,0.0
8,4,"not_(greater_than_or_equal(mul(x[7],x[5]), pdiv(add(x[2],add(x[3],x[5])),x[7])))",True,"less_than_or_equal(x[2],x[2])",0.35928143712574845,bd082d42dcba8056510101f18394b575,0.35928143712574845,False,0.0
8,4,"not_(less_than_or_equal(pdiv(x[5],x[5]),add(pdiv(x[2],96.92),x[7])))",False,,,db0e6c3409e9b2885c8014a7de8788af,0.39520958083832336,False,0.0
8,4,"greater_than_or_equal(x[3], sub(add(x[5],x[5]),x[2]))",False,,,6bd2b330ee0fd05320c9b4134f1aabba,0.592814371257485,False,0.0
8,4,"greater_than_or_equal(x[5], x[0])",True,"less_than_or_equal(x[0],x[5])",0.37125748502994016,cdcd6f1e6c091ac380f1476046586fe6,0.37125748502994016,False,0.0
8,4,"not_(less_than_or_equal(pdiv(x[5],x[5]),sub(x[5],x[3])))",True,"less_than_or_equal(x[2],x[2])",0.35928143712574845,bd082d42dcba8056510101f18394b575,0.35928143712574845,False,0.0
8,4,"greater_than_or_equal(x[3], x[7])",True,"greater_than_or_equal(x[3], x[7])",0.33532934131736525,176c0c35833bc4ae980b10cd773d9ebc,0.33532934131736525,False,0.0
8,4,"greater_than_or_equal(x[3], x[2])",True,"greater_than_or_equal(x[3], x[2])",0.3652694610778443,0a54951987edb23171217fd387dfe4ac,0.3652694610778443,False,0.0
8,4,"greater_than_or_equal(x[3], pdiv(mul(x[5],add(x[2],x[5])),mul(x[7],mul(pdiv(add(x[2],x[3]),pdiv(x[0],x[7])),x[2]))))",False,,,d9c13f79fe990bcae40647d5518574c9,0.6946107784431137,False,0.0
8,4,"not_(less_than_or_equal(pdiv(x[3],x[5]),add(pdiv(x[2],96.55),mul(x[0],sub(sub(x[2],x[5]),x[0])))))",True,"or_(less_than_or_equal(sub(x[2],x[5]),mul(x[3],x[2])),not_(greater_than_or_equal(x[5], x[3])))",0.38323353293413176,cc44f38a8b2fcefff95bcc01de90856f,0.37125748502994016,True,-0.0119760479041916
8,4,"less_than_or_equal(mul(sub(x[7],x[0]),pdiv(x[7],x[3])),mul(pdiv(x[3],pdiv(pdiv(x[5],mul(x[0],x[3])),pdiv(x[5],x[3]))),x[2]))",False,,,9af144de548e77ec7c48c0bdb0b50e17,0.45508982035928147,False,0.0
8,4,x[4],True,x[4],0.35928143712574845,cdec5a9f51f7a38b45d1257e5d4520eb,0.35928143712574845,False,0.0
8,4,"not_(less_than_or_equal(pdiv(x[5],sub(pdiv(x[5],x[5]),x[0])),mul(x[5],x[5])))",True,"less_than_or_equal(x[2],x[2])",0.35928143712574845,bd082d42dcba8056510101f18394b575,0.3652694610778443,True,0.005988023952095856
8,4,"less_than_or_equal(x[0],x[2])",True,"less_than_or_equal(x[0],x[2])",0.44311377245508987,6600e71d16c18564dbde1ecda8fbf2a3,0.44311377245508987,False,0.0
8,4,"or_(x[6],greater_than_or_equal(add(x[0],mul(mul(pdiv(add(x[2],x[5]),x[3]),x[7]),sub(mul(x[3],x[5]),mul(x[3],x[3])))), add(pdiv(x[7],x[7]),pdiv(x[3],x[5]))))",True,"less_than_or_equal(x[2],x[2])",0.35928143712574845,bd082d42dcba8056510101f18394b575,0.3652694610778443,True,0.005988023952095856
8,4,"greater_than_or_equal(x[3], x[7])",True,"greater_than_or_equal(x[3], x[7])",0.33532934131736525,176c0c35833bc4ae980b10cd773d9ebc,0.33532934131736525,False,0.0
8,4,"greater_than_or_equal(pdiv(x[5],x[3]), x[5])",True,"less_than_or_equal(x[2],x[2])",0.35928143712574845,bd082d42dcba8056510101f18394b575,0.35928143712574845,False,0.0
8,4,"less_than_or_equal(sub(x[7],sub(mul(x[5],x[7]),mul(x[5],x[5]))),x[2])",False,,,27b54d7a9d545389b91ff1c33e73b485,0.6167664670658682,False,0.0
8,4,"less_than_or_equal(sub(mul(x[2],x[7]),mul(x[0],mul(x[0],x[7]))),sub(x[0],x[7]))",True,"less_than_or_equal(x[7],x[0])",0.5449101796407185,be077d9307e8548c7420a3c3b9c6aaf2,0.5389221556886228,True,-0.0059880239520957446
8,4,"greater_than_or_equal(x[3], x[7])",True,"greater_than_or_equal(x[3], x[7])",0.33532934131736525,176c0c35833bc4ae980b10cd773d9ebc,0.33532934131736525,False,0.0
8,4,"not_(greater_than_or_equal(mul(x[7],add(x[5],x[0])), add(sub(x[7],pdiv(add(x[3],add(pdiv(x[7],x[7]),pdiv(x[3],x[5]))),x[0])),x[3])))",False,,,a7490d6f0b248c31f5b9a5d846f2c171,0.6347305389221557,False,0.0
8,4,"less_than_or_equal(mul(sub(x[2],x[5]),sub(x[2],x[0])),mul(x[3],mul(sub(x[7],x[5]),add(sub(x[2],x[5]),x[3]))))",False,,,2e6848d7aaa9f8f8ceb020161785a8c4,0.46706586826347307,False,0.0
8,4,"not_(less_than_or_equal(mul(x[7],x[2]),x[3]))",False,,,4ea5c8d4ebd6b3dc0962f779280b4834,0.7005988023952097,False,0.0
8,4,"less_than_or_equal(mul(mul(x[7],x[7]),add(x[5],x[5])),add(sub(x[2],x[5]),x[7]))",False,,,55f0f2ba2c94a4f7cc055768acc7278d,0.5508982035928144,False,0.0
8,4,"or_(x[6],greater_than_or_equal(add(x[0],add(sub(x[2],mul(x[5],add(x[5],x[2]))),x[0])), add(add(x[2],x[3]),add(x[2],x[5]))))",True,"less_than_or_equal(x[2],x[2])",0.35928143712574845,bd082d42dcba8056510101f18394b575,0.3652694610778443,True,0.005988023952095856
8,4,"greater_than_or_equal(pdiv(x[5],35.52), x[7])",True,not_(x[6]),0.6347305389221557,b4068ba57b63c959651c969331c4b5cd,0.6347305389221557,False,0.0
8,4,"less_than_or_equal(x[2],sub(add(pdiv(x[5],x[2]),x[5]),mul(x[7],add(pdiv(add(x[2],x[3]),pdiv(x[0],x[7])),x[2]))))",False,,,85fa1a19ee4619b5e2d1a1f2d8588706,0.2574850299401198,False,0.0
8,4,"not_(less_than_or_equal(pdiv(x[5],x[5]),add(x[2],x[2])))",True,"not_(less_than_or_equal(pdiv(x[5],x[5]),add(x[2],x[2])))",0.25149700598802394,b1dd33075a09479c47bb17a355eef7af,0.25149700598802394,False,0.0
8,4,"greater_than_or_equal(pdiv(pdiv(x[5],x[5]),sub(x[7],x[7])), pdiv(x[5],x[5]))",True,"less_than_or_equal(x[2],x[2])",0.35928143712574845,bd082d42dcba8056510101f18394b575,0.35928143712574845,False,0.0
8,4,"not_(greater_than_or_equal(mul(x[7],add(x[5],x[2])), add(add(x[5],x[0]),x[2])))",True,"not_(less_than_or_equal(pdiv(x[5],x[5]),add(sub(x[2],pdiv(x[0],add(pdiv(x[2],x[2]),mul(x[5],x[7])))),sub(x[7],x[2]))))",0.38323353293413176,625746f57b66a3cfa53b9c2b6605ad20,0.38323353293413176,False,0.0
8,4,"greater_than_or_equal(x[5], x[2])",True,"not_(not_(less_than_or_equal(x[2],x[5])))",0.34730538922155685,4af53f79d9ad2ffac455113b88a02dd4,0.34730538922155685,False,0.0
8,4,"less_than_or_equal(sub(mul(x[2],x[7]),x[5]),x[2])",True,"less_than_or_equal(x[2],x[2])",0.35928143712574845,bd082d42dcba8056510101f18394b575,0.35928143712574845,False,0.0
8,4,"not_(less_than_or_equal(pdiv(x[5],x[5]),add(x[7],pdiv(x[3],x[3]))))",True,not_(x[6]),0.6347305389221557,b4068ba57b63c959651c969331c4b5cd,0.6407185628742516,True,0.005988023952095856
8,4,"less_than_or_equal(mul(mul(x[7],x[0]),pdiv(x[2],add(pdiv(x[2],mul(mul(mul(x[2],x[5]),add(pdiv(x[3],x[7]),sub(mul(x[3],x[5]),mul(x[3],x[3])))),add(pdiv(x[7],x[7]),pdiv(x[3],x[5])))),x[2]))),x[3])",True,"less_than_or_equal(x[2],x[2])",0.35928143712574845,bd082d42dcba8056510101f18394b575,0.35928143712574845,False,0.0
8,4,"less_than_or_equal(x[0],24.40)",True,"less_than_or_equal(x[2],x[2])",0.35928143712574845,bd082d42dcba8056510101f18394b575,0.35928143712574845,False,0.0
8,4,"greater_than_or_equal(x[3], x[3])",True,"less_than_or_equal(x[2],x[2])",0.35928143712574845,bd082d42dcba8056510101f18394b575,0.35928143712574845,False,0.0
8,4,"greater_than_or_equal(sub(pdiv(x[0],x[7]),mul(x[0],mul(x[7],x[7]))), 25.93)",True,not_(x[6]),0.6347305389221557,b4068ba57b63c959651c969331c4b5cd,0.6407185628742516,True,0.005988023952095856
8,4,"less_than_or_equal(mul(sub(x[7],x[0]),pdiv(x[7],pdiv(x[0],x[3]))),add(add(x[5],x[7]),sub(x[2],x[5])))",False,,,47ebd3d1666f38d5db4252e05569fc42,0.35928143712574845,False,0.0
8,4,"greater_than_or_equal(x[2], x[5])",True,"less_than_or_equal(x[5],x[2])",0.652694610778443,6fb17002302e404122653cf2c68db553,0.652694610778443,False,0.0
8,4,"greater_than_or_equal(x[3], x[7])",True,"greater_than_or_equal(x[3], x[7])",0.33532934131736525,176c0c35833bc4ae980b10cd773d9ebc,0.33532934131736525,False,0.0
8,4,"not_(less_than_or_equal(pdiv(x[5],x[5]),pdiv(x[5],x[2])))",True,"less_than_or_equal(x[5],x[2])",0.652694610778443,6fb17002302e404122653cf2c68db553,0.652694610778443,False,0.0
8,4,"greater_than_or_equal(x[3], mul(x[2],x[2]))",False,,,f9a2f88449cc4dfd0e32181378779277,0.29940119760479045,False,0.0
8,4,"greater_than_or_equal(add(mul(x[3],sub(x[7],x[5])),x[3]), x[7])",False,,,2b13cfc8ca50fcc0962727944564e7ef,0.3532934131736527,False,0.0
8,4,"greater_than_or_equal(x[5], add(pdiv(x[2],30.91),add(add(x[2],x[0]),add(add(x[2],x[3]),add(x[2],x[5])))))",True,not_(x[6]),0.6347305389221557,b4068ba57b63c959651c969331c4b5cd,0.6407185628742516,True,0.005988023952095856
8,4,x[4],True,x[4],0.35928143712574845,cdec5a9f51f7a38b45d1257e5d4520eb,0.35928143712574845,False,0.0
8,4,"less_than_or_equal(sub(mul(x[0],x[7]),sub(x[0],x[7])),x[5])",True,"greater_than_or_equal(x[5], x[7])",0.3892215568862275,ca29d589a2290a0489371628a6b32bf4,0.3772455089820359,True,-0.0119760479041916
8,4,"less_than_or_equal(mul(mul(x[3],x[3]),pdiv(x[7],sub(x[0],x[2]))),add(pdiv(x[5],x[2]),mul(x[5],x[2])))",True,"less_than_or_equal(mul(mul(x[3],x[3]),pdiv(x[7],sub(x[0],x[2]))),add(pdiv(x[5],x[2]),mul(x[2],x[5])))",0.3532934131736527,6c9321ea01ef35aafb0dbb80a6f33dec,0.3532934131736527,False,0.0
8,4,"not_(less_than_or_equal(pdiv(x[2],x[5]),x[3]))",True,"not_(less_than_or_equal(pdiv(x[2],x[3]),x[5]))",0.5449101796407185,183ed94279763a5e72b82b8cd769a21d,0.5449101796407185,False,0.0
8,4,"less_than_or_equal(add(mul(x[7],pdiv(x[5],x[5])),x[2]),add(sub(x[7],x[7]),pdiv(69.44,sub(x[3],x[3]))))",True,"less_than_or_equal(add(mul(x[7],pdiv(x[5],x[5])),x[2]),add(sub(x[7],x[7]),pdiv(69.44,sub(x[3],x[3]))))",0.19161676646706582,14c6e007ad625f3839f568e9ee8a86e1,0.1428571428571429,True,-0.04875962360992292
8,5,"not_(less_than_or_equal(pdiv(x[5],x[5]),add(x[5],x[2])))",True,"not_(less_than_or_equal(pdiv(x[5],x[5]),add(x[5],x[2])))",0.2455089820359282,5825d6d8d32996f2f81bb41cc0bfa92f,0.2455089820359282,False,0.0
8,5,"greater_than_or_equal(x[0], sub(add(x[5],x[7]),x[0]))",False,,,3aeac2641e48260a60895fdd2e1a0da3,0.5868263473053892,False,0.0
8,5,"not_(less_than_or_equal(pdiv(x[5],x[5]),add(x[3],x[7])))",True,"not_(less_than_or_equal(pdiv(x[5],x[5]),add(x[3],x[7])))",0.3053892215568862,f67f6bf2e1ea1a89d765b78348c25a54,0.3053892215568862,False,0.0
8,5,"not_(less_than_or_equal(x[7],sub(x[2],x[0])))",False,,,2271b4d9c63c9a01924ea722c2fb8c3c,0.4131736526946108,False,0.0
8,5,"less_than_or_equal(add(add(sub(pdiv(sub(x[5],x[5]),add(x[3],x[7])),pdiv(x[3],pdiv(x[5],49.03))),add(x[7],pdiv(x[2],x[2]))),mul(x[2],x[5])),add(mul(x[0],24.40),x[0]))",True,"less_than_or_equal(x[2],x[2])",0.35928143712574845,bd082d42dcba8056510101f18394b575,0.37125748502994016,True,0.011976047904191711
8,5,"less_than_or_equal(pdiv(mul(x[2],x[2]),x[2]),add(x[2],x[5]))",True,"less_than_or_equal(pdiv(sub(x[0],x[0]),sub(x[0],x[2])),x[0])",0.38323353293413176,d0734af37aab8e9b6c733bcf8f431f61,0.38323353293413176,False,0.0
8,5,"not_(less_than_or_equal(pdiv(x[5],x[3]),sub(x[7],add(pdiv(x[2],x[5]),sub(x[2],x[0])))))",True,"less_than_or_equal(sub(x[5],sub(x[5],mul(x[0],x[5]))),mul(pdiv(x[2],x[0]),pdiv(x[5],x[3])))",0.3652694610778443,0d2206ebe6d2f2267a12ad05764e55bd,0.3652694610778443,False,0.0
8,5,"greater_than_or_equal(sub(pdiv(x[0],x[7]),mul(x[0],mul(x[3],x[7]))), pdiv(x[0],x[7]))",True,"less_than_or_equal(mul(add(x[0],x[0]),add(x[2],x[5])),sub(add(x[2],x[3]),add(x[3],x[2])))",0.3892215568862275,c9704e311ac7e289734d4b5a1bdc086f,0.3892215568862275,False,0.0
8,5,"not_(less_than_or_equal(add(x[2],x[2]),x[2]))",True,"less_than_or_equal(pdiv(sub(x[0],x[0]),sub(x[0],x[2])),x[0])",0.38323353293413176,d0734af37aab8e9b6c733bcf8f431f61,0.38323353293413176,False,0.0
8,5,"not_(less_than_or_equal(pdiv(x[5],x[5]),pdiv(x[5],x[5])))",True,not_(x[6]),0.6347305389221557,b4068ba57b63c959651c969331c4b5cd,0.6407185628742516,True,0.005988023952095856
8,5,"greater_than_or_equal(x[2], x[2])",True,"less_than_or_equal(x[2],x[2])",0.35928143712574845,bd082d42dcba8056510101f18394b575,0.35928143712574845,False,0.0
8,5,"greater_than_or_equal(09.80, add(pdiv(pdiv(x[5],x[5]),x[5]),add(pdiv(x[2],x[0]),pdiv(add(x[5],add(x[2],x[3])),mul(x[5],x[3])))))",False,,,8c42bf0d49dca56ff8aaa6c2e985622a,0.4251497005988024,False,0.0
8,5,"less_than_or_equal(add(mul(x[7],add(x[5],x[5])),x[2]),add(x[2],mul(x[5],add(x[5],x[2]))))",False,,,3f6a4de2b50811242a432f1695ba8ec1,0.3772455089820359,False,0.0
8,5,"greater_than_or_equal(sub(x[7],mul(add(sub(x[0],x[7]),pdiv(x[5],x[3])),x[0])), add(x[7],x[5]))",True,"less_than_or_equal(sub(pdiv(x[5],x[2]),mul(x[7],x[0])),mul(mul(x[3],x[2]),sub(x[5],x[2])))",0.6467065868263473,64a044af0d7ad5746f97e0885e2b3f57,0.6467065868263473,False,0.0
8,5,"greater_than_or_equal(add(mul(x[0],x[2]),sub(x[5],x[0])), sub(mul(pdiv(x[7],x[3]),x[7]),x[5]))",False,,,0f17c27102a7a9b8ed751c120a436b8e,0.28742514970059885,False,0.0
8,5,"not_(less_than_or_equal(pdiv(x[5],x[5]),x[2]))",True,"not_(greater_than_or_equal(mul(x[7],x[2]), x[7]))",0.34730538922155685,f69cf4961d82af0c72c0014d2a401904,0.34730538922155685,False,0.0
8,5,"less_than_or_equal(x[3],x[7])",True,"greater_than_or_equal(x[7], x[3])",0.6646706586826348,d5925f4b2448dec895a429c6f44b5edc,0.6646706586826348,False,0.0
8,5,"less_than_or_equal(sub(pdiv(x[0],mul(x[5],x[0])),mul(x[3],x[7])),pdiv(x[7],sub(x[7],x[2])))",False,,,252d04167d86391490af5ae007df6ae4,0.4610778443113772,False,0.0
8,5,"not_(less_than_or_equal(pdiv(x[5],add(x[5],mul(pdiv(x[7],x[3]),mul(add(x[3],x[5]),x[5])))),x[5]))",False,,,ceb990a5377eaf07e5e6c1517e375dde,0.39520958083832336,False,0.0
8,5,"greater_than_or_equal(sub(pdiv(x[0],x[7]),mul(x[0],mul(x[3],x[7]))), sub(x[7],pdiv(x[5],pdiv(add(x[2],x[2]),mul(x[5],x[5])))))",False,,,96c242bd3ffcdae783a9f71199d1caeb,0.3892215568862275,False,0.0
8,5,"greater_than_or_equal(x[0], x[0])",True,"less_than_or_equal(x[2],x[2])",0.35928143712574845,bd082d42dcba8056510101f18394b575,0.35928143712574845,False,0.0
8,5,"greater_than_or_equal(x[5], x[3])",True,"less_than_or_equal(mul(sub(x[7],x[0]),pdiv(x[7],25.93)),pdiv(x[7],sub(mul(x[3],x[5]),mul(x[3],x[3]))))",0.5089820359281437,8ad7ccd0e2bcf51cfea619f1321f2792,0.5089820359281437,False,0.0
8,5,"greater_than_or_equal(x[5], sub(x[7],pdiv(x[5],pdiv(add(x[2],x[2]),mul(x[5],x[5])))))",True,"greater_than_or_equal(x[5], sub(x[7],pdiv(x[5],pdiv(add(x[2],x[2]),mul(x[5],x[5])))))",0.3293413173652695,012cf7faf6bf213502e26f225888a91c,0.3293413173652695,False,0.0
8,5,"less_than_or_equal(mul(x[3],mul(x[3],x[7])),pdiv(x[0],x[5]))",False,,,1ea39c3873d9638b4ef7d0b84e2670b2,0.5688622754491017,False,0.0
8,5,"less_than_or_equal(mul(mul(x[7],x[7]),add(x[5],x[2])),add(x[7],x[0]))",False,,,f6de238925efc4f4257c898778c85317,0.33532934131736525,False,0.0
8,5,"not_(greater_than_or_equal(mul(add(x[5],x[5]),x[2]), add(sub(x[2],x[3]),x[7])))",False,,,ecdbd216cd71e53f51e42247758de082,0.6167664670658682,False,0.0
8,5,"greater_than_or_equal(sub(pdiv(x[0],x[7]),mul(x[0],add(x[7],pdiv(x[5],x[5])))), add(x[5],x[2]))",False,,,132037ffdb166eb4e159e9c3da9bfe92,0.5508982035928144,False,0.0
8,5,"less_than_or_equal(add(add(x[7],x[5]),sub(x[2],x[0])),add(pdiv(x[2],x[2]),mul(sub(sub(mul(x[3],x[5]),x[3]),x[7]),x[7])))",False,,,30325cdc6453ec6ed06eadb0df91579d,0.41916167664670656,False,0.0
8,5,"not_(less_than_or_equal(pdiv(x[7],x[3]),x[5]))",True,"less_than_or_equal(x[5],pdiv(x[7],x[3]))",0.5389221556886228,e639a05c0cec8a9ed833becfccaedc3d,0.5389221556886228,False,0.0
8,5,"less_than_or_equal(mul(mul(x[7],x[7]),74.39),x[3])",False,,,314fa84d3b67cea37c3c6f3c06477b83,0.5988023952095809,False,0.0
8,5,"greater_than_or_equal(x[2], sub(add(pdiv(x[0],x[2]),x[5]),mul(x[7],add(pdiv(add(x[2],x[2]),pdiv(x[0],x[7])),x[2]))))",False,,,302cce93f3b170d769880021f07fb198,0.6646706586826348,False,0.0
8,5,"not_(less_than_or_equal(pdiv(x[5],x[5]),add(x[5],79.04)))",True,not_(x[6]),0.6347305389221557,b4068ba57b63c959651c969331c4b5cd,0.6407185628742516,True,0.005988023952095856
8,5,"less_than_or_equal(mul(mul(x[7],x[7]),mul(x[7],add(x[5],x[2]))),x[2])",False,,,988170d539627bbbe81fe0aa351f5361,0.3413173652694611,False,0.0
8,5,"not_(less_than_or_equal(pdiv(x[5],x[5]),sub(sub(pdiv(x[5],pdiv(x[7],x[7])),pdiv(x[3],x[5])),x[5])))",True,"less_than_or_equal(x[2],x[2])",0.35928143712574845,bd082d42dcba8056510101f18394b575,0.35928143712574845,False,0.0
8,5,"greater_than_or_equal(x[3], add(x[7],pdiv(x[3],x[7])))",True,not_(x[6]),0.6347305389221557,b4068ba57b63c959651c969331c4b5cd,0.6407185628742516,True,0.005988023952095856
8,5,"less_than_or_equal(x[5],x[5])",True,"less_than_or_equal(x[2],x[2])",0.35928143712574845,bd082d42dcba8056510101f18394b575,0.35928143712574845,False,0.0
8,5,"less_than_or_equal(sub(mul(x[2],mul(sub(mul(x[2],x[7]),x[0]),add(x[7],x[7]))),mul(add(x[3],x[0]),add(x[7],add(x[7],x[2])))),add(sub(x[7],x[7]),pdiv(x[5],x[3])))",True,"less_than_or_equal(x[2],x[2])",0.35928143712574845,bd082d42dcba8056510101f18394b575,0.35928143712574845,False,0.0
8,5,"greater_than_or_equal(x[2], x[5])",True,"less_than_or_equal(x[5],x[2])",0.652694610778443,6fb17002302e404122653cf2c68db553,0.652694610778443,False,0.0
8,5,"not_(less_than_or_equal(pdiv(x[5],add(x[5],x[5])),x[5]))",True,"not_(less_than_or_equal(pdiv(x[5],x[5]),add(x[5],x[5])))",0.4491017964071856,2218a51fb25443ecfeb7d4f388f41f4b,0.4491017964071856,False,0.0
8,5,"not_(less_than_or_equal(pdiv(x[0],x[7]),sub(x[0],x[3])))",True,"less_than_or_equal(x[2],x[2])",0.35928143712574845,bd082d42dcba8056510101f18394b575,0.3652694610778443,True,0.005988023952095856
8,5,"greater_than_or_equal(x[2], add(pdiv(x[5],x[2]),mul(x[2],x[5])))",True,"not_(less_than_or_equal(x[2],add(pdiv(x[5],x[2]),mul(x[2],x[5]))))",0.6646706586826348,922e6bcd7ff625e04e47500abf7d971d,0.6646706586826348,False,0.0
8,5,"greater_than_or_equal(add(x[3],add(x[3],sub(x[5],add(x[7],x[0])))), x[2])",False,,,3efc152ca5aac8d18a76f224431ca89d,0.3293413173652695,False,0.0
8,5,"greater_than_or_equal(pdiv(pdiv(x[5],x[5]),add(45.47,x[2])), add(sub(x[7],sub(x[5],x[5])),x[3]))",True,not_(x[6]),0.6347305389221557,b4068ba57b63c959651c969331c4b5cd,0.6407185628742516,True,0.005988023952095856
8,5,"less_than_or_equal(x[0],x[3])",True,"not_(greater_than_or_equal(pdiv(x[0],x[3]), pdiv(x[5],x[5])))",0.3772455089820359,f56d58ec85f58eb9e745c543958f7db4,0.37125748502994016,True,-0.0059880239520957446
8,5,"less_than_or_equal(mul(sub(x[2],x[5]),sub(x[2],pdiv(pdiv(pdiv(pdiv(add(x[7],add(x[5],x[2])),add(sub(x[7],sub(x[5],mul(x[5],x[5]))),add(x[5],x[2]))),mul(x[7],x[5])),x[7]),x[3]))),mul(mul(x[3],x[0]),add(x[7],mul(x[7],x[5]))))",False,,,f26803b4fd36996369fd11888c47b76f,0.6706586826347305,False,0.0
8,5,"not_(greater_than_or_equal(x[2], mul(x[2],x[5])))",True,not_(x[6]),0.6347305389221557,b4068ba57b63c959651c969331c4b5cd,0.6407185628742516,True,0.005988023952095856
8,5,"greater_than_or_equal(38.96, mul(x[5],x[3]))",True,"less_than_or_equal(x[2],x[2])",0.35928143712574845,bd082d42dcba8056510101f18394b575,0.35928143712574845,False,0.0
8,5,"less_than_or_equal(add(mul(x[7],pdiv(x[5],x[5])),x[2]),add(sub(x[7],x[7]),pdiv(x[7],sub(x[0],pdiv(x[3],x[0])))))",False,,,96b2e05ae88503ef1388ac8245f56632,0.652694610778443,False,0.0
8,5,"not_(less_than_or_equal(pdiv(x[5],x[5]),add(pdiv(x[5],pdiv(pdiv(x[5],x[2]),x[5])),mul(x[7],add(pdiv(add(x[2],x[3]),pdiv(x[0],x[7])),x[2])))))",False,,,1b6eaed22531c5d0cdf9bcc4e6023047,0.19161676646706582,False,0.0
8,5,"greater_than_or_equal(x[3], pdiv(sub(x[2],x[3]),pdiv(x[0],x[7])))",False,,,f811afef8c3b07b83d2008876ffef038,0.5688622754491017,False,0.0
8,5,"greater_than_or_equal(add(pdiv(x[3],x[3]),sub(pdiv(30.95,x[2]),x[0])), x[3])",True,"less_than_or_equal(x[2],x[2])",0.35928143712574845,bd082d42dcba8056510101f18394b575,0.35928143712574845,False,0.0
8,5,"greater_than_or_equal(x[3], 24.70)",True,not_(x[6]),0.6347305389221557,b4068ba57b63c959651c969331c4b5cd,0.6407185628742516,True,0.005988023952095856
8,5,"greater_than_or_equal(add(add(x[0],add(x[7],pdiv(x[5],x[5]))),x[5]), add(x[5],x[2]))",True,"less_than_or_equal(x[2],x[2])",0.35928143712574845,bd082d42dcba8056510101f18394b575,0.35928143712574845,False,0.0
8,5,"not_(greater_than_or_equal(mul(x[7],add(x[5],x[2])), add(sub(x[7],x[7]),pdiv(x[2],x[7]))))",True,"less_than_or_equal(mul(mul(x[7],x[7]),add(x[5],x[2])),add(sub(x[7],x[7]),x[2]))",0.3413173652694611,f1368c7912fd16f577f2ab49b9ef59bf,0.3413173652694611,False,0.0
8,5,"not_(less_than_or_equal(pdiv(x[5],x[5]),x[2]))",True,"not_(greater_than_or_equal(mul(x[7],x[2]), x[7]))",0.34730538922155685,f69cf4961d82af0c72c0014d2a401904,0.34730538922155685,False,0.0
8,5,"less_than_or_equal(mul(sub(x[7],x[0]),x[2]),mul(x[3],x[5]))",True,"less_than_or_equal(mul(sub(x[7],x[0]),x[2]),mul(x[3],x[5]))",0.3173652694610778,f3d36d204bd099fd4843149d6bb13d6b,0.3173652694610778,False,0.0
8,5,"not_(greater_than_or_equal(pdiv(x[5],x[5]), pdiv(x[3],x[7])))",True,"greater_than_or_equal(x[3], x[7])",0.33532934131736525,176c0c35833bc4ae980b10cd773d9ebc,0.33532934131736525,False,0.0
8,5,"less_than_or_equal(x[5],x[2])",True,"less_than_or_equal(x[5],x[2])",0.652694610778443,6fb17002302e404122653cf2c68db553,0.652694610778443,False,0.0
8,5,"greater_than_or_equal(x[3], mul(x[2],add(x[5],x[2])))",False,,,2ecea0fdc18c62824012ca3193c3c9be,0.32335329341317365,False,0.0
8,5,"not_(less_than_or_equal(sub(x[5],x[0]),sub(sub(x[2],x[5]),pdiv(x[2],pdiv(pdiv(x[5],x[2]),add(x[3],x[7]))))))",True,"less_than_or_equal(sub(sub(x[3],x[5]),pdiv(x[3],pdiv(add(x[2],x[3]),pdiv(x[0],x[7])))),x[2])",0.34730538922155685,b3e532c4ac9b50f7b93d7fdffd216042,0.35928143712574845,True,0.0119760479041916
8,5,"greater_than_or_equal(add(pdiv(x[3],x[3]),sub(x[5],x[7])), add(x[5],x[5]))",True,"not_(less_than_or_equal(pdiv(x[5],x[5]),add(x[7],x[5])))",0.32335329341317365,e44f6a949f00cb0bf86b1105d7c3453d,0.32335329341317365,False,0.0
8,5,"greater_than_or_equal(x[5], sub(add(x[5],x[5]),mul(x[5],add(x[5],x[2]))))",True,"greater_than_or_equal(add(x[2],x[5]), pdiv(x[7],x[7]))",0.7544910179640718,3db16fa16df21b15852938a2c3f9a18b,0.7485029940119761,True,-0.0059880239520957446
8,5,"greater_than_or_equal(add(pdiv(x[3],x[7]),sub(x[5],x[2])), add(pdiv(add(x[2],x[0]),x[0]),x[0]))",True,"greater_than_or_equal(add(pdiv(x[3],x[7]),sub(x[5],x[2])), add(pdiv(add(x[2],x[0]),x[0]),x[0]))",0.3053892215568862,7779ff6a770317b2a3310779f5c2dda0,0.3053892215568862,False,0.0
8,5,"less_than_or_equal(sub(mul(x[2],x[7]),mul(x[0],pdiv(add(x[5],x[5]),add(x[5],x[2])))),x[5])",True,"less_than_or_equal(sub(mul(x[2],x[7]),mul(x[0],x[7])),x[5])",0.34730538922155685,67e5c7a497be3e968ea5c2bd6433af6d,0.33532934131736525,True,-0.0119760479041916
8,5,"less_than_or_equal(add(mul(x[7],pdiv(x[5],x[5])),x[2]),add(sub(x[7],x[0]),pdiv(x[7],sub(mul(x[3],add(add(mul(x[3],sub(x[5],pdiv(x[7],x[7]))),pdiv(x[3],x[5])),x[2])),x[3]))))",False,,,1a445a9a2d65d8283f66455b973f0d27,0.6047904191616766,False,0.0
8,5,"greater_than_or_equal(x[3], 62.44)",True,not_(x[6]),0.6347305389221557,b4068ba57b63c959651c969331c4b5cd,0.6407185628742516,True,0.005988023952095856
8,5,"greater_than_or_equal(x[3], mul(x[7],x[3]))",True,"less_than_or_equal(x[2],x[2])",0.35928143712574845,bd082d42dcba8056510101f18394b575,0.35928143712574845,False,0.0
8,5,"less_than_or_equal(mul(sub(x[7],x[0]),pdiv(x[7],x[3])),mul(add(x[7],pdiv(x[5],x[2])),x[7]))",False,,,3361586aa79cade31f0c95f0f369bda5,0.3173652694610778,False,0.0
8,5,"greater_than_or_equal(x[3], x[0])",True,"not_(greater_than_or_equal(pdiv(x[0],x[3]), pdiv(x[5],x[5])))",0.3772455089820359,f56d58ec85f58eb9e745c543958f7db4,0.37125748502994016,True,-0.0059880239520957446
8,5,"greater_than_or_equal(add(add(x[0],add(x[7],sub(x[5],x[2]))),x[7]), x[3])",False,,,94f66bf6d54a8b13a6eb0d95dcfadcdd,0.437125748502994,False,0.0
8,5,"less_than_or_equal(add(add(x[7],x[2]),sub(x[2],x[3])),add(pdiv(x[2],x[2]),mul(x[7],sub(mul(x[3],x[7]),mul(mul(add(x[3],add(pdiv(x[7],x[5]),mul(x[3],x[7]))),x[5]),x[2])))))",False,,,5a46c6cbd60c9934b78ee205af4349be,0.2574850299401198,False,0.0
8,5,"not_(greater_than_or_equal(x[2], x[5]))",True,"not_(not_(less_than_or_equal(x[2],x[5])))",0.34730538922155685,4af53f79d9ad2ffac455113b88a02dd4,0.34730538922155685,False,0.0
8,5,"less_than_or_equal(mul(mul(x[7],x[7]),mul(x[7],add(x[5],x[2]))),add(sub(x[7],x[7]),pdiv(x[5],x[3])))",True,"less_than_or_equal(mul(mul(x[7],x[7]),add(x[5],x[2])),add(sub(x[7],x[7]),pdiv(x[5],x[3])))",0.32335329341317365,087e86084c343acc5d9b36e13e5378ba,0.32335329341317365,False,0.0
8,5,"less_than_or_equal(mul(sub(pdiv(x[5],x[7]),x[2]),add(x[5],x[2])),add(sub(x[7],x[7]),pdiv(x[5],x[3])))",False,,,2b62dec1df1e5510a11182d6f4a8d1a8,0.6107784431137724,False,0.0
8,5,"greater_than_or_equal(x[3], x[3])",True,"less_than_or_equal(x[2],x[2])",0.35928143712574845,bd082d42dcba8056510101f18394b575,0.35928143712574845,False,0.0
8,5,"greater_than_or_equal(34.38, add(x[2],x[2]))",True,"less_than_or_equal(x[2],x[2])",0.35928143712574845,bd082d42dcba8056510101f18394b575,0.35928143712574845,False,0.0
8,5,"less_than_or_equal(mul(mul(mul(mul(mul(x[3],x[3]),pdiv(x[7],sub(x[0],x[2]))),add(pdiv(49.79,mul(x[2],x[7])),x[5])),x[2]),x[5]),mul(x[7],add(pdiv(add(x[2],x[3]),pdiv(x[0],x[7])),x[2])))",False,,,3ee9054814cf21aea26949c7a07d2f13,0.4491017964071856,False,0.0
8,5,"greater_than_or_equal(mul(x[7],x[3]), x[7])",True,"less_than_or_equal(pdiv(mul(pdiv(x[3],x[3]),sub(x[5],x[3])),mul(pdiv(x[0],x[5]),sub(x[3],x[3]))),x[3])",0.6586826347305389,f97921da4bc12e7263893dbe645c4d9b,0.6586826347305389,False,0.0
8,5,"not_(less_than_or_equal(pdiv(x[5],09.17),x[3]))",False,,,d1e38d624cbc9a247363aa0a26a48778,0.6646706586826348,False,0.0
8,5,"not_(less_than_or_equal(pdiv(x[5],add(x[5],x[2])),x[5]))",True,"not_(less_than_or_equal(pdiv(x[5],x[5]),add(x[5],x[2])))",0.2455089820359282,5825d6d8d32996f2f81bb41cc0bfa92f,0.25149700598802394,True,0.0059880239520957446
8,5,"not_(less_than_or_equal(pdiv(x[5],x[2]),mul(add(x[2],x[5]),x[5])))",True,"not_(less_than_or_equal(pdiv(x[5],x[2]),mul(x[5],add(x[5],x[2]))))",0.31137724550898205,142cae9b2b777b572b7a8767ad22e3d8,0.31137724550898205,False,0.0
8,5,"greater_than_or_equal(x[3], mul(x[0],mul(sub(x[7],x[7]),pdiv(x[5],mul(x[5],x[5])))))",True,"less_than_or_equal(x[2],x[2])",0.35928143712574845,bd082d42dcba8056510101f18394b575,0.35928143712574845,False,0.0
8,5,"not_(less_than_or_equal(x[0],x[0]))",True,not_(x[6]),0.6347305389221557,b4068ba57b63c959651c969331c4b5cd,0.6407185628742516,True,0.005988023952095856
8,5,"greater_than_or_equal(x[3], sub(x[7],x[3]))",False,,,a7b9e31becf00bfd915f97221bdf1f72,0.3652694610778443,False,0.0
8,5,"greater_than_or_equal(pdiv(x[7],add(x[3],add(pdiv(x[7],x[7]),pdiv(x[0],x[5])))), x[2])",False,,,47d4620f7d813fb083594a6197b1d82a,0.5089820359281437,False,0.0
8,5,"greater_than_or_equal(x[3], x[3])",True,"less_than_or_equal(x[2],x[2])",0.35928143712574845,bd082d42dcba8056510101f18394b575,0.35928143712574845,False,0.0
8,5,"greater_than_or_equal(add(pdiv(x[3],x[3]),sub(x[5],x[2])), add(x[5],x[2]))",True,"not_(less_than_or_equal(pdiv(x[5],x[5]),add(x[2],x[2])))",0.25149700598802394,b1dd33075a09479c47bb17a355eef7af,0.25149700598802394,False,0.0
8,5,"greater_than_or_equal(pdiv(pdiv(x[5],x[5]),add(x[5],x[2])), mul(x[7],pdiv(mul(x[5],x[5]),x[2])))",True,"greater_than_or_equal(pdiv(pdiv(x[5],x[5]),add(x[5],x[2])), mul(x[7],pdiv(mul(x[5],x[5]),x[2])))",0.34730538922155685,54258ff35749b046360169b6ea7622ef,0.34730538922155685,False,0.0
8,5,x[4],True,x[4],0.35928143712574845,cdec5a9f51f7a38b45d1257e5d4520eb,0.35928143712574845,False,0.0
8,5,"less_than_or_equal(mul(sub(x[2],x[5]),sub(x[2],x[0])),mul(x[3],x[7]))",False,,,c3689199a07799877b6ab50dec48093d,0.3892215568862275,False,0.0
8,5,"greater_than_or_equal(x[3], x[7])",True,"greater_than_or_equal(x[3], x[7])",0.33532934131736525,176c0c35833bc4ae980b10cd773d9ebc,0.33532934131736525,False,0.0
8,5,"greater_than_or_equal(x[3], x[0])",True,"not_(greater_than_or_equal(pdiv(x[0],x[3]), pdiv(x[5],x[5])))",0.3772455089820359,f56d58ec85f58eb9e745c543958f7db4,0.37125748502994016,True,-0.0059880239520957446
8,5,"greater_than_or_equal(pdiv(pdiv(x[7],x[3]),mul(add(x[3],x[0]),add(x[7],x[5]))), add(x[0],x[3]))",False,,,956cd098b954a3c6256584af464db6fd,0.47904191616766467,False,0.0
8,5,"greater_than_or_equal(pdiv(pdiv(x[5],x[5]),x[2]), add(x[2],x[0]))",True,"greater_than_or_equal(pdiv(pdiv(x[5],x[5]),add(x[5],x[0])), x[2])",0.3413173652694611,5005b0c334820b72e1246e09cfc64254,0.33532934131736525,True,-0.005988023952095856
8,5,"less_than_or_equal(mul(x[5],mul(x[7],add(x[7],x[2]))),add(x[7],sub(mul(x[3],x[5]),mul(x[0],x[3]))))",True,"less_than_or_equal(mul(mul(x[7],x[7]),add(x[5],x[2])),add(sub(mul(add(x[3],pdiv(x[0],x[0])),x[7]),x[3]),x[3]))",0.3413173652694611,e1372657b4e2c1664ec97970a11d294b,0.3413173652694611,False,0.0
8,5,"not_(less_than_or_equal(add(x[5],x[2]),43.80))",True,not_(x[6]),0.6347305389221557,b4068ba57b63c959651c969331c4b5cd,0.6407185628742516,True,0.005988023952095856
8,5,"greater_than_or_equal(sub(x[7],x[2]), x[5])",True,"greater_than_or_equal(x[7], mul(add(x[2],x[5]),pdiv(x[7],x[7])))",0.6167664670658682,416dcf46c8881ba7fb0ffdc2f0629f37,0.6167664670658682,False,0.0
8,5,"not_(less_than_or_equal(pdiv(x[5],x[0]),x[0]))",True,"not_(less_than_or_equal(pdiv(x[5],x[0]),x[0]))",0.35928143712574845,5372ceb8b23ce5e1dd3bf5c2fc3a57aa,0.35928143712574845,False,0.0
8,5,"not_(less_than_or_equal(x[5],pdiv(x[5],add(x[5],pdiv(x[2],sub(add(pdiv(x[2],x[5]),sub(x[2],x[0])),add(x[3],sub(sub(x[5],x[0]),sub(sub(x[2],x[0]),mul(x[5],x[5]))))))))))",False,,,bf4c05605602092b28dfa507117a9044,0.5808383233532934,False,0.0
8,5,"greater_than_or_equal(sub(x[0],x[2]), add(pdiv(x[5],pdiv(x[2],x[2])),x[5]))",True,"greater_than_or_equal(add(mul(x[7],sub(x[0],x[7])),x[7]), add(x[5],x[2]))",0.6586826347305389,681d8fd5d491586fb67fc0cf65def18f,0.6467065868263473,True,-0.0119760479041916
8,5,"greater_than_or_equal(x[3], x[3])",True,"less_than_or_equal(x[2],x[2])",0.35928143712574845,bd082d42dcba8056510101f18394b575,0.35928143712574845,False,0.0
8,5,"greater_than_or_equal(x[5], mul(x[7],mul(add(sub(x[7],x[7]),x[2]),add(sub(x[7],x[7]),pdiv(x[5],x[3])))))",False,,,c999647c3f8349901a4892cae2cb97f9,0.2934131736526946,False,0.0
8,5,"greater_than_or_equal(pdiv(pdiv(x[7],x[0]),x[3]), pdiv(x[5],x[3]))",False,,,cd566360913cc44b28440b8ae384182b,0.3892215568862275,False,0.0
8,5,"not_(less_than_or_equal(pdiv(x[5],x[5]),add(x[3],x[7])))",True,"not_(less_than_or_equal(pdiv(x[5],x[5]),add(x[3],x[7])))",0.3053892215568862,f67f6bf2e1ea1a89d765b78348c25a54,0.3053892215568862,False,0.0
8,5,"greater_than_or_equal(x[0], x[7])",True,"less_than_or_equal(x[7],x[0])",0.5449101796407185,be077d9307e8548c7420a3c3b9c6aaf2,0.5449101796407185,False,0.0
8,5,"not_(less_than_or_equal(pdiv(x[5],x[5]),mul(x[5],pdiv(x[3],x[7]))))",True,"less_than_or_equal(x[5],pdiv(x[7],x[3]))",0.5389221556886228,e639a05c0cec8a9ed833becfccaedc3d,0.5389221556886228,False,0.0
8,5,"less_than_or_equal(pdiv(x[3],x[7]),add(pdiv(add(x[2],x[3]),pdiv(x[0],x[7])),x[2]))",False,,,69d4eb6031dbdba431fcbb34e01aa5cb,0.7245508982035929,False,0.0
8,5,"not_(greater_than_or_equal(mul(x[7],add(x[5],x[2])), add(sub(x[2],x[2]),add(x[2],sub(mul(x[0],x[7]),sub(x[0],x[7]))))))",False,,,eab5e501b0676380f75fe213d7f1a91e,0.40718562874251496,False,0.0
8,5,"greater_than_or_equal(x[5], mul(x[7],add(x[5],x[2])))",False,,,49521aab13419e9d4582e656c37790ef,0.23353293413173648,False,0.0
8,5,"less_than_or_equal(x[0],x[3])",True,"not_(greater_than_or_equal(pdiv(x[0],x[3]), pdiv(x[5],x[5])))",0.3772455089820359,f56d58ec85f58eb9e745c543958f7db4,0.37125748502994016,True,-0.0059880239520957446
8,5,"greater_than_or_equal(x[0], x[0])",True,"less_than_or_equal(x[2],x[2])",0.35928143712574845,bd082d42dcba8056510101f18394b575,0.35928143712574845,False,0.0
8,5,"greater_than_or_equal(x[3], x[0])",True,"not_(greater_than_or_equal(pdiv(x[0],x[3]), pdiv(x[5],x[5])))",0.3772455089820359,f56d58ec85f58eb9e745c543958f7db4,0.37125748502994016,True,-0.0059880239520957446
8,5,"less_than_or_equal(add(mul(x[7],pdiv(x[5],x[5])),x[2]),add(sub(x[7],x[7]),pdiv(69.44,sub(x[7],mul(add(sub(x[7],x[7]),x[2]),add(sub(x[7],x[7]),pdiv(x[5],x[3])))))))",False,,,678ff9bf3826d2a581a20e6acb2240c9,0.46706586826347307,False,0.0
8,5,"greater_than_or_equal(x[3], x[3])",True,"less_than_or_equal(x[2],x[2])",0.35928143712574845,bd082d42dcba8056510101f18394b575,0.35928143712574845,False,0.0
8,5,"greater_than_or_equal(x[7], x[7])",True,"less_than_or_equal(x[2],x[2])",0.35928143712574845,bd082d42dcba8056510101f18394b575,0.35928143712574845,False,0.0
8,5,"less_than_or_equal(add(add(x[7],x[5]),sub(x[2],x[3])),x[2])",False,,,b9ec470daab482bf42854f3b768e4b80,0.5808383233532934,False,0.0
8,5,"not_(greater_than_or_equal(mul(x[7],add(x[5],x[0])), add(sub(x[7],x[7]),pdiv(pdiv(x[5],x[5]),add(x[5],x[2])))))",False,,,7b9649586946e98c2a95b0bf50dda854,0.29940119760479045,False,0.0
8,5,"less_than_or_equal(sub(mul(x[0],x[7]),sub(x[0],x[7])),x[5])",True,"greater_than_or_equal(x[5], x[7])",0.3892215568862275,ca29d589a2290a0489371628a6b32bf4,0.3772455089820359,True,-0.0119760479041916
8,5,"less_than_or_equal(pdiv(mul(x[3],x[3]),pdiv(x[2],x[2])),x[7])",False,,,99bae25a0f3b0a90ba135e4ccb6d76d7,0.5748502994011976,False,0.0
8,5,"less_than_or_equal(mul(mul(x[7],x[5]),pdiv(x[5],mul(x[2],pdiv(x[2],x[5])))),add(mul(x[0],24.40),x[0]))",False,,,f5e8e173fbb311e543e901748b95e50d,0.6107784431137724,False,0.0
8,5,"not_(less_than_or_equal(mul(x[7],x[5]),pdiv(x[5],x[2])))",True,not_(x[6]),0.6347305389221557,b4068ba57b63c959651c969331c4b5cd,0.6407185628742516,True,0.005988023952095856
8,5,"less_than_or_equal(mul(sub(x[7],x[0]),pdiv(x[7],x[3])),mul(pdiv(x[3],x[0]),add(add(mul(x[0],sub(sub(x[2],x[5]),x[0])),x[2]),add(pdiv(sub(x[5],x[7]),x[3]),46.96))))",True,"less_than_or_equal(mul(sub(x[7],x[0]),pdiv(x[7],x[3])),mul(pdiv(x[3],x[0]),add(add(mul(x[0],sub(sub(x[2],x[5]),x[0])),x[2]),add(pdiv(add(x[5],x[7]),x[3]),mul(sub(x[3],x[0]),add(x[7],x[5]))))))",0.34730538922155685,c53d587e815bb7edf4955f1c3a6e811c,0.34730538922155685,False,0.0
8,5,"less_than_or_equal(mul(mul(x[7],x[7]),add(x[5],x[2])),mul(sub(x[0],73.99),sub(add(x[3],x[5]),x[7])))",False,,,721b1938d3052e0a206dd8bb4c7199f3,0.652694610778443,False,0.0
8,5,"greater_than_or_equal(x[0], x[2])",True,"greater_than_or_equal(x[0], x[2])",0.5329341317365269,f30904201255a44726c2f25803948202,0.5329341317365269,False,0.0
8,5,"less_than_or_equal(sub(mul(add(x[0],add(x[5],x[0])),mul(x[3],x[7])),pdiv(x[0],x[5])),pdiv(add(x[2],x[2]),mul(x[5],x[5])))",False,,,d9661d1a0ceb3f475f253f31ce7a0d52,0.3892215568862275,False,0.0
8,5,"not_(less_than_or_equal(pdiv(x[5],x[7]),x[2]))",True,"less_than_or_equal(sub(mul(x[2],x[7]),mul(x[0],x[7])),x[5])",0.34730538922155685,67e5c7a497be3e968ea5c2bd6433af6d,0.33532934131736525,True,-0.0119760479041916
8,5,"greater_than_or_equal(mul(x[2],x[2]), x[0])",False,,,31ab2f6b987613dea901ed988ca89519,0.437125748502994,False,0.0
8,5,"not_(less_than_or_equal(pdiv(x[5],x[5]),x[2]))",True,"not_(greater_than_or_equal(mul(x[7],x[2]), x[7]))",0.34730538922155685,f69cf4961d82af0c72c0014d2a401904,0.34730538922155685,False,0.0
8,5,"greater_than_or_equal(x[3], x[5])",True,"less_than_or_equal(x[5],x[3])",0.5089820359281437,1d4d287fbe015bbb313f097e26f5bc37,0.5089820359281437,False,0.0
8,5,"not_(less_than_or_equal(pdiv(x[5],x[5]),add(x[0],sub(sub(mul(x[3],x[2]),mul(x[3],x[3])),add(pdiv(x[7],x[7]),pdiv(x[3],x[5]))))))",True,"less_than_or_equal(x[2],x[2])",0.35928143712574845,bd082d42dcba8056510101f18394b575,0.35928143712574845,False,0.0
8,5,"greater_than_or_equal(x[3], mul(add(x[7],x[0]),x[2]))",False,,,28ae2a92a61cabd908cf4f25179d8fb3,0.32335329341317365,False,0.0
8,5,"less_than_or_equal(mul(sub(x[7],x[0]),pdiv(x[7],x[3])),mul(pdiv(x[3],x[0]),add(add(mul(x[0],sub(sub(x[2],x[5]),x[0])),x[2]),add(pdiv(add(x[5],x[7]),x[3]),mul(mul(x[3],x[0]),add(x[3],x[7]))))))",True,"less_than_or_equal(mul(sub(x[7],x[0]),pdiv(x[7],x[3])),mul(pdiv(x[3],x[0]),add(add(mul(x[0],sub(sub(x[2],x[5]),x[0])),x[2]),add(pdiv(add(x[5],x[7]),x[3]),mul(sub(x[3],x[0]),add(x[7],x[5]))))))",0.34730538922155685,c53d587e815bb7edf4955f1c3a6e811c,0.34730538922155685,False,0.0
8,5,"greater_than_or_equal(x[3], x[7])",True,"greater_than_or_equal(x[3], x[7])",0.33532934131736525,176c0c35833bc4ae980b10cd773d9ebc,0.33532934131736525,False,0.0
8,5,"greater_than_or_equal(add(mul(x[3],mul(x[7],x[3])),x[7]), x[7])",True,"less_than_or_equal(x[2],x[2])",0.35928143712574845,bd082d42dcba8056510101f18394b575,0.35928143712574845,False,0.0
8,5,"greater_than_or_equal(x[5], x[3])",True,"less_than_or_equal(mul(sub(x[7],x[0]),pdiv(x[7],25.93)),pdiv(x[7],sub(mul(x[3],x[5]),mul(x[3],x[3]))))",0.5089820359281437,8ad7ccd0e2bcf51cfea619f1321f2792,0.5089820359281437,False,0.0
8,5,"not_(greater_than_or_equal(mul(x[7],add(x[2],x[2])), add(pdiv(x[3],x[7]),x[0])))",False,,,14f5540cd84a9e5dd56ba39c5ac50d71,0.31137724550898205,False,0.0
8,5,"greater_than_or_equal(x[7], x[3])",True,"greater_than_or_equal(x[7], x[3])",0.6646706586826348,d5925f4b2448dec895a429c6f44b5edc,0.6646706586826348,False,0.0
8,5,"greater_than_or_equal(add(mul(x[3],mul(x[5],add(x[5],x[2]))),mul(x[7],pdiv(mul(x[5],x[5]),pdiv(x[2],sub(x[2],x[0]))))), mul(x[5],x[5]))",False,,,a761baec06680d9f3e0b2a1c929d7253,0.592814371257485,False,0.0
8,5,"not_(less_than_or_equal(pdiv(x[7],mul(sub(x[5],x[2]),sub(pdiv(add(x[2],x[0]),x[0]),x[0]))),pdiv(x[3],x[7])))",False,,,d39d4f6dbc35cf8734fa5e90b6dd50be,0.5988023952095809,False,0.0
8,5,"less_than_or_equal(sub(mul(x[2],x[7]),mul(x[0],x[7])),x[5])",True,"less_than_or_equal(sub(mul(x[2],x[7]),mul(x[0],x[7])),x[5])",0.34730538922155685,67e5c7a497be3e968ea5c2bd6433af6d,0.34730538922155685,False,0.0
8,5,"less_than_or_equal(mul(sub(30.95,x[2]),x[5]),mul(x[7],add(add(add(x[2],x[3]),pdiv(x[0],x[7])),x[2])))",False,,,322944f1a81ee73855970d3a0b60a0dd,0.6467065868263473,False,0.0
8,5,"greater_than_or_equal(pdiv(pdiv(x[5],x[5]),add(x[5],x[2])), x[0])",True,"not_(greater_than_or_equal(mul(add(x[5],x[5]),x[0]), add(sub(x[7],x[7]),pdiv(x[5],x[0]))))",0.37125748502994016,0a3e2c977030e8d0e2f3cfd881788b9d,0.37125748502994016,False,0.0
8,5,"not_(less_than_or_equal(pdiv(x[5],x[5]),add(x[5],x[5])))",True,"not_(less_than_or_equal(pdiv(x[5],x[5]),add(x[5],x[5])))",0.4491017964071856,2218a51fb25443ecfeb7d4f388f41f4b,0.4491017964071856,False,0.0
8,5,"less_than_or_equal(sub(add(x[7],x[2]),x[7]),add(mul(add(x[2],x[5]),x[5]),x[5]))",True,"greater_than_or_equal(add(mul(x[0],x[2]),sub(x[5],x[0])), sub(sub(x[2],x[0]),mul(x[5],x[5])))",0.34730538922155685,fa36c7eff201c5964686ffd342c69e5e,0.3413173652694611,True,-0.0059880239520957446
8,5,"not_(less_than_or_equal(pdiv(x[3],x[5]),add(pdiv(x[2],30.95),mul(x[0],x[7]))))",False,,,c7c0dd835d3e14b67c28a47fcb18c6c1,0.3293413173652695,False,0.0
8,5,"greater_than_or_equal(x[0], x[3])",True,"or_(greater_than_or_equal(sub(x[0],x[5]), pdiv(x[3],x[5])),less_than_or_equal(sub(x[3],x[0]),sub(x[5],x[5])))",0.6227544910179641,2310ba51ba8c7f4263478bc24872fb4b,0.6227544910179641,False,0.0
8,5,"greater_than_or_equal(add(pdiv(x[3],x[3]),sub(pdiv(x[3],x[7]),39.79)), add(x[2],mul(x[0],x[0])))",True,not_(x[6]),0.6347305389221557,b4068ba57b63c959651c969331c4b5cd,0.6407185628742516,True,0.005988023952095856
8,5,"greater_than_or_equal(x[3], sub(x[5],pdiv(x[3],x[5])))",False,,,f5470d7b4438da2d30edcf27eaade5f4,0.3772455089820359,False,0.0
8,5,"not_(less_than_or_equal(x[5],x[5]))",True,not_(x[6]),0.6347305389221557,b4068ba57b63c959651c969331c4b5cd,0.6407185628742516,True,0.005988023952095856
8,5,"not_(less_than_or_equal(x[5],mul(x[5],x[5])))",True,"not_(less_than_or_equal(pdiv(x[5],x[5]),x[5]))",0.31137724550898205,774eb80249c37c32f486ae194a31e639,0.3173652694610778,True,0.0059880239520957446
8,5,"greater_than_or_equal(x[3], add(sub(x[2],add(pdiv(mul(x[3],x[7]),x[5]),x[0])),sub(sub(x[2],x[0]),mul(x[5],x[5]))))",False,,,f221c5189855f88ad80e666f6a983890,0.3413173652694611,False,0.0
8,5,"greater_than_or_equal(x[3], pdiv(x[7],x[3]))",False,,,58685e8f1d8416ca4b7dbbb9230b8100,0.4251497005988024,False,0.0
8,5,x[4],True,x[4],0.35928143712574845,cdec5a9f51f7a38b45d1257e5d4520eb,0.35928143712574845,False,0.0
8,5,"greater_than_or_equal(x[3], x[7])",True,"greater_than_or_equal(x[3], x[7])",0.33532934131736525,176c0c35833bc4ae980b10cd773d9ebc,0.33532934131736525,False,0.0
8,5,"greater_than_or_equal(pdiv(pdiv(x[5],x[5]),add(x[3],x[7])), pdiv(x[3],pdiv(x[5],x[3])))",False,,,9263f25725e6e91b68366ca328307e0a,0.37125748502994016,False,0.0
8,5,"not_(less_than_or_equal(pdiv(x[0],x[7]),mul(x[0],mul(x[3],add(sub(x[0],x[5]),add(x[0],x[7]))))))",True,"not_(greater_than_or_equal(mul(x[0],x[7]), x[0]))",0.6227544910179641,ea5b05ce8c5185868c088fb80d2672e0,0.6167664670658682,True,-0.005988023952095856
8,5,"greater_than_or_equal(x[3], mul(x[5],x[3]))",True,"less_than_or_equal(x[2],x[2])",0.35928143712574845,bd082d42dcba8056510101f18394b575,0.35928143712574845,False,0.0
8,5,"less_than_or_equal(add(add(x[7],x[5]),sub(x[2],x[0])),add(pdiv(x[3],x[2]),mul(mul(x[3],x[3]),x[7])))",False,,,cf1b5c5467f54be47cdd6ebf4b7e7174,0.32335329341317365,False,0.0
8,5,"not_(less_than_or_equal(x[5],mul(x[7],x[7])))",False,,,6208c2f2bc232c7eeeb665b7dcc66661,0.3532934131736527,False,0.0
8,5,"greater_than_or_equal(x[3], pdiv(add(x[0],x[2]),x[5]))",False,,,0b9733050bb834d8188e12cfc80931d2,0.49101796407185627,False,0.0
8,5,"less_than_or_equal(mul(sub(x[7],x[5]),x[7]),mul(add(sub(x[7],x[7]),pdiv(x[5],x[5])),add(x[5],x[2])))",False,,,f75501d062c6cdbd131b44b427f8d504,0.3413173652694611,False,0.0
8,5,"less_than_or_equal(add(pdiv(x[3],x[3]),sub(x[5],x[7])),sub(x[5],51.90))",True,not_(x[6]),0.6347305389221557,b4068ba57b63c959651c969331c4b5cd,0.6407185628742516,True,0.005988023952095856
8,5,"not_(less_than_or_equal(pdiv(sub(x[7],x[5]),x[2]),x[5]))",False,,,bb819e18e24025dff55d433b4f888cf5,0.6227544910179641,False,0.0
8,5,"less_than_or_equal(mul(pdiv(x[7],x[7]),add(x[7],mul(mul(add(sub(x[7],x[7]),pdiv(x[5],x[2])),x[7]),x[3]))),sub(x[5],x[5]))",True,not_(x[6]),0.6347305389221557,b4068ba57b63c959651c969331c4b5cd,0.6407185628742516,True,0.005988023952095856
8,5,"not_(less_than_or_equal(pdiv(x[5],x[5]),add(mul(x[7],add(x[0],sub(x[0],x[5]))),add(x[5],x[5]))))",False,,,5c1f32b47f6daec34b1f4be94e672b40,0.4131736526946108,False,0.0
8,5,"greater_than_or_equal(x[2], sub(x[7],pdiv(x[3],add(x[5],x[3]))))",False,,,037ffeff9731fcf8d6d82f9cbfc8474b,0.38323353293413176,False,0.0
8,5,"greater_than_or_equal(x[5], x[5])",True,"less_than_or_equal(x[2],x[2])",0.35928143712574845,bd082d42dcba8056510101f18394b575,0.35928143712574845,False,0.0
8,5,"less_than_or_equal(mul(mul(mul(mul(x[7],add(x[3],x[7])),x[0]),x[7]),x[3]),x[3])",True,"less_than_or_equal(x[2],x[2])",0.35928143712574845,bd082d42dcba8056510101f18394b575,0.35928143712574845,False,0.0
8,5,"not_(less_than_or_equal(pdiv(x[5],x[2]),x[2]))",True,"less_than_or_equal(pdiv(mul(x[2],x[2]),x[5]),pdiv(x[7],x[7]))",0.3293413173652695,22afa71d30776c90154a85fa7bb55d4a,0.33532934131736525,True,0.0059880239520957446
8,5,"not_(less_than_or_equal(pdiv(x[5],x[5]),add(x[3],add(x[7],sub(x[5],x[2])))))",False,,,e6d55db5d0dc0d4c67a5567e1b47e903,0.5688622754491017,False,0.0
8,5,"not_(greater_than_or_equal(sub(x[7],mul(x[5],x[2])), add(mul(x[7],x[7]),add(x[0],x[5]))))",False,,,1aadcd42cb82aa3a589241dc6027e279,0.3413173652694611,False,0.0
8,5,"greater_than_or_equal(add(pdiv(x[3],x[3]),sub(x[3],mul(x[5],x[2]))), add(sub(x[7],x[7]),sub(x[0],x[3])))",False,,,fe8764edc6b2890ba84f3173a5465f84,0.3532934131736527,False,0.0
8,5,"less_than_or_equal(mul(mul(x[3],x[3]),pdiv(x[7],sub(x[0],pdiv(x[5],x[5])))),add(x[5],x[0]))",True,"less_than_or_equal(x[2],x[2])",0.35928143712574845,bd082d42dcba8056510101f18394b575,0.35928143712574845,False,0.0
8,5,"greater_than_or_equal(x[5], sub(x[7],pdiv(x[5],pdiv(add(x[2],x[2]),mul(x[5],x[5])))))",True,"greater_than_or_equal(x[5], sub(x[7],pdiv(x[5],pdiv(add(x[2],x[2]),mul(x[5],x[5])))))",0.3293413173652695,012cf7faf6bf213502e26f225888a91c,0.3293413173652695,False,0.0
8,5,"greater_than_or_equal(x[5], x[5])",True,"less_than_or_equal(x[2],x[2])",0.35928143712574845,bd082d42dcba8056510101f18394b575,0.35928143712574845,False,0.0
8,5,"greater_than_or_equal(sub(pdiv(x[0],mul(x[7],x[0])),x[2]), add(pdiv(x[5],pdiv(x[2],45.94)),x[7]))",False,,,7c9297f6a16b0fdd01811c2278eab4ec,0.6347305389221557,False,0.0
8,5,"greater_than_or_equal(x[3], x[0])",True,"not_(greater_than_or_equal(pdiv(x[0],x[3]), pdiv(x[5],x[5])))",0.3772455089820359,f56d58ec85f58eb9e745c543958f7db4,0.37125748502994016,True,-0.0059880239520957446
8,5,"not_(less_than_or_equal(pdiv(x[3],x[5]),add(x[0],add(x[7],pdiv(x[3],x[5])))))",True,not_(x[6]),0.6347305389221557,b4068ba57b63c959651c969331c4b5cd,0.6407185628742516,True,0.005988023952095856
8,5,"less_than_or_equal(sub(mul(x[0],x[2]),x[0]),x[0])",True,"less_than_or_equal(x[2],x[2])",0.35928143712574845,bd082d42dcba8056510101f18394b575,0.35928143712574845,False,0.0
8,5,"less_than_or_equal(sub(x[0],x[7]),x[3])",True,"greater_than_or_equal(x[3], sub(x[0],x[7]))",0.38323353293413176,8b235cfac4cf06b0d666a1fe6beddb6b,0.38323353293413176,False,0.0
8,5,x[4],True,x[4],0.35928143712574845,cdec5a9f51f7a38b45d1257e5d4520eb,0.35928143712574845,False,0.0
8,5,"greater_than_or_equal(add(mul(x[7],add(x[3],x[7])),x[5]), add(sub(x[2],x[5]),x[7]))",False,,,217636715a4b1f05b074cbcf7a26cf6d,0.3413173652694611,False,0.0
8,5,"not_(less_than_or_equal(pdiv(x[5],x[5]),add(x[2],x[3])))",False,,,8e10ebf505ba211742b7164524309595,0.2694610778443114,False,0.0
8,5,"less_than_or_equal(mul(sub(x[7],x[0]),x[2]),mul(x[2],x[0]))",False,,,5e0d87b018e76bee10528d41b7fc504c,0.4850299401197605,False,0.0
8,5,"greater_than_or_equal(x[3], 04.43)",True,not_(x[6]),0.6347305389221557,b4068ba57b63c959651c969331c4b5cd,0.6407185628742516,True,0.005988023952095856
8,5,"greater_than_or_equal(x[5], x[2])",True,"not_(not_(less_than_or_equal(x[2],x[5])))",0.34730538922155685,4af53f79d9ad2ffac455113b88a02dd4,0.34730538922155685,False,0.0
8,5,"greater_than_or_equal(add(mul(x[0],x[2]),sub(pdiv(01.69,x[2]),add(sub(x[0],x[7]),pdiv(x[5],x[3])))), x[0])",False,,,174cd4d4ad40c5805d5581ae86032a25,0.32335329341317365,False,0.0
8,5,"greater_than_or_equal(add(pdiv(x[3],x[7]),sub(x[5],x[2])), sub(x[0],x[5]))",True,"not_(less_than_or_equal(sub(x[5],x[0]),sub(sub(x[2],x[5]),pdiv(x[3],x[7]))))",0.3532934131736527,e3377e05a071fdabd557028c38f7f842,0.3532934131736527,False,0.0
8,5,"greater_than_or_equal(x[3], sub(sub(sub(mul(x[3],x[5]),mul(x[3],x[3])),add(pdiv(x[7],x[7]),pdiv(x[3],x[5]))),x[0]))",True,"less_than_or_equal(x[2],x[2])",0.35928143712574845,bd082d42dcba8056510101f18394b575,0.35928143712574845,False,0.0
8,5,"greater_than_or_equal(46.58, pdiv(x[5],x[5]))",True,"less_than_or_equal(x[2],x[2])",0.35928143712574845,bd082d42dcba8056510101f18394b575,0.35928143712574845,False,0.0
8,5,"greater_than_or_equal(x[3], x[7])",True,"greater_than_or_equal(x[3], x[7])",0.33532934131736525,176c0c35833bc4ae980b10cd773d9ebc,0.33532934131736525,False,0.0
8,5,"greater_than_or_equal(add(pdiv(x[3],x[7]),x[0]), add(x[3],x[3]))",False,,,527c4580fcd206a140cac50207f554e4,0.2934131736526946,False,0.0
8,5,"not_(greater_than_or_equal(mul(59.74,mul(add(add(x[0],x[7]),pdiv(x[5],34.59)),add(pdiv(x[2],x[5]),sub(x[2],x[0])))), add(x[3],sub(sub(x[5],x[0]),sub(sub(x[2],x[0]),mul(x[5],x[5]))))))",False,,,eaa45d3bfd91b6adedd2d2253fcab769,0.5748502994011976,False,0.0
8,5,"greater_than_or_equal(x[7], mul(x[7],sub(mul(x[3],x[3]),mul(add(x[3],x[0]),add(x[7],x[5])))))",True,"less_than_or_equal(x[2],x[2])",0.35928143712574845,bd082d42dcba8056510101f18394b575,0.35928143712574845,False,0.0
8,5,"greater_than_or_equal(x[3], x[7])",True,"greater_than_or_equal(x[3], x[7])",0.33532934131736525,176c0c35833bc4ae980b10cd773d9ebc,0.33532934131736525,False,0.0
8,5,"less_than_or_equal(mul(x[5],add(x[5],x[5])),add(sub(48.93,add(x[5],x[0])),44.25))",True,"less_than_or_equal(x[2],x[2])",0.35928143712574845,bd082d42dcba8056510101f18394b575,0.35928143712574845,False,0.0
8,5,"less_than_or_equal(mul(sub(x[7],x[7]),pdiv(x[2],x[5])),mul(x[5],add(x[5],x[2])))",True,"less_than_or_equal(x[2],x[2])",0.35928143712574845,bd082d42dcba8056510101f18394b575,0.35928143712574845,False,0.0
8,5,"not_(less_than_or_equal(x[7],x[7]))",True,not_(x[6]),0.6347305389221557,b4068ba57b63c959651c969331c4b5cd,0.6407185628742516,True,0.005988023952095856
8,5,"not_(less_than_or_equal(pdiv(x[5],x[5]),add(x[5],x[2])))",True,"not_(less_than_or_equal(pdiv(x[5],x[5]),add(x[5],x[2])))",0.2455089820359282,5825d6d8d32996f2f81bb41cc0bfa92f,0.2455089820359282,False,0.0
8,5,"not_(greater_than_or_equal(sub(x[7],x[2]), pdiv(pdiv(x[5],x[5]),add(x[5],x[3]))))",False,,,5d40207c2adc8b46a24dc26e0b48d562,0.37125748502994016,False,0.0
8,5,"greater_than_or_equal(x[3], mul(x[5],mul(x[2],x[5])))",False,,,00a4693f1ebff735d05805e6ce2aec46,0.32335329341317365,False,0.0
8,5,"not_(less_than_or_equal(pdiv(x[0],sub(sub(mul(x[3],x[5]),mul(x[3],x[3])),add(pdiv(x[7],x[7]),pdiv(x[3],x[5])))),x[2]))",True,not_(x[6]),0.6347305389221557,b4068ba57b63c959651c969331c4b5cd,0.6407185628742516,True,0.005988023952095856
8,5,"less_than_or_equal(mul(sub(82.39,sub(x[3],mul(add(x[3],x[7]),x[5]))),x[5]),x[0])",True,not_(x[6]),0.6347305389221557,b4068ba57b63c959651c969331c4b5cd,0.6347305389221557,False,0.0
8,5,"not_(less_than_or_equal(x[5],x[2]))",True,"not_(not_(less_than_or_equal(x[2],x[5])))",0.34730538922155685,4af53f79d9ad2ffac455113b88a02dd4,0.34730538922155685,False,0.0
8,5,"greater_than_or_equal(19.04, x[5])",True,"less_than_or_equal(x[2],x[2])",0.35928143712574845,bd082d42dcba8056510101f18394b575,0.35928143712574845,False,0.0
8,5,"greater_than_or_equal(x[7], x[5])",True,"greater_than_or_equal(x[7], x[5])",0.6107784431137724,793f9fa4aca1502cfe0a9ed6ab91b83c,0.6107784431137724,False,0.0
8,5,"not_(greater_than_or_equal(mul(x[7],add(x[5],x[2])), add(sub(x[7],x[7]),pdiv(x[5],x[5]))))",True,"not_(greater_than_or_equal(mul(x[7],add(x[5],x[2])), add(sub(x[7],x[7]),pdiv(x[5],x[5]))))",0.2934131736526946,0626717d313f6c0bc6513f2ca4ff096e,0.2934131736526946,False,0.0
8,5,"greater_than_or_equal(mul(x[3],x[7]), pdiv(x[0],x[5]))",False,,,59c6c56046d32d98e11ef5d950edd7d2,0.437125748502994,False,0.0
8,5,"greater_than_or_equal(sub(pdiv(x[0],x[7]),mul(x[0],x[3])), x[7])",True,"less_than_or_equal(x[7],pdiv(x[0],x[7]))",0.5029940119760479,37afef815a97697dfbf210f3b9ca92af,0.4970059880239521,True,-0.0059880239520957446
8,5,"less_than_or_equal(mul(sub(x[7],x[0]),pdiv(x[7],x[3])),mul(pdiv(x[3],x[0]),add(add(01.69,mul(x[5],x[0])),x[2])))",False,,,fd8401fc1ee54e81a4e35bd2574c55c2,0.3532934131736527,False,0.0
8,5,"less_than_or_equal(sub(x[7],x[5]),x[7])",True,"less_than_or_equal(x[2],x[2])",0.35928143712574845,bd082d42dcba8056510101f18394b575,0.35928143712574845,False,0.0
8,5,"greater_than_or_equal(x[3], x[7])",True,"greater_than_or_equal(x[3], x[7])",0.33532934131736525,176c0c35833bc4ae980b10cd773d9ebc,0.33532934131736525,False,0.0
8,5,"greater_than_or_equal(add(pdiv(x[3],x[7]),sub(x[5],sub(x[0],x[5]))), add(x[5],x[5]))",True,"not_(less_than_or_equal(pdiv(x[3],x[5]),add(pdiv(x[2],30.95),mul(x[0],x[7]))))",0.3293413173652695,c7c0dd835d3e14b67c28a47fcb18c6c1,0.3293413173652695,False,0.0
8,5,"less_than_or_equal(x[3],add(mul(x[3],x[5]),pdiv(x[3],x[0])))",True,"less_than_or_equal(x[2],x[2])",0.35928143712574845,bd082d42dcba8056510101f18394b575,0.35928143712574845,False,0.0
8,5,"not_(less_than_or_equal(pdiv(x[5],x[5]),add(x[2],pdiv(pdiv(x[2],x[0]),pdiv(x[3],x[2])))))",False,,,e0ec9e416d08a54f0a88163dd47bb0a9,0.35928143712574845,False,0.0
8,5,"greater_than_or_equal(pdiv(pdiv(x[5],x[5]),add(x[5],x[2])), mul(x[7],pdiv(mul(x[5],x[7]),sub(x[7],add(x[2],add(add(x[0],x[0]),x[7]))))))",True,"less_than_or_equal(x[2],x[2])",0.35928143712574845,bd082d42dcba8056510101f18394b575,0.35928143712574845,False,0.0
8,5,"not_(less_than_or_equal(pdiv(x[5],x[5]),add(99.97,x[5])))",True,not_(x[6]),0.6347305389221557,b4068ba57b63c959651c969331c4b5cd,0.6407185628742516,True,0.005988023952095856
8,5,"not_(less_than_or_equal(pdiv(x[5],x[5]),add(x[2],x[7])))",True,"less_than_or_equal(add(mul(x[7],pdiv(x[5],x[5])),x[2]),add(sub(x[7],x[7]),pdiv(69.44,sub(x[3],x[3]))))",0.19161676646706582,14c6e007ad625f3839f568e9ee8a86e1,0.19161676646706582,False,0.0
8,5,"less_than_or_equal(add(x[7],sub(x[5],x[2])),add(pdiv(add(x[2],x[0]),x[0]),x[0]))",False,,,d179c30a380ea149036aee1c0082d732,0.41916167664670656,False,0.0
8,5,"greater_than_or_equal(x[3], pdiv(x[0],64.92))",True,"not_(less_than_or_equal(pdiv(x[3],x[5]),add(pdiv(x[2],30.95),mul(x[0],x[3]))))",0.34730538922155685,4ac8a53c24397a99907b64c745d162c5,0.3413173652694611,True,-0.0059880239520957446
8,5,"greater_than_or_equal(sub(pdiv(x[0],x[7]),mul(x[0],mul(x[3],x[7]))), pdiv(x[0],x[3]))",True,"greater_than_or_equal(sub(pdiv(x[0],x[7]),mul(x[0],mul(x[3],x[7]))), pdiv(x[0],x[3]))",0.2934131736526946,f534603d395e0c8dc2f676e79232e48d,0.2934131736526946,False,0.0
8,5,"greater_than_or_equal(x[0], x[0])",True,"less_than_or_equal(x[2],x[2])",0.35928143712574845,bd082d42dcba8056510101f18394b575,0.35928143712574845,False,0.0
8,5,"greater_than_or_equal(add(pdiv(x[3],x[7]),sub(x[7],x[2])), add(pdiv(add(x[2],x[0]),x[3]),x[7]))",False,,,c26c1e65ada4dc73bb403a849f1e81ff,0.28742514970059885,False,0.0
8,5,"greater_than_or_equal(add(pdiv(x[3],x[7]),sub(x[5],x[2])), add(pdiv(add(x[2],x[0]),x[0]),x[5]))",False,,,9d03b2a5dc5948757947727c4c37cbbc,0.31137724550898205,False,0.0
8,5,"greater_than_or_equal(add(mul(x[0],x[2]),sub(add(x[2],x[0]),x[3])), x[5])",False,,,ae1cee506714bec575976196faa4e86a,0.6646706586826348,False,0.0
8,5,"not_(less_than_or_equal(pdiv(x[5],x[5]),add(x[2],01.69)))",True,not_(x[6]),0.6347305389221557,b4068ba57b63c959651c969331c4b5cd,0.6407185628742516,True,0.005988023952095856
8,5,"greater_than_or_equal(x[5], mul(pdiv(x[5],x[5]),pdiv(add(x[5],x[2]),mul(x[5],x[5]))))",True,not_(x[6]),0.6347305389221557,b4068ba57b63c959651c969331c4b5cd,0.6407185628742516,True,0.005988023952095856
8,5,"less_than_or_equal(mul(mul(x[7],x[3]),add(47.51,x[7])),x[7])",True,"not_(not_(less_than_or_equal(91.64,pdiv(x[2],pdiv(x[3],x[0])))))",0.6586826347305389,9f39b412647a2bed42ce034a15293284,0.652694610778443,True,-0.005988023952095856
8,5,"not_(greater_than_or_equal(mul(x[7],add(x[5],x[2])), pdiv(sub(x[2],x[2]),add(x[2],pdiv(x[3],x[5])))))",True,not_(x[6]),0.6347305389221557,b4068ba57b63c959651c969331c4b5cd,0.6407185628742516,True,0.005988023952095856
8,5,"not_(greater_than_or_equal(mul(add(x[5],x[5]),x[0]), add(sub(x[7],add(x[2],mul(x[7],pdiv(add(x[5],x[7]),x[5])))),x[2])))",True,not_(x[6]),0.6347305389221557,b4068ba57b63c959651c969331c4b5cd,0.6347305389221557,False,0.0
8,5,"greater_than_or_equal(pdiv(pdiv(x[7],x[5]),add(x[0],x[5])), x[5])",False,,,dfcd0d168718f9c4e1a861a759b86cc4,0.4491017964071856,False,0.0
8,5,"not_(greater_than_or_equal(mul(x[7],add(x[5],x[2])), add(sub(x[7],x[7]),pdiv(x[5],x[5]))))",True,"not_(greater_than_or_equal(mul(x[7],add(x[5],x[2])), add(sub(x[7],x[7]),pdiv(x[5],x[5]))))",0.2934131736526946,0626717d313f6c0bc6513f2ca4ff096e,0.2934131736526946,False,0.0
8,5,"not_(less_than_or_equal(pdiv(x[7],x[5]),x[2]))",True,"not_(less_than_or_equal(pdiv(x[7],x[2]),x[5]))",0.4131736526946108,6c7e6e07b7b12247ceef424eff5148c5,0.4131736526946108,False,0.0
8,5,"greater_than_or_equal(x[3], mul(x[2],x[3]))",True,"not_(greater_than_or_equal(mul(x[7],x[2]), x[7]))",0.34730538922155685,f69cf4961d82af0c72c0014d2a401904,0.34730538922155685,False,0.0
8,5,"not_(less_than_or_equal(pdiv(x[5],x[3]),x[7]))",False,,,e691e9faf9d6cf6a1c64f756c672a16e,0.3413173652694611,False,0.0
8,5,"greater_than_or_equal(add(mul(x[3],sub(x[7],x[5])),x[3]), x[7])",True,"greater_than_or_equal(add(mul(x[3],sub(x[7],x[5])),x[3]), x[7])",0.3532934131736527,2b13cfc8ca50fcc0962727944564e7ef,0.3532934131736527,False,0.0
8,5,"greater_than_or_equal(x[7], x[5])",True,"greater_than_or_equal(x[7], x[5])",0.6107784431137724,793f9fa4aca1502cfe0a9ed6ab91b83c,0.6107784431137724,False,0.0
8,5,"greater_than_or_equal(x[5], add(x[2],x[2]))",False,,,ceb136f9325a6c3dff5e71a06e63c76f,0.39520958083832336,False,0.0
8,5,"not_(less_than_or_equal(pdiv(x[5],sub(x[0],x[5])),x[5]))",True,"less_than_or_equal(x[5],x[0])",0.6227544910179641,2aedc6e15176de9ec0c909a1a3b35796,0.6227544910179641,False,0.0
8,5,"not_(less_than_or_equal(mul(x[7],x[5]),pdiv(x[5],sub(add(x[3],x[5]),pdiv(x[5],mul(x[0],add(x[2],x[5])))))))",False,,,404daca2f5d1d45243b6ae131add9396,0.5269461077844311,False,0.0
8,5,"greater_than_or_equal(35.02, x[0])",True,"less_than_or_equal(x[2],x[2])",0.35928143712574845,bd082d42dcba8056510101f18394b575,0.35928143712574845,False,0.0
8,5,"greater_than_or_equal(add(pdiv(x[0],x[3]),pdiv(x[5],x[5])), add(x[3],x[7]))",False,,,d3b065d31b1c561700a5ebac1920a0be,0.34730538922155685,False,0.0
8,5,"not_(less_than_or_equal(sub(x[5],x[7]),add(x[5],x[2])))",True,not_(x[6]),0.6347305389221557,b4068ba57b63c959651c969331c4b5cd,0.6407185628742516,True,0.005988023952095856
8,5,"less_than_or_equal(add(mul(x[0],x[2]),add(x[5],x[0])),sub(x[7],pdiv(x[2],x[0])))",True,not_(x[6]),0.6347305389221557,b4068ba57b63c959651c969331c4b5cd,0.6407185628742516,True,0.005988023952095856
8,5,"not_(less_than_or_equal(pdiv(x[5],x[5]),x[5]))",True,"not_(less_than_or_equal(pdiv(x[5],x[5]),x[5]))",0.31137724550898205,774eb80249c37c32f486ae194a31e639,0.31137724550898205,False,0.0
8,5,"not_(less_than_or_equal(pdiv(x[5],x[3]),pdiv(add(sub(x[2],x[3]),add(pdiv(x[2],x[2]),mul(x[7],sub(mul(x[3],x[7]),mul(mul(add(x[3],add(pdiv(x[7],x[5]),mul(x[3],x[7]))),x[5]),x[2]))))),x[5])))",False,,,4b5de9cfde08eb4c0b54fd4a2b5924ed,0.5688622754491017,False,0.0
8,5,"less_than_or_equal(add(add(x[5],add(x[5],x[2])),add(x[7],mul(add(x[2],x[5]),x[5]))),x[5])",True,not_(x[6]),0.6347305389221557,b4068ba57b63c959651c969331c4b5cd,0.6407185628742516,True,0.005988023952095856
8,5,"less_than_or_equal(x[0],x[7])",True,"and_(less_than_or_equal(pdiv(x[0],x[0]),pdiv(x[7],x[7])),greater_than_or_equal(sub(x[2],x[2]), sub(x[0],x[7])))",0.45508982035928147,0c866f95d3c400cff6c51bdae200239a,0.45508982035928147,False,0.0
8,5,"greater_than_or_equal(x[3], x[7])",True,"greater_than_or_equal(x[3], x[7])",0.33532934131736525,176c0c35833bc4ae980b10cd773d9ebc,0.33532934131736525,False,0.0
8,5,"less_than_or_equal(add(add(x[7],x[5]),sub(x[2],x[0])),add(pdiv(add(77.79,pdiv(x[3],x[3])),sub(x[3],x[7])),add(mul(x[3],x[5]),pdiv(x[3],x[3]))))",True,"greater_than_or_equal(x[3], x[7])",0.33532934131736525,176c0c35833bc4ae980b10cd773d9ebc,0.33532934131736525,False,0.0
8,5,"not_(less_than_or_equal(pdiv(x[5],pdiv(x[7],94.99)),mul(x[7],add(pdiv(add(x[2],x[3]),pdiv(x[0],x[7])),x[2]))))",True,"less_than_or_equal(x[2],x[2])",0.35928143712574845,bd082d42dcba8056510101f18394b575,0.3652694610778443,True,0.005988023952095856
8,5,"less_than_or_equal(mul(mul(x[3],x[3]),pdiv(x[7],sub(x[0],x[2]))),add(pdiv(x[5],x[2]),mul(x[5],pdiv(x[5],add(x[5],x[2])))))",True,"less_than_or_equal(mul(mul(x[3],x[3]),pdiv(x[7],sub(x[0],x[2]))),add(pdiv(x[5],x[2]),mul(x[2],x[5])))",0.3532934131736527,6c9321ea01ef35aafb0dbb80a6f33dec,0.34730538922155685,True,-0.005988023952095856
8,5,"not_(less_than_or_equal(x[3],add(x[7],x[5])))",True,"less_than_or_equal(add(add(x[7],x[5]),sub(x[2],x[3])),x[2])",0.5808383233532934,b9ec470daab482bf42854f3b768e4b80,0.5808383233532934,False,0.0
8,5,"less_than_or_equal(mul(mul(x[0],x[7]),mul(x[2],x[5])),x[5])",True,"less_than_or_equal(x[2],x[2])",0.35928143712574845,bd082d42dcba8056510101f18394b575,0.35928143712574845,False,0.0
8,5,"or_(x[6],greater_than_or_equal(mul(x[0],x[0]), x[0]))",True,"less_than_or_equal(x[2],x[2])",0.35928143712574845,bd082d42dcba8056510101f18394b575,0.3652694610778443,True,0.005988023952095856
8,5,"greater_than_or_equal(x[3], x[7])",True,"greater_than_or_equal(x[3], x[7])",0.33532934131736525,176c0c35833bc4ae980b10cd773d9ebc,0.33532934131736525,False,0.0
8,5,"less_than_or_equal(add(pdiv(x[7],x[5]),x[2]),sub(x[3],x[7]))",True,"less_than_or_equal(mul(mul(x[7],x[7]),74.39),x[3])",0.5988023952095809,314fa84d3b67cea37c3c6f3c06477b83,0.592814371257485,True,-0.005988023952095856
8,5,"not_(less_than_or_equal(pdiv(x[5],x[5]),x[7]))",True,"not_(less_than_or_equal(pdiv(x[5],x[5]),add(pdiv(x[2],96.92),x[7])))",0.39520958083832336,db0e6c3409e9b2885c8014a7de8788af,0.39520958083832336,False,0.0
8,5,"greater_than_or_equal(pdiv(x[5],x[5]), add(x[5],x[2]))",True,"not_(less_than_or_equal(pdiv(x[5],x[5]),add(x[5],x[2])))",0.2455089820359282,5825d6d8d32996f2f81bb41cc0bfa92f,0.2455089820359282,False,0.0
8,5,"not_(less_than_or_equal(x[3],x[7]))",True,"greater_than_or_equal(x[3], x[7])",0.33532934131736525,176c0c35833bc4ae980b10cd773d9ebc,0.33532934131736525,False,0.0
8,5,"less_than_or_equal(sub(mul(x[0],x[7]),sub(x[0],x[7])),x[5])",True,"greater_than_or_equal(x[5], x[7])",0.3892215568862275,ca29d589a2290a0489371628a6b32bf4,0.3772455089820359,True,-0.0119760479041916
8,5,"greater_than_or_equal(x[7], x[7])",True,"less_than_or_equal(x[2],x[2])",0.35928143712574845,bd082d42dcba8056510101f18394b575,0.35928143712574845,False,0.0
8,5,"not_(less_than_or_equal(x[3],x[7]))",True,"greater_than_or_equal(x[3], x[7])",0.33532934131736525,176c0c35833bc4ae980b10cd773d9ebc,0.33532934131736525,False,0.0
8,5,"greater_than_or_equal(pdiv(x[5],x[5]), add(x[2],x[5]))",True,"not_(less_than_or_equal(pdiv(x[5],x[5]),add(x[5],x[2])))",0.2455089820359282,5825d6d8d32996f2f81bb41cc0bfa92f,0.2455089820359282,False,0.0
8,5,"greater_than_or_equal(add(pdiv(x[3],x[2]),x[7]), x[0])",True,"less_than_or_equal(mul(sub(x[2],x[5]),sub(x[2],x[0])),add(x[3],x[2]))",0.3532934131736527,44787953a2ea9d0c6e8ae77570f45adc,0.3532934131736527,False,0.0
8,5,"less_than_or_equal(sub(mul(add(x[2],x[5]),x[5]),x[5]),x[2])",True,"less_than_or_equal(sub(mul(add(x[2],x[5]),x[5]),x[5]),x[2])",0.34730538922155685,e607945e92f68a81dbf4ef62a3cc8fc9,0.34730538922155685,False,0.0
8,5,"greater_than_or_equal(x[7], x[2])",True,"less_than_or_equal(pdiv(add(x[2],x[5]),sub(x[2],x[7])),mul(mul(x[2],x[3]),mul(x[5],x[7])))",0.4730538922155688,6a9a868ce645e54c16a03959cbdb37f6,0.4730538922155688,False,0.0
8,5,"not_(less_than_or_equal(pdiv(x[3],x[7]),x[0]))",True,"not_(less_than_or_equal(pdiv(x[3],x[5]),add(pdiv(x[2],30.95),mul(x[0],x[7]))))",0.3293413173652695,c7c0dd835d3e14b67c28a47fcb18c6c1,0.33532934131736525,True,0.0059880239520957446
8,5,"greater_than_or_equal(x[2], x[3])",True,"not_(less_than_or_equal(pdiv(x[5],x[5]),add(x[2],sub(pdiv(x[3],x[2]),add(mul(x[2],x[7]),mul(x[2],x[3]))))))",0.6586826347305389,97992d1c6392ce2361e75a580fad0a69,0.6347305389221557,True,-0.0239520958083832
8,5,"less_than_or_equal(mul(mul(x[3],x[3]),pdiv(x[7],x[7])),x[3])",True,"less_than_or_equal(x[2],x[2])",0.35928143712574845,bd082d42dcba8056510101f18394b575,0.35928143712574845,False,0.0
8,5,"not_(less_than_or_equal(pdiv(sub(x[0],x[2]),add(pdiv(x[5],x[2]),mul(x[5],x[2]))),x[7]))",True,not_(x[6]),0.6347305389221557,b4068ba57b63c959651c969331c4b5cd,0.6287425149700598,True,-0.005988023952095856
8,5,"greater_than_or_equal(x[5], add(x[5],x[2]))",True,"greater_than_or_equal(pdiv(mul(x[5],x[2]),pdiv(x[2],x[5])), add(sub(x[7],x[7]),add(x[5],x[0])))",0.6107784431137724,ec48eb4aba9f475884bcf9e8f28adadc,0.6167664670658682,True,0.005988023952095856
8,5,"greater_than_or_equal(x[5], x[2])",True,"not_(not_(less_than_or_equal(x[2],x[5])))",0.34730538922155685,4af53f79d9ad2ffac455113b88a02dd4,0.34730538922155685,False,0.0
8,5,"not_(less_than_or_equal(add(x[5],x[2]),add(pdiv(x[7],x[7]),pdiv(44.06,x[0]))))",True,not_(x[6]),0.6347305389221557,b4068ba57b63c959651c969331c4b5cd,0.6407185628742516,True,0.005988023952095856
8,5,"greater_than_or_equal(x[3], 94.46)",True,not_(x[6]),0.6347305389221557,b4068ba57b63c959651c969331c4b5cd,0.6407185628742516,True,0.005988023952095856
8,5,"not_(less_than_or_equal(pdiv(x[5],x[0]),x[7]))",False,,,ea8626a8e726874d21afe0d0ea8293f6,0.3652694610778443,False,0.0
8,5,"greater_than_or_equal(sub(pdiv(x[0],sub(add(x[5],sub(x[2],x[7])),x[0])),pdiv(x[3],x[2])), add(x[3],pdiv(x[5],x[5])))",False,,,9b4a3e7d5eeca32b9a4126ef5e3210c3,0.6407185628742516,False,0.0
8,5,"greater_than_or_equal(x[0], pdiv(x[0],x[2]))",False,,,5bcd95ef656fc51a9dbf0a9e10589f7e,0.41916167664670656,False,0.0
8,5,"not_(less_than_or_equal(pdiv(x[5],x[5]),add(x[5],x[5])))",True,"not_(less_than_or_equal(pdiv(x[5],x[5]),add(x[5],x[5])))",0.4491017964071856,2218a51fb25443ecfeb7d4f388f41f4b,0.4491017964071856,False,0.0
8,5,"less_than_or_equal(mul(mul(x[5],x[0]),pdiv(x[7],x[0])),mul(mul(x[0],x[2]),x[0]))",False,,,595c818dfa236b6aa7a36735b4cd82e9,0.37125748502994016,False,0.0
8,5,"or_(x[6],greater_than_or_equal(add(x[0],add(sub(x[2],mul(x[5],add(x[5],x[7]))),pdiv(x[5],add(pdiv(x[5],x[7]),x[7])))), x[3]))",True,"less_than_or_equal(x[2],x[2])",0.35928143712574845,bd082d42dcba8056510101f18394b575,0.3652694610778443,True,0.005988023952095856
8,5,"less_than_or_equal(mul(mul(x[7],x[2]),x[0]),add(add(x[2],x[3]),add(x[2],x[5])))",True,"less_than_or_equal(x[2],x[2])",0.35928143712574845,bd082d42dcba8056510101f18394b575,0.35928143712574845,False,0.0
8,5,"greater_than_or_equal(x[3], x[7])",True,"greater_than_or_equal(x[3], x[7])",0.33532934131736525,176c0c35833bc4ae980b10cd773d9ebc,0.33532934131736525,False,0.0
8,5,"greater_than_or_equal(x[3], x[7])",True,"greater_than_or_equal(x[3], x[7])",0.33532934131736525,176c0c35833bc4ae980b10cd773d9ebc,0.33532934131736525,False,0.0
8,5,"not_(less_than_or_equal(pdiv(x[5],x[7]),pdiv(mul(x[5],x[5]),x[2])))",False,,,d55a3f644901196f8f17536561f7bf70,0.4491017964071856,False,0.0
8,5,"greater_than_or_equal(x[3], mul(x[2],x[7]))",True,"greater_than_or_equal(x[5], mul(x[7],mul(add(sub(x[7],x[7]),x[2]),add(sub(x[7],x[7]),pdiv(x[5],x[3])))))",0.2934131736526946,c999647c3f8349901a4892cae2cb97f9,0.29940119760479045,True,0.005988023952095856
8,5,"less_than_or_equal(mul(mul(x[7],x[7]),add(x[5],x[2])),add(sub(x[7],x[7]),pdiv(x[5],x[2])))",True,"less_than_or_equal(mul(mul(x[7],x[7]),add(x[5],x[2])),add(sub(x[7],x[7]),pdiv(x[5],x[2])))",0.31137724550898205,2d6da4ded6fc2db6ec5a3165e01c19e4,0.31137724550898205,False,0.0
8,5,"not_(less_than_or_equal(pdiv(x[5],x[5]),mul(x[5],x[2])))",True,"less_than_or_equal(x[2],x[2])",0.35928143712574845,bd082d42dcba8056510101f18394b575,0.35928143712574845,False,0.0
8,5,"not_(less_than_or_equal(pdiv(x[5],x[5]),mul(mul(mul(x[7],x[7]),add(x[5],x[2])),add(sub(x[7],x[7]),pdiv(x[5],x[5])))))",True,"greater_than_or_equal(pdiv(pdiv(x[5],x[5]),add(x[5],x[2])), mul(x[7],pdiv(mul(x[5],x[7]),x[5])))",0.34730538922155685,69d3064ff6f8bcedd35b9570958e1d1f,0.34730538922155685,False,0.0
8,5,"greater_than_or_equal(x[3], x[0])",True,"not_(greater_than_or_equal(pdiv(x[0],x[3]), pdiv(x[5],x[5])))",0.3772455089820359,f56d58ec85f58eb9e745c543958f7db4,0.37125748502994016,True,-0.0059880239520957446
8,5,"greater_than_or_equal(x[3], pdiv(sub(mul(x[3],x[5]),mul(x[3],add(x[5],pdiv(x[7],x[7])))),pdiv(x[3],x[5])))",True,"less_than_or_equal(x[2],x[2])",0.35928143712574845,bd082d42dcba8056510101f18394b575,0.3652694610778443,True,0.005988023952095856
8,5,"greater_than_or_equal(x[3], 44.29)",True,not_(x[6]),0.6347305389221557,b4068ba57b63c959651c969331c4b5cd,0.6407185628742516,True,0.005988023952095856
8,5,"not_(less_than_or_equal(pdiv(x[2],x[3]),x[7]))",False,,,7743a98474d5159fe58c1743312dfcba,0.45508982035928147,False,0.0
8,5,"not_(greater_than_or_equal(mul(x[7],add(x[5],add(mul(add(sub(x[7],sub(x[0],x[2])),add(pdiv(x[5],pdiv(x[2],x[2])),x[5])),x[0]),x[7]))), mul(x[3],x[0])))",True,"greater_than_or_equal(x[0], mul(x[7],pdiv(add(x[5],x[7]),x[3])))",0.5868263473053892,0dd75895da3b19bf96f67202d22d4b04,0.592814371257485,True,0.005988023952095856
8,5,"greater_than_or_equal(x[3], x[0])",True,"not_(greater_than_or_equal(pdiv(x[0],x[3]), pdiv(x[5],x[5])))",0.3772455089820359,f56d58ec85f58eb9e745c543958f7db4,0.37125748502994016,True,-0.0059880239520957446
8,5,"greater_than_or_equal(x[3], add(pdiv(pdiv(x[5],x[2]),x[2]),x[0]))",False,,,69c5f05fd729d99a72c603dde4838dca,0.6646706586826348,False,0.0
8,5,"not_(less_than_or_equal(x[5],mul(x[5],x[7])))",True,"not_(less_than_or_equal(pdiv(x[5],x[5]),add(pdiv(x[2],96.92),x[7])))",0.39520958083832336,db0e6c3409e9b2885c8014a7de8788af,0.4011976047904192,True,0.005988023952095856
8,5,"greater_than_or_equal(x[3], add(x[5],x[2]))",False,,,3b95d43c6b1291e78b2ed83052bed275,0.5688622754491017,False,0.0
8,5,"not_(less_than_or_equal(mul(add(sub(x[7],x[3]),pdiv(x[5],x[2])),x[7]),x[3]))",False,,,13e0b54d626671dbc0afcf5a675f6147,0.5449101796407185,False,0.0
8,5,"not_(less_than_or_equal(pdiv(x[5],x[5]),add(x[5],89.04)))",True,not_(x[6]),0.6347305389221557,b4068ba57b63c959651c969331c4b5cd,0.6407185628742516,True,0.005988023952095856
8,5,"greater_than_or_equal(mul(x[7],add(x[5],x[2])), add(sub(x[7],x[7]),pdiv(x[5],x[3])))",False,,,ca4be97044ed9289656f7e9dc572b1a9,0.6766467065868264,False,0.0
8,5,"not_(less_than_or_equal(pdiv(x[5],x[5]),add(x[3],x[7])))",True,"not_(less_than_or_equal(pdiv(x[5],x[5]),add(x[3],x[7])))",0.3053892215568862,f67f6bf2e1ea1a89d765b78348c25a54,0.3053892215568862,False,0.0
8,5,"greater_than_or_equal(x[5], x[2])",True,"not_(not_(less_than_or_equal(x[2],x[5])))",0.34730538922155685,4af53f79d9ad2ffac455113b88a02dd4,0.34730538922155685,False,0.0
8,5,"greater_than_or_equal(x[3], x[7])",True,"greater_than_or_equal(x[3], x[7])",0.33532934131736525,176c0c35833bc4ae980b10cd773d9ebc,0.33532934131736525,False,0.0
8,5,"greater_than_or_equal(mul(x[3],x[5]), mul(x[3],x[3]))",True,"less_than_or_equal(mul(sub(x[7],x[0]),pdiv(x[7],25.93)),pdiv(x[7],sub(mul(x[3],x[5]),mul(x[3],x[3]))))",0.5089820359281437,8ad7ccd0e2bcf51cfea619f1321f2792,0.5089820359281437,False,0.0
8,5,"not_(less_than_or_equal(mul(x[7],x[5]),pdiv(x[5],sub(add(x[3],x[5]),pdiv(x[5],sub(x[2],add(x[3],mul(x[7],x[3]))))))))",False,,,485811b3797a8d4938e7800fb66b4365,0.652694610778443,False,0.0
8,5,"less_than_or_equal(mul(mul(x[7],x[7]),74.75),add(x[7],x[7]))",False,,,83475aff34f9e2eb2174b5d809ea1882,0.6227544910179641,False,0.0
8,5,"less_than_or_equal(mul(sub(x[2],pdiv(add(sub(x[2],x[0]),mul(pdiv(add(x[7],x[0]),x[2]),add(pdiv(x[5],pdiv(x[7],x[2])),x[5]))),x[0])),x[7]),mul(x[3],x[0]))",True,"less_than_or_equal(x[2],x[2])",0.35928143712574845,bd082d42dcba8056510101f18394b575,0.3532934131736527,True,-0.0059880239520957446
8,5,"greater_than_or_equal(x[3], x[7])",True,"greater_than_or_equal(x[3], x[7])",0.33532934131736525,176c0c35833bc4ae980b10cd773d9ebc,0.33532934131736525,False,0.0
8,5,"greater_than_or_equal(x[3], x[5])",True,"less_than_or_equal(x[5],x[3])",0.5089820359281437,1d4d287fbe015bbb313f097e26f5bc37,0.5089820359281437,False,0.0
8,5,"greater_than_or_equal(sub(pdiv(x[0],x[7]),add(x[0],sub(x[0],x[5]))), add(x[5],x[5]))",False,,,244dfd39aa91ac108850f51f9afdcc26,0.5449101796407185,False,0.0
8,5,"less_than_or_equal(add(mul(x[7],pdiv(x[5],47.51)),x[7]),x[7])",True,not_(x[6]),0.6347305389221557,b4068ba57b63c959651c969331c4b5cd,0.6347305389221557,False,0.0
8,5,"less_than_or_equal(sub(add(x[7],x[5]),sub(x[2],x[0])),add(pdiv(x[2],x[2]),mul(x[7],sub(mul(x[3],x[5]),mul(mul(45.89,add(x[0],pdiv(x[3],x[5]))),x[2])))))",False,,,9273d4e35ca87f784736dcaf5bdb123e,0.5389221556886228,False,0.0
8,5,"less_than_or_equal(x[2],sub(add(pdiv(x[5],x[2]),x[5]),mul(x[7],add(pdiv(add(x[2],x[3]),pdiv(x[2],x[7])),add(mul(x[3],x[5]),pdiv(x[3],x[3]))))))",False,,,6eb4dad7bce4a931e5ad0571570b9cec,0.2694610778443114,False,0.0
8,5,"not_(less_than_or_equal(pdiv(x[5],x[5]),add(x[5],x[2])))",True,"not_(less_than_or_equal(pdiv(x[5],x[5]),add(x[5],x[2])))",0.2455089820359282,5825d6d8d32996f2f81bb41cc0bfa92f,0.2455089820359282,False,0.0
8,5,"less_than_or_equal(add(mul(x[7],pdiv(x[5],x[5])),x[2]),add(sub(x[7],x[7]),pdiv(69.44,sub(x[3],x[3]))))",True,"less_than_or_equal(add(mul(x[7],pdiv(x[5],x[5])),x[2]),add(sub(x[7],x[7]),pdiv(69.44,sub(x[3],x[3]))))",0.19161676646706582,14c6e007ad625f3839f568e9ee8a86e1,0.1428571428571429,True,-0.04875962360992292
8,6,"less_than_or_equal(add(sub(x[7],x[5]),sub(x[2],x[0])),add(pdiv(add(77.79,pdiv(x[3],x[3])),sub(x[3],x[5])),add(x[2],x[7])))",True,"less_than_or_equal(x[5],x[3])",0.5089820359281437,1d4d287fbe015bbb313f097e26f5bc37,0.5089820359281437,False,0.0
8,6,"greater_than_or_equal(add(pdiv(x[3],x[3]),sub(x[2],x[7])), add(x[5],x[2]))",True,"not_(less_than_or_equal(pdiv(x[5],x[5]),add(x[7],x[5])))",0.32335329341317365,e44f6a949f00cb0bf86b1105d7c3453d,0.32335329341317365,False,0.0
8,6,"less_than_or_equal(x[7],add(x[5],x[5]))",False,,,542362c77455f34e5ae6b91dd7242715,0.32335329341317365,False,0.0
8,6,"not_(less_than_or_equal(pdiv(x[5],x[5]),add(x[2],x[5])))",True,"not_(less_than_or_equal(pdiv(x[5],x[5]),add(x[5],x[2])))",0.2455089820359282,5825d6d8d32996f2f81bb41cc0bfa92f,0.2455089820359282,False,0.0
8,6,"greater_than_or_equal(x[5], x[0])",True,"less_than_or_equal(x[0],x[5])",0.37125748502994016,cdcd6f1e6c091ac380f1476046586fe6,0.37125748502994016,False,0.0
8,6,"not_(less_than_or_equal(pdiv(x[3],x[7]),add(x[7],pdiv(x[3],x[5]))))",False,,,74dce5cb961f14b3bdac896efda7926c,0.3293413173652695,False,0.0
8,6,"not_(less_than_or_equal(pdiv(x[5],x[5]),add(pdiv(x[5],add(pdiv(x[5],x[2]),x[3])),mul(x[7],pdiv(x[5],x[5])))))",False,,,88335f619ebfa30a0dc7ca4b7a1e9c0c,0.26347305389221554,False,0.0
8,6,"greater_than_or_equal(x[5], sub(x[7],pdiv(x[5],pdiv(add(x[2],x[5]),x[5]))))",False,,,084eb10daab79cd16eae9fb896fec938,0.33532934131736525,False,0.0
8,6,"not_(less_than_or_equal(pdiv(x[5],x[5]),add(x[2],x[2])))",True,"not_(less_than_or_equal(pdiv(x[5],x[5]),add(x[2],x[2])))",0.25149700598802394,b1dd33075a09479c47bb17a355eef7af,0.25149700598802394,False,0.0
8,6,"not_(greater_than_or_equal(mul(x[7],add(pdiv(mul(x[2],add(add(x[7],x[7]),pdiv(x[5],x[5]))),pdiv(x[7],x[3])),x[7])), x[5]))",False,,,eed9b8cb4180df4170fca1aba759252d,0.28742514970059885,False,0.0
8,6,"greater_than_or_equal(add(pdiv(x[3],x[7]),x[0]), add(x[3],x[3]))",True,"greater_than_or_equal(add(pdiv(x[3],x[7]),x[0]), add(x[3],x[3]))",0.2934131736526946,527c4580fcd206a140cac50207f554e4,0.2934131736526946,False,0.0
8,6,"not_(greater_than_or_equal(mul(x[7],add(x[2],x[2])), add(pdiv(x[3],x[2]),x[0])))",False,,,cd8fc04b06a0218f215a1c98c58e4e04,0.2934131736526946,False,0.0
8,6,"not_(less_than_or_equal(pdiv(x[7],mul(x[0],mul(x[3],x[7]))),pdiv(x[3],x[2])))",False,,,83ae692eb01c8291b83d518995904963,0.5748502994011976,False,0.0
8,6,"greater_than_or_equal(x[3], x[5])",True,"less_than_or_equal(x[5],x[3])",0.5089820359281437,1d4d287fbe015bbb313f097e26f5bc37,0.5089820359281437,False,0.0
8,6,"not_(less_than_or_equal(pdiv(x[5],x[7]),sub(add(sub(x[2],add(pdiv(add(x[2],x[0]),x[0]),x[5])),add(x[5],x[2])),x[0])))",False,,,bdf018d409436d26701460412c913f48,0.3413173652694611,False,0.0
8,6,"greater_than_or_equal(add(pdiv(x[3],x[2]),x[2]), sub(add(mul(x[3],sub(x[7],x[5])),x[3]),x[7]))",True,"less_than_or_equal(x[2],x[2])",0.35928143712574845,bd082d42dcba8056510101f18394b575,0.35928143712574845,False,0.0
8,6,"greater_than_or_equal(x[5], mul(x[7],add(x[3],x[7])))",False,,,6631d5a50f9f01ea8de86be5bd55c79c,0.31137724550898205,False,0.0
8,6,"greater_than_or_equal(47.51, x[7])",True,"less_than_or_equal(x[2],x[2])",0.35928143712574845,bd082d42dcba8056510101f18394b575,0.35928143712574845,False,0.0
8,6,"less_than_or_equal(add(add(x[7],x[2]),sub(x[2],x[3])),add(pdiv(x[3],x[2]),pdiv(x[5],x[2])))",False,,,0113db1608074622dbb4bcd8850e223f,0.31137724550898205,False,0.0
8,6,"less_than_or_equal(mul(sub(x[5],x[7]),add(x[5],x[2])),add(sub(x[2],x[2]),mul(x[7],sub(mul(x[3],x[7]),mul(mul(add(x[3],add(pdiv(x[7],x[5]),mul(x[3],x[7]))),x[5]),x[2])))))",False,,,21ef30a82b7a43e85abb42a348ce675b,0.5988023952095809,False,0.0
8,6,"not_(less_than_or_equal(pdiv(x[5],x[5]),add(x[2],x[3])))",True,"not_(less_than_or_equal(pdiv(x[5],x[5]),add(x[2],x[3])))",0.2694610778443114,8e10ebf505ba211742b7164524309595,0.2694610778443114,False,0.0
8,6,"not_(less_than_or_equal(pdiv(x[5],x[5]),add(94.41,pdiv(x[3],x[3]))))",True,not_(x[6]),0.6347305389221557,b4068ba57b63c959651c969331c4b5cd,0.6407185628742516,True,0.005988023952095856
8,6,"greater_than_or_equal(x[3], mul(x[5],mul(x[2],93.09)))",False,,,ff2b1e5533ab9b97a6b5e8c4c8c659b5,0.6227544910179641,False,0.0
8,6,"not_(less_than_or_equal(pdiv(x[5],x[5]),sub(x[7],sub(x[3],pdiv(x[5],x[3])))))",False,,,e2348e71bf663f8302bd635a4d32cfd3,0.4730538922155688,False,0.0
8,6,"greater_than_or_equal(add(pdiv(x[0],x[3]),pdiv(x[5],x[5])), add(x[7],sub(pdiv(x[7],sub(mul(add(x[2],x[5]),x[5]),x[5])),x[0])))",False,,,cc8ca0120485edd8d5148c7c00226500,0.28742514970059885,False,0.0
8,6,"not_(less_than_or_equal(pdiv(x[5],x[5]),add(x[0],pdiv(x[0],x[7]))))",False,,,62c779a5b7256e31b48aa59fa8edc9c5,0.4730538922155688,False,0.0
8,6,"greater_than_or_equal(add(pdiv(x[3],x[3]),x[3]), add(x[5],add(x[5],mul(x[3],x[7]))))",True,"not_(less_than_or_equal(pdiv(x[5],x[5]),add(x[5],mul(x[5],add(x[5],x[0])))))",0.3892215568862275,281349e3f9b948ab068d9a95c6fcf8c9,0.3652694610778443,True,-0.0239520958083832
8,6,"less_than_or_equal(x[5],x[7])",True,"greater_than_or_equal(x[7], x[5])",0.6107784431137724,793f9fa4aca1502cfe0a9ed6ab91b83c,0.6107784431137724,False,0.0
8,6,"less_than_or_equal(mul(mul(x[5],x[0]),pdiv(x[7],x[0])),add(x[2],x[5]))",True,"less_than_or_equal(x[2],x[2])",0.35928143712574845,bd082d42dcba8056510101f18394b575,0.35928143712574845,False,0.0
8,6,"greater_than_or_equal(add(pdiv(x[5],x[3]),sub(x[5],x[7])), mul(mul(x[0],x[2]),x[0]))",True,"not_(less_than_or_equal(pdiv(x[5],x[3]),sub(x[7],x[5])))",0.32335329341317365,5b4f18d03d5f800a07746c60798a024e,0.3173652694610778,True,-0.005988023952095856
8,6,"greater_than_or_equal(add(mul(x[7],add(x[5],x[7])),sub(x[5],x[2])), add(pdiv(add(x[2],x[0]),x[2]),x[0]))",False,,,22247fdee4785961093e4f1946c6a88d,0.6407185628742516,False,0.0
8,6,"greater_than_or_equal(add(pdiv(x[3],x[7]),x[5]), add(sub(x[2],x[5]),x[7]))",False,,,366a32eacdddaee3d622fe175513676d,0.35928143712574845,False,0.0
8,6,"less_than_or_equal(mul(sub(x[7],x[0]),pdiv(x[7],x[3])),mul(add(x[7],pdiv(x[5],x[2])),x[7]))",True,"less_than_or_equal(mul(sub(x[7],x[0]),pdiv(x[7],x[3])),mul(add(x[7],pdiv(x[5],x[2])),x[7]))",0.3173652694610778,3361586aa79cade31f0c95f0f369bda5,0.3173652694610778,False,0.0
8,6,"greater_than_or_equal(x[3], sub(x[5],mul(sub(x[5],x[5]),pdiv(add(x[2],x[2]),mul(x[5],x[5])))))",True,"less_than_or_equal(x[5],x[3])",0.5089820359281437,1d4d287fbe015bbb313f097e26f5bc37,0.5089820359281437,False,0.0
8,6,"not_(less_than_or_equal(pdiv(x[3],sub(x[7],x[7])),add(x[5],x[2])))",True,"not_(less_than_or_equal(pdiv(x[5],x[5]),add(x[5],x[2])))",0.2455089820359282,5825d6d8d32996f2f81bb41cc0bfa92f,0.2455089820359282,False,0.0
8,6,"less_than_or_equal(mul(x[7],x[0]),x[5])",True,"not_(less_than_or_equal(pdiv(x[5],x[0]),x[0]))",0.35928143712574845,5372ceb8b23ce5e1dd3bf5c2fc3a57aa,0.3413173652694611,True,-0.017964071856287345
8,6,"not_(less_than_or_equal(pdiv(mul(add(sub(x[7],add(x[5],x[5])),x[2]),x[7]),x[3]),sub(x[3],x[5])))",False,,,6981514fa020811da551a90f66afd1ce,0.6467065868263473,False,0.0
8,6,"greater_than_or_equal(x[3], mul(x[2],add(x[5],x[5])))",False,,,107c654fae90f8895fe469f1d4140743,0.3293413173652695,False,0.0
8,6,"less_than_or_equal(x[7],x[3])",True,"greater_than_or_equal(x[3], x[7])",0.33532934131736525,176c0c35833bc4ae980b10cd773d9ebc,0.33532934131736525,False,0.0
8,6,"not_(greater_than_or_equal(mul(x[7],add(x[5],x[2])), add(sub(44.39,32.24),x[7])))",True,"less_than_or_equal(x[2],x[2])",0.35928143712574845,bd082d42dcba8056510101f18394b575,0.35928143712574845,False,0.0
8,6,"greater_than_or_equal(add(mul(x[3],sub(x[7],x[7])),x[0]), x[5])",True,"less_than_or_equal(x[5],x[0])",0.6227544910179641,2aedc6e15176de9ec0c909a1a3b35796,0.6227544910179641,False,0.0
8,6,"not_(greater_than_or_equal(mul(x[7],add(x[2],x[2])), add(pdiv(x[3],x[5]),x[3])))",False,,,4dec7e2f3dc45f80f19a6f5f20a931be,0.3053892215568862,False,0.0
8,6,"greater_than_or_equal(x[3], x[0])",True,"not_(greater_than_or_equal(pdiv(x[0],x[3]), pdiv(x[5],x[5])))",0.3772455089820359,f56d58ec85f58eb9e745c543958f7db4,0.37125748502994016,True,-0.0059880239520957446
8,6,"not_(less_than_or_equal(pdiv(x[5],x[5]),add(x[5],x[2])))",True,"not_(less_than_or_equal(pdiv(x[5],x[5]),add(x[5],x[2])))",0.2455089820359282,5825d6d8d32996f2f81bb41cc0bfa92f,0.2455089820359282,False,0.0
8,6,"less_than_or_equal(mul(sub(x[2],pdiv(add(sub(x[2],x[0]),mul(pdiv(add(x[7],x[0]),x[2]),add(pdiv(x[5],pdiv(x[7],x[2])),x[5]))),x[0])),x[7]),mul(x[3],x[0]))",True,"less_than_or_equal(x[2],x[2])",0.35928143712574845,bd082d42dcba8056510101f18394b575,0.3532934131736527,True,-0.0059880239520957446
8,6,"less_than_or_equal(mul(mul(x[7],pdiv(pdiv(x[0],x[7]),pdiv(mul(x[5],x[5]),x[2]))),sub(sub(x[2],x[0]),mul(x[5],x[5]))),add(x[2],x[7]))",True,"greater_than_or_equal(mul(add(x[2],x[5]),sub(x[5],x[0])), mul(mul(x[0],x[7]),sub(x[5],x[7])))",0.38323353293413176,cf65da81ffb7a9d4ff3e042c0fa7a250,0.34730538922155685,True,-0.03592814371257491
8,6,"greater_than_or_equal(97.93, x[5])",True,"less_than_or_equal(x[2],x[2])",0.35928143712574845,bd082d42dcba8056510101f18394b575,0.35928143712574845,False,0.0
8,6,"less_than_or_equal(add(add(x[7],x[2]),sub(x[2],x[3])),add(pdiv(x[2],x[2]),mul(x[7],sub(mul(x[3],x[7]),mul(mul(add(x[3],add(pdiv(x[7],x[5]),mul(x[3],x[7]))),x[5]),x[2])))))",True,"less_than_or_equal(add(add(x[7],x[2]),sub(x[2],x[3])),add(pdiv(x[2],x[2]),mul(x[7],sub(mul(x[3],x[7]),mul(mul(add(x[3],add(pdiv(x[7],x[5]),mul(x[3],x[7]))),x[5]),x[2])))))",0.2574850299401198,5a46c6cbd60c9934b78ee205af4349be,0.2574850299401198,False,0.0
8,6,"greater_than_or_equal(add(pdiv(x[3],x[3]),x[7]), x[0])",True,"less_than_or_equal(x[2],x[2])",0.35928143712574845,bd082d42dcba8056510101f18394b575,0.35928143712574845,False,0.0
8,6,"not_(less_than_or_equal(pdiv(x[5],x[5]),add(x[7],sub(x[5],sub(x[0],x[0])))))",True,"not_(less_than_or_equal(pdiv(x[5],x[5]),add(x[7],x[5])))",0.32335329341317365,e44f6a949f00cb0bf86b1105d7c3453d,0.32335329341317365,False,0.0
8,6,"greater_than_or_equal(add(pdiv(x[3],x[2]),x[7]), x[5])",False,,,c064838d90e3d09108ee8015728ca082,0.32335329341317365,False,0.0
8,6,"less_than_or_equal(x[5],x[5])",True,"less_than_or_equal(x[2],x[2])",0.35928143712574845,bd082d42dcba8056510101f18394b575,0.35928143712574845,False,0.0
8,6,"less_than_or_equal(mul(sub(x[7],x[2]),pdiv(x[7],x[3])),mul(add(add(x[7],x[2]),x[0]),x[7]))",False,,,f9a58be548bacf2b898e13ef4447d9af,0.44311377245508987,False,0.0
8,6,"less_than_or_equal(mul(mul(x[7],x[7]),add(x[5],x[2])),add(sub(x[7],x[7]),pdiv(47.51,x[0])))",False,,,98b38d727a0ac0bf1985b27dec2154e0,0.3772455089820359,False,0.0
8,6,"greater_than_or_equal(add(mul(x[0],x[2]),sub(pdiv(01.69,x[2]),x[2])), pdiv(sub(x[0],x[3]),mul(x[0],x[3])))",False,,,c14a8bb8b28c116404c976c5d3fb3aaa,0.3173652694610778,False,0.0
8,6,"greater_than_or_equal(sub(mul(30.95,x[2]),x[5]), x[5])",True,"less_than_or_equal(pdiv(sub(x[0],x[0]),sub(x[0],x[2])),x[0])",0.38323353293413176,d0734af37aab8e9b6c733bcf8f431f61,0.39520958083832336,True,0.0119760479041916
8,6,"not_(less_than_or_equal(x[3],x[5]))",True,"not_(less_than_or_equal(x[3],x[5]))",0.49101796407185627,afe2b4bc33e70a8895f2048551a197b2,0.49101796407185627,False,0.0
8,6,"greater_than_or_equal(x[5], x[5])",True,"less_than_or_equal(x[2],x[2])",0.35928143712574845,bd082d42dcba8056510101f18394b575,0.35928143712574845,False,0.0
8,6,"less_than_or_equal(mul(add(x[7],x[7]),mul(89.69,mul(x[7],x[5]))),x[3])",False,,,45def7f838fbdf9175e3647077dff9a4,0.592814371257485,False,0.0
8,6,"greater_than_or_equal(x[3], x[7])",True,"greater_than_or_equal(x[3], x[7])",0.33532934131736525,176c0c35833bc4ae980b10cd773d9ebc,0.33532934131736525,False,0.0
8,6,"less_than_or_equal(add(add(x[7],x[5]),sub(x[2],x[0])),add(pdiv(x[3],x[2]),mul(mul(x[3],add(add(x[7],x[5]),sub(x[2],x[0]))),add(pdiv(x[2],x[2]),mul(x[7],mul(x[3],x[3]))))))",False,,,4d6c83a31e784cfdd161f11b8f49bbd7,0.35928143712574845,False,0.0
8,6,"less_than_or_equal(mul(sub(x[7],x[0]),sub(x[0],x[5])),add(x[0],x[7]))",True,"less_than_or_equal(x[2],x[2])",0.35928143712574845,bd082d42dcba8056510101f18394b575,0.35928143712574845,False,0.0
8,6,"greater_than_or_equal(x[3], x[3])",True,"less_than_or_equal(x[2],x[2])",0.35928143712574845,bd082d42dcba8056510101f18394b575,0.35928143712574845,False,0.0
8,6,"greater_than_or_equal(x[3], mul(x[3],add(add(x[5],x[7]),sub(43.30,x[0]))))",True,not_(x[6]),0.6347305389221557,b4068ba57b63c959651c969331c4b5cd,0.6347305389221557,False,0.0
8,6,"greater_than_or_equal(x[3], x[7])",True,"greater_than_or_equal(x[3], x[7])",0.33532934131736525,176c0c35833bc4ae980b10cd773d9ebc,0.33532934131736525,False,0.0
8,6,"greater_than_or_equal(14.64, x[7])",True,"less_than_or_equal(x[2],x[2])",0.35928143712574845,bd082d42dcba8056510101f18394b575,0.35928143712574845,False,0.0
8,6,"not_(less_than_or_equal(pdiv(x[3],pdiv(pdiv(add(pdiv(x[2],30.95),mul(x[0],x[7])),add(x[7],pdiv(x[3],x[5]))),x[2])),x[3]))",False,,,36958780b90b09658394652525141e71,0.39520958083832336,False,0.0
8,6,"greater_than_or_equal(x[0], x[3])",True,"or_(greater_than_or_equal(sub(x[0],x[5]), pdiv(x[3],x[5])),less_than_or_equal(sub(x[3],x[0]),sub(x[5],x[5])))",0.6227544910179641,2310ba51ba8c7f4263478bc24872fb4b,0.6227544910179641,False,0.0
8,6,"less_than_or_equal(mul(sub(x[7],x[7]),pdiv(x[2],x[5])),add(add(x[5],x[7]),sub(x[7],x[3])))",False,,,7c4527e5d306ea2dad32a65d544b27a3,0.3892215568862275,False,0.0
8,6,"greater_than_or_equal(sub(pdiv(x[0],x[7]),mul(x[0],mul(x[3],x[7]))), pdiv(x[0],x[3]))",True,"greater_than_or_equal(sub(pdiv(x[0],x[7]),mul(x[0],mul(x[3],x[7]))), pdiv(x[0],x[3]))",0.2934131736526946,f534603d395e0c8dc2f676e79232e48d,0.2934131736526946,False,0.0
8,6,"less_than_or_equal(mul(mul(x[7],x[7]),add(x[5],x[2])),pdiv(x[5],x[5]))",True,"greater_than_or_equal(pdiv(pdiv(x[5],x[5]),add(x[5],x[2])), mul(x[7],pdiv(mul(x[5],x[7]),x[5])))",0.34730538922155685,69d3064ff6f8bcedd35b9570958e1d1f,0.34730538922155685,False,0.0
8,6,"not_(less_than_or_equal(pdiv(x[5],x[5]),add(x[5],add(pdiv(pdiv(x[5],add(x[5],x[2])),x[5]),mul(x[7],add(pdiv(add(x[2],x[3]),pdiv(x[0],x[7])),x[0]))))))",True,not_(x[6]),0.6347305389221557,b4068ba57b63c959651c969331c4b5cd,0.6407185628742516,True,0.005988023952095856
8,6,"greater_than_or_equal(x[3], x[3])",True,"less_than_or_equal(x[2],x[2])",0.35928143712574845,bd082d42dcba8056510101f18394b575,0.35928143712574845,False,0.0
8,6,"greater_than_or_equal(mul(x[2],add(x[5],x[2])), add(sub(x[7],x[7]),pdiv(x[5],x[2])))",False,,,fc811dff3a7e98f12f8bc0c3ef2033ad,0.7245508982035929,False,0.0
8,6,"not_(less_than_or_equal(pdiv(x[5],x[5]),x[3]))",True,"not_(less_than_or_equal(pdiv(x[5],x[5]),x[3]))",0.3413173652694611,05e1f3d74f96ed02168c5462d1f8f406,0.3413173652694611,False,0.0
8,6,"not_(less_than_or_equal(add(x[7],add(x[5],x[2])),add(sub(x[7],sub(x[5],x[5])),x[3])))",False,,,b886e3233b3a16c5de2c53a4dca08c64,0.43113772455089816,False,0.0
8,6,"less_than_or_equal(x[3],pdiv(x[5],mul(x[5],add(x[2],x[2]))))",False,,,3b23e2ee0e79f1a8d31e1a4b9dbe1633,0.3413173652694611,False,0.0
8,6,"greater_than_or_equal(40.44, add(x[5],x[2]))",True,"less_than_or_equal(x[2],x[2])",0.35928143712574845,bd082d42dcba8056510101f18394b575,0.35928143712574845,False,0.0
8,6,"greater_than_or_equal(x[5], sub(x[7],pdiv(x[5],mul(add(x[2],34.75),sub(x[7],x[7])))))",True,"less_than_or_equal(x[2],x[2])",0.35928143712574845,bd082d42dcba8056510101f18394b575,0.35928143712574845,False,0.0
8,6,"greater_than_or_equal(sub(pdiv(x[0],x[7]),mul(x[0],mul(x[3],x[7]))), pdiv(x[0],x[3]))",True,"greater_than_or_equal(sub(pdiv(x[0],x[7]),mul(x[0],mul(x[3],x[7]))), pdiv(x[0],x[3]))",0.2934131736526946,f534603d395e0c8dc2f676e79232e48d,0.2934131736526946,False,0.0
8,6,"greater_than_or_equal(x[2], x[2])",True,"less_than_or_equal(x[2],x[2])",0.35928143712574845,bd082d42dcba8056510101f18394b575,0.35928143712574845,False,0.0
8,6,"greater_than_or_equal(x[3], x[0])",True,"not_(greater_than_or_equal(pdiv(x[0],x[3]), pdiv(x[5],x[5])))",0.3772455089820359,f56d58ec85f58eb9e745c543958f7db4,0.37125748502994016,True,-0.0059880239520957446
8,6,"less_than_or_equal(mul(mul(x[2],x[5]),x[5]),add(x[5],x[2]))",True,"less_than_or_equal(x[2],x[2])",0.35928143712574845,bd082d42dcba8056510101f18394b575,0.35928143712574845,False,0.0
8,6,"not_(less_than_or_equal(pdiv(x[5],x[5]),add(x[5],x[2])))",True,"not_(less_than_or_equal(pdiv(x[5],x[5]),add(x[5],x[2])))",0.2455089820359282,5825d6d8d32996f2f81bb41cc0bfa92f,0.2455089820359282,False,0.0
8,6,"not_(less_than_or_equal(x[5],mul(x[5],x[2])))",True,"not_(greater_than_or_equal(mul(x[7],x[2]), x[7]))",0.34730538922155685,f69cf4961d82af0c72c0014d2a401904,0.3532934131736527,True,0.005988023952095856
8,6,"greater_than_or_equal(x[7], x[7])",True,"less_than_or_equal(x[2],x[2])",0.35928143712574845,bd082d42dcba8056510101f18394b575,0.35928143712574845,False,0.0
8,6,"less_than_or_equal(mul(mul(x[7],x[0]),x[3]),x[0])",True,"less_than_or_equal(x[2],x[2])",0.35928143712574845,bd082d42dcba8056510101f18394b575,0.35928143712574845,False,0.0
8,6,"greater_than_or_equal(add(pdiv(x[3],x[3]),sub(x[3],mul(x[5],x[0]))), add(sub(x[7],x[7]),sub(x[7],mul(x[7],add(x[5],x[2])))))",True,"less_than_or_equal(x[2],x[2])",0.35928143712574845,bd082d42dcba8056510101f18394b575,0.35928143712574845,False,0.0
8,6,"greater_than_or_equal(x[3], add(add(x[7],add(x[5],x[2])),add(sub(x[7],x[7]),pdiv(x[5],x[3]))))",True,"greater_than_or_equal(add(mul(x[7],sub(x[0],x[7])),x[7]), add(x[5],x[2]))",0.6586826347305389,681d8fd5d491586fb67fc0cf65def18f,0.6347305389221557,True,-0.0239520958083832
8,6,"less_than_or_equal(sub(mul(x[2],x[2]),x[0]),sub(x[2],add(pdiv(mul(x[3],x[7]),x[5]),x[0])))",False,,,d9f2ec26bda6a6cebb2c77f210dc5a81,0.49101796407185627,False,0.0
8,6,"less_than_or_equal(mul(x[3],x[7]),pdiv(x[5],x[7]))",False,,,115d9de2e8f1cf584c1a290a69da8222,0.33532934131736525,False,0.0
8,6,"greater_than_or_equal(mul(x[7],x[7]), mul(x[7],add(x[5],x[2])))",True,"greater_than_or_equal(x[7], mul(add(x[2],x[5]),pdiv(x[7],x[7])))",0.6167664670658682,416dcf46c8881ba7fb0ffdc2f0629f37,0.6167664670658682,False,0.0
8,6,"less_than_or_equal(x[0],pdiv(x[2],add(pdiv(x[5],mul(mul(mul(x[2],x[5]),add(pdiv(x[3],x[7]),sub(mul(x[3],x[5]),mul(x[3],x[3])))),add(pdiv(x[7],x[7]),pdiv(x[3],x[5])))),x[2])))",False,,,63400ab6595ec8a6fccc6e9b36b0d050,0.4011976047904192,False,0.0
8,6,"not_(less_than_or_equal(pdiv(x[5],x[5]),add(mul(x[5],pdiv(pdiv(x[5],x[2]),x[5])),mul(x[7],add(pdiv(add(x[2],x[3]),mul(x[0],x[3])),x[7])))))",True,"and_(less_than_or_equal(add(x[5],x[7]),add(x[2],x[0])),less_than_or_equal(pdiv(x[0],x[2]),sub(x[3],x[3])))",0.6467065868263473,7911d4fa59461169c768f6971de20ff3,0.6287425149700598,True,-0.017964071856287456
8,6,"greater_than_or_equal(add(pdiv(x[3],x[3]),x[3]), x[7])",True,"less_than_or_equal(x[2],x[2])",0.35928143712574845,bd082d42dcba8056510101f18394b575,0.35928143712574845,False,0.0
8,6,"less_than_or_equal(sub(mul(x[2],x[7]),mul(x[0],pdiv(x[5],sub(x[5],x[2])))),mul(x[7],pdiv(mul(x[5],x[5]),x[2])))",True,"not_(not_(less_than_or_equal(x[2],x[5])))",0.34730538922155685,4af53f79d9ad2ffac455113b88a02dd4,0.34730538922155685,False,0.0
8,6,"greater_than_or_equal(x[5], x[2])",True,"not_(not_(less_than_or_equal(x[2],x[5])))",0.34730538922155685,4af53f79d9ad2ffac455113b88a02dd4,0.34730538922155685,False,0.0
8,6,"greater_than_or_equal(x[3], mul(x[2],add(add(pdiv(x[0],x[3]),sub(x[5],x[7])),add(x[5],x[2]))))",False,,,c49c894105657566441cdedc2773d62f,0.37125748502994016,False,0.0
8,6,"greater_than_or_equal(add(pdiv(x[3],x[7]),sub(x[7],x[2])), add(pdiv(sub(x[2],x[0]),x[3]),x[7]))",False,,,e954972a77ba7c7aeb9fabaa08b71612,0.2694610778443114,False,0.0
8,6,"less_than_or_equal(add(add(x[7],x[2]),sub(x[2],x[3])),add(pdiv(x[3],pdiv(mul(x[2],x[7]),x[3])),sub(x[5],x[5])))",False,,,a6359e1637b089d17607303c4f15d295,0.31137724550898205,False,0.0
8,6,"not_(less_than_or_equal(x[2],x[5]))",True,"less_than_or_equal(x[5],x[2])",0.652694610778443,6fb17002302e404122653cf2c68db553,0.652694610778443,False,0.0
8,6,"not_(less_than_or_equal(pdiv(x[5],x[7]),sub(x[2],sub(x[5],x[0]))))",True,"less_than_or_equal(sub(mul(x[2],x[7]),mul(x[0],x[7])),x[5])",0.34730538922155685,67e5c7a497be3e968ea5c2bd6433af6d,0.3293413173652695,True,-0.017964071856287345
8,6,"greater_than_or_equal(x[5], add(x[5],sub(add(x[7],x[2]),x[2])))",True,not_(x[6]),0.6347305389221557,b4068ba57b63c959651c969331c4b5cd,0.6407185628742516,True,0.005988023952095856
8,6,"greater_than_or_equal(x[3], mul(x[2],x[3]))",True,"not_(greater_than_or_equal(mul(x[7],x[2]), x[7]))",0.34730538922155685,f69cf4961d82af0c72c0014d2a401904,0.34730538922155685,False,0.0
8,6,"less_than_or_equal(mul(mul(x[5],x[0]),pdiv(x[7],x[0])),mul(x[3],mul(add(x[3],x[0]),add(x[7],x[5]))))",False,,,b1ecca56012b10779ff2839bd7018ff2,0.3293413173652695,False,0.0
8,6,"not_(less_than_or_equal(x[5],mul(add(x[3],mul(x[0],x[2])),x[0])))",True,"greater_than_or_equal(add(pdiv(x[3],x[3]),sub(x[5],x[3])), mul(pdiv(x[0],x[5]),mul(x[3],x[3])))",0.3413173652694611,20549abca100b155319252a5e0d92179,0.35928143712574845,True,0.017964071856287345
8,6,"greater_than_or_equal(pdiv(x[3],mul(add(x[5],x[2]),add(sub(x[7],x[7]),pdiv(x[5],x[5])))), mul(mul(x[5],x[7]),pdiv(x[7],x[3])))",False,,,f716ed970f02c6e5de8487dcc1a4fffc,0.3053892215568862,False,0.0
8,6,"greater_than_or_equal(x[5], mul(x[3],x[3]))",True,"greater_than_or_equal(add(mul(x[0],x[3]),pdiv(x[5],x[3])), x[3])",0.3892215568862275,df965f11e64c3c02cbf3b3975bf8e5c8,0.39520958083832336,True,0.005988023952095856
8,6,"greater_than_or_equal(pdiv(x[5],add(pdiv(x[2],x[0]),pdiv(add(x[5],mul(x[2],x[3])),pdiv(x[5],x[3])))), x[2])",False,,,d814e07cedd7d7c63c89348576da6124,0.32335329341317365,False,0.0
8,6,"greater_than_or_equal(pdiv(mul(x[5],x[3]),x[7]), add(add(x[7],x[5]),sub(x[2],x[0])))",False,,,acbc78d7834899187c23fe475cafdc52,0.4011976047904192,False,0.0
8,6,"greater_than_or_equal(x[5], mul(x[7],add(x[5],x[5])))",False,,,9545aae94dd0fcb8b281ddfedf2da4e6,0.2455089820359282,False,0.0
8,6,"greater_than_or_equal(x[3], pdiv(x[0],x[7]))",True,"greater_than_or_equal(x[7], pdiv(x[0],x[3]))",0.4730538922155688,7b8e77c29a25cb6038101f7ef1369bf9,0.46706586826347307,True,-0.0059880239520957446
8,6,"not_(less_than_or_equal(pdiv(x[5],x[0]),x[7]))",True,"not_(less_than_or_equal(pdiv(x[5],x[0]),x[7]))",0.3652694610778443,ea8626a8e726874d21afe0d0ea8293f6,0.3652694610778443,False,0.0
8,6,x[1],True,x[1],0.3652694610778443,8fe1a95217af65598a8b7fd872a69562,0.3652694610778443,False,0.0
8,6,"not_(less_than_or_equal(pdiv(x[5],x[5]),add(x[5],17.42)))",True,not_(x[6]),0.6347305389221557,b4068ba57b63c959651c969331c4b5cd,0.6407185628742516,True,0.005988023952095856
8,6,"greater_than_or_equal(x[3], add(sub(x[7],x[5]),sub(x[2],x[0])))",False,,,5df5929526451722729045f1e106b4e5,0.3293413173652695,False,0.0
8,6,"greater_than_or_equal(x[3], x[7])",True,"greater_than_or_equal(x[3], x[7])",0.33532934131736525,176c0c35833bc4ae980b10cd773d9ebc,0.33532934131736525,False,0.0
8,6,"greater_than_or_equal(x[3], x[2])",True,"greater_than_or_equal(x[3], x[2])",0.3652694610778443,0a54951987edb23171217fd387dfe4ac,0.3652694610778443,False,0.0
8,6,"not_(less_than_or_equal(pdiv(x[3],30.92),x[7]))",True,not_(x[6]),0.6347305389221557,b4068ba57b63c959651c969331c4b5cd,0.6407185628742516,True,0.005988023952095856
8,6,"greater_than_or_equal(x[3], 50.96)",True,not_(x[6]),0.6347305389221557,b4068ba57b63c959651c969331c4b5cd,0.6407185628742516,True,0.005988023952095856
8,6,"greater_than_or_equal(x[5], x[5])",True,"less_than_or_equal(x[2],x[2])",0.35928143712574845,bd082d42dcba8056510101f18394b575,0.35928143712574845,False,0.0
8,6,"greater_than_or_equal(sub(pdiv(x[3],pdiv(add(x[2],x[0]),x[3])),x[7]), x[3])",False,,,da954358f14cd5b38fe1dbdfdb318277,0.38323353293413176,False,0.0
8,6,"greater_than_or_equal(add(pdiv(x[3],x[7]),sub(x[7],x[2])), add(x[7],mul(x[0],mul(x[3],x[7]))))",False,,,305beddaff5ee1c1134c3703a8529ffc,0.2934131736526946,False,0.0
8,6,"less_than_or_equal(mul(add(x[2],x[5]),sub(x[2],x[0])),add(x[3],x[7]))",True,"less_than_or_equal(mul(add(x[2],x[5]),sub(x[2],x[0])),add(x[3],x[7]))",0.32335329341317365,0fbef7a73eb8d81696ea4bbf05c37722,0.32335329341317365,False,0.0
8,6,"greater_than_or_equal(x[3], x[7])",True,"greater_than_or_equal(x[3], x[7])",0.33532934131736525,176c0c35833bc4ae980b10cd773d9ebc,0.33532934131736525,False,0.0
8,6,"not_(less_than_or_equal(pdiv(x[5],pdiv(x[7],x[2])),x[5]))",True,"less_than_or_equal(add(x[5],x[7]),add(x[5],x[2]))",0.5269461077844311,544b4f45aa71542bcadfaa9d165fdbeb,0.5269461077844311,False,0.0
8,6,"less_than_or_equal(sub(mul(add(x[2],x[5]),x[5]),x[5]),sub(x[5],x[5]))",True,"not_(less_than_or_equal(pdiv(x[5],x[5]),add(x[5],x[2])))",0.2455089820359282,5825d6d8d32996f2f81bb41cc0bfa92f,0.2455089820359282,False,0.0
8,6,"greater_than_or_equal(x[3], x[5])",True,"less_than_or_equal(x[5],x[3])",0.5089820359281437,1d4d287fbe015bbb313f097e26f5bc37,0.5089820359281437,False,0.0
8,6,"not_(less_than_or_equal(pdiv(x[5],x[5]),add(x[5],pdiv(mul(x[2],x[7]),pdiv(sub(x[0],x[3]),mul(x[0],x[3]))))))",False,,,57bd9ff41a4fea26cdd12d6c8584da4a,0.33532934131736525,False,0.0
8,6,x[4],True,x[4],0.35928143712574845,cdec5a9f51f7a38b45d1257e5d4520eb,0.35928143712574845,False,0.0
8,6,"not_(less_than_or_equal(pdiv(x[5],x[5]),pdiv(94.24,sub(x[5],x[3]))))",True,"not_(less_than_or_equal(x[3],x[5]))",0.49101796407185627,afe2b4bc33e70a8895f2048551a197b2,0.49101796407185627,False,0.0
8,6,"less_than_or_equal(sub(mul(add(x[2],x[2]),x[7]),mul(x[5],x[3])),x[7])",False,,,64115535170c4bc3c35fe173fda515f4,0.29940119760479045,False,0.0
8,6,"greater_than_or_equal(x[5], sub(x[7],pdiv(x[5],pdiv(add(x[2],x[5]),x[5]))))",True,"greater_than_or_equal(x[5], sub(x[7],pdiv(x[5],pdiv(add(x[2],x[5]),x[5]))))",0.33532934131736525,084eb10daab79cd16eae9fb896fec938,0.33532934131736525,False,0.0
8,6,"greater_than_or_equal(x[3], x[7])",True,"greater_than_or_equal(x[3], x[7])",0.33532934131736525,176c0c35833bc4ae980b10cd773d9ebc,0.33532934131736525,False,0.0
8,6,"greater_than_or_equal(sub(pdiv(x[0],x[7]),add(x[5],x[2])), add(sub(x[7],sub(x[5],mul(x[5],x[5]))),add(x[5],x[2])))",False,,,c7a682abbfeb7315040cc29be4b87bb0,0.5748502994011976,False,0.0
8,6,"not_(greater_than_or_equal(mul(x[7],add(x[5],x[2])), add(x[5],mul(sub(x[5],x[5]),sub(add(x[2],x[2]),mul(x[5],x[5]))))))",True,"greater_than_or_equal(x[5], mul(x[7],add(x[5],x[2])))",0.23353293413173648,49521aab13419e9d4582e656c37790ef,0.23353293413173648,False,0.0
8,6,"greater_than_or_equal(x[3], mul(x[2],add(sub(x[7],x[7]),pdiv(x[5],x[5]))))",True,"greater_than_or_equal(x[3], x[2])",0.3652694610778443,0a54951987edb23171217fd387dfe4ac,0.3652694610778443,False,0.0
8,6,"less_than_or_equal(x[5],mul(x[3],x[7]))",True,"greater_than_or_equal(x[7], pdiv(x[5],x[3]))",0.6586826347305389,c4d62ee0d9ef954add009e50887aed2e,0.6586826347305389,False,0.0
8,6,"less_than_or_equal(add(add(x[7],x[2]),sub(x[2],x[3])),add(pdiv(x[2],x[2]),mul(x[7],sub(mul(x[3],77.49),x[3]))))",True,"not_(less_than_or_equal(pdiv(x[3],x[5]),add(pdiv(x[2],30.95),mul(x[0],x[3]))))",0.34730538922155685,4ac8a53c24397a99907b64c745d162c5,0.3413173652694611,True,-0.0059880239520957446
8,6,"greater_than_or_equal(x[5], sub(x[7],pdiv(x[5],pdiv(add(x[2],x[2]),mul(add(pdiv(pdiv(x[5],x[5]),x[5]),add(pdiv(x[2],x[0]),pdiv(add(x[5],mul(x[2],x[3])),pdiv(x[5],x[3])))),x[2])))))",False,,,186bd8c50b363cd7d1a49ca5ad2acce1,0.33532934131736525,False,0.0
8,6,"not_(less_than_or_equal(x[5],mul(mul(x[5],add(x[3],x[7])),x[0])))",True,"less_than_or_equal(x[2],x[2])",0.35928143712574845,bd082d42dcba8056510101f18394b575,0.3652694610778443,True,0.005988023952095856
8,6,"less_than_or_equal(x[2],x[7])",True,"less_than_or_equal(pdiv(add(x[2],x[5]),sub(x[2],x[7])),mul(mul(x[2],x[3]),mul(x[5],x[7])))",0.4730538922155688,6a9a868ce645e54c16a03959cbdb37f6,0.4730538922155688,False,0.0
8,6,"not_(less_than_or_equal(pdiv(x[5],x[5]),x[5]))",True,"not_(less_than_or_equal(pdiv(x[5],x[5]),x[5]))",0.31137724550898205,774eb80249c37c32f486ae194a31e639,0.31137724550898205,False,0.0
8,6,"not_(less_than_or_equal(x[3],x[3]))",True,not_(x[6]),0.6347305389221557,b4068ba57b63c959651c969331c4b5cd,0.6407185628742516,True,0.005988023952095856
8,6,"not_(less_than_or_equal(sub(x[5],x[5]),mul(mul(mul(x[7],x[7]),add(x[3],x[3])),x[2])))",True,not_(x[6]),0.6347305389221557,b4068ba57b63c959651c969331c4b5cd,0.6407185628742516,True,0.005988023952095856
8,6,"less_than_or_equal(add(add(x[7],x[5]),sub(x[2],x[0])),add(mul(x[2],add(sub(x[7],x[7]),mul(x[5],x[5]))),mul(mul(x[5],x[7]),pdiv(x[7],x[3]))))",False,,,a2ce5e47fa2df1cb4307a3d0d9758eb6,0.6646706586826348,False,0.0
8,6,"greater_than_or_equal(x[5], x[7])",True,"greater_than_or_equal(x[5], x[7])",0.3892215568862275,ca29d589a2290a0489371628a6b32bf4,0.3892215568862275,False,0.0
8,6,"greater_than_or_equal(x[0], sub(x[0],x[7]))",True,"less_than_or_equal(x[2],x[2])",0.35928143712574845,bd082d42dcba8056510101f18394b575,0.35928143712574845,False,0.0
8,6,"less_than_or_equal(x[2],pdiv(x[7],x[5]))",True,"not_(less_than_or_equal(pdiv(x[7],x[2]),x[5]))",0.4131736526946108,6c7e6e07b7b12247ceef424eff5148c5,0.4131736526946108,False,0.0
8,6,"less_than_or_equal(add(mul(x[7],pdiv(x[5],x[5])),x[2]),add(sub(add(add(x[7],add(add(pdiv(x[5],mul(x[2],x[5])),x[2]),x[7])),x[5]),x[2]),x[5]))",True,"less_than_or_equal(x[2],x[2])",0.35928143712574845,bd082d42dcba8056510101f18394b575,0.35928143712574845,False,0.0
8,6,"greater_than_or_equal(x[7], x[7])",True,"less_than_or_equal(x[2],x[2])",0.35928143712574845,bd082d42dcba8056510101f18394b575,0.35928143712574845,False,0.0
8,6,"less_than_or_equal(mul(mul(x[7],pdiv(pdiv(x[0],x[7]),pdiv(mul(x[5],x[5]),x[2]))),sub(sub(x[2],x[0]),mul(x[7],x[7]))),x[7])",True,"or_(less_than_or_equal(sub(x[2],x[5]),mul(x[3],x[2])),not_(greater_than_or_equal(x[5], x[3])))",0.38323353293413176,cc44f38a8b2fcefff95bcc01de90856f,0.37125748502994016,True,-0.0119760479041916
8,6,"greater_than_or_equal(x[3], mul(x[5],x[5]))",False,,,6917facb40eff0ca9ce7c078eb974d7b,0.3892215568862275,False,0.0
8,6,"not_(less_than_or_equal(pdiv(x[5],x[5]),x[2]))",True,"not_(greater_than_or_equal(mul(x[7],x[2]), x[7]))",0.34730538922155685,f69cf4961d82af0c72c0014d2a401904,0.34730538922155685,False,0.0
8,6,"greater_than_or_equal(x[3], x[7])",True,"greater_than_or_equal(x[3], x[7])",0.33532934131736525,176c0c35833bc4ae980b10cd773d9ebc,0.33532934131736525,False,0.0
8,6,"greater_than_or_equal(x[2], x[0])",True,"less_than_or_equal(x[0],x[2])",0.44311377245508987,6600e71d16c18564dbde1ecda8fbf2a3,0.44311377245508987,False,0.0
8,6,"greater_than_or_equal(pdiv(x[5],x[5]), add(x[5],x[3]))",True,"not_(less_than_or_equal(pdiv(x[5],x[5]),add(x[5],x[3])))",0.49101796407185627,bb45d530dc44268633eeb136f814ec83,0.49101796407185627,False,0.0
8,6,"less_than_or_equal(mul(sub(x[7],x[2]),sub(x[2],x[0])),mul(x[5],x[5]))",False,,,f766e26bce5ce445c55f68c50f5e7ad8,0.3413173652694611,False,0.0
8,6,"greater_than_or_equal(pdiv(pdiv(x[5],pdiv(x[5],x[5])),add(x[3],x[7])), x[0])",False,,,1b5a42933fe79ca12e8c00d7784eed24,0.34730538922155685,False,0.0
8,6,"not_(less_than_or_equal(x[5],add(x[5],x[2])))",True,not_(x[6]),0.6347305389221557,b4068ba57b63c959651c969331c4b5cd,0.6407185628742516,True,0.005988023952095856
8,6,"greater_than_or_equal(add(84.26,x[5]), x[5])",True,"less_than_or_equal(x[2],x[2])",0.35928143712574845,bd082d42dcba8056510101f18394b575,0.35928143712574845,False,0.0
8,6,"greater_than_or_equal(x[5], x[5])",True,"less_than_or_equal(x[2],x[2])",0.35928143712574845,bd082d42dcba8056510101f18394b575,0.35928143712574845,False,0.0
8,6,"greater_than_or_equal(x[3], pdiv(x[3],x[7]))",False,,,544e9f57eeb7aee70ddd2795444ac73a,0.5988023952095809,False,0.0
8,6,"greater_than_or_equal(x[3], x[0])",True,"not_(greater_than_or_equal(pdiv(x[0],x[3]), pdiv(x[5],x[5])))",0.3772455089820359,f56d58ec85f58eb9e745c543958f7db4,0.37125748502994016,True,-0.0059880239520957446
8,6,"not_(less_than_or_equal(pdiv(x[5],89.89),add(x[7],pdiv(x[5],mul(x[5],x[5])))))",True,not_(x[6]),0.6347305389221557,b4068ba57b63c959651c969331c4b5cd,0.6407185628742516,True,0.005988023952095856
8,6,"greater_than_or_equal(x[2], x[0])",True,"less_than_or_equal(x[0],x[2])",0.44311377245508987,6600e71d16c18564dbde1ecda8fbf2a3,0.44311377245508987,False,0.0
8,6,"less_than_or_equal(x[3],x[7])",True,"greater_than_or_equal(x[7], x[3])",0.6646706586826348,d5925f4b2448dec895a429c6f44b5edc,0.6646706586826348,False,0.0
8,6,"greater_than_or_equal(x[2], mul(x[5],mul(x[2],pdiv(x[3],pdiv(x[0],64.92)))))",False,,,e95548ab1f2b31ebbc5b30a9af400780,0.40718562874251496,False,0.0
8,6,"greater_than_or_equal(add(pdiv(x[3],x[3]),sub(x[3],mul(x[2],sub(x[0],x[5])))), 42.51)",True,not_(x[6]),0.6347305389221557,b4068ba57b63c959651c969331c4b5cd,0.6407185628742516,True,0.005988023952095856
8,6,"greater_than_or_equal(add(pdiv(x[3],sub(mul(sub(x[5],x[5]),x[2]),add(sub(x[7],x[7]),sub(x[0],x[3])))),x[0]), add(x[7],x[5]))",False,,,4720c6c475bef95d61b8ff4771fac699,0.43113772455089816,False,0.0
8,6,"greater_than_or_equal(add(pdiv(x[0],x[7]),pdiv(mul(x[5],x[7]),x[5])), x[2])",False,,,f3eb01e53a52190fc02fd087faf57792,0.40718562874251496,False,0.0
8,6,"not_(greater_than_or_equal(mul(x[7],add(x[5],x[0])), add(sub(44.83,x[5]),x[5])))",True,"less_than_or_equal(x[2],x[2])",0.35928143712574845,bd082d42dcba8056510101f18394b575,0.35928143712574845,False,0.0
8,6,"not_(less_than_or_equal(pdiv(x[5],x[5]),add(x[2],x[0])))",True,"not_(less_than_or_equal(pdiv(x[5],x[5]),add(x[0],x[2])))",0.34730538922155685,c426607f0a92b79fd094d06b3453a190,0.34730538922155685,False,0.0
8,6,"greater_than_or_equal(x[5], x[0])",True,"less_than_or_equal(x[0],x[5])",0.37125748502994016,cdcd6f1e6c091ac380f1476046586fe6,0.37125748502994016,False,0.0
8,6,"greater_than_or_equal(x[2], x[3])",True,"not_(less_than_or_equal(pdiv(x[5],x[5]),add(x[2],sub(pdiv(x[3],x[2]),add(mul(x[2],x[7]),mul(x[2],x[3]))))))",0.6586826347305389,97992d1c6392ce2361e75a580fad0a69,0.6347305389221557,True,-0.0239520958083832
8,6,"not_(less_than_or_equal(pdiv(x[5],x[5]),add(pdiv(x[5],pdiv(pdiv(x[5],x[2]),x[5])),mul(x[7],add(pdiv(add(x[3],x[7]),sub(mul(x[3],x[5]),mul(x[3],x[3]))),add(pdiv(x[7],x[7]),pdiv(x[3],x[5])))))))",False,,,9c0ecef2bcc28fca5cbb5cce87086f89,0.4131736526946108,False,0.0
8,6,"not_(greater_than_or_equal(mul(x[7],add(x[5],x[0])), add(sub(x[7],x[7]),pdiv(pdiv(x[5],x[5]),add(pdiv(pdiv(x[5],x[5]),add(x[2],x[2])),x[0])))))",False,,,efdcddc01789cb62dae04a015e5dacba,0.39520958083832336,False,0.0
8,6,"less_than_or_equal(x[5],x[2])",True,"less_than_or_equal(x[5],x[2])",0.652694610778443,6fb17002302e404122653cf2c68db553,0.652694610778443,False,0.0
8,6,"greater_than_or_equal(pdiv(pdiv(x[5],x[5]),add(x[5],pdiv(add(77.79,pdiv(x[3],x[3])),sub(x[3],x[7])))), add(mul(x[3],x[5]),pdiv(x[3],x[3])))",True,not_(x[6]),0.6347305389221557,b4068ba57b63c959651c969331c4b5cd,0.6407185628742516,True,0.005988023952095856
8,6,"less_than_or_equal(add(add(x[7],x[5]),sub(x[2],x[5])),add(x[0],x[2]))",True,"less_than_or_equal(x[7],x[0])",0.5449101796407185,be077d9307e8548c7420a3c3b9c6aaf2,0.5449101796407185,False,0.0
8,6,"not_(greater_than_or_equal(x[2], x[5]))",True,"not_(not_(less_than_or_equal(x[2],x[5])))",0.34730538922155685,4af53f79d9ad2ffac455113b88a02dd4,0.34730538922155685,False,0.0
8,6,"less_than_or_equal(add(x[5],mul(pdiv(x[5],x[5]),add(mul(add(sub(x[7],x[7]),pdiv(x[2],x[5])),x[5]),add(x[3],x[7])))),pdiv(x[3],pdiv(x[5],x[3])))",False,,,c7af69b78b82dbbfa4ec2a8fb3b63fe2,0.6347305389221557,False,0.0
8,6,"greater_than_or_equal(add(pdiv(x[0],x[3]),mul(sub(x[0],x[7]),x[3])), x[3])",False,,,3e202ba27fbcc08eee18a3571e57c153,0.5808383233532934,False,0.0
8,6,"greater_than_or_equal(add(pdiv(x[3],x[7]),sub(x[5],x[5])), x[5])",True,"not_(greater_than_or_equal(mul(x[7],x[5]), x[3]))",0.33532934131736525,ff4b342bed4706cce4217aaf715c34c5,0.33532934131736525,False,0.0
8,6,"not_(less_than_or_equal(x[2],x[5]))",True,"less_than_or_equal(x[5],x[2])",0.652694610778443,6fb17002302e404122653cf2c68db553,0.652694610778443,False,0.0
8,6,"greater_than_or_equal(x[3], 39.30)",True,not_(x[6]),0.6347305389221557,b4068ba57b63c959651c969331c4b5cd,0.6407185628742516,True,0.005988023952095856
8,6,"not_(less_than_or_equal(pdiv(x[5],sub(sub(mul(x[3],x[5]),mul(x[3],x[3])),add(pdiv(x[7],x[7]),pdiv(x[5],x[5])))),x[2]))",True,not_(x[6]),0.6347305389221557,b4068ba57b63c959651c969331c4b5cd,0.6407185628742516,True,0.005988023952095856
8,6,"greater_than_or_equal(x[2], x[5])",True,"less_than_or_equal(x[5],x[2])",0.652694610778443,6fb17002302e404122653cf2c68db553,0.652694610778443,False,0.0
8,6,"not_(less_than_or_equal(pdiv(x[5],x[7]),x[7]))",True,"not_(less_than_or_equal(x[5],mul(x[7],x[7])))",0.3532934131736527,6208c2f2bc232c7eeeb665b7dcc66661,0.3532934131736527,False,0.0
8,6,"not_(less_than_or_equal(pdiv(x[5],add(x[5],x[0])),x[2]))",False,,,9e927d3b462fab3e42a7423ae8747d83,0.32335329341317365,False,0.0
8,6,"greater_than_or_equal(pdiv(pdiv(x[5],x[5]),x[5]), add(x[3],x[5]))",False,,,abf85e7fab914b8c3dc9f094cd04d814,0.34730538922155685,False,0.0
8,6,"greater_than_or_equal(x[3], sub(x[7],mul(mul(x[7],x[7]),add(x[5],x[2]))))",False,,,e241b73013522b3695781319b9970d16,0.4011976047904192,False,0.0
8,6,"greater_than_or_equal(x[3], x[7])",True,"greater_than_or_equal(x[3], x[7])",0.33532934131736525,176c0c35833bc4ae980b10cd773d9ebc,0.33532934131736525,False,0.0
8,6,"not_(less_than_or_equal(pdiv(x[3],x[5]),add(pdiv(99.37,pdiv(pdiv(x[5],x[5]),add(x[2],x[5]))),mul(x[7],add(pdiv(add(x[2],x[3]),pdiv(x[0],x[7])),x[2])))))",True,"less_than_or_equal(sub(pdiv(x[5],x[2]),mul(x[7],x[0])),mul(mul(x[3],x[2]),sub(x[5],x[2])))",0.6467065868263473,64a044af0d7ad5746f97e0885e2b3f57,0.6407185628742516,True,-0.0059880239520957446
8,6,"not_(less_than_or_equal(pdiv(x[5],x[2]),add(sub(x[7],x[7]),94.74)))",True,not_(x[6]),0.6347305389221557,b4068ba57b63c959651c969331c4b5cd,0.6407185628742516,True,0.005988023952095856
8,6,"less_than_or_equal(mul(mul(x[7],x[7]),add(x[5],x[5])),add(pdiv(x[5],pdiv(pdiv(x[5],x[2]),x[5])),mul(x[7],add(pdiv(add(x[2],x[3]),pdiv(x[0],x[7])),x[2]))))",False,,,538ffff4cf6d9dc3efa19ae8df3322f4,0.37125748502994016,False,0.0
8,6,"greater_than_or_equal(x[2], mul(pdiv(add(x[2],x[2]),x[0]),add(add(x[2],x[3]),add(x[2],x[5]))))",True,not_(x[6]),0.6347305389221557,b4068ba57b63c959651c969331c4b5cd,0.6407185628742516,True,0.005988023952095856
8,6,"not_(less_than_or_equal(pdiv(x[5],x[0]),x[5]))",True,"less_than_or_equal(x[2],x[2])",0.35928143712574845,bd082d42dcba8056510101f18394b575,0.3652694610778443,True,0.005988023952095856
8,6,"less_than_or_equal(mul(sub(x[2],x[5]),sub(x[2],x[0])),x[3])",True,"less_than_or_equal(mul(sub(x[2],x[5]),sub(x[2],x[0])),mul(pdiv(add(x[3],add(pdiv(x[7],x[7]),pdiv(x[3],x[5]))),x[0]),x[3]))",0.3413173652694611,331f99dba41312681b6c0eab6c9d44c1,0.3413173652694611,False,0.0
8,6,"not_(less_than_or_equal(x[5],pdiv(x[5],add(x[5],x[2]))))",True,"greater_than_or_equal(add(x[2],x[5]), pdiv(x[7],x[7]))",0.7544910179640718,3db16fa16df21b15852938a2c3f9a18b,0.7544910179640718,False,0.0
8,6,"not_(greater_than_or_equal(mul(x[7],add(x[5],x[2])), add(sub(x[7],31.07),x[3])))",True,not_(x[6]),0.6347305389221557,b4068ba57b63c959651c969331c4b5cd,0.6407185628742516,True,0.005988023952095856
8,6,"not_(less_than_or_equal(pdiv(x[5],x[2]),sub(pdiv(x[5],x[5]),mul(x[5],add(x[5],x[2])))))",True,"greater_than_or_equal(add(mul(x[0],x[2]),sub(x[5],x[0])), sub(sub(x[2],x[0]),mul(x[5],x[5])))",0.34730538922155685,fa36c7eff201c5964686ffd342c69e5e,0.35928143712574845,True,0.0119760479041916
8,6,"less_than_or_equal(add(mul(x[0],x[2]),sub(pdiv(01.69,x[2]),add(sub(x[0],x[7]),x[7]))),add(x[5],x[2]))",False,,,cb48a67c9603d9ce8092b9ac7c5410ad,0.6586826347305389,False,0.0
8,6,"less_than_or_equal(sub(pdiv(x[0],x[7]),x[7]),x[7])",False,,,c79989e9f96048afe5e125cf59dea91d,0.4970059880239521,False,0.0
8,6,"greater_than_or_equal(x[5], mul(x[7],mul(add(sub(x[7],x[7]),x[7]),add(sub(mul(x[0],mul(x[3],x[7])),pdiv(x[5],x[0])),pdiv(x[3],add(x[7],x[5]))))))",False,,,eb0492681729c12e6710f96cd3756718,0.3413173652694611,False,0.0
8,6,"greater_than_or_equal(x[7], x[3])",True,"greater_than_or_equal(x[7], x[3])",0.6646706586826348,d5925f4b2448dec895a429c6f44b5edc,0.6646706586826348,False,0.0
8,6,"greater_than_or_equal(x[5], mul(x[5],x[3]))",True,"less_than_or_equal(x[2],x[2])",0.35928143712574845,bd082d42dcba8056510101f18394b575,0.35928143712574845,False,0.0
8,6,"less_than_or_equal(pdiv(sub(x[7],x[7]),sub(x[2],x[0])),add(pdiv(add(77.79,pdiv(x[7],x[3])),sub(x[3],x[7])),add(mul(add(x[5],x[2]),add(sub(x[7],x[7]),pdiv(x[5],x[5]))),mul(mul(x[5],x[7]),pdiv(x[7],x[3])))))",True,"greater_than_or_equal(x[3], x[7])",0.33532934131736525,176c0c35833bc4ae980b10cd773d9ebc,0.33532934131736525,False,0.0
8,6,"greater_than_or_equal(add(pdiv(x[0],x[3]),sub(add(add(x[7],x[5]),sub(x[2],x[0])),add(pdiv(x[7],x[2]),mul(mul(x[3],x[3]),x[7])))), sub(x[3],x[7]))",False,,,b9c8dee417c58439f66b69ad46508a9a,0.6467065868263473,False,0.0
8,6,"greater_than_or_equal(x[5], x[5])",True,"less_than_or_equal(x[2],x[2])",0.35928143712574845,bd082d42dcba8056510101f18394b575,0.35928143712574845,False,0.0
8,6,"not_(greater_than_or_equal(x[2], mul(add(x[7],pdiv(x[5],x[2])),x[7])))",False,,,75a8f57f4f4aad1bf37e7ae7a678cfcb,0.4011976047904192,False,0.0
8,6,"not_(greater_than_or_equal(pdiv(x[7],x[2]), sub(x[2],x[0])))",False,,,8fe0afd0b259ccf83d783ffba7067fef,0.6706586826347305,False,0.0
8,6,"less_than_or_equal(x[5],x[2])",True,"less_than_or_equal(x[5],x[2])",0.652694610778443,6fb17002302e404122653cf2c68db553,0.652694610778443,False,0.0
8,6,"not_(greater_than_or_equal(mul(x[7],add(x[5],x[2])), add(sub(x[7],x[7]),pdiv(x[5],x[5]))))",True,"not_(greater_than_or_equal(mul(x[7],add(x[5],x[2])), add(sub(x[7],x[7]),pdiv(x[5],x[5]))))",0.2934131736526946,0626717d313f6c0bc6513f2ca4ff096e,0.2934131736526946,False,0.0
8,6,"greater_than_or_equal(x[3], x[7])",True,"greater_than_or_equal(x[3], x[7])",0.33532934131736525,176c0c35833bc4ae980b10cd773d9ebc,0.33532934131736525,False,0.0
8,6,"greater_than_or_equal(x[3], x[7])",True,"greater_than_or_equal(x[3], x[7])",0.33532934131736525,176c0c35833bc4ae980b10cd773d9ebc,0.33532934131736525,False,0.0
8,6,"not_(greater_than_or_equal(mul(x[7],add(x[5],x[2])), add(sub(x[7],x[7]),pdiv(x[3],x[7]))))",False,,,de5309dcdd93ec6ffcecd4b96a8864ca,0.28742514970059885,False,0.0
8,6,"greater_than_or_equal(x[5], x[2])",True,"not_(not_(less_than_or_equal(x[2],x[5])))",0.34730538922155685,4af53f79d9ad2ffac455113b88a02dd4,0.34730538922155685,False,0.0
8,6,"greater_than_or_equal(add(add(x[3],x[7]),sub(x[7],x[2])), add(pdiv(add(x[2],x[0]),x[3]),x[5]))",False,,,dc0852c7456781cd70308e8121f0c153,0.5329341317365269,False,0.0
8,6,"greater_than_or_equal(add(mul(x[3],x[3]),sub(x[5],sub(x[2],mul(x[0],x[2])))), add(pdiv(sub(x[5],x[7]),x[3]),46.96))",False,,,1497c3bff9b55e63061c88de49f56f45,0.6347305389221557,False,0.0
8,6,"greater_than_or_equal(add(pdiv(x[3],x[3]),sub(x[3],mul(x[5],x[2]))), add(sub(x[7],x[7]),sub(x[0],x[5])))",True,"less_than_or_equal(x[2],x[2])",0.35928143712574845,bd082d42dcba8056510101f18394b575,0.35928143712574845,False,0.0
8,6,"greater_than_or_equal(add(pdiv(x[3],x[2]),pdiv(pdiv(x[5],x[3]),x[7])), sub(x[0],x[3]))",True,"less_than_or_equal(x[2],x[2])",0.35928143712574845,bd082d42dcba8056510101f18394b575,0.35928143712574845,False,0.0
8,6,"greater_than_or_equal(x[5], x[3])",True,"less_than_or_equal(mul(sub(x[7],x[0]),pdiv(x[7],25.93)),pdiv(x[7],sub(mul(x[3],x[5]),mul(x[3],x[3]))))",0.5089820359281437,8ad7ccd0e2bcf51cfea619f1321f2792,0.5089820359281437,False,0.0
8,6,"greater_than_or_equal(x[3], pdiv(x[0],add(add(x[2],x[3]),add(x[2],x[5]))))",False,,,3102bff9ffdd37ee778c3b7cba01fd48,0.38323353293413176,False,0.0
8,6,"not_(greater_than_or_equal(pdiv(x[5],x[3]), x[7]))",True,"greater_than_or_equal(x[7], pdiv(x[5],x[3]))",0.6586826347305389,c4d62ee0d9ef954add009e50887aed2e,0.6586826347305389,False,0.0
8,6,"greater_than_or_equal(x[5], pdiv(x[3],x[7]))",False,,,7163cc140f7c1d8b5064283f255cf146,0.6646706586826348,False,0.0
8,6,"greater_than_or_equal(add(pdiv(x[3],x[3]),sub(x[5],x[2])), add(x[5],x[2]))",True,"not_(less_than_or_equal(pdiv(x[5],x[5]),add(x[2],x[2])))",0.25149700598802394,b1dd33075a09479c47bb17a355eef7af,0.25149700598802394,False,0.0
8,6,"greater_than_or_equal(x[5], x[5])",True,"less_than_or_equal(x[2],x[2])",0.35928143712574845,bd082d42dcba8056510101f18394b575,0.35928143712574845,False,0.0
8,6,"less_than_or_equal(mul(x[5],add(x[3],x[7])),x[7])",False,,,525fa37e97e8a28f65156dcbf8b6f513,0.5748502994011976,False,0.0
8,6,"greater_than_or_equal(x[7], pdiv(x[3],x[3]))",True,"greater_than_or_equal(x[3], pdiv(x[3],x[7]))",0.5988023952095809,544e9f57eeb7aee70ddd2795444ac73a,0.6047904191616766,True,0.0059880239520957446
8,6,"not_(or_(not_(not_(greater_than_or_equal(x[5], add(x[5],x[5])))),greater_than_or_equal(add(sub(x[2],x[0]),x[5]), x[5])))",False,,,4a5628a0e56502efb3ac1ad8a5bb0a91,0.5568862275449102,False,0.0
8,6,"less_than_or_equal(mul(sub(x[0],x[7]),pdiv(mul(x[5],x[5]),x[2])),sub(sub(x[2],x[0]),mul(x[5],x[5])))",False,,,f2809fd27692941680d4b0f5518375c9,0.5449101796407185,False,0.0
8,6,"less_than_or_equal(x[3],x[7])",True,"greater_than_or_equal(x[7], x[3])",0.6646706586826348,d5925f4b2448dec895a429c6f44b5edc,0.6646706586826348,False,0.0
8,6,"greater_than_or_equal(x[3], x[7])",True,"greater_than_or_equal(x[3], x[7])",0.33532934131736525,176c0c35833bc4ae980b10cd773d9ebc,0.33532934131736525,False,0.0
8,6,"not_(less_than_or_equal(pdiv(x[5],x[0]),sub(x[0],x[5])))",True,"not_(less_than_or_equal(pdiv(x[5],x[0]),x[0]))",0.35928143712574845,5372ceb8b23ce5e1dd3bf5c2fc3a57aa,0.35928143712574845,False,0.0
8,6,"not_(greater_than_or_equal(mul(x[7],add(x[2],x[2])), add(pdiv(x[3],pdiv(add(x[3],x[7]),x[5])),x[3])))",False,,,0781ab8717a4370a6ce64e356227e6c8,0.28742514970059885,False,0.0
8,6,"greater_than_or_equal(sub(add(add(mul(x[0],sub(sub(x[2],x[5]),x[0])),x[2]),add(pdiv(add(x[5],x[7]),x[3]),mul(mul(x[3],x[0]),add(x[3],x[7])))),add(x[0],sub(x[0],x[5]))), add(x[5],x[5]))",True,"less_than_or_equal(x[2],x[2])",0.35928143712574845,bd082d42dcba8056510101f18394b575,0.37125748502994016,True,0.011976047904191711
8,6,"less_than_or_equal(mul(sub(x[7],sub(mul(pdiv(x[7],x[3]),mul(pdiv(x[3],x[3]),sub(x[7],x[5]))),mul(x[3],x[3]))),add(pdiv(x[7],x[7]),pdiv(x[3],x[5]))),x[2])",False,,,517eae637863530ae5efa79c902e700b,0.6167664670658682,False,0.0
8,6,"greater_than_or_equal(x[5], x[7])",True,"greater_than_or_equal(x[5], x[7])",0.3892215568862275,ca29d589a2290a0489371628a6b32bf4,0.3892215568862275,False,0.0
8,6,"not_(greater_than_or_equal(mul(x[7],add(x[5],x[0])), add(mul(x[7],x[7]),mul(x[7],add(x[5],x[2])))))",True,"not_(greater_than_or_equal(mul(add(x[5],x[5]),x[0]), add(sub(x[7],x[7]),pdiv(x[5],x[0]))))",0.37125748502994016,0a3e2c977030e8d0e2f3cfd881788b9d,0.39520958083832336,True,0.0239520958083832
8,6,x[6],True,x[6],0.3652694610778443,ff9750a95f856aee791afc16a7ee79d4,0.3652694610778443,False,0.0
8,6,"less_than_or_equal(mul(mul(x[7],x[7]),add(x[5],x[2])),add(sub(x[7],x[7]),add(x[3],sub(pdiv(x[3],x[7]),x[7]))))",False,,,f7ed284f27034a88319532e76a721859,0.2934131736526946,False,0.0
8,6,"greater_than_or_equal(add(pdiv(x[5],x[5]),x[2]), x[7])",True,"less_than_or_equal(x[2],x[2])",0.35928143712574845,bd082d42dcba8056510101f18394b575,0.35928143712574845,False,0.0
8,6,"not_(greater_than_or_equal(x[5], add(x[2],x[5])))",True,"less_than_or_equal(pdiv(sub(x[0],x[0]),sub(x[0],x[2])),x[0])",0.38323353293413176,d0734af37aab8e9b6c733bcf8f431f61,0.38323353293413176,False,0.0
8,6,"greater_than_or_equal(x[0], x[7])",True,"less_than_or_equal(x[7],x[0])",0.5449101796407185,be077d9307e8548c7420a3c3b9c6aaf2,0.5449101796407185,False,0.0
8,6,"greater_than_or_equal(x[7], x[5])",True,"greater_than_or_equal(x[7], x[5])",0.6107784431137724,793f9fa4aca1502cfe0a9ed6ab91b83c,0.6107784431137724,False,0.0
8,6,"greater_than_or_equal(34.38, add(x[2],x[7]))",True,"less_than_or_equal(x[2],x[2])",0.35928143712574845,bd082d42dcba8056510101f18394b575,0.35928143712574845,False,0.0
8,6,"not_(less_than_or_equal(pdiv(add(x[7],mul(x[0],x[3])),x[7]),x[3]))",True,"less_than_or_equal(x[2],x[2])",0.35928143712574845,bd082d42dcba8056510101f18394b575,0.35928143712574845,False,0.0
8,6,"greater_than_or_equal(sub(pdiv(x[5],mul(x[5],add(x[3],x[7]))),x[0]), x[2])",False,,,d9b19ad1611b9bc36a75915bd0e7da29,0.2934131736526946,False,0.0
8,6,"greater_than_or_equal(sub(pdiv(x[0],x[7]),mul(x[7],x[5])), x[2])",True,"less_than_or_equal(x[7],pdiv(x[0],x[7]))",0.5029940119760479,37afef815a97697dfbf210f3b9ca92af,0.4970059880239521,True,-0.0059880239520957446
8,6,"not_(less_than_or_equal(pdiv(x[5],x[5]),add(pdiv(x[5],pdiv(sub(x[3],x[7]),x[2])),mul(add(x[3],x[0]),add(x[7],x[5])))))",False,,,5784489f8aafdc8f30b353f79dd9db60,0.4610778443113772,False,0.0
8,6,"not_(less_than_or_equal(pdiv(x[5],x[5]),x[5]))",True,"not_(less_than_or_equal(pdiv(x[5],x[5]),x[5]))",0.31137724550898205,774eb80249c37c32f486ae194a31e639,0.31137724550898205,False,0.0
8,6,"greater_than_or_equal(x[0], x[3])",True,"or_(greater_than_or_equal(sub(x[0],x[5]), pdiv(x[3],x[5])),less_than_or_equal(sub(x[3],x[0]),sub(x[5],x[5])))",0.6227544910179641,2310ba51ba8c7f4263478bc24872fb4b,0.6227544910179641,False,0.0
8,6,"greater_than_or_equal(x[0], x[3])",True,"or_(greater_than_or_equal(sub(x[0],x[5]), pdiv(x[3],x[5])),less_than_or_equal(sub(x[3],x[0]),sub(x[5],x[5])))",0.6227544910179641,2310ba51ba8c7f4263478bc24872fb4b,0.6227544910179641,False,0.0
8,6,"less_than_or_equal(mul(mul(x[7],x[7]),pdiv(pdiv(x[5],x[5]),add(x[2],x[5]))),x[5])",False,,,61b2f874322a90fda2c4962ada4454f1,0.34730538922155685,False,0.0
8,6,"not_(greater_than_or_equal(x[5], x[2]))",True,"less_than_or_equal(x[5],x[2])",0.652694610778443,6fb17002302e404122653cf2c68db553,0.652694610778443,False,0.0
8,6,"greater_than_or_equal(x[3], x[5])",True,"less_than_or_equal(x[5],x[3])",0.5089820359281437,1d4d287fbe015bbb313f097e26f5bc37,0.5089820359281437,False,0.0
8,6,"greater_than_or_equal(add(pdiv(x[3],x[7]),sub(x[5],x[2])), sub(x[0],x[7]))",True,"or_(less_than_or_equal(sub(x[2],x[5]),mul(x[3],x[2])),not_(greater_than_or_equal(x[5], x[3])))",0.38323353293413176,cc44f38a8b2fcefff95bcc01de90856f,0.3652694610778443,True,-0.017964071856287456
8,6,"not_(less_than_or_equal(pdiv(x[5],89.69),mul(x[7],x[5])))",True,not_(x[6]),0.6347305389221557,b4068ba57b63c959651c969331c4b5cd,0.6347305389221557,False,0.0
8,6,"greater_than_or_equal(add(x[3],sub(x[3],sub(x[5],x[7]))), add(x[5],x[2]))",False,,,12fdda10d823162b745c199d62798bae,0.4970059880239521,False,0.0
8,6,"not_(greater_than_or_equal(mul(x[7],add(x[5],x[2])), add(sub(x[7],x[7]),pdiv(x[5],x[5]))))",True,"not_(greater_than_or_equal(mul(x[7],add(x[5],x[2])), add(sub(x[7],x[7]),pdiv(x[5],x[5]))))",0.2934131736526946,0626717d313f6c0bc6513f2ca4ff096e,0.2934131736526946,False,0.0
8,6,"greater_than_or_equal(x[3], add(add(x[7],x[5]),sub(x[2],x[2])))",True,"less_than_or_equal(add(add(x[7],x[5]),sub(x[2],x[3])),x[2])",0.5808383233532934,b9ec470daab482bf42854f3b768e4b80,0.5808383233532934,False,0.0
8,6,"greater_than_or_equal(x[2], x[7])",True,"less_than_or_equal(add(x[5],x[7]),add(x[5],x[2]))",0.5269461077844311,544b4f45aa71542bcadfaa9d165fdbeb,0.5269461077844311,False,0.0
8,6,"greater_than_or_equal(add(x[7],pdiv(x[5],x[5])), add(x[5],x[2]))",False,,,70ab188d9bd159211c63f22cdfaace29,0.31137724550898205,False,0.0
8,6,"greater_than_or_equal(x[3], add(mul(x[0],x[5]),pdiv(x[5],x[3])))",False,,,9e904070342b5c2eadd47a694881e018,0.6047904191616766,False,0.0
8,6,"greater_than_or_equal(add(mul(x[3],x[3]),sub(x[5],x[2])), add(x[5],x[2]))",False,,,74b403ff377642e50bf26552fb6359d2,0.46706586826347307,False,0.0
8,6,"greater_than_or_equal(add(add(x[0],add(x[7],pdiv(x[5],x[5]))),x[5]), add(x[5],85.40))",True,not_(x[6]),0.6347305389221557,b4068ba57b63c959651c969331c4b5cd,0.6407185628742516,True,0.005988023952095856
8,6,"greater_than_or_equal(add(pdiv(x[3],x[7]),sub(x[5],x[2])), add(pdiv(add(x[2],x[0]),x[0]),sub(pdiv(add(x[5],x[2]),x[0]),add(add(x[2],x[3]),add(x[2],x[5])))))",False,,,97cb238907d81185018b5fd0a86948ac,0.34730538922155685,False,0.0
8,6,"greater_than_or_equal(x[3], x[5])",True,"less_than_or_equal(x[5],x[3])",0.5089820359281437,1d4d287fbe015bbb313f097e26f5bc37,0.5089820359281437,False,0.0
8,6,"less_than_or_equal(x[3],add(mul(41.84,mul(x[7],add(x[0],sub(x[0],x[5])))),add(x[5],x[5])))",False,,,4d5132d4b871fbc38001e497c47e5606,0.562874251497006,False,0.0
8,6,"not_(less_than_or_equal(pdiv(x[2],x[3]),x[7]))",True,"not_(less_than_or_equal(pdiv(x[2],x[3]),x[7]))",0.45508982035928147,7743a98474d5159fe58c1743312dfcba,0.45508982035928147,False,0.0
8,6,"not_(less_than_or_equal(pdiv(x[5],x[5]),pdiv(x[0],x[5])))",True,"less_than_or_equal(x[0],x[5])",0.37125748502994016,cdcd6f1e6c091ac380f1476046586fe6,0.3772455089820359,True,0.0059880239520957446
8,6,"greater_than_or_equal(add(pdiv(x[3],x[5]),mul(x[0],x[7])), add(x[7],pdiv(x[3],x[5])))",True,not_(x[6]),0.6347305389221557,b4068ba57b63c959651c969331c4b5cd,0.6347305389221557,False,0.0
8,6,"not_(less_than_or_equal(pdiv(x[3],x[5]),add(pdiv(x[2],x[7]),pdiv(add(x[3],sub(pdiv(x[0],x[0]),x[7])),add(x[5],x[2])))))",False,,,0709596f28956f10e917b5c8addd9f46,0.6706586826347305,False,0.0
8,6,"less_than_or_equal(mul(mul(x[3],x[3]),pdiv(x[7],sub(37.93,add(x[5],x[2])))),mul(x[0],x[0]))",False,,,2b99e7e9b25541f2348cdeee1f65dbda,0.6047904191616766,False,0.0
8,6,"not_(greater_than_or_equal(mul(x[7],add(x[5],x[2])), add(sub(x[7],x[7]),pdiv(x[5],mul(pdiv(x[5],x[5]),add(x[5],x[0]))))))",False,,,66e40e71530f573a8faa31d43ae76d5d,0.26347305389221554,False,0.0
8,6,"not_(less_than_or_equal(x[0],x[7]))",True,"less_than_or_equal(x[7],x[0])",0.5449101796407185,be077d9307e8548c7420a3c3b9c6aaf2,0.5449101796407185,False,0.0
8,6,"not_(less_than_or_equal(pdiv(x[3],x[7]),pdiv(x[5],x[0])))",False,,,4e4dbaf7f74cd4d411a84e9b73ce171c,0.3413173652694611,False,0.0
8,6,"less_than_or_equal(mul(mul(x[7],x[7]),mul(x[7],add(x[5],x[2]))),add(sub(x[7],x[7]),pdiv(x[5],pdiv(x[3],x[3]))))",False,,,bdd9ae0261e07f73f0d7c8249b287e7e,0.3293413173652695,False,0.0
8,6,"less_than_or_equal(mul(sub(x[7],x[0]),pdiv(x[7],x[3])),mul(pdiv(x[3],x[0]),add(add(03.69,mul(x[5],x[7])),x[3])))",False,,,a1d00b95ec3f9a031953dd771cee8df8,0.33532934131736525,False,0.0
8,6,"not_(less_than_or_equal(pdiv(pdiv(x[7],x[3]),mul(pdiv(x[7],pdiv(x[5],x[2])),x[7])),x[0]))",True,"not_(less_than_or_equal(pdiv(x[5],x[0]),x[0]))",0.35928143712574845,5372ceb8b23ce5e1dd3bf5c2fc3a57aa,0.3532934131736527,True,-0.0059880239520957446
8,6,"less_than_or_equal(mul(sub(x[7],x[7]),mul(x[7],x[3])),sub(x[5],x[5]))",True,"less_than_or_equal(x[2],x[2])",0.35928143712574845,bd082d42dcba8056510101f18394b575,0.35928143712574845,False,0.0
8,6,"not_(greater_than_or_equal(mul(x[7],add(x[5],x[2])), add(sub(pdiv(add(x[7],pdiv(x[5],x[5])),mul(x[5],add(x[5],x[2]))),mul(x[0],x[0])),x[2])))",True,"less_than_or_equal(x[2],x[2])",0.35928143712574845,bd082d42dcba8056510101f18394b575,0.35928143712574845,False,0.0
8,6,"not_(less_than_or_equal(pdiv(x[5],x[5]),add(x[2],x[5])))",True,"not_(less_than_or_equal(pdiv(x[5],x[5]),add(x[5],x[2])))",0.2455089820359282,5825d6d8d32996f2f81bb41cc0bfa92f,0.2455089820359282,False,0.0
8,6,"not_(less_than_or_equal(pdiv(x[3],x[7]),add(pdiv(add(x[2],x[3]),pdiv(x[0],x[7])),x[2])))",False,,,5add36afe6c033da4d12e43e4b11c39c,0.27544910179640714,False,0.0
8,6,"greater_than_or_equal(x[0], sub(sub(mul(x[3],x[5]),mul(x[3],x[3])),add(pdiv(x[7],x[7]),pdiv(x[3],x[5]))))",True,"less_than_or_equal(x[2],x[2])",0.35928143712574845,bd082d42dcba8056510101f18394b575,0.35928143712574845,False,0.0
8,6,x[4],True,x[4],0.35928143712574845,cdec5a9f51f7a38b45d1257e5d4520eb,0.35928143712574845,False,0.0
8,6,"greater_than_or_equal(pdiv(x[5],x[5]), x[7])",True,"less_than_or_equal(x[2],x[2])",0.35928143712574845,bd082d42dcba8056510101f18394b575,0.35928143712574845,False,0.0
8,6,"greater_than_or_equal(add(mul(x[7],add(x[3],x[7])),x[5]), add(sub(add(x[2],x[5]),x[5]),add(x[5],x[2])))",False,,,c02a41e4fd60cf673f7f978639f65d13,0.5808383233532934,False,0.0
8,6,"not_(greater_than_or_equal(mul(x[7],add(x[2],x[2])), add(x[5],x[2])))",False,,,d363c89ecf79ff1314c50310d4241ab0,0.33532934131736525,False,0.0
8,6,"less_than_or_equal(mul(mul(x[7],x[7]),mul(x[7],add(pdiv(x[3],x[7]),x[0]))),x[5])",False,,,3123d6de68db2d2b5cfa6bb72906375f,0.32335329341317365,False,0.0
8,6,"greater_than_or_equal(sub(sub(x[2],x[0]),mul(x[5],x[5])), add(x[5],x[7]))",False,,,010fedbe01ea4f26283d817f98ba456b,0.6467065868263473,False,0.0
8,6,"less_than_or_equal(mul(mul(x[7],pdiv(x[2],mul(x[7],pdiv(mul(x[5],x[5]),x[2])))),x[3]),x[7])",False,,,0f3db7b4f15c7f0adeb1a877a251db42,0.40718562874251496,False,0.0
8,6,"greater_than_or_equal(x[3], mul(x[7],x[5]))",True,"not_(greater_than_or_equal(mul(x[7],x[5]), x[3]))",0.33532934131736525,ff4b342bed4706cce4217aaf715c34c5,0.33532934131736525,False,0.0
8,6,"not_(greater_than_or_equal(x[7], x[3]))",True,"greater_than_or_equal(x[3], x[7])",0.33532934131736525,176c0c35833bc4ae980b10cd773d9ebc,0.33532934131736525,False,0.0
8,6,"not_(less_than_or_equal(pdiv(x[2],x[0]),x[2]))",True,"less_than_or_equal(x[2],x[2])",0.35928143712574845,bd082d42dcba8056510101f18394b575,0.35928143712574845,False,0.0
8,6,"greater_than_or_equal(x[5], mul(add(x[5],x[5]),add(pdiv(x[5],pdiv(pdiv(93.99,mul(x[7],x[2])),add(x[2],x[3]))),pdiv(x[0],x[7]))))",False,,,ef235a8011d647614112f09819125b53,0.4970059880239521,False,0.0
8,6,"greater_than_or_equal(x[0], x[0])",True,"less_than_or_equal(x[2],x[2])",0.35928143712574845,bd082d42dcba8056510101f18394b575,0.35928143712574845,False,0.0
8,6,"greater_than_or_equal(x[5], sub(x[0],mul(x[3],x[7])))",True,"greater_than_or_equal(mul(add(x[2],x[5]),sub(x[5],x[0])), mul(mul(x[0],x[7]),sub(x[5],x[7])))",0.38323353293413176,cf65da81ffb7a9d4ff3e042c0fa7a250,0.37125748502994016,True,-0.0119760479041916
8,6,"not_(greater_than_or_equal(mul(mul(x[5],pdiv(x[3],x[7])),sub(x[7],x[2])), add(pdiv(add(x[2],x[0]),x[3]),x[7])))",True,"less_than_or_equal(x[2],x[2])",0.35928143712574845,bd082d42dcba8056510101f18394b575,0.3652694610778443,True,0.005988023952095856
8,6,"greater_than_or_equal(add(x[5],x[2]), add(sub(x[7],x[7]),pdiv(x[5],x[5])))",True,"greater_than_or_equal(add(x[2],x[5]), pdiv(x[7],x[7]))",0.7544910179640718,3db16fa16df21b15852938a2c3f9a18b,0.7544910179640718,False,0.0
8,6,"less_than_or_equal(x[0],x[7])",True,"and_(less_than_or_equal(pdiv(x[0],x[0]),pdiv(x[7],x[7])),greater_than_or_equal(sub(x[2],x[2]), sub(x[0],x[7])))",0.45508982035928147,0c866f95d3c400cff6c51bdae200239a,0.45508982035928147,False,0.0
8,6,"greater_than_or_equal(sub(pdiv(x[0],x[2]),x[5]), x[3])",False,,,74321a2647acf98a48cf27acbb54948c,0.5089820359281437,False,0.0
8,6,"greater_than_or_equal(pdiv(pdiv(93.09,add(x[0],x[2])),x[3]), mul(add(x[3],x[5]),x[5]))",False,,,6bb8d5060871277e9a414636c648605b,0.3652694610778443,False,0.0
8,6,"not_(less_than_or_equal(x[7],mul(sub(x[5],x[2]),add(pdiv(add(x[2],x[7]),x[0]),x[0]))))",False,,,068b08c381cc9b06403dba35665e931b,0.562874251497006,False,0.0
8,6,"greater_than_or_equal(94.41, pdiv(x[3],x[3]))",True,"less_than_or_equal(x[2],x[2])",0.35928143712574845,bd082d42dcba8056510101f18394b575,0.35928143712574845,False,0.0
8,6,"not_(less_than_or_equal(pdiv(x[5],x[5]),add(x[3],sub(x[7],x[7]))))",True,"not_(less_than_or_equal(pdiv(x[5],x[5]),x[3]))",0.3413173652694611,05e1f3d74f96ed02168c5462d1f8f406,0.3413173652694611,False,0.0
8,6,"greater_than_or_equal(x[3], x[7])",True,"greater_than_or_equal(x[3], x[7])",0.33532934131736525,176c0c35833bc4ae980b10cd773d9ebc,0.33532934131736525,False,0.0
8,6,"greater_than_or_equal(x[3], x[5])",True,"less_than_or_equal(x[5],x[3])",0.5089820359281437,1d4d287fbe015bbb313f097e26f5bc37,0.5089820359281437,False,0.0
8,6,"less_than_or_equal(mul(mul(x[7],x[7]),add(x[7],x[2])),x[3])",False,,,9eef8efc0d31dedb87f45298c275c2e5,0.28742514970059885,False,0.0
8,6,"not_(less_than_or_equal(pdiv(x[3],x[5]),add(pdiv(x[2],39.95),mul(x[0],x[3]))))",True,"not_(less_than_or_equal(pdiv(x[3],x[5]),add(pdiv(x[2],30.95),mul(x[0],x[3]))))",0.34730538922155685,4ac8a53c24397a99907b64c745d162c5,0.34730538922155685,False,0.0
8,6,"greater_than_or_equal(x[5], mul(x[7],sub(x[5],x[3])))",True,"less_than_or_equal(x[2],x[2])",0.35928143712574845,bd082d42dcba8056510101f18394b575,0.35928143712574845,False,0.0
8,6,"greater_than_or_equal(x[3], mul(x[2],x[3]))",True,"not_(greater_than_or_equal(mul(x[7],x[2]), x[7]))",0.34730538922155685,f69cf4961d82af0c72c0014d2a401904,0.34730538922155685,False,0.0
8,6,"greater_than_or_equal(x[3], x[7])",True,"greater_than_or_equal(x[3], x[7])",0.33532934131736525,176c0c35833bc4ae980b10cd773d9ebc,0.33532934131736525,False,0.0
8,6,"not_(less_than_or_equal(pdiv(x[7],add(x[5],x[2])),add(sub(x[7],x[7]),mul(x[5],x[3]))))",False,,,8033d989fa7be5e77565d4193f48072c,0.4610778443113772,False,0.0
8,6,"greater_than_or_equal(x[3], mul(x[5],pdiv(x[3],x[7])))",True,"greater_than_or_equal(x[7], x[5])",0.6107784431137724,793f9fa4aca1502cfe0a9ed6ab91b83c,0.6047904191616766,True,-0.0059880239520957446
8,6,"greater_than_or_equal(x[3], x[7])",True,"greater_than_or_equal(x[3], x[7])",0.33532934131736525,176c0c35833bc4ae980b10cd773d9ebc,0.33532934131736525,False,0.0
8,6,"greater_than_or_equal(x[5], pdiv(x[5],mul(x[7],add(pdiv(add(x[2],x[3]),pdiv(x[0],x[7])),x[2]))))",False,,,dd71a454e751af23bbaf534bff2f075e,0.7784431137724551,False,0.0
8,6,"not_(less_than_or_equal(pdiv(x[5],add(x[5],mul(x[7],add(x[5],x[2])))),add(sub(x[7],sub(x[5],mul(x[5],x[5]))),add(x[5],x[2]))))",False,,,cd994084aac6b3be64d3c9d25434f47b,0.41916167664670656,False,0.0
8,6,"less_than_or_equal(add(mul(x[7],pdiv(x[5],x[5])),x[2]),add(sub(x[7],x[7]),pdiv(69.44,sub(x[3],x[3]))))",True,"less_than_or_equal(add(mul(x[7],pdiv(x[5],x[5])),x[2]),add(sub(x[7],x[7]),pdiv(69.44,sub(x[3],x[3]))))",0.19161676646706582,14c6e007ad625f3839f568e9ee8a86e1,0.1428571428571429,True,-0.04875962360992292
8,7,"less_than_or_equal(add(x[2],x[0]),x[2])",True,"less_than_or_equal(mul(add(x[0],x[0]),add(x[2],x[5])),sub(add(x[2],x[3]),add(x[3],x[2])))",0.3892215568862275,c9704e311ac7e289734d4b5a1bdc086f,0.3892215568862275,False,0.0
8,7,"not_(less_than_or_equal(x[5],mul(add(x[0],x[7]),pdiv(x[5],x[5]))))",False,,,0f7386cc457ca3b9686048078d9e826b,0.3772455089820359,False,0.0
8,7,"greater_than_or_equal(93.47, add(sub(x[7],x[7]),pdiv(x[5],x[3])))",True,"not_(less_than_or_equal(pdiv(x[3],x[5]),add(pdiv(x[2],30.95),mul(x[0],x[3]))))",0.34730538922155685,4ac8a53c24397a99907b64c745d162c5,0.3413173652694611,True,-0.0059880239520957446
8,7,"greater_than_or_equal(x[5], pdiv(x[2],x[2]))",False,,,d77781efe7d80c80545f6897faedc30c,0.688622754491018,False,0.0
8,7,"not_(greater_than_or_equal(mul(mul(x[3],pdiv(x[0],x[7])),sub(x[7],x[5])), x[2]))",False,,,060db6995e38374f14437a5b1dc0a6c2,0.3772455089820359,False,0.0
8,7,"greater_than_or_equal(pdiv(add(x[5],x[2]),x[5]), x[5])",True,"less_than_or_equal(x[2],x[2])",0.35928143712574845,bd082d42dcba8056510101f18394b575,0.35928143712574845,False,0.0
8,7,"greater_than_or_equal(sub(mul(x[5],x[5]),x[5]), x[2])",True,not_(x[6]),0.6347305389221557,b4068ba57b63c959651c969331c4b5cd,0.6407185628742516,True,0.005988023952095856
8,7,"not_(less_than_or_equal(mul(x[5],sub(x[5],x[5])),43.97))",True,not_(x[6]),0.6347305389221557,b4068ba57b63c959651c969331c4b5cd,0.6407185628742516,True,0.005988023952095856
8,7,"not_(less_than_or_equal(pdiv(30.92,pdiv(sub(add(mul(x[2],add(pdiv(x[5],pdiv(x[2],x[2])),x[5])),x[0]),x[7]),mul(x[3],x[0]))),add(add(x[7],x[3]),add(x[2],x[3]))))",False,,,286fd09e92df7b70f64ca5251aff24d4,0.281437125748503,False,0.0
8,7,"less_than_or_equal(x[5],add(mul(x[2],add(sub(x[7],x[7]),pdiv(x[5],x[2]))),x[2]))",True,"less_than_or_equal(pdiv(sub(x[0],x[0]),sub(x[0],x[2])),x[0])",0.38323353293413176,d0734af37aab8e9b6c733bcf8f431f61,0.38323353293413176,False,0.0
8,7,"greater_than_or_equal(x[3], x[7])",True,"greater_than_or_equal(x[3], x[7])",0.33532934131736525,176c0c35833bc4ae980b10cd773d9ebc,0.33532934131736525,False,0.0
8,7,"greater_than_or_equal(x[3], mul(x[2],x[3]))",True,"not_(greater_than_or_equal(mul(x[7],x[2]), x[7]))",0.34730538922155685,f69cf4961d82af0c72c0014d2a401904,0.34730538922155685,False,0.0
8,7,"not_(greater_than_or_equal(mul(x[7],add(x[2],x[2])), add(pdiv(x[5],x[2]),x[0])))",False,,,194b1e128cae6c8b2e29df2fbf4668da,0.31137724550898205,False,0.0
8,7,"less_than_or_equal(mul(mul(x[0],x[0]),pdiv(x[2],x[0])),mul(x[3],mul(add(x[3],x[0]),add(x[7],x[5]))))",False,,,c08865c2083fba6705fccef0cc70e229,0.34730538922155685,False,0.0
8,7,"greater_than_or_equal(add(x[5],x[2]), x[2])",True,"less_than_or_equal(x[2],x[2])",0.35928143712574845,bd082d42dcba8056510101f18394b575,0.35928143712574845,False,0.0
8,7,"not_(less_than_or_equal(add(pdiv(pdiv(x[5],x[5]),add(x[5],x[2])),mul(x[2],x[0])),add(add(x[2],x[3]),add(x[2],x[5]))))",False,,,84510e8ebd8b1a98531b90bc2a0c17ac,0.4011976047904192,False,0.0
8,7,"greater_than_or_equal(x[5], mul(x[2],x[5]))",True,"not_(greater_than_or_equal(mul(x[7],x[2]), x[7]))",0.34730538922155685,f69cf4961d82af0c72c0014d2a401904,0.34730538922155685,False,0.0
8,7,"not_(greater_than_or_equal(mul(x[7],add(pdiv(mul(x[2],add(mul(x[7],x[7]),pdiv(x[2],x[3]))),x[7]),add(x[7],pdiv(x[3],x[5])))), x[2]))",False,,,9f9d7a5637bba3881b6d78d3c095fe18,0.5808383233532934,False,0.0
8,7,"not_(less_than_or_equal(38.96,x[3]))",True,"less_than_or_equal(x[2],x[2])",0.35928143712574845,bd082d42dcba8056510101f18394b575,0.35928143712574845,False,0.0
8,7,"not_(less_than_or_equal(pdiv(x[5],x[5]),add(x[5],x[2])))",True,"not_(less_than_or_equal(pdiv(x[5],x[5]),add(x[5],x[2])))",0.2455089820359282,5825d6d8d32996f2f81bb41cc0bfa92f,0.2455089820359282,False,0.0
8,7,"not_(less_than_or_equal(pdiv(x[5],mul(x[7],x[0])),x[3]))",True,"not_(less_than_or_equal(pdiv(x[5],x[0]),x[0]))",0.35928143712574845,5372ceb8b23ce5e1dd3bf5c2fc3a57aa,0.3413173652694611,True,-0.017964071856287345
8,7,"greater_than_or_equal(sub(pdiv(x[7],mul(x[5],add(x[2],x[5]))),x[5]), x[2])",False,,,c7b64ba23d6dfa43b6f689f30b0b36b0,0.4730538922155688,False,0.0
8,7,"not_(less_than_or_equal(x[7],x[3]))",True,"greater_than_or_equal(x[7], x[3])",0.6646706586826348,d5925f4b2448dec895a429c6f44b5edc,0.6646706586826348,False,0.0
8,7,"greater_than_or_equal(x[3], x[5])",True,"less_than_or_equal(x[5],x[3])",0.5089820359281437,1d4d287fbe015bbb313f097e26f5bc37,0.5089820359281437,False,0.0
8,7,"greater_than_or_equal(x[3], x[7])",True,"greater_than_or_equal(x[3], x[7])",0.33532934131736525,176c0c35833bc4ae980b10cd773d9ebc,0.33532934131736525,False,0.0
8,7,"greater_than_or_equal(sub(x[5],sub(x[0],x[5])), add(x[5],x[5]))",True,"less_than_or_equal(mul(add(x[0],x[0]),add(x[2],x[5])),sub(add(x[2],x[3]),add(x[3],x[2])))",0.3892215568862275,c9704e311ac7e289734d4b5a1bdc086f,0.3892215568862275,False,0.0
8,7,"greater_than_or_equal(pdiv(x[5],add(pdiv(x[2],x[0]),pdiv(pdiv(x[5],mul(x[2],x[3])),pdiv(x[7],x[3])))), add(add(x[7],x[5]),add(sub(x[2],x[5]),x[7])))",True,not_(x[6]),0.6347305389221557,b4068ba57b63c959651c969331c4b5cd,0.6407185628742516,True,0.005988023952095856
8,7,"greater_than_or_equal(x[3], x[0])",True,"not_(greater_than_or_equal(pdiv(x[0],x[3]), pdiv(x[5],x[5])))",0.3772455089820359,f56d58ec85f58eb9e745c543958f7db4,0.37125748502994016,True,-0.0059880239520957446
8,7,"greater_than_or_equal(pdiv(pdiv(93.09,add(x[0],x[2])),x[3]), mul(add(x[3],x[3]),x[7]))",True,"greater_than_or_equal(pdiv(pdiv(93.09,add(x[0],x[2])),x[3]), mul(add(x[3],x[5]),x[5]))",0.3652694610778443,6bb8d5060871277e9a414636c648605b,0.3652694610778443,False,0.0
8,7,"greater_than_or_equal(x[5], x[5])",True,"less_than_or_equal(x[2],x[2])",0.35928143712574845,bd082d42dcba8056510101f18394b575,0.35928143712574845,False,0.0
8,7,"not_(less_than_or_equal(pdiv(x[3],sub(x[7],mul(mul(x[7],x[7]),add(x[5],x[2])))),add(sub(x[7],x[7]),mul(x[5],x[3]))))",True,"not_(greater_than_or_equal(mul(x[7],add(x[5],x[2])), add(sub(x[7],x[7]),pdiv(x[5],x[5]))))",0.2934131736526946,0626717d313f6c0bc6513f2ca4ff096e,0.29940119760479045,True,0.005988023952095856
8,7,"greater_than_or_equal(x[5], x[5])",True,"less_than_or_equal(x[2],x[2])",0.35928143712574845,bd082d42dcba8056510101f18394b575,0.35928143712574845,False,0.0
8,7,"greater_than_or_equal(x[3], mul(add(x[7],sub(x[3],sub(x[5],x[7]))),mul(mul(x[0],x[2]),x[0])))",True,"not_(less_than_or_equal(pdiv(x[3],x[5]),add(pdiv(x[2],30.95),mul(x[0],x[3]))))",0.34730538922155685,4ac8a53c24397a99907b64c745d162c5,0.3413173652694611,True,-0.0059880239520957446
8,7,"less_than_or_equal(mul(add(sub(x[7],x[7]),pdiv(x[5],pdiv(x[3],x[3]))),sub(x[5],x[7])),add(x[5],x[5]))",True,"less_than_or_equal(x[2],x[2])",0.35928143712574845,bd082d42dcba8056510101f18394b575,0.35928143712574845,False,0.0
8,7,"less_than_or_equal(pdiv(add(x[7],x[2]),sub(x[2],x[3])),add(pdiv(x[5],x[2]),sub(sub(x[7],x[7]),pdiv(69.44,sub(x[3],x[3])))))",True,"greater_than_or_equal(x[3], x[2])",0.3652694610778443,0a54951987edb23171217fd387dfe4ac,0.3652694610778443,False,0.0
8,7,"not_(greater_than_or_equal(mul(add(x[5],x[5]),x[2]), add(sub(x[7],x[7]),pdiv(x[5],mul(pdiv(x[5],x[5]),add(x[5],x[0]))))))",False,,,9b9c63801d0dc5b57f48b9fa597b4d52,0.31137724550898205,False,0.0
8,7,"not_(greater_than_or_equal(97.90, x[5]))",True,not_(x[6]),0.6347305389221557,b4068ba57b63c959651c969331c4b5cd,0.6407185628742516,True,0.005988023952095856
8,7,"greater_than_or_equal(mul(x[7],add(x[5],x[2])), add(sub(x[7],x[7]),pdiv(x[5],x[5])))",False,,,3546496f288757c360631ec55860ae71,0.7065868263473054,False,0.0
8,7,"not_(less_than_or_equal(x[5],mul(x[2],x[5])))",True,"not_(greater_than_or_equal(mul(x[7],x[2]), x[7]))",0.34730538922155685,f69cf4961d82af0c72c0014d2a401904,0.3532934131736527,True,0.005988023952095856
8,7,"greater_than_or_equal(x[3], x[7])",True,"greater_than_or_equal(x[3], x[7])",0.33532934131736525,176c0c35833bc4ae980b10cd773d9ebc,0.33532934131736525,False,0.0
8,7,"greater_than_or_equal(x[5], mul(x[7],add(x[5],30.95)))",True,not_(x[6]),0.6347305389221557,b4068ba57b63c959651c969331c4b5cd,0.6347305389221557,False,0.0
8,7,"greater_than_or_equal(mul(x[7],x[7]), add(x[5],x[2]))",False,,,f5ee293b44ce1fd12a870391faec15c2,0.6347305389221557,False,0.0
8,7,"not_(less_than_or_equal(pdiv(x[5],x[5]),add(pdiv(x[5],add(pdiv(x[5],x[2]),x[3])),mul(x[7],pdiv(x[5],x[5])))))",True,"not_(less_than_or_equal(pdiv(x[5],x[5]),add(pdiv(x[5],add(pdiv(x[5],x[2]),x[3])),mul(x[7],pdiv(x[5],x[5])))))",0.26347305389221554,88335f619ebfa30a0dc7ca4b7a1e9c0c,0.26347305389221554,False,0.0
8,7,"less_than_or_equal(x[7],add(x[5],x[5]))",True,"less_than_or_equal(x[7],add(x[5],x[5]))",0.32335329341317365,542362c77455f34e5ae6b91dd7242715,0.32335329341317365,False,0.0
8,7,"greater_than_or_equal(add(x[2],x[5]), x[5])",True,"less_than_or_equal(x[2],x[2])",0.35928143712574845,bd082d42dcba8056510101f18394b575,0.35928143712574845,False,0.0
8,7,"not_(less_than_or_equal(x[5],mul(x[5],x[3])))",True,"not_(less_than_or_equal(pdiv(x[5],x[5]),x[3]))",0.3413173652694611,05e1f3d74f96ed02168c5462d1f8f406,0.34730538922155685,True,0.0059880239520957446
8,7,"greater_than_or_equal(add(pdiv(x[3],x[7]),x[0]), add(x[3],x[7]))",False,,,1c41a3ae90e7c08d4231e58d9381e554,0.26347305389221554,False,0.0
8,7,"greater_than_or_equal(x[5], sub(x[7],sub(x[3],x[3])))",True,"greater_than_or_equal(x[5], x[7])",0.3892215568862275,ca29d589a2290a0489371628a6b32bf4,0.3892215568862275,False,0.0
8,7,"less_than_or_equal(add(mul(x[7],x[7]),add(x[5],x[2])),add(sub(x[7],x[7]),pdiv(69.47,pdiv(x[5],pdiv(add(x[2],x[5]),x[5])))))",True,"less_than_or_equal(x[2],x[2])",0.35928143712574845,bd082d42dcba8056510101f18394b575,0.35928143712574845,False,0.0
8,7,"greater_than_or_equal(x[3], x[5])",True,"less_than_or_equal(x[5],x[3])",0.5089820359281437,1d4d287fbe015bbb313f097e26f5bc37,0.5089820359281437,False,0.0
8,7,"greater_than_or_equal(x[2], x[0])",True,"less_than_or_equal(x[0],x[2])",0.44311377245508987,6600e71d16c18564dbde1ecda8fbf2a3,0.44311377245508987,False,0.0
8,7,"greater_than_or_equal(add(pdiv(x[5],x[3]),sub(x[5],x[7])), mul(mul(x[0],x[3]),x[7]))",True,"not_(less_than_or_equal(pdiv(x[5],x[3]),sub(x[7],x[5])))",0.32335329341317365,5b4f18d03d5f800a07746c60798a024e,0.3173652694610778,True,-0.005988023952095856
8,7,"less_than_or_equal(mul(mul(x[7],x[7]),add(x[7],add(x[0],pdiv(sub(x[5],mul(x[2],x[3])),pdiv(x[5],x[3]))))),x[2])",False,,,43f47d3427e7d8769e63f7a4128646e5,0.34730538922155685,False,0.0
8,7,"greater_than_or_equal(x[3], x[7])",True,"greater_than_or_equal(x[3], x[7])",0.33532934131736525,176c0c35833bc4ae980b10cd773d9ebc,0.33532934131736525,False,0.0
8,7,"greater_than_or_equal(add(pdiv(x[3],x[3]),sub(x[2],x[7])), sub(x[5],x[3]))",False,,,252c01b670bbfed999c1cd4d04962d9d,0.34730538922155685,False,0.0
8,7,"greater_than_or_equal(sub(pdiv(x[0],x[7]),mul(x[0],mul(x[3],x[7]))), pdiv(x[0],x[3]))",True,"greater_than_or_equal(sub(pdiv(x[0],x[7]),mul(x[0],mul(x[3],x[7]))), pdiv(x[0],x[3]))",0.2934131736526946,f534603d395e0c8dc2f676e79232e48d,0.2934131736526946,False,0.0
8,7,"not_(less_than_or_equal(x[2],mul(x[2],x[0])))",True,"less_than_or_equal(pdiv(sub(x[0],x[0]),sub(x[0],x[2])),x[0])",0.38323353293413176,d0734af37aab8e9b6c733bcf8f431f61,0.3892215568862275,True,0.0059880239520957446
8,7,"not_(less_than_or_equal(pdiv(x[5],x[5]),add(x[5],x[5])))",True,"not_(less_than_or_equal(pdiv(x[5],x[5]),add(x[5],x[5])))",0.4491017964071856,2218a51fb25443ecfeb7d4f388f41f4b,0.4491017964071856,False,0.0
8,7,"greater_than_or_equal(add(pdiv(x[3],x[3]),sub(x[2],mul(x[7],add(x[2],x[5])))), x[5])",False,,,87d2a8e3f1c0f22d0f5bd0f1370ce345,0.281437125748503,False,0.0
8,7,"greater_than_or_equal(x[0], x[5])",True,"less_than_or_equal(x[5],x[0])",0.6227544910179641,2aedc6e15176de9ec0c909a1a3b35796,0.6227544910179641,False,0.0
8,7,"not_(less_than_or_equal(pdiv(x[3],sub(x[7],x[7])),add(x[5],x[2])))",True,"not_(less_than_or_equal(pdiv(x[5],x[5]),add(x[5],x[2])))",0.2455089820359282,5825d6d8d32996f2f81bb41cc0bfa92f,0.2455089820359282,False,0.0
8,7,"greater_than_or_equal(add(x[3],add(x[2],x[2])), sub(add(mul(x[3],sub(x[7],x[5])),x[3]),x[7]))",True,"less_than_or_equal(x[2],x[2])",0.35928143712574845,bd082d42dcba8056510101f18394b575,0.35928143712574845,False,0.0
8,7,"greater_than_or_equal(x[3], mul(x[7],x[7]))",True,"greater_than_or_equal(x[3], mul(x[7],x[7]))",0.3413173652694611,3d72bbc340f037088e8e4149f2ca8ce3,0.3413173652694611,False,0.0
8,7,"greater_than_or_equal(94.79, pdiv(x[5],add(75.19,add(x[7],pdiv(x[5],x[3])))))",True,"less_than_or_equal(x[2],x[2])",0.35928143712574845,bd082d42dcba8056510101f18394b575,0.35928143712574845,False,0.0
8,7,"greater_than_or_equal(add(pdiv(x[3],x[7]),sub(x[5],x[5])), x[5])",True,"not_(greater_than_or_equal(mul(x[7],x[5]), x[3]))",0.33532934131736525,ff4b342bed4706cce4217aaf715c34c5,0.33532934131736525,False,0.0
8,7,"greater_than_or_equal(x[3], pdiv(add(pdiv(add(x[2],x[0]),x[0]),x[5]),add(x[5],x[2])))",True,not_(x[6]),0.6347305389221557,b4068ba57b63c959651c969331c4b5cd,0.6407185628742516,True,0.005988023952095856
8,7,"not_(less_than_or_equal(pdiv(x[5],x[5]),x[7]))",True,"not_(less_than_or_equal(pdiv(x[5],x[5]),add(pdiv(x[2],96.92),x[7])))",0.39520958083832336,db0e6c3409e9b2885c8014a7de8788af,0.39520958083832336,False,0.0
8,7,"greater_than_or_equal(x[3], x[7])",True,"greater_than_or_equal(x[3], x[7])",0.33532934131736525,176c0c35833bc4ae980b10cd773d9ebc,0.33532934131736525,False,0.0
8,7,"greater_than_or_equal(add(x[7],pdiv(x[5],x[5])), add(x[5],pdiv(69.44,sub(x[3],x[3]))))",True,"greater_than_or_equal(x[7], x[5])",0.6107784431137724,793f9fa4aca1502cfe0a9ed6ab91b83c,0.6107784431137724,False,0.0
8,7,"not_(less_than_or_equal(pdiv(x[3],sub(x[7],x[7])),add(x[2],x[2])))",True,"not_(less_than_or_equal(pdiv(x[5],x[5]),add(x[2],x[2])))",0.25149700598802394,b1dd33075a09479c47bb17a355eef7af,0.25149700598802394,False,0.0
8,7,"not_(less_than_or_equal(pdiv(x[5],x[5]),add(x[2],x[2])))",True,"not_(less_than_or_equal(pdiv(x[5],x[5]),add(x[2],x[2])))",0.25149700598802394,b1dd33075a09479c47bb17a355eef7af,0.25149700598802394,False,0.0
8,7,"not_(less_than_or_equal(pdiv(x[5],x[5]),x[3]))",True,"not_(less_than_or_equal(pdiv(x[5],x[5]),x[3]))",0.3413173652694611,05e1f3d74f96ed02168c5462d1f8f406,0.3413173652694611,False,0.0
8,7,"less_than_or_equal(add(x[7],x[3]),sub(x[5],x[5]))",True,not_(x[6]),0.6347305389221557,b4068ba57b63c959651c969331c4b5cd,0.6407185628742516,True,0.005988023952095856
8,7,"not_(less_than_or_equal(pdiv(x[3],x[2]),x[5]))",True,"greater_than_or_equal(x[3], mul(x[5],mul(x[2],x[5])))",0.32335329341317365,00a4693f1ebff735d05805e6ce2aec46,0.3413173652694611,True,0.017964071856287456
8,7,"not_(greater_than_or_equal(mul(x[7],add(x[5],x[2])), add(sub(x[7],x[7]),pdiv(pdiv(97.93,add(x[3],x[7])),mul(x[7],x[5])))))",True,"less_than_or_equal(x[2],x[2])",0.35928143712574845,bd082d42dcba8056510101f18394b575,0.35928143712574845,False,0.0
8,7,"greater_than_or_equal(add(x[7],pdiv(x[3],x[3])), add(x[7],x[5]))",True,"less_than_or_equal(x[2],x[2])",0.35928143712574845,bd082d42dcba8056510101f18394b575,0.35928143712574845,False,0.0
8,7,"greater_than_or_equal(x[5], x[5])",True,"less_than_or_equal(x[2],x[2])",0.35928143712574845,bd082d42dcba8056510101f18394b575,0.35928143712574845,False,0.0
8,7,"not_(greater_than_or_equal(mul(x[7],add(pdiv(mul(x[2],add(add(x[0],x[2]),x[5])),sub(x[2],x[0])),add(x[3],x[7]))), x[5]))",False,,,47d01932921c476966812cf081bac9cc,0.3413173652694611,False,0.0
8,7,"less_than_or_equal(mul(add(x[7],pdiv(x[5],x[5])),pdiv(x[7],x[3])),x[5])",False,,,4640b4d17e9419aaf29025ab62c0a7a6,0.46706586826347307,False,0.0
8,7,"not_(less_than_or_equal(x[7],add(x[2],pdiv(x[3],x[2]))))",False,,,8f7545a517e2f844312c27b9925c727a,0.6586826347305389,False,0.0
8,7,"greater_than_or_equal(x[5], mul(x[7],mul(x[5],x[2])))",True,"less_than_or_equal(x[2],x[2])",0.35928143712574845,bd082d42dcba8056510101f18394b575,0.35928143712574845,False,0.0
8,7,"less_than_or_equal(x[7],x[7])",True,"less_than_or_equal(x[2],x[2])",0.35928143712574845,bd082d42dcba8056510101f18394b575,0.35928143712574845,False,0.0
8,7,"less_than_or_equal(mul(mul(x[3],x[7]),x[5]),mul(x[3],x[3]))",True,"not_(greater_than_or_equal(mul(x[7],x[5]), x[3]))",0.33532934131736525,ff4b342bed4706cce4217aaf715c34c5,0.3293413173652695,True,-0.0059880239520957446
8,7,"not_(greater_than_or_equal(mul(x[3],add(x[5],x[2])), add(sub(pdiv(add(mul(x[7],x[5]),x[5]),mul(x[5],add(x[5],x[2]))),mul(x[0],x[0])),x[2])))",True,"less_than_or_equal(x[2],x[2])",0.35928143712574845,bd082d42dcba8056510101f18394b575,0.3652694610778443,True,0.005988023952095856
8,7,"greater_than_or_equal(x[5], sub(x[2],x[5]))",True,"less_than_or_equal(sub(mul(x[2],x[7]),mul(x[0],x[7])),pdiv(mul(x[7],x[5]),add(x[3],x[0])))",0.33532934131736525,3196da2bdbd782d607c6576ee8113934,0.3413173652694611,True,0.005988023952095856
8,7,"less_than_or_equal(sub(mul(add(x[2],x[5]),x[5]),x[3]),x[7])",False,,,58e43cad927c6daa24adcffca84520bf,0.39520958083832336,False,0.0
8,7,"not_(greater_than_or_equal(mul(pdiv(x[5],x[5]),x[2]), add(sub(x[7],x[7]),pdiv(add(x[2],mul(x[7],pdiv(mul(x[0],x[5]),x[0]))),sub(sub(x[2],x[0]),mul(x[5],x[5]))))))",False,,,66db0996f8a4c57857faf27a55cbc562,0.5988023952095809,False,0.0
8,7,"not_(less_than_or_equal(pdiv(x[0],add(x[7],x[5])),add(x[2],x[3])))",False,,,6122c6730b3982116267ab906662dc88,0.5988023952095809,False,0.0
8,7,"less_than_or_equal(mul(mul(x[5],x[0]),pdiv(x[7],x[0])),mul(x[3],mul(add(x[3],x[5]),x[5])))",False,,,95f62de4f9e42c28d1623dc3a27922ab,0.34730538922155685,False,0.0
8,7,"greater_than_or_equal(add(pdiv(x[3],69.79),mul(x[5],add(x[2],x[3]))), x[5])",False,,,5efb87f8984ed973498edccde1e4db95,0.718562874251497,False,0.0
8,7,"greater_than_or_equal(pdiv(pdiv(x[2],add(pdiv(x[5],pdiv(x[2],x[2])),x[5])),x[0]), x[7])",False,,,418e800d13cd26033669ee3e4f0487a4,0.3413173652694611,False,0.0
8,7,"greater_than_or_equal(sub(pdiv(x[5],mul(x[5],add(x[3],x[7]))),x[3]), x[3])",False,,,efeae1ed75d6914b97ae596364e13851,0.35928143712574845,False,0.0
8,7,"or_(less_than_or_equal(08.47,x[0]),not_(x[1]))",True,not_(x[1]),0.6347305389221557,0a4111672452ed5da840796d6076e3cd,0.6347305389221557,False,0.0
8,7,"greater_than_or_equal(x[5], mul(x[7],mul(add(sub(x[7],x[7]),x[7]),add(sub(mul(x[0],mul(x[3],mul(x[7],mul(x[7],pdiv(add(x[5],x[2]),x[5]))))),x[5]),x[3]))))",False,,,24dc6112cd652f6d5f9a358533722515,0.31137724550898205,False,0.0
8,7,"not_(not_(greater_than_or_equal(x[3], x[3])))",True,"less_than_or_equal(x[2],x[2])",0.35928143712574845,bd082d42dcba8056510101f18394b575,0.35928143712574845,False,0.0
8,7,"greater_than_or_equal(sub(pdiv(x[0],04.47),x[7]), mul(x[7],add(x[5],x[2])))",True,not_(x[6]),0.6347305389221557,b4068ba57b63c959651c969331c4b5cd,0.6347305389221557,False,0.0
8,7,"greater_than_or_equal(x[3], mul(x[5],x[0]))",True,"not_(less_than_or_equal(pdiv(x[3],x[5]),add(pdiv(x[2],30.95),mul(x[0],x[7]))))",0.3293413173652695,c7c0dd835d3e14b67c28a47fcb18c6c1,0.3532934131736527,True,0.0239520958083832
8,7,"greater_than_or_equal(x[7], x[5])",True,"greater_than_or_equal(x[7], x[5])",0.6107784431137724,793f9fa4aca1502cfe0a9ed6ab91b83c,0.6107784431137724,False,0.0
8,7,"greater_than_or_equal(x[3], mul(x[3],x[7]))",True,"less_than_or_equal(x[2],x[2])",0.35928143712574845,bd082d42dcba8056510101f18394b575,0.35928143712574845,False,0.0
8,7,"less_than_or_equal(mul(add(x[2],x[5]),x[5]),add(x[5],x[5]))",True,"less_than_or_equal(x[2],x[2])",0.35928143712574845,bd082d42dcba8056510101f18394b575,0.35928143712574845,False,0.0
8,7,"less_than_or_equal(x[3],mul(mul(mul(x[7],x[0]),pdiv(x[7],x[3])),mul(add(x[5],mul(add(x[0],x[0]),x[7])),x[3])))",False,,,ac5a0a53fbf78ded49a15fb4b1f75428,0.6706586826347305,False,0.0
8,7,"greater_than_or_equal(pdiv(pdiv(x[3],x[7]),x[0]), add(x[3],mul(x[5],mul(x[7],sub(x[5],x[3])))))",False,,,206b14de9a4e725e08a34e81001889f5,0.3293413173652695,False,0.0
8,7,"greater_than_or_equal(x[0], x[5])",True,"less_than_or_equal(x[5],x[0])",0.6227544910179641,2aedc6e15176de9ec0c909a1a3b35796,0.6227544910179641,False,0.0
8,7,"greater_than_or_equal(x[0], x[7])",True,"less_than_or_equal(x[7],x[0])",0.5449101796407185,be077d9307e8548c7420a3c3b9c6aaf2,0.5449101796407185,False,0.0
8,7,"greater_than_or_equal(x[3], add(sub(x[7],x[5]),sub(x[2],x[0])))",True,"greater_than_or_equal(x[3], add(sub(x[7],x[5]),sub(x[2],x[0])))",0.3293413173652695,5df5929526451722729045f1e106b4e5,0.3293413173652695,False,0.0
8,7,"greater_than_or_equal(x[5], sub(x[7],pdiv(x[5],pdiv(x[5],add(sub(42.93,add(x[5],x[0])),44.25)))))",True,"less_than_or_equal(x[2],x[2])",0.35928143712574845,bd082d42dcba8056510101f18394b575,0.35928143712574845,False,0.0
8,7,"greater_than_or_equal(x[5], add(x[2],x[2]))",True,"greater_than_or_equal(x[5], add(x[2],x[2]))",0.39520958083832336,ceb136f9325a6c3dff5e71a06e63c76f,0.39520958083832336,False,0.0
8,7,"greater_than_or_equal(x[3], 49.24)",True,not_(x[6]),0.6347305389221557,b4068ba57b63c959651c969331c4b5cd,0.6407185628742516,True,0.005988023952095856
8,7,"greater_than_or_equal(add(pdiv(x[3],x[7]),sub(x[7],x[5])), x[5])",False,,,707d7ee3089643d0fc233bea0f2fda74,0.3413173652694611,False,0.0
8,7,"less_than_or_equal(x[3],pdiv(x[0],pdiv(add(pdiv(sub(x[2],x[0]),x[3]),x[7]),x[3])))",False,,,5361e5cd8d3d82f689591823a10ddab6,0.6107784431137724,False,0.0
8,7,"less_than_or_equal(add(add(x[7],x[2]),sub(x[2],x[3])),add(pdiv(x[3],pdiv(x[0],x[5])),x[5]))",False,,,0d8d2d0f33636c3122cc62ab972c6072,0.2934131736526946,False,0.0
8,7,"greater_than_or_equal(x[3], mul(x[5],pdiv(pdiv(x[5],x[5]),add(x[5],x[2]))))",False,,,827e68d3c90984c601640bbe26863cd2,0.6646706586826348,False,0.0
8,7,"not_(less_than_or_equal(pdiv(x[5],x[5]),add(pdiv(x[5],pdiv(pdiv(x[7],x[2]),x[5])),mul(x[7],add(pdiv(add(x[3],x[7]),sub(mul(x[3],x[5]),mul(x[3],x[3]))),add(pdiv(x[7],x[7]),pdiv(x[3],x[5])))))))",False,,,51ce679fa2daf32f881f0cc7bf079e02,0.4491017964071856,False,0.0
8,7,"not_(greater_than_or_equal(mul(x[7],add(x[2],x[2])), add(pdiv(x[3],pdiv(add(x[3],x[5]),add(x[5],x[5]))),x[5])))",False,,,8f5c88009cc3d97a869085be25957f78,0.31137724550898205,False,0.0
8,7,"greater_than_or_equal(sub(pdiv(x[5],mul(x[5],add(x[3],x[7]))),x[0]), x[2])",True,"greater_than_or_equal(sub(pdiv(x[5],mul(x[5],add(x[3],x[7]))),x[0]), x[2])",0.2934131736526946,d9b19ad1611b9bc36a75915bd0e7da29,0.2934131736526946,False,0.0
8,7,"greater_than_or_equal(x[3], x[7])",True,"greater_than_or_equal(x[3], x[7])",0.33532934131736525,176c0c35833bc4ae980b10cd773d9ebc,0.33532934131736525,False,0.0
8,7,"greater_than_or_equal(x[3], x[7])",True,"greater_than_or_equal(x[3], x[7])",0.33532934131736525,176c0c35833bc4ae980b10cd773d9ebc,0.33532934131736525,False,0.0
8,7,"greater_than_or_equal(add(pdiv(x[3],pdiv(mul(sub(x[7],x[2]),add(pdiv(sub(x[5],x[5]),add(x[7],x[7])),x[0])),x[2])),add(pdiv(x[5],pdiv(x[2],x[2])),x[5])), x[0])",False,,,02551a2566ad8fe4ebb47c3b8e5c47a0,0.4251497005988024,False,0.0
8,7,"less_than_or_equal(sub(mul(add(x[2],x[2]),x[7]),mul(x[5],x[3])),46.76)",True,"less_than_or_equal(x[2],x[2])",0.35928143712574845,bd082d42dcba8056510101f18394b575,0.35928143712574845,False,0.0
8,7,"not_(less_than_or_equal(x[5],mul(x[5],x[0])))",True,"less_than_or_equal(x[2],x[2])",0.35928143712574845,bd082d42dcba8056510101f18394b575,0.37125748502994016,True,0.011976047904191711
8,7,"less_than_or_equal(mul(x[5],add(x[2],x[5])),x[5])",True,"not_(less_than_or_equal(pdiv(x[5],x[5]),add(x[5],x[2])))",0.2455089820359282,5825d6d8d32996f2f81bb41cc0bfa92f,0.2455089820359282,False,0.0
8,7,"less_than_or_equal(mul(mul(x[7],x[7]),add(x[5],x[2])),pdiv(x[5],sub(x[3],x[7])))",False,,,59764e3f69e56a16ab19788727495e47,0.32335329341317365,False,0.0
8,7,"not_(less_than_or_equal(pdiv(x[5],x[5]),add(x[2],x[5])))",True,"not_(less_than_or_equal(pdiv(x[5],x[5]),add(x[5],x[2])))",0.2455089820359282,5825d6d8d32996f2f81bb41cc0bfa92f,0.2455089820359282,False,0.0
8,7,"less_than_or_equal(mul(x[7],x[5]),pdiv(x[5],sub(add(x[3],x[5]),x[7])))",True,"not_(greater_than_or_equal(mul(x[7],x[5]), pdiv(x[5],sub(add(x[3],x[5]),x[7]))))",0.34730538922155685,906cd02322ebc08dcc05972ce8f978a6,0.3413173652694611,True,-0.0059880239520957446
8,7,"greater_than_or_equal(x[3], x[7])",True,"greater_than_or_equal(x[3], x[7])",0.33532934131736525,176c0c35833bc4ae980b10cd773d9ebc,0.33532934131736525,False,0.0
8,7,"greater_than_or_equal(x[5], sub(pdiv(x[5],pdiv(add(pdiv(x[3],x[3]),sub(x[5],x[2])),add(x[5],x[2]))),pdiv(x[3],x[5])))",True,"greater_than_or_equal(pdiv(pdiv(x[5],x[5]),add(x[5],x[0])), x[2])",0.3413173652694611,5005b0c334820b72e1246e09cfc64254,0.3293413173652695,True,-0.0119760479041916
8,7,"less_than_or_equal(pdiv(pdiv(add(x[2],x[5]),x[5]),x[5]),x[2])",True,not_(x[6]),0.6347305389221557,b4068ba57b63c959651c969331c4b5cd,0.6407185628742516,True,0.005988023952095856
8,7,"not_(greater_than_or_equal(mul(x[7],add(x[5],x[0])), add(x[5],mul(sub(x[5],x[5]),sub(add(x[2],x[2]),sub(x[0],x[7]))))))",False,,,2d31849ec72e15892b84954c650503c8,0.31137724550898205,False,0.0
8,7,"greater_than_or_equal(x[7], x[3])",True,"greater_than_or_equal(x[7], x[3])",0.6646706586826348,d5925f4b2448dec895a429c6f44b5edc,0.6646706586826348,False,0.0
8,7,"greater_than_or_equal(x[3], add(add(x[7],x[7]),x[5]))",True,"less_than_or_equal(add(add(x[7],x[7]),sub(x[0],x[3])),mul(sub(x[0],x[5]),add(x[5],x[5])))",0.5988023952095809,052dbbd7263648530ddce9d2b213db30,0.6107784431137724,True,0.011976047904191489
8,7,"less_than_or_equal(sub(x[5],x[7]),sub(sub(x[2],x[0]),mul(x[7],x[7])))",False,,,a0f12dedb0392101212ce899821b32d9,0.6287425149700598,False,0.0
8,7,"less_than_or_equal(mul(mul(x[7],pdiv(mul(x[0],x[2]),pdiv(mul(x[5],mul(add(x[2],x[2]),x[5])),x[5]))),sub(x[5],x[5])),x[2])",True,"less_than_or_equal(x[2],x[2])",0.35928143712574845,bd082d42dcba8056510101f18394b575,0.35928143712574845,False,0.0
8,7,"greater_than_or_equal(x[7], mul(x[2],add(x[5],x[5])))",False,,,2adcb2fdf5900678c85cdc270782c5be,0.437125748502994,False,0.0
8,7,"not_(less_than_or_equal(pdiv(x[5],x[5]),add(x[7],sub(x[3],x[5]))))",True,"greater_than_or_equal(add(pdiv(x[3],x[3]),sub(x[5],x[3])), x[7])",0.3413173652694611,c8cfa0fb4c8d290d56661010c73ef548,0.3413173652694611,False,0.0
8,7,"less_than_or_equal(mul(sub(x[7],x[0]),sub(x[0],x[5])),add(x[5],x[2]))",True,"less_than_or_equal(x[2],x[2])",0.35928143712574845,bd082d42dcba8056510101f18394b575,0.35928143712574845,False,0.0
8,7,"not_(less_than_or_equal(pdiv(x[5],x[5]),add(x[5],x[2])))",True,"not_(less_than_or_equal(pdiv(x[5],x[5]),add(x[5],x[2])))",0.2455089820359282,5825d6d8d32996f2f81bb41cc0bfa92f,0.2455089820359282,False,0.0
8,7,"greater_than_or_equal(x[3], x[5])",True,"less_than_or_equal(x[5],x[3])",0.5089820359281437,1d4d287fbe015bbb313f097e26f5bc37,0.5089820359281437,False,0.0
8,7,"greater_than_or_equal(x[5], mul(x[7],add(x[5],x[2])))",True,"greater_than_or_equal(x[5], mul(x[7],add(x[5],x[2])))",0.23353293413173648,49521aab13419e9d4582e656c37790ef,0.23353293413173648,False,0.0
8,7,"greater_than_or_equal(add(pdiv(x[3],x[7]),sub(x[7],x[2])), add(pdiv(sub(x[2],x[0]),x[3]),x[7]))",True,"greater_than_or_equal(add(pdiv(x[3],x[7]),sub(x[7],x[2])), add(pdiv(sub(x[2],x[0]),x[3]),x[7]))",0.2694610778443114,e954972a77ba7c7aeb9fabaa08b71612,0.2694610778443114,False,0.0
8,7,"less_than_or_equal(mul(sub(x[2],pdiv(add(sub(x[2],x[0]),mul(pdiv(add(x[7],x[0]),x[2]),add(pdiv(x[5],pdiv(x[7],add(sub(x[5],x[0]),x[7]))),mul(90.96,x[7])))),x[5])),mul(x[3],x[3])),add(pdiv(x[7],x[7]),pdiv(x[3],x[5])))",True,"less_than_or_equal(x[2],x[2])",0.35928143712574845,bd082d42dcba8056510101f18394b575,0.35928143712574845,False,0.0
8,7,"greater_than_or_equal(x[0], add(add(x[7],x[3]),add(x[2],x[0])))",True,not_(x[6]),0.6347305389221557,b4068ba57b63c959651c969331c4b5cd,0.6407185628742516,True,0.005988023952095856
8,7,"greater_than_or_equal(x[2], pdiv(pdiv(x[3],sub(x[7],x[7])),add(x[5],x[2])))",False,,,2936c43406fca085ff3cc4bf24ba26fb,0.6946107784431137,False,0.0
8,7,"not_(less_than_or_equal(pdiv(x[5],x[5]),add(x[3],sub(x[7],add(x[5],x[5])))))",False,,,fabc8e1848b2cbb4bdcb69fdfcbbe32c,0.32335329341317365,False,0.0
8,7,"less_than_or_equal(pdiv(sub(x[7],x[7]),sub(x[2],x[0])),add(pdiv(sub(77.79,pdiv(x[2],x[3])),sub(x[3],x[7])),add(add(x[7],pdiv(x[3],x[3])),x[2])))",False,,,177478904c681047321d1cbd12774ac9,0.3532934131736527,False,0.0
8,7,"less_than_or_equal(mul(mul(x[7],sub(x[5],x[5])),x[2]),add(sub(x[7],x[7]),pdiv(x[5],x[7])))",True,"less_than_or_equal(x[2],x[2])",0.35928143712574845,bd082d42dcba8056510101f18394b575,0.35928143712574845,False,0.0
8,7,"greater_than_or_equal(x[3], x[7])",True,"greater_than_or_equal(x[3], x[7])",0.33532934131736525,176c0c35833bc4ae980b10cd773d9ebc,0.33532934131736525,False,0.0
8,7,"greater_than_or_equal(pdiv(03.95,x[3]), x[7])",True,"less_than_or_equal(x[2],x[2])",0.35928143712574845,bd082d42dcba8056510101f18394b575,0.35928143712574845,False,0.0
8,7,"not_(less_than_or_equal(pdiv(x[2],x[5]),x[5]))",False,,,379e3fd86c4786507474cde0c666a1a3,0.5688622754491017,False,0.0
8,7,"not_(less_than_or_equal(pdiv(x[5],add(x[5],x[2])),add(pdiv(pdiv(x[5],x[5]),add(x[3],x[7])),mul(x[7],x[5]))))",True,not_(x[6]),0.6347305389221557,b4068ba57b63c959651c969331c4b5cd,0.6407185628742516,True,0.005988023952095856
8,7,"not_(less_than_or_equal(pdiv(x[5],x[7]),x[5]))",True,"not_(less_than_or_equal(pdiv(x[5],x[5]),add(pdiv(x[2],96.92),x[7])))",0.39520958083832336,db0e6c3409e9b2885c8014a7de8788af,0.4011976047904192,True,0.005988023952095856
8,7,"greater_than_or_equal(mul(x[3],x[7]), pdiv(x[0],x[3]))",False,,,2db9190a91ad4f23088176e7d235883b,0.43113772455089816,False,0.0
8,7,"greater_than_or_equal(sub(pdiv(x[0],x[7]),mul(x[0],x[3])), x[7])",True,"less_than_or_equal(x[7],pdiv(x[0],x[7]))",0.5029940119760479,37afef815a97697dfbf210f3b9ca92af,0.4970059880239521,True,-0.0059880239520957446
8,7,"greater_than_or_equal(add(pdiv(pdiv(mul(x[7],x[3]),add(x[3],x[7])),x[0]),x[2]), add(pdiv(x[5],pdiv(x[2],x[2])),x[5]))",False,,,4b1c00cacdaa3b4f5082507fa6a29a6c,0.5149700598802396,False,0.0
8,7,"not_(greater_than_or_equal(mul(x[7],add(x[5],x[2])), add(sub(x[7],x[7]),pdiv(sub(97.93,add(x[3],x[7])),mul(x[7],x[5])))))",True,"less_than_or_equal(x[2],x[2])",0.35928143712574845,bd082d42dcba8056510101f18394b575,0.35928143712574845,False,0.0
8,7,"greater_than_or_equal(x[7], x[3])",True,"greater_than_or_equal(x[7], x[3])",0.6646706586826348,d5925f4b2448dec895a429c6f44b5edc,0.6646706586826348,False,0.0
8,7,"greater_than_or_equal(x[3], sub(pdiv(x[0],x[7]),mul(x[0],mul(x[3],x[7]))))",True,"greater_than_or_equal(x[7], pdiv(x[0],x[3]))",0.4730538922155688,7b8e77c29a25cb6038101f7ef1369bf9,0.46706586826347307,True,-0.0059880239520957446
8,7,"not_(less_than_or_equal(pdiv(x[5],x[5]),add(x[2],x[0])))",True,"not_(less_than_or_equal(pdiv(x[5],x[5]),add(x[0],x[2])))",0.34730538922155685,c426607f0a92b79fd094d06b3453a190,0.34730538922155685,False,0.0
8,7,"not_(greater_than_or_equal(mul(x[7],add(x[5],x[2])), add(pdiv(mul(x[2],add(x[5],x[5])),x[2]),add(sub(x[7],x[7]),pdiv(x[5],x[3])))))",False,,,7d654586c8343417150606decbbf38ac,0.3293413173652695,False,0.0
8,7,"greater_than_or_equal(x[3], x[7])",True,"greater_than_or_equal(x[3], x[7])",0.33532934131736525,176c0c35833bc4ae980b10cd773d9ebc,0.33532934131736525,False,0.0
8,7,"greater_than_or_equal(sub(pdiv(x[0],x[3]),mul(x[0],mul(mul(mul(x[7],x[3]),x[7]),x[0]))), x[5])",False,,,3b67e50ebae01a5c12d7710c60c1ed25,0.5748502994011976,False,0.0
8,7,"not_(less_than_or_equal(pdiv(x[5],x[5]),mul(x[2],add(sub(x[7],x[7]),pdiv(x[5],x[5])))))",True,"not_(greater_than_or_equal(mul(x[7],x[2]), x[7]))",0.34730538922155685,f69cf4961d82af0c72c0014d2a401904,0.34730538922155685,False,0.0
8,7,"greater_than_or_equal(x[5], mul(x[7],add(x[7],x[2])))",False,,,dbe0ded9608d153cce360999e2a5fae7,0.2455089820359282,False,0.0
8,7,"not_(less_than_or_equal(pdiv(x[5],x[5]),add(x[0],mul(pdiv(x[2],x[2]),mul(x[7],mul(x[3],x[3]))))))",False,,,d78c302c6226bcc966005edf2f045a66,0.3532934131736527,False,0.0
8,7,"not_(less_than_or_equal(pdiv(x[5],x[5]),add(x[2],x[2])))",True,"not_(less_than_or_equal(pdiv(x[5],x[5]),add(x[2],x[2])))",0.25149700598802394,b1dd33075a09479c47bb17a355eef7af,0.25149700598802394,False,0.0
8,7,"less_than_or_equal(add(add(x[7],x[2]),sub(x[2],x[3])),add(pdiv(x[2],pdiv(mul(x[2],x[7]),x[3])),sub(x[5],x[5])))",False,,,702b6855bb12560c37100b91e19e3e24,0.27544910179640714,False,0.0
8,7,"less_than_or_equal(add(mul(x[7],pdiv(x[5],x[5])),x[2]),add(sub(x[7],x[7]),x[7]))",True,"greater_than_or_equal(pdiv(mul(x[5],x[2]),pdiv(x[2],x[5])), add(sub(x[7],x[7]),add(x[5],x[0])))",0.6107784431137724,ec48eb4aba9f475884bcf9e8f28adadc,0.6167664670658682,True,0.005988023952095856
8,7,"greater_than_or_equal(x[3], pdiv(69.44,sub(x[3],x[3])))",True,"less_than_or_equal(pdiv(mul(pdiv(x[3],x[3]),sub(x[5],x[3])),mul(pdiv(x[0],x[5]),sub(x[3],x[3]))),x[3])",0.6586826347305389,f97921da4bc12e7263893dbe645c4d9b,0.6586826347305389,False,0.0
8,7,"less_than_or_equal(mul(mul(sub(x[2],x[5]),sub(x[2],x[0])),x[3]),x[5])",False,,,508b7ef8cad34e9b120957bca3a23392,0.3413173652694611,False,0.0
8,7,"less_than_or_equal(mul(x[5],x[0]),pdiv(x[7],x[0]))",True,"not_(greater_than_or_equal(mul(add(x[5],x[5]),x[0]), add(sub(x[7],x[7]),pdiv(x[5],x[0]))))",0.37125748502994016,0a3e2c977030e8d0e2f3cfd881788b9d,0.3772455089820359,True,0.0059880239520957446
8,7,"not_(less_than_or_equal(x[5],mul(x[5],x[5])))",True,"not_(less_than_or_equal(pdiv(x[5],x[5]),x[5]))",0.31137724550898205,774eb80249c37c32f486ae194a31e639,0.3173652694610778,True,0.0059880239520957446
8,7,"not_(less_than_or_equal(pdiv(x[5],x[5]),add(x[2],x[2])))",True,"not_(less_than_or_equal(pdiv(x[5],x[5]),add(x[2],x[2])))",0.25149700598802394,b1dd33075a09479c47bb17a355eef7af,0.25149700598802394,False,0.0
8,7,"not_(less_than_or_equal(x[5],x[3]))",True,"not_(greater_than_or_equal(mul(x[3],x[7]), mul(x[5],x[7])))",0.49101796407185627,412103f357976d5446a7df187265a720,0.49101796407185627,False,0.0
8,7,"greater_than_or_equal(add(pdiv(x[3],x[7]),add(x[5],x[5])), pdiv(x[5],x[5]))",False,,,81cac1d3bc09f0d40846328256603a98,0.3652694610778443,False,0.0
8,7,"less_than_or_equal(add(add(x[7],x[2]),sub(x[2],x[3])),add(add(sub(x[7],x[7]),pdiv(x[5],x[5])),pdiv(x[5],x[2])))",False,,,4e8a2912a169764fd2f0f40babfc5db3,0.32335329341317365,False,0.0
8,7,"not_(less_than_or_equal(x[5],mul(sub(x[3],x[7]),add(pdiv(add(x[2],x[3]),pdiv(x[0],x[7])),x[2]))))",False,,,011f178febe93432228ab403e39806b0,0.4251497005988024,False,0.0
8,7,"not_(less_than_or_equal(pdiv(x[5],pdiv(x[7],94.99)),x[5]))",True,"less_than_or_equal(x[2],x[2])",0.35928143712574845,bd082d42dcba8056510101f18394b575,0.3652694610778443,True,0.005988023952095856
8,7,"not_(less_than_or_equal(pdiv(x[2],x[5]),x[0]))",False,,,ddece2f7f2379f78766f7d9b51795231,0.43113772455089816,False,0.0
8,7,"less_than_or_equal(mul(add(x[2],x[5]),sub(x[2],x[0])),add(sub(pdiv(x[5],x[5]),add(x[2],add(x[3],x[5]))),add(pdiv(x[2],30.95),mul(x[0],x[7]))))",False,,,168179ad3f1e2eb1b7cd1bb2732b42ed,0.5089820359281437,False,0.0
8,7,"greater_than_or_equal(x[3], mul(x[7],mul(x[2],x[3])))",True,"less_than_or_equal(x[2],x[2])",0.35928143712574845,bd082d42dcba8056510101f18394b575,0.35928143712574845,False,0.0
8,7,"greater_than_or_equal(x[3], x[5])",True,"less_than_or_equal(x[5],x[3])",0.5089820359281437,1d4d287fbe015bbb313f097e26f5bc37,0.5089820359281437,False,0.0
8,7,"not_(less_than_or_equal(pdiv(x[5],x[0]),sub(x[5],x[5])))",True,"less_than_or_equal(x[2],x[2])",0.35928143712574845,bd082d42dcba8056510101f18394b575,0.35928143712574845,False,0.0
8,7,"not_(greater_than_or_equal(mul(x[5],add(x[5],x[0])), add(x[5],mul(sub(x[0],x[2]),add(x[0],x[7])))))",False,,,d59fb9717a9dd89daa5ebf0720c11337,0.19161676646706582,False,0.0
8,7,"not_(less_than_or_equal(pdiv(x[7],pdiv(x[5],pdiv(add(x[2],x[5]),x[5]))),x[5]))",False,,,cbce40b0a97fa22123e726dc7d433003,0.5508982035928144,False,0.0
8,7,"greater_than_or_equal(x[5], sub(x[5],x[5]))",True,"less_than_or_equal(x[2],x[2])",0.35928143712574845,bd082d42dcba8056510101f18394b575,0.35928143712574845,False,0.0
8,7,"not_(less_than_or_equal(x[5],x[5]))",True,not_(x[6]),0.6347305389221557,b4068ba57b63c959651c969331c4b5cd,0.6407185628742516,True,0.005988023952095856
8,7,"not_(less_than_or_equal(pdiv(x[5],x[5]),pdiv(pdiv(x[5],x[7]),add(x[2],x[3]))))",False,,,27c35a5f6ca01acaa0ca801cda397a4e,0.688622754491018,False,0.0
8,7,"not_(less_than_or_equal(pdiv(x[5],x[5]),x[7]))",True,"not_(less_than_or_equal(pdiv(x[5],x[5]),add(pdiv(x[2],96.92),x[7])))",0.39520958083832336,db0e6c3409e9b2885c8014a7de8788af,0.39520958083832336,False,0.0
8,7,"not_(greater_than_or_equal(mul(x[7],add(x[5],x[2])), add(x[5],mul(sub(x[5],x[5]),sub(add(x[2],x[2]),mul(pdiv(43.97,x[5]),add(x[7],85.40)))))))",True,"greater_than_or_equal(x[5], mul(x[7],add(x[5],x[2])))",0.23353293413173648,49521aab13419e9d4582e656c37790ef,0.23353293413173648,False,0.0
8,7,"greater_than_or_equal(x[5], mul(x[2],x[7]))",True,"less_than_or_equal(sub(mul(x[2],x[7]),mul(x[0],x[7])),x[5])",0.34730538922155685,67e5c7a497be3e968ea5c2bd6433af6d,0.33532934131736525,True,-0.0119760479041916
8,7,"not_(greater_than_or_equal(mul(x[7],add(x[2],x[2])), add(x[3],x[2])))",False,,,283b16a3956878a419f1adca72a9d884,0.3173652694610778,False,0.0
8,7,"greater_than_or_equal(pdiv(x[5],add(pdiv(x[2],x[0]),pdiv(add(x[5],mul(x[2],x[5])),x[3]))), x[0])",False,,,79233f7963b4b3938324013557324533,0.35928143712574845,False,0.0
8,7,"less_than_or_equal(mul(mul(x[5],x[0]),pdiv(x[7],x[0])),mul(x[3],mul(add(pdiv(x[5],x[3]),x[2]),add(pdiv(add(x[7],pdiv(x[2],x[2])),mul(x[2],x[5])),add(mul(x[0],24.40),x[0])))))",True,"less_than_or_equal(x[2],x[2])",0.35928143712574845,bd082d42dcba8056510101f18394b575,0.35928143712574845,False,0.0
8,7,"not_(greater_than_or_equal(mul(x[7],add(x[2],x[2])), add(pdiv(x[3],x[3]),x[7])))",True,"less_than_or_equal(x[2],x[2])",0.35928143712574845,bd082d42dcba8056510101f18394b575,0.35928143712574845,False,0.0
8,7,"greater_than_or_equal(x[3], mul(x[7],x[5]))",True,"not_(greater_than_or_equal(mul(x[7],x[5]), x[3]))",0.33532934131736525,ff4b342bed4706cce4217aaf715c34c5,0.33532934131736525,False,0.0
8,7,"not_(greater_than_or_equal(mul(x[7],add(x[5],add(x[7],pdiv(x[5],x[2])))), x[7]))",False,,,3328b0a9c43681288243046a85c37e45,0.6407185628742516,False,0.0
8,7,"less_than_or_equal(mul(sub(x[7],x[0]),pdiv(x[7],x[3])),mul(x[2],add(sub(x[7],x[7]),pdiv(x[5],x[5]))))",False,,,6c27904552a7ce595b42950f47417325,0.40718562874251496,False,0.0
8,7,"less_than_or_equal(x[3],pdiv(x[5],mul(x[5],add(x[2],x[0]))))",True,"less_than_or_equal(x[2],x[2])",0.35928143712574845,bd082d42dcba8056510101f18394b575,0.35928143712574845,False,0.0
8,7,"greater_than_or_equal(sub(x[3],add(pdiv(x[5],x[0]),mul(x[3],x[7]))), pdiv(x[0],add(add(x[2],x[5]),add(x[2],x[5]))))",True,not_(x[6]),0.6347305389221557,b4068ba57b63c959651c969331c4b5cd,0.6407185628742516,True,0.005988023952095856
8,7,"less_than_or_equal(mul(mul(x[7],x[7]),add(x[5],x[2])),pdiv(x[5],x[5]))",True,"greater_than_or_equal(pdiv(pdiv(x[5],x[5]),add(x[5],x[2])), mul(x[7],pdiv(mul(x[5],x[7]),x[5])))",0.34730538922155685,69d3064ff6f8bcedd35b9570958e1d1f,0.34730538922155685,False,0.0
8,7,"less_than_or_equal(mul(mul(x[7],x[2]),add(x[5],x[2])),add(sub(x[7],x[7]),add(x[3],sub(pdiv(x[3],x[7]),x[7]))))",False,,,f698c4ce6a97737d8cd54403d7f75b30,0.3053892215568862,False,0.0
8,7,"greater_than_or_equal(x[3], mul(mul(pdiv(x[5],x[7]),x[7]),pdiv(x[5],x[5])))",True,"less_than_or_equal(x[5],x[3])",0.5089820359281437,1d4d287fbe015bbb313f097e26f5bc37,0.5089820359281437,False,0.0
8,7,"greater_than_or_equal(x[5], sub(x[7],pdiv(x[5],pdiv(add(x[2],x[2]),pdiv(x[5],x[5])))))",True,"less_than_or_equal(sub(mul(x[2],x[7]),mul(x[0],x[7])),pdiv(mul(x[7],x[5]),add(x[3],x[0])))",0.33532934131736525,3196da2bdbd782d607c6576ee8113934,0.33532934131736525,False,0.0
8,7,"not_(less_than_or_equal(pdiv(x[5],x[5]),add(pdiv(x[5],add(pdiv(x[5],x[2]),x[3])),mul(x[7],pdiv(x[5],x[5])))))",True,"not_(less_than_or_equal(pdiv(x[5],x[5]),add(pdiv(x[5],add(pdiv(x[5],x[2]),x[3])),mul(x[7],pdiv(x[5],x[5])))))",0.26347305389221554,88335f619ebfa30a0dc7ca4b7a1e9c0c,0.26347305389221554,False,0.0
8,7,"not_(less_than_or_equal(x[2],add(pdiv(x[5],x[2]),mul(x[2],x[5]))))",True,"not_(less_than_or_equal(x[2],add(pdiv(x[5],x[2]),mul(x[2],x[5]))))",0.6646706586826348,922e6bcd7ff625e04e47500abf7d971d,0.6646706586826348,False,0.0
8,7,"greater_than_or_equal(pdiv(add(x[7],add(x[5],x[2])),add(sub(x[7],x[7]),pdiv(sub(mul(x[5],mul(mul(x[5],x[5]),add(x[2],x[3]))),x[5]),x[5]))), add(x[2],x[5]))",False,,,864dbbbe18a58d2cf56d112fd5ee5286,0.6646706586826348,False,0.0
8,7,"not_(less_than_or_equal(pdiv(x[5],x[7]),pdiv(x[7],x[3])))",False,,,4cc663c2ea223b19e3e394cb03a3fec0,0.2934131736526946,False,0.0
8,7,"greater_than_or_equal(pdiv(x[3],mul(add(x[5],x[2]),add(sub(x[7],x[7]),pdiv(x[5],x[5])))), mul(sub(x[5],x[5]),x[7]))",True,"less_than_or_equal(x[2],x[2])",0.35928143712574845,bd082d42dcba8056510101f18394b575,0.35928143712574845,False,0.0
8,7,"greater_than_or_equal(x[3], mul(x[5],x[7]))",True,"not_(greater_than_or_equal(mul(x[7],x[5]), x[3]))",0.33532934131736525,ff4b342bed4706cce4217aaf715c34c5,0.33532934131736525,False,0.0
8,7,"less_than_or_equal(mul(mul(x[7],sub(x[5],x[5])),x[2]),pdiv(x[5],x[5]))",True,"less_than_or_equal(x[2],x[2])",0.35928143712574845,bd082d42dcba8056510101f18394b575,0.35928143712574845,False,0.0
8,7,"greater_than_or_equal(sub(mul(x[5],x[2]),add(sub(x[7],x[7]),pdiv(x[5],x[5]))), add(x[5],x[2]))",True,not_(x[6]),0.6347305389221557,b4068ba57b63c959651c969331c4b5cd,0.6407185628742516,True,0.005988023952095856
8,7,"not_(less_than_or_equal(x[5],x[5]))",True,not_(x[6]),0.6347305389221557,b4068ba57b63c959651c969331c4b5cd,0.6407185628742516,True,0.005988023952095856
8,7,"greater_than_or_equal(x[2], pdiv(x[3],mul(add(x[5],x[2]),add(sub(x[7],x[7]),pdiv(x[5],x[5])))))",False,,,04ac80f69ede9037f35cefcb07a46d83,0.6766467065868264,False,0.0
8,7,"greater_than_or_equal(mul(x[7],add(x[3],x[7])), mul(sub(x[5],x[2]),add(pdiv(add(x[2],x[0]),x[0]),x[0])))",False,,,b24cd988a0e1a368511d85a60e6f5a1e,0.6167664670658682,False,0.0
8,7,"less_than_or_equal(mul(pdiv(x[7],x[7]),add(x[5],add(x[2],75.39))),mul(pdiv(add(x[3],x[7]),x[5]),x[3]))",True,"less_than_or_equal(sub(pdiv(x[5],x[2]),mul(x[7],x[0])),mul(mul(x[3],x[2]),sub(x[5],x[2])))",0.6467065868263473,64a044af0d7ad5746f97e0885e2b3f57,0.6467065868263473,False,0.0
8,7,"greater_than_or_equal(add(x[7],pdiv(x[5],x[5])), x[5])",True,"less_than_or_equal(x[2],x[2])",0.35928143712574845,bd082d42dcba8056510101f18394b575,0.35928143712574845,False,0.0
8,7,"not_(less_than_or_equal(pdiv(x[7],add(x[7],x[2])),x[3]))",False,,,8de78ac99aaa8c8f0ce8d79625d1d041,0.43113772455089816,False,0.0
8,7,"greater_than_or_equal(sub(x[7],x[7]), pdiv(x[5],x[5]))",True,not_(x[6]),0.6347305389221557,b4068ba57b63c959651c969331c4b5cd,0.6407185628742516,True,0.005988023952095856
8,7,"not_(greater_than_or_equal(mul(x[7],mul(x[5],x[2])), pdiv(x[5],x[5])))",True,"less_than_or_equal(x[2],x[2])",0.35928143712574845,bd082d42dcba8056510101f18394b575,0.35928143712574845,False,0.0
8,7,"greater_than_or_equal(x[3], x[7])",True,"greater_than_or_equal(x[3], x[7])",0.33532934131736525,176c0c35833bc4ae980b10cd773d9ebc,0.33532934131736525,False,0.0
8,7,"greater_than_or_equal(97.93, x[5])",True,"less_than_or_equal(x[2],x[2])",0.35928143712574845,bd082d42dcba8056510101f18394b575,0.35928143712574845,False,0.0
8,7,"not_(greater_than_or_equal(pdiv(x[5],x[0]), sub(x[3],x[5])))",True,"greater_than_or_equal(mul(x[0],x[3]), pdiv(x[5],x[3]))",0.6586826347305389,398030c733cc84fbe192baf690950e15,0.6646706586826348,True,0.005988023952095856
8,7,"less_than_or_equal(mul(add(x[2],x[5]),add(x[2],x[0])),add(add(x[3],x[7]),pdiv(x[3],x[7])))",False,,,5bd8078f6a85e2d79ea8a81a0ef9dd97,0.3293413173652695,False,0.0
8,7,"less_than_or_equal(sub(x[7],x[0]),x[0])",False,,,5f3870eadc2d233fc9334fed2961235c,0.5089820359281437,False,0.0
8,7,"not_(less_than_or_equal(pdiv(x[5],add(x[7],mul(x[0],mul(x[3],x[7])))),pdiv(x[0],x[3])))",False,,,2234a7ef2a27622a6c9ed616b33bd3a1,0.3293413173652695,False,0.0
8,7,"greater_than_or_equal(sub(pdiv(10.39,x[0]),pdiv(x[5],x[2])), x[3])",False,,,227d833fc9512879d6dda22f36375f76,0.6467065868263473,False,0.0
8,7,"greater_than_or_equal(add(pdiv(x[5],x[3]),sub(add(sub(x[7],mul(add(x[5],x[2]),add(sub(x[7],x[7]),pdiv(x[3],x[7])))),x[7]),add(x[5],x[2]))), add(sub(x[7],x[7]),pdiv(x[5],x[3])))",False,,,89ec7b7c214f1db473715698a35056b5,0.6287425149700598,False,0.0
8,7,"not_(greater_than_or_equal(mul(x[7],mul(x[0],x[2])), x[0]))",True,"less_than_or_equal(mul(mul(x[3],x[3]),pdiv(x[7],sub(37.93,add(x[5],x[2])))),mul(x[0],x[0]))",0.6047904191616766,2b99e7e9b25541f2348cdeee1f65dbda,0.6107784431137724,True,0.0059880239520957446
8,7,"less_than_or_equal(x[0],add(x[3],x[3]))",True,"less_than_or_equal(x[0],mul(add(x[3],x[5]),pdiv(pdiv(x[3],pdiv(x[5],x[5])),x[0])))",0.35928143712574845,946789eb468405234c38dbb8a53860cb,0.35928143712574845,False,0.0
8,7,"greater_than_or_equal(add(pdiv(x[3],x[7]),mul(mul(x[7],x[7]),mul(x[7],add(pdiv(x[3],x[7]),x[0])))), x[5])",False,,,4599179cdfbfde69e2284b78fbc62ad9,0.3532934131736527,False,0.0
8,7,"greater_than_or_equal(x[5], sub(x[7],pdiv(x[5],pdiv(add(x[5],x[0]),mul(x[3],x[7])))))",False,,,637ce7b15e5b1987f721e0e57a853a1b,0.29940119760479045,False,0.0
8,7,"less_than_or_equal(add(pdiv(x[3],x[3]),sub(x[7],x[2])),add(x[7],pdiv(x[5],x[5])))",True,"less_than_or_equal(x[2],x[2])",0.35928143712574845,bd082d42dcba8056510101f18394b575,0.35928143712574845,False,0.0
8,7,"greater_than_or_equal(x[7], x[3])",True,"greater_than_or_equal(x[7], x[3])",0.6646706586826348,d5925f4b2448dec895a429c6f44b5edc,0.6646706586826348,False,0.0
8,7,"greater_than_or_equal(add(add(x[7],x[0]),x[2]), x[0])",True,"less_than_or_equal(x[2],x[2])",0.35928143712574845,bd082d42dcba8056510101f18394b575,0.35928143712574845,False,0.0
8,7,"not_(less_than_or_equal(add(x[3],sub(x[7],x[7])),add(x[5],x[2])))",True,"greater_than_or_equal(x[3], add(x[5],x[2]))",0.5688622754491017,3b95d43c6b1291e78b2ed83052bed275,0.5688622754491017,False,0.0
8,7,"not_(greater_than_or_equal(mul(x[7],add(x[2],x[2])), add(pdiv(x[3],pdiv(add(x[3],x[7]),x[5])),x[3])))",True,"not_(greater_than_or_equal(mul(x[7],add(x[2],x[2])), add(pdiv(x[3],pdiv(add(x[3],x[7]),x[5])),x[3])))",0.28742514970059885,0781ab8717a4370a6ce64e356227e6c8,0.28742514970059885,False,0.0
8,7,"greater_than_or_equal(sub(pdiv(x[0],x[7]),mul(x[0],mul(x[7],pdiv(x[5],x[5])))), add(x[5],x[2]))",False,,,cf4001fac02c200e00593502b05291c0,0.5209580838323353,False,0.0
8,7,"not_(less_than_or_equal(x[7],pdiv(x[0],x[3])))",True,"greater_than_or_equal(x[7], pdiv(x[0],x[3]))",0.4730538922155688,7b8e77c29a25cb6038101f7ef1369bf9,0.4730538922155688,False,0.0
8,7,"greater_than_or_equal(mul(mul(x[7],x[7]),mul(x[7],add(pdiv(x[3],x[7]),x[0]))), x[5])",False,,,daab7633385dea9d55bd197d5aaa80b6,0.6766467065868264,False,0.0
8,7,"greater_than_or_equal(sub(pdiv(x[0],x[7]),mul(x[0],mul(x[3],x[7]))), add(x[0],x[3]))",False,,,f55fa28c61cbc52cdf5510ef5f5a188f,0.5209580838323353,False,0.0
8,7,"not_(greater_than_or_equal(add(x[5],add(x[5],x[2])), add(add(x[7],x[5]),x[2])))",True,"greater_than_or_equal(x[7], x[5])",0.6107784431137724,793f9fa4aca1502cfe0a9ed6ab91b83c,0.6107784431137724,False,0.0
8,7,"greater_than_or_equal(add(pdiv(x[3],x[7]),sub(x[7],x[2])), add(x[7],x[7]))",False,,,023f7e197519d8190b2d025d2b6f3f86,0.2694610778443114,False,0.0
8,7,"less_than_or_equal(sub(pdiv(x[0],mul(x[3],x[7])),pdiv(x[0],x[3])),add(add(x[5],x[7]),sub(x[7],x[5])))",False,,,81fb5528605c523d1636bb8be7e66b88,0.4970059880239521,False,0.0
8,7,"less_than_or_equal(sub(mul(add(x[2],x[2]),x[7]),mul(x[5],x[5])),mul(x[5],x[3]))",False,,,36223a79353071cf7fcdb44290a1b09f,0.3053892215568862,False,0.0
8,7,"not_(less_than_or_equal(pdiv(x[5],x[5]),add(x[2],x[3])))",True,"not_(less_than_or_equal(pdiv(x[5],x[5]),add(x[2],x[3])))",0.2694610778443114,8e10ebf505ba211742b7164524309595,0.2694610778443114,False,0.0
8,7,"greater_than_or_equal(pdiv(x[3],mul(add(x[5],x[2]),add(sub(x[7],x[0]),pdiv(x[5],x[5])))), mul(mul(x[5],x[7]),pdiv(x[7],x[3])))",False,,,5c719acd185597121a8a30cda7698e4f,0.32335329341317365,False,0.0
8,7,"not_(less_than_or_equal(pdiv(x[5],x[5]),x[0]))",True,"less_than_or_equal(x[2],x[2])",0.35928143712574845,bd082d42dcba8056510101f18394b575,0.3652694610778443,True,0.005988023952095856
8,7,"greater_than_or_equal(x[3], pdiv(43.97,x[5]))",True,not_(x[6]),0.6347305389221557,b4068ba57b63c959651c969331c4b5cd,0.6407185628742516,True,0.005988023952095856
8,7,"not_(less_than_or_equal(pdiv(x[5],03.99),add(pdiv(x[0],x[2]),x[3])))",False,,,357d015af65f57a5d16adadbf97ec64c,0.6287425149700598,False,0.0
8,7,"not_(less_than_or_equal(pdiv(x[5],x[5]),add(x[7],pdiv(x[5],sub(x[7],x[0])))))",False,,,0d9aacf504fe58c28e53c8286aeea288,0.592814371257485,False,0.0
8,7,"not_(less_than_or_equal(pdiv(x[5],x[5]),x[5]))",True,"not_(less_than_or_equal(pdiv(x[5],x[5]),x[5]))",0.31137724550898205,774eb80249c37c32f486ae194a31e639,0.31137724550898205,False,0.0
8,7,"not_(and_(x[1],less_than_or_equal(x[5],x[7])))",False,,,f9d84f4955ca73d54d2475aae9af15a6,0.38323353293413176,False,0.0
8,7,"greater_than_or_equal(add(pdiv(x[3],x[3]),sub(x[5],x[5])), x[5])",True,"less_than_or_equal(x[2],x[2])",0.35928143712574845,bd082d42dcba8056510101f18394b575,0.35928143712574845,False,0.0
8,7,"not_(less_than_or_equal(pdiv(x[2],x[7]),add(x[5],x[2])))",False,,,ba0578c6a0d25654bf689821b685b78a,0.46706586826347307,False,0.0
8,7,"not_(greater_than_or_equal(mul(x[2],add(x[5],x[2])), add(sub(pdiv(add(x[7],pdiv(x[5],x[0])),sub(x[3],x[7])),pdiv(x[0],x[3])),add(add(x[5],x[7]),sub(x[7],x[5])))))",True,"greater_than_or_equal(x[3], x[7])",0.33532934131736525,176c0c35833bc4ae980b10cd773d9ebc,0.33532934131736525,False,0.0
8,7,"greater_than_or_equal(sub(x[3],add(x[7],37.93)), add(x[5],x[2]))",True,not_(x[6]),0.6347305389221557,b4068ba57b63c959651c969331c4b5cd,0.6407185628742516,True,0.005988023952095856
8,7,"greater_than_or_equal(add(x[7],pdiv(x[5],x[5])), add(x[5],x[0]))",False,,,2dc8ad3f1863ec45c77ffae75138621b,0.35928143712574845,False,0.0
8,7,"not_(less_than_or_equal(pdiv(x[5],sub(x[7],x[7])),pdiv(x[5],x[2])))",True,"less_than_or_equal(x[5],x[2])",0.652694610778443,6fb17002302e404122653cf2c68db553,0.652694610778443,False,0.0
8,7,"not_(greater_than_or_equal(x[5], x[5]))",True,not_(x[6]),0.6347305389221557,b4068ba57b63c959651c969331c4b5cd,0.6407185628742516,True,0.005988023952095856
8,7,"not_(less_than_or_equal(pdiv(x[5],add(x[2],x[5])),x[5]))",True,"not_(less_than_or_equal(pdiv(x[5],x[5]),add(x[5],x[2])))",0.2455089820359282,5825d6d8d32996f2f81bb41cc0bfa92f,0.25149700598802394,True,0.0059880239520957446
8,7,"greater_than_or_equal(x[7], x[7])",True,"less_than_or_equal(x[2],x[2])",0.35928143712574845,bd082d42dcba8056510101f18394b575,0.35928143712574845,False,0.0
8,7,"less_than_or_equal(add(mul(x[7],pdiv(x[5],x[5])),x[2]),add(sub(x[7],x[7]),pdiv(69.44,sub(x[5],x[2]))))",True,"not_(not_(less_than_or_equal(x[2],x[5])))",0.34730538922155685,4af53f79d9ad2ffac455113b88a02dd4,0.34730538922155685,False,0.0
8,7,"not_(less_than_or_equal(pdiv(x[5],add(x[7],add(x[5],x[2]))),add(sub(x[7],x[7]),pdiv(44.06,x[0]))))",True,not_(x[6]),0.6347305389221557,b4068ba57b63c959651c969331c4b5cd,0.6407185628742516,True,0.005988023952095856
8,7,"greater_than_or_equal(59.44, add(x[3],mul(add(x[3],x[5]),x[5])))",True,"less_than_or_equal(x[2],x[2])",0.35928143712574845,bd082d42dcba8056510101f18394b575,0.35928143712574845,False,0.0
8,7,"greater_than_or_equal(x[3], x[7])",True,"greater_than_or_equal(x[3], x[7])",0.33532934131736525,176c0c35833bc4ae980b10cd773d9ebc,0.33532934131736525,False,0.0
8,7,"greater_than_or_equal(x[3], x[7])",True,"greater_than_or_equal(x[3], x[7])",0.33532934131736525,176c0c35833bc4ae980b10cd773d9ebc,0.33532934131736525,False,0.0
8,7,"not_(greater_than_or_equal(x[3], x[7]))",True,"greater_than_or_equal(x[7], x[3])",0.6646706586826348,d5925f4b2448dec895a429c6f44b5edc,0.6646706586826348,False,0.0
8,7,"greater_than_or_equal(x[7], x[5])",True,"greater_than_or_equal(x[7], x[5])",0.6107784431137724,793f9fa4aca1502cfe0a9ed6ab91b83c,0.6107784431137724,False,0.0
8,7,"less_than_or_equal(mul(pdiv(mul(x[7],pdiv(92.46,pdiv(mul(add(x[2],x[5]),sub(x[2],x[0])),add(x[3],x[7])))),x[5]),x[0]),sub(sub(x[2],x[0]),mul(x[5],x[5])))",False,,,016a5fe484170bc1bcfa9f1180038886,0.5089820359281437,False,0.0
8,7,"not_(greater_than_or_equal(mul(x[7],add(x[2],x[2])), add(pdiv(x[3],x[5]),x[5])))",False,,,4ec7480e2513eb46df8e0f72e89cd970,0.34730538922155685,False,0.0
8,7,"less_than_or_equal(add(add(x[7],x[2]),sub(x[2],x[3])),add(pdiv(x[2],x[2]),mul(x[7],sub(mul(x[3],x[7]),mul(mul(add(x[3],add(mul(x[5],x[3]),add(77.79,pdiv(x[3],x[3])))),sub(x[3],x[7])),add(mul(x[3],x[5]),pdiv(x[3],x[3])))))))",False,,,56ee963aca533f0c16e9ca64a5310ce5,0.6287425149700598,False,0.0
8,7,"less_than_or_equal(add(mul(x[7],pdiv(x[7],x[5])),x[2]),add(sub(x[7],x[7]),pdiv(69.44,sub(x[3],x[3]))))",False,,,5f2e5afeb1a022e5ca01b3e765a4f86c,0.23353293413173648,False,0.0
8,7,"less_than_or_equal(add(mul(x[7],pdiv(x[5],x[5])),add(mul(add(sub(x[7],x[0]),pdiv(x[5],mul(x[5],add(x[3],x[7])))),x[0]),x[2])),add(pdiv(x[5],pdiv(x[2],x[2])),x[5]))",False,,,778c1726922ce9f8ad321e225543aaad,0.3413173652694611,False,0.0
8,7,"greater_than_or_equal(sub(x[5],sub(x[7],x[5])), sub(x[2],x[0]))",False,,,dbcfa54771bfec2f2640de9a0a6ac97e,0.33532934131736525,False,0.0
8,7,"not_(less_than_or_equal(pdiv(x[5],x[5]),x[2]))",True,"not_(greater_than_or_equal(mul(x[7],x[2]), x[7]))",0.34730538922155685,f69cf4961d82af0c72c0014d2a401904,0.34730538922155685,False,0.0
8,7,"greater_than_or_equal(x[3], x[7])",True,"greater_than_or_equal(x[3], x[7])",0.33532934131736525,176c0c35833bc4ae980b10cd773d9ebc,0.33532934131736525,False,0.0
8,7,"greater_than_or_equal(x[2], pdiv(x[5],x[5]))",False,,,38d04e9716d0d4822bf3dbdceea9aa84,0.652694610778443,False,0.0
8,7,"not_(less_than_or_equal(pdiv(x[5],x[5]),add(x[5],x[7])))",True,"not_(less_than_or_equal(pdiv(x[5],x[5]),add(x[7],x[5])))",0.32335329341317365,e44f6a949f00cb0bf86b1105d7c3453d,0.32335329341317365,False,0.0
8,7,"not_(less_than_or_equal(pdiv(x[5],x[3]),add(add(pdiv(x[3],x[2]),pdiv(x[5],x[2])),x[2])))",False,,,dd1ed18a8443bcd145db2ea0ad3b261a,0.6287425149700598,False,0.0
8,7,"not_(less_than_or_equal(pdiv(x[5],x[5]),add(x[5],x[2])))",True,"not_(less_than_or_equal(pdiv(x[5],x[5]),add(x[5],x[2])))",0.2455089820359282,5825d6d8d32996f2f81bb41cc0bfa92f,0.2455089820359282,False,0.0
8,7,"not_(less_than_or_equal(pdiv(x[5],x[5]),add(x[2],x[3])))",True,"not_(less_than_or_equal(pdiv(x[5],x[5]),add(x[2],x[3])))",0.2694610778443114,8e10ebf505ba211742b7164524309595,0.2694610778443114,False,0.0
8,7,"greater_than_or_equal(pdiv(x[3],mul(add(x[5],x[2]),add(sub(x[7],x[7]),pdiv(x[5],x[5])))), mul(mul(x[5],add(x[3],x[7])),x[3]))",False,,,078f8bebe82e71a8e84d1b6f199e785c,0.28742514970059885,False,0.0
8,7,"not_(less_than_or_equal(pdiv(x[5],x[0]),add(x[2],x[2])))",False,,,ea0d58eef4a4a58942c5b9258f9793fd,0.3053892215568862,False,0.0
8,7,"less_than_or_equal(mul(x[5],x[5]),x[5])",True,"less_than_or_equal(x[2],x[2])",0.35928143712574845,bd082d42dcba8056510101f18394b575,0.35928143712574845,False,0.0
8,7,"not_(less_than_or_equal(pdiv(sub(x[7],x[0]),pdiv(x[7],x[3])),mul(add(x[7],pdiv(x[5],x[2])),x[7])))",False,,,8d17758969847703840fdae8059d75e6,0.5508982035928144,False,0.0
8,7,"less_than_or_equal(sub(mul(x[2],x[7]),mul(x[0],mul(x[3],x[7]))),pdiv(x[0],x[3]))",False,,,0b250b5a6db21125cbe66e2093b30f97,0.5748502994011976,False,0.0
8,7,"greater_than_or_equal(x[3], x[7])",True,"greater_than_or_equal(x[3], x[7])",0.33532934131736525,176c0c35833bc4ae980b10cd773d9ebc,0.33532934131736525,False,0.0
8,7,"greater_than_or_equal(x[3], x[7])",True,"greater_than_or_equal(x[3], x[7])",0.33532934131736525,176c0c35833bc4ae980b10cd773d9ebc,0.33532934131736525,False,0.0
8,7,"not_(less_than_or_equal(pdiv(x[5],x[5]),add(x[2],x[0])))",True,"not_(less_than_or_equal(pdiv(x[5],x[5]),add(x[0],x[2])))",0.34730538922155685,c426607f0a92b79fd094d06b3453a190,0.34730538922155685,False,0.0
8,7,"greater_than_or_equal(x[5], mul(x[7],add(x[7],add(x[5],x[2]))))",True,"not_(less_than_or_equal(pdiv(x[3],x[7]),add(x[7],pdiv(x[3],x[5]))))",0.3293413173652695,74dce5cb961f14b3bdac896efda7926c,0.281437125748503,True,-0.04790419161676651
8,7,"not_(less_than_or_equal(pdiv(x[5],x[5]),x[5]))",True,"not_(less_than_or_equal(pdiv(x[5],x[5]),x[5]))",0.31137724550898205,774eb80249c37c32f486ae194a31e639,0.31137724550898205,False,0.0
8,7,"not_(less_than_or_equal(pdiv(x[5],x[5]),mul(add(x[3],x[3]),add(mul(mul(mul(x[7],x[0]),pdiv(x[7],x[3])),mul(add(x[3],add(add(x[0],x[0]),x[7])),x[3])),x[3]))))",False,,,7630cf39b84e75717d5b37406b530157,0.3892215568862275,False,0.0
8,7,"greater_than_or_equal(add(x[5],mul(x[7],pdiv(x[3],add(07.75,pdiv(x[3],x[3]))))), sub(x[3],x[7]))",False,,,5b1c8ab7b6aa70ae14cdffdc8e479487,0.4251497005988024,False,0.0
8,7,"greater_than_or_equal(sub(pdiv(x[0],x[7]),mul(x[0],mul(x[3],x[7]))), pdiv(x[0],x[3]))",True,"greater_than_or_equal(sub(pdiv(x[0],x[7]),mul(x[0],mul(x[3],x[7]))), pdiv(x[0],x[3]))",0.2934131736526946,f534603d395e0c8dc2f676e79232e48d,0.2934131736526946,False,0.0
8,7,"not_(less_than_or_equal(pdiv(x[5],x[5]),x[5]))",True,"not_(less_than_or_equal(pdiv(x[5],x[5]),x[5]))",0.31137724550898205,774eb80249c37c32f486ae194a31e639,0.31137724550898205,False,0.0
8,7,"greater_than_or_equal(x[5], add(x[5],x[2]))",True,"greater_than_or_equal(pdiv(mul(x[5],x[2]),pdiv(x[2],x[5])), add(sub(x[7],x[7]),add(x[5],x[0])))",0.6107784431137724,ec48eb4aba9f475884bcf9e8f28adadc,0.6167664670658682,True,0.005988023952095856
8,7,"less_than_or_equal(mul(sub(x[7],x[3]),mul(add(pdiv(add(x[2],x[3]),x[5]),x[5]),add(x[2],x[5]))),x[5])",False,,,a53d344f38cca773c2b5fcbe50c49a7f,0.28742514970059885,False,0.0
8,7,"not_(less_than_or_equal(pdiv(x[3],x[7]),x[3]))",True,"not_(less_than_or_equal(pdiv(x[5],x[5]),add(pdiv(x[2],96.92),x[7])))",0.39520958083832336,db0e6c3409e9b2885c8014a7de8788af,0.4011976047904192,True,0.005988023952095856
8,7,"not_(less_than_or_equal(pdiv(x[5],x[0]),x[7]))",True,"not_(less_than_or_equal(pdiv(x[5],x[0]),x[7]))",0.3652694610778443,ea8626a8e726874d21afe0d0ea8293f6,0.3652694610778443,False,0.0
8,7,"not_(less_than_or_equal(pdiv(x[5],x[5]),add(x[2],97.93)))",True,not_(x[6]),0.6347305389221557,b4068ba57b63c959651c969331c4b5cd,0.6407185628742516,True,0.005988023952095856
8,7,"less_than_or_equal(mul(sub(x[7],x[0]),pdiv(x[7],x[3])),mul(add(x[7],pdiv(x[5],x[2])),x[7]))",True,"less_than_or_equal(mul(sub(x[7],x[0]),pdiv(x[7],x[3])),mul(add(x[7],pdiv(x[5],x[2])),x[7]))",0.3173652694610778,3361586aa79cade31f0c95f0f369bda5,0.3173652694610778,False,0.0
8,7,"less_than_or_equal(sub(x[5],x[2]),add(pdiv(add(x[2],x[0]),x[0]),x[0]))",True,"less_than_or_equal(x[2],x[2])",0.35928143712574845,bd082d42dcba8056510101f18394b575,0.35928143712574845,False,0.0
8,7,"less_than_or_equal(mul(mul(x[7],x[7]),mul(x[7],add(pdiv(x[3],x[7]),x[0]))),x[5])",True,"less_than_or_equal(mul(mul(x[7],x[7]),mul(x[7],add(pdiv(x[3],x[7]),x[0]))),x[5])",0.32335329341317365,3123d6de68db2d2b5cfa6bb72906375f,0.32335329341317365,False,0.0
8,7,not_(x[4]),True,not_(x[6]),0.6347305389221557,b4068ba57b63c959651c969331c4b5cd,0.6407185628742516,True,0.005988023952095856
8,7,"not_(greater_than_or_equal(mul(x[7],add(x[2],x[2])), add(x[5],x[2])))",True,"not_(greater_than_or_equal(mul(x[7],add(x[2],x[2])), add(x[5],x[2])))",0.33532934131736525,d363c89ecf79ff1314c50310d4241ab0,0.33532934131736525,False,0.0
8,7,"greater_than_or_equal(add(pdiv(x[3],x[2]),01.78), x[7])",True,"less_than_or_equal(x[2],x[2])",0.35928143712574845,bd082d42dcba8056510101f18394b575,0.35928143712574845,False,0.0
8,7,"not_(less_than_or_equal(pdiv(x[5],x[7]),sub(x[2],sub(mul(x[3],x[7]),pdiv(x[0],x[3])))))",False,,,2019bf3b86816fc8d09b887f14bb62f0,0.32335329341317365,False,0.0
8,7,"not_(less_than_or_equal(pdiv(x[5],x[2]),sub(pdiv(x[5],x[5]),mul(x[5],mul(x[7],mul(mul(x[5],x[2]),add(pdiv(add(x[2],x[0]),x[0]),x[0])))))))",False,,,d74a6fc34ae61a6721fb405b6ee9edba,0.3892215568862275,False,0.0
8,7,"greater_than_or_equal(add(pdiv(x[3],x[0]),sub(sub(47.49,add(sub(x[7],x[7]),sub(x[0],x[5]))),add(x[5],x[2]))), mul(x[0],x[0]))",True,"less_than_or_equal(x[2],x[2])",0.35928143712574845,bd082d42dcba8056510101f18394b575,0.35928143712574845,False,0.0
8,7,"not_(less_than_or_equal(pdiv(pdiv(x[5],x[5]),add(x[5],x[2])),mul(x[2],x[0])))",True,"less_than_or_equal(x[2],x[2])",0.35928143712574845,bd082d42dcba8056510101f18394b575,0.35928143712574845,False,0.0
8,7,"not_(greater_than_or_equal(add(sub(46.46,x[7]),x[3]), mul(add(x[3],x[0]),add(x[7],x[5]))))",True,not_(x[6]),0.6347305389221557,b4068ba57b63c959651c969331c4b5cd,0.6407185628742516,True,0.005988023952095856
8,7,"not_(less_than_or_equal(pdiv(x[5],x[0]),x[5]))",True,"less_than_or_equal(x[2],x[2])",0.35928143712574845,bd082d42dcba8056510101f18394b575,0.3652694610778443,True,0.005988023952095856
8,7,"not_(less_than_or_equal(add(x[5],x[5]),mul(pdiv(pdiv(add(pdiv(x[2],37.95),mul(x[0],x[7])),add(x[7],pdiv(x[3],x[5]))),x[2]),x[3])))",True,"less_than_or_equal(sub(x[5],sub(x[5],mul(x[0],x[5]))),mul(pdiv(x[2],x[0]),pdiv(x[5],x[3])))",0.3652694610778443,0d2206ebe6d2f2267a12ad05764e55bd,0.3772455089820359,True,0.0119760479041916
8,7,"greater_than_or_equal(add(pdiv(x[3],x[7]),sub(x[7],x[2])), add(x[5],mul(x[5],x[5])))",False,,,dd21f691c7b29ad3d916c110be17861c,0.28742514970059885,False,0.0
8,7,"greater_than_or_equal(pdiv(sub(x[2],x[0]),x[3]), x[7])",False,,,c163da1288a245a03362d04af1708e4c,0.5389221556886228,False,0.0
8,7,"greater_than_or_equal(x[2], add(sub(x[0],x[3]),x[7]))",False,,,a0e1ba094f7074ab4ca5653f24fea577,0.4011976047904192,False,0.0
8,7,"greater_than_or_equal(x[3], x[7])",True,"greater_than_or_equal(x[3], x[7])",0.33532934131736525,176c0c35833bc4ae980b10cd773d9ebc,0.33532934131736525,False,0.0
8,7,"less_than_or_equal(pdiv(x[5],x[5]),x[2])",True,"greater_than_or_equal(x[2], pdiv(x[5],x[5]))",0.652694610778443,38d04e9716d0d4822bf3dbdceea9aa84,0.652694610778443,False,0.0
8,7,"not_(greater_than_or_equal(mul(x[7],add(x[2],mul(mul(add(pdiv(x[3],x[5]),x[3]),x[7]),mul(mul(x[7],x[7]),add(x[5],x[2]))))), add(sub(x[7],x[7]),pdiv(x[5],x[3]))))",False,,,3483ecf3a87a6301c4b99d5bdb67d7e3,0.3173652694610778,False,0.0
8,7,"greater_than_or_equal(x[7], x[5])",True,"greater_than_or_equal(x[7], x[5])",0.6107784431137724,793f9fa4aca1502cfe0a9ed6ab91b83c,0.6107784431137724,False,0.0
8,7,"greater_than_or_equal(40.44, add(x[5],x[2]))",True,"less_than_or_equal(x[2],x[2])",0.35928143712574845,bd082d42dcba8056510101f18394b575,0.35928143712574845,False,0.0
8,7,"less_than_or_equal(add(mul(x[7],pdiv(x[5],x[7])),pdiv(x[5],pdiv(x[3],x[3]))),sub(x[5],x[7]))",True,not_(x[6]),0.6347305389221557,b4068ba57b63c959651c969331c4b5cd,0.6407185628742516,True,0.005988023952095856
8,7,"less_than_or_equal(mul(mul(x[7],x[5]),mul(x[7],add(x[5],x[2]))),add(sub(x[7],x[5]),x[2]))",False,,,6908c6cf6f2c1b64e279d273d34e26dd,0.5389221556886228,False,0.0
8,7,"greater_than_or_equal(x[3], x[5])",True,"less_than_or_equal(x[5],x[3])",0.5089820359281437,1d4d287fbe015bbb313f097e26f5bc37,0.5089820359281437,False,0.0
8,7,"not_(greater_than_or_equal(x[0], x[3]))",True,"not_(greater_than_or_equal(pdiv(x[0],x[3]), pdiv(x[5],x[5])))",0.3772455089820359,f56d58ec85f58eb9e745c543958f7db4,0.3772455089820359,False,0.0
8,7,"not_(greater_than_or_equal(mul(x[7],add(pdiv(x[3],x[7]),sub(pdiv(sub(x[2],add(pdiv(add(x[7],pdiv(x[5],x[5])),mul(x[2],x[3])),x[5])),x[5]),add(x[2],x[5])))), x[5]))",True,"less_than_or_equal(x[2],x[2])",0.35928143712574845,bd082d42dcba8056510101f18394b575,0.3652694610778443,True,0.005988023952095856
8,7,"greater_than_or_equal(mul(x[5],add(x[3],x[7])), x[0])",False,,,d5acf2d6cf061c83f41808f2bfb21ebf,0.4131736526946108,False,0.0
8,7,"greater_than_or_equal(mul(mul(x[3],x[7]),pdiv(x[5],x[7])), add(mul(x[5],add(x[5],x[2])),mul(x[7],pdiv(mul(x[5],x[5]),x[2]))))",False,,,a20cf8dcc29d6d239c2738ae8cb4e6f3,0.6047904191616766,False,0.0
8,7,"greater_than_or_equal(x[0], x[3])",True,"or_(greater_than_or_equal(sub(x[0],x[5]), pdiv(x[3],x[5])),less_than_or_equal(sub(x[3],x[0]),sub(x[5],x[5])))",0.6227544910179641,2310ba51ba8c7f4263478bc24872fb4b,0.6227544910179641,False,0.0
8,7,"not_(greater_than_or_equal(mul(x[5],add(x[5],x[2])), add(sub(x[7],x[7]),pdiv(x[5],x[5]))))",False,,,66d1f1f84d146fdd572ef7ee95562584,0.27544910179640714,False,0.0
8,7,"greater_than_or_equal(pdiv(mul(x[5],x[3]),x[7]), add(add(x[7],x[5]),x[3]))",False,,,6375a01b42ad22a3292c7c1d5e050e22,0.4610778443113772,False,0.0
8,7,"greater_than_or_equal(sub(x[2],x[0]), add(pdiv(x[2],x[2]),mul(x[7],mul(x[3],x[3]))))",True,not_(x[6]),0.6347305389221557,b4068ba57b63c959651c969331c4b5cd,0.6407185628742516,True,0.005988023952095856
8,7,"greater_than_or_equal(pdiv(pdiv(x[5],x[5]),x[5]), add(x[3],pdiv(x[0],x[7])))",False,,,5ea6697ddf26e0ed9eaf3f2d08ac6446,0.39520958083832336,False,0.0
8,7,"greater_than_or_equal(sub(x[7],mul(x[7],x[5])), x[3])",False,,,5ab6ddcea15ad1e3a7197ae74226dd25,0.6287425149700598,False,0.0
8,7,"not_(less_than_or_equal(pdiv(x[2],pdiv(x[3],x[7])),mul(x[7],pdiv(add(x[5],x[7]),x[5]))))",False,,,5234c32b2bd87ada0d46e6f32fd2aa2d,0.6167664670658682,False,0.0
8,7,"greater_than_or_equal(sub(mul(add(x[2],x[3]),x[7]),x[7]), add(x[5],x[2]))",True,not_(x[6]),0.6347305389221557,b4068ba57b63c959651c969331c4b5cd,0.6407185628742516,True,0.005988023952095856
8,7,"not_(less_than_or_equal(pdiv(x[5],x[5]),add(x[2],x[0])))",True,"not_(less_than_or_equal(pdiv(x[5],x[5]),add(x[0],x[2])))",0.34730538922155685,c426607f0a92b79fd094d06b3453a190,0.34730538922155685,False,0.0
8,7,"not_(greater_than_or_equal(x[0], x[2]))",False,,,f1fa952d9a809dad2428f04a098cf68b,0.46706586826347307,False,0.0
8,7,"greater_than_or_equal(add(mul(49.68,01.69),x[2]), x[2])",True,"less_than_or_equal(x[2],x[2])",0.35928143712574845,bd082d42dcba8056510101f18394b575,0.35928143712574845,False,0.0
8,7,"not_(less_than_or_equal(x[7],mul(x[3],mul(x[0],x[3]))))",False,,,1bc89ececd5d7133a0c822138e1bf2e3,0.3652694610778443,False,0.0
8,7,"or_(less_than_or_equal(x[7],pdiv(x[0],x[3])),greater_than_or_equal(pdiv(add(x[5],x[2]),x[5]), x[5]))",True,"less_than_or_equal(x[2],x[2])",0.35928143712574845,bd082d42dcba8056510101f18394b575,0.35928143712574845,False,0.0
8,7,"greater_than_or_equal(sub(pdiv(x[0],x[7]),mul(x[0],mul(x[3],pdiv(x[0],x[3])))), mul(x[0],mul(x[3],x[7])))",False,,,c6d775a454076969461e8a715306c0c4,0.3532934131736527,False,0.0
8,7,"greater_than_or_equal(sub(pdiv(x[0],74.07),x[3]), x[7])",True,not_(x[6]),0.6347305389221557,b4068ba57b63c959651c969331c4b5cd,0.6407185628742516,True,0.005988023952095856
8,7,"less_than_or_equal(mul(mul(x[7],pdiv(x[5],x[2])),x[7]),x[3])",False,,,2f232c6103ef068b6bacb8d520b66dd8,0.39520958083832336,False,0.0
8,7,"less_than_or_equal(add(mul(x[7],pdiv(x[5],x[5])),x[2]),add(sub(x[7],x[7]),pdiv(69.44,sub(x[3],x[3]))))",True,"less_than_or_equal(add(mul(x[7],pdiv(x[5],x[5])),x[2]),add(sub(x[7],x[7]),pdiv(69.44,sub(x[3],x[3]))))",0.19161676646706582,14c6e007ad625f3839f568e9ee8a86e1,0.1428571428571429,True,-0.04875962360992292
8,8,"greater_than_or_equal(sub(pdiv(x[0],x[7]),mul(x[0],mul(x[3],x[7]))), pdiv(x[0],x[3]))",True,"greater_than_or_equal(sub(pdiv(x[0],x[7]),mul(x[0],mul(x[3],x[7]))), pdiv(x[0],x[3]))",0.2934131736526946,f534603d395e0c8dc2f676e79232e48d,0.2934131736526946,False,0.0
8,8,"greater_than_or_equal(x[5], mul(x[7],add(mul(x[5],add(x[5],x[2])),x[5])))",False,,,e61648116a6f6ca12bb00c96f3f5bd1f,0.22155688622754488,False,0.0
8,8,"not_(greater_than_or_equal(add(x[2],x[5]), add(x[2],x[0])))",True,"less_than_or_equal(x[5],x[0])",0.6227544910179641,2aedc6e15176de9ec0c909a1a3b35796,0.6287425149700598,True,0.0059880239520957446
8,8,"less_than_or_equal(pdiv(pdiv(x[5],x[5]),add(x[2],x[5])),x[5])",True,"greater_than_or_equal(mul(mul(x[5],add(x[5],x[2])),x[5]), x[5])",0.718562874251497,4813f0b72e62e3a4ac1d057a4d330bef,0.7245508982035929,True,0.005988023952095856
8,8,"not_(less_than_or_equal(mul(add(x[5],x[5]),x[2]),add(sub(x[7],x[7]),pdiv(x[7],mul(pdiv(x[5],x[5]),add(x[2],add(x[3],x[0])))))))",False,,,feeb6b3a7c8515fe316721e61770c4e4,0.5808383233532934,False,0.0
8,8,"greater_than_or_equal(pdiv(x[5],add(pdiv(x[2],x[0]),pdiv(add(x[5],mul(x[2],x[5])),x[5]))), 47.51)",True,not_(x[6]),0.6347305389221557,b4068ba57b63c959651c969331c4b5cd,0.6407185628742516,True,0.005988023952095856
8,8,"not_(less_than_or_equal(pdiv(x[5],x[5]),add(x[7],pdiv(x[0],x[3]))))",False,,,9b2d96c15bc332c2ee2d484a5f0684d8,0.34730538922155685,False,0.0
8,8,"greater_than_or_equal(x[5], sub(x[7],mul(x[5],pdiv(add(x[5],x[0]),mul(x[3],x[2])))))",True,"greater_than_or_equal(add(mul(x[0],x[3]),pdiv(x[5],x[3])), x[2])",0.3293413173652695,f0c5da2fb3fda6018ebf0885b8c1ea67,0.32335329341317365,True,-0.005988023952095856
8,8,"greater_than_or_equal(x[3], x[5])",True,"less_than_or_equal(x[5],x[3])",0.5089820359281437,1d4d287fbe015bbb313f097e26f5bc37,0.5089820359281437,False,0.0
8,8,"not_(greater_than_or_equal(mul(x[7],add(x[5],x[2])), add(x[5],mul(sub(x[5],x[5]),sub(add(x[2],x[2]),x[3])))))",True,"greater_than_or_equal(x[5], mul(x[7],add(x[5],x[2])))",0.23353293413173648,49521aab13419e9d4582e656c37790ef,0.23353293413173648,False,0.0
8,8,"not_(less_than_or_equal(pdiv(x[5],x[5]),add(pdiv(x[5],add(pdiv(x[5],x[2]),x[3])),mul(x[7],pdiv(x[5],x[5])))))",True,"not_(less_than_or_equal(pdiv(x[5],x[5]),add(pdiv(x[5],add(pdiv(x[5],x[2]),x[3])),mul(x[7],pdiv(x[5],x[5])))))",0.26347305389221554,88335f619ebfa30a0dc7ca4b7a1e9c0c,0.26347305389221554,False,0.0
8,8,"greater_than_or_equal(x[3], x[7])",True,"greater_than_or_equal(x[3], x[7])",0.33532934131736525,176c0c35833bc4ae980b10cd773d9ebc,0.33532934131736525,False,0.0
8,8,"not_(less_than_or_equal(pdiv(x[5],x[0]),add(x[2],x[2])))",True,"not_(less_than_or_equal(pdiv(x[5],x[0]),add(x[2],x[2])))",0.3053892215568862,ea0d58eef4a4a58942c5b9258f9793fd,0.3053892215568862,False,0.0
8,8,"greater_than_or_equal(add(x[7],pdiv(x[5],x[5])), add(mul(x[3],x[7]),sub(add(mul(x[3],x[3]),add(pdiv(x[7],x[7]),pdiv(x[3],x[5]))),x[2])))",False,,,0aa9dcb8a8af00fde7473957044995f8,0.6287425149700598,False,0.0
8,8,"greater_than_or_equal(add(pdiv(x[3],x[7]),sub(x[5],add(x[3],x[7]))), x[2])",False,,,78451629625f1a4f3b1580934910f0fb,0.23952095808383234,False,0.0
8,8,"greater_than_or_equal(pdiv(pdiv(x[2],add(pdiv(x[5],pdiv(x[2],x[2])),x[5])),x[0]), pdiv(sub(77.79,pdiv(x[2],x[3])),sub(x[0],x[7])))",False,,,56d8862c0d0a19d2588d4209c2710f9c,0.4491017964071856,False,0.0
8,8,"greater_than_or_equal(x[0], add(x[3],x[7]))",True,"greater_than_or_equal(sub(mul(x[3],x[7]),pdiv(x[2],x[7])), pdiv(sub(x[7],x[0]),mul(x[0],x[3])))",0.5988023952095809,30939076988a3865e1444daa184d3408,0.6167664670658682,True,0.017964071856287345
8,8,"greater_than_or_equal(add(pdiv(x[7],x[7]),sub(x[7],x[2])), add(add(x[5],x[0]),mul(x[3],x[7])))",False,,,02bb6c9b181bd203cf84c9799b7d3566,0.31137724550898205,False,0.0
8,8,"not_(greater_than_or_equal(mul(add(x[5],x[5]),x[2]), add(sub(x[7],x[7]),pdiv(x[5],mul(pdiv(x[5],x[5]),add(x[5],x[2]))))))",False,,,45206f43c2a9e0df97b2cdb3a3e719bb,0.27544910179640714,False,0.0
8,8,"less_than_or_equal(add(pdiv(84.89,mul(x[2],add(sub(x[7],pdiv(x[5],69.44)),sub(x[5],mul(x[3],x[3]))))),add(pdiv(x[7],x[7]),pdiv(x[3],x[5]))),x[2])",False,,,92a3eaa505cbe9aca406887d1fd42634,0.6107784431137724,False,0.0
8,8,"less_than_or_equal(mul(mul(x[0],x[2]),add(x[5],x[2])),add(sub(x[7],x[7]),add(x[3],sub(pdiv(x[3],x[7]),x[7]))))",True,"greater_than_or_equal(x[3], sub(x[7],x[3]))",0.3652694610778443,a7b9e31becf00bfd915f97221bdf1f72,0.3413173652694611,True,-0.0239520958083832
8,8,"greater_than_or_equal(x[5], mul(x[7],mul(add(sub(x[7],x[7]),x[7]),add(sub(mul(x[0],mul(x[7],x[0])),sub(mul(x[5],pdiv(x[2],add(pdiv(x[5],pdiv(x[7],x[2])),x[5]))),x[0])),x[7]))))",False,,,e80c5239cb94e568668da8e3f4f014ef,0.3293413173652695,False,0.0
8,8,"not_(less_than_or_equal(pdiv(x[5],x[5]),add(x[2],add(x[5],mul(pdiv(x[5],x[5]),x[3])))))",False,,,13a7fe0d2bb7255ff1d43121bd9c5733,0.5149700598802396,False,0.0
8,8,"not_(less_than_or_equal(pdiv(x[5],x[5]),x[0]))",True,"less_than_or_equal(x[2],x[2])",0.35928143712574845,bd082d42dcba8056510101f18394b575,0.3652694610778443,True,0.005988023952095856
8,8,"greater_than_or_equal(x[5], sub(x[7],pdiv(x[5],pdiv(add(x[2],x[5]),mul(x[5],add(x[2],x[5]))))))",True,"greater_than_or_equal(x[5], sub(x[7],pdiv(x[5],pdiv(add(x[2],x[5]),x[5]))))",0.33532934131736525,084eb10daab79cd16eae9fb896fec938,0.34730538922155685,True,0.0119760479041916
8,8,"less_than_or_equal(mul(sub(x[7],x[3]),mul(add(pdiv(add(x[2],33.99),x[5]),mul(x[5],add(x[5],x[2]))),mul(x[0],x[0]))),x[2])",False,,,fcb77b8234bc8fc8cf9093fe7602e65b,0.3532934131736527,False,0.0
8,8,"less_than_or_equal(add(mul(x[7],pdiv(x[5],x[3])),x[2]),sub(sub(x[7],x[3]),pdiv(69.44,sub(x[5],x[2]))))",False,,,4905bb7cb4924a78b215a3fea66bed2c,0.6586826347305389,False,0.0
8,8,"less_than_or_equal(add(mul(x[7],pdiv(x[5],x[5])),x[2]),x[2])",True,not_(x[6]),0.6347305389221557,b4068ba57b63c959651c969331c4b5cd,0.6407185628742516,True,0.005988023952095856
8,8,"not_(less_than_or_equal(pdiv(x[5],x[5]),add(pdiv(x[5],add(pdiv(x[5],x[2]),x[3])),mul(x[7],pdiv(x[7],x[2])))))",False,,,d1f34747f678c40e9b0eabc99babb101,0.32335329341317365,False,0.0
8,8,"not_(greater_than_or_equal(mul(x[7],add(x[5],x[7])), add(pdiv(mul(x[2],add(x[5],x[5])),x[2]),add(sub(x[7],x[7]),pdiv(x[5],x[3])))))",False,,,6879d8556cd3538b7aad64e5d345873a,0.32335329341317365,False,0.0
8,8,"not_(less_than_or_equal(pdiv(x[5],x[5]),add(x[5],x[3])))",True,"not_(less_than_or_equal(pdiv(x[5],x[5]),add(x[5],x[3])))",0.49101796407185627,bb45d530dc44268633eeb136f814ec83,0.49101796407185627,False,0.0
8,8,"greater_than_or_equal(x[3], x[5])",True,"less_than_or_equal(x[5],x[3])",0.5089820359281437,1d4d287fbe015bbb313f097e26f5bc37,0.5089820359281437,False,0.0
8,8,"less_than_or_equal(sub(mul(x[3],x[5]),x[5]),x[2])",True,"less_than_or_equal(x[2],x[2])",0.35928143712574845,bd082d42dcba8056510101f18394b575,0.35928143712574845,False,0.0
8,8,"not_(less_than_or_equal(pdiv(x[3],sub(x[7],x[5])),x[5]))",False,,,dd3d638eab9ca16a5caaa9d0d91fd117,0.6287425149700598,False,0.0
8,8,"greater_than_or_equal(pdiv(x[3],mul(add(x[5],x[2]),add(sub(x[7],add(x[5],x[5])),x[5]))), mul(mul(x[5],x[7]),pdiv(x[7],x[3])))",False,,,effdcdef395d50665f92e60df7471e32,0.6287425149700598,False,0.0
8,8,"less_than_or_equal(add(add(x[7],x[2]),sub(x[2],x[3])),add(mul(x[3],pdiv(x[0],x[5])),x[5]))",False,,,f04665adb0d7ef7aebb21bb53e8078f8,0.3173652694610778,False,0.0
8,8,"greater_than_or_equal(add(pdiv(x[7],x[7]),sub(x[5],mul(x[5],x[5]))), sub(x[5],x[5]))",True,"less_than_or_equal(x[2],x[2])",0.35928143712574845,bd082d42dcba8056510101f18394b575,0.35928143712574845,False,0.0
8,8,"less_than_or_equal(x[7],x[2])",True,"less_than_or_equal(add(x[5],x[7]),add(x[5],x[2]))",0.5269461077844311,544b4f45aa71542bcadfaa9d165fdbeb,0.5269461077844311,False,0.0
8,8,"greater_than_or_equal(x[0], sub(x[5],x[3]))",False,,,714326f5fce78f37540aefe5eb315480,0.4730538922155688,False,0.0
8,8,"less_than_or_equal(add(add(x[7],x[0]),pdiv(x[2],x[3])),add(sub(x[3],pdiv(x[0],x[5])),x[3]))",False,,,124e0a8381856acb2942bdff8581b738,0.41916167664670656,False,0.0
8,8,"less_than_or_equal(pdiv(x[3],x[7]),pdiv(x[5],x[3]))",False,,,e170eeab867b7c50ea1966a9ea10e5b9,0.6227544910179641,False,0.0
8,8,"greater_than_or_equal(x[3], x[5])",True,"less_than_or_equal(x[5],x[3])",0.5089820359281437,1d4d287fbe015bbb313f097e26f5bc37,0.5089820359281437,False,0.0
8,8,"greater_than_or_equal(sub(pdiv(x[0],x[7]),pdiv(x[0],mul(x[3],x[7]))), pdiv(x[0],x[3]))",True,"less_than_or_equal(mul(add(x[0],x[0]),add(x[2],x[5])),sub(add(x[2],x[3]),add(x[3],x[2])))",0.3892215568862275,c9704e311ac7e289734d4b5a1bdc086f,0.39520958083832336,True,0.005988023952095856
8,8,"greater_than_or_equal(94.79, pdiv(x[5],add(75.19,add(46.46,x[5]))))",True,"less_than_or_equal(x[2],x[2])",0.35928143712574845,bd082d42dcba8056510101f18394b575,0.35928143712574845,False,0.0
8,8,"not_(less_than_or_equal(pdiv(x[3],sub(x[7],x[7])),44.25))",True,not_(x[6]),0.6347305389221557,b4068ba57b63c959651c969331c4b5cd,0.6407185628742516,True,0.005988023952095856
8,8,"greater_than_or_equal(pdiv(pdiv(x[5],add(x[5],x[0])),add(x[5],x[2])), add(x[7],x[0]))",False,,,fd80e2282d3ea2e7a71b7896e6efaf19,0.26347305389221554,False,0.0
8,8,"greater_than_or_equal(39.39, mul(x[2],x[5]))",True,"less_than_or_equal(x[2],x[2])",0.35928143712574845,bd082d42dcba8056510101f18394b575,0.35928143712574845,False,0.0
8,8,"not_(less_than_or_equal(pdiv(x[2],mul(x[7],add(x[3],sub(pdiv(x[3],x[7]),x[7])))),add(x[5],x[2])))",False,,,4c9c6cc6d7f418d5740d3faf02cb7fad,0.6227544910179641,False,0.0
8,8,"not_(less_than_or_equal(pdiv(x[5],x[5]),x[5]))",True,"not_(less_than_or_equal(pdiv(x[5],x[5]),x[5]))",0.31137724550898205,774eb80249c37c32f486ae194a31e639,0.31137724550898205,False,0.0
8,8,"greater_than_or_equal(add(pdiv(x[2],pdiv(x[5],x[5])),x[2]), add(x[5],x[2]))",True,"less_than_or_equal(x[5],x[2])",0.652694610778443,6fb17002302e404122653cf2c68db553,0.652694610778443,False,0.0
8,8,"not_(less_than_or_equal(add(x[3],sub(x[5],x[7])),mul(mul(x[0],x[3]),39.94)))",False,,,be73a60b9372d84249cba56f6d28e2fc,0.39520958083832336,False,0.0
8,8,"greater_than_or_equal(add(pdiv(x[2],x[5]),x[5]), add(x[5],x[7]))",True,"less_than_or_equal(x[7],pdiv(x[2],x[5]))",0.45508982035928147,d33cfc188406cf3750d6a42207b463ce,0.45508982035928147,False,0.0
8,8,"greater_than_or_equal(add(x[7],add(mul(x[3],x[7]),pdiv(x[0],x[3]))), mul(x[5],add(x[5],x[2])))",False,,,734fec1fdeaba4799d76ad70bf0e45e9,0.47904191616766467,False,0.0
8,8,"not_(less_than_or_equal(pdiv(x[5],add(x[7],pdiv(x[5],x[3]))),sub(x[5],x[7])))",True,"greater_than_or_equal(add(x[3],x[7]), x[5])",0.46706586826347307,989d415230e5f7c1c5cac6b3163f6f54,0.47904191616766467,True,0.0119760479041916
8,8,"greater_than_or_equal(x[3], sub(x[2],pdiv(x[5],pdiv(add(x[2],x[2]),pdiv(x[5],x[5])))))",False,,,265e563e93a6414a780402156ac46c51,0.32335329341317365,False,0.0
8,8,"greater_than_or_equal(pdiv(pdiv(x[3],x[7]),x[0]), add(x[3],x[3]))",False,,,6fdcd010cd29ada0f1beac6e3a91c462,0.5029940119760479,False,0.0
8,8,"greater_than_or_equal(x[5], mul(x[7],mul(add(sub(x[7],x[7]),x[7]),add(sub(mul(x[7],sub(mul(x[3],mul(add(x[3],x[5]),x[5])),add(pdiv(x[5],add(pdiv(x[5],x[2]),x[3])),mul(x[7],pdiv(x[5],x[5]))))),x[2]),add(pdiv(x[5],x[2]),mul(x[2],x[5]))))))",False,,,f37b6977a424c1884e5f52e42aeb14e8,0.38323353293413176,False,0.0
8,8,"less_than_or_equal(mul(mul(x[5],x[0]),pdiv(x[7],sub(mul(x[3],mul(x[7],mul(x[7],pdiv(add(x[5],x[2]),x[5])))),x[5]))),x[3])",True,"greater_than_or_equal(sub(pdiv(x[0],x[7]),mul(x[0],mul(x[3],pdiv(x[0],x[3])))), mul(x[0],mul(x[3],x[7])))",0.3532934131736527,c6d775a454076969461e8a715306c0c4,0.3652694610778443,True,0.0119760479041916
8,8,"not_(less_than_or_equal(pdiv(x[0],x[5]),add(x[7],sub(x[5],sub(x[0],x[0])))))",True,"less_than_or_equal(x[5],x[0])",0.6227544910179641,2aedc6e15176de9ec0c909a1a3b35796,0.5988023952095809,True,-0.0239520958083832
8,8,"not_(less_than_or_equal(pdiv(x[5],pdiv(x[7],94.99)),x[5]))",True,"less_than_or_equal(x[2],x[2])",0.35928143712574845,bd082d42dcba8056510101f18394b575,0.3652694610778443,True,0.005988023952095856
8,8,"not_(less_than_or_equal(pdiv(x[5],x[5]),add(x[5],x[2])))",True,"not_(less_than_or_equal(pdiv(x[5],x[5]),add(x[5],x[2])))",0.2455089820359282,5825d6d8d32996f2f81bb41cc0bfa92f,0.2455089820359282,False,0.0
8,8,"not_(less_than_or_equal(pdiv(x[5],pdiv(mul(x[5],x[2]),pdiv(x[5],x[5]))),add(x[5],x[2])))",True,"not_(less_than_or_equal(pdiv(x[5],x[2]),mul(x[5],add(x[5],x[2]))))",0.31137724550898205,142cae9b2b777b572b7a8767ad22e3d8,0.3053892215568862,True,-0.005988023952095856
8,8,"greater_than_or_equal(x[3], add(pdiv(pdiv(x[5],x[5]),x[5]),x[5]))",True,not_(x[6]),0.6347305389221557,b4068ba57b63c959651c969331c4b5cd,0.6407185628742516,True,0.005988023952095856
8,8,"greater_than_or_equal(x[5], mul(x[7],add(x[7],pdiv(69.44,sub(x[3],x[3])))))",False,,,0f74d2b510468dfb01b807a5013ba7de,0.33532934131736525,False,0.0
8,8,"not_(greater_than_or_equal(mul(x[7],pdiv(x[2],mul(mul(add(pdiv(x[3],x[5]),x[3]),x[7]),mul(mul(x[7],x[7]),add(47.55,x[5]))))), x[2]))",False,,,47beff923d75f37787b7280ff6e07760,0.46706586826347307,False,0.0
8,8,"less_than_or_equal(add(pdiv(x[3],x[3]),sub(x[3],mul(x[7],add(x[2],30.93)))),x[2])",True,"less_than_or_equal(sub(sub(x[3],x[5]),pdiv(x[7],mul(add(sub(x[7],x[7]),pdiv(x[5],x[2])),x[7]))),x[0])",0.3892215568862275,5918517f5c7939fc875812594d344b06,0.38323353293413176,True,-0.0059880239520957446
8,8,"greater_than_or_equal(x[5], x[5])",True,"less_than_or_equal(x[2],x[2])",0.35928143712574845,bd082d42dcba8056510101f18394b575,0.35928143712574845,False,0.0
8,8,"not_(greater_than_or_equal(mul(x[5],mul(x[7],sub(x[5],x[3]))), add(pdiv(add(x[2],x[0]),x[0]),x[0])))",True,"less_than_or_equal(x[2],x[2])",0.35928143712574845,bd082d42dcba8056510101f18394b575,0.35928143712574845,False,0.0
8,8,"less_than_or_equal(mul(sub(x[7],x[3]),mul(add(pdiv(x[2],pdiv(x[3],x[5])),x[5]),add(add(x[2],x[3]),x[5]))),x[5])",False,,,6a101605a9b337f75dab3a6989128193,0.31137724550898205,False,0.0
8,8,"greater_than_or_equal(x[5], mul(x[7],add(x[2],pdiv(x[5],x[5]))))",False,,,bb5c1caa2e30ec7ef07b22f884640315,0.33532934131736525,False,0.0
8,8,"greater_than_or_equal(x[0], x[3])",True,"or_(greater_than_or_equal(sub(x[0],x[5]), pdiv(x[3],x[5])),less_than_or_equal(sub(x[3],x[0]),sub(x[5],x[5])))",0.6227544910179641,2310ba51ba8c7f4263478bc24872fb4b,0.6227544910179641,False,0.0
8,8,"less_than_or_equal(sub(mul(x[7],x[7]),add(x[5],x[2])),add(sub(add(add(39.76,add(x[2],sub(pdiv(x[0],x[7]),mul(x[0],mul(x[3],x[7]))))),pdiv(x[0],x[3])),mul(x[5],add(x[5],x[2]))),x[5]))",True,"less_than_or_equal(x[2],x[2])",0.35928143712574845,bd082d42dcba8056510101f18394b575,0.35928143712574845,False,0.0
8,8,"greater_than_or_equal(pdiv(x[5],pdiv(add(x[2],x[5]),x[5])), mul(x[5],x[2]))",False,,,0803226314985e684579b7ad7da3df72,0.28742514970059885,False,0.0
8,8,"not_(less_than_or_equal(pdiv(x[7],pdiv(x[5],x[0])),x[7]))",True,"less_than_or_equal(x[5],x[0])",0.6227544910179641,2aedc6e15176de9ec0c909a1a3b35796,0.6287425149700598,True,0.0059880239520957446
8,8,"greater_than_or_equal(x[5], mul(x[7],add(x[5],x[5])))",True,"greater_than_or_equal(x[5], mul(x[7],add(x[5],x[5])))",0.2455089820359282,9545aae94dd0fcb8b281ddfedf2da4e6,0.2455089820359282,False,0.0
8,8,"greater_than_or_equal(x[5], mul(x[5],x[5]))",True,"less_than_or_equal(x[2],x[2])",0.35928143712574845,bd082d42dcba8056510101f18394b575,0.35928143712574845,False,0.0
8,8,"not_(less_than_or_equal(pdiv(x[5],x[5]),add(pdiv(x[7],add(pdiv(x[5],x[2]),x[3])),mul(x[7],sub(x[7],x[5])))))",False,,,3110358437505ba581a6eacaae771cc4,0.34730538922155685,False,0.0
8,8,"not_(less_than_or_equal(pdiv(x[2],x[0]),x[5]))",False,,,dbd16a1cce820df00494c93c4eb3eae4,0.40718562874251496,False,0.0
8,8,"not_(less_than_or_equal(pdiv(x[5],x[3]),add(x[5],x[5])))",True,"not_(less_than_or_equal(x[5],mul(x[3],add(x[5],x[5]))))",0.5149700598802396,d62a7cde6410c3f86badd95c5c5bfa06,0.5209580838323353,True,0.0059880239520957446
8,8,"greater_than_or_equal(add(pdiv(x[3],x[3]),x[2]), mul(mul(x[3],add(x[2],pdiv(sub(x[3],x[7]),add(add(x[7],pdiv(x[3],x[3])),x[2])))),x[3]))",True,"less_than_or_equal(x[2],x[2])",0.35928143712574845,bd082d42dcba8056510101f18394b575,0.35928143712574845,False,0.0
8,8,"greater_than_or_equal(x[3], mul(x[7],x[0]))",True,"not_(less_than_or_equal(pdiv(x[3],x[5]),add(pdiv(x[2],30.95),mul(x[0],x[7]))))",0.3293413173652695,c7c0dd835d3e14b67c28a47fcb18c6c1,0.3293413173652695,False,0.0
8,8,"greater_than_or_equal(pdiv(pdiv(x[0],add(x[7],pdiv(x[5],x[2]))),x[5]), pdiv(add(mul(x[3],x[5]),pdiv(x[3],x[0])),x[2]))",False,,,03f2077532d7dfacfa75ed0c465c7fab,0.6646706586826348,False,0.0
8,8,"greater_than_or_equal(pdiv(x[3],mul(add(x[5],x[2]),add(sub(x[7],x[7]),pdiv(x[5],x[5])))), sub(x[0],x[5]))",True,"or_(less_than_or_equal(sub(x[2],x[5]),mul(x[3],x[2])),not_(greater_than_or_equal(x[5], x[3])))",0.38323353293413176,cc44f38a8b2fcefff95bcc01de90856f,0.37125748502994016,True,-0.0119760479041916
8,8,"greater_than_or_equal(sub(x[5],mul(sub(x[5],x[5]),x[7])), pdiv(x[0],x[3]))",False,,,453e740d10016aeebc76dc821505179f,0.40718562874251496,False,0.0
8,8,"not_(less_than_or_equal(sub(x[5],x[2]),x[0]))",False,,,322f7ffc4e786ca792193bc38ba2a6c3,0.3892215568862275,False,0.0
8,8,"less_than_or_equal(mul(sub(x[7],x[0]),pdiv(x[7],x[3])),mul(add(x[7],pdiv(x[5],x[2])),x[0]))",False,,,47adf3f7d492f40167a4632bf06d9315,0.5329341317365269,False,0.0
8,8,"greater_than_or_equal(pdiv(mul(x[5],add(x[2],x[5])),x[5]), add(x[5],x[2]))",False,,,915b7c9477d2c4405158ac1903ef58ca,0.37125748502994016,False,0.0
8,8,"less_than_or_equal(x[7],pdiv(x[5],x[5]))",True,"less_than_or_equal(x[2],x[2])",0.35928143712574845,bd082d42dcba8056510101f18394b575,0.35928143712574845,False,0.0
8,8,"not_(less_than_or_equal(pdiv(x[3],sub(x[7],x[7])),add(x[3],x[7])))",True,"not_(less_than_or_equal(pdiv(x[5],x[5]),add(x[3],x[7])))",0.3053892215568862,f67f6bf2e1ea1a89d765b78348c25a54,0.3053892215568862,False,0.0
8,8,"greater_than_or_equal(x[5], x[2])",True,"not_(not_(less_than_or_equal(x[2],x[5])))",0.34730538922155685,4af53f79d9ad2ffac455113b88a02dd4,0.34730538922155685,False,0.0
8,8,"greater_than_or_equal(sub(pdiv(x[5],mul(x[5],add(x[3],x[7]))),x[3]), x[3])",True,"greater_than_or_equal(sub(pdiv(x[5],mul(x[5],add(x[3],x[7]))),x[3]), x[3])",0.35928143712574845,efeae1ed75d6914b97ae596364e13851,0.35928143712574845,False,0.0
8,8,"less_than_or_equal(x[7],add(x[5],x[2]))",True,"greater_than_or_equal(add(x[5],x[2]), x[7])",0.38323353293413176,6412fe182f7defc06678d0a1041106c2,0.38323353293413176,False,0.0
8,8,"greater_than_or_equal(sub(pdiv(x[0],x[7]),pdiv(x[0],sub(x[0],x[5]))), add(x[5],x[2]))",False,,,cecdc210225aee65156d44911789986a,0.5089820359281437,False,0.0
8,8,"less_than_or_equal(mul(sub(x[5],x[0]),mul(x[3],x[2])),pdiv(x[0],x[3]))",False,,,32b07e823ea3edfa6703f827382691f6,0.5688622754491017,False,0.0
8,8,"not_(less_than_or_equal(pdiv(x[7],add(x[7],mul(x[0],mul(x[3],x[7])))),mul(x[5],x[3])))",True,"not_(less_than_or_equal(pdiv(x[5],x[5]),x[3]))",0.3413173652694611,05e1f3d74f96ed02168c5462d1f8f406,0.33532934131736525,True,-0.005988023952095856
8,8,"greater_than_or_equal(pdiv(x[0],x[5]), add(x[2],add(x[3],x[5])))",True,"less_than_or_equal(x[5],x[0])",0.6227544910179641,2aedc6e15176de9ec0c909a1a3b35796,0.6227544910179641,False,0.0
8,8,"greater_than_or_equal(x[3], pdiv(pdiv(add(x[2],x[5]),x[5]),x[5]))",True,not_(x[6]),0.6347305389221557,b4068ba57b63c959651c969331c4b5cd,0.6407185628742516,True,0.005988023952095856
8,8,"less_than_or_equal(x[7],x[5])",True,"greater_than_or_equal(x[5], x[7])",0.3892215568862275,ca29d589a2290a0489371628a6b32bf4,0.3892215568862275,False,0.0
8,8,"not_(less_than_or_equal(pdiv(x[5],x[5]),add(mul(x[7],x[5]),x[3])))",False,,,38a826df594949af8a507ad2a8310e55,0.3293413173652695,False,0.0
8,8,"not_(less_than_or_equal(pdiv(x[5],x[5]),add(x[5],x[0])))",True,"not_(less_than_or_equal(pdiv(x[5],x[5]),add(x[5],x[0])))",0.3053892215568862,00c19a3fd72854100569949b11521f0b,0.3053892215568862,False,0.0
8,8,"less_than_or_equal(add(add(x[7],x[2]),sub(x[2],x[3])),add(add(sub(x[7],add(x[3],pdiv(x[3],mul(x[7],x[7])))),add(x[5],x[2])),add(sub(x[7],x[7]),pdiv(x[5],x[3]))))",False,,,8637cb0b49b22cef206013c148ac20e3,0.6467065868263473,False,0.0
8,8,"not_(greater_than_or_equal(x[3], x[7]))",True,"greater_than_or_equal(x[7], x[3])",0.6646706586826348,d5925f4b2448dec895a429c6f44b5edc,0.6646706586826348,False,0.0
8,8,"less_than_or_equal(pdiv(x[3],mul(x[7],mul(mul(x[7],x[7]),add(x[5],x[2])))),add(sub(x[7],x[7]),mul(x[5],x[5])))",False,,,43690728a39878e0a23e324008de4851,0.6826347305389222,False,0.0
8,8,"not_(less_than_or_equal(pdiv(x[5],x[7]),sub(x[2],sub(mul(x[3],x[7]),pdiv(x[0],x[0])))))",False,,,bf7d59fd4531a2add88545ad15cddf85,0.3173652694610778,False,0.0
8,8,"greater_than_or_equal(x[5], sub(x[2],x[0]))",False,,,4a65c615619055bbe348836c60ed1840,0.34730538922155685,False,0.0
8,8,"greater_than_or_equal(sub(pdiv(x[5],mul(x[5],add(x[3],x[7]))),x[5]), x[3])",False,,,352c9b463a54f69c0bfcb21cda3e834f,0.38323353293413176,False,0.0
8,8,"greater_than_or_equal(add(x[7],pdiv(mul(x[2],x[2]),sub(add(mul(x[3],sub(x[7],x[5])),x[7]),x[7]))), mul(mul(x[7],x[7]),add(x[5],x[2])))",False,,,64282b45ec9a15048d6a29a22cf9fcac,0.44311377245508987,False,0.0
8,8,"greater_than_or_equal(add(pdiv(add(x[5],x[5]),x[5]),x[5]), x[2])",True,"less_than_or_equal(x[2],x[2])",0.35928143712574845,bd082d42dcba8056510101f18394b575,0.35928143712574845,False,0.0
8,8,"not_(less_than_or_equal(pdiv(x[5],pdiv(pdiv(add(x[2],add(sub(x[7],x[7]),add(x[5],x[2]))),x[7]),x[3])),sub(x[5],x[5])))",True,"less_than_or_equal(x[2],x[2])",0.35928143712574845,bd082d42dcba8056510101f18394b575,0.3652694610778443,True,0.005988023952095856
8,8,"greater_than_or_equal(x[5], x[2])",True,"not_(not_(less_than_or_equal(x[2],x[5])))",0.34730538922155685,4af53f79d9ad2ffac455113b88a02dd4,0.34730538922155685,False,0.0
8,8,"greater_than_or_equal(x[0], x[5])",True,"less_than_or_equal(x[5],x[0])",0.6227544910179641,2aedc6e15176de9ec0c909a1a3b35796,0.6227544910179641,False,0.0
8,8,"greater_than_or_equal(x[3], x[7])",True,"greater_than_or_equal(x[3], x[7])",0.33532934131736525,176c0c35833bc4ae980b10cd773d9ebc,0.33532934131736525,False,0.0
8,8,"not_(greater_than_or_equal(mul(sub(37.47,add(add(x[0],x[2]),x[5])),sub(x[2],74.75)), sub(x[7],x[7])))",True,"less_than_or_equal(x[2],x[2])",0.35928143712574845,bd082d42dcba8056510101f18394b575,0.35928143712574845,False,0.0
8,8,"not_(less_than_or_equal(x[5],x[7]))",True,"greater_than_or_equal(x[5], x[7])",0.3892215568862275,ca29d589a2290a0489371628a6b32bf4,0.3892215568862275,False,0.0
8,8,"not_(less_than_or_equal(pdiv(x[3],sub(x[7],x[7])),add(x[2],x[2])))",True,"not_(less_than_or_equal(pdiv(x[5],x[5]),add(x[2],x[2])))",0.25149700598802394,b1dd33075a09479c47bb17a355eef7af,0.25149700598802394,False,0.0
8,8,"not_(less_than_or_equal(pdiv(x[5],add(sub(sub(x[5],09.39),x[3]),x[5])),pdiv(pdiv(x[2],mul(x[5],add(x[5],mul(x[0],x[7])))),add(x[7],pdiv(x[3],x[5])))))",True,not_(x[6]),0.6347305389221557,b4068ba57b63c959651c969331c4b5cd,0.6407185628742516,True,0.005988023952095856
8,8,"not_(less_than_or_equal(add(x[5],sub(x[2],x[0])),add(x[3],x[7])))",False,,,3fde07a6b38788e06cea182c35b46f31,0.5329341317365269,False,0.0
8,8,"not_(greater_than_or_equal(mul(x[7],add(x[5],x[2])), add(add(x[0],add(pdiv(x[5],x[5]),add(x[5],x[2]))),add(pdiv(pdiv(x[5],x[5]),add(x[3],x[7])),mul(x[7],x[5])))))",True,"less_than_or_equal(x[2],x[2])",0.35928143712574845,bd082d42dcba8056510101f18394b575,0.35928143712574845,False,0.0
8,8,"greater_than_or_equal(sub(pdiv(x[0],x[7]),mul(x[2],mul(x[3],x[7]))), pdiv(x[0],x[0]))",True,"less_than_or_equal(x[7],x[0])",0.5449101796407185,be077d9307e8548c7420a3c3b9c6aaf2,0.5449101796407185,False,0.0
8,8,"greater_than_or_equal(add(pdiv(pdiv(add(x[2],sub(x[7],x[2])),add(x[7],x[7])),mul(sub(x[7],x[5]),x[3])),x[7]), mul(x[7],mul(x[7],pdiv(add(x[5],x[2]),x[5]))))",False,,,f37274bb8ec1a7ed518e0cfdd2b99edf,0.562874251497006,False,0.0
8,8,"greater_than_or_equal(x[5], x[7])",True,"greater_than_or_equal(x[5], x[7])",0.3892215568862275,ca29d589a2290a0489371628a6b32bf4,0.3892215568862275,False,0.0
8,8,"not_(greater_than_or_equal(mul(x[7],add(add(mul(x[2],add(pdiv(mul(x[2],add(x[5],mul(x[2],x[5]))),x[5]),add(x[2],x[5]))),mul(x[5],add(pdiv(x[2],30.95),mul(x[0],x[7])))),add(x[7],pdiv(x[3],x[5])))), x[2]))",False,,,c5a7dd0794833be808f1c75ab11b99d9,0.5269461077844311,False,0.0
8,8,"greater_than_or_equal(add(pdiv(x[3],x[7]),sub(x[7],x[2])), add(add(x[3],x[2]),x[2]))",False,,,95e259fb9888496d4bc8c56811f4fda5,0.2455089820359282,False,0.0
8,8,"not_(greater_than_or_equal(mul(x[7],add(x[2],x[2])), x[5]))",False,,,f7539509fdd5f9bf93cc165393e6bf21,0.27544910179640714,False,0.0
8,8,"not_(less_than_or_equal(x[5],mul(x[7],x[7])))",True,"not_(less_than_or_equal(x[5],mul(x[7],x[7])))",0.3532934131736527,6208c2f2bc232c7eeeb665b7dcc66661,0.3532934131736527,False,0.0
8,8,"not_(less_than_or_equal(x[3],x[7]))",True,"greater_than_or_equal(x[3], x[7])",0.33532934131736525,176c0c35833bc4ae980b10cd773d9ebc,0.33532934131736525,False,0.0
8,8,"greater_than_or_equal(69.44, sub(x[3],x[3]))",True,"less_than_or_equal(x[2],x[2])",0.35928143712574845,bd082d42dcba8056510101f18394b575,0.35928143712574845,False,0.0
8,8,"less_than_or_equal(add(mul(x[7],pdiv(x[5],x[5])),x[2]),add(sub(x[7],x[7]),pdiv(x[3],mul(x[7],x[7]))))",True,"less_than_or_equal(mul(mul(x[7],x[7]),add(x[7],x[2])),x[3])",0.28742514970059885,9eef8efc0d31dedb87f45298c275c2e5,0.28742514970059885,False,0.0
8,8,"greater_than_or_equal(sub(pdiv(x[5],mul(x[5],add(x[3],x[7]))),x[0]), x[0])",False,,,84a80a3865337467c74036d977f49fe1,0.34730538922155685,False,0.0
8,8,"less_than_or_equal(add(add(add(pdiv(x[5],pdiv(x[2],x[2])),x[5]),x[3]),x[7]),mul(x[3],x[0]))",True,not_(x[6]),0.6347305389221557,b4068ba57b63c959651c969331c4b5cd,0.6407185628742516,True,0.005988023952095856
8,8,"less_than_or_equal(add(x[3],x[7]),x[0])",True,"greater_than_or_equal(sub(mul(x[3],x[7]),pdiv(x[2],x[7])), pdiv(sub(x[7],x[0]),mul(x[0],x[3])))",0.5988023952095809,30939076988a3865e1444daa184d3408,0.6167664670658682,True,0.017964071856287345
8,8,"greater_than_or_equal(sub(add(x[5],mul(x[5],x[7])),add(x[5],x[5])), add(sub(x[7],sub(x[5],mul(x[5],x[5]))),add(x[5],x[2])))",True,not_(x[6]),0.6347305389221557,b4068ba57b63c959651c969331c4b5cd,0.6407185628742516,True,0.005988023952095856
8,8,"not_(less_than_or_equal(pdiv(x[5],x[5]),add(x[2],x[2])))",True,"not_(less_than_or_equal(pdiv(x[5],x[5]),add(x[2],x[2])))",0.25149700598802394,b1dd33075a09479c47bb17a355eef7af,0.25149700598802394,False,0.0
8,8,"not_(less_than_or_equal(pdiv(x[5],x[5]),mul(x[7],sub(x[3],sub(pdiv(x[3],x[7]),x[7])))))",True,"not_(less_than_or_equal(pdiv(x[5],x[5]),add(pdiv(x[2],96.92),x[7])))",0.39520958083832336,db0e6c3409e9b2885c8014a7de8788af,0.39520958083832336,False,0.0
8,8,"not_(greater_than_or_equal(mul(x[2],add(x[2],pdiv(x[5],x[5]))), add(x[5],x[2])))",True,"less_than_or_equal(pdiv(mul(x[2],x[2]),x[5]),pdiv(x[7],x[7]))",0.3293413173652695,22afa71d30776c90154a85fa7bb55d4a,0.33532934131736525,True,0.0059880239520957446
8,8,"greater_than_or_equal(x[3], pdiv(x[2],mul(pdiv(43.97,x[5]),add(x[7],x[7]))))",True,"not_(less_than_or_equal(pdiv(x[3],x[5]),add(pdiv(x[2],30.95),mul(x[0],x[3]))))",0.34730538922155685,4ac8a53c24397a99907b64c745d162c5,0.3532934131736527,True,0.005988023952095856
8,8,"not_(greater_than_or_equal(mul(x[7],add(x[3],x[2])), add(x[5],mul(sub(x[5],x[5]),sub(add(08.46,x[3]),add(pdiv(x[5],x[7]),sub(x[7],x[5])))))))",False,,,e4f020371c9c4af4bedc99e9207ee51f,0.31137724550898205,False,0.0
8,8,"not_(greater_than_or_equal(mul(x[5],add(x[5],x[0])), add(x[5],mul(sub(x[5],x[5]),sub(add(x[2],x[2]),sub(x[0],x[7]))))))",True,"not_(less_than_or_equal(pdiv(x[5],x[5]),add(x[5],x[0])))",0.3053892215568862,00c19a3fd72854100569949b11521f0b,0.31137724550898205,True,0.005988023952095856
8,8,"not_(less_than_or_equal(pdiv(x[5],x[5]),add(x[2],x[3])))",True,"not_(less_than_or_equal(pdiv(x[5],x[5]),add(x[2],x[3])))",0.2694610778443114,8e10ebf505ba211742b7164524309595,0.2694610778443114,False,0.0
8,8,"greater_than_or_equal(pdiv(pdiv(x[7],mul(sub(x[7],x[0]),64.42)),add(x[7],pdiv(x[5],x[2]))), x[7])",True,"greater_than_or_equal(add(mul(x[3],x[3]),sub(x[5],sub(x[2],mul(x[0],x[2])))), add(pdiv(sub(x[5],x[7]),x[3]),46.96))",0.6347305389221557,1497c3bff9b55e63061c88de49f56f45,0.6227544910179641,True,-0.0119760479041916
8,8,"less_than_or_equal(mul(mul(x[7],x[7]),mul(x[7],add(pdiv(x[5],x[2]),add(sub(x[7],x[7]),pdiv(x[5],mul(pdiv(x[5],x[5]),add(x[5],x[0]))))))),add(x[5],x[2]))",False,,,0ab454747c46ed3fafc67f29a32dd06c,0.35928143712574845,False,0.0
8,8,"not_(greater_than_or_equal(mul(add(x[5],x[3]),x[7]), x[0]))",False,,,5ba632944312ef46246c97b4d9035dd0,0.5329341317365269,False,0.0
8,8,"less_than_or_equal(x[7],add(x[5],mul(x[5],add(x[5],x[2]))))",True,"greater_than_or_equal(x[5], sub(x[7],pdiv(x[5],pdiv(add(x[2],x[5]),x[5]))))",0.33532934131736525,084eb10daab79cd16eae9fb896fec938,0.3413173652694611,True,0.005988023952095856
8,8,"not_(less_than_or_equal(pdiv(x[5],09.26),x[5]))",True,not_(x[6]),0.6347305389221557,b4068ba57b63c959651c969331c4b5cd,0.6407185628742516,True,0.005988023952095856
8,8,"less_than_or_equal(add(pdiv(x[3],x[3]),sub(43.09,x[2])),x[5])",True,not_(x[6]),0.6347305389221557,b4068ba57b63c959651c969331c4b5cd,0.6407185628742516,True,0.005988023952095856
8,8,"less_than_or_equal(mul(x[7],x[2]),add(x[2],mul(x[5],x[5])))",True,"less_than_or_equal(x[2],x[2])",0.35928143712574845,bd082d42dcba8056510101f18394b575,0.35928143712574845,False,0.0
8,8,"greater_than_or_equal(add(pdiv(sub(add(x[7],sub(add(x[2],x[5]),sub(x[2],x[0]))),add(x[3],x[7])),x[5]),x[0]), sub(sub(x[2],x[0]),mul(x[5],x[5])))",False,,,cccbb1652f619f11a05ae6a2a46d140b,0.41916167664670656,False,0.0
8,8,"not_(less_than_or_equal(pdiv(x[3],x[2]),45.47))",True,not_(x[6]),0.6347305389221557,b4068ba57b63c959651c969331c4b5cd,0.6407185628742516,True,0.005988023952095856
8,8,"greater_than_or_equal(x[5], x[5])",True,"less_than_or_equal(x[2],x[2])",0.35928143712574845,bd082d42dcba8056510101f18394b575,0.35928143712574845,False,0.0
8,8,"not_(less_than_or_equal(pdiv(add(pdiv(x[3],x[3]),sub(x[5],x[5])),x[5]),sub(add(mul(x[3],x[5]),pdiv(x[3],x[0])),x[2])))",False,,,a1413ce950c0c3f94660568296d6446c,0.40718562874251496,False,0.0
8,8,"not_(less_than_or_equal(pdiv(x[3],sub(x[7],mul(mul(x[7],x[7]),add(x[5],x[2])))),add(pdiv(x[7],x[7]),mul(x[5],x[3]))))",False,,,1a6416e17999662615f29bad0bc4c8a0,0.32335329341317365,False,0.0
8,8,"greater_than_or_equal(x[3], x[0])",True,"not_(greater_than_or_equal(pdiv(x[0],x[3]), pdiv(x[5],x[5])))",0.3772455089820359,f56d58ec85f58eb9e745c543958f7db4,0.37125748502994016,True,-0.0059880239520957446
8,8,"greater_than_or_equal(x[5], mul(x[7],add(x[7],x[2])))",True,"greater_than_or_equal(x[5], mul(x[7],add(x[7],x[2])))",0.2455089820359282,dbe0ded9608d153cce360999e2a5fae7,0.2455089820359282,False,0.0
8,8,"not_(less_than_or_equal(sub(x[3],x[5]),x[5]))",False,,,b5fa2e7d7048b39fdcc9317861adfd94,0.6347305389221557,False,0.0
8,8,"less_than_or_equal(mul(add(x[7],sub(x[5],x[5])),pdiv(x[2],x[5])),sub(pdiv(add(x[2],x[2]),add(pdiv(x[5],pdiv(x[7],x[2])),x[5])),x[0]))",False,,,6998d1c34236c9920f07b58ab5cc8fb4,0.34730538922155685,False,0.0
8,8,"less_than_or_equal(mul(mul(x[7],sub(x[3],x[5])),x[2]),pdiv(pdiv(x[5],add(x[5],x[3])),mul(x[2],94.95)))",False,,,5629ceb443166d16fac0394200cc9715,0.3652694610778443,False,0.0
8,8,"not_(greater_than_or_equal(mul(x[0],add(x[2],x[5])), x[5]))",False,,,75c08f44184bdbdab817c218fb1872c6,0.38323353293413176,False,0.0
8,8,"greater_than_or_equal(sub(mul(x[7],x[7]),x[7]), pdiv(x[5],x[3]))",True,not_(x[6]),0.6347305389221557,b4068ba57b63c959651c969331c4b5cd,0.6407185628742516,True,0.005988023952095856
8,8,"greater_than_or_equal(add(add(x[7],x[0]),pdiv(add(pdiv(pdiv(x[5],add(x[5],x[0])),x[2]),x[3]),mul(add(x[3],x[5]),x[5]))), x[5])",True,"less_than_or_equal(x[2],x[2])",0.35928143712574845,bd082d42dcba8056510101f18394b575,0.35928143712574845,False,0.0
8,8,"greater_than_or_equal(x[5], mul(x[3],x[7]))",True,"not_(less_than_or_equal(pdiv(x[5],x[3]),x[7]))",0.3413173652694611,e691e9faf9d6cf6a1c64f756c672a16e,0.3413173652694611,False,0.0
8,8,"less_than_or_equal(x[7],mul(x[5],x[2]))",False,,,4fc846ba581f337a2d2a5969ea7ba4ee,0.5868263473053892,False,0.0
8,8,"not_(less_than_or_equal(mul(x[5],add(x[2],x[5])),x[0]))",True,"less_than_or_equal(x[0],x[5])",0.37125748502994016,cdcd6f1e6c091ac380f1476046586fe6,0.39520958083832336,True,0.0239520958083832
8,8,"greater_than_or_equal(add(pdiv(x[3],x[7]),sub(pdiv(sub(x[2],add(x[7],mul(x[7],pdiv(x[5],x[7])))),x[5]),add(x[5],x[2]))), x[5])",False,,,96b305cf97eb5828c31f0f3eb30aa61d,0.4491017964071856,False,0.0
8,8,"not_(less_than_or_equal(mul(x[3],x[7]),sub(x[0],x[3])))",True,"less_than_or_equal(pdiv(mul(x[2],x[0]),pdiv(x[3],x[2])),add(mul(x[2],x[7]),mul(x[2],x[3])))",0.3652694610778443,8f5c253fdbd8e9a3dee80ac2f8d41308,0.38323353293413176,True,0.017964071856287456
8,8,"less_than_or_equal(mul(mul(x[7],x[7]),mul(x[7],add(pdiv(x[3],sub(sub(x[0],x[5]),add(x[3],x[7]))),x[3]))),mul(add(x[3],x[0]),add(x[7],x[5])))",True,"less_than_or_equal(x[2],x[2])",0.35928143712574845,bd082d42dcba8056510101f18394b575,0.35928143712574845,False,0.0
8,8,"greater_than_or_equal(x[3], x[5])",True,"less_than_or_equal(x[5],x[3])",0.5089820359281437,1d4d287fbe015bbb313f097e26f5bc37,0.5089820359281437,False,0.0
8,8,"greater_than_or_equal(add(pdiv(x[5],x[3]),sub(x[5],x[7])), mul(mul(x[0],x[3]),x[7]))",True,"not_(less_than_or_equal(pdiv(x[5],x[3]),sub(x[7],x[5])))",0.32335329341317365,5b4f18d03d5f800a07746c60798a024e,0.3173652694610778,True,-0.005988023952095856
8,8,"greater_than_or_equal(mul(x[5],add(x[2],x[5])), x[7])",False,,,98435752c8b8d8dcaa4342c107f1a2c7,0.47904191616766467,False,0.0
8,8,"not_(less_than_or_equal(pdiv(09.62,x[7]),pdiv(x[3],x[7])))",True,"less_than_or_equal(x[2],x[2])",0.35928143712574845,bd082d42dcba8056510101f18394b575,0.35928143712574845,False,0.0
8,8,"greater_than_or_equal(add(mul(x[3],x[7]),mul(mul(x[7],x[7]),mul(pdiv(x[5],pdiv(x[3],x[7])),x[0]))), pdiv(x[5],x[2]))",False,,,75debe10af6f2297fca73647e9ce6c7e,0.6946107784431137,False,0.0
8,8,"less_than_or_equal(add(mul(x[7],pdiv(x[5],x[5])),x[7]),pdiv(x[5],x[2]))",False,,,093a4cacdf796d0d964230b08b8564b3,0.281437125748503,False,0.0
8,8,"less_than_or_equal(mul(mul(pdiv(mul(x[7],add(x[5],mul(x[3],x[7]))),x[5]),mul(x[3],x[3])),add(pdiv(x[7],x[7]),pdiv(x[3],x[5]))),x[2])",False,,,c7188d36f4482de11722dfd728384fda,0.45508982035928147,False,0.0
8,8,"greater_than_or_equal(x[3], x[7])",True,"greater_than_or_equal(x[3], x[7])",0.33532934131736525,176c0c35833bc4ae980b10cd773d9ebc,0.33532934131736525,False,0.0
8,8,"not_(less_than_or_equal(pdiv(x[3],sub(add(pdiv(pdiv(x[5],x[5]),add(x[5],x[2])),x[7]),x[5])),x[3]))",False,,,c51bb0204ed488303348dd1d71686200,0.5988023952095809,False,0.0
8,8,"greater_than_or_equal(x[3], 48.39)",True,not_(x[6]),0.6347305389221557,b4068ba57b63c959651c969331c4b5cd,0.6407185628742516,True,0.005988023952095856
8,8,"greater_than_or_equal(x[3], add(sub(x[7],x[5]),sub(mul(add(x[7],x[0]),x[2]),x[0])))",False,,,4b64e4287906fd6dc87b3ccba5046bd9,0.31137724550898205,False,0.0
8,8,"greater_than_or_equal(x[5], x[5])",True,"less_than_or_equal(x[2],x[2])",0.35928143712574845,bd082d42dcba8056510101f18394b575,0.35928143712574845,False,0.0
8,8,"greater_than_or_equal(x[5], mul(x[7],add(x[5],sub(add(mul(x[3],x[5]),add(x[3],x[0])),x[2]))))",False,,,e04f66554e825c12f7ffa11a3c62d6a1,0.35928143712574845,False,0.0
8,8,"and_(less_than_or_equal(pdiv(x[5],x[5]),add(x[5],x[2])),greater_than_or_equal(pdiv(x[5],mul(x[5],add(pdiv(x[2],30.95),mul(x[0],x[7])))), add(x[7],pdiv(x[3],x[5]))))",True,"greater_than_or_equal(add(x[2],x[5]), pdiv(x[7],x[7]))",0.7544910179640718,3db16fa16df21b15852938a2c3f9a18b,0.7544910179640718,False,0.0
8,8,"greater_than_or_equal(add(pdiv(39.30,x[2]),x[3]), mul(x[7],x[7]))",True,"less_than_or_equal(x[2],x[2])",0.35928143712574845,bd082d42dcba8056510101f18394b575,0.35928143712574845,False,0.0
8,8,"not_(less_than_or_equal(pdiv(x[5],x[5]),add(x[2],mul(x[7],x[0]))))",False,,,1ab369f1c9c900ba68f0c77139376ac8,0.3293413173652695,False,0.0
8,8,"not_(less_than_or_equal(pdiv(x[5],x[5]),mul(x[5],add(x[5],x[2]))))",True,"not_(greater_than_or_equal(mul(x[5],add(x[5],x[2])), add(sub(x[7],x[7]),pdiv(x[5],x[5]))))",0.27544910179640714,66d1f1f84d146fdd572ef7ee95562584,0.27544910179640714,False,0.0
8,8,"less_than_or_equal(mul(x[5],add(x[2],74.75)),sub(x[7],x[7]))",True,not_(x[6]),0.6347305389221557,b4068ba57b63c959651c969331c4b5cd,0.6347305389221557,False,0.0
8,8,"greater_than_or_equal(pdiv(x[7],mul(x[0],mul(x[3],x[7]))), pdiv(x[0],x[3]))",True,"less_than_or_equal(x[2],x[2])",0.35928143712574845,bd082d42dcba8056510101f18394b575,0.3652694610778443,True,0.005988023952095856
8,8,"greater_than_or_equal(sub(pdiv(x[0],sub(x[7],add(x[5],x[2]))),add(sub(x[7],x[0]),pdiv(x[5],x[5]))), mul(mul(x[5],x[7]),pdiv(x[7],x[3])))",False,,,9343081bd67e7206ab22f33baf2fdbe6,0.652694610778443,False,0.0
8,8,"less_than_or_equal(mul(mul(x[7],x[2]),add(x[5],x[2])),x[5])",False,,,4ae7d23fb296374221971282b09dd9ba,0.28742514970059885,False,0.0
8,8,"greater_than_or_equal(x[3], mul(mul(x[2],x[7]),sub(x[5],x[3])))",False,,,ffa28f397bbf6e8b3fc8b0c1f44248cd,0.3173652694610778,False,0.0
8,8,"greater_than_or_equal(sub(pdiv(x[0],x[5]),x[5]), add(x[0],x[0]))",True,"less_than_or_equal(x[5],x[0])",0.6227544910179641,2aedc6e15176de9ec0c909a1a3b35796,0.6167664670658682,True,-0.005988023952095856
8,8,"not_(less_than_or_equal(x[5],mul(x[5],x[7])))",True,"not_(less_than_or_equal(pdiv(x[5],x[5]),add(pdiv(x[2],96.92),x[7])))",0.39520958083832336,db0e6c3409e9b2885c8014a7de8788af,0.4011976047904192,True,0.005988023952095856
8,8,"greater_than_or_equal(x[3], add(x[5],add(x[5],x[2])))",False,,,7cc123d67d5bf9ab3fc19bf9e6fbb181,0.6167664670658682,False,0.0
8,8,"not_(less_than_or_equal(pdiv(x[5],sub(x[7],x[5])),sub(x[2],x[0])))",False,,,aca9856bc651263cae90168ae78578c6,0.592814371257485,False,0.0
8,8,"not_(greater_than_or_equal(mul(x[7],mul(x[3],x[2])), add(pdiv(x[3],pdiv(add(x[3],x[5]),add(x[5],30.93))),x[2])))",True,"less_than_or_equal(x[2],x[2])",0.35928143712574845,bd082d42dcba8056510101f18394b575,0.35928143712574845,False,0.0
8,8,"not_(greater_than_or_equal(pdiv(x[5],pdiv(x[5],sub(x[5],x[5]))), x[3]))",True,"not_(less_than_or_equal(x[3],x[5]))",0.49101796407185627,afe2b4bc33e70a8895f2048551a197b2,0.49101796407185627,False,0.0
8,8,"not_(less_than_or_equal(pdiv(x[5],x[5]),add(x[7],sub(x[5],sub(x[0],x[0])))))",True,"not_(less_than_or_equal(pdiv(x[5],x[5]),add(x[7],x[5])))",0.32335329341317365,e44f6a949f00cb0bf86b1105d7c3453d,0.32335329341317365,False,0.0
8,8,"less_than_or_equal(94.79,pdiv(x[5],add(75.19,add(pdiv(x[5],x[5]),x[3]))))",True,not_(x[6]),0.6347305389221557,b4068ba57b63c959651c969331c4b5cd,0.6407185628742516,True,0.005988023952095856
8,8,"greater_than_or_equal(mul(mul(sub(x[5],x[5]),sub(x[2],x[0])),x[5]), x[5])",True,not_(x[6]),0.6347305389221557,b4068ba57b63c959651c969331c4b5cd,0.6347305389221557,False,0.0
8,8,"greater_than_or_equal(x[3], pdiv(x[3],x[5]))",True,"greater_than_or_equal(x[5], pdiv(x[2],x[2]))",0.688622754491018,d77781efe7d80c80545f6897faedc30c,0.6826347305389222,True,-0.0059880239520957446
8,8,"less_than_or_equal(mul(x[5],mul(x[5],sub(x[3],pdiv(mul(x[7],mul(x[2],x[3])),x[7])))),x[5])",True,"less_than_or_equal(x[2],x[2])",0.35928143712574845,bd082d42dcba8056510101f18394b575,0.35928143712574845,False,0.0
8,8,"greater_than_or_equal(add(x[5],add(x[3],x[7])), x[3])",True,"less_than_or_equal(x[2],x[2])",0.35928143712574845,bd082d42dcba8056510101f18394b575,0.35928143712574845,False,0.0
8,8,"less_than_or_equal(mul(mul(x[7],x[7]),x[3]),x[5])",True,"less_than_or_equal(mul(x[3],x[7]),pdiv(x[5],x[7]))",0.33532934131736525,115d9de2e8f1cf584c1a290a69da8222,0.33532934131736525,False,0.0
8,8,"greater_than_or_equal(add(x[7],pdiv(x[5],x[5])), add(x[5],x[3]))",False,,,24bbb8446bafeea83110295bfb8b9346,0.40718562874251496,False,0.0
8,8,"not_(less_than_or_equal(pdiv(x[5],add(x[2],x[5])),x[5]))",True,"not_(less_than_or_equal(pdiv(x[5],x[5]),add(x[5],x[2])))",0.2455089820359282,5825d6d8d32996f2f81bb41cc0bfa92f,0.25149700598802394,True,0.0059880239520957446
8,8,"greater_than_or_equal(x[7], add(x[5],sub(pdiv(sub(x[7],x[7]),sub(x[2],58.14)),x[2])))",True,"not_(less_than_or_equal(pdiv(x[7],pdiv(x[5],pdiv(add(x[2],x[5]),x[5]))),x[5]))",0.5508982035928144,cbce40b0a97fa22123e726dc7d433003,0.6107784431137724,True,0.059880239520958
8,8,"not_(less_than_or_equal(pdiv(x[5],x[7]),pdiv(x[5],x[7])))",True,not_(x[6]),0.6347305389221557,b4068ba57b63c959651c969331c4b5cd,0.6407185628742516,True,0.005988023952095856
8,8,"not_(less_than_or_equal(74.75,add(x[0],x[2])))",True,"less_than_or_equal(x[2],x[2])",0.35928143712574845,bd082d42dcba8056510101f18394b575,0.35928143712574845,False,0.0
8,8,"not_(greater_than_or_equal(mul(x[7],add(x[5],x[5])), add(x[5],x[2])))",False,,,9f0e3a57abbf77135eb41efd61e86c62,0.33532934131736525,False,0.0
8,8,"greater_than_or_equal(x[5], mul(x[7],mul(add(sub(x[7],x[5]),x[5]),add(x[3],x[7]))))",False,,,7ec1007551a3cf1c1e077427635d877b,0.31137724550898205,False,0.0
8,8,"greater_than_or_equal(94.79, pdiv(x[5],add(75.19,add(x[7],pdiv(x[5],x[3])))))",True,"less_than_or_equal(x[2],x[2])",0.35928143712574845,bd082d42dcba8056510101f18394b575,0.35928143712574845,False,0.0
8,8,"greater_than_or_equal(x[3], x[7])",True,"greater_than_or_equal(x[3], x[7])",0.33532934131736525,176c0c35833bc4ae980b10cd773d9ebc,0.33532934131736525,False,0.0
8,8,"less_than_or_equal(mul(x[5],add(x[2],x[5])),x[5])",True,"not_(less_than_or_equal(pdiv(x[5],x[5]),add(x[5],x[2])))",0.2455089820359282,5825d6d8d32996f2f81bb41cc0bfa92f,0.2455089820359282,False,0.0
8,8,"not_(greater_than_or_equal(mul(x[7],add(x[5],x[2])), add(x[5],x[7])))",True,"less_than_or_equal(x[2],x[2])",0.35928143712574845,bd082d42dcba8056510101f18394b575,0.35928143712574845,False,0.0
8,8,"less_than_or_equal(mul(add(sub(mul(sub(x[7],x[7]),mul(pdiv(x[7],x[7]),x[0])),x[5]),mul(x[5],add(pdiv(x[5],add(pdiv(x[5],x[2]),x[3])),mul(x[7],pdiv(x[5],x[5]))))),x[2]),add(pdiv(x[5],x[2]),mul(x[2],x[5])))",True,"less_than_or_equal(x[2],x[2])",0.35928143712574845,bd082d42dcba8056510101f18394b575,0.35928143712574845,False,0.0
8,8,"greater_than_or_equal(x[2], pdiv(pdiv(x[5],x[5]),x[5]))",True,not_(x[6]),0.6347305389221557,b4068ba57b63c959651c969331c4b5cd,0.6407185628742516,True,0.005988023952095856
8,8,"not_(less_than_or_equal(pdiv(x[5],x[0]),x[5]))",True,"less_than_or_equal(x[2],x[2])",0.35928143712574845,bd082d42dcba8056510101f18394b575,0.3652694610778443,True,0.005988023952095856
8,8,"less_than_or_equal(mul(x[5],x[5]),mul(x[5],x[3]))",True,"less_than_or_equal(x[5],x[3])",0.5089820359281437,1d4d287fbe015bbb313f097e26f5bc37,0.5089820359281437,False,0.0
8,8,"less_than_or_equal(sub(mul(add(x[2],x[2]),x[7]),mul(sub(x[7],x[0]),pdiv(x[7],x[3]))),mul(add(x[7],pdiv(x[5],x[2])),x[7]))",False,,,ca1964f8dc0ce518e107e2c1a7ed6113,0.3532934131736527,False,0.0
8,8,"greater_than_or_equal(mul(x[5],add(x[2],pdiv(x[5],x[5]))), x[5])",True,"less_than_or_equal(x[2],x[2])",0.35928143712574845,bd082d42dcba8056510101f18394b575,0.35928143712574845,False,0.0
8,8,"greater_than_or_equal(x[5], sub(x[7],pdiv(x[5],pdiv(add(x[2],x[2]),pdiv(x[5],x[5])))))",True,"less_than_or_equal(sub(mul(x[2],x[7]),mul(x[0],x[7])),pdiv(mul(x[7],x[5]),add(x[3],x[0])))",0.33532934131736525,3196da2bdbd782d607c6576ee8113934,0.33532934131736525,False,0.0
8,8,"not_(less_than_or_equal(x[5],mul(x[2],x[5])))",True,"not_(greater_than_or_equal(mul(x[7],x[2]), x[7]))",0.34730538922155685,f69cf4961d82af0c72c0014d2a401904,0.3532934131736527,True,0.005988023952095856
8,8,"not_(less_than_or_equal(pdiv(x[5],mul(pdiv(add(x[5],x[3]),mul(x[2],x[3])),x[7])),x[5]))",False,,,27a8befef7fa129a47c332061f845504,0.5329341317365269,False,0.0
8,8,"less_than_or_equal(add(add(x[7],x[2]),sub(x[2],x[3])),add(pdiv(x[2],pdiv(add(x[2],x[7]),x[3])),sub(x[5],x[5])))",False,,,5f0934568efb6a1b7e602090d5bc3bde,0.3892215568862275,False,0.0
8,8,"greater_than_or_equal(x[3], x[7])",True,"greater_than_or_equal(x[3], x[7])",0.33532934131736525,176c0c35833bc4ae980b10cd773d9ebc,0.33532934131736525,False,0.0
8,8,"greater_than_or_equal(x[5], mul(x[7],add(x[7],add(x[7],sub(x[7],mul(mul(x[7],x[7]),add(x[5],x[2])))))))",False,,,f64eb2c64fe51d7aa4dee9ea58b3071d,0.33532934131736525,False,0.0
8,8,"less_than_or_equal(mul(sub(x[7],x[5]),x[3]),x[7])",True,"less_than_or_equal(x[2],x[2])",0.35928143712574845,bd082d42dcba8056510101f18394b575,0.35928143712574845,False,0.0
8,8,"greater_than_or_equal(add(pdiv(x[3],x[2]),x[2]), sub(add(mul(x[3],sub(x[7],x[0])),pdiv(mul(sub(x[3],mul(add(x[7],pdiv(x[5],x[2])),x[7])),pdiv(x[3],x[7])),x[7])),add(x[5],x[2])))",False,,,0c658b8e047d0a7652f87b565be8b6d5,0.44311377245508987,False,0.0
8,8,"not_(less_than_or_equal(pdiv(x[5],x[3]),pdiv(add(x[3],x[7]),x[5])))",False,,,ba517bc13753bbbcc34132364b7fdc69,0.5089820359281437,False,0.0
8,8,"not_(greater_than_or_equal(mul(x[7],add(x[2],x[2])), sub(pdiv(x[5],add(x[2],x[3])),x[5])))",False,,,bc44655aeaad2cf82f4cd1bbd151717a,0.3293413173652695,False,0.0
8,8,"not_(less_than_or_equal(add(x[5],x[5]),pdiv(pdiv(pdiv(add(pdiv(x[2],37.95),mul(x[0],x[7])),add(x[7],pdiv(x[3],x[7]))),x[3]),x[5])))",False,,,136529d62c1772831f82a3f21b0f0f14,0.31137724550898205,False,0.0
8,8,"greater_than_or_equal(x[5], add(x[2],x[2]))",True,"greater_than_or_equal(x[5], add(x[2],x[2]))",0.39520958083832336,ceb136f9325a6c3dff5e71a06e63c76f,0.39520958083832336,False,0.0
8,8,"not_(less_than_or_equal(pdiv(x[5],add(x[2],x[5])),x[3]))",True,"not_(less_than_or_equal(pdiv(x[5],x[3]),add(x[5],x[2])))",0.33532934131736525,19e0b26b04f63034b8102da698d0b3b7,0.33532934131736525,False,0.0
8,8,"not_(greater_than_or_equal(x[2], add(sub(x[7],x[7]),pdiv(x[5],x[3]))))",True,"greater_than_or_equal(add(mul(x[0],x[3]),pdiv(x[5],x[3])), x[2])",0.3293413173652695,f0c5da2fb3fda6018ebf0885b8c1ea67,0.3293413173652695,False,0.0
8,8,"greater_than_or_equal(x[5], mul(x[7],add(x[7],pdiv(x[5],x[5]))))",True,"greater_than_or_equal(x[5], mul(x[7],add(x[7],pdiv(69.44,sub(x[3],x[3])))))",0.33532934131736525,0f74d2b510468dfb01b807a5013ba7de,0.33532934131736525,False,0.0
8,8,"less_than_or_equal(add(pdiv(x[7],pdiv(x[7],x[5])),x[5]),x[0])",True,"less_than_or_equal(x[5],x[0])",0.6227544910179641,2aedc6e15176de9ec0c909a1a3b35796,0.652694610778443,True,0.029940119760478945
8,8,"not_(less_than_or_equal(x[5],mul(x[5],x[7])))",True,"not_(less_than_or_equal(pdiv(x[5],x[5]),add(pdiv(x[2],96.92),x[7])))",0.39520958083832336,db0e6c3409e9b2885c8014a7de8788af,0.4011976047904192,True,0.005988023952095856
8,8,"not_(less_than_or_equal(mul(x[2],x[3]),x[7]))",True,"greater_than_or_equal(mul(x[3],x[3]), pdiv(x[3],pdiv(x[2],x[7])))",0.592814371257485,904512314205cdefe018ca417db8be87,0.5988023952095809,True,0.005988023952095856
8,8,"greater_than_or_equal(x[3], add(x[7],sub(x[7],x[2])))",False,,,34d744604e629bbd0ec1baefa0266e46,0.35928143712574845,False,0.0
8,8,"greater_than_or_equal(x[7], sub(pdiv(x[0],x[3]),mul(x[0],mul(x[3],x[7]))))",False,,,c97b4bcaaa4431c19b8c76898654c0d3,0.47904191616766467,False,0.0
8,8,"greater_than_or_equal(sub(mul(x[0],x[7]),mul(x[0],mul(pdiv(mul(pdiv(pdiv(x[5],pdiv(x[5],x[5])),x[5]),sub(x[5],x[5])),x[3]),x[7]))), add(pdiv(add(x[2],x[3]),pdiv(x[0],x[7])),x[2]))",True,not_(x[6]),0.6347305389221557,b4068ba57b63c959651c969331c4b5cd,0.6407185628742516,True,0.005988023952095856
8,8,"greater_than_or_equal(add(pdiv(x[7],mul(x[5],x[3])),x[0]), x[3])",False,,,3fb513bed1d2ef40bf47ed131bc46749,0.41916167664670656,False,0.0
8,8,"less_than_or_equal(sub(mul(add(x[2],x[5]),x[3]),x[3]),sub(x[2],mul(x[7],add(x[2],x[5]))))",False,,,ec989ccd3d835c444eb0ebfd19fa573b,0.3532934131736527,False,0.0
8,8,"greater_than_or_equal(x[5], x[3])",True,"less_than_or_equal(mul(sub(x[7],x[0]),pdiv(x[7],25.93)),pdiv(x[7],sub(mul(x[3],x[5]),mul(x[3],x[3]))))",0.5089820359281437,8ad7ccd0e2bcf51cfea619f1321f2792,0.5089820359281437,False,0.0
8,8,"not_(less_than_or_equal(x[5],x[7]))",True,"greater_than_or_equal(x[5], x[7])",0.3892215568862275,ca29d589a2290a0489371628a6b32bf4,0.3892215568862275,False,0.0
8,8,"greater_than_or_equal(42.34, add(x[7],sub(x[7],x[5])))",True,"less_than_or_equal(x[2],x[2])",0.35928143712574845,bd082d42dcba8056510101f18394b575,0.35928143712574845,False,0.0
8,8,"greater_than_or_equal(x[5], sub(x[7],pdiv(x[5],pdiv(add(x[5],x[0]),mul(x[3],add(pdiv(pdiv(x[5],x[5]),add(x[5],x[2])),add(pdiv(pdiv(x[5],x[5]),add(x[3],x[7])),mul(x[7],x[5]))))))))",False,,,a750aae6bbcdf2775456be714307d99f,0.3532934131736527,False,0.0
8,8,not_(x[1]),True,not_(x[1]),0.6347305389221557,0a4111672452ed5da840796d6076e3cd,0.6347305389221557,False,0.0
8,8,"not_(greater_than_or_equal(add(pdiv(x[5],pdiv(x[2],x[2])),x[3]), x[0]))",True,"greater_than_or_equal(add(mul(x[3],x[3]),sub(x[5],sub(x[2],mul(x[0],x[2])))), add(pdiv(sub(x[5],x[7]),x[3]),46.96))",0.6347305389221557,1497c3bff9b55e63061c88de49f56f45,0.6287425149700598,True,-0.005988023952095856
8,8,"greater_than_or_equal(sub(pdiv(x[5],mul(x[5],add(x[3],x[7]))),x[5]), x[7])",False,,,5a32a198c846caf75fe710444fb5e046,0.2574850299401198,False,0.0
8,8,"not_(greater_than_or_equal(mul(x[7],add(x[5],x[2])), add(x[5],mul(sub(x[5],x[3]),mul(add(x[5],x[2]),add(sub(x[7],x[7]),pdiv(x[5],x[5])))))))",True,"not_(greater_than_or_equal(mul(x[7],add(x[3],x[2])), add(x[5],mul(sub(x[5],x[5]),sub(add(08.46,x[3]),add(pdiv(x[5],x[7]),sub(x[7],x[5])))))))",0.31137724550898205,e4f020371c9c4af4bedc99e9207ee51f,0.3413173652694611,True,0.029940119760479056
8,8,"less_than_or_equal(add(add(x[7],x[2]),sub(pdiv(pdiv(x[5],x[5]),add(x[5],x[2])),x[2])),add(pdiv(mul(x[5],x[5]),x[2]),sub(sub(x[2],x[0]),mul(x[7],x[5]))))",False,,,523873f0cff7c3c95a1c1693246d3e94,0.4850299401197605,False,0.0
8,8,"not_(less_than_or_equal(pdiv(x[5],x[5]),add(x[5],x[2])))",True,"not_(less_than_or_equal(pdiv(x[5],x[5]),add(x[5],x[2])))",0.2455089820359282,5825d6d8d32996f2f81bb41cc0bfa92f,0.2455089820359282,False,0.0
8,8,"not_(less_than_or_equal(pdiv(x[5],x[5]),add(x[5],x[2])))",True,"not_(less_than_or_equal(pdiv(x[5],x[5]),add(x[5],x[2])))",0.2455089820359282,5825d6d8d32996f2f81bb41cc0bfa92f,0.2455089820359282,False,0.0
8,8,"greater_than_or_equal(add(pdiv(add(add(x[3],sub(x[2],mul(x[7],add(x[2],x[3])))),add(pdiv(x[5],x[7]),x[5])),x[5]),add(x[5],x[2])), mul(x[7],pdiv(mul(x[5],x[5]),x[2])))",False,,,4e94e7d5f845d46128f1e364837c6886,0.3772455089820359,False,0.0
8,8,"greater_than_or_equal(x[3], mul(x[2],x[2]))",True,"greater_than_or_equal(x[3], mul(x[2],x[2]))",0.29940119760479045,f9a2f88449cc4dfd0e32181378779277,0.29940119760479045,False,0.0
8,8,"less_than_or_equal(mul(mul(x[7],x[7]),add(x[5],add(pdiv(x[5],mul(x[5],x[5])),x[5]))),add(x[2],x[0]))",False,,,db851fff822c7e764b612a373b28e7ee,0.40718562874251496,False,0.0
8,8,"not_(less_than_or_equal(pdiv(x[5],x[2]),pdiv(pdiv(x[5],add(x[7],mul(x[0],mul(x[3],x[5])))),pdiv(x[0],x[3]))))",False,,,b676c5ae5273562fecf611b98a82d3a0,0.4011976047904192,False,0.0
8,8,"not_(not_(greater_than_or_equal(pdiv(x[5],x[5]), x[2])))",True,"not_(greater_than_or_equal(mul(x[7],x[2]), x[7]))",0.34730538922155685,f69cf4961d82af0c72c0014d2a401904,0.34730538922155685,False,0.0
8,8,"not_(less_than_or_equal(pdiv(x[5],x[2]),x[0]))",True,"greater_than_or_equal(mul(add(x[2],x[5]),sub(x[5],x[0])), mul(mul(x[0],x[7]),sub(x[5],x[7])))",0.38323353293413176,cf65da81ffb7a9d4ff3e042c0fa7a250,0.3652694610778443,True,-0.017964071856287456
8,8,"greater_than_or_equal(add(pdiv(x[5],x[3]),sub(x[5],x[7])), mul(pdiv(add(x[2],x[2]),add(pdiv(x[5],pdiv(x[7],x[2])),x[3])),x[0]))",True,"not_(less_than_or_equal(pdiv(x[5],x[3]),sub(x[7],x[5])))",0.32335329341317365,5b4f18d03d5f800a07746c60798a024e,0.3173652694610778,True,-0.005988023952095856
8,8,"not_(less_than_or_equal(pdiv(x[5],x[2]),add(pdiv(x[5],x[2]),mul(x[2],x[5]))))",True,not_(x[6]),0.6347305389221557,b4068ba57b63c959651c969331c4b5cd,0.6407185628742516,True,0.005988023952095856
8,8,"not_(less_than_or_equal(pdiv(x[5],x[5]),add(pdiv(x[5],add(pdiv(x[5],x[2]),x[3])),mul(x[7],pdiv(x[5],x[5])))))",True,"not_(less_than_or_equal(pdiv(x[5],x[5]),add(pdiv(x[5],add(pdiv(x[5],x[2]),x[3])),mul(x[7],pdiv(x[5],x[5])))))",0.26347305389221554,88335f619ebfa30a0dc7ca4b7a1e9c0c,0.26347305389221554,False,0.0
8,8,"less_than_or_equal(add(mul(x[7],pdiv(x[7],x[5])),x[2]),add(sub(x[7],x[7]),add(69.44,sub(x[3],x[3]))))",True,"less_than_or_equal(x[2],x[2])",0.35928143712574845,bd082d42dcba8056510101f18394b575,0.35928143712574845,False,0.0
8,8,"greater_than_or_equal(x[5], sub(x[7],pdiv(x[5],pdiv(add(x[5],x[0]),mul(add(x[7],pdiv(x[5],x[5])),add(x[5],x[2]))))))",False,,,02a85ebdc1494186b3d7f57843b4cdfc,0.33532934131736525,False,0.0
8,8,"greater_than_or_equal(x[3], x[7])",True,"greater_than_or_equal(x[3], x[7])",0.33532934131736525,176c0c35833bc4ae980b10cd773d9ebc,0.33532934131736525,False,0.0
8,8,"not_(less_than_or_equal(pdiv(x[5],x[3]),mul(add(x[5],x[2]),add(sub(x[7],mul(x[5],x[5])),x[0]))))",True,"not_(less_than_or_equal(pdiv(x[5],x[5]),add(x[3],sub(x[7],add(x[5],x[5])))))",0.32335329341317365,fabc8e1848b2cbb4bdcb69fdfcbbe32c,0.33532934131736525,True,0.0119760479041916
8,8,"greater_than_or_equal(pdiv(x[5],add(x[2],x[5])), x[5])",True,"not_(less_than_or_equal(pdiv(x[5],x[5]),add(x[5],x[2])))",0.2455089820359282,5825d6d8d32996f2f81bb41cc0bfa92f,0.2455089820359282,False,0.0
8,8,"not_(less_than_or_equal(pdiv(x[5],mul(x[3],x[7])),x[5]))",True,"less_than_or_equal(x[2],x[2])",0.35928143712574845,bd082d42dcba8056510101f18394b575,0.3652694610778443,True,0.005988023952095856
8,8,"greater_than_or_equal(x[3], 30.46)",True,not_(x[6]),0.6347305389221557,b4068ba57b63c959651c969331c4b5cd,0.6407185628742516,True,0.005988023952095856
8,8,"greater_than_or_equal(59.14, add(x[3],mul(add(x[3],x[5]),x[5])))",True,"less_than_or_equal(x[2],x[2])",0.35928143712574845,bd082d42dcba8056510101f18394b575,0.35928143712574845,False,0.0
8,8,"less_than_or_equal(mul(add(x[3],pdiv(add(x[2],x[2]),add(x[3],x[2]))),x[2]),x[2])",False,,,75add6812abefcb2de051553a58af28b,0.5029940119760479,False,0.0
8,8,"greater_than_or_equal(add(x[5],x[5]), add(x[2],x[0]))",False,,,c95a929308099bb4dbd5028525b67541,0.35928143712574845,False,0.0
8,8,"not_(less_than_or_equal(pdiv(x[5],x[5]),mul(x[2],add(sub(x[7],x[7]),add(pdiv(pdiv(x[3],sub(mul(x[3],x[5]),x[5])),x[3]),add(x[7],x[0]))))))",False,,,77e2471a5ac83931e3439de62f3a457a,0.35928143712574845,False,0.0
8,8,"not_(greater_than_or_equal(pdiv(pdiv(x[5],x[5]),add(x[2],add(x[5],mul(x[5],add(x[2],x[5]))))), x[5]))",False,,,7ed2a7918424c0f697992a1c4fe9a33a,0.6646706586826348,False,0.0
8,8,"not_(less_than_or_equal(pdiv(x[5],x[5]),add(x[5],x[2])))",True,"not_(less_than_or_equal(pdiv(x[5],x[5]),add(x[5],x[2])))",0.2455089820359282,5825d6d8d32996f2f81bb41cc0bfa92f,0.2455089820359282,False,0.0
8,8,"greater_than_or_equal(x[3], add(sub(sub(x[7],pdiv(x[5],pdiv(add(x[5],x[0]),mul(x[3],x[7])))),pdiv(x[0],x[3])),add(add(x[5],x[7]),sub(x[7],x[5]))))",False,,,7aaf933de376869d687c1f5380f0fbe8,0.4011976047904192,False,0.0
8,8,"not_(less_than_or_equal(mul(x[3],x[7]),x[5]))",True,"greater_than_or_equal(x[7], pdiv(x[5],x[3]))",0.6586826347305389,c4d62ee0d9ef954add009e50887aed2e,0.6586826347305389,False,0.0
8,8,"greater_than_or_equal(x[3], x[2])",True,"greater_than_or_equal(x[3], x[2])",0.3652694610778443,0a54951987edb23171217fd387dfe4ac,0.3652694610778443,False,0.0
8,8,"less_than_or_equal(x[3],x[7])",True,"greater_than_or_equal(x[7], x[3])",0.6646706586826348,d5925f4b2448dec895a429c6f44b5edc,0.6646706586826348,False,0.0
8,8,"less_than_or_equal(add(add(x[7],x[2]),sub(x[2],x[3])),add(pdiv(x[5],pdiv(mul(x[2],x[7]),x[3])),pdiv(x[5],x[5])))",False,,,a04f0da5328bc95ec564b77a25091fd0,0.281437125748503,False,0.0
8,8,"greater_than_or_equal(x[5], mul(x[7],mul(add(add(x[7],pdiv(add(add(x[2],x[5]),sub(x[2],x[0])),add(x[3],x[7]))),x[5]),x[0])))",False,,,ff3cfdd9c1f5040a40b3d0fdf4ad5326,0.32335329341317365,False,0.0
8,8,"greater_than_or_equal(x[2], x[2])",True,"less_than_or_equal(x[2],x[2])",0.35928143712574845,bd082d42dcba8056510101f18394b575,0.35928143712574845,False,0.0
8,8,"less_than_or_equal(mul(sub(x[7],sub(x[5],x[5])),x[2]),add(sub(x[7],x[5]),43.97))",True,"less_than_or_equal(x[2],x[2])",0.35928143712574845,bd082d42dcba8056510101f18394b575,0.35928143712574845,False,0.0
8,8,"not_(less_than_or_equal(add(x[5],x[5]),x[7]))",True,"less_than_or_equal(x[7],add(x[5],x[5]))",0.32335329341317365,542362c77455f34e5ae6b91dd7242715,0.32335329341317365,False,0.0
8,8,"greater_than_or_equal(x[3], x[7])",True,"greater_than_or_equal(x[3], x[7])",0.33532934131736525,176c0c35833bc4ae980b10cd773d9ebc,0.33532934131736525,False,0.0
8,8,"less_than_or_equal(pdiv(add(x[2],x[5]),mul(x[5],add(pdiv(x[2],pdiv(x[5],add(x[5],mul(x[0],x[7])))),add(x[7],pdiv(x[3],x[5]))))),x[2])",False,,,460b912f849e4919e6c235f6e8a0a935,0.652694610778443,False,0.0
8,8,"not_(less_than_or_equal(pdiv(x[5],x[7]),mul(add(x[2],x[2]),x[7])))",False,,,8e1ecbbb6f627806c83abcb6a5581564,0.29940119760479045,False,0.0
8,8,"not_(less_than_or_equal(pdiv(x[5],x[5]),sub(x[2],x[0])))",True,"less_than_or_equal(x[2],x[2])",0.35928143712574845,bd082d42dcba8056510101f18394b575,0.3532934131736527,True,-0.0059880239520957446
8,8,"greater_than_or_equal(x[3], x[7])",True,"greater_than_or_equal(x[3], x[7])",0.33532934131736525,176c0c35833bc4ae980b10cd773d9ebc,0.33532934131736525,False,0.0
8,8,"not_(less_than_or_equal(pdiv(30.92,pdiv(sub(add(mul(x[2],add(pdiv(x[5],pdiv(x[2],x[2])),x[5])),x[0]),x[7]),mul(x[3],x[0]))),add(add(x[7],x[3]),add(x[2],mul(x[2],add(x[7],x[0]))))))",True,"not_(less_than_or_equal(pdiv(30.92,pdiv(sub(add(mul(x[2],add(pdiv(x[5],pdiv(x[2],x[2])),x[5])),x[0]),x[7]),mul(x[3],x[0]))),add(add(x[7],x[3]),add(x[2],x[3]))))",0.281437125748503,286fd09e92df7b70f64ca5251aff24d4,0.281437125748503,False,0.0
8,8,"not_(less_than_or_equal(pdiv(x[5],x[5]),add(pdiv(pdiv(x[5],x[0]),x[5]),x[3])))",True,not_(x[6]),0.6347305389221557,b4068ba57b63c959651c969331c4b5cd,0.6407185628742516,True,0.005988023952095856
8,8,"greater_than_or_equal(x[7], x[2])",True,"less_than_or_equal(pdiv(add(x[2],x[5]),sub(x[2],x[7])),mul(mul(x[2],x[3]),mul(x[5],x[7])))",0.4730538922155688,6a9a868ce645e54c16a03959cbdb37f6,0.4730538922155688,False,0.0
8,8,"not_(less_than_or_equal(pdiv(x[5],x[5]),x[3]))",True,"not_(less_than_or_equal(pdiv(x[5],x[5]),x[3]))",0.3413173652694611,05e1f3d74f96ed02168c5462d1f8f406,0.3413173652694611,False,0.0
8,8,"greater_than_or_equal(add(pdiv(x[3],x[3]),sub(x[2],mul(x[7],x[5]))), x[2])",True,"less_than_or_equal(x[2],x[2])",0.35928143712574845,bd082d42dcba8056510101f18394b575,0.35928143712574845,False,0.0
8,8,"not_(less_than_or_equal(pdiv(x[5],x[5]),add(add(x[2],x[5]),x[5])))",False,,,c8f07d9b2f7dcef7f4fa44aeef22dc71,0.5089820359281437,False,0.0
8,8,"greater_than_or_equal(mul(x[2],add(sub(x[7],x[7]),pdiv(x[5],mul(pdiv(x[5],x[5]),add(x[5],x[0]))))), add(x[5],x[2]))",True,not_(x[6]),0.6347305389221557,b4068ba57b63c959651c969331c4b5cd,0.6347305389221557,False,0.0
8,8,"not_(greater_than_or_equal(mul(add(x[5],99.30),x[5]), x[2]))",True,not_(x[6]),0.6347305389221557,b4068ba57b63c959651c969331c4b5cd,0.6347305389221557,False,0.0
8,8,"less_than_or_equal(mul(mul(x[7],x[7]),mul(x[7],add(pdiv(x[3],x[3]),mul(x[7],x[5])))),x[2])",False,,,a606d13952d85a5dbedf923388d582fe,0.3293413173652695,False,0.0
8,8,"greater_than_or_equal(x[7], x[0])",True,"and_(less_than_or_equal(pdiv(x[0],x[0]),pdiv(x[7],x[7])),greater_than_or_equal(sub(x[2],x[2]), sub(x[0],x[7])))",0.45508982035928147,0c866f95d3c400cff6c51bdae200239a,0.45508982035928147,False,0.0
8,8,"less_than_or_equal(mul(mul(x[2],x[7]),add(pdiv(x[5],x[2]),x[3])),mul(x[7],pdiv(pdiv(add(x[5],x[2]),add(pdiv(x[5],x[2]),mul(x[2],x[5]))),add(mul(x[0],24.40),x[0]))))",False,,,f9292e3064ab60795d46202a6e5dbc62,0.4131736526946108,False,0.0
8,8,"less_than_or_equal(add(mul(x[7],pdiv(x[7],x[5])),x[2]),add(sub(x[7],x[7]),pdiv(69.47,sub(x[3],x[3]))))",True,"less_than_or_equal(add(mul(x[7],pdiv(x[7],x[5])),x[2]),add(sub(x[7],x[7]),pdiv(69.44,sub(x[3],x[3]))))",0.23353293413173648,5f2e5afeb1a022e5ca01b3e765a4f86c,0.23353293413173648,False,0.0
8,8,"less_than_or_equal(mul(x[5],x[3]),mul(sub(x[2],sub(x[7],x[5])),x[2]))",False,,,0ebc6b8cdfeb603822af902f1ebe2998,0.6287425149700598,False,0.0
8,8,"less_than_or_equal(mul(add(x[2],x[5]),sub(x[2],x[0])),add(x[0],add(mul(x[7],pdiv(x[5],x[5])),x[2])))",True,"less_than_or_equal(x[2],x[2])",0.35928143712574845,bd082d42dcba8056510101f18394b575,0.35928143712574845,False,0.0
8,8,"less_than_or_equal(x[7],x[5])",True,"greater_than_or_equal(x[5], x[7])",0.3892215568862275,ca29d589a2290a0489371628a6b32bf4,0.3892215568862275,False,0.0
8,8,"not_(less_than_or_equal(x[3],x[0]))",True,"not_(greater_than_or_equal(pdiv(x[0],x[3]), pdiv(x[5],x[5])))",0.3772455089820359,f56d58ec85f58eb9e745c543958f7db4,0.3772455089820359,False,0.0
8,8,"greater_than_or_equal(x[7], pdiv(x[5],x[5]))",True,"greater_than_or_equal(x[3], pdiv(x[3],x[7]))",0.5988023952095809,544e9f57eeb7aee70ddd2795444ac73a,0.6047904191616766,True,0.0059880239520957446
8,8,"not_(greater_than_or_equal(x[2], x[0]))",True,"not_(or_(not_(not_(greater_than_or_equal(x[5], add(x[5],x[5])))),greater_than_or_equal(add(sub(x[2],x[0]),x[5]), x[5])))",0.5568862275449102,4a5628a0e56502efb3ac1ad8a5bb0a91,0.5568862275449102,False,0.0
8,8,"less_than_or_equal(mul(mul(x[0],add(x[3],mul(x[5],mul(x[7],sub(x[5],x[3]))))),sub(x[5],x[7])),add(x[5],x[2]))",True,"less_than_or_equal(x[2],x[2])",0.35928143712574845,bd082d42dcba8056510101f18394b575,0.35928143712574845,False,0.0
8,8,"greater_than_or_equal(pdiv(pdiv(x[3],x[7]),x[7]), x[7])",False,,,2a5f263975eb2c00720231394b71babf,0.33532934131736525,False,0.0
8,8,"not_(less_than_or_equal(pdiv(x[5],x[7]),x[5]))",True,"not_(less_than_or_equal(pdiv(x[5],x[5]),add(pdiv(x[2],96.92),x[7])))",0.39520958083832336,db0e6c3409e9b2885c8014a7de8788af,0.4011976047904192,True,0.005988023952095856
8,8,"greater_than_or_equal(x[3], mul(add(x[7],x[0]),x[2]))",True,"greater_than_or_equal(x[3], mul(add(x[7],x[0]),x[2]))",0.32335329341317365,28ae2a92a61cabd908cf4f25179d8fb3,0.32335329341317365,False,0.0
8,8,"greater_than_or_equal(sub(pdiv(x[5],mul(x[3],add(x[3],x[7]))),x[0]), 39.34)",True,"not_(not_(less_than_or_equal(91.64,pdiv(x[2],pdiv(x[3],x[0])))))",0.6586826347305389,9f39b412647a2bed42ce034a15293284,0.6586826347305389,False,0.0
8,8,"not_(less_than_or_equal(pdiv(x[5],add(add(pdiv(x[5],pdiv(x[2],x[2])),x[2]),x[0])),x[7]))",False,,,0642bf057766d8c0e7cf90681e6afb02,0.23353293413173648,False,0.0
8,8,"not_(less_than_or_equal(x[3],add(sub(pdiv(mul(add(x[2],x[5]),sub(x[2],x[0])),add(x[3],x[7])),x[5]),x[0])))",False,,,1f974fbc08588ebeed2a96bf973d0d15,0.34730538922155685,False,0.0
8,8,"greater_than_or_equal(pdiv(x[5],x[5]), add(x[2],x[5]))",True,"not_(less_than_or_equal(pdiv(x[5],x[5]),add(x[5],x[2])))",0.2455089820359282,5825d6d8d32996f2f81bb41cc0bfa92f,0.2455089820359282,False,0.0
8,8,"not_(less_than_or_equal(pdiv(x[5],x[3]),sub(x[7],x[7])))",True,"less_than_or_equal(x[2],x[2])",0.35928143712574845,bd082d42dcba8056510101f18394b575,0.3652694610778443,True,0.005988023952095856
8,8,"greater_than_or_equal(add(x[3],add(x[3],sub(x[2],x[7]))), sub(x[7],x[3]))",False,,,691e00459add0d65be105d7a7cbbc413,0.34730538922155685,False,0.0
8,8,"not_(less_than_or_equal(pdiv(x[5],add(x[5],x[7])),x[2]))",False,,,6064d2196889eafb4a8a860c948d633a,0.281437125748503,False,0.0
8,8,"not_(less_than_or_equal(pdiv(x[3],sub(x[7],mul(mul(x[2],x[7]),add(x[5],x[2])))),add(sub(x[7],x[7]),mul(x[5],x[3]))))",True,"not_(less_than_or_equal(pdiv(x[5],x[2]),mul(x[5],add(x[5],x[2]))))",0.31137724550898205,142cae9b2b777b572b7a8767ad22e3d8,0.31137724550898205,False,0.0
8,8,"greater_than_or_equal(pdiv(pdiv(x[3],x[7]),x[0]), add(x[3],x[7]))",False,,,cf1d240d90c0663a684adc64a04cb842,0.3413173652694611,False,0.0
8,8,"greater_than_or_equal(x[5], sub(x[7],pdiv(x[0],pdiv(add(x[2],x[2]),pdiv(mul(x[5],mul(x[7],sub(x[5],x[3]))),sub(pdiv(sub(x[7],add(x[5],x[2])),add(sub(x[7],sub(x[5],x[5])),x[3])),x[0]))))))",False,,,fdc72888870215930e5a48ada0407ce4,0.3413173652694611,False,0.0
8,8,"greater_than_or_equal(add(pdiv(x[5],x[3]),sub(x[5],x[7])), mul(mul(x[0],30.95),x[0]))",False,,,235a5b5139d3f50747c66e07c8b0fa01,0.3772455089820359,False,0.0
8,8,"not_(greater_than_or_equal(mul(x[7],add(pdiv(mul(x[2],add(add(x[0],x[2]),x[5])),sub(x[2],x[0])),add(x[5],x[2]))), add(sub(x[7],x[7]),pdiv(x[5],x[3]))))",False,,,8faaf191f2e6b1cbfd59998c10741d95,0.3293413173652695,False,0.0
8,8,"greater_than_or_equal(x[5], mul(x[7],add(x[7],add(x[3],x[7]))))",False,,,92552161c5d20d1b9aa117454bb6ae16,0.31137724550898205,False,0.0
8,8,"less_than_or_equal(add(add(x[7],x[3]),sub(x[2],x[3])),add(pdiv(mul(x[7],mul(x[7],pdiv(add(x[5],x[2]),x[5]))),x[5]),x[3]))",False,,,3c34848d75324c86c3ad2a1d92f83e3b,0.38323353293413176,False,0.0
8,8,"greater_than_or_equal(x[5], mul(x[0],mul(sub(sub(x[7],x[7]),x[7]),add(sub(mul(x[0],mul(x[3],x[3])),pdiv(x[0],x[5])),x[5]))))",True,"less_than_or_equal(x[0],x[5])",0.37125748502994016,cdcd6f1e6c091ac380f1476046586fe6,0.34730538922155685,True,-0.02395209580838331
8,8,"not_(less_than_or_equal(pdiv(x[5],pdiv(pdiv(mul(mul(x[5],x[5]),x[7]),x[5]),x[5])),add(x[5],x[2])))",True,"greater_than_or_equal(x[5], mul(x[7],add(x[5],x[2])))",0.23353293413173648,49521aab13419e9d4582e656c37790ef,0.23353293413173648,False,0.0
8,8,"less_than_or_equal(mul(add(x[2],x[5]),add(x[2],x[0])),x[2])",False,,,870893085a9c77b2c1c564e52e1862cb,0.37125748502994016,False,0.0
8,8,"not_(less_than_or_equal(pdiv(x[5],x[0]),add(add(add(x[5],x[7]),pdiv(x[3],x[7])),pdiv(x[0],x[3]))))",False,,,84f669e401e5082710dab8df8ea0db5d,0.6586826347305389,False,0.0
8,8,"not_(greater_than_or_equal(mul(x[7],pdiv(x[2],x[2])), add(pdiv(x[5],x[2]),x[0])))",False,,,a190e6aace75decf44047d45987110c6,0.3293413173652695,False,0.0
8,8,"less_than_or_equal(mul(mul(x[7],x[7]),mul(x[7],add(pdiv(mul(mul(x[7],x[0]),x[5]),add(x[3],x[7])),x[3]))),mul(add(x[3],x[0]),add(x[7],x[5])))",True,"less_than_or_equal(x[2],x[2])",0.35928143712574845,bd082d42dcba8056510101f18394b575,0.35928143712574845,False,0.0
8,8,"greater_than_or_equal(sub(pdiv(x[5],mul(x[5],add(46.92,x[2]))),add(pdiv(x[5],pdiv(x[2],x[2])),x[5])), x[0])",True,not_(x[6]),0.6347305389221557,b4068ba57b63c959651c969331c4b5cd,0.6347305389221557,False,0.0
8,8,"less_than_or_equal(add(mul(x[7],pdiv(x[5],x[5])),x[2]),add(sub(x[7],x[7]),pdiv(69.44,sub(x[3],x[3]))))",True,"less_than_or_equal(add(mul(x[7],pdiv(x[5],x[5])),x[2]),add(sub(x[7],x[7]),pdiv(69.44,sub(x[3],x[3]))))",0.19161676646706582,14c6e007ad625f3839f568e9ee8a86e1,0.1428571428571429,True,-0.04875962360992292
8,9,"not_(less_than_or_equal(pdiv(x[5],x[5]),add(x[5],x[0])))",True,"not_(less_than_or_equal(pdiv(x[5],x[5]),add(x[5],x[0])))",0.3053892215568862,00c19a3fd72854100569949b11521f0b,0.3053892215568862,False,0.0
8,9,"not_(greater_than_or_equal(mul(x[7],add(pdiv(mul(x[2],add(mul(x[0],x[2]),x[5])),sub(x[2],x[2])),add(pdiv(pdiv(x[5],x[5]),add(x[3],x[7])),mul(x[7],x[5])))), x[3]))",False,,,1da30713451a48f0316f193d08afba52,0.4730538922155688,False,0.0
8,9,"not_(less_than_or_equal(pdiv(x[5],x[5]),add(pdiv(x[5],add(pdiv(x[5],x[5]),x[3])),mul(pdiv(add(x[2],x[2]),add(pdiv(x[5],pdiv(x[7],x[2])),x[5])),x[0]))))",False,,,6e5c45f22ff8167d583ea99fe319662d,0.33532934131736525,False,0.0
8,9,"greater_than_or_equal(x[5], 63.77)",True,not_(x[6]),0.6347305389221557,b4068ba57b63c959651c969331c4b5cd,0.6407185628742516,True,0.005988023952095856
8,9,"greater_than_or_equal(x[3], mul(x[2],x[2]))",True,"greater_than_or_equal(x[3], mul(x[2],x[2]))",0.29940119760479045,f9a2f88449cc4dfd0e32181378779277,0.29940119760479045,False,0.0
8,9,"greater_than_or_equal(x[5], x[3])",True,"less_than_or_equal(mul(sub(x[7],x[0]),pdiv(x[7],25.93)),pdiv(x[7],sub(mul(x[3],x[5]),mul(x[3],x[3]))))",0.5089820359281437,8ad7ccd0e2bcf51cfea619f1321f2792,0.5089820359281437,False,0.0
8,9,"not_(greater_than_or_equal(mul(x[7],mul(x[3],x[2])), add(pdiv(x[3],pdiv(add(x[3],pdiv(x[3],x[7])),x[0])),add(x[3],x[7]))))",True,"less_than_or_equal(x[2],x[2])",0.35928143712574845,bd082d42dcba8056510101f18394b575,0.35928143712574845,False,0.0
8,9,"not_(less_than_or_equal(pdiv(x[5],x[5]),pdiv(x[5],x[5])))",True,not_(x[6]),0.6347305389221557,b4068ba57b63c959651c969331c4b5cd,0.6407185628742516,True,0.005988023952095856
8,9,"greater_than_or_equal(mul(x[5],add(x[2],pdiv(x[2],x[5]))), x[2])",True,"less_than_or_equal(x[2],x[2])",0.35928143712574845,bd082d42dcba8056510101f18394b575,0.3652694610778443,True,0.005988023952095856
8,9,"not_(less_than_or_equal(pdiv(x[5],x[7]),sub(x[2],sub(mul(add(x[5],x[5]),add(x[3],x[7])),x[0]))))",False,,,b99988cd88a168c5b69dd595e05cadf3,0.3293413173652695,False,0.0
8,9,"greater_than_or_equal(pdiv(x[5],x[7]), mul(add(sub(89.48,x[0]),add(sub(x[5],x[5]),sub(add(x[2],x[2]),sub(x[0],x[7])))),x[3]))",True,"not_(not_(less_than_or_equal(91.64,pdiv(x[2],pdiv(x[3],x[0])))))",0.6586826347305389,9f39b412647a2bed42ce034a15293284,0.6467065868263473,True,-0.0119760479041916
8,9,"greater_than_or_equal(x[3], pdiv(x[2],pdiv(pdiv(x[5],x[5]),add(x[2],x[3]))))",False,,,396b8ecfd97079cc7c2ba8cde594832d,0.2934131736526946,False,0.0
8,9,"greater_than_or_equal(x[3], mul(x[2],mul(94.64,mul(x[3],add(sub(x[7],sub(x[5],x[5])),x[3])))))",True,"greater_than_or_equal(pdiv(mul(x[5],x[2]),pdiv(x[2],x[5])), add(sub(x[7],x[7]),add(x[5],x[0])))",0.6107784431137724,ec48eb4aba9f475884bcf9e8f28adadc,0.6107784431137724,False,0.0
8,9,"greater_than_or_equal(x[3], x[7])",True,"greater_than_or_equal(x[3], x[7])",0.33532934131736525,176c0c35833bc4ae980b10cd773d9ebc,0.33532934131736525,False,0.0
8,9,"not_(greater_than_or_equal(sub(x[2],add(x[2],pdiv(x[5],x[5]))), mul(x[7],add(x[2],x[2]))))",True,"less_than_or_equal(x[2],x[2])",0.35928143712574845,bd082d42dcba8056510101f18394b575,0.35928143712574845,False,0.0
8,9,"greater_than_or_equal(x[5], sub(x[7],pdiv(x[5],pdiv(add(x[2],x[5]),mul(x[5],add(x[2],x[2]))))))",False,,,fc375b3ac0a306e84807cbaf1ff78bb6,0.3532934131736527,False,0.0
8,9,"less_than_or_equal(add(x[5],mul(pdiv(x[5],x[5]),x[2])),add(sub(x[5],mul(x[5],add(x[5],x[2]))),sub(x[7],pdiv(x[3],pdiv(x[5],x[0])))))",False,,,04aaab9c74619a324603a03d9e53863b,0.6227544910179641,False,0.0
8,9,"not_(less_than_or_equal(add(x[5],x[5]),pdiv(pdiv(pdiv(add(pdiv(x[2],37.90),mul(x[0],x[7])),add(x[7],pdiv(x[3],x[7]))),x[3]),x[5])))",True,"not_(less_than_or_equal(add(x[5],x[5]),pdiv(pdiv(pdiv(add(pdiv(x[2],37.95),mul(x[0],x[7])),add(x[7],pdiv(x[3],x[7]))),x[3]),x[5])))",0.31137724550898205,136529d62c1772831f82a3f21b0f0f14,0.31137724550898205,False,0.0
8,9,"greater_than_or_equal(add(mul(x[7],x[7]),sub(x[5],mul(x[5],x[5]))), sub(x[5],x[5]))",True,"less_than_or_equal(x[2],x[2])",0.35928143712574845,bd082d42dcba8056510101f18394b575,0.35928143712574845,False,0.0
8,9,"not_(less_than_or_equal(pdiv(x[5],x[5]),add(84.75,x[5])))",True,not_(x[6]),0.6347305389221557,b4068ba57b63c959651c969331c4b5cd,0.6407185628742516,True,0.005988023952095856
8,9,"less_than_or_equal(mul(x[5],add(x[2],x[3])),pdiv(x[5],x[5]))",False,,,2fdd76f8c1f6219ec57593c5f3f3f2fb,0.31137724550898205,False,0.0
8,9,"greater_than_or_equal(sub(pdiv(x[0],x[0]),mul(x[3],mul(x[3],x[7]))), pdiv(x[3],x[3]))",True,not_(x[6]),0.6347305389221557,b4068ba57b63c959651c969331c4b5cd,0.6347305389221557,False,0.0
8,9,"greater_than_or_equal(add(pdiv(x[3],x[7]),sub(x[5],add(x[3],add(x[7],pdiv(add(add(x[2],x[5]),sub(x[2],x[0])),add(96.99,x[0])))))), sub(sub(x[2],x[0]),mul(x[5],x[5])))",False,,,e25b34cd5b9af96d03ecf03ad1170418,0.3173652694610778,False,0.0
8,9,"greater_than_or_equal(x[5], mul(x[7],mul(add(x[7],x[2]),add(pdiv(x[5],x[3]),x[2]))))",False,,,b5a7ef0a7fc419638293beaec4b0c747,0.2455089820359282,False,0.0
8,9,"less_than_or_equal(x[7],add(35.93,x[2]))",True,"less_than_or_equal(x[2],x[2])",0.35928143712574845,bd082d42dcba8056510101f18394b575,0.35928143712574845,False,0.0
8,9,"greater_than_or_equal(x[5], mul(x[5],add(sub(x[5],sub(x[5],mul(x[5],x[5]))),add(x[5],add(x[0],x[7])))))",False,,,e0868772d32547e061088c2f67f605d6,0.5089820359281437,False,0.0
8,9,"greater_than_or_equal(90.40, x[7])",True,"less_than_or_equal(x[2],x[2])",0.35928143712574845,bd082d42dcba8056510101f18394b575,0.35928143712574845,False,0.0
8,9,"less_than_or_equal(sub(mul(x[7],x[7]),mul(x[7],add(pdiv(x[3],sub(sub(x[7],mul(mul(x[7],x[0]),sub(x[3],mul(x[5],mul(x[7],74.26))))),x[5])),add(x[5],x[5])))),x[2])",False,,,c959ea51b37701a3682784e6b5943ea9,0.49101796407185627,False,0.0
8,9,"greater_than_or_equal(x[3], pdiv(pdiv(pdiv(x[3],sub(x[7],x[7])),add(x[7],x[2])),x[2]))",True,not_(x[6]),0.6347305389221557,b4068ba57b63c959651c969331c4b5cd,0.6467065868263473,True,0.0119760479041916
8,9,"not_(greater_than_or_equal(x[2], x[7]))",True,"less_than_or_equal(pdiv(add(x[2],x[5]),sub(x[2],x[7])),mul(mul(x[2],x[3]),mul(x[5],x[7])))",0.4730538922155688,6a9a868ce645e54c16a03959cbdb37f6,0.4730538922155688,False,0.0
8,9,"not_(less_than_or_equal(pdiv(x[5],x[5]),add(x[5],x[3])))",True,"not_(less_than_or_equal(pdiv(x[5],x[5]),add(x[5],x[3])))",0.49101796407185627,bb45d530dc44268633eeb136f814ec83,0.49101796407185627,False,0.0
8,9,"greater_than_or_equal(x[5], mul(x[7],add(pdiv(x[5],add(x[5],x[2])),x[5])))",False,,,02c2973faf6be03f5962f2385a4fd4a4,0.2934131736526946,False,0.0
8,9,"not_(less_than_or_equal(pdiv(x[5],x[2]),x[5]))",True,"not_(greater_than_or_equal(mul(x[7],x[2]), x[7]))",0.34730538922155685,f69cf4961d82af0c72c0014d2a401904,0.3532934131736527,True,0.005988023952095856
8,9,"greater_than_or_equal(x[7], x[7])",True,"less_than_or_equal(x[2],x[2])",0.35928143712574845,bd082d42dcba8056510101f18394b575,0.35928143712574845,False,0.0
8,9,"greater_than_or_equal(94.79, pdiv(x[5],add(75.19,pdiv(x[7],add(x[7],x[3])))))",True,"less_than_or_equal(x[2],x[2])",0.35928143712574845,bd082d42dcba8056510101f18394b575,0.35928143712574845,False,0.0
8,9,"greater_than_or_equal(pdiv(x[5],pdiv(sub(x[2],x[5]),x[5])), mul(x[2],pdiv(x[3],x[5])))",False,,,f486e27def059099389483f879378660,0.6407185628742516,False,0.0
8,9,"less_than_or_equal(add(add(x[7],x[2]),sub(x[2],x[3])),pdiv(pdiv(x[5],pdiv(mul(x[2],x[7]),x[3])),pdiv(x[5],x[5])))",False,,,79769f6524bbe89cfcfd7d3d316f2bea,0.28742514970059885,False,0.0
8,9,"not_(less_than_or_equal(pdiv(x[5],x[7]),add(x[2],x[2])))",True,"not_(greater_than_or_equal(mul(x[7],add(x[2],x[2])), x[5]))",0.27544910179640714,f7539509fdd5f9bf93cc165393e6bf21,0.27544910179640714,False,0.0
8,9,"greater_than_or_equal(x[5], x[7])",True,"greater_than_or_equal(x[5], x[7])",0.3892215568862275,ca29d589a2290a0489371628a6b32bf4,0.3892215568862275,False,0.0
8,9,"not_(less_than_or_equal(pdiv(x[2],pdiv(pdiv(x[5],x[5]),x[3])),sub(x[7],x[7])))",True,"less_than_or_equal(pdiv(sub(x[0],x[0]),sub(x[0],x[2])),x[0])",0.38323353293413176,d0734af37aab8e9b6c733bcf8f431f61,0.38323353293413176,False,0.0
8,9,"not_(less_than_or_equal(x[5],mul(x[2],add(x[7],x[0]))))",False,,,354e2deeabd50563319a4f341cf0421d,0.32335329341317365,False,0.0
8,9,"not_(less_than_or_equal(pdiv(add(mul(sub(x[7],x[7]),add(x[3],sub(x[7],x[7]))),add(x[5],x[2])),add(x[7],x[0])),x[2]))",True,"less_than_or_equal(x[2],x[2])",0.35928143712574845,bd082d42dcba8056510101f18394b575,0.35928143712574845,False,0.0
8,9,"not_(less_than_or_equal(pdiv(x[5],x[0]),x[3]))",True,"greater_than_or_equal(add(pdiv(x[3],x[3]),sub(x[5],x[3])), mul(pdiv(x[0],x[5]),mul(x[3],x[3])))",0.3413173652694611,20549abca100b155319252a5e0d92179,0.33532934131736525,True,-0.005988023952095856
8,9,"greater_than_or_equal(sub(pdiv(x[0],x[7]),mul(x[0],mul(x[3],x[7]))), pdiv(x[5],add(x[2],x[2])))",False,,,666f2dc1d60f235ff490781b72fece19,0.5568862275449102,False,0.0
8,9,"greater_than_or_equal(x[5], mul(x[7],add(x[7],add(x[3],x[2]))))",False,,,1af7bd2c0e59084ce1038d0fa1df9be2,0.2934131736526946,False,0.0
8,9,"less_than_or_equal(x[5],sub(mul(sub(x[7],mul(x[3],pdiv(x[7],pdiv(sub(x[0],x[5]),mul(x[5],add(pdiv(x[5],add(pdiv(x[5],x[2]),x[3])),mul(x[7],pdiv(x[5],x[5])))))))),x[2]),add(pdiv(x[5],x[2]),mul(x[7],x[5]))))",False,,,8da1adbfb935333f765df32d63bd9d5f,0.6706586826347305,False,0.0
8,9,"not_(less_than_or_equal(pdiv(x[5],x[5]),x[5]))",True,"not_(less_than_or_equal(pdiv(x[5],x[5]),x[5]))",0.31137724550898205,774eb80249c37c32f486ae194a31e639,0.31137724550898205,False,0.0
8,9,"less_than_or_equal(add(add(x[7],x[2]),sub(x[2],x[3])),add(pdiv(x[3],pdiv(x[0],x[5])),add(x[5],x[7])))",True,"less_than_or_equal(add(add(x[7],x[2]),sub(x[2],x[3])),add(add(sub(x[7],x[7]),pdiv(x[5],x[5])),pdiv(x[5],x[2])))",0.32335329341317365,4e8a2912a169764fd2f0f40babfc5db3,0.3413173652694611,True,0.017964071856287456
8,9,"not_(less_than_or_equal(x[7],add(x[3],pdiv(sub(x[5],x[0]),sub(sub(x[2],x[0]),mul(x[5],x[5]))))))",False,,,5669ddec61bb45cc0f5f805fdfd38ce1,0.4610778443113772,False,0.0
8,9,"greater_than_or_equal(x[5], mul(x[7],pdiv(pdiv(x[5],x[5]),mul(x[5],x[2]))))",False,,,78b29248a8d103d7612c6ddd68d87d3f,0.6167664670658682,False,0.0
8,9,"not_(less_than_or_equal(pdiv(x[5],x[5]),pdiv(x[5],x[7])))",True,"greater_than_or_equal(x[7], x[5])",0.6107784431137724,793f9fa4aca1502cfe0a9ed6ab91b83c,0.6107784431137724,False,0.0
8,9,"greater_than_or_equal(x[3], mul(add(x[7],x[0]),x[3]))",False,,,f5bf9aebb388af6a7cbda4724b01f693,0.31137724550898205,False,0.0
8,9,"not_(less_than_or_equal(pdiv(x[0],x[0]),x[0]))",True,"less_than_or_equal(x[2],x[2])",0.35928143712574845,bd082d42dcba8056510101f18394b575,0.3652694610778443,True,0.005988023952095856
8,9,"not_(less_than_or_equal(pdiv(x[5],x[7]),sub(x[2],sub(mul(x[3],x[7]),mul(sub(x[7],x[7]),add(x[5],x[2]))))))",False,,,20e7ab868b772b4e8e6e1d7bdac63dbb,0.3413173652694611,False,0.0
8,9,"not_(less_than_or_equal(pdiv(x[5],pdiv(mul(x[5],sub(pdiv(pdiv(x[5],x[0]),x[7]),mul(x[3],x[0]))),add(add(x[7],x[3]),add(x[2],mul(x[2],add(x[7],x[0])))))),x[2]))",False,,,a96accf035494db9907bd54c6b29f2cc,0.49101796407185627,False,0.0
8,9,"greater_than_or_equal(sub(pdiv(x[0],x[7]),mul(x[0],x[5])), add(x[3],x[7]))",False,,,ae61f6a0570af2df785919f40aa17c54,0.5029940119760479,False,0.0
8,9,"not_(less_than_or_equal(pdiv(x[5],x[0]),add(x[2],x[0])))",True,"not_(greater_than_or_equal(mul(x[0],add(x[2],x[5])), x[5]))",0.38323353293413176,75c08f44184bdbdab817c218fb1872c6,0.35928143712574845,True,-0.02395209580838331
8,9,"not_(less_than_or_equal(x[7],mul(x[7],x[5])))",True,"not_(less_than_or_equal(pdiv(x[5],x[5]),x[5]))",0.31137724550898205,774eb80249c37c32f486ae194a31e639,0.31137724550898205,False,0.0
8,9,"greater_than_or_equal(x[5], sub(x[7],pdiv(x[5],pdiv(add(x[5],x[0]),mul(x[3],add(pdiv(pdiv(x[5],x[5]),add(x[5],x[0])),add(pdiv(pdiv(x[5],x[5]),add(x[3],pdiv(x[5],x[3]))),add(x[7],x[3]))))))))",True,"greater_than_or_equal(x[5], sub(x[7],pdiv(x[5],pdiv(add(x[5],x[0]),mul(x[3],add(pdiv(pdiv(x[5],x[5]),add(x[5],x[2])),add(pdiv(pdiv(x[5],x[5]),add(x[3],x[7])),mul(x[7],x[5]))))))))",0.3532934131736527,a750aae6bbcdf2775456be714307d99f,0.35928143712574845,True,0.0059880239520957446
8,9,"less_than_or_equal(add(mul(x[7],pdiv(x[7],x[5])),x[2]),add(sub(x[7],x[7]),76.94))",True,"less_than_or_equal(x[2],x[2])",0.35928143712574845,bd082d42dcba8056510101f18394b575,0.35928143712574845,False,0.0
8,9,"greater_than_or_equal(add(pdiv(x[7],x[7]),x[5]), sub(x[2],add(add(x[5],x[0]),mul(x[3],x[7]))))",True,"less_than_or_equal(x[2],x[2])",0.35928143712574845,bd082d42dcba8056510101f18394b575,0.35928143712574845,False,0.0
8,9,"greater_than_or_equal(pdiv(mul(x[5],add(x[2],x[5])),09.63), x[3])",True,"not_(less_than_or_equal(pdiv(x[5],09.17),x[3]))",0.6646706586826348,d1e38d624cbc9a247363aa0a26a48778,0.6646706586826348,False,0.0
8,9,"not_(less_than_or_equal(pdiv(09.62,x[5]),x[2]))",True,"less_than_or_equal(x[2],x[2])",0.35928143712574845,bd082d42dcba8056510101f18394b575,0.35928143712574845,False,0.0
8,9,"not_(less_than_or_equal(pdiv(x[5],x[5]),add(x[2],x[7])))",True,"less_than_or_equal(add(mul(x[7],pdiv(x[5],x[5])),x[2]),add(sub(x[7],x[7]),pdiv(69.44,sub(x[3],x[3]))))",0.19161676646706582,14c6e007ad625f3839f568e9ee8a86e1,0.19161676646706582,False,0.0
8,9,"less_than_or_equal(add(add(x[2],sub(x[2],x[5])),add(pdiv(x[7],pdiv(mul(x[2],x[7]),x[3])),pdiv(x[5],x[5]))),pdiv(add(x[2],x[2]),mul(x[5],x[5])))",False,,,5ac931533593623d0ab4890daba89e32,0.6167664670658682,False,0.0
8,9,"less_than_or_equal(add(add(x[7],x[7]),x[2]),sub(x[2],x[3]))",True,not_(x[6]),0.6347305389221557,b4068ba57b63c959651c969331c4b5cd,0.6407185628742516,True,0.005988023952095856
8,9,"not_(less_than_or_equal(pdiv(x[5],pdiv(x[0],x[5])),x[2]))",True,"less_than_or_equal(x[0],x[5])",0.37125748502994016,cdcd6f1e6c091ac380f1476046586fe6,0.37125748502994016,False,0.0
8,9,"not_(greater_than_or_equal(add(37.95,mul(x[0],x[7])), add(x[7],pdiv(x[3],x[7]))))",True,not_(x[6]),0.6347305389221557,b4068ba57b63c959651c969331c4b5cd,0.6407185628742516,True,0.005988023952095856
8,9,"greater_than_or_equal(pdiv(pdiv(x[5],x[5]),add(x[2],x[5])), x[5])",True,"not_(greater_than_or_equal(mul(x[5],add(x[5],x[2])), add(sub(x[7],x[7]),pdiv(x[5],x[5]))))",0.27544910179640714,66d1f1f84d146fdd572ef7ee95562584,0.27544910179640714,False,0.0
8,9,"greater_than_or_equal(x[5], mul(x[7],add(x[7],add(x[7],sub(x[7],mul(mul(x[7],pdiv(x[5],sub(x[0],x[0]))),x[7]))))))",True,"greater_than_or_equal(x[5], mul(x[7],add(x[7],add(x[3],x[2]))))",0.2934131736526946,1af7bd2c0e59084ce1038d0fa1df9be2,0.29940119760479045,True,0.005988023952095856
8,9,"greater_than_or_equal(sub(pdiv(sub(x[5],x[5]),sub(x[3],74.75)),sub(x[7],x[7])), pdiv(x[5],x[3]))",True,not_(x[6]),0.6347305389221557,b4068ba57b63c959651c969331c4b5cd,0.6347305389221557,False,0.0
8,9,"less_than_or_equal(add(add(x[7],x[2]),sub(x[3],x[5])),add(pdiv(add(x[3],x[7]),x[0]),x[2]))",False,,,1abf0344999fa98ef1f09196f7df7362,0.3532934131736527,False,0.0
8,9,"not_(less_than_or_equal(pdiv(x[5],x[0]),pdiv(x[3],add(pdiv(x[3],pdiv(x[0],x[5])),x[5]))))",True,"greater_than_or_equal(add(pdiv(x[3],x[3]),sub(x[5],x[3])), mul(pdiv(x[0],x[5]),mul(x[3],x[3])))",0.3413173652694611,20549abca100b155319252a5e0d92179,0.3652694610778443,True,0.0239520958083832
8,9,"not_(less_than_or_equal(pdiv(x[5],x[5]),x[2]))",True,"not_(greater_than_or_equal(mul(x[7],x[2]), x[7]))",0.34730538922155685,f69cf4961d82af0c72c0014d2a401904,0.34730538922155685,False,0.0
8,9,"greater_than_or_equal(x[3], mul(sub(add(x[5],x[2]),pdiv(x[3],add(pdiv(x[3],pdiv(x[0],x[5])),x[5]))),mul(sub(add(sub(pdiv(x[5],x[5]),add(x[2],x[5])),mul(x[5],add(pdiv(x[2],pdiv(x[5],add(x[5],mul(x[0],x[7])))),add(x[7],pdiv(x[3],x[5]))))),x[2]),x[3])))",False,,,9c0ae29449193a273b4a31347440200d,0.33532934131736525,False,0.0
8,9,"not_(less_than_or_equal(pdiv(x[5],x[5]),add(x[5],x[2])))",True,"not_(less_than_or_equal(pdiv(x[5],x[5]),add(x[5],x[2])))",0.2455089820359282,5825d6d8d32996f2f81bb41cc0bfa92f,0.2455089820359282,False,0.0
8,9,"greater_than_or_equal(add(pdiv(39.30,x[2]),x[3]), mul(x[7],x[5]))",True,"less_than_or_equal(x[2],x[2])",0.35928143712574845,bd082d42dcba8056510101f18394b575,0.35928143712574845,False,0.0
8,9,"not_(less_than_or_equal(add(x[5],x[2]),add(sub(x[7],x[7]),pdiv(x[5],x[0]))))",False,,,ff6d5a63e00b627d86e8b809f41d4c90,0.6347305389221557,False,0.0
8,9,"not_(not_(greater_than_or_equal(mul(x[5],mul(x[7],add(mul(x[3],x[3]),mul(x[7],x[5])))), x[2])))",False,,,4b6267854d19daa37263741cba96ab7c,0.6047904191616766,False,0.0
8,9,"not_(less_than_or_equal(pdiv(x[5],x[3]),mul(add(x[5],x[2]),add(sub(x[7],mul(x[5],x[5])),x[7]))))",False,,,9737332e828c22a2743d51641f87f71a,0.3173652694610778,False,0.0
8,9,"not_(less_than_or_equal(x[5],pdiv(x[5],x[0])))",True,not_(x[6]),0.6347305389221557,b4068ba57b63c959651c969331c4b5cd,0.6407185628742516,True,0.005988023952095856
8,9,"greater_than_or_equal(pdiv(add(x[2],x[5]),x[5]), mul(x[5],x[2]))",True,"less_than_or_equal(x[2],x[2])",0.35928143712574845,bd082d42dcba8056510101f18394b575,0.35928143712574845,False,0.0
8,9,"greater_than_or_equal(pdiv(x[5],x[3]), add(x[7],sub(x[7],sub(pdiv(add(x[5],mul(x[5],x[5])),x[7]),x[5]))))",False,,,884731740f2225e2bcf3febfa30261ef,0.33532934131736525,False,0.0
8,9,"greater_than_or_equal(x[5], mul(x[7],add(x[7],x[5])))",False,,,051dec5cdded21754165aaf5f887a47e,0.22754491017964074,False,0.0
8,9,"greater_than_or_equal(pdiv(pdiv(x[5],add(x[5],x[0])),add(x[5],x[2])), pdiv(pdiv(x[3],sub(x[7],add(pdiv(add(x[2],x[2]),x[5]),x[5]))),add(x[5],x[2])))",True,"greater_than_or_equal(pdiv(pdiv(93.09,add(x[0],x[2])),x[3]), mul(add(x[3],x[5]),x[5]))",0.3652694610778443,6bb8d5060871277e9a414636c648605b,0.3772455089820359,True,0.0119760479041916
8,9,"not_(greater_than_or_equal(x[7], x[0]))",True,"less_than_or_equal(x[7],x[0])",0.5449101796407185,be077d9307e8548c7420a3c3b9c6aaf2,0.5449101796407185,False,0.0
8,9,"not_(greater_than_or_equal(pdiv(x[5],x[5]), add(x[2],x[5])))",True,"greater_than_or_equal(add(x[2],x[5]), pdiv(x[7],x[7]))",0.7544910179640718,3db16fa16df21b15852938a2c3f9a18b,0.7544910179640718,False,0.0
8,9,"not_(less_than_or_equal(pdiv(x[5],x[2]),add(x[5],85.40)))",True,not_(x[6]),0.6347305389221557,b4068ba57b63c959651c969331c4b5cd,0.6407185628742516,True,0.005988023952095856
8,9,"less_than_or_equal(add(mul(x[5],pdiv(x[7],x[5])),x[2]),add(sub(x[7],x[7]),pdiv(69.44,pdiv(x[7],pdiv(x[0],x[3])))))",True,"less_than_or_equal(x[2],x[2])",0.35928143712574845,bd082d42dcba8056510101f18394b575,0.35928143712574845,False,0.0
8,9,"greater_than_or_equal(x[3], 64.89)",True,not_(x[6]),0.6347305389221557,b4068ba57b63c959651c969331c4b5cd,0.6407185628742516,True,0.005988023952095856
8,9,"greater_than_or_equal(add(x[0],x[2]), x[5])",True,"greater_than_or_equal(x[2], sub(x[5],x[0]))",0.6107784431137724,7e99b1ef0b7d58ba53fb303bf54c4414,0.6107784431137724,False,0.0
8,9,"not_(greater_than_or_equal(mul(sub(x[0],pdiv(mul(x[2],add(x[5],x[5])),x[2])),add(sub(x[7],x[7]),pdiv(x[5],x[5]))), add(x[7],x[5])))",True,"less_than_or_equal(x[2],x[2])",0.35928143712574845,bd082d42dcba8056510101f18394b575,0.35928143712574845,False,0.0
8,9,"not_(greater_than_or_equal(37.95, mul(x[5],x[7])))",True,not_(x[6]),0.6347305389221557,b4068ba57b63c959651c969331c4b5cd,0.6407185628742516,True,0.005988023952095856
8,9,"not_(less_than_or_equal(pdiv(x[3],pdiv(x[3],x[7])),sub(x[7],x[5])))",True,"less_than_or_equal(x[2],x[2])",0.35928143712574845,bd082d42dcba8056510101f18394b575,0.3652694610778443,True,0.005988023952095856
8,9,"greater_than_or_equal(sub(pdiv(x[0],x[0]),mul(x[0],mul(x[3],x[7]))), pdiv(x[0],x[3]))",False,,,6ae07ed4c1dace939515a91299954c4f,0.37125748502994016,False,0.0
8,9,"not_(greater_than_or_equal(mul(59.74,pdiv(add(x[5],mul(sub(x[5],x[5]),sub(add(x[2],x[2]),x[3]))),x[7])), pdiv(mul(add(x[2],x[5]),sub(x[2],x[0])),add(x[3],x[7]))))",True,not_(x[6]),0.6347305389221557,b4068ba57b63c959651c969331c4b5cd,0.6347305389221557,False,0.0
8,9,"not_(greater_than_or_equal(sub(sub(x[7],pdiv(x[5],add(add(x[2],x[2]),pdiv(x[5],x[5])))),pdiv(x[3],x[7])), pdiv(x[5],x[7])))",False,,,e64a157b90cb1f5846011deb79d81ae4,0.34730538922155685,False,0.0
8,9,"greater_than_or_equal(x[5], sub(x[7],pdiv(x[5],pdiv(add(x[5],x[0]),mul(add(x[7],pdiv(x[5],x[5])),add(x[5],x[2]))))))",True,"greater_than_or_equal(x[5], sub(x[7],pdiv(x[5],pdiv(add(x[5],x[0]),mul(add(x[7],pdiv(x[5],x[5])),add(x[5],x[2]))))))",0.33532934131736525,02a85ebdc1494186b3d7f57843b4cdfc,0.33532934131736525,False,0.0
8,9,"less_than_or_equal(add(mul(x[7],add(pdiv(add(x[5],x[5]),add(x[5],x[7])),pdiv(x[5],x[5]))),pdiv(x[7],x[3])),x[7])",True,not_(x[6]),0.6347305389221557,b4068ba57b63c959651c969331c4b5cd,0.6407185628742516,True,0.005988023952095856
8,9,"not_(greater_than_or_equal(mul(x[7],add(x[3],x[2])), x[5]))",True,"not_(greater_than_or_equal(mul(x[7],add(x[3],x[2])), add(x[5],mul(sub(x[5],x[5]),sub(add(08.46,x[3]),add(pdiv(x[5],x[7]),sub(x[7],x[5])))))))",0.31137724550898205,e4f020371c9c4af4bedc99e9207ee51f,0.31137724550898205,False,0.0
8,9,"not_(less_than_or_equal(pdiv(x[5],x[5]),add(x[5],x[3])))",True,"not_(less_than_or_equal(pdiv(x[5],x[5]),add(x[5],x[3])))",0.49101796407185627,bb45d530dc44268633eeb136f814ec83,0.49101796407185627,False,0.0
8,9,"not_(less_than_or_equal(pdiv(x[2],x[5]),x[5]))",True,"not_(less_than_or_equal(pdiv(x[2],x[5]),x[5]))",0.5688622754491017,379e3fd86c4786507474cde0c666a1a3,0.5688622754491017,False,0.0
8,9,"not_(less_than_or_equal(pdiv(x[5],pdiv(mul(x[5],x[2]),mul(x[5],add(x[5],x[2])))),mul(x[5],add(x[5],x[2]))))",True,"not_(greater_than_or_equal(mul(x[7],x[2]), x[7]))",0.34730538922155685,f69cf4961d82af0c72c0014d2a401904,0.3532934131736527,True,0.005988023952095856
8,9,"greater_than_or_equal(x[5], x[3])",True,"less_than_or_equal(mul(sub(x[7],x[0]),pdiv(x[7],25.93)),pdiv(x[7],sub(mul(x[3],x[5]),mul(x[3],x[3]))))",0.5089820359281437,8ad7ccd0e2bcf51cfea619f1321f2792,0.5089820359281437,False,0.0
8,9,"not_(less_than_or_equal(x[7],x[7]))",True,not_(x[6]),0.6347305389221557,b4068ba57b63c959651c969331c4b5cd,0.6407185628742516,True,0.005988023952095856
8,9,"not_(greater_than_or_equal(mul(x[0],pdiv(x[2],x[2])), add(pdiv(x[5],x[2]),x[0])))",True,"less_than_or_equal(x[2],x[2])",0.35928143712574845,bd082d42dcba8056510101f18394b575,0.3652694610778443,True,0.005988023952095856
8,9,"not_(less_than_or_equal(pdiv(x[5],x[5]),add(pdiv(x[5],add(pdiv(x[5],x[3]),mul(x[2],x[7]))),x[3])))",False,,,072fd6bd66a91cb9b5e1b2ab5aac8353,0.5329341317365269,False,0.0
8,9,"less_than_or_equal(add(add(x[7],x[2]),sub(x[2],x[3])),add(pdiv(x[3],pdiv(x[3],mul(x[7],pdiv(x[7],x[2])))),x[5]))",False,,,39928fe0c695c7aeceec99f47ae3abf2,0.31137724550898205,False,0.0
8,9,"greater_than_or_equal(mul(x[7],add(x[7],x[2])), x[3])",False,,,564ba6911c05d2ca577278813cae940e,0.7305389221556886,False,0.0
8,9,"not_(less_than_or_equal(pdiv(x[3],add(x[7],x[7])),add(x[5],x[2])))",False,,,65ac9581083b6f647bed18292443d7f7,0.3413173652694611,False,0.0
8,9,"less_than_or_equal(mul(sub(add(x[7],x[0]),x[2]),x[3]),add(add(x[2],x[3]),add(x[2],x[5])))",True,"less_than_or_equal(x[2],x[2])",0.35928143712574845,bd082d42dcba8056510101f18394b575,0.35928143712574845,False,0.0
8,9,"greater_than_or_equal(x[5], mul(x[7],mul(add(mul(x[7],x[3]),x[7]),add(sub(mul(x[0],mul(x[7],x[0])),x[0]),x[5]))))",False,,,d68af64055e772779ff034157d5aacc9,0.34730538922155685,False,0.0
8,9,"not_(less_than_or_equal(pdiv(x[5],x[5]),add(x[5],x[2])))",True,"not_(less_than_or_equal(pdiv(x[5],x[5]),add(x[5],x[2])))",0.2455089820359282,5825d6d8d32996f2f81bb41cc0bfa92f,0.2455089820359282,False,0.0
8,9,"not_(less_than_or_equal(add(x[5],add(add(pdiv(x[5],pdiv(x[5],x[2])),x[2]),x[0])),x[7]))",False,,,3f1e606a1dfedbd9202bdea9a5f9c440,0.3532934131736527,False,0.0
8,9,"not_(less_than_or_equal(pdiv(x[5],x[5]),add(x[2],x[2])))",True,"not_(less_than_or_equal(pdiv(x[5],x[5]),add(x[2],x[2])))",0.25149700598802394,b1dd33075a09479c47bb17a355eef7af,0.25149700598802394,False,0.0
8,9,"less_than_or_equal(x[5],x[5])",True,"less_than_or_equal(x[2],x[2])",0.35928143712574845,bd082d42dcba8056510101f18394b575,0.35928143712574845,False,0.0
8,9,"not_(less_than_or_equal(pdiv(x[5],add(x[2],x[5])),x[3]))",True,"not_(less_than_or_equal(pdiv(x[5],x[3]),add(x[5],x[2])))",0.33532934131736525,19e0b26b04f63034b8102da698d0b3b7,0.33532934131736525,False,0.0
8,9,"greater_than_or_equal(mul(sub(x[3],x[7]),add(x[3],x[7])), sub(x[5],x[2]))",False,,,75049ac6472eaac547b2ac52b410575d,0.5269461077844311,False,0.0
8,9,"greater_than_or_equal(pdiv(x[5],add(x[2],x[5])), x[5])",True,"not_(less_than_or_equal(pdiv(x[5],x[5]),add(x[5],x[2])))",0.2455089820359282,5825d6d8d32996f2f81bb41cc0bfa92f,0.2455089820359282,False,0.0
8,9,"not_(greater_than_or_equal(mul(x[7],pdiv(x[2],x[2])), add(pdiv(x[5],x[2]),50.95)))",True,"less_than_or_equal(x[2],x[2])",0.35928143712574845,bd082d42dcba8056510101f18394b575,0.35928143712574845,False,0.0
8,9,"greater_than_or_equal(add(x[3],x[3]), mul(sub(x[7],x[2]),add(add(x[5],x[0]),mul(x[3],x[7]))))",False,,,af620e098d00cc06a56e0b207c6dafb3,0.34730538922155685,False,0.0
8,9,"not_(less_than_or_equal(pdiv(x[3],x[7]),x[7]))",True,"greater_than_or_equal(x[3], mul(x[7],x[7]))",0.3413173652694611,3d72bbc340f037088e8e4149f2ca8ce3,0.3413173652694611,False,0.0
8,9,"greater_than_or_equal(x[5], sub(x[7],pdiv(x[0],pdiv(add(x[2],x[2]),pdiv(mul(mul(sub(x[7],x[7]),add(x[5],x[2])),add(x[7],x[0])),x[2])))))",False,,,d1e038b84576d76e9ad90a5aaee7de25,0.3652694610778443,False,0.0
8,9,"greater_than_or_equal(x[5], mul(x[7],add(mul(x[5],add(x[3],x[2])),x[5])))",False,,,56eff17fee53d366b202e7789175c298,0.21556886227544914,False,0.0
8,9,"less_than_or_equal(mul(mul(x[7],x[7]),x[3]),x[5])",True,"less_than_or_equal(mul(x[3],x[7]),pdiv(x[5],x[7]))",0.33532934131736525,115d9de2e8f1cf584c1a290a69da8222,0.33532934131736525,False,0.0
8,9,"greater_than_or_equal(x[3], x[7])",True,"greater_than_or_equal(x[3], x[7])",0.33532934131736525,176c0c35833bc4ae980b10cd773d9ebc,0.33532934131736525,False,0.0
8,9,"not_(less_than_or_equal(pdiv(x[5],add(add(pdiv(x[5],pdiv(x[2],x[2])),x[5]),add(x[3],x[7]))),pdiv(x[3],pdiv(x[5],x[3]))))",True,"not_(less_than_or_equal(pdiv(x[5],x[3]),pdiv(add(x[3],x[7]),x[5])))",0.5089820359281437,ba517bc13753bbbcc34132364b7fdc69,0.5269461077844311,True,0.017964071856287345
8,9,"greater_than_or_equal(x[5], mul(x[7],83.97))",True,not_(x[6]),0.6347305389221557,b4068ba57b63c959651c969331c4b5cd,0.6407185628742516,True,0.005988023952095856
8,9,"greater_than_or_equal(sub(pdiv(x[0],x[7]),mul(x[0],mul(x[3],x[7]))), pdiv(x[2],x[3]))",False,,,22581439a01ee654f9ef2a072f344c3b,0.4970059880239521,False,0.0
8,9,"not_(less_than_or_equal(pdiv(x[5],x[3]),sub(x[7],mul(x[5],x[5]))))",False,,,c53c257e9a859a5f74b1d9494c306dfd,0.3173652694610778,False,0.0
8,9,"not_(less_than_or_equal(pdiv(x[5],add(add(pdiv(x[5],pdiv(x[2],x[2])),x[2]),x[0])),x[5]))",False,,,451c11779af540190a3b75f2a4a5f7c5,0.281437125748503,False,0.0
8,9,"less_than_or_equal(add(add(x[7],x[0]),pdiv(x[2],x[3])),add(sub(x[3],pdiv(x[0],x[7])),mul(x[3],x[0])))",False,,,86fea483f6519efa2798f809c14a3cc8,0.5149700598802396,False,0.0
8,9,"greater_than_or_equal(x[5], sub(x[7],pdiv(x[5],pdiv(add(x[5],x[0]),mul(add(x[7],pdiv(x[5],x[5])),add(x[5],pdiv(pdiv(x[5],x[5]),add(x[5],x[2]))))))))",True,"not_(less_than_or_equal(pdiv(x[5],x[0]),x[0]))",0.35928143712574845,5372ceb8b23ce5e1dd3bf5c2fc3a57aa,0.3532934131736527,True,-0.0059880239520957446
8,9,"not_(less_than_or_equal(pdiv(96.75,x[2]),x[5]))",True,"less_than_or_equal(x[2],x[2])",0.35928143712574845,bd082d42dcba8056510101f18394b575,0.35928143712574845,False,0.0
8,9,"greater_than_or_equal(add(pdiv(x[3],x[7]),sub(x[5],add(x[3],34.47))), x[5])",True,not_(x[6]),0.6347305389221557,b4068ba57b63c959651c969331c4b5cd,0.6407185628742516,True,0.005988023952095856
8,9,"greater_than_or_equal(add(pdiv(x[7],x[7]),sub(x[5],add(x[3],add(sub(x[7],sub(x[5],x[2])),x[3])))), x[0])",False,,,bd59f72c46614ef1bf14483754f733f2,0.3652694610778443,False,0.0
8,9,"greater_than_or_equal(x[5], add(x[2],x[2]))",True,"greater_than_or_equal(x[5], add(x[2],x[2]))",0.39520958083832336,ceb136f9325a6c3dff5e71a06e63c76f,0.39520958083832336,False,0.0
8,9,"greater_than_or_equal(x[3], x[7])",True,"greater_than_or_equal(x[3], x[7])",0.33532934131736525,176c0c35833bc4ae980b10cd773d9ebc,0.33532934131736525,False,0.0
8,9,"greater_than_or_equal(x[3], mul(50.98,x[2]))",True,"greater_than_or_equal(pdiv(mul(x[5],x[2]),pdiv(x[2],x[5])), add(sub(x[7],x[7]),add(x[5],x[0])))",0.6107784431137724,ec48eb4aba9f475884bcf9e8f28adadc,0.6167664670658682,True,0.005988023952095856
8,9,"less_than_or_equal(add(mul(x[7],pdiv(x[7],x[5])),x[2]),add(sub(x[7],x[7]),pdiv(69.47,sub(x[3],sub(x[2],x[7])))))",False,,,9f33a4477d9376aa33a038db62bf19e6,0.3652694610778443,False,0.0
8,9,"greater_than_or_equal(x[5], x[0])",True,"less_than_or_equal(x[0],x[5])",0.37125748502994016,cdcd6f1e6c091ac380f1476046586fe6,0.37125748502994016,False,0.0
8,9,"not_(less_than_or_equal(pdiv(x[5],mul(x[7],add(x[7],x[2]))),x[3]))",False,,,f5d1e0ac2efe3f5738658ef0e812f150,0.3173652694610778,False,0.0
8,9,"not_(greater_than_or_equal(mul(x[5],add(x[5],x[0])), add(x[3],mul(sub(x[5],x[5]),sub(add(mul(pdiv(x[2],sub(x[0],x[7])),x[5]),x[5]),add(x[5],x[2]))))))",False,,,2979d28c8645d7e936307b8009dfee02,0.38323353293413176,False,0.0
8,9,"less_than_or_equal(add(mul(x[7],pdiv(x[5],x[5])),x[2]),add(sub(x[7],x[2]),pdiv(29.24,sub(add(x[5],x[2]),add(sub(x[7],x[7]),pdiv(x[5],x[3]))))))",True,"greater_than_or_equal(x[3], mul(x[5],pdiv(pdiv(x[5],x[5]),add(x[5],x[2]))))",0.6646706586826348,827e68d3c90984c601640bbe26863cd2,0.6646706586826348,False,0.0
8,9,"greater_than_or_equal(pdiv(x[5],pdiv(add(x[2],x[5]),x[5])), mul(x[5],x[2]))",True,"greater_than_or_equal(pdiv(x[5],pdiv(add(x[2],x[5]),x[5])), mul(x[5],x[2]))",0.28742514970059885,0803226314985e684579b7ad7da3df72,0.28742514970059885,False,0.0
8,9,"less_than_or_equal(mul(mul(x[7],x[7]),mul(x[5],add(x[3],x[7]))),x[7])",False,,,663ed388f39685b6b0bb99668c9e4759,0.3532934131736527,False,0.0
8,9,"not_(greater_than_or_equal(mul(mul(pdiv(add(x[5],54.92),pdiv(x[5],x[3])),mul(add(x[5],x[2]),add(sub(x[7],x[7]),pdiv(x[5],x[5])))),add(add(x[5],x[2]),x[5])), mul(x[7],add(x[7],x[2]))))",True,"not_(not_(less_than_or_equal(91.64,pdiv(x[2],pdiv(x[3],x[0])))))",0.6586826347305389,9f39b412647a2bed42ce034a15293284,0.652694610778443,True,-0.005988023952095856
8,9,"not_(less_than_or_equal(pdiv(x[7],x[7]),add(x[5],x[2])))",True,"not_(less_than_or_equal(pdiv(x[5],x[5]),add(x[5],x[2])))",0.2455089820359282,5825d6d8d32996f2f81bb41cc0bfa92f,0.2455089820359282,False,0.0
8,9,"greater_than_or_equal(x[3], x[7])",True,"greater_than_or_equal(x[3], x[7])",0.33532934131736525,176c0c35833bc4ae980b10cd773d9ebc,0.33532934131736525,False,0.0
8,9,"less_than_or_equal(mul(mul(sub(mul(x[7],x[3]),pdiv(x[2],x[2])),x[2]),x[0]),x[7])",True,"less_than_or_equal(x[2],x[2])",0.35928143712574845,bd082d42dcba8056510101f18394b575,0.35928143712574845,False,0.0
8,9,"greater_than_or_equal(add(pdiv(x[5],x[7]),x[0]), x[2])",True,"less_than_or_equal(sub(mul(x[2],x[7]),mul(x[0],x[7])),x[5])",0.34730538922155685,67e5c7a497be3e968ea5c2bd6433af6d,0.34730538922155685,False,0.0
8,9,"greater_than_or_equal(25.42, sub(x[5],x[7]))",True,"less_than_or_equal(x[2],x[2])",0.35928143712574845,bd082d42dcba8056510101f18394b575,0.35928143712574845,False,0.0
8,9,"not_(greater_than_or_equal(mul(x[7],add(x[2],38.39)), mul(x[5],add(x[7],sub(x[5],sub(x[0],x[0]))))))",True,not_(x[6]),0.6347305389221557,b4068ba57b63c959651c969331c4b5cd,0.6407185628742516,True,0.005988023952095856
8,9,"not_(less_than_or_equal(pdiv(x[5],x[7]),add(x[7],x[5])))",True,"greater_than_or_equal(x[5], mul(x[7],add(x[7],x[5])))",0.22754491017964074,051dec5cdded21754165aaf5f887a47e,0.22754491017964074,False,0.0
8,9,"greater_than_or_equal(63.58, x[7])",True,"less_than_or_equal(x[2],x[2])",0.35928143712574845,bd082d42dcba8056510101f18394b575,0.35928143712574845,False,0.0
8,9,"greater_than_or_equal(pdiv(x[2],x[5]), x[5])",True,"not_(less_than_or_equal(pdiv(x[2],x[5]),x[5]))",0.5688622754491017,379e3fd86c4786507474cde0c666a1a3,0.5688622754491017,False,0.0
8,9,"not_(less_than_or_equal(pdiv(mul(x[0],mul(x[3],x[7])),pdiv(x[0],x[3])),mul(x[5],add(x[5],x[2]))))",False,,,8d7ab7eb42c818e37ccfd58cc3faa530,0.40718562874251496,False,0.0
8,9,"not_(greater_than_or_equal(mul(x[5],pdiv(x[5],x[2])), x[7]))",False,,,30d83ce2703d752d340badb552f67d30,0.652694610778443,False,0.0
8,9,"less_than_or_equal(add(mul(x[7],pdiv(x[5],x[5])),x[7]),add(x[5],x[5]))",True,"greater_than_or_equal(x[5], x[7])",0.3892215568862275,ca29d589a2290a0489371628a6b32bf4,0.3892215568862275,False,0.0
8,9,"less_than_or_equal(x[5],add(x[2],pdiv(x[3],x[7])))",False,,,70430bce551a52763028b368e1b0a6fb,0.3652694610778443,False,0.0
8,9,"not_(less_than_or_equal(pdiv(x[5],x[5]),add(x[2],x[2])))",True,"not_(less_than_or_equal(pdiv(x[5],x[5]),add(x[2],x[2])))",0.25149700598802394,b1dd33075a09479c47bb17a355eef7af,0.25149700598802394,False,0.0
8,9,"greater_than_or_equal(add(x[5],x[2]), mul(x[5],add(x[5],x[3])))",False,,,c43ddcd24e05c270bc51d741684cf9bb,0.41916167664670656,False,0.0
8,9,"not_(less_than_or_equal(pdiv(x[5],x[2]),x[3]))",True,"greater_than_or_equal(add(mul(x[0],x[3]),pdiv(x[5],x[3])), x[2])",0.3293413173652695,f0c5da2fb3fda6018ebf0885b8c1ea67,0.3293413173652695,False,0.0
8,9,"greater_than_or_equal(x[5], x[3])",True,"less_than_or_equal(mul(sub(x[7],x[0]),pdiv(x[7],25.93)),pdiv(x[7],sub(mul(x[3],x[5]),mul(x[3],x[3]))))",0.5089820359281437,8ad7ccd0e2bcf51cfea619f1321f2792,0.5089820359281437,False,0.0
8,9,"not_(less_than_or_equal(pdiv(x[7],pdiv(pdiv(mul(mul(x[5],x[5]),x[7]),x[5]),x[5])),add(x[5],x[2])))",True,"not_(less_than_or_equal(pdiv(x[5],x[5]),add(x[5],x[2])))",0.2455089820359282,5825d6d8d32996f2f81bb41cc0bfa92f,0.2455089820359282,False,0.0
8,9,"not_(less_than_or_equal(pdiv(sub(mul(sub(x[7],x[7]),add(x[5],x[2])),x[7]),mul(x[5],x[5])),mul(x[5],x[3])))",True,not_(x[6]),0.6347305389221557,b4068ba57b63c959651c969331c4b5cd,0.6347305389221557,False,0.0
8,9,"not_(less_than_or_equal(pdiv(x[5],x[7]),mul(add(mul(pdiv(x[2],add(x[7],x[0])),x[2]),x[0]),add(add(x[2],x[3]),add(x[2],x[5])))))",False,,,7be8a49f50f00136509e446656fa191d,0.2574850299401198,False,0.0
8,9,"not_(less_than_or_equal(pdiv(x[0],x[7]),pdiv(x[7],x[5])))",True,"less_than_or_equal(x[7],x[0])",0.5449101796407185,be077d9307e8548c7420a3c3b9c6aaf2,0.5089820359281437,True,-0.0359281437125748
8,9,"not_(less_than_or_equal(pdiv(x[5],x[5]),pdiv(x[2],x[2])))",True,not_(x[6]),0.6347305389221557,b4068ba57b63c959651c969331c4b5cd,0.6407185628742516,True,0.005988023952095856
8,9,"not_(less_than_or_equal(pdiv(x[3],sub(x[7],x[7])),add(x[7],x[5])))",True,"not_(less_than_or_equal(pdiv(x[5],x[5]),add(x[7],x[5])))",0.32335329341317365,e44f6a949f00cb0bf86b1105d7c3453d,0.32335329341317365,False,0.0
8,9,"greater_than_or_equal(mul(pdiv(add(x[0],add(x[5],x[2])),add(x[7],x[0])),x[2]), x[0])",False,,,70842362fb60908f5540c815b1ce97ab,0.38323353293413176,False,0.0
8,9,"greater_than_or_equal(pdiv(pdiv(x[5],add(00.42,x[3])),x[7]), x[5])",False,,,8cdd7a6b94370008da6b5fae99454fe3,0.3532934131736527,False,0.0
8,9,"not_(less_than_or_equal(pdiv(x[5],x[5]),add(x[2],x[5])))",True,"not_(less_than_or_equal(pdiv(x[5],x[5]),add(x[5],x[2])))",0.2455089820359282,5825d6d8d32996f2f81bb41cc0bfa92f,0.2455089820359282,False,0.0
8,9,"not_(less_than_or_equal(x[5],mul(x[2],x[3])))",True,"greater_than_or_equal(add(mul(x[0],x[3]),pdiv(x[5],x[3])), x[2])",0.3293413173652695,f0c5da2fb3fda6018ebf0885b8c1ea67,0.3293413173652695,False,0.0
8,9,"not_(less_than_or_equal(x[2],pdiv(x[5],x[5])))",True,"greater_than_or_equal(x[2], pdiv(x[5],x[5]))",0.652694610778443,38d04e9716d0d4822bf3dbdceea9aa84,0.652694610778443,False,0.0
8,9,"greater_than_or_equal(x[3], 97.93)",True,not_(x[6]),0.6347305389221557,b4068ba57b63c959651c969331c4b5cd,0.6407185628742516,True,0.005988023952095856
8,9,"greater_than_or_equal(add(pdiv(sub(x[2],x[2]),x[7]),x[7]), pdiv(x[5],x[3]))",True,"greater_than_or_equal(x[7], pdiv(x[5],x[3]))",0.6586826347305389,c4d62ee0d9ef954add009e50887aed2e,0.6586826347305389,False,0.0
8,9,"greater_than_or_equal(add(pdiv(x[3],x[7]),sub(x[7],x[2])), add(add(x[3],sub(x[7],sub(x[5],mul(x[5],x[5])))),sub(x[5],add(x[5],mul(x[7],add(pdiv(add(x[2],x[3]),pdiv(x[0],x[7])),x[2]))))))",True,"or_(less_than_or_equal(sub(x[2],x[5]),mul(x[3],x[2])),not_(greater_than_or_equal(x[5], x[3])))",0.38323353293413176,cc44f38a8b2fcefff95bcc01de90856f,0.3652694610778443,True,-0.017964071856287456
8,9,"greater_than_or_equal(add(add(x[2],x[3]),x[5]), x[5])",True,"less_than_or_equal(x[2],x[2])",0.35928143712574845,bd082d42dcba8056510101f18394b575,0.35928143712574845,False,0.0
8,9,"less_than_or_equal(mul(sub(x[7],x[3]),mul(add(pdiv(x[2],pdiv(x[3],x[5])),49.24),pdiv(x[5],sub(pdiv(add(x[2],x[5]),mul(x[5],add(pdiv(x[2],30.95),mul(x[0],x[7])))),add(x[7],pdiv(x[3],x[5])))))),x[2])",False,,,c7ec85e0647de816f96e110b4b7fc144,0.32335329341317365,False,0.0
8,9,"greater_than_or_equal(sub(x[2],x[0]), add(pdiv(x[2],x[2]),mul(x[7],mul(x[3],x[3]))))",True,not_(x[6]),0.6347305389221557,b4068ba57b63c959651c969331c4b5cd,0.6407185628742516,True,0.005988023952095856
8,9,"greater_than_or_equal(sub(sub(add(sub(x[7],x[5]),x[3]),mul(x[7],x[0])),add(x[3],mul(x[5],mul(x[7],sub(x[5],x[3]))))), sub(x[5],x[7]))",False,,,862dcbb74a4413648da4f436b5061393,0.6287425149700598,False,0.0
8,9,"not_(less_than_or_equal(pdiv(x[3],sub(x[7],x[7])),add(x[2],x[2])))",True,"not_(less_than_or_equal(pdiv(x[5],x[5]),add(x[2],x[2])))",0.25149700598802394,b1dd33075a09479c47bb17a355eef7af,0.25149700598802394,False,0.0
8,9,"less_than_or_equal(add(mul(x[7],pdiv(x[5],x[5])),x[2]),add(sub(x[7],x[7]),pdiv(x[5],x[5])))",True,"less_than_or_equal(add(mul(x[7],pdiv(x[5],x[5])),x[2]),add(sub(x[7],x[7]),pdiv(69.44,sub(x[3],x[3]))))",0.19161676646706582,14c6e007ad625f3839f568e9ee8a86e1,0.19161676646706582,False,0.0
8,9,"less_than_or_equal(mul(mul(mul(sub(x[7],x[7]),add(x[5],x[2])),add(x[7],x[0])),x[2]),x[0])",True,"less_than_or_equal(x[2],x[2])",0.35928143712574845,bd082d42dcba8056510101f18394b575,0.35928143712574845,False,0.0
8,9,"not_(less_than_or_equal(pdiv(x[5],mul(x[2],add(x[5],x[2]))),x[5]))",True,"not_(less_than_or_equal(pdiv(x[5],x[2]),mul(x[5],add(x[5],x[2]))))",0.31137724550898205,142cae9b2b777b572b7a8767ad22e3d8,0.31137724550898205,False,0.0
8,9,"not_(greater_than_or_equal(mul(x[7],94.75), pdiv(x[5],x[7])))",False,,,52404b4d21529572a063f5ca8a716295,0.592814371257485,False,0.0
8,9,"greater_than_or_equal(x[5], sub(x[2],pdiv(x[5],x[5])))",True,"less_than_or_equal(x[2],x[2])",0.35928143712574845,bd082d42dcba8056510101f18394b575,0.35928143712574845,False,0.0
8,9,"greater_than_or_equal(x[5], sub(x[7],pdiv(x[5],pdiv(x[5],x[3]))))",True,"not_(greater_than_or_equal(mul(x[7],x[5]), pdiv(x[5],sub(add(x[3],x[5]),x[7]))))",0.34730538922155685,906cd02322ebc08dcc05972ce8f978a6,0.3413173652694611,True,-0.0059880239520957446
8,9,"not_(less_than_or_equal(pdiv(x[5],add(x[5],x[0])),mul(add(x[7],pdiv(x[5],x[5])),add(x[5],x[2]))))",False,,,717bdaa7989ea161afad3479cbbd4a61,0.45508982035928147,False,0.0
8,9,"not_(less_than_or_equal(pdiv(x[2],x[5]),x[5]))",True,"not_(less_than_or_equal(pdiv(x[2],x[5]),x[5]))",0.5688622754491017,379e3fd86c4786507474cde0c666a1a3,0.5688622754491017,False,0.0
8,9,"not_(less_than_or_equal(mul(x[5],add(x[2],x[2])),mul(x[5],x[5])))",True,"greater_than_or_equal(add(x[2],x[2]), x[5])",0.6047904191616766,58c989c6c5d320ece246c539fa0373f8,0.6107784431137724,True,0.0059880239520957446
8,9,"greater_than_or_equal(x[5], mul(x[7],add(x[5],pdiv(69.43,mul(x[5],add(x[5],x[2]))))))",True,not_(x[6]),0.6347305389221557,b4068ba57b63c959651c969331c4b5cd,0.6407185628742516,True,0.005988023952095856
8,9,"greater_than_or_equal(x[5], sub(x[3],mul(x[7],pdiv(x[2],x[5]))))",False,,,6c17c2a4887217a556d2b102a0ac0461,0.47904191616766467,False,0.0
8,9,"not_(less_than_or_equal(pdiv(x[5],x[5]),add(pdiv(x[5],add(pdiv(x[5],x[2]),x[7])),pdiv(x[5],pdiv(add(x[5],x[0]),mul(x[3],add(pdiv(pdiv(x[5],x[5]),add(x[5],x[2])),add(pdiv(pdiv(x[5],x[5]),add(x[3],x[7])),mul(x[5],x[5])))))))))",False,,,beaf3c8b814da94c34c64813acf25ee1,0.5988023952095809,False,0.0
8,9,"greater_than_or_equal(x[3], pdiv(sub(mul(x[5],add(x[5],x[2])),mul(x[7],pdiv(mul(x[5],x[5]),x[2]))),sub(sub(x[2],x[0]),mul(x[5],x[5]))))",False,,,13b0140960df46a029f4f8187f927084,0.5269461077844311,False,0.0
8,9,"not_(not_(greater_than_or_equal(pdiv(x[5],x[5]), 14.83)))",True,not_(x[6]),0.6347305389221557,b4068ba57b63c959651c969331c4b5cd,0.6407185628742516,True,0.005988023952095856
8,9,"not_(less_than_or_equal(pdiv(x[5],x[5]),x[2]))",True,"not_(greater_than_or_equal(mul(x[7],x[2]), x[7]))",0.34730538922155685,f69cf4961d82af0c72c0014d2a401904,0.34730538922155685,False,0.0
8,9,"not_(less_than_or_equal(mul(x[7],add(x[2],x[2])),add(pdiv(x[5],x[2]),x[0])))",False,,,72f4ffb6a410ebd07a7468ed7e12c00b,0.688622754491018,False,0.0
8,9,"not_(less_than_or_equal(pdiv(x[3],sub(x[5],mul(mul(x[2],x[7]),add(x[5],x[2])))),add(sub(x[7],mul(x[2],add(x[7],x[0]))),x[2])))",False,,,d5c3dcea9346c8668f38b36a4848b6fa,0.29940119760479045,False,0.0
8,9,"not_(less_than_or_equal(pdiv(x[3],sub(x[7],x[7])),add(x[0],x[2])))",True,"not_(less_than_or_equal(pdiv(x[5],x[5]),add(x[0],x[2])))",0.34730538922155685,c426607f0a92b79fd094d06b3453a190,0.34730538922155685,False,0.0
8,9,"greater_than_or_equal(pdiv(x[5],pdiv(add(x[2],x[5]),x[5])), mul(x[0],x[5]))",True,"not_(greater_than_or_equal(mul(x[0],add(x[2],x[5])), x[5]))",0.38323353293413176,75c08f44184bdbdab817c218fb1872c6,0.3772455089820359,True,-0.005988023952095856
8,9,"not_(less_than_or_equal(pdiv(x[3],sub(x[7],sub(x[5],x[5]))),x[2]))",True,"greater_than_or_equal(x[5], mul(x[7],mul(add(sub(x[7],x[7]),x[2]),add(sub(x[7],x[7]),pdiv(x[5],x[3])))))",0.2934131736526946,c999647c3f8349901a4892cae2cb97f9,0.29940119760479045,True,0.005988023952095856
8,9,"less_than_or_equal(x[5],add(sub(pdiv(mul(x[7],x[0]),add(x[3],x[7])),pdiv(x[5],pdiv(x[7],94.99))),mul(x[7],add(pdiv(add(x[2],x[3]),pdiv(x[0],x[7])),x[2]))))",True,not_(x[6]),0.6347305389221557,b4068ba57b63c959651c969331c4b5cd,0.6347305389221557,False,0.0
8,9,"greater_than_or_equal(x[2], add(mul(x[5],add(x[5],x[2])),mul(x[5],add(x[5],x[2]))))",False,,,73df14872718f434eb4fafc9aed6b945,0.6467065868263473,False,0.0
8,9,"not_(less_than_or_equal(sub(sub(x[7],pdiv(x[5],pdiv(add(x[2],x[2]),pdiv(x[5],x[5])))),pdiv(x[3],x[7])),pdiv(x[5],x[7])))",False,,,15d8f6f837be99d89098d7290f267192,0.652694610778443,False,0.0
8,9,"less_than_or_equal(mul(mul(x[5],x[0]),pdiv(x[7],sub(mul(x[3],mul(x[7],mul(x[7],pdiv(add(x[5],x[2]),x[5])))),x[5]))),x[3])",True,"greater_than_or_equal(sub(pdiv(x[0],x[7]),mul(x[0],mul(x[3],pdiv(x[0],x[3])))), mul(x[0],mul(x[3],x[7])))",0.3532934131736527,c6d775a454076969461e8a715306c0c4,0.3652694610778443,True,0.0119760479041916
8,9,"less_than_or_equal(pdiv(pdiv(x[5],09.38),pdiv(x[5],add(x[2],x[0]))),mul(x[7],x[7]))",False,,,1a052a9c190448129d624f2b1fd5f83a,0.5149700598802396,False,0.0
8,9,"not_(less_than_or_equal(mul(x[7],pdiv(x[5],x[5])),x[2]))",True,"less_than_or_equal(pdiv(add(x[2],x[5]),sub(x[2],x[7])),mul(mul(x[2],x[3]),mul(x[5],x[7])))",0.4730538922155688,6a9a868ce645e54c16a03959cbdb37f6,0.4730538922155688,False,0.0
8,9,"greater_than_or_equal(x[5], mul(x[7],mul(add(sub(x[7],x[7]),x[7]),add(sub(x[7],sub(mul(x[7],x[0]),sub(pdiv(x[5],x[7]),x[3]))),x[7]))))",False,,,7db9c354ed8330f58e07dcffb3dcd8e6,0.2455089820359282,False,0.0
8,9,"not_(less_than_or_equal(mul(x[5],pdiv(x[2],add(pdiv(x[5],pdiv(x[7],x[2])),x[5]))),x[0]))",False,,,6cef3ececc8a89da831a04b5b40fd1b6,0.4970059880239521,False,0.0
8,9,"not_(less_than_or_equal(pdiv(x[5],x[5]),add(x[5],x[2])))",True,"not_(less_than_or_equal(pdiv(x[5],x[5]),add(x[5],x[2])))",0.2455089820359282,5825d6d8d32996f2f81bb41cc0bfa92f,0.2455089820359282,False,0.0
8,9,"greater_than_or_equal(x[3], x[5])",True,"less_than_or_equal(x[5],x[3])",0.5089820359281437,1d4d287fbe015bbb313f097e26f5bc37,0.5089820359281437,False,0.0
8,9,"not_(less_than_or_equal(x[5],add(x[2],x[2])))",True,"greater_than_or_equal(x[5], add(x[2],x[2]))",0.39520958083832336,ceb136f9325a6c3dff5e71a06e63c76f,0.39520958083832336,False,0.0
8,9,"not_(not_(greater_than_or_equal(pdiv(x[5],x[5]), add(x[7],pdiv(x[0],sub(x[0],x[5]))))))",True,"less_than_or_equal(x[0],x[5])",0.37125748502994016,cdcd6f1e6c091ac380f1476046586fe6,0.3772455089820359,True,0.0059880239520957446
8,9,"not_(less_than_or_equal(pdiv(x[5],x[5]),x[3]))",True,"not_(less_than_or_equal(pdiv(x[5],x[5]),x[3]))",0.3413173652694611,05e1f3d74f96ed02168c5462d1f8f406,0.3413173652694611,False,0.0
8,9,"not_(less_than_or_equal(pdiv(x[5],x[7]),pdiv(x[7],sub(pdiv(x[5],add(pdiv(x[5],x[2]),x[3])),pdiv(x[7],pdiv(x[5],x[5]))))))",False,,,131772b5c2619992d0f1e4de11ab5a1b,0.38323353293413176,False,0.0
8,9,"less_than_or_equal(x[7],pdiv(x[0],x[3]))",False,,,e3f13bbf5704ca98c0fd6c9f15735fd9,0.5269461077844311,False,0.0
8,9,"greater_than_or_equal(sub(pdiv(x[3],x[7]),mul(x[0],mul(x[3],x[7]))), add(x[5],x[2]))",False,,,5649f2a6633ac9efa52aa7f12336e9cf,0.2934131736526946,False,0.0
8,9,"less_than_or_equal(add(add(x[7],x[2]),sub(x[2],x[3])),add(pdiv(pdiv(x[5],mul(x[7],x[7])),add(pdiv(x[3],x[7]),x[0])),x[5]))",False,,,93c72cd7d3daa6f82c5ff55095a6b0f8,0.3293413173652695,False,0.0
8,9,"not_(greater_than_or_equal(x[3], x[0]))",True,"or_(greater_than_or_equal(sub(x[0],x[5]), pdiv(x[3],x[5])),less_than_or_equal(sub(x[3],x[0]),sub(x[5],x[5])))",0.6227544910179641,2310ba51ba8c7f4263478bc24872fb4b,0.6287425149700598,True,0.0059880239520957446
8,9,"not_(less_than_or_equal(pdiv(x[5],x[5]),add(x[5],95.94)))",True,not_(x[6]),0.6347305389221557,b4068ba57b63c959651c969331c4b5cd,0.6407185628742516,True,0.005988023952095856
8,9,"greater_than_or_equal(pdiv(x[3],add(pdiv(x[3],pdiv(mul(x[2],x[7]),x[3])),sub(add(sub(pdiv(x[5],x[5]),add(x[2],x[5])),mul(x[5],add(pdiv(x[2],pdiv(x[5],add(x[5],mul(x[0],x[7])))),add(x[7],pdiv(x[3],x[5]))))),x[2]))), x[3])",False,,,dee42bac6a6cadb2a96ab2b5cd598bfd,0.6167664670658682,False,0.0
8,9,"less_than_or_equal(sub(mul(add(x[2],x[2]),x[7]),mul(add(x[7],x[0]),pdiv(x[7],x[3]))),mul(x[5],add(pdiv(add(x[2],x[5]),mul(x[7],add(x[7],add(x[5],x[2])))),add(sub(x[7],x[7]),pdiv(x[5],x[3])))))",False,,,191b22841cabdcab3be727f8f943393a,0.3413173652694611,False,0.0
8,9,"not_(less_than_or_equal(pdiv(x[5],x[5]),add(pdiv(x[5],add(pdiv(x[5],x[2]),x[3])),mul(x[7],pdiv(x[3],x[5])))))",False,,,141defdf08e7f40da6602ffb62726715,0.2934131736526946,False,0.0
8,9,"not_(less_than_or_equal(pdiv(x[5],x[5]),add(x[5],x[2])))",True,"not_(less_than_or_equal(pdiv(x[5],x[5]),add(x[5],x[2])))",0.2455089820359282,5825d6d8d32996f2f81bb41cc0bfa92f,0.2455089820359282,False,0.0
8,9,"not_(less_than_or_equal(pdiv(x[5],x[5]),add(x[5],x[2])))",True,"not_(less_than_or_equal(pdiv(x[5],x[5]),add(x[5],x[2])))",0.2455089820359282,5825d6d8d32996f2f81bb41cc0bfa92f,0.2455089820359282,False,0.0
8,9,"not_(greater_than_or_equal(mul(x[7],add(x[5],x[2])), add(x[5],x[5])))",False,,,3080bd5d805985ff01b8ad8ae7ac1462,0.33532934131736525,False,0.0
8,9,"not_(less_than_or_equal(pdiv(x[5],add(x[2],x[5])),mul(sub(x[5],x[5]),sub(add(x[2],x[2]),x[3]))))",True,"less_than_or_equal(x[2],x[2])",0.35928143712574845,bd082d42dcba8056510101f18394b575,0.3652694610778443,True,0.005988023952095856
8,9,"less_than_or_equal(x[2],sub(89.08,x[5]))",True,"less_than_or_equal(x[2],x[2])",0.35928143712574845,bd082d42dcba8056510101f18394b575,0.35928143712574845,False,0.0
8,9,"less_than_or_equal(add(mul(x[7],pdiv(x[3],x[7])),mul(x[5],x[3])),mul(09.59,x[3]))",True,"less_than_or_equal(x[2],x[2])",0.35928143712574845,bd082d42dcba8056510101f18394b575,0.35928143712574845,False,0.0
8,9,"not_(less_than_or_equal(pdiv(x[7],add(x[7],mul(x[0],mul(x[5],x[5])))),x[7]))",False,,,b56725428364948d6c0808ae2172e94a,0.3532934131736527,False,0.0
8,9,"greater_than_or_equal(x[5], mul(x[7],add(x[7],pdiv(mul(mul(sub(x[0],x[7]),35.83),x[5]),x[5]))))",True,"less_than_or_equal(x[0],mul(add(x[3],x[2]),pdiv(x[5],x[5])))",0.37125748502994016,a4b3109094a3eb1d4ea1563e85a80cc4,0.4251497005988024,True,0.053892215568862256
8,9,"greater_than_or_equal(pdiv(pdiv(x[5],x[3]),mul(add(x[5],x[2]),add(sub(x[7],mul(x[5],90.22)),x[5]))), add(x[3],x[7]))",True,not_(x[6]),0.6347305389221557,b4068ba57b63c959651c969331c4b5cd,0.6407185628742516,True,0.005988023952095856
8,9,"not_(less_than_or_equal(x[7],x[7]))",True,not_(x[6]),0.6347305389221557,b4068ba57b63c959651c969331c4b5cd,0.6407185628742516,True,0.005988023952095856
8,9,"less_than_or_equal(mul(add(x[7],sub(x[5],x[5])),sub(x[2],x[5])),sub(x[5],add(x[5],x[7])))",True,not_(x[6]),0.6347305389221557,b4068ba57b63c959651c969331c4b5cd,0.6407185628742516,True,0.005988023952095856
8,9,"not_(less_than_or_equal(pdiv(pdiv(add(x[2],x[2]),add(pdiv(x[5],x[2]),sub(x[2],x[5]))),x[0]),x[7]))",False,,,7c22544acb1c9cedfcc1d7d7ef8f9c9c,0.3892215568862275,False,0.0
8,9,"not_(less_than_or_equal(x[2],x[3]))",True,"not_(less_than_or_equal(pdiv(x[5],x[5]),add(x[2],sub(pdiv(x[3],x[2]),add(mul(x[2],x[7]),mul(x[2],x[3]))))))",0.6586826347305389,97992d1c6392ce2361e75a580fad0a69,0.6347305389221557,True,-0.0239520958083832
8,9,"not_(less_than_or_equal(pdiv(x[5],x[5]),pdiv(pdiv(x[5],x[5]),add(x[2],x[3]))))",False,,,6cc595cca105e3b24dc4e2431be003bd,0.7305389221556886,False,0.0
8,9,"greater_than_or_equal(add(mul(x[3],x[7]),sub(x[5],add(x[7],x[2]))), x[5])",True,not_(x[6]),0.6347305389221557,b4068ba57b63c959651c969331c4b5cd,0.6407185628742516,True,0.005988023952095856
8,9,"greater_than_or_equal(x[3], x[3])",True,"less_than_or_equal(x[2],x[2])",0.35928143712574845,bd082d42dcba8056510101f18394b575,0.35928143712574845,False,0.0
8,9,"greater_than_or_equal(mul(x[2],add(x[7],x[0])), x[2])",False,,,9b9c5e322ba6496f1180d8fea76438f9,0.6407185628742516,False,0.0
8,9,"greater_than_or_equal(x[3], x[7])",True,"greater_than_or_equal(x[3], x[7])",0.33532934131736525,176c0c35833bc4ae980b10cd773d9ebc,0.33532934131736525,False,0.0
8,9,"not_(less_than_or_equal(pdiv(x[3],sub(x[7],x[7])),add(x[2],x[7])))",True,"less_than_or_equal(add(mul(x[7],pdiv(x[5],x[5])),x[2]),add(sub(x[7],x[7]),pdiv(69.44,sub(x[3],x[3]))))",0.19161676646706582,14c6e007ad625f3839f568e9ee8a86e1,0.19161676646706582,False,0.0
8,9,"not_(less_than_or_equal(x[5],x[5]))",True,not_(x[6]),0.6347305389221557,b4068ba57b63c959651c969331c4b5cd,0.6407185628742516,True,0.005988023952095856
8,9,"less_than_or_equal(pdiv(add(x[3],add(x[3],sub(x[2],x[7]))),sub(x[7],x[3])),add(sub(x[7],sub(x[5],x[5])),x[3]))",False,,,054a45ac77da98c4fe7bf9542488e16e,0.34730538922155685,False,0.0
8,9,"greater_than_or_equal(x[5], add(x[2],x[5]))",True,"greater_than_or_equal(pdiv(mul(x[5],x[2]),pdiv(x[2],x[5])), add(sub(x[7],x[7]),add(x[5],x[0])))",0.6107784431137724,ec48eb4aba9f475884bcf9e8f28adadc,0.6167664670658682,True,0.005988023952095856
8,9,"not_(less_than_or_equal(add(pdiv(pdiv(x[5],x[5]),add(x[2],x[2])),x[5]),add(x[2],x[0])))",True,"not_(less_than_or_equal(pdiv(x[5],x[7]),sub(add(sub(x[2],add(pdiv(add(x[2],x[0]),x[0]),x[5])),add(x[5],x[2])),x[0])))",0.3413173652694611,bdf018d409436d26701460412c913f48,0.3413173652694611,False,0.0
8,9,"not_(less_than_or_equal(pdiv(pdiv(x[3],x[7]),x[5]),x[2]))",True,"greater_than_or_equal(x[3], mul(mul(x[2],x[7]),sub(x[5],x[3])))",0.3173652694610778,ffa28f397bbf6e8b3fc8b0c1f44248cd,0.3173652694610778,False,0.0
8,9,"greater_than_or_equal(mul(x[5],sub(x[2],58.97)), x[2])",True,not_(x[6]),0.6347305389221557,b4068ba57b63c959651c969331c4b5cd,0.6407185628742516,True,0.005988023952095856
8,9,"not_(less_than_or_equal(pdiv(x[5],x[3]),mul(add(x[5],x[2]),add(sub(39.21,x[7]),x[7]))))",True,"not_(not_(less_than_or_equal(91.64,pdiv(x[2],pdiv(x[3],x[0])))))",0.6586826347305389,9f39b412647a2bed42ce034a15293284,0.6586826347305389,False,0.0
8,9,"not_(less_than_or_equal(add(x[5],x[5]),sub(add(mul(mul(x[5],add(x[3],x[7])),x[3]),x[7]),x[5])))",False,,,76e2a2972bc8880500e9752ec29ce3eb,0.33532934131736525,False,0.0
8,9,"less_than_or_equal(x[7],add(x[2],x[2]))",False,,,6a39579802a38e0b69a0ec3c10873b87,0.46706586826347307,False,0.0
8,9,"not_(less_than_or_equal(pdiv(x[5],x[5]),add(x[5],x[5])))",True,"not_(less_than_or_equal(pdiv(x[5],x[5]),add(x[5],x[5])))",0.4491017964071856,2218a51fb25443ecfeb7d4f388f41f4b,0.4491017964071856,False,0.0
8,9,"not_(greater_than_or_equal(mul(sub(37.47,add(add(x[0],x[2]),x[5])),sub(x[2],04.75)), sub(x[7],x[7])))",True,"less_than_or_equal(x[2],x[2])",0.35928143712574845,bd082d42dcba8056510101f18394b575,0.35928143712574845,False,0.0
8,9,"greater_than_or_equal(x[5], mul(x[7],add(x[7],pdiv(x[5],x[5]))))",True,"greater_than_or_equal(x[5], mul(x[7],add(x[7],pdiv(69.44,sub(x[3],x[3])))))",0.33532934131736525,0f74d2b510468dfb01b807a5013ba7de,0.33532934131736525,False,0.0
8,9,"less_than_or_equal(add(mul(x[7],pdiv(x[5],x[5])),x[2]),add(sub(x[7],x[7]),pdiv(69.44,sub(x[3],x[7]))))",True,"greater_than_or_equal(x[3], x[7])",0.33532934131736525,176c0c35833bc4ae980b10cd773d9ebc,0.33532934131736525,False,0.0
8,9,"not_(less_than_or_equal(pdiv(x[5],mul(x[5],add(x[7],pdiv(x[0],x[3])))),add(add(x[5],x[7]),sub(x[7],x[5]))))",False,,,5359b5c77b1a7cd0782993710323fd7b,0.2574850299401198,False,0.0
8,9,"not_(less_than_or_equal(pdiv(80.93,x[2]),add(pdiv(pdiv(x[5],x[5]),add(x[5],x[2])),pdiv(x[5],x[5]))))",True,"less_than_or_equal(pdiv(sub(x[0],x[0]),sub(x[0],x[2])),x[0])",0.38323353293413176,d0734af37aab8e9b6c733bcf8f431f61,0.38323353293413176,False,0.0
8,9,"greater_than_or_equal(x[0], add(pdiv(x[2],x[2]),mul(x[7],mul(x[3],x[3]))))",True,not_(x[6]),0.6347305389221557,b4068ba57b63c959651c969331c4b5cd,0.6407185628742516,True,0.005988023952095856
8,9,"greater_than_or_equal(sub(x[5],sub(x[7],x[5])), sub(x[2],x[2]))",True,"less_than_or_equal(x[7],add(x[5],x[5]))",0.32335329341317365,542362c77455f34e5ae6b91dd7242715,0.32335329341317365,False,0.0
8,9,"greater_than_or_equal(x[5], add(add(pdiv(x[5],mul(x[5],add(pdiv(x[2],30.95),mul(x[0],x[7])))),add(x[7],pdiv(x[3],x[5]))),x[2]))",True,not_(x[6]),0.6347305389221557,b4068ba57b63c959651c969331c4b5cd,0.6407185628742516,True,0.005988023952095856
8,9,"greater_than_or_equal(pdiv(x[5],x[7]), x[7])",True,"not_(less_than_or_equal(x[5],mul(x[7],x[7])))",0.3532934131736527,6208c2f2bc232c7eeeb665b7dcc66661,0.3532934131736527,False,0.0
8,9,"not_(less_than_or_equal(pdiv(mul(pdiv(add(x[2],x[5]),sub(x[5],x[5])),add(x[2],x[2])),x[0]),add(add(x[2],x[3]),add(x[2],x[5]))))",False,,,cddba8fef2cf2ca8333479ee4be5df7a,0.5988023952095809,False,0.0
8,9,"greater_than_or_equal(sub(pdiv(x[5],mul(x[5],add(x[3],x[5]))),mul(x[7],pdiv(x[7],pdiv(x[0],x[3])))), add(add(x[5],x[7]),sub(x[7],x[5])))",False,,,047376bc93df464c16981920d1b64485,0.33532934131736525,False,0.0
8,9,"greater_than_or_equal(sub(x[0],x[0]), x[7])",True,not_(x[6]),0.6347305389221557,b4068ba57b63c959651c969331c4b5cd,0.6407185628742516,True,0.005988023952095856
8,9,"greater_than_or_equal(x[5], add(x[5],x[2]))",True,"greater_than_or_equal(pdiv(mul(x[5],x[2]),pdiv(x[2],x[5])), add(sub(x[7],x[7]),add(x[5],x[0])))",0.6107784431137724,ec48eb4aba9f475884bcf9e8f28adadc,0.6167664670658682,True,0.005988023952095856
8,9,"not_(greater_than_or_equal(mul(x[7],x[2]), x[2]))",False,,,48458053a63dae7bed8287a6fbc4cad8,0.41916167664670656,False,0.0
8,9,"not_(less_than_or_equal(pdiv(x[5],x[5]),add(x[5],x[0])))",True,"not_(less_than_or_equal(pdiv(x[5],x[5]),add(x[5],x[0])))",0.3053892215568862,00c19a3fd72854100569949b11521f0b,0.3053892215568862,False,0.0
8,9,"greater_than_or_equal(94.79, pdiv(x[5],add(75.09,add(x[7],pdiv(x[5],x[3])))))",True,"less_than_or_equal(x[2],x[2])",0.35928143712574845,bd082d42dcba8056510101f18394b575,0.35928143712574845,False,0.0
8,9,"not_(less_than_or_equal(pdiv(x[5],x[5]),x[3]))",True,"not_(less_than_or_equal(pdiv(x[5],x[5]),x[3]))",0.3413173652694611,05e1f3d74f96ed02168c5462d1f8f406,0.3413173652694611,False,0.0
8,9,"greater_than_or_equal(add(00.89,add(x[2],x[3])), mul(x[7],sub(x[7],x[5])))",True,"less_than_or_equal(x[2],x[2])",0.35928143712574845,bd082d42dcba8056510101f18394b575,0.35928143712574845,False,0.0
8,9,"greater_than_or_equal(x[5], sub(x[7],pdiv(x[0],pdiv(add(x[2],x[2]),pdiv(mul(x[5],mul(x[7],sub(x[5],x[3]))),sub(pdiv(sub(x[7],x[7]),mul(x[2],add(sub(x[7],sub(x[5],x[7])),x[3]))),x[0]))))))",False,,,046afb1e45c9481c8225926ac2063980,0.31137724550898205,False,0.0
8,9,"less_than_or_equal(sub(x[7],x[7]),pdiv(x[5],x[3]))",True,"less_than_or_equal(x[2],x[2])",0.35928143712574845,bd082d42dcba8056510101f18394b575,0.35928143712574845,False,0.0
8,9,"not_(less_than_or_equal(pdiv(x[5],x[5]),add(pdiv(x[7],add(pdiv(x[5],x[2]),x[3])),mul(x[7],sub(x[7],x[5])))))",True,"not_(less_than_or_equal(pdiv(x[5],x[5]),add(pdiv(x[7],add(pdiv(x[5],x[2]),x[3])),mul(x[7],sub(x[7],x[5])))))",0.34730538922155685,3110358437505ba581a6eacaae771cc4,0.34730538922155685,False,0.0
8,9,"not_(less_than_or_equal(pdiv(x[5],x[5]),x[5]))",True,"not_(less_than_or_equal(pdiv(x[5],x[5]),x[5]))",0.31137724550898205,774eb80249c37c32f486ae194a31e639,0.31137724550898205,False,0.0
8,9,"not_(less_than_or_equal(pdiv(add(x[5],x[2]),add(pdiv(pdiv(x[5],x[5]),add(x[3],x[7])),mul(x[7],x[5]))),x[3]))",False,,,a3de281c42e518766a378c4abb59a4be,0.562874251497006,False,0.0
8,9,"greater_than_or_equal(pdiv(pdiv(x[5],add(x[5],x[0])),add(x[5],x[5])), x[3])",False,,,3dda9bd319fedfb99d84def258872475,0.3532934131736527,False,0.0
8,9,"greater_than_or_equal(pdiv(x[5],x[5]), add(x[2],x[5]))",True,"not_(less_than_or_equal(pdiv(x[5],x[5]),add(x[5],x[2])))",0.2455089820359282,5825d6d8d32996f2f81bb41cc0bfa92f,0.2455089820359282,False,0.0
8,9,"not_(less_than_or_equal(x[3],x[7]))",True,"greater_than_or_equal(x[3], x[7])",0.33532934131736525,176c0c35833bc4ae980b10cd773d9ebc,0.33532934131736525,False,0.0
8,9,"greater_than_or_equal(x[5], x[3])",True,"less_than_or_equal(mul(sub(x[7],x[0]),pdiv(x[7],25.93)),pdiv(x[7],sub(mul(x[3],x[5]),mul(x[3],x[3]))))",0.5089820359281437,8ad7ccd0e2bcf51cfea619f1321f2792,0.5089820359281437,False,0.0
8,9,"less_than_or_equal(mul(sub(x[7],x[3]),pdiv(add(pdiv(x[2],pdiv(x[3],x[5])),x[5]),add(add(x[2],x[2]),add(sub(x[7],x[7]),pdiv(x[5],x[2]))))),x[7])",False,,,4885b154c382dd573f65807420a976af,0.3173652694610778,False,0.0
8,9,"not_(less_than_or_equal(pdiv(x[5],add(x[2],x[5])),x[3]))",True,"not_(less_than_or_equal(pdiv(x[5],x[3]),add(x[5],x[2])))",0.33532934131736525,19e0b26b04f63034b8102da698d0b3b7,0.33532934131736525,False,0.0
8,9,"greater_than_or_equal(x[3], sub(x[2],pdiv(x[5],pdiv(add(x[2],x[2]),pdiv(x[5],x[5])))))",True,"greater_than_or_equal(x[3], sub(x[2],pdiv(x[5],pdiv(add(x[2],x[2]),pdiv(x[5],x[5])))))",0.32335329341317365,265e563e93a6414a780402156ac46c51,0.32335329341317365,False,0.0
8,9,"not_(less_than_or_equal(pdiv(x[3],sub(x[7],x[7])),pdiv(x[5],x[2])))",True,"less_than_or_equal(x[5],x[2])",0.652694610778443,6fb17002302e404122653cf2c68db553,0.652694610778443,False,0.0
8,9,"not_(less_than_or_equal(pdiv(x[5],x[5]),add(x[5],x[2])))",True,"not_(less_than_or_equal(pdiv(x[5],x[5]),add(x[5],x[2])))",0.2455089820359282,5825d6d8d32996f2f81bb41cc0bfa92f,0.2455089820359282,False,0.0
8,9,"not_(less_than_or_equal(pdiv(x[3],sub(x[7],x[3])),pdiv(add(x[3],x[2]),add(x[5],mul(sub(x[5],x[5]),sub(add(08.46,x[3]),add(pdiv(x[5],x[7]),sub(x[7],x[5]))))))))",False,,,7897b97c801945fa4aedbfe74212063d,0.6107784431137724,False,0.0
8,9,"not_(greater_than_or_equal(mul(x[0],x[5]), x[2]))",True,"not_(less_than_or_equal(pdiv(x[2],x[5]),x[0]))",0.43113772455089816,ddece2f7f2379f78766f7d9b51795231,0.43113772455089816,False,0.0
8,9,"greater_than_or_equal(x[3], x[7])",True,"greater_than_or_equal(x[3], x[7])",0.33532934131736525,176c0c35833bc4ae980b10cd773d9ebc,0.33532934131736525,False,0.0
8,9,"greater_than_or_equal(x[3], mul(x[3],mul(x[2],x[2])))",True,"not_(greater_than_or_equal(mul(x[7],x[2]), x[7]))",0.34730538922155685,f69cf4961d82af0c72c0014d2a401904,0.34730538922155685,False,0.0
8,9,"less_than_or_equal(add(x[7],x[0]),x[2])",False,,,3d21c265981cf66bca30bbf040098be4,0.5868263473053892,False,0.0
8,9,"greater_than_or_equal(add(sub(x[7],x[7]),add(x[5],x[2])), add(x[7],x[0]))",False,,,325301e8770ea858fcb0a0cd3f190977,0.3892215568862275,False,0.0
8,9,"greater_than_or_equal(x[3], mul(add(x[0],x[0]),x[7]))",False,,,81c7b930face7689b4a68a6927380ea9,0.3413173652694611,False,0.0
8,9,"not_(greater_than_or_equal(mul(add(x[5],x[5]),x[2]), add(sub(x[2],x[7]),mul(x[5],x[5]))))",False,,,3af13b056d4c94636ce7f5067879cfc2,0.37125748502994016,False,0.0
8,9,"not_(less_than_or_equal(pdiv(x[5],x[5]),add(add(x[2],mul(x[0],x[0])),x[2])))",False,,,5b7073f0f7d1cd34c01aac7164c51043,0.2574850299401198,False,0.0
8,9,"greater_than_or_equal(x[3], mul(add(x[7],x[5]),x[2]))",False,,,b5fd2329b3d37d3741067324fc482215,0.29940119760479045,False,0.0
8,9,"not_(greater_than_or_equal(mul(sub(37.47,add(add(x[0],x[2]),x[5])),sub(x[2],x[5])), add(x[2],x[0])))",False,,,b3389d7af119ff5f849a8732b663cdab,0.3532934131736527,False,0.0
8,9,"greater_than_or_equal(sub(pdiv(mul(add(x[7],mul(x[3],pdiv(x[5],mul(x[5],add(x[3],x[7]))))),x[3]),x[3]),mul(x[5],add(x[2],x[5]))), x[5])",False,,,890d32552e12dda418f65ad4ee6f29c6,0.437125748502994,False,0.0
8,9,"greater_than_or_equal(add(mul(x[3],x[7]),pdiv(x[0],x[3])), x[7])",False,,,a6d7744e230830110eba19df4b7e7029,0.5868263473053892,False,0.0
8,9,"less_than_or_equal(x[7],sub(x[7],90.16))",True,not_(x[6]),0.6347305389221557,b4068ba57b63c959651c969331c4b5cd,0.6407185628742516,True,0.005988023952095856
8,9,"greater_than_or_equal(x[5], mul(x[7],add(x[7],add(x[5],x[5]))))",False,,,a038f8d3b10c3c815b439c1f1dfae0a8,0.31137724550898205,False,0.0
8,9,"less_than_or_equal(x[7],add(x[5],mul(x[5],add(x[0],mul(x[2],add(sub(x[7],x[7]),pdiv(x[5],x[3])))))))",False,,,a975ef39d5e71298c1adb6fb64cb8fad,0.34730538922155685,False,0.0
8,9,"not_(greater_than_or_equal(add(x[5],x[5]), pdiv(pdiv(pdiv(x[7],x[2]),mul(x[3],x[2])),add(pdiv(x[3],pdiv(add(x[3],x[5]),add(x[5],30.93))),x[2]))))",False,,,13c74ccadc072139a366ea61c999a5e3,0.46706586826347307,False,0.0
8,9,"not_(less_than_or_equal(pdiv(x[2],37.25),mul(x[0],x[7])))",False,,,33b389bad5635f049bd0bf4b2fea014b,0.4131736526946108,False,0.0
8,9,"greater_than_or_equal(x[3], x[7])",True,"greater_than_or_equal(x[3], x[7])",0.33532934131736525,176c0c35833bc4ae980b10cd773d9ebc,0.33532934131736525,False,0.0
8,9,"greater_than_or_equal(x[5], sub(x[7],pdiv(x[0],pdiv(add(x[2],x[2]),pdiv(mul(x[5],mul(x[7],sub(x[3],x[7]))),pdiv(x[0],x[3]))))))",False,,,d98dec70d2b72c4a78f2dd942fd6dd61,0.3532934131736527,False,0.0
8,9,"greater_than_or_equal(x[5], mul(pdiv(x[3],x[7]),mul(x[7],pdiv(x[3],x[7]))))",True,"less_than_or_equal(pdiv(x[3],x[7]),pdiv(x[5],x[3]))",0.6227544910179641,e170eeab867b7c50ea1966a9ea10e5b9,0.6227544910179641,False,0.0
8,9,"greater_than_or_equal(x[5], add(x[7],mul(add(sub(x[7],x[5]),x[5]),add(x[3],x[7]))))",True,"greater_than_or_equal(x[5], mul(x[7],add(x[7],add(x[3],x[7]))))",0.31137724550898205,92552161c5d20d1b9aa117454bb6ae16,0.3772455089820359,True,0.06586826347305386
8,9,"greater_than_or_equal(mul(pdiv(x[5],mul(x[5],add(x[3],x[7]))),x[0]), x[0])",False,,,310df12b076c8e0a133257b467fe5213,0.28742514970059885,False,0.0
8,9,"not_(greater_than_or_equal(pdiv(x[5],x[5]), add(pdiv(x[5],add(pdiv(x[5],x[2]),pdiv(x[5],x[5]))),add(x[5],x[2]))))",False,,,6ae91d3bafe7919a680ad16804a25787,0.7005988023952097,False,0.0
8,9,"not_(less_than_or_equal(x[3],mul(x[7],pdiv(x[5],add(mul(x[5],add(x[2],x[5])),x[5])))))",False,,,21d9f8c92a3d031321da4be63bbc2a40,0.34730538922155685,False,0.0
8,9,"not_(greater_than_or_equal(mul(x[7],add(x[3],x[3])), x[5]))",False,,,21dfd395723705053ccbb05cf6fc70b7,0.33532934131736525,False,0.0
8,9,"greater_than_or_equal(x[3], x[7])",True,"greater_than_or_equal(x[3], x[7])",0.33532934131736525,176c0c35833bc4ae980b10cd773d9ebc,0.33532934131736525,False,0.0
8,9,"not_(greater_than_or_equal(mul(x[7],add(x[5],x[7])), add(pdiv(mul(x[2],x[7]),add(x[5],x[2])),add(sub(x[7],x[7]),pdiv(x[5],x[3])))))",False,,,4e1eb85b93ee55c5515573768b5cde2d,0.34730538922155685,False,0.0
8,9,"less_than_or_equal(add(add(x[7],x[2]),sub(x[2],x[3])),add(pdiv(x[5],pdiv(add(x[2],x[7]),x[3])),pdiv(x[5],x[5])))",False,,,55283168e250d99787ba43a2e366e5e5,0.281437125748503,False,0.0
8,9,"greater_than_or_equal(x[3], add(sub(x[7],x[5]),sub(mul(add(add(x[7],x[2]),x[3]),x[5]),x[5])))",False,,,23bb00693d610d847c0f5b3559b4b274,0.281437125748503,False,0.0
8,9,"greater_than_or_equal(x[5], mul(x[7],x[7]))",True,"not_(less_than_or_equal(x[5],mul(x[7],x[7])))",0.3532934131736527,6208c2f2bc232c7eeeb665b7dcc66661,0.3532934131736527,False,0.0
8,9,"greater_than_or_equal(pdiv(x[5],add(x[2],x[2])), x[5])",True,"not_(less_than_or_equal(pdiv(x[5],x[5]),add(x[2],x[2])))",0.25149700598802394,b1dd33075a09479c47bb17a355eef7af,0.25149700598802394,False,0.0
8,9,"not_(less_than_or_equal(pdiv(x[5],x[5]),x[2]))",True,"not_(greater_than_or_equal(mul(x[7],x[2]), x[7]))",0.34730538922155685,f69cf4961d82af0c72c0014d2a401904,0.34730538922155685,False,0.0
8,9,"less_than_or_equal(mul(add(x[2],x[5]),sub(x[2],x[0])),add(x[0],add(mul(x[7],pdiv(x[5],x[5])),x[7])))",False,,,745ad88236691686bd98aec164bb03b4,0.37125748502994016,False,0.0
8,9,"greater_than_or_equal(add(pdiv(x[7],x[2]),x[2]), x[5])",False,,,bcad89a5c89e45d4b9ae9333253c1aa4,0.3772455089820359,False,0.0
8,9,"not_(less_than_or_equal(mul(x[5],x[5]),add(mul(mul(sub(x[5],x[7]),mul(mul(x[0],x[3]),x[7])),sub(mul(x[7],pdiv(add(x[5],x[2]),x[5])),x[5])),x[3])))",False,,,cd2789d539c7ec5b6630803980c0aeec,0.6167664670658682,False,0.0
8,9,"less_than_or_equal(add(mul(x[7],pdiv(x[7],sub(add(x[2],x[2]),add(pdiv(x[5],x[2]),x[0])))),x[5]),add(x[0],x[7]))",False,,,72a6504d66c05b3f2e07b906d2b46f72,0.5688622754491017,False,0.0
8,9,"not_(less_than_or_equal(pdiv(x[7],x[7]),sub(x[2],sub(mul(x[3],x[7]),x[0]))))",False,,,0b63becbe1fd4d00ad0710f019092072,0.35928143712574845,False,0.0
8,9,"greater_than_or_equal(add(x[5],x[0]), x[0])",True,"less_than_or_equal(x[2],x[2])",0.35928143712574845,bd082d42dcba8056510101f18394b575,0.35928143712574845,False,0.0
8,9,"not_(less_than_or_equal(pdiv(x[5],x[7]),mul(add(x[2],x[2]),89.74)))",False,,,b43cb00a20044ea1c11cc702bd218446,0.6047904191616766,False,0.0
8,9,"less_than_or_equal(add(mul(x[7],mul(x[5],x[5])),x[5]),mul(x[3],x[3]))",False,,,71b78ecf0805459ffa449b7c40066107,0.6227544910179641,False,0.0
8,9,"greater_than_or_equal(94.79, pdiv(x[5],add(75.19,add(46.46,x[5]))))",True,"less_than_or_equal(x[2],x[2])",0.35928143712574845,bd082d42dcba8056510101f18394b575,0.35928143712574845,False,0.0
8,9,"less_than_or_equal(mul(add(x[7],sub(x[5],x[5])),pdiv(x[2],x[5])),sub(pdiv(add(x[2],x[2]),add(pdiv(x[5],pdiv(x[7],x[2])),x[5])),x[0]))",True,"less_than_or_equal(mul(add(x[7],sub(x[5],x[5])),pdiv(x[2],x[5])),sub(pdiv(add(x[2],x[2]),add(pdiv(x[5],pdiv(x[7],x[2])),x[5])),x[0]))",0.34730538922155685,6998d1c34236c9920f07b58ab5cc8fb4,0.34730538922155685,False,0.0
8,9,"not_(less_than_or_equal(pdiv(x[3],sub(x[7],x[7])),add(x[5],x[5])))",True,"not_(less_than_or_equal(pdiv(x[5],x[5]),add(x[5],x[5])))",0.4491017964071856,2218a51fb25443ecfeb7d4f388f41f4b,0.4491017964071856,False,0.0
8,9,"greater_than_or_equal(pdiv(x[5],pdiv(add(x[2],x[2]),add(x[7],x[0]))), x[2])",False,,,277766ce2f69669e2d8790cfc7d7a301,0.39520958083832336,False,0.0
8,9,"not_(less_than_or_equal(pdiv(x[5],x[5]),mul(sub(mul(add(sub(x[7],x[7]),add(pdiv(pdiv(x[5],sub(mul(x[3],x[5]),x[5])),x[3]),add(x[7],x[0]))),x[2]),x[0]),add(add(x[2],x[3]),add(x[2],x[5])))))",True,"not_(less_than_or_equal(pdiv(x[5],x[5]),mul(x[2],add(sub(x[7],x[7]),add(pdiv(pdiv(x[3],sub(mul(x[3],x[5]),x[5])),x[3]),add(x[7],x[0]))))))",0.35928143712574845,77e2471a5ac83931e3439de62f3a457a,0.35928143712574845,False,0.0
8,9,"greater_than_or_equal(x[3], x[7])",True,"greater_than_or_equal(x[3], x[7])",0.33532934131736525,176c0c35833bc4ae980b10cd773d9ebc,0.33532934131736525,False,0.0
8,9,"greater_than_or_equal(pdiv(add(x[2],x[3]),add(pdiv(x[5],pdiv(mul(x[2],x[7]),x[3])),pdiv(x[5],x[5]))), pdiv(mul(x[2],x[2]),mul(x[5],x[5])))",False,,,665eca32ddecbf6b4d688fd5647f5efd,0.5389221556886228,False,0.0
8,9,"less_than_or_equal(add(add(x[7],x[2]),x[5]),add(x[7],pdiv(mul(x[5],x[2]),add(x[5],x[2]))))",True,not_(x[6]),0.6347305389221557,b4068ba57b63c959651c969331c4b5cd,0.6407185628742516,True,0.005988023952095856
8,9,"less_than_or_equal(x[7],add(x[0],sub(pdiv(x[5],x[5]),x[2])))",False,,,010020755dd2fe1d527c341fbb397fbf,0.25149700598802394,False,0.0
8,9,"not_(less_than_or_equal(pdiv(x[5],x[7]),pdiv(x[5],x[5])))",True,"greater_than_or_equal(x[5], x[7])",0.3892215568862275,ca29d589a2290a0489371628a6b32bf4,0.3892215568862275,False,0.0
8,9,"not_(less_than_or_equal(x[5],mul(sub(x[7],x[7]),add(mul(mul(x[2],add(x[7],x[0])),x[2]),x[0]))))",True,"less_than_or_equal(x[2],x[2])",0.35928143712574845,bd082d42dcba8056510101f18394b575,0.3652694610778443,True,0.005988023952095856
8,9,"not_(less_than_or_equal(pdiv(x[5],x[5]),add(pdiv(pdiv(x[5],x[5]),add(x[2],x[2])),pdiv(x[3],add(pdiv(x[3],pdiv(x[0],x[5])),x[5])))))",True,"greater_than_or_equal(x[2], pdiv(pdiv(x[3],sub(x[7],x[7])),add(x[5],x[2])))",0.6946107784431137,2936c43406fca085ff3cc4bf24ba26fb,0.6946107784431137,False,0.0
8,9,"not_(greater_than_or_equal(pdiv(x[2],add(pdiv(pdiv(x[5],x[5]),add(x[3],x[7])),mul(x[7],x[5]))), x[3]))",False,,,58f61e7bcb0e81ab5c4e3f5ddfa77257,0.29940119760479045,False,0.0
8,9,"not_(less_than_or_equal(pdiv(x[0],x[5]),add(x[0],x[3])))",False,,,a19f244739d96f17394e71b3ed094788,0.592814371257485,False,0.0
8,9,"greater_than_or_equal(add(pdiv(mul(add(x[2],x[2]),x[7]),mul(x[5],x[5])),mul(x[5],x[3])), add(77.79,pdiv(x[3],x[3])))",False,,,ab41e9fce0753872bf251a53f8e7d5c0,0.6646706586826348,False,0.0
8,9,"not_(less_than_or_equal(x[5],x[7]))",True,"greater_than_or_equal(x[5], x[7])",0.3892215568862275,ca29d589a2290a0489371628a6b32bf4,0.3892215568862275,False,0.0
8,9,"less_than_or_equal(mul(mul(x[7],x[7]),mul(x[2],add(pdiv(x[3],x[7]),x[0]))),x[5])",True,"not_(greater_than_or_equal(mul(x[7],add(x[5],x[7])), add(pdiv(mul(x[2],add(x[5],x[5])),x[2]),add(sub(x[7],x[7]),pdiv(x[5],x[3])))))",0.32335329341317365,6879d8556cd3538b7aad64e5d345873a,0.32335329341317365,False,0.0
8,9,"not_(less_than_or_equal(x[2],x[3]))",True,"not_(less_than_or_equal(pdiv(x[5],x[5]),add(x[2],sub(pdiv(x[3],x[2]),add(mul(x[2],x[7]),mul(x[2],x[3]))))))",0.6586826347305389,97992d1c6392ce2361e75a580fad0a69,0.6347305389221557,True,-0.0239520958083832
8,9,"not_(less_than_or_equal(pdiv(x[5],x[5]),add(pdiv(x[3],sub(x[7],x[7])),add(x[5],x[2]))))",True,not_(x[6]),0.6347305389221557,b4068ba57b63c959651c969331c4b5cd,0.6407185628742516,True,0.005988023952095856
8,9,"less_than_or_equal(x[5],mul(x[7],add(x[7],x[2])))",False,,,8c52beebfa12f686cbcfb2b624ae259f,0.7544910179640718,False,0.0
8,9,"greater_than_or_equal(mul(mul(x[7],add(x[5],x[5])),x[2]), add(sub(x[3],x[7]),pdiv(69.44,add(x[3],x[3]))))",True,not_(x[6]),0.6347305389221557,b4068ba57b63c959651c969331c4b5cd,0.6407185628742516,True,0.005988023952095856
8,9,"greater_than_or_equal(add(pdiv(x[7],x[7]),sub(x[5],mul(x[5],19.97))), x[2])",True,"less_than_or_equal(sub(pdiv(x[5],x[2]),mul(x[7],x[0])),mul(mul(x[3],x[2]),sub(x[5],x[2])))",0.6467065868263473,64a044af0d7ad5746f97e0885e2b3f57,0.6347305389221557,True,-0.0119760479041916
8,9,"greater_than_or_equal(x[3], mul(x[7],mul(add(sub(x[7],x[5]),x[5]),x[5])))",True,"greater_than_or_equal(pdiv(add(x[5],x[2]),sub(x[5],x[5])), mul(mul(x[5],x[7]),pdiv(x[7],x[3])))",0.3413173652694611,f65c24e134a734a89a26a00dcb1d98d5,0.34730538922155685,True,0.0059880239520957446
8,9,"greater_than_or_equal(x[5], sub(x[7],mul(x[5],pdiv(pdiv(add(x[3],x[7]),x[0]),x[2]))))",True,"less_than_or_equal(sub(mul(x[2],x[7]),mul(x[0],x[7])),x[5])",0.34730538922155685,67e5c7a497be3e968ea5c2bd6433af6d,0.3413173652694611,True,-0.0059880239520957446
8,9,"less_than_or_equal(add(add(x[7],x[2]),sub(x[2],x[3])),add(pdiv(x[5],pdiv(mul(x[2],x[7]),x[7])),pdiv(x[5],x[5])))",True,"less_than_or_equal(add(add(x[7],x[2]),sub(x[2],x[3])),add(add(sub(x[7],x[7]),pdiv(x[5],x[5])),pdiv(x[5],x[2])))",0.32335329341317365,4e8a2912a169764fd2f0f40babfc5db3,0.32335329341317365,False,0.0
8,9,"less_than_or_equal(add(mul(x[7],pdiv(x[5],x[5])),x[2]),add(sub(x[7],x[7]),pdiv(69.44,sub(x[3],x[3]))))",True,"less_than_or_equal(add(mul(x[7],pdiv(x[5],x[5])),x[2]),add(sub(x[7],x[7]),pdiv(69.44,sub(x[3],x[3]))))",0.19161676646706582,14c6e007ad625f3839f568e9ee8a86e1,0.1428571428571429,True,-0.04875962360992292
8,10,"greater_than_or_equal(x[5], x[5])",True,"less_than_or_equal(x[2],x[2])",0.35928143712574845,bd082d42dcba8056510101f18394b575,0.35928143712574845,False,0.0
8,10,"less_than_or_equal(mul(sub(add(x[7],x[0]),x[2]),x[3]),add(add(x[2],x[7]),x[3]))",True,"less_than_or_equal(x[2],x[2])",0.35928143712574845,bd082d42dcba8056510101f18394b575,0.35928143712574845,False,0.0
8,10,"less_than_or_equal(x[5],x[7])",True,"greater_than_or_equal(x[7], x[5])",0.6107784431137724,793f9fa4aca1502cfe0a9ed6ab91b83c,0.6107784431137724,False,0.0
8,10,"less_than_or_equal(mul(mul(x[2],mul(x[0],mul(x[3],x[7]))),add(x[5],x[2])),add(sub(x[7],add(x[5],mul(x[5],x[5]))),add(x[5],mul(x[0],x[7]))))",False,,,412b01e6baaa38033ade71c9a5cd81aa,0.5209580838323353,False,0.0
8,10,"greater_than_or_equal(sub(pdiv(x[3],x[7]),x[2]), add(x[5],x[2]))",False,,,1e8943a554b084e298535ce32448aca2,0.281437125748503,False,0.0
8,10,"less_than_or_equal(x[7],add(x[0],sub(x[7],x[2])))",True,"greater_than_or_equal(x[0], x[2])",0.5329341317365269,f30904201255a44726c2f25803948202,0.5329341317365269,False,0.0
8,10,"greater_than_or_equal(pdiv(09.89,add(x[2],x[3])), mul(x[7],pdiv(x[5],x[5])))",True,"less_than_or_equal(x[2],x[2])",0.35928143712574845,bd082d42dcba8056510101f18394b575,0.35928143712574845,False,0.0
8,10,"less_than_or_equal(mul(pdiv(x[7],x[7]),mul(x[7],add(pdiv(x[3],x[7]),x[5]))),sub(x[2],add(x[5],x[2])))",True,not_(x[6]),0.6347305389221557,b4068ba57b63c959651c969331c4b5cd,0.6407185628742516,True,0.005988023952095856
8,10,"not_(less_than_or_equal(pdiv(x[5],pdiv(mul(x[5],x[2]),pdiv(x[0],x[0]))),x[0]))",True,"less_than_or_equal(x[2],x[2])",0.35928143712574845,bd082d42dcba8056510101f18394b575,0.35928143712574845,False,0.0
8,10,"not_(less_than_or_equal(x[3],x[5]))",True,"not_(less_than_or_equal(x[3],x[5]))",0.49101796407185627,afe2b4bc33e70a8895f2048551a197b2,0.49101796407185627,False,0.0
8,10,"not_(less_than_or_equal(pdiv(x[5],04.61),x[7]))",False,,,a7cacbe6ce22cd2e14b847dca3a88aa5,0.5389221556886228,False,0.0
8,10,"greater_than_or_equal(x[3], pdiv(pdiv(x[3],add(pdiv(x[3],pdiv(x[0],x[5])),x[5])),mul(sub(add(sub(pdiv(x[5],x[5]),add(x[2],x[5])),mul(x[5],add(sub(x[2],pdiv(x[5],add(x[5],mul(x[0],x[7])))),add(x[7],pdiv(x[3],x[5]))))),x[2]),x[3])))",False,,,2898f38d88e793931dd40eab5dd15e4d,0.6047904191616766,False,0.0
8,10,"not_(less_than_or_equal(pdiv(add(pdiv(sub(x[5],add(x[2],x[3])),x[5]),x[5]),add(x[2],x[5])),x[5]))",False,,,de10387ccafcf36d48c36eff4d9f2480,0.49101796407185627,False,0.0
8,10,"not_(less_than_or_equal(pdiv(x[5],x[7]),x[7]))",True,"not_(less_than_or_equal(x[5],mul(x[7],x[7])))",0.3532934131736527,6208c2f2bc232c7eeeb665b7dcc66661,0.3532934131736527,False,0.0
8,10,"greater_than_or_equal(add(pdiv(x[7],x[7]),sub(x[5],add(x[3],add(sub(x[7],sub(x[5],x[2])),x[3])))), pdiv(add(x[2],x[3]),pdiv(x[5],x[5])))",False,,,67ed3fd99215cf805a115fda2dccc685,0.45508982035928147,False,0.0
8,10,"not_(greater_than_or_equal(mul(x[7],x[0]), x[0]))",True,"not_(greater_than_or_equal(mul(x[0],x[7]), x[0]))",0.6227544910179641,ea5b05ce8c5185868c088fb80d2672e0,0.6227544910179641,False,0.0
8,10,"greater_than_or_equal(mul(pdiv(x[5],mul(x[5],add(pdiv(pdiv(x[3],add(x[7],x[7])),add(x[7],x[2])),x[7]))),x[3]), mul(add(pdiv(x[2],pdiv(x[3],x[5])),x[5]),add(add(x[2],x[3]),x[5])))",False,,,ecf542d9bab8fa5721dc6616ba2a1ab0,0.6766467065868264,False,0.0
8,10,"not_(less_than_or_equal(pdiv(x[5],x[5]),add(x[2],x[3])))",True,"not_(less_than_or_equal(pdiv(x[5],x[5]),add(x[2],x[3])))",0.2694610778443114,8e10ebf505ba211742b7164524309595,0.2694610778443114,False,0.0
8,10,"less_than_or_equal(x[3],x[3])",True,"less_than_or_equal(x[2],x[2])",0.35928143712574845,bd082d42dcba8056510101f18394b575,0.35928143712574845,False,0.0
8,10,"not_(less_than_or_equal(x[7],x[3]))",True,"greater_than_or_equal(x[7], x[3])",0.6646706586826348,d5925f4b2448dec895a429c6f44b5edc,0.6646706586826348,False,0.0
8,10,"not_(less_than_or_equal(pdiv(x[5],x[5]),add(x[5],x[5])))",True,"not_(less_than_or_equal(pdiv(x[5],x[5]),add(x[5],x[5])))",0.4491017964071856,2218a51fb25443ecfeb7d4f388f41f4b,0.4491017964071856,False,0.0
8,10,"not_(less_than_or_equal(pdiv(x[3],sub(x[7],x[7])),add(x[7],x[5])))",True,"not_(less_than_or_equal(pdiv(x[5],x[5]),add(x[7],x[5])))",0.32335329341317365,e44f6a949f00cb0bf86b1105d7c3453d,0.32335329341317365,False,0.0
8,10,"less_than_or_equal(x[7],add(x[2],x[2]))",True,"less_than_or_equal(x[7],add(x[2],x[2]))",0.46706586826347307,6a39579802a38e0b69a0ec3c10873b87,0.46706586826347307,False,0.0
8,10,"greater_than_or_equal(x[5], mul(x[7],add(x[5],x[5])))",True,"greater_than_or_equal(x[5], mul(x[7],add(x[5],x[5])))",0.2455089820359282,9545aae94dd0fcb8b281ddfedf2da4e6,0.2455089820359282,False,0.0
8,10,"greater_than_or_equal(x[3], x[5])",True,"less_than_or_equal(x[5],x[3])",0.5089820359281437,1d4d287fbe015bbb313f097e26f5bc37,0.5089820359281437,False,0.0
8,10,"greater_than_or_equal(x[5], mul(x[7],add(pdiv(x[7],sub(x[3],sub(pdiv(x[3],x[7]),x[7]))),add(x[5],x[2]))))",False,,,6d13139805f20561a178f778c29bad71,0.281437125748503,False,0.0
8,10,"greater_than_or_equal(x[5], x[5])",True,"less_than_or_equal(x[2],x[2])",0.35928143712574845,bd082d42dcba8056510101f18394b575,0.35928143712574845,False,0.0
8,10,"less_than_or_equal(add(mul(x[7],pdiv(x[5],x[5])),x[2]),add(sub(x[7],x[7]),pdiv(x[3],x[7])))",True,"greater_than_or_equal(add(pdiv(x[3],x[7]),sub(x[7],x[2])), add(x[7],x[7]))",0.2694610778443114,023f7e197519d8190b2d025d2b6f3f86,0.2694610778443114,False,0.0
8,10,"greater_than_or_equal(mul(x[5],add(x[5],x[2])), mul(x[7],pdiv(mul(x[5],x[5]),x[2])))",False,,,92f6286b4145e68a7192e387177b5ba4,0.47904191616766467,False,0.0
8,10,"greater_than_or_equal(x[2], x[5])",True,"less_than_or_equal(x[5],x[2])",0.652694610778443,6fb17002302e404122653cf2c68db553,0.652694610778443,False,0.0
8,10,"not_(less_than_or_equal(x[3],x[7]))",True,"greater_than_or_equal(x[3], x[7])",0.33532934131736525,176c0c35833bc4ae980b10cd773d9ebc,0.33532934131736525,False,0.0
8,10,"greater_than_or_equal(x[2], x[5])",True,"less_than_or_equal(x[5],x[2])",0.652694610778443,6fb17002302e404122653cf2c68db553,0.652694610778443,False,0.0
8,10,"not_(less_than_or_equal(pdiv(add(mul(x[5],add(48.24,pdiv(x[5],pdiv(x[5],x[5])))),x[5]),sub(x[5],x[5])),x[3]))",True,"not_(less_than_or_equal(pdiv(x[5],x[5]),x[3]))",0.3413173652694611,05e1f3d74f96ed02168c5462d1f8f406,0.3413173652694611,False,0.0
8,10,"not_(less_than_or_equal(pdiv(x[5],x[5]),add(add(x[7],add(x[2],x[3])),x[5])))",False,,,ff287a91cd024457208ff4ddf4376ead,0.5748502994011976,False,0.0
8,10,"not_(greater_than_or_equal(mul(x[7],pdiv(x[7],x[2])), add(pdiv(x[5],x[2]),add(x[2],add(x[5],x[2])))))",False,,,7e3520cb3480780c56dddf1dd8a99419,0.37125748502994016,False,0.0
8,10,"not_(less_than_or_equal(mul(x[7],add(x[3],x[2])),x[5]))",True,"not_(less_than_or_equal(pdiv(x[5],x[5]),pdiv(pdiv(x[5],x[7]),add(x[2],x[3]))))",0.688622754491018,27c35a5f6ca01acaa0ca801cda397a4e,0.688622754491018,False,0.0
8,10,"greater_than_or_equal(pdiv(x[5],x[5]), add(x[0],x[7]))",True,"greater_than_or_equal(x[3], mul(add(x[7],x[0]),x[3]))",0.31137724550898205,f5bf9aebb388af6a7cbda4724b01f693,0.31137724550898205,False,0.0
8,10,"not_(less_than_or_equal(pdiv(x[3],sub(x[7],sub(x[5],x[2]))),add(x[2],pdiv(x[5],x[5]))))",False,,,927fdbf6b258f84622b9bbf8412c30aa,0.5329341317365269,False,0.0
8,10,"not_(less_than_or_equal(pdiv(80.93,x[2]),add(pdiv(pdiv(x[5],x[5]),add(mul(x[2],add(x[7],x[0])),x[2])),x[0])))",True,"less_than_or_equal(pdiv(sub(x[0],x[0]),sub(x[0],x[2])),x[0])",0.38323353293413176,d0734af37aab8e9b6c733bcf8f431f61,0.38323353293413176,False,0.0
8,10,"greater_than_or_equal(x[3], x[7])",True,"greater_than_or_equal(x[3], x[7])",0.33532934131736525,176c0c35833bc4ae980b10cd773d9ebc,0.33532934131736525,False,0.0
8,10,"less_than_or_equal(sub(pdiv(x[3],x[7]),mul(x[0],mul(x[5],mul(x[7],add(x[7],add(x[5],x[5])))))),x[5])",False,,,ae2d8c2ccf300044262baf62ad4b3a76,0.6706586826347305,False,0.0
8,10,"less_than_or_equal(x[2],x[7])",True,"less_than_or_equal(pdiv(add(x[2],x[5]),sub(x[2],x[7])),mul(mul(x[2],x[3]),mul(x[5],x[7])))",0.4730538922155688,6a9a868ce645e54c16a03959cbdb37f6,0.4730538922155688,False,0.0
8,10,"less_than_or_equal(add(pdiv(x[3],x[2]),sub(x[2],x[3])),add(pdiv(x[5],pdiv(pdiv(x[3],x[7]),x[7])),sub(x[7],x[5])))",False,,,a8a4666d71966d80b7236b3b720c00b7,0.6586826347305389,False,0.0
8,10,"not_(less_than_or_equal(pdiv(x[5],x[5]),add(sub(x[7],pdiv(x[5],x[5])),x[2])))",True,"less_than_or_equal(x[2],x[2])",0.35928143712574845,bd082d42dcba8056510101f18394b575,0.35928143712574845,False,0.0
8,10,"less_than_or_equal(add(x[5],x[2]),sub(x[7],x[2]))",False,,,af6b69cfa134b0e732605cc8ec90ad91,0.6287425149700598,False,0.0
8,10,"greater_than_or_equal(x[5], add(30.93,x[5]))",True,not_(x[6]),0.6347305389221557,b4068ba57b63c959651c969331c4b5cd,0.6407185628742516,True,0.005988023952095856
8,10,"greater_than_or_equal(pdiv(x[2],add(sub(x[7],x[5]),add(pdiv(add(sub(mul(x[7],x[0]),x[2]),add(pdiv(x[5],pdiv(x[2],x[2])),x[5])),x[0]),x[7]))), mul(x[3],x[0]))",False,,,45af25d7a8bf51ee130d7640d4f8271f,0.4131736526946108,False,0.0
8,10,"greater_than_or_equal(x[5], sub(mul(x[5],add(x[5],x[2])),add(x[7],x[0])))",False,,,39a719f66050c296560aa6a73a70e3dd,0.3413173652694611,False,0.0
8,10,"less_than_or_equal(add(sub(x[7],pdiv(x[5],x[5])),x[2]),add(pdiv(x[7],x[7]),pdiv(x[5],x[5])))",True,"less_than_or_equal(x[2],x[2])",0.35928143712574845,bd082d42dcba8056510101f18394b575,0.35928143712574845,False,0.0
8,10,"not_(less_than_or_equal(pdiv(x[5],x[2]),x[7]))",True,"less_than_or_equal(sub(mul(x[2],x[7]),mul(x[0],x[7])),x[5])",0.34730538922155685,67e5c7a497be3e968ea5c2bd6433af6d,0.33532934131736525,True,-0.0119760479041916
8,10,"less_than_or_equal(mul(mul(x[7],x[7]),x[3]),x[3])",True,"less_than_or_equal(x[2],x[2])",0.35928143712574845,bd082d42dcba8056510101f18394b575,0.35928143712574845,False,0.0
8,10,"less_than_or_equal(mul(mul(x[7],x[3]),pdiv(x[5],x[5])),add(x[5],x[2]))",False,,,08beca5195c41a8737b77e60e6ea11a2,0.3532934131736527,False,0.0
8,10,"greater_than_or_equal(pdiv(x[5],x[3]), add(x[7],sub(x[7],sub(pdiv(add(x[5],mul(x[5],x[3])),x[0]),x[7]))))",False,,,322310b4fb64c7b807407244ac452c80,0.31137724550898205,False,0.0
8,10,"greater_than_or_equal(sub(pdiv(x[3],x[5]),pdiv(x[5],mul(x[5],add(pdiv(x[2],30.95),mul(x[0],x[7]))))), add(x[7],pdiv(x[3],x[5])))",True,not_(x[6]),0.6347305389221557,b4068ba57b63c959651c969331c4b5cd,0.6407185628742516,True,0.005988023952095856
8,10,"greater_than_or_equal(pdiv(x[5],x[5]), add(x[5],x[0]))",True,"not_(less_than_or_equal(pdiv(x[5],x[5]),add(x[5],x[0])))",0.3053892215568862,00c19a3fd72854100569949b11521f0b,0.3053892215568862,False,0.0
8,10,"greater_than_or_equal(x[7], x[7])",True,"less_than_or_equal(x[2],x[2])",0.35928143712574845,bd082d42dcba8056510101f18394b575,0.35928143712574845,False,0.0
8,10,"not_(less_than_or_equal(pdiv(x[3],sub(x[7],x[7])),add(x[7],x[5])))",True,"not_(less_than_or_equal(pdiv(x[5],x[5]),add(x[7],x[5])))",0.32335329341317365,e44f6a949f00cb0bf86b1105d7c3453d,0.32335329341317365,False,0.0
8,10,"greater_than_or_equal(mul(pdiv(add(x[0],add(x[5],mul(x[2],add(x[7],x[0])))),x[2]),x[0]), add(add(x[2],x[3]),add(x[2],x[5])))",False,,,96de4b3ace295b86017833f5c9101785,0.5868263473053892,False,0.0
8,10,"not_(less_than_or_equal(pdiv(x[3],sub(x[7],x[7])),add(x[3],pdiv(x[5],x[5]))))",True,not_(x[6]),0.6347305389221557,b4068ba57b63c959651c969331c4b5cd,0.6407185628742516,True,0.005988023952095856
8,10,"not_(greater_than_or_equal(x[7], pdiv(x[5],x[0])))",True,"not_(less_than_or_equal(pdiv(x[5],x[0]),x[7]))",0.3652694610778443,ea8626a8e726874d21afe0d0ea8293f6,0.3652694610778443,False,0.0
8,10,"less_than_or_equal(mul(mul(x[5],x[2]),add(x[5],pdiv(x[0],x[5]))),x[5])",False,,,ba980ce747408269a2325d00ee6bc47c,0.3413173652694611,False,0.0
8,10,"greater_than_or_equal(add(x[5],x[5]), add(x[7],x[3]))",False,,,c29ba2353520bda0b512c6a502d6e1b2,0.44311377245508987,False,0.0
8,10,"less_than_or_equal(add(mul(x[7],pdiv(x[5],x[5])),x[2]),add(sub(x[7],x[7]),pdiv(69.44,sub(x[3],x[5]))))",False,,,90cdb3421b6dbba9aaa9e95a1ee24e80,0.4970059880239521,False,0.0
8,10,"less_than_or_equal(add(mul(x[7],pdiv(x[3],x[7])),mul(x[5],x[3])),mul(09.32,mul(x[2],x[7])))",False,,,6b3b85b9c87b6ba0c13d7298999e4f39,0.6826347305389222,False,0.0
8,10,"less_than_or_equal(add(mul(x[7],pdiv(x[5],x[5])),x[7]),pdiv(x[5],sub(mul(x[7],add(x[5],x[5])),add(x[5],x[2]))))",False,,,f37bcf9f4d53201d83638dae7a9a5584,0.688622754491018,False,0.0
8,10,"less_than_or_equal(add(mul(x[7],pdiv(x[5],sub(x[7],x[2]))),add(pdiv(x[5],x[3]),x[2])),add(pdiv(add(x[7],pdiv(x[2],x[2])),mul(x[2],x[5])),add(mul(x[0],24.40),x[0])))",False,,,c922cc9e06f13a4085ab55ca132cf488,0.33532934131736525,False,0.0
8,10,"greater_than_or_equal(add(pdiv(x[3],x[5]),sub(x[5],add(74.75,sub(x[7],x[7])))), pdiv(69.44,sub(x[3],x[3])))",True,"less_than_or_equal(sub(pdiv(x[5],x[2]),mul(x[7],x[0])),mul(mul(x[3],x[2]),sub(x[5],x[2])))",0.6467065868263473,64a044af0d7ad5746f97e0885e2b3f57,0.6467065868263473,False,0.0
8,10,"less_than_or_equal(add(mul(x[7],pdiv(x[5],x[5])),x[2]),add(sub(x[7],x[7]),pdiv(96.70,x[7])))",True,"less_than_or_equal(x[2],x[2])",0.35928143712574845,bd082d42dcba8056510101f18394b575,0.35928143712574845,False,0.0
8,10,"less_than_or_equal(add(add(x[7],x[2]),sub(x[2],x[3])),pdiv(pdiv(x[3],pdiv(x[0],x[5])),sub(x[5],x[7])))",False,,,2ed4c5191bc47eb48a0d3f9226aa3803,0.3772455089820359,False,0.0
8,10,"greater_than_or_equal(x[5], mul(x[7],mul(add(sub(x[7],x[7]),x[7]),add(sub(x[7],sub(mul(x[7],x[0]),sub(pdiv(x[5],x[7]),x[3]))),x[5]))))",False,,,350ce304d7ec2c62c0e9ffca26c2b382,0.23952095808383234,False,0.0
8,10,"greater_than_or_equal(x[3], pdiv(add(x[7],x[5]),mul(x[5],add(x[3],x[7]))))",True,"less_than_or_equal(pdiv(mul(pdiv(x[3],x[3]),sub(x[5],x[3])),mul(pdiv(x[0],x[5]),sub(x[3],x[3]))),x[3])",0.6586826347305389,f97921da4bc12e7263893dbe645c4d9b,0.6586826347305389,False,0.0
8,10,"less_than_or_equal(add(mul(x[7],pdiv(x[5],x[5])),x[2]),add(sub(x[7],x[7]),pdiv(69.44,sub(x[3],x[5]))))",True,"less_than_or_equal(add(mul(x[7],pdiv(x[5],x[5])),x[2]),add(sub(x[7],x[7]),pdiv(69.44,sub(x[3],x[5]))))",0.4970059880239521,90cdb3421b6dbba9aaa9e95a1ee24e80,0.4970059880239521,False,0.0
8,10,"not_(less_than_or_equal(pdiv(x[0],x[0]),x[0]))",True,"less_than_or_equal(x[2],x[2])",0.35928143712574845,bd082d42dcba8056510101f18394b575,0.3652694610778443,True,0.005988023952095856
8,10,"greater_than_or_equal(x[5], pdiv(x[7],pdiv(x[0],pdiv(add(x[7],x[5]),x[2]))))",True,"less_than_or_equal(x[7],sub(mul(x[3],x[5]),mul(x[3],x[3])))",0.6227544910179641,2dd89a1e9924a644885ec3ef9f28193f,0.6347305389221557,True,0.0119760479041916
8,10,"not_(less_than_or_equal(pdiv(x[2],x[5]),x[5]))",True,"not_(less_than_or_equal(pdiv(x[2],x[5]),x[5]))",0.5688622754491017,379e3fd86c4786507474cde0c666a1a3,0.5688622754491017,False,0.0
8,10,"not_(less_than_or_equal(mul(x[7],add(x[2],x[2])),add(x[5],x[5])))",False,,,b98fd4b1abc55a8bd945f52cf650a117,0.6646706586826348,False,0.0
8,10,"greater_than_or_equal(x[2], x[7])",True,"less_than_or_equal(add(x[5],x[7]),add(x[5],x[2]))",0.5269461077844311,544b4f45aa71542bcadfaa9d165fdbeb,0.5269461077844311,False,0.0
8,10,"less_than_or_equal(pdiv(x[5],add(x[2],x[2])),pdiv(pdiv(x[2],pdiv(pdiv(x[5],x[5]),x[3])),sub(x[7],x[7])))",False,,,5623b27c5458e81cc12a0f1e0f01f121,0.5808383233532934,False,0.0
8,10,"less_than_or_equal(add(mul(x[7],pdiv(x[5],x[5])),x[2]),add(sub(x[2],x[5]),add(x[2],x[5])))",True,"less_than_or_equal(add(x[5],x[7]),add(x[5],x[2]))",0.5269461077844311,544b4f45aa71542bcadfaa9d165fdbeb,0.5269461077844311,False,0.0
8,10,"not_(less_than_or_equal(pdiv(x[5],x[7]),pdiv(pdiv(pdiv(add(pdiv(x[2],37.90),mul(x[0],x[7])),add(x[7],pdiv(x[3],x[7]))),x[3]),x[7])))",False,,,61bbbc9631b4ad34518f39274b014a8e,0.34730538922155685,False,0.0
8,10,"not_(less_than_or_equal(pdiv(x[5],x[0]),sub(x[7],x[5])))",True,"not_(less_than_or_equal(pdiv(x[5],x[0]),x[0]))",0.35928143712574845,5372ceb8b23ce5e1dd3bf5c2fc3a57aa,0.3413173652694611,True,-0.017964071856287345
8,10,"greater_than_or_equal(pdiv(pdiv(x[5],add(x[5],mul(x[5],x[5]))),x[2]), pdiv(pdiv(x[3],sub(x[7],add(x[5],x[2]))),x[2]))",False,,,0ec0e399fade76ca30c8c5365fd12189,0.3652694610778443,False,0.0
8,10,"not_(not_(greater_than_or_equal(pdiv(x[2],add(pdiv(pdiv(x[5],x[5]),add(x[3],x[7])),mul(x[3],x[5]))), x[3])))",False,,,bce0c2ccc81caaa5edd3661f26872bc0,0.7065868263473054,False,0.0
8,10,"greater_than_or_equal(pdiv(pdiv(x[5],x[5]),add(x[2],x[5])), x[5])",True,"not_(greater_than_or_equal(mul(x[5],add(x[5],x[2])), add(sub(x[7],x[7]),pdiv(x[5],x[5]))))",0.27544910179640714,66d1f1f84d146fdd572ef7ee95562584,0.27544910179640714,False,0.0
8,10,"not_(less_than_or_equal(x[2],add(x[5],x[2])))",True,not_(x[6]),0.6347305389221557,b4068ba57b63c959651c969331c4b5cd,0.6407185628742516,True,0.005988023952095856
8,10,"greater_than_or_equal(pdiv(pdiv(x[5],add(x[5],x[0])),add(x[5],x[2])), pdiv(pdiv(x[3],sub(x[7],add(pdiv(add(x[2],x[2]),add(pdiv(pdiv(x[5],x[5]),add(x[2],x[7])),x[2])),x[2]))),x[3]))",False,,,cd80091ad196d84ab794a73922cca4f6,0.4970059880239521,False,0.0
8,10,"greater_than_or_equal(x[3], mul(sub(add(x[5],x[2]),pdiv(x[3],add(pdiv(x[3],pdiv(x[0],x[5])),x[5]))),mul(sub(add(sub(pdiv(x[5],x[5]),add(x[2],x[5])),mul(x[5],add(pdiv(x[3],pdiv(x[5],add(x[5],mul(x[0],x[7])))),add(x[7],pdiv(x[3],x[5]))))),x[2]),x[3])))",False,,,2fc59488224b174833748d64c9e5c1c9,0.3293413173652695,False,0.0
8,10,"less_than_or_equal(x[7],add(x[0],sub(pdiv(x[5],x[5]),x[2])))",True,"less_than_or_equal(x[7],add(x[0],sub(pdiv(x[5],x[5]),x[2])))",0.25149700598802394,010020755dd2fe1d527c341fbb397fbf,0.25149700598802394,False,0.0
8,10,"greater_than_or_equal(x[5], mul(x[7],add(x[7],pdiv(x[7],sub(x[7],mul(mul(x[7],pdiv(x[5],add(x[0],pdiv(add(x[2],x[5]),mul(x[5],add(pdiv(x[2],30.95),mul(x[0],x[7]))))))),add(x[3],pdiv(x[3],x[5]))))))))",False,,,606ab9afbb53841efb723d8c27e684f5,0.3293413173652695,False,0.0
8,10,"greater_than_or_equal(mul(x[7],add(add(add(x[5],x[2]),x[5]),mul(x[7],add(x[7],x[2])))), x[3])",False,,,4fb106a093e2d16d733748a981978950,0.6706586826347305,False,0.0
8,10,"less_than_or_equal(mul(x[5],mul(04.49,add(x[7],x[0]))),x[2])",False,,,86c48ad3c4e0cfe1b94694ffde930da5,0.6107784431137724,False,0.0
8,10,"not_(less_than_or_equal(pdiv(x[5],x[5]),add(pdiv(x[5],add(pdiv(x[5],x[2]),x[7])),mul(24.69,mul(add(x[3],x[7]),x[5])))))",False,,,f7b9a0db390c2333ea64fb8c1debba97,0.6407185628742516,False,0.0
8,10,"greater_than_or_equal(x[5], mul(mul(x[7],pdiv(x[5],sub(x[0],x[0]))),x[7]))",True,"not_(less_than_or_equal(x[5],mul(x[7],x[7])))",0.3532934131736527,6208c2f2bc232c7eeeb665b7dcc66661,0.3532934131736527,False,0.0
8,10,"less_than_or_equal(mul(sub(x[7],x[3]),mul(add(pdiv(x[2],pdiv(x[3],x[5])),49.24),pdiv(x[5],sub(pdiv(add(x[2],x[5]),mul(add(pdiv(add(mul(x[2],30.95),add(x[0],x[7])),x[2]),add(x[7],x[0])),x[2])),x[0])))),add(add(x[2],x[3]),add(x[2],x[5])))",False,,,c892453ee9958c5d633cdeb8f31a49e6,0.44311377245508987,False,0.0
8,10,"greater_than_or_equal(x[5], mul(x[7],add(x[7],x[7])))",False,,,94282a7a6b76cc442b45c7114793e867,0.26347305389221554,False,0.0
8,10,"less_than_or_equal(add(mul(x[7],pdiv(x[7],x[5])),x[0]),add(sub(x[7],x[7]),x[2]))",False,,,d04da3db6c4aed0d742a8cbdae6396f6,0.5329341317365269,False,0.0
8,10,"greater_than_or_equal(sub(x[5],sub(x[7],x[7])), add(x[7],x[2]))",True,"greater_than_or_equal(x[5], mul(x[7],add(x[2],pdiv(x[5],x[5]))))",0.33532934131736525,bb5c1caa2e30ec7ef07b22f884640315,0.3892215568862275,True,0.053892215568862256
8,10,"not_(less_than_or_equal(sub(x[5],x[5]),add(x[2],x[2])))",True,not_(x[6]),0.6347305389221557,b4068ba57b63c959651c969331c4b5cd,0.6407185628742516,True,0.005988023952095856
8,10,"less_than_or_equal(mul(add(x[7],add(x[5],x[5])),x[5]),add(x[5],x[2]))",False,,,f85dacb919a5cb08bc8c8142a8f42c02,0.4491017964071856,False,0.0
8,10,"not_(less_than_or_equal(mul(x[5],x[5]),x[2]))",True,"greater_than_or_equal(mul(x[5],x[5]), x[2])",0.43113772455089816,27c9a0656cbf90b6dfaeb7687812c890,0.43113772455089816,False,0.0
8,10,"greater_than_or_equal(x[5], mul(x[7],mul(add(x[2],pdiv(pdiv(x[5],x[5]),add(x[5],x[2]))),pdiv(x[3],add(pdiv(x[3],pdiv(x[0],x[5])),x[5])))))",False,,,5923a2ef8a06689dc467c69f4eea4311,0.3892215568862275,False,0.0
8,10,"not_(less_than_or_equal(mul(x[7],add(x[7],x[2])),x[3]))",True,"greater_than_or_equal(mul(x[7],add(x[7],x[2])), x[3])",0.7305389221556886,564ba6911c05d2ca577278813cae940e,0.7305389221556886,False,0.0
8,10,"not_(less_than_or_equal(pdiv(x[5],pdiv(x[5],x[5])),add(pdiv(x[5],add(pdiv(x[5],x[2]),x[3])),mul(x[7],pdiv(x[3],x[5])))))",False,,,c5a9a53b7eef22c5d012684d15a7cb2c,0.4251497005988024,False,0.0
8,10,"not_(less_than_or_equal(pdiv(x[5],x[5]),add(x[7],x[2])))",True,"less_than_or_equal(add(mul(x[7],pdiv(x[5],x[5])),x[2]),add(sub(x[7],x[7]),pdiv(69.44,sub(x[3],x[3]))))",0.19161676646706582,14c6e007ad625f3839f568e9ee8a86e1,0.19161676646706582,False,0.0
8,10,"greater_than_or_equal(pdiv(add(x[2],x[5]),x[5]), mul(mul(x[5],mul(x[7],add(x[7],add(x[3],x[2])))),x[5]))",False,,,ddfad4079c5cd5762bd5dfc20a536a42,0.3532934131736527,False,0.0
8,10,"not_(less_than_or_equal(pdiv(mul(mul(x[5],add(x[5],x[7])),x[5]),x[2]),mul(x[7],pdiv(mul(x[5],x[5]),x[2]))))",True,"less_than_or_equal(x[2],x[2])",0.35928143712574845,bd082d42dcba8056510101f18394b575,0.3652694610778443,True,0.005988023952095856
8,10,"greater_than_or_equal(x[3], pdiv(x[2],pdiv(pdiv(x[2],x[5]),add(x[2],x[3]))))",False,,,b2015f56281d95ea9f9dd41eb46eddf7,0.3892215568862275,False,0.0
8,10,"not_(less_than_or_equal(pdiv(x[5],x[5]),add(x[5],x[2])))",True,"not_(less_than_or_equal(pdiv(x[5],x[5]),add(x[5],x[2])))",0.2455089820359282,5825d6d8d32996f2f81bb41cc0bfa92f,0.2455089820359282,False,0.0
8,10,"not_(less_than_or_equal(pdiv(x[5],add(add(pdiv(x[5],mul(x[2],x[2])),x[2]),x[0])),x[5]))",False,,,0f3c3808ae90b7cf26fba3f3447a5e3e,0.6467065868263473,False,0.0
8,10,"less_than_or_equal(sub(mul(add(x[2],x[2]),x[7]),mul(add(x[7],x[0]),pdiv(x[7],x[3]))),mul(x[5],add(pdiv(add(x[2],x[5]),mul(x[7],add(x[7],add(x[5],x[2])))),add(sub(x[7],x[7]),pdiv(x[5],add(x[2],x[3]))))))",True,"less_than_or_equal(sub(mul(add(x[2],x[2]),x[7]),mul(add(x[7],x[0]),pdiv(x[7],x[3]))),mul(x[5],add(pdiv(add(x[2],x[5]),mul(x[7],add(x[7],add(x[5],x[2])))),add(sub(x[7],x[7]),pdiv(x[5],x[3])))))",0.3413173652694611,191b22841cabdcab3be727f8f943393a,0.3413173652694611,False,0.0
8,10,"greater_than_or_equal(x[5], sub(24.96,x[7]))",True,not_(x[6]),0.6347305389221557,b4068ba57b63c959651c969331c4b5cd,0.6407185628742516,True,0.005988023952095856
8,10,"not_(less_than_or_equal(add(x[5],x[5]),add(x[7],x[5])))",True,"greater_than_or_equal(x[5], x[7])",0.3892215568862275,ca29d589a2290a0489371628a6b32bf4,0.3892215568862275,False,0.0
8,10,"not_(less_than_or_equal(pdiv(x[5],x[5]),add(x[7],add(x[5],x[2]))))",False,,,8cf561ba4c6eb87a09aeba55043ea0f9,0.43113772455089816,False,0.0
8,10,"not_(less_than_or_equal(pdiv(pdiv(x[3],x[7]),x[2]),pdiv(x[2],x[7])))",True,"greater_than_or_equal(x[3], mul(x[2],x[2]))",0.29940119760479045,f9a2f88449cc4dfd0e32181378779277,0.29940119760479045,False,0.0
8,10,"not_(less_than_or_equal(pdiv(x[5],x[5]),x[5]))",True,"not_(less_than_or_equal(pdiv(x[5],x[5]),x[5]))",0.31137724550898205,774eb80249c37c32f486ae194a31e639,0.31137724550898205,False,0.0
8,10,"greater_than_or_equal(x[3], x[7])",True,"greater_than_or_equal(x[3], x[7])",0.33532934131736525,176c0c35833bc4ae980b10cd773d9ebc,0.33532934131736525,False,0.0
8,10,"greater_than_or_equal(sub(pdiv(x[5],mul(add(sub(mul(add(x[2],x[2]),x[7]),mul(x[0],x[5])),mul(x[5],x[3])),add(77.79,pdiv(x[3],x[3])))),sub(x[3],x[7])), add(mul(x[3],x[5]),pdiv(x[3],x[3])))",True,not_(x[6]),0.6347305389221557,b4068ba57b63c959651c969331c4b5cd,0.6407185628742516,True,0.005988023952095856
8,10,"not_(less_than_or_equal(pdiv(x[7],pdiv(x[7],add(x[5],x[2]))),add(sub(x[7],sub(x[5],mul(x[5],x[5]))),add(x[5],x[2]))))",False,,,7121f8314e6f336aa4916d07dff99a28,0.437125748502994,False,0.0
8,10,"less_than_or_equal(mul(mul(x[7],x[7]),mul(x[2],x[2])),x[7])",True,"less_than_or_equal(x[2],x[2])",0.35928143712574845,bd082d42dcba8056510101f18394b575,0.35928143712574845,False,0.0
8,10,"not_(less_than_or_equal(pdiv(x[5],x[7]),add(x[2],add(pdiv(x[3],x[7]),x[0]))))",False,,,2ac4f538b9edc3617ba487fe72cd9b2c,0.45508982035928147,False,0.0
8,10,"not_(less_than_or_equal(pdiv(x[5],x[2]),x[3]))",True,"greater_than_or_equal(add(mul(x[0],x[3]),pdiv(x[5],x[3])), x[2])",0.3293413173652695,f0c5da2fb3fda6018ebf0885b8c1ea67,0.3293413173652695,False,0.0
8,10,"greater_than_or_equal(x[5], sub(x[7],pdiv(x[0],pdiv(add(x[2],x[2]),pdiv(mul(x[5],mul(x[3],sub(x[5],x[3]))),sub(pdiv(sub(x[7],x[3]),mul(x[2],add(sub(x[7],mul(x[5],x[7])),x[3]))),x[7]))))))",False,,,6f4a95cc5ba0a2455010641803b7402e,0.3772455089820359,False,0.0
8,10,"greater_than_or_equal(x[3], x[0])",True,"not_(greater_than_or_equal(pdiv(x[0],x[3]), pdiv(x[5],x[5])))",0.3772455089820359,f56d58ec85f58eb9e745c543958f7db4,0.37125748502994016,True,-0.0059880239520957446
8,10,"not_(less_than_or_equal(pdiv(x[5],x[5]),add(x[2],pdiv(pdiv(x[5],x[2]),x[3]))))",False,,,1d30dc320e138ff028b13e71c6ddcabb,0.652694610778443,False,0.0
8,10,"not_(greater_than_or_equal(mul(x[5],x[2]), add(x[5],x[2])))",True,"less_than_or_equal(x[2],x[2])",0.35928143712574845,bd082d42dcba8056510101f18394b575,0.35928143712574845,False,0.0
8,10,"not_(less_than_or_equal(x[3],sub(add(sub(pdiv(x[5],x[5]),add(x[2],x[5])),mul(x[0],add(pdiv(x[2],pdiv(x[5],add(x[5],mul(x[0],x[7])))),add(x[7],pdiv(x[3],x[5]))))),x[2])))",False,,,254c40f77c84228cebabe656e37cfd10,0.47904191616766467,False,0.0
8,10,"not_(less_than_or_equal(pdiv(x[5],x[5]),pdiv(pdiv(x[0],x[5]),add(x[2],x[5]))))",True,"less_than_or_equal(x[0],x[5])",0.37125748502994016,cdcd6f1e6c091ac380f1476046586fe6,0.39520958083832336,True,0.0239520958083832
8,10,"less_than_or_equal(add(add(x[7],x[2]),sub(x[2],x[3])),add(pdiv(x[5],pdiv(mul(x[2],x[7]),30.45)),x[2]))",True,"less_than_or_equal(x[2],x[2])",0.35928143712574845,bd082d42dcba8056510101f18394b575,0.35928143712574845,False,0.0
8,10,"greater_than_or_equal(sub(pdiv(x[5],x[2]),pdiv(add(x[0],x[7]),x[5])), x[3])",False,,,b16fb822ffba2fb193872c6b680452b6,0.3532934131736527,False,0.0
8,10,"greater_than_or_equal(pdiv(x[5],sub(pdiv(add(x[2],pdiv(x[3],x[5])),add(pdiv(x[2],30.95),mul(x[0],x[7]))),add(x[7],pdiv(x[3],x[5])))), x[2])",False,,,caf18698fdec54f3029e5451c7912e09,0.6467065868263473,False,0.0
8,10,"greater_than_or_equal(pdiv(x[5],add(x[2],x[2])), x[5])",True,"not_(less_than_or_equal(pdiv(x[5],x[5]),add(x[2],x[2])))",0.25149700598802394,b1dd33075a09479c47bb17a355eef7af,0.25149700598802394,False,0.0
8,10,"not_(less_than_or_equal(sub(x[5],add(x[2],x[5])),x[3]))",True,not_(x[6]),0.6347305389221557,b4068ba57b63c959651c969331c4b5cd,0.6407185628742516,True,0.005988023952095856
8,10,"greater_than_or_equal(pdiv(x[5],add(x[2],x[2])), x[5])",True,"not_(less_than_or_equal(pdiv(x[5],x[5]),add(x[2],x[2])))",0.25149700598802394,b1dd33075a09479c47bb17a355eef7af,0.25149700598802394,False,0.0
8,10,"not_(less_than_or_equal(pdiv(x[5],x[5]),add(x[2],x[2])))",True,"not_(less_than_or_equal(pdiv(x[5],x[5]),add(x[2],x[2])))",0.25149700598802394,b1dd33075a09479c47bb17a355eef7af,0.25149700598802394,False,0.0
8,10,"not_(less_than_or_equal(pdiv(mul(x[0],mul(x[3],x[7])),pdiv(x[0],x[3])),mul(x[5],add(x[5],x[2]))))",True,"not_(less_than_or_equal(pdiv(mul(x[0],mul(x[3],x[7])),pdiv(x[0],x[3])),mul(x[5],add(x[5],x[2]))))",0.40718562874251496,8d7ab7eb42c818e37ccfd58cc3faa530,0.40718562874251496,False,0.0
8,10,"not_(greater_than_or_equal(mul(sub(37.47,add(add(x[0],x[2]),x[3])),x[7]), x[5]))",True,not_(x[6]),0.6347305389221557,b4068ba57b63c959651c969331c4b5cd,0.6347305389221557,False,0.0
8,10,"greater_than_or_equal(x[5], mul(x[7],mul(add(sub(x[7],x[7]),x[7]),add(sub(x[7],sub(mul(x[7],x[0]),sub(pdiv(x[5],x[7]),x[5]))),sub(x[2],x[5])))))",False,,,500d747745fff74b6a85bae44184d37a,0.3293413173652695,False,0.0
8,10,"less_than_or_equal(add(add(x[7],x[2]),sub(x[2],x[3])),pdiv(pdiv(x[5],pdiv(mul(x[2],x[7]),x[3])),add(x[5],x[5])))",False,,,e7cf74e44bf25b964cae25767db97f6a,0.2694610778443114,False,0.0
8,10,"greater_than_or_equal(x[3], add(sub(x[7],x[5]),sub(34.93,x[7])))",True,not_(x[6]),0.6347305389221557,b4068ba57b63c959651c969331c4b5cd,0.6407185628742516,True,0.005988023952095856
8,10,"less_than_or_equal(mul(sub(x[7],x[3]),mul(add(add(add(add(x[2],x[3]),x[5]),x[5]),add(x[2],x[5])),x[5])),add(x[5],x[2]))",False,,,4617d36d7352edaf77f333639ce53b78,0.2934131736526946,False,0.0
8,10,"not_(less_than_or_equal(pdiv(mul(x[7],pdiv(x[5],x[2])),x[7]),pdiv(x[3],x[7])))",False,,,d15c1ac88d349321333fd1227d96b922,0.5089820359281437,False,0.0
8,10,"greater_than_or_equal(pdiv(pdiv(x[7],sub(x[7],mul(x[0],mul(x[5],x[5])))),pdiv(x[7],add(x[7],x[5]))), sub(x[3],x[7]))",True,"greater_than_or_equal(add(x[7],pdiv(x[5],x[5])), add(x[5],x[0]))",0.35928143712574845,2dc8ad3f1863ec45c77ffae75138621b,0.37125748502994016,True,0.011976047904191711
8,10,"greater_than_or_equal(sub(pdiv(x[3],x[7]),mul(add(add(mul(x[3],x[7]),add(x[5],x[3])),x[7]),x[5])), add(x[2],x[2]))",True,"not_(less_than_or_equal(pdiv(x[3],add(x[7],x[7])),add(x[5],x[2])))",0.3413173652694611,65ac9581083b6f647bed18292443d7f7,0.32335329341317365,True,-0.017964071856287456
8,10,"greater_than_or_equal(x[2], add(sub(x[7],sub(x[5],mul(x[5],x[5]))),add(x[5],x[2])))",True,not_(x[6]),0.6347305389221557,b4068ba57b63c959651c969331c4b5cd,0.6407185628742516,True,0.005988023952095856
8,10,"greater_than_or_equal(x[3], sub(x[7],pdiv(x[5],pdiv(add(x[2],x[2]),pdiv(x[5],x[5])))))",False,,,55742c924c73429b6999c96da587af58,0.33532934131736525,False,0.0
8,10,"not_(less_than_or_equal(add(pdiv(x[5],add(x[5],x[2])),x[5]),x[5]))",True,"less_than_or_equal(x[2],x[2])",0.35928143712574845,bd082d42dcba8056510101f18394b575,0.3652694610778443,True,0.005988023952095856
8,10,"greater_than_or_equal(x[5], mul(x[5],pdiv(x[5],add(pdiv(add(x[5],x[2]),add(x[7],x[0])),x[2]))))",True,"less_than_or_equal(sub(x[5],sub(x[5],mul(x[0],x[5]))),mul(pdiv(x[2],x[0]),pdiv(x[5],x[3])))",0.3652694610778443,0d2206ebe6d2f2267a12ad05764e55bd,0.3652694610778443,False,0.0
8,10,not_(x[6]),True,not_(x[6]),0.6347305389221557,b4068ba57b63c959651c969331c4b5cd,0.6347305389221557,False,0.0
8,10,"greater_than_or_equal(x[3], x[5])",True,"less_than_or_equal(x[5],x[3])",0.5089820359281437,1d4d287fbe015bbb313f097e26f5bc37,0.5089820359281437,False,0.0
8,10,"not_(greater_than_or_equal(mul(x[7],add(x[2],x[2])), sub(pdiv(x[5],add(x[2],x[3])),74.59)))",True,not_(x[6]),0.6347305389221557,b4068ba57b63c959651c969331c4b5cd,0.6407185628742516,True,0.005988023952095856
8,10,"not_(less_than_or_equal(pdiv(x[5],x[5]),mul(x[7],add(x[5],x[5]))))",False,,,60772b7c6d008dbac48c1b7022ba9e21,0.2574850299401198,False,0.0
8,10,"not_(less_than_or_equal(pdiv(sub(mul(x[5],add(x[2],x[3])),mul(sub(x[5],mul(mul(x[2],x[7]),add(x[5],x[2]))),add(sub(x[7],mul(x[2],add(x[7],x[0]))),x[2]))),x[0]),add(add(x[2],x[3]),add(x[2],x[5]))))",False,,,7ba930df85c52ce816a15399bd8c726e,0.6467065868263473,False,0.0
8,10,"not_(less_than_or_equal(pdiv(x[5],x[5]),x[5]))",True,"not_(less_than_or_equal(pdiv(x[5],x[5]),x[5]))",0.31137724550898205,774eb80249c37c32f486ae194a31e639,0.31137724550898205,False,0.0
8,10,"greater_than_or_equal(mul(x[3],add(x[7],mul(x[5],x[5]))), 59.49)",True,not_(x[6]),0.6347305389221557,b4068ba57b63c959651c969331c4b5cd,0.6407185628742516,True,0.005988023952095856
8,10,"not_(less_than_or_equal(pdiv(x[5],x[5]),add(x[2],pdiv(x[7],add(x[5],x[5])))))",False,,,a60d60f6ad70f8ef1cd1eb75966b0102,0.2574850299401198,False,0.0
8,10,"greater_than_or_equal(x[2], x[5])",True,"less_than_or_equal(x[5],x[2])",0.652694610778443,6fb17002302e404122653cf2c68db553,0.652694610778443,False,0.0
8,10,"greater_than_or_equal(x[7], mul(x[5],x[3]))",True,"less_than_or_equal(x[5],pdiv(x[7],x[3]))",0.5389221556886228,e639a05c0cec8a9ed833becfccaedc3d,0.5389221556886228,False,0.0
8,10,"greater_than_or_equal(x[5], mul(x[2],add(x[2],x[5])))",True,"greater_than_or_equal(pdiv(x[5],pdiv(add(x[2],x[5]),x[5])), mul(x[5],x[2]))",0.28742514970059885,0803226314985e684579b7ad7da3df72,0.2934131736526946,True,0.0059880239520957446
8,10,"greater_than_or_equal(x[3], mul(x[2],x[7]))",True,"greater_than_or_equal(x[5], mul(x[7],mul(add(sub(x[7],x[7]),x[2]),add(sub(x[7],x[7]),pdiv(x[5],x[3])))))",0.2934131736526946,c999647c3f8349901a4892cae2cb97f9,0.29940119760479045,True,0.005988023952095856
8,10,"not_(less_than_or_equal(pdiv(x[5],x[0]),x[3]))",True,"greater_than_or_equal(add(pdiv(x[3],x[3]),sub(x[5],x[3])), mul(pdiv(x[0],x[5]),mul(x[3],x[3])))",0.3413173652694611,20549abca100b155319252a5e0d92179,0.33532934131736525,True,-0.005988023952095856
8,10,"less_than_or_equal(mul(mul(x[0],mul(x[7],x[7])),add(x[7],x[2])),x[3])",True,"less_than_or_equal(mul(mul(x[7],x[0]),pdiv(x[7],x[3])),mul(add(x[3],x[0]),add(x[7],x[5])))",0.32335329341317365,8d1938582dc1d7a80b66bf82c44ee9f2,0.32335329341317365,False,0.0
8,10,"not_(less_than_or_equal(pdiv(x[5],x[5]),add(pdiv(x[5],add(pdiv(x[5],x[7]),sub(pdiv(mul(x[7],mul(x[7],x[0])),x[2]),x[0]))),x[5])))",False,,,5b4e5b8cf7bea11f9d95737b956ea0a2,0.31137724550898205,False,0.0
8,10,"greater_than_or_equal(add(x[5],mul(x[5],x[5])), add(x[2],x[5]))",True,"greater_than_or_equal(mul(x[5],x[5]), x[2])",0.43113772455089816,27c9a0656cbf90b6dfaeb7687812c890,0.43113772455089816,False,0.0
8,10,"not_(greater_than_or_equal(pdiv(x[2],add(pdiv(pdiv(x[5],x[5]),add(add(x[7],x[7]),x[5])),mul(x[5],add(x[5],x[2])))), add(pdiv(pdiv(x[5],x[5]),add(x[3],x[7])),mul(x[7],x[5]))))",False,,,2ef20861e78376c3c0cf6047fda559c1,0.34730538922155685,False,0.0
8,10,"less_than_or_equal(x[7],add(mul(x[7],pdiv(x[5],x[5])),x[7]))",True,"less_than_or_equal(x[2],x[2])",0.35928143712574845,bd082d42dcba8056510101f18394b575,0.35928143712574845,False,0.0
8,10,"less_than_or_equal(add(add(x[7],x[2]),add(x[2],x[3])),add(pdiv(x[3],pdiv(x[0],x[5])),add(pdiv(add(x[0],mul(x[5],x[5])),sub(pdiv(x[5],x[5]),add(x[5],x[2]))),mul(x[7],pdiv(mul(x[5],x[5]),x[2])))))",False,,,b29b76e657e3716ac3a1c19c4c0809e0,0.281437125748503,False,0.0
8,10,"greater_than_or_equal(pdiv(x[5],x[2]), add(x[7],sub(x[7],sub(x[3],x[7]))))",False,,,114857ce2520bdd13c592162de493b48,0.27544910179640714,False,0.0
8,10,"greater_than_or_equal(pdiv(pdiv(x[5],x[2]),sub(x[7],pdiv(x[3],pdiv(x[5],x[3])))), x[2])",False,,,7bd13091e5a692f3d8ba5f2ca0adbc00,0.6287425149700598,False,0.0
8,10,"not_(less_than_or_equal(pdiv(x[5],x[5]),add(x[5],x[5])))",True,"not_(less_than_or_equal(pdiv(x[5],x[5]),add(x[5],x[5])))",0.4491017964071856,2218a51fb25443ecfeb7d4f388f41f4b,0.4491017964071856,False,0.0
8,10,"not_(less_than_or_equal(add(x[5],x[3]),sub(x[7],mul(x[5],x[5]))))",True,"greater_than_or_equal(add(pdiv(x[3],x[7]),add(x[5],x[5])), pdiv(x[5],x[5]))",0.3652694610778443,81cac1d3bc09f0d40846328256603a98,0.3532934131736527,True,-0.0119760479041916
8,10,"not_(less_than_or_equal(pdiv(pdiv(pdiv(x[5],x[5]),add(x[2],x[2])),x[5]),add(x[2],x[0])))",False,,,847747ddf4e22ed98ac36c565cb24499,0.33532934131736525,False,0.0
8,10,"not_(less_than_or_equal(pdiv(x[5],x[5]),add(x[2],x[5])))",True,"not_(less_than_or_equal(pdiv(x[5],x[5]),add(x[5],x[2])))",0.2455089820359282,5825d6d8d32996f2f81bb41cc0bfa92f,0.2455089820359282,False,0.0
8,10,"not_(less_than_or_equal(pdiv(x[5],x[5]),add(mul(x[5],x[3]),x[3])))",False,,,57a28b14a7de615fddc48be1a42c4932,0.3772455089820359,False,0.0
8,10,"greater_than_or_equal(x[5], mul(x[7],add(x[2],pdiv(x[5],mul(x[5],add(pdiv(x[2],30.95),mul(x[0],x[7])))))))",False,,,d8b77ebf09c26693d0a9da97b46289d2,0.6287425149700598,False,0.0
8,10,"greater_than_or_equal(x[2], x[0])",True,"less_than_or_equal(x[0],x[2])",0.44311377245508987,6600e71d16c18564dbde1ecda8fbf2a3,0.44311377245508987,False,0.0
8,10,"not_(less_than_or_equal(add(x[5],add(add(pdiv(x[5],pdiv(x[5],x[2])),x[3]),x[7])),sub(x[3],sub(pdiv(x[3],x[7]),x[7]))))",True,"less_than_or_equal(x[2],x[2])",0.35928143712574845,bd082d42dcba8056510101f18394b575,0.35928143712574845,False,0.0
8,10,"greater_than_or_equal(x[3], x[7])",True,"greater_than_or_equal(x[3], x[7])",0.33532934131736525,176c0c35833bc4ae980b10cd773d9ebc,0.33532934131736525,False,0.0
8,10,"not_(less_than_or_equal(x[5],mul(x[2],pdiv(pdiv(x[5],x[5]),add(x[2],x[2])))))",True,"less_than_or_equal(pdiv(x[5],x[5]),add(x[5],x[5]))",0.5508982035928144,0ed9dd992eb33d4d0eeefaaaf3694dfd,0.5449101796407185,True,-0.005988023952095856
8,10,"greater_than_or_equal(pdiv(x[5],pdiv(add(x[2],sub(x[3],pdiv(x[5],x[3]))),x[2])), add(pdiv(add(x[7],pdiv(x[2],x[2])),mul(x[2],x[5])),add(mul(x[0],24.40),x[0])))",False,,,425ef03e150e9b3c0bcc8d1468920ea1,0.6467065868263473,False,0.0
8,10,"greater_than_or_equal(x[5], mul(x[5],mul(add(x[0],x[5]),x[5])))",False,,,c8fba6a503920a600c4c0753f4ebe1ba,0.29940119760479045,False,0.0
8,10,"greater_than_or_equal(x[5], mul(x[7],mul(add(sub(x[7],x[7]),x[7]),add(sub(x[7],sub(mul(x[7],x[0]),sub(pdiv(x[5],x[7]),x[3]))),x[7]))))",True,"greater_than_or_equal(x[5], mul(x[7],mul(add(sub(x[7],x[7]),x[7]),add(sub(x[7],sub(mul(x[7],x[0]),sub(pdiv(x[5],x[7]),x[3]))),x[7]))))",0.2455089820359282,7db9c354ed8330f58e07dcffb3dcd8e6,0.2455089820359282,False,0.0
8,10,"not_(less_than_or_equal(pdiv(x[5],x[3]),mul(add(x[5],x[2]),add(sub(x[7],mul(x[0],x[5])),x[7]))))",False,,,6930937adf749c8c957d835d27439e62,0.3053892215568862,False,0.0
8,10,"not_(less_than_or_equal(pdiv(x[5],19.01),x[5]))",True,not_(x[6]),0.6347305389221557,b4068ba57b63c959651c969331c4b5cd,0.6407185628742516,True,0.005988023952095856
8,10,"not_(less_than_or_equal(pdiv(x[5],x[2]),30.93))",True,not_(x[6]),0.6347305389221557,b4068ba57b63c959651c969331c4b5cd,0.6407185628742516,True,0.005988023952095856
8,10,"greater_than_or_equal(pdiv(x[5],x[7]), add(x[2],x[7]))",True,"greater_than_or_equal(x[5], mul(x[7],add(x[7],x[2])))",0.2455089820359282,dbe0ded9608d153cce360999e2a5fae7,0.2455089820359282,False,0.0
8,10,"not_(less_than_or_equal(add(x[5],sub(x[5],pdiv(pdiv(add(pdiv(x[2],37.90),mul(x[0],x[5])),pdiv(x[5],x[7])),x[0]))),x[2]))",False,,,f9c2e81cdb3291072e91b02f206895dd,0.47904191616766467,False,0.0
8,10,"not_(less_than_or_equal(x[2],x[5]))",True,"less_than_or_equal(x[5],x[2])",0.652694610778443,6fb17002302e404122653cf2c68db553,0.652694610778443,False,0.0
8,10,"less_than_or_equal(x[5],mul(x[7],add(mul(x[5],add(x[3],pdiv(x[5],x[5]))),add(x[2],x[2]))))",False,,,6fac9dce50f7548ecef255f45388a574,0.7365269461077844,False,0.0
8,10,"greater_than_or_equal(x[7], add(x[2],x[2]))",False,,,f0a2eeb14ba7a717dbfe2c28aec6c1ff,0.5329341317365269,False,0.0
8,10,"greater_than_or_equal(49.04, pdiv(x[2],add(add(x[2],x[3]),add(x[2],x[5]))))",True,"less_than_or_equal(x[2],x[2])",0.35928143712574845,bd082d42dcba8056510101f18394b575,0.35928143712574845,False,0.0
8,10,"not_(less_than_or_equal(x[5],mul(x[2],add(sub(x[0],x[7]),x[7]))))",True,"greater_than_or_equal(mul(add(x[2],x[5]),sub(x[5],x[0])), mul(mul(x[0],x[7]),sub(x[5],x[7])))",0.38323353293413176,cf65da81ffb7a9d4ff3e042c0fa7a250,0.3652694610778443,True,-0.017964071856287456
8,10,"greater_than_or_equal(x[5], mul(x[7],x[3]))",True,"not_(less_than_or_equal(pdiv(x[5],x[3]),x[7]))",0.3413173652694611,e691e9faf9d6cf6a1c64f756c672a16e,0.3413173652694611,False,0.0
8,10,"greater_than_or_equal(pdiv(x[5],x[5]), add(x[2],x[7]))",True,"less_than_or_equal(add(mul(x[7],pdiv(x[5],x[5])),x[2]),add(sub(x[7],x[7]),pdiv(69.44,sub(x[3],x[3]))))",0.19161676646706582,14c6e007ad625f3839f568e9ee8a86e1,0.19161676646706582,False,0.0
8,10,"greater_than_or_equal(x[5], add(x[2],x[7]))",True,"greater_than_or_equal(x[5], mul(x[7],add(x[2],pdiv(x[5],x[5]))))",0.33532934131736525,bb5c1caa2e30ec7ef07b22f884640315,0.3892215568862275,True,0.053892215568862256
8,10,"not_(less_than_or_equal(pdiv(48.59,mul(x[2],add(x[5],x[7]))),x[5]))",True,"less_than_or_equal(x[2],x[2])",0.35928143712574845,bd082d42dcba8056510101f18394b575,0.35928143712574845,False,0.0
8,10,"not_(less_than_or_equal(pdiv(x[5],add(add(x[7],pdiv(pdiv(x[2],x[2]),x[2])),x[0])),x[7]))",False,,,c8feb89586b49884b0acf6a7928df228,0.5568862275449102,False,0.0
8,10,"not_(less_than_or_equal(add(x[5],sub(x[5],x[7])),pdiv(x[5],x[5])))",False,,,c341d11867771071327576216338f8c6,0.6047904191616766,False,0.0
8,10,"greater_than_or_equal(x[5], mul(x[7],add(x[7],x[5])))",True,"greater_than_or_equal(x[5], mul(x[7],add(x[7],x[5])))",0.22754491017964074,051dec5cdded21754165aaf5f887a47e,0.22754491017964074,False,0.0
8,10,"greater_than_or_equal(pdiv(x[5],add(x[2],x[2])), x[5])",True,"not_(less_than_or_equal(pdiv(x[5],x[5]),add(x[2],x[2])))",0.25149700598802394,b1dd33075a09479c47bb17a355eef7af,0.25149700598802394,False,0.0
8,10,"greater_than_or_equal(x[0], x[5])",True,"less_than_or_equal(x[5],x[0])",0.6227544910179641,2aedc6e15176de9ec0c909a1a3b35796,0.6227544910179641,False,0.0
8,10,"greater_than_or_equal(x[7], mul(mul(x[3],mul(x[2],x[2])),pdiv(pdiv(x[5],x[5]),add(x[2],x[3]))))",True,"greater_than_or_equal(add(pdiv(x[7],x[2]),x[2]), x[5])",0.3772455089820359,bcad89a5c89e45d4b9ae9333253c1aa4,0.3652694610778443,True,-0.0119760479041916
8,10,"less_than_or_equal(pdiv(x[5],x[5]),add(pdiv(pdiv(x[3],x[5]),x[5]),add(x[2],x[5])))",True,"or_(less_than_or_equal(sub(x[2],x[5]),mul(x[3],x[2])),not_(greater_than_or_equal(x[5], x[3])))",0.38323353293413176,cc44f38a8b2fcefff95bcc01de90856f,0.3892215568862275,True,0.0059880239520957446
8,10,"not_(greater_than_or_equal(x[5], mul(x[7],add(mul(x[5],add(x[3],x[2])),x[5]))))",False,,,4dfd9b1977a8321c436800c26518ec6e,0.7844311377245509,False,0.0
8,10,"not_(greater_than_or_equal(pdiv(x[2],add(pdiv(pdiv(x[5],x[5]),add(x[3],x[7])),pdiv(x[2],pdiv(x[7],mul(mul(x[5],x[5]),x[5]))))), x[3]))",False,,,fc9f0d26d1843aaa82e9454879ff37a2,0.2934131736526946,False,0.0
8,10,"greater_than_or_equal(x[3], mul(x[3],mul(x[7],add(x[5],x[5]))))",True,"not_(less_than_or_equal(pdiv(x[5],x[5]),mul(x[7],add(x[5],x[5]))))",0.2574850299401198,60772b7c6d008dbac48c1b7022ba9e21,0.2574850299401198,False,0.0
8,10,"less_than_or_equal(x[2],x[2])",True,"less_than_or_equal(x[2],x[2])",0.35928143712574845,bd082d42dcba8056510101f18394b575,0.35928143712574845,False,0.0
8,10,"greater_than_or_equal(pdiv(x[5],x[5]), add(x[2],x[2]))",True,"not_(less_than_or_equal(pdiv(x[5],x[5]),add(x[2],x[2])))",0.25149700598802394,b1dd33075a09479c47bb17a355eef7af,0.25149700598802394,False,0.0
8,10,"not_(less_than_or_equal(x[5],mul(x[2],add(x[7],x[0]))))",True,"not_(less_than_or_equal(x[5],mul(x[2],add(x[7],x[0]))))",0.32335329341317365,354e2deeabd50563319a4f341cf0421d,0.32335329341317365,False,0.0
8,10,"not_(less_than_or_equal(pdiv(add(mul(sub(x[7],x[7]),add(x[3],sub(x[7],x[7]))),add(x[0],x[2])),add(x[7],x[0])),x[2]))",False,,,eb943cff5aa830a37f4f9f57fe710b73,0.40718562874251496,False,0.0
8,10,"not_(less_than_or_equal(pdiv(pdiv(92.19,mul(mul(x[5],x[5]),x[2])),add(x[7],x[0])),x[2]))",True,"less_than_or_equal(x[2],x[2])",0.35928143712574845,bd082d42dcba8056510101f18394b575,0.35928143712574845,False,0.0
8,10,"not_(greater_than_or_equal(x[5], x[2]))",True,"less_than_or_equal(x[5],x[2])",0.652694610778443,6fb17002302e404122653cf2c68db553,0.652694610778443,False,0.0
8,10,"greater_than_or_equal(add(pdiv(x[3],x[7]),sub(x[5],add(x[3],add(x[7],pdiv(add(add(x[2],x[5]),sub(x[2],x[0])),sub(x[2],x[5])))))), x[5])",False,,,71894eba336fa8706910a6ff066d8ef9,0.3413173652694611,False,0.0
8,10,"and_(greater_than_or_equal(pdiv(mul(x[2],add(x[7],x[0])),x[2]), x[0]),greater_than_or_equal(x[2], x[3]))",True,"not_(less_than_or_equal(pdiv(x[5],x[5]),add(x[2],sub(pdiv(x[3],x[2]),add(mul(x[2],x[7]),mul(x[2],x[3]))))))",0.6586826347305389,97992d1c6392ce2361e75a580fad0a69,0.6347305389221557,True,-0.0239520958083832
8,10,"not_(less_than_or_equal(mul(x[5],x[3]),sub(x[7],mul(x[2],x[5]))))",False,,,104a8be8cff2e25f430a907a51111b62,0.4251497005988024,False,0.0
8,10,"less_than_or_equal(mul(mul(x[7],x[7]),mul(x[5],add(x[3],x[7]))),x[7])",True,"less_than_or_equal(mul(mul(x[7],x[7]),mul(x[5],add(x[3],x[7]))),x[7])",0.3532934131736527,663ed388f39685b6b0bb99668c9e4759,0.3532934131736527,False,0.0
8,10,"greater_than_or_equal(pdiv(pdiv(x[5],x[5]),x[5]), pdiv(mul(x[2],x[7]),x[3]))",True,"greater_than_or_equal(x[3], mul(mul(x[2],x[7]),sub(x[5],x[3])))",0.3173652694610778,ffa28f397bbf6e8b3fc8b0c1f44248cd,0.31137724550898205,True,-0.0059880239520957446
8,10,"less_than_or_equal(add(add(x[7],x[2]),sub(x[2],x[3])),pdiv(pdiv(add(x[2],x[5]),x[5]),x[2]))",True,"greater_than_or_equal(pdiv(pdiv(x[5],x[5]),add(x[5],x[0])), x[2])",0.3413173652694611,5005b0c334820b72e1246e09cfc64254,0.3413173652694611,False,0.0
8,10,"not_(less_than_or_equal(pdiv(x[5],pdiv(pdiv(x[2],x[5]),x[7])),add(x[2],x[2])))",False,,,373419e1d86d04725ec24d91c41d5c8d,0.5089820359281437,False,0.0
8,10,"not_(less_than_or_equal(add(x[7],x[3]),pdiv(x[0],x[3])))",True,"not_(greater_than_or_equal(pdiv(x[0],x[3]), pdiv(x[5],x[5])))",0.3772455089820359,f56d58ec85f58eb9e745c543958f7db4,0.39520958083832336,True,0.017964071856287456
8,10,"not_(less_than_or_equal(add(pdiv(pdiv(x[5],x[5]),add(x[2],x[5])),mul(x[5],add(pdiv(x[2],30.95),mul(x[0],x[7])))),add(x[2],pdiv(x[3],x[5]))))",False,,,994b4cf9c9c534c7150bfce3d03106a2,0.3053892215568862,False,0.0
8,10,"greater_than_or_equal(pdiv(x[2],mul(x[0],x[0])), x[2])",True,"less_than_or_equal(x[2],x[2])",0.35928143712574845,bd082d42dcba8056510101f18394b575,0.3532934131736527,True,-0.0059880239520957446
8,10,"not_(less_than_or_equal(pdiv(x[5],x[5]),add(add(x[5],x[5]),add(x[2],x[5]))))",False,,,fee23d1d05590693481891bf1f613c0b,0.6047904191616766,False,0.0
8,10,"not_(greater_than_or_equal(sub(sub(x[7],pdiv(x[5],add(add(x[2],x[2]),pdiv(x[5],x[5])))),pdiv(x[3],x[7])), pdiv(x[5],x[7])))",True,"not_(greater_than_or_equal(sub(sub(x[7],pdiv(x[5],add(add(x[2],x[2]),pdiv(x[5],x[5])))),pdiv(x[3],x[7])), pdiv(x[5],x[7])))",0.34730538922155685,e64a157b90cb1f5846011deb79d81ae4,0.34730538922155685,False,0.0
8,10,"not_(less_than_or_equal(pdiv(x[5],x[3]),mul(add(x[5],x[2]),add(sub(x[7],mul(x[5],x[3])),x[3]))))",False,,,4b70ff19914d15f55229bbd67b62efa2,0.3173652694610778,False,0.0
8,10,"greater_than_or_equal(x[3], pdiv(x[2],pdiv(pdiv(x[5],x[5]),add(x[2],pdiv(x[5],pdiv(x[7],add(x[7],x[5])))))))",False,,,f0ebbcc5f4dd4995522b0360a5f7fc41,0.4011976047904192,False,0.0
8,10,"not_(less_than_or_equal(pdiv(pdiv(x[0],x[5]),x[2]),x[0]))",False,,,c38351e7ce09eef2b5b4911a5d47cfbe,0.5808383233532934,False,0.0
8,10,"not_(less_than_or_equal(x[3],sub(x[7],x[7])))",True,"less_than_or_equal(x[2],x[2])",0.35928143712574845,bd082d42dcba8056510101f18394b575,0.3652694610778443,True,0.005988023952095856
8,10,"less_than_or_equal(add(mul(x[7],pdiv(x[5],x[5])),x[2]),add(sub(x[7],x[7]),pdiv(69.09,pdiv(x[5],x[5]))))",True,"less_than_or_equal(x[2],x[2])",0.35928143712574845,bd082d42dcba8056510101f18394b575,0.35928143712574845,False,0.0
8,10,"not_(less_than_or_equal(pdiv(x[5],x[5]),x[7]))",True,"not_(less_than_or_equal(pdiv(x[5],x[5]),add(pdiv(x[2],96.92),x[7])))",0.39520958083832336,db0e6c3409e9b2885c8014a7de8788af,0.39520958083832336,False,0.0
8,10,"not_(greater_than_or_equal(pdiv(x[2],add(pdiv(pdiv(x[5],x[5]),add(x[3],x[7])),mul(x[7],x[5]))), x[3]))",True,"not_(greater_than_or_equal(pdiv(x[2],add(pdiv(pdiv(x[5],x[5]),add(x[3],x[7])),mul(x[7],x[5]))), x[3]))",0.29940119760479045,58f61e7bcb0e81ab5c4e3f5ddfa77257,0.29940119760479045,False,0.0
8,10,"not_(less_than_or_equal(pdiv(x[5],x[5]),x[5]))",True,"not_(less_than_or_equal(pdiv(x[5],x[5]),x[5]))",0.31137724550898205,774eb80249c37c32f486ae194a31e639,0.31137724550898205,False,0.0
8,10,"not_(less_than_or_equal(pdiv(add(mul(x[5],x[5]),x[5]),add(x[5],x[2])),x[5]))",True,"not_(greater_than_or_equal(mul(x[7],x[2]), x[7]))",0.34730538922155685,f69cf4961d82af0c72c0014d2a401904,0.3532934131736527,True,0.005988023952095856
8,10,"not_(greater_than_or_equal(mul(x[7],add(x[2],x[2])), sub(pdiv(pdiv(x[5],add(add(pdiv(mul(pdiv(pdiv(x[2],x[2]),x[2]),x[0]),x[5]),x[2]),x[7])),x[5]),x[3])))",False,,,257a4d7d0861b96ab9a114ad2119ecaf,0.32335329341317365,False,0.0
8,10,"not_(greater_than_or_equal(add(pdiv(add(x[2],x[3]),x[5]),x[5]), add(x[2],x[5])))",True,not_(x[6]),0.6347305389221557,b4068ba57b63c959651c969331c4b5cd,0.6407185628742516,True,0.005988023952095856
8,10,"not_(less_than_or_equal(pdiv(x[5],mul(x[2],add(x[3],x[2]))),x[5]))",False,,,47c7563272626ae3ab35137d4a601483,0.3293413173652695,False,0.0
8,10,"less_than_or_equal(mul(mul(30.94,x[7]),x[2]),x[2])",True,"not_(less_than_or_equal(pdiv(x[5],x[7]),mul(add(x[2],x[2]),89.74)))",0.6047904191616766,b43cb00a20044ea1c11cc702bd218446,0.592814371257485,True,-0.0119760479041916
8,10,"greater_than_or_equal(mul(pdiv(x[5],add(pdiv(pdiv(x[5],x[5]),add(x[2],x[5])),mul(x[5],add(pdiv(x[2],30.95),mul(x[0],x[0]))))),add(x[7],pdiv(x[3],x[5]))), x[2])",False,,,0f51e49f01737738b8c82891d18a6323,0.3772455089820359,False,0.0
8,10,"not_(less_than_or_equal(add(pdiv(pdiv(x[7],x[5]),add(x[2],x[2])),x[2]),sub(x[5],x[0])))",False,,,9914a780d2afadc23e783061b724dab5,0.38323353293413176,False,0.0
8,10,"not_(less_than_or_equal(pdiv(x[5],x[5]),add(pdiv(x[5],add(pdiv(x[5],x[5]),x[3])),mul(pdiv(add(x[2],x[2]),add(pdiv(x[5],sub(x[7],pdiv(add(x[2],x[0]),mul(x[7],x[7])))),add(x[5],x[2]))),add(sub(x[7],x[7]),pdiv(x[5],x[3]))))))",False,,,3637d37fb2963800749004fb6bea3b7c,0.5089820359281437,False,0.0
8,10,"less_than_or_equal(add(mul(x[2],pdiv(mul(mul(x[2],x[7]),add(x[5],x[2])),add(sub(x[7],mul(x[2],add(x[5],x[3]))),x[2]))),x[0]),add(add(x[2],x[3]),add(x[2],x[5])))",True,"less_than_or_equal(x[2],x[2])",0.35928143712574845,bd082d42dcba8056510101f18394b575,0.35928143712574845,False,0.0
8,10,"not_(greater_than_or_equal(add(x[5],x[2]), pdiv(x[3],add(pdiv(x[3],pdiv(x[0],x[5])),x[5]))))",False,,,91ae4615fe316217019328e8a6d44e0c,0.592814371257485,False,0.0
8,10,"not_(less_than_or_equal(pdiv(x[5],x[3]),pdiv(x[5],x[5])))",True,"not_(greater_than_or_equal(mul(x[3],x[7]), mul(x[5],x[7])))",0.49101796407185627,412103f357976d5446a7df187265a720,0.4970059880239521,True,0.005988023952095856
8,10,"not_(less_than_or_equal(pdiv(x[5],04.53),x[3]))",False,,,9bc02050fb3910cf7fbe9ae2b8ebdcb9,0.6467065868263473,False,0.0
8,10,not_(x[6]),True,not_(x[6]),0.6347305389221557,b4068ba57b63c959651c969331c4b5cd,0.6347305389221557,False,0.0
8,10,"greater_than_or_equal(pdiv(add(x[2],sub(x[5],x[2])),x[5]), mul(x[7],add(x[7],x[2])))",False,,,321264e70e80a3274eb5ed3b863c0b14,0.3293413173652695,False,0.0
8,10,"less_than_or_equal(mul(mul(x[2],x[2]),x[5]),x[5])",True,"not_(greater_than_or_equal(mul(x[7],x[2]), x[7]))",0.34730538922155685,f69cf4961d82af0c72c0014d2a401904,0.34730538922155685,False,0.0
8,10,"greater_than_or_equal(add(pdiv(x[7],x[7]),x[5]), sub(x[2],add(add(x[5],x[0]),mul(x[3],x[7]))))",True,"less_than_or_equal(x[2],x[2])",0.35928143712574845,bd082d42dcba8056510101f18394b575,0.35928143712574845,False,0.0
8,10,"not_(less_than_or_equal(x[7],add(x[3],x[3])))",True,"less_than_or_equal(add(add(x[7],x[5]),sub(x[2],x[0])),add(mul(x[2],add(sub(x[7],x[7]),mul(x[5],x[5]))),mul(mul(x[5],x[7]),pdiv(x[7],x[3]))))",0.6646706586826348,a2ce5e47fa2df1cb4307a3d0d9758eb6,0.6347305389221557,True,-0.029940119760479056
8,10,"less_than_or_equal(add(pdiv(x[5],x[2]),x[3]),mul(x[7],sub(x[7],x[5])))",True,"not_(less_than_or_equal(sub(sub(x[7],pdiv(x[5],pdiv(add(x[2],x[2]),pdiv(x[5],x[5])))),pdiv(x[3],x[7])),pdiv(x[5],x[7])))",0.652694610778443,15d8f6f837be99d89098d7290f267192,0.652694610778443,False,0.0
8,10,"not_(less_than_or_equal(pdiv(x[7],x[5]),add(pdiv(49.96,sub(x[2],sub(mul(add(pdiv(x[7],pdiv(x[0],x[0])),x[5]),x[5]),sub(add(x[2],x[2]),sub(x[0],x[7]))))),x[3])))",False,,,8d4d51c2822a39de56bf88a6de053a78,0.5449101796407185,False,0.0
8,10,"less_than_or_equal(mul(mul(x[7],mul(x[5],add(x[2],x[5]))),x[7]),x[0])",True,"less_than_or_equal(x[7],pdiv(x[0],x[7]))",0.5029940119760479,37afef815a97697dfbf210f3b9ca92af,0.5089820359281437,True,0.005988023952095856
8,10,"greater_than_or_equal(pdiv(x[3],add(add(x[5],x[2]),x[5])), mul(x[7],add(x[7],x[2])))",False,,,ef44699449cbdb92f29dbb5e40459368,0.2934131736526946,False,0.0
8,10,"not_(less_than_or_equal(pdiv(x[5],x[5]),add(x[5],x[7])))",True,"not_(less_than_or_equal(pdiv(x[5],x[5]),add(x[7],x[5])))",0.32335329341317365,e44f6a949f00cb0bf86b1105d7c3453d,0.32335329341317365,False,0.0
8,10,"greater_than_or_equal(x[3], mul(sub(add(x[5],x[5]),pdiv(x[3],add(pdiv(x[3],pdiv(x[0],x[5])),x[3]))),x[7]))",False,,,68e03b5efc9e22b785c6c7629c254a0a,0.31137724550898205,False,0.0
8,10,"greater_than_or_equal(x[5], mul(x[3],add(x[7],pdiv(x[5],mul(x[5],add(x[7],pdiv(x[0],x[3])))))))",False,,,bb24be32a10712e098eb09b4d179cb12,0.6107784431137724,False,0.0
8,10,"not_(greater_than_or_equal(x[5], x[7]))",True,"greater_than_or_equal(x[7], x[5])",0.6107784431137724,793f9fa4aca1502cfe0a9ed6ab91b83c,0.6107784431137724,False,0.0
8,10,"less_than_or_equal(sub(mul(add(x[2],x[2]),x[7]),mul(add(x[7],x[0]),pdiv(x[7],x[3]))),mul(x[7],pdiv(x[7],x[3])))",True,"less_than_or_equal(mul(mul(x[2],x[3]),pdiv(x[2],x[7])),add(sub(x[7],x[3]),x[3]))",0.45508982035928147,7d973a6d8cc86431698bb2d6cd68b2c2,0.38323353293413176,True,-0.07185628742514971
8,10,"greater_than_or_equal(add(pdiv(x[3],x[7]),sub(x[5],add(x[3],add(sub(x[3],x[7]),pdiv(x[0],x[0]))))), x[5])",False,,,322d5b28da3046879a22f5d101e8b0c4,0.3772455089820359,False,0.0
8,10,"not_(greater_than_or_equal(x[2], pdiv(x[5],x[5])))",True,"not_(greater_than_or_equal(mul(x[7],x[2]), x[7]))",0.34730538922155685,f69cf4961d82af0c72c0014d2a401904,0.34730538922155685,False,0.0
8,10,"not_(less_than_or_equal(pdiv(x[5],pdiv(mul(x[7],pdiv(x[5],x[5])),add(x[5],x[2]))),x[5]))",True,"greater_than_or_equal(add(x[5],x[2]), x[7])",0.38323353293413176,6412fe182f7defc06678d0a1041106c2,0.38323353293413176,False,0.0
8,10,"not_(less_than_or_equal(mul(x[5],x[7]),x[0]))",False,,,17afe641f69b309d4df546aa8f215556,0.4850299401197605,False,0.0
8,10,"not_(greater_than_or_equal(mul(x[5],mul(x[7],sub(x[0],x[3]))), add(pdiv(add(x[2],x[0]),x[0]),x[0])))",True,"less_than_or_equal(x[2],x[2])",0.35928143712574845,bd082d42dcba8056510101f18394b575,0.35928143712574845,False,0.0
8,10,"not_(greater_than_or_equal(mul(sub(37.45,x[5]),x[7]), mul(pdiv(43.97,x[5]),add(x[5],x[2]))))",True,"less_than_or_equal(x[2],x[2])",0.35928143712574845,bd082d42dcba8056510101f18394b575,0.3652694610778443,True,0.005988023952095856
8,10,"less_than_or_equal(add(add(x[7],x[2]),sub(x[2],38.95)),pdiv(mul(pdiv(pdiv(x[5],x[5]),add(x[5],x[2])),sub(x[7],pdiv(x[3],pdiv(x[5],x[3])))),x[2]))",False,,,9465a41b34c33438b8cc8c08331b8628,0.3652694610778443,False,0.0
8,10,"not_(less_than_or_equal(49.28,x[5]))",True,"less_than_or_equal(x[2],x[2])",0.35928143712574845,bd082d42dcba8056510101f18394b575,0.35928143712574845,False,0.0
8,10,"not_(less_than_or_equal(pdiv(x[5],mul(x[7],add(mul(add(add(x[5],x[2]),x[5]),mul(x[7],add(x[7],x[2]))),x[3]))),x[5]))",False,,,c1dff508cbea1786bc1a69281894a9d4,0.23952095808383234,False,0.0
8,10,"less_than_or_equal(mul(mul(x[7],x[2]),x[2]),x[3])",False,,,0ca8f819793d41adb64460e0cb300c4f,0.3053892215568862,False,0.0
8,10,"not_(less_than_or_equal(pdiv(x[5],add(add(pdiv(x[5],pdiv(x[2],x[2])),x[2]),x[0])),pdiv(x[3],x[7])))",False,,,78c1087f3e01ea5cc03bffa3f6d84105,0.6227544910179641,False,0.0
8,10,x[6],True,x[6],0.3652694610778443,ff9750a95f856aee791afc16a7ee79d4,0.3652694610778443,False,0.0
8,10,"not_(less_than_or_equal(pdiv(x[5],x[5]),x[0]))",True,"less_than_or_equal(x[2],x[2])",0.35928143712574845,bd082d42dcba8056510101f18394b575,0.3652694610778443,True,0.005988023952095856
8,10,"not_(less_than_or_equal(pdiv(x[5],x[5]),mul(mul(30.93,x[2]),mul(x[5],x[5]))))",False,,,0b1e85b93bb9a30715ea2aa64a9431a0,0.44311377245508987,False,0.0
8,10,"greater_than_or_equal(x[3], 30.95)",True,not_(x[6]),0.6347305389221557,b4068ba57b63c959651c969331c4b5cd,0.6407185628742516,True,0.005988023952095856
8,10,"greater_than_or_equal(x[3], x[2])",True,"greater_than_or_equal(x[3], x[2])",0.3652694610778443,0a54951987edb23171217fd387dfe4ac,0.3652694610778443,False,0.0
8,10,"less_than_or_equal(x[7],add(x[0],sub(sub(x[7],x[7]),76.90)))",True,not_(x[6]),0.6347305389221557,b4068ba57b63c959651c969331c4b5cd,0.6407185628742516,True,0.005988023952095856
8,10,"not_(less_than_or_equal(pdiv(x[5],x[5]),add(x[5],x[5])))",True,"not_(less_than_or_equal(pdiv(x[5],x[5]),add(x[5],x[5])))",0.4491017964071856,2218a51fb25443ecfeb7d4f388f41f4b,0.4491017964071856,False,0.0
8,10,"greater_than_or_equal(sub(pdiv(x[3],add(x[2],add(x[7],x[0]))),x[2]), x[0])",False,,,368c8ab1b2271785d90d6e31fc8ce7d2,0.32335329341317365,False,0.0
8,10,"greater_than_or_equal(x[5], sub(pdiv(add(x[5],x[0]),add(x[5],x[2])),add(sub(x[7],x[7]),pdiv(x[5],x[3]))))",False,,,f994f388bc9581067116130997d5f6e2,0.39520958083832336,False,0.0
8,10,"not_(less_than_or_equal(pdiv(x[5],add(x[2],x[2])),mul(x[5],x[5])))",False,,,3fddbd4dc60a7c93921f62a065786c93,0.32335329341317365,False,0.0
8,10,"not_(less_than_or_equal(x[5],mul(pdiv(pdiv(x[5],x[5]),x[5]),x[2])))",True,"greater_than_or_equal(mul(x[5],x[5]), x[2])",0.43113772455089816,27c9a0656cbf90b6dfaeb7687812c890,0.43113772455089816,False,0.0
8,10,"not_(less_than_or_equal(pdiv(x[5],x[3]),mul(add(x[5],x[2]),add(sub(x[7],mul(x[5],x[5])),30.95))))",True,"not_(not_(less_than_or_equal(91.64,pdiv(x[2],pdiv(x[3],x[0])))))",0.6586826347305389,9f39b412647a2bed42ce034a15293284,0.6586826347305389,False,0.0
8,10,"greater_than_or_equal(pdiv(x[5],x[5]), add(x[5],x[2]))",True,"not_(less_than_or_equal(pdiv(x[5],x[5]),add(x[5],x[2])))",0.2455089820359282,5825d6d8d32996f2f81bb41cc0bfa92f,0.2455089820359282,False,0.0
8,10,"not_(less_than_or_equal(x[2],x[7]))",True,"less_than_or_equal(add(x[5],x[7]),add(x[5],x[2]))",0.5269461077844311,544b4f45aa71542bcadfaa9d165fdbeb,0.5269461077844311,False,0.0
8,10,"greater_than_or_equal(94.93, add(x[2],x[2]))",True,"less_than_or_equal(x[2],x[2])",0.35928143712574845,bd082d42dcba8056510101f18394b575,0.35928143712574845,False,0.0
8,10,"greater_than_or_equal(x[3], x[7])",True,"greater_than_or_equal(x[3], x[7])",0.33532934131736525,176c0c35833bc4ae980b10cd773d9ebc,0.33532934131736525,False,0.0
8,10,"not_(less_than_or_equal(pdiv(x[5],x[7]),add(x[5],mul(x[5],add(x[5],x[2])))))",True,"greater_than_or_equal(x[5], mul(x[7],add(mul(x[5],add(x[5],x[2])),x[5])))",0.22155688622754488,e61648116a6f6ca12bb00c96f3f5bd1f,0.22754491017964074,True,0.005988023952095856
8,10,"greater_than_or_equal(sub(x[5],x[2]), mul(x[5],add(x[2],x[3])))",False,,,8c31c653ffca947c25aab427a3e53b89,0.43113772455089816,False,0.0
8,10,"not_(greater_than_or_equal(mul(x[7],add(mul(x[5],add(x[5],x[2])),x[5])), x[5]))",True,"greater_than_or_equal(x[5], mul(x[7],add(mul(x[5],add(x[5],x[2])),x[5])))",0.22155688622754488,e61648116a6f6ca12bb00c96f3f5bd1f,0.22754491017964074,True,0.005988023952095856
8,10,"greater_than_or_equal(sub(x[5],sub(95.19,pdiv(x[7],pdiv(x[7],pdiv(pdiv(mul(mul(x[5],x[5]),x[7]),x[5]),x[5]))))), add(x[5],x[2]))",True,not_(x[6]),0.6347305389221557,b4068ba57b63c959651c969331c4b5cd,0.6407185628742516,True,0.005988023952095856
8,10,"not_(less_than_or_equal(pdiv(x[3],x[5]),mul(x[7],add(x[3],x[2]))))",False,,,c2e3c1e13a750b1b5a56b6831a2298c6,0.27544910179640714,False,0.0
8,10,"greater_than_or_equal(x[3], mul(x[7],add(x[7],add(x[7],sub(x[7],mul(add(x[5],x[7]),x[5]))))))",False,,,18102eec9ef8b0b1c31fb32eecefe5e2,0.29940119760479045,False,0.0
8,10,"greater_than_or_equal(x[5], x[5])",True,"less_than_or_equal(x[2],x[2])",0.35928143712574845,bd082d42dcba8056510101f18394b575,0.35928143712574845,False,0.0
8,10,"less_than_or_equal(mul(mul(x[7],x[7]),mul(x[5],mul(mul(add(x[7],x[5]),x[2]),add(sub(x[7],x[7]),pdiv(sub(mul(x[5],mul(mul(x[5],add(x[3],x[7])),x[3])),x[7]),x[5]))))),x[3])",True,"less_than_or_equal(x[2],x[2])",0.35928143712574845,bd082d42dcba8056510101f18394b575,0.35928143712574845,False,0.0
8,10,"greater_than_or_equal(x[5], mul(x[7],x[0]))",True,"not_(less_than_or_equal(pdiv(x[5],x[0]),x[0]))",0.35928143712574845,5372ceb8b23ce5e1dd3bf5c2fc3a57aa,0.3413173652694611,True,-0.017964071856287345
8,10,"greater_than_or_equal(sub(pdiv(x[3],x[7]),mul(x[5],add(x[2],x[5]))), x[5])",False,,,cdea426fb8729e21fdc10ebd1a9b5272,0.3293413173652695,False,0.0
8,10,"greater_than_or_equal(pdiv(x[0],mul(x[3],x[7])), add(x[5],x[2]))",False,,,eb493efa7ca6f4c4357c786200c961cb,0.5389221556886228,False,0.0
8,10,"greater_than_or_equal(x[5], mul(x[7],add(x[7],pdiv(x[3],mul(x[2],x[2])))))",False,,,4d360fbd20b33a3214df87332b2bd3cb,0.6047904191616766,False,0.0
8,10,"greater_than_or_equal(x[5], x[5])",True,"less_than_or_equal(x[2],x[2])",0.35928143712574845,bd082d42dcba8056510101f18394b575,0.35928143712574845,False,0.0
8,10,"greater_than_or_equal(pdiv(add(x[5],x[2]),sub(x[7],pdiv(x[3],pdiv(x[5],x[3])))), x[2])",True,"less_than_or_equal(pdiv(x[3],x[7]),pdiv(x[5],x[3]))",0.6227544910179641,e170eeab867b7c50ea1966a9ea10e5b9,0.6227544910179641,False,0.0
8,10,"not_(less_than_or_equal(pdiv(x[5],x[5]),pdiv(x[5],x[5])))",True,not_(x[6]),0.6347305389221557,b4068ba57b63c959651c969331c4b5cd,0.6407185628742516,True,0.005988023952095856
8,10,"less_than_or_equal(mul(x[5],add(x[2],x[5])),mul(x[5],add(x[2],x[5])))",True,"less_than_or_equal(x[2],x[2])",0.35928143712574845,bd082d42dcba8056510101f18394b575,0.35928143712574845,False,0.0
8,10,"less_than_or_equal(mul(sub(x[7],x[3]),mul(add(pdiv(x[2],pdiv(97.97,x[5])),mul(x[2],x[5])),sub(pdiv(add(x[2],x[5]),mul(x[5],add(pdiv(x[2],30.95),mul(x[0],x[7])))),add(x[7],pdiv(x[3],x[5]))))),x[2])",False,,,2017d40cdcd435c0d1348aa4e9525323,0.29940119760479045,False,0.0
8,10,"greater_than_or_equal(x[5], add(x[7],sub(pdiv(x[3],x[5]),x[5])))",False,,,ae045d02a7f0d71fc348ab1d35a9fa3d,0.5568862275449102,False,0.0
8,10,"not_(less_than_or_equal(pdiv(x[5],mul(pdiv(x[5],add(mul(x[2],add(sub(x[7],x[7]),pdiv(x[5],x[5]))),add(x[5],x[2]))),add(pdiv(pdiv(x[5],x[5]),add(x[3],x[7])),mul(x[7],x[5])))),x[3]))",False,,,f99d70cc4dab5668ff00411059c7c75d,0.4850299401197605,False,0.0
8,10,"not_(less_than_or_equal(pdiv(x[3],x[5]),x[5]))",False,,,178b0a082bb86ed246316c01bb19f07e,0.37125748502994016,False,0.0
8,10,"not_(less_than_or_equal(add(x[5],add(add(pdiv(mul(pdiv(pdiv(x[5],x[2]),x[2]),x[0]),x[7]),mul(x[5],add(pdiv(x[5],add(pdiv(x[5],x[2]),x[3])),mul(x[7],pdiv(x[5],x[5]))))),x[2])),add(pdiv(x[5],x[2]),mul(x[2],x[5]))))",False,,,389557e26c0399447c83e3d6713d8a43,0.6287425149700598,False,0.0
8,10,"less_than_or_equal(mul(mul(x[5],x[5]),x[5]),add(x[5],x[2]))",True,"less_than_or_equal(x[2],x[2])",0.35928143712574845,bd082d42dcba8056510101f18394b575,0.35928143712574845,False,0.0
8,10,"less_than_or_equal(add(mul(x[7],pdiv(x[5],x[5])),x[2]),add(sub(x[7],x[7]),mul(x[7],x[3])))",True,not_(x[6]),0.6347305389221557,b4068ba57b63c959651c969331c4b5cd,0.6407185628742516,True,0.005988023952095856
8,10,"greater_than_or_equal(x[5], mul(x[7],sub(x[2],add(sub(x[7],x[7]),x[7]))))",False,,,fdd3289d4c2f5a78cb7698e14a9948c1,0.34730538922155685,False,0.0
8,10,"greater_than_or_equal(x[5], mul(19.04,x[7]))",True,not_(x[6]),0.6347305389221557,b4068ba57b63c959651c969331c4b5cd,0.6347305389221557,False,0.0
8,10,"less_than_or_equal(add(add(x[7],x[2]),sub(x[5],x[5])),add(pdiv(add(x[3],x[3]),add(add(x[0],x[0]),x[7])),x[7]))",False,,,e06e9ab970f68a5e352d1dcfb1782659,0.3413173652694611,False,0.0
8,10,"greater_than_or_equal(x[5], mul(x[7],mul(add(sub(x[2],x[7]),add(x[5],x[5])),add(sub(x[7],sub(x[5],mul(x[5],x[5]))),add(x[5],x[2])))))",False,,,4af6fdd6587a5cce582058841d44bb78,0.21556886227544914,False,0.0
8,10,"not_(less_than_or_equal(pdiv(x[5],x[5]),add(x[2],x[2])))",True,"not_(less_than_or_equal(pdiv(x[5],x[5]),add(x[2],x[2])))",0.25149700598802394,b1dd33075a09479c47bb17a355eef7af,0.25149700598802394,False,0.0
8,10,"greater_than_or_equal(x[0], add(mul(x[7],pdiv(x[5],x[5])),x[2]))",True,"less_than_or_equal(mul(pdiv(x[7],x[7]),add(x[5],x[2])),add(sub(x[7],x[7]),pdiv(mul(x[0],x[2]),sub(x[5],x[0]))))",0.6167664670658682,8e39f2e836f9199cdeed5046556535df,0.6047904191616766,True,-0.0119760479041916
8,10,"greater_than_or_equal(sub(x[2],pdiv(x[5],x[5])), add(x[0],x[7]))",True,not_(x[6]),0.6347305389221557,b4068ba57b63c959651c969331c4b5cd,0.6407185628742516,True,0.005988023952095856
8,10,"not_(less_than_or_equal(pdiv(x[7],x[7]),x[7]))",True,"not_(less_than_or_equal(pdiv(x[5],x[5]),add(pdiv(x[2],96.92),x[7])))",0.39520958083832336,db0e6c3409e9b2885c8014a7de8788af,0.39520958083832336,False,0.0
8,10,"less_than_or_equal(mul(mul(x[7],x[7]),mul(x[5],add(mul(sub(x[5],x[5]),x[3]),x[7]))),x[3])",True,"greater_than_or_equal(pdiv(add(x[5],x[2]),sub(x[5],x[5])), mul(mul(x[5],x[7]),pdiv(x[7],x[3])))",0.3413173652694611,f65c24e134a734a89a26a00dcb1d98d5,0.3293413173652695,True,-0.0119760479041916
8,10,"greater_than_or_equal(x[2], pdiv(add(x[5],x[7]),add(x[7],x[5])))",True,"greater_than_or_equal(x[2], pdiv(x[5],x[5]))",0.652694610778443,38d04e9716d0d4822bf3dbdceea9aa84,0.652694610778443,False,0.0
8,10,"greater_than_or_equal(mul(x[7],mul(add(sub(x[7],x[7]),x[7]),add(sub(x[7],sub(mul(x[7],x[0]),sub(pdiv(x[5],x[7]),x[3]))),x[7]))), x[5])",False,,,7a86bd6320954080746b5acb39362b2c,0.7544910179640718,False,0.0
8,10,"not_(greater_than_or_equal(pdiv(x[5],mul(x[5],add(x[7],pdiv(x[0],x[3])))), x[7]))",False,,,853da26cd015d196850177d1d337bfa9,0.688622754491018,False,0.0
8,10,"not_(less_than_or_equal(pdiv(x[5],add(add(pdiv(x[5],pdiv(x[2],x[2])),x[2]),x[5])),x[5]))",True,"not_(less_than_or_equal(pdiv(x[5],x[5]),add(add(x[2],x[5]),x[5])))",0.5089820359281437,c8f07d9b2f7dcef7f4fa44aeef22dc71,0.5149700598802396,True,0.005988023952095856
8,10,"greater_than_or_equal(x[7], x[5])",True,"greater_than_or_equal(x[7], x[5])",0.6107784431137724,793f9fa4aca1502cfe0a9ed6ab91b83c,0.6107784431137724,False,0.0
8,10,"greater_than_or_equal(x[5], mul(x[7],add(x[5],pdiv(x[3],x[7]))))",False,,,be7e86660e7c73363d58a9badc8fd773,0.5029940119760479,False,0.0
8,10,"not_(less_than_or_equal(pdiv(x[5],x[5]),add(x[5],30.96)))",True,not_(x[6]),0.6347305389221557,b4068ba57b63c959651c969331c4b5cd,0.6407185628742516,True,0.005988023952095856
8,10,"not_(less_than_or_equal(pdiv(x[5],add(add(pdiv(x[0],pdiv(x[2],x[2])),x[2]),x[0])),x[7]))",False,,,eead4ea88f19a1eb5d9fde5e6d8517aa,0.29940119760479045,False,0.0
8,10,"not_(less_than_or_equal(x[7],add(sub(x[7],sub(pdiv(x[7],x[0]),sub(pdiv(x[5],x[7]),x[3]))),x[7])))",False,,,12482c5402ddaa6d8b90eb6dd86be910,0.7125748502994012,False,0.0
8,10,"greater_than_or_equal(x[5], mul(x[7],mul(add(sub(x[7],x[7]),pdiv(add(mul(sub(x[7],x[3]),add(x[5],x[2])),add(x[7],x[0])),x[2])),x[0])))",False,,,11b58ab6d9c43dc28369dc44235c7304,0.31137724550898205,False,0.0
8,10,"greater_than_or_equal(x[0], sub(x[7],pdiv(x[2],x[2])))",True,"less_than_or_equal(x[2],x[2])",0.35928143712574845,bd082d42dcba8056510101f18394b575,0.35928143712574845,False,0.0
8,10,"greater_than_or_equal(x[5], sub(x[7],pdiv(x[0],pdiv(add(x[5],pdiv(x[5],x[3])),sub(x[7],x[7])))))",False,,,a8f98042add882bee815e2b9796a9b39,0.3772455089820359,False,0.0
8,10,"not_(less_than_or_equal(pdiv(x[5],x[7]),add(x[5],x[2])))",True,"greater_than_or_equal(x[5], mul(x[7],add(x[5],x[2])))",0.23353293413173648,49521aab13419e9d4582e656c37790ef,0.23353293413173648,False,0.0
8,10,"not_(less_than_or_equal(pdiv(x[3],sub(x[7],x[5])),add(x[2],x[5])))",False,,,1bb1b07d865452073a7fa622f9a0f3e0,0.6107784431137724,False,0.0
8,10,"greater_than_or_equal(pdiv(pdiv(mul(mul(x[5],add(x[2],x[5])),mul(x[5],add(pdiv(x[2],37.95),mul(x[0],x[7])))),add(x[7],pdiv(x[3],x[5]))),x[2]), x[3])",False,,,fcbd21d5e9960dd4175875ca0dc11c48,0.6227544910179641,False,0.0
8,10,"greater_than_or_equal(x[3], x[7])",True,"greater_than_or_equal(x[3], x[7])",0.33532934131736525,176c0c35833bc4ae980b10cd773d9ebc,0.33532934131736525,False,0.0
8,10,"less_than_or_equal(add(mul(mul(mul(x[2],x[7]),add(x[5],x[2])),add(sub(x[7],mul(x[7],add(x[7],x[7]))),x[2])),x[0]),add(add(x[2],x[3]),add(x[2],x[5])))",True,"less_than_or_equal(x[2],x[2])",0.35928143712574845,bd082d42dcba8056510101f18394b575,0.35928143712574845,False,0.0
8,10,"greater_than_or_equal(sub(pdiv(x[5],x[7]),mul(add(mul(pdiv(add(x[5],mul(x[2],add(x[5],x[2]))),x[5]),mul(x[7],add(x[7],x[2]))),x[3]),x[5])), x[5])",False,,,6a3805495b339e5457c78d10162e0c6d,0.25149700598802394,False,0.0
8,10,"not_(less_than_or_equal(x[2],add(x[7],x[0])))",True,"less_than_or_equal(add(x[7],x[0]),x[2])",0.5868263473053892,3d21c265981cf66bca30bbf040098be4,0.5868263473053892,False,0.0
8,10,"greater_than_or_equal(add(pdiv(x[5],x[3]),x[2]), add(pdiv(add(x[7],pdiv(x[2],x[2])),mul(x[2],x[5])),add(mul(x[0],24.40),x[0])))",False,,,9881215f9e9d91a1e285e52a4226ab13,0.6646706586826348,False,0.0
8,10,"greater_than_or_equal(add(pdiv(x[3],x[7]),pdiv(x[5],add(x[3],x[7]))), x[2])",True,"not_(less_than_or_equal(sub(x[5],x[0]),sub(sub(x[2],x[5]),pdiv(x[3],x[7]))))",0.3532934131736527,e3377e05a071fdabd557028c38f7f842,0.3532934131736527,False,0.0
8,10,"greater_than_or_equal(pdiv(x[5],add(x[2],x[5])), add(pdiv(pdiv(x[7],pdiv(pdiv(mul(mul(x[5],x[5]),x[7]),x[5]),x[5])),add(x[5],x[5])),add(x[7],pdiv(mul(x[5],x[5]),x[2]))))",True,not_(x[6]),0.6347305389221557,b4068ba57b63c959651c969331c4b5cd,0.6407185628742516,True,0.005988023952095856
8,10,"not_(less_than_or_equal(add(x[5],x[5]),sub(add(mul(mul(x[5],add(x[3],x[7])),x[3]),pdiv(x[7],mul(x[7],x[5]))),x[3])))",False,,,04e1caff2f0063d68fb621a30c560796,0.6407185628742516,False,0.0
8,10,"less_than_or_equal(add(mul(x[7],pdiv(x[5],x[5])),x[2]),add(sub(x[7],x[7]),pdiv(69.44,sub(x[3],x[3]))))",True,"less_than_or_equal(add(mul(x[7],pdiv(x[5],x[5])),x[2]),add(sub(x[7],x[7]),pdiv(69.44,sub(x[3],x[3]))))",0.19161676646706582,14c6e007ad625f3839f568e9ee8a86e1,0.1428571428571429,True,-0.04875962360992292
8,11,"not_(greater_than_or_equal(mul(x[2],add(x[2],x[5])), mul(x[5],add(x[2],x[5]))))",True,"not_(not_(less_than_or_equal(x[2],x[5])))",0.34730538922155685,4af53f79d9ad2ffac455113b88a02dd4,0.34730538922155685,False,0.0
8,11,"not_(less_than_or_equal(pdiv(mul(x[0],mul(x[3],mul(add(x[7],x[7]),x[7]))),x[0]),x[2]))",False,,,1299fd0f54786f468b6d49b5a3672b74,0.44311377245508987,False,0.0
8,11,"greater_than_or_equal(x[5], mul(08.36,x[3]))",True,"not_(less_than_or_equal(pdiv(x[5],09.17),x[3]))",0.6646706586826348,d1e38d624cbc9a247363aa0a26a48778,0.6646706586826348,False,0.0
8,11,"not_(less_than_or_equal(pdiv(x[5],x[7]),add(x[5],mul(x[5],add(x[3],x[7])))))",False,,,e07bad2ba699cfd4243ab25a9a13e7e3,0.2455089820359282,False,0.0
8,11,"greater_than_or_equal(x[5], x[2])",True,"not_(not_(less_than_or_equal(x[2],x[5])))",0.34730538922155685,4af53f79d9ad2ffac455113b88a02dd4,0.34730538922155685,False,0.0
8,11,"greater_than_or_equal(pdiv(pdiv(x[5],x[5]),x[5]), pdiv(mul(x[2],x[7]),pdiv(x[5],x[5])))",True,"less_than_or_equal(x[2],x[2])",0.35928143712574845,bd082d42dcba8056510101f18394b575,0.35928143712574845,False,0.0
8,11,"not_(less_than_or_equal(x[3],pdiv(x[5],x[5])))",True,not_(x[6]),0.6347305389221557,b4068ba57b63c959651c969331c4b5cd,0.6407185628742516,True,0.005988023952095856
8,11,"greater_than_or_equal(pdiv(sub(pdiv(x[2],add(x[7],x[5])),x[2]),add(pdiv(pdiv(x[5],x[5]),add(x[3],x[7])),mul(x[7],x[5]))), x[3])",True,"greater_than_or_equal(sub(sub(x[2],x[0]),mul(x[5],x[5])), add(x[5],x[7]))",0.6467065868263473,010fedbe01ea4f26283d817f98ba456b,0.6167664670658682,True,-0.029940119760479056
8,11,"not_(less_than_or_equal(x[7],sub(x[3],x[7])))",False,,,f21df9d8c2ca878482c37ae6599e2312,0.5868263473053892,False,0.0
8,11,"greater_than_or_equal(pdiv(add(x[2],sub(add(x[5],x[2]),add(sub(x[7],mul(x[0],x[5])),x[7]))),pdiv(x[5],x[5])), x[5])",False,,,43dd8fb100fe8cfb9d7b42532fa85cdc,0.5269461077844311,False,0.0
8,11,"not_(less_than_or_equal(pdiv(x[5],x[3]),mul(x[5],x[2])))",True,"less_than_or_equal(x[2],x[2])",0.35928143712574845,bd082d42dcba8056510101f18394b575,0.3652694610778443,True,0.005988023952095856
8,11,"greater_than_or_equal(x[3], x[2])",True,"greater_than_or_equal(x[3], x[2])",0.3652694610778443,0a54951987edb23171217fd387dfe4ac,0.3652694610778443,False,0.0
8,11,"greater_than_or_equal(x[5], mul(x[7],add(x[7],add(x[3],x[7]))))",True,"greater_than_or_equal(x[5], mul(x[7],add(x[7],add(x[3],x[7]))))",0.31137724550898205,92552161c5d20d1b9aa117454bb6ae16,0.31137724550898205,False,0.0
8,11,"not_(less_than_or_equal(pdiv(x[5],x[5]),pdiv(add(pdiv(pdiv(x[5],x[7]),x[0]),x[2]),x[0])))",True,not_(x[6]),0.6347305389221557,b4068ba57b63c959651c969331c4b5cd,0.6407185628742516,True,0.005988023952095856
8,11,"not_(less_than_or_equal(pdiv(x[5],x[5]),x[7]))",True,"not_(less_than_or_equal(pdiv(x[5],x[5]),add(pdiv(x[2],96.92),x[7])))",0.39520958083832336,db0e6c3409e9b2885c8014a7de8788af,0.39520958083832336,False,0.0
8,11,"not_(less_than_or_equal(pdiv(x[5],x[5]),add(x[7],x[2])))",True,"less_than_or_equal(add(mul(x[7],pdiv(x[5],x[5])),x[2]),add(sub(x[7],x[7]),pdiv(69.44,sub(x[3],x[3]))))",0.19161676646706582,14c6e007ad625f3839f568e9ee8a86e1,0.19161676646706582,False,0.0
8,11,"not_(less_than_or_equal(pdiv(x[5],x[5]),sub(x[7],x[5])))",True,"less_than_or_equal(x[2],x[2])",0.35928143712574845,bd082d42dcba8056510101f18394b575,0.35928143712574845,False,0.0
8,11,"not_(greater_than_or_equal(pdiv(x[0],x[5]), x[5]))",True,"greater_than_or_equal(add(pdiv(x[3],69.14),x[5]), pdiv(x[0],x[5]))",0.4131736526946108,785faa5ff1d03ecbf2b21099b68e5b9d,0.4131736526946108,False,0.0
8,11,"not_(less_than_or_equal(x[5],mul(sub(x[7],x[7]),add(x[5],x[2]))))",True,"less_than_or_equal(x[2],x[2])",0.35928143712574845,bd082d42dcba8056510101f18394b575,0.3652694610778443,True,0.005988023952095856
8,11,"less_than_or_equal(mul(mul(x[7],mul(x[5],x[3])),x[3]),add(x[7],x[5]))",True,"less_than_or_equal(x[2],x[2])",0.35928143712574845,bd082d42dcba8056510101f18394b575,0.35928143712574845,False,0.0
8,11,"greater_than_or_equal(x[5], mul(x[7],add(x[5],add(add(x[5],x[2]),x[5]))))",False,,,07854308cecb684b832ea9cc5d0d7905,0.35928143712574845,False,0.0
8,11,"greater_than_or_equal(x[3], x[5])",True,"less_than_or_equal(x[5],x[3])",0.5089820359281437,1d4d287fbe015bbb313f097e26f5bc37,0.5089820359281437,False,0.0
8,11,"not_(less_than_or_equal(pdiv(sub(x[3],x[7]),sub(x[3],x[7])),add(mul(x[3],x[5]),pdiv(x[3],x[3]))))",True,not_(x[6]),0.6347305389221557,b4068ba57b63c959651c969331c4b5cd,0.6407185628742516,True,0.005988023952095856
8,11,"greater_than_or_equal(x[5], mul(pdiv(x[2],add(sub(x[2],x[7]),add(x[5],x[5]))),add(sub(x[7],sub(x[5],mul(x[5],x[5]))),pdiv(x[5],add(x[2],x[2])))))",False,,,6b27240e0498651414f510daa1d7d80a,0.3892215568862275,False,0.0
8,11,"greater_than_or_equal(add(x[5],x[2]), mul(x[7],pdiv(mul(x[5],x[5]),x[0])))",False,,,7d570fb2bd63e58e0401d248fc4ecf43,0.3053892215568862,False,0.0
8,11,"not_(less_than_or_equal(pdiv(x[5],x[5]),add(pdiv(x[5],add(pdiv(x[5],x[7]),sub(pdiv(mul(x[7],mul(x[7],x[0])),x[5]),add(x[2],x[0])))),x[7])))",False,,,749f52c65c8f918df44cad2c280a327c,0.32335329341317365,False,0.0
8,11,"greater_than_or_equal(pdiv(x[5],x[2]), x[0])",True,"greater_than_or_equal(mul(add(x[2],x[5]),sub(x[5],x[0])), mul(mul(x[0],x[7]),sub(x[5],x[7])))",0.38323353293413176,cf65da81ffb7a9d4ff3e042c0fa7a250,0.35928143712574845,True,-0.02395209580838331
8,11,"not_(less_than_or_equal(pdiv(x[5],x[5]),add(99.69,x[0])))",True,not_(x[6]),0.6347305389221557,b4068ba57b63c959651c969331c4b5cd,0.6407185628742516,True,0.005988023952095856
8,11,"greater_than_or_equal(x[5], sub(pdiv(add(x[5],x[0]),add(x[5],x[2])),add(sub(x[7],x[7]),pdiv(x[5],x[3]))))",True,"greater_than_or_equal(x[5], sub(pdiv(add(x[5],x[0]),add(x[5],x[2])),add(sub(x[7],x[7]),pdiv(x[5],x[3]))))",0.39520958083832336,f994f388bc9581067116130997d5f6e2,0.39520958083832336,False,0.0
8,11,"less_than_or_equal(add(add(x[7],x[2]),sub(x[2],x[3])),pdiv(pdiv(x[2],pdiv(pdiv(x[5],x[5]),x[5])),add(x[2],x[2])))",False,,,a6f6cb11e2a4f477996ab0d4b111ad4e,0.3772455089820359,False,0.0
8,11,"less_than_or_equal(add(mul(x[7],pdiv(x[5],x[5])),x[2]),add(sub(x[7],x[7]),pdiv(69.44,sub(x[3],x[5]))))",True,"less_than_or_equal(add(mul(x[7],pdiv(x[5],x[5])),x[2]),add(sub(x[7],x[7]),pdiv(69.44,sub(x[3],x[5]))))",0.4970059880239521,90cdb3421b6dbba9aaa9e95a1ee24e80,0.4970059880239521,False,0.0
8,11,"greater_than_or_equal(x[5], mul(x[7],x[3]))",True,"not_(less_than_or_equal(pdiv(x[5],x[3]),x[7]))",0.3413173652694611,e691e9faf9d6cf6a1c64f756c672a16e,0.3413173652694611,False,0.0
8,11,"greater_than_or_equal(sub(x[7],pdiv(x[7],mul(x[0],mul(x[3],x[7])))), add(x[5],x[2]))",True,not_(x[6]),0.6347305389221557,b4068ba57b63c959651c969331c4b5cd,0.6407185628742516,True,0.005988023952095856
8,11,"greater_than_or_equal(x[3], x[5])",True,"less_than_or_equal(x[5],x[3])",0.5089820359281437,1d4d287fbe015bbb313f097e26f5bc37,0.5089820359281437,False,0.0
8,11,"less_than_or_equal(x[7],add(x[0],x[7]))",True,"less_than_or_equal(x[2],x[2])",0.35928143712574845,bd082d42dcba8056510101f18394b575,0.35928143712574845,False,0.0
8,11,"greater_than_or_equal(x[3], sub(pdiv(x[5],x[0]),x[2]))",False,,,9ed05fa2fc3913a6c9ee25b57abade32,0.6407185628742516,False,0.0
8,11,"greater_than_or_equal(x[0], sub(x[7],sub(x[2],x[2])))",True,"less_than_or_equal(x[7],x[0])",0.5449101796407185,be077d9307e8548c7420a3c3b9c6aaf2,0.5449101796407185,False,0.0
8,11,"less_than_or_equal(mul(mul(x[7],x[2]),add(x[5],x[2])),x[5])",True,"less_than_or_equal(mul(mul(x[7],x[2]),add(x[5],x[2])),x[5])",0.28742514970059885,4ae7d23fb296374221971282b09dd9ba,0.28742514970059885,False,0.0
8,11,"not_(less_than_or_equal(x[5],mul(x[2],add(mul(x[7],add(x[7],x[2])),x[3]))))",False,,,a1500830b61bb703f07e4dcc7d63520c,0.2934131736526946,False,0.0
8,11,"not_(greater_than_or_equal(pdiv(x[3],x[5]), x[5]))",False,,,a69468c0e3d41a47336e0cca4028160a,0.6107784431137724,False,0.0
8,11,"not_(less_than_or_equal(x[7],x[5]))",True,"greater_than_or_equal(x[7], x[5])",0.6107784431137724,793f9fa4aca1502cfe0a9ed6ab91b83c,0.6107784431137724,False,0.0
8,11,"greater_than_or_equal(x[5], x[5])",True,"less_than_or_equal(x[2],x[2])",0.35928143712574845,bd082d42dcba8056510101f18394b575,0.35928143712574845,False,0.0
8,11,"not_(less_than_or_equal(mul(x[5],mul(add(add(x[5],x[2]),x[5]),mul(x[7],add(x[7],x[2])))),x[3]))",False,,,f31cef1dadd07b8e2f10a357902ded36,0.7245508982035929,False,0.0
8,11,"not_(less_than_or_equal(pdiv(x[5],x[3]),mul(add(x[5],x[2]),pdiv(x[7],x[7]))))",True,"not_(less_than_or_equal(pdiv(x[5],x[3]),add(x[5],x[2])))",0.33532934131736525,19e0b26b04f63034b8102da698d0b3b7,0.33532934131736525,False,0.0
8,11,"less_than_or_equal(x[5],sub(mul(x[0],x[7]),pdiv(mul(x[5],x[5]),x[0])))",True,"less_than_or_equal(sub(pdiv(x[5],x[2]),mul(x[7],x[0])),mul(mul(x[3],x[2]),sub(x[5],x[2])))",0.6467065868263473,64a044af0d7ad5746f97e0885e2b3f57,0.6586826347305389,True,0.0119760479041916
8,11,"less_than_or_equal(x[5],mul(x[7],mul(add(sub(x[2],x[7]),add(x[5],x[5])),add(sub(x[7],sub(x[5],mul(x[5],x[5]))),add(x[0],x[2])))))",False,,,0ee99099b9784125b17971859659e523,0.7604790419161677,False,0.0
8,11,"greater_than_or_equal(sub(pdiv(add(x[3],x[5]),add(x[0],x[5])),x[5]), x[3])",True,"not_(less_than_or_equal(pdiv(x[5],x[5]),add(x[5],x[0])))",0.3053892215568862,00c19a3fd72854100569949b11521f0b,0.3053892215568862,False,0.0
8,11,"greater_than_or_equal(add(pdiv(x[7],x[5]),add(x[3],x[7])), x[7])",True,"less_than_or_equal(x[2],x[2])",0.35928143712574845,bd082d42dcba8056510101f18394b575,0.35928143712574845,False,0.0
8,11,"less_than_or_equal(add(mul(x[7],pdiv(x[5],sub(x[7],x[2]))),add(pdiv(x[3],x[5]),add(pdiv(x[2],30.95),mul(x[0],x[7])))),add(x[2],pdiv(x[3],x[5])))",False,,,4562e1f13581d6839626f505af765b6e,0.5269461077844311,False,0.0
8,11,"not_(less_than_or_equal(add(mul(pdiv(x[5],x[5]),add(x[2],x[5])),add(x[3],x[2])),add(pdiv(add(x[7],pdiv(x[2],x[2])),mul(x[2],x[5])),add(mul(x[0],24.40),x[0]))))",False,,,6f6c8962e8f969d8555a83ba6e34b09e,0.6347305389221557,False,0.0
8,11,"greater_than_or_equal(x[5], mul(x[7],mul(x[2],x[7])))",True,"not_(greater_than_or_equal(mul(x[7],add(x[5],x[7])), add(pdiv(mul(x[2],add(x[5],x[5])),x[2]),add(sub(x[7],x[7]),pdiv(x[5],x[3])))))",0.32335329341317365,6879d8556cd3538b7aad64e5d345873a,0.3293413173652695,True,0.005988023952095856
8,11,"not_(less_than_or_equal(pdiv(x[5],add(add(pdiv(x[0],pdiv(x[2],x[2])),x[2]),x[0])),x[2]))",False,,,b21d27542a04a49cf121deac46c882c3,0.32335329341317365,False,0.0
8,11,"greater_than_or_equal(x[5], mul(sub(add(pdiv(x[0],add(pdiv(add(x[5],pdiv(x[5],x[7])),x[0]),x[7])),pdiv(x[5],x[7])),add(x[2],x[2])),mul(x[5],x[5])))",True,"less_than_or_equal(x[5],mul(x[7],add(mul(x[5],add(x[3],pdiv(x[5],x[5]))),add(x[2],x[2]))))",0.7365269461077844,6fac9dce50f7548ecef255f45388a574,0.5808383233532934,True,-0.1556886227544909
8,11,"not_(greater_than_or_equal(x[0], add(add(x[2],x[3]),add(x[2],x[5]))))",True,"less_than_or_equal(x[2],x[2])",0.35928143712574845,bd082d42dcba8056510101f18394b575,0.35928143712574845,False,0.0
8,11,"not_(less_than_or_equal(pdiv(x[3],sub(x[0],x[7])),add(x[7],x[5])))",False,,,8dd6ae1a989d7f42eab433ca81bd2401,0.5568862275449102,False,0.0
8,11,"greater_than_or_equal(49.54, pdiv(x[2],add(add(x[2],x[3]),add(x[2],x[5]))))",True,"less_than_or_equal(x[2],x[2])",0.35928143712574845,bd082d42dcba8056510101f18394b575,0.35928143712574845,False,0.0
8,11,"greater_than_or_equal(x[3], mul(sub(add(x[5],x[2]),pdiv(x[3],add(pdiv(x[3],pdiv(x[0],x[5])),x[5]))),mul(sub(add(sub(pdiv(x[5],x[5]),add(x[2],x[5])),mul(x[5],add(pdiv(x[3],pdiv(x[5],add(x[5],mul(x[0],x[7])))),add(x[7],pdiv(x[3],x[5]))))),x[2]),x[3])))",True,"greater_than_or_equal(x[3], mul(sub(add(x[5],x[2]),pdiv(x[3],add(pdiv(x[3],pdiv(x[0],x[5])),x[5]))),mul(sub(add(sub(pdiv(x[5],x[5]),add(x[2],x[5])),mul(x[5],add(pdiv(x[3],pdiv(x[5],add(x[5],mul(x[0],x[7])))),add(x[7],pdiv(x[3],x[5]))))),x[2]),x[3])))",0.3293413173652695,2fc59488224b174833748d64c9e5c1c9,0.3293413173652695,False,0.0
8,11,"greater_than_or_equal(x[3], x[2])",True,"greater_than_or_equal(x[3], x[2])",0.3652694610778443,0a54951987edb23171217fd387dfe4ac,0.3652694610778443,False,0.0
8,11,"not_(less_than_or_equal(x[7],add(x[5],x[2])))",True,"greater_than_or_equal(x[7], mul(add(x[2],x[5]),pdiv(x[7],x[7])))",0.6167664670658682,416dcf46c8881ba7fb0ffdc2f0629f37,0.6167664670658682,False,0.0
8,11,"greater_than_or_equal(x[3], mul(sub(add(x[5],x[2]),pdiv(x[3],add(pdiv(x[3],pdiv(x[0],x[5])),x[5]))),mul(sub(add(sub(pdiv(x[5],x[5]),add(x[2],x[0])),mul(x[5],add(pdiv(x[5],x[2]),x[5]))),mul(x[5],add(x[0],x[2]))),x[2])))",False,,,c330c95cbf005604316ccc5bf7c0cf33,0.35928143712574845,False,0.0
8,11,"less_than_or_equal(x[5],sub(x[7],pdiv(x[5],pdiv(x[3],x[5]))))",False,,,943a197191a745161a2e50d51dce1918,0.6766467065868264,False,0.0
8,11,"greater_than_or_equal(x[5], sub(mul(x[5],add(x[0],x[2])),add(x[7],x[0])))",True,"less_than_or_equal(x[2],x[2])",0.35928143712574845,bd082d42dcba8056510101f18394b575,0.35928143712574845,False,0.0
8,11,"greater_than_or_equal(pdiv(x[5],x[5]), add(x[5],x[2]))",True,"not_(less_than_or_equal(pdiv(x[5],x[5]),add(x[5],x[2])))",0.2455089820359282,5825d6d8d32996f2f81bb41cc0bfa92f,0.2455089820359282,False,0.0
8,11,"greater_than_or_equal(x[5], x[5])",True,"less_than_or_equal(x[2],x[2])",0.35928143712574845,bd082d42dcba8056510101f18394b575,0.35928143712574845,False,0.0
8,11,"greater_than_or_equal(x[5], add(x[7],sub(pdiv(x[7],x[7]),x[3])))",False,,,5423c6348d296cbbae93a3fa1896dcc0,0.592814371257485,False,0.0
8,11,"greater_than_or_equal(add(x[5],x[0]), x[5])",True,"less_than_or_equal(x[2],x[2])",0.35928143712574845,bd082d42dcba8056510101f18394b575,0.35928143712574845,False,0.0
8,11,"not_(less_than_or_equal(pdiv(x[2],add(x[2],x[2])),mul(x[5],x[0])))",False,,,9b05fb3f3613bfa578c4238631890179,0.35928143712574845,False,0.0
8,11,"not_(less_than_or_equal(pdiv(x[5],sub(pdiv(mul(mul(x[3],x[5]),add(x[0],x[7])),x[5]),x[3])),add(x[2],x[5])))",False,,,74260608f0ece76dee658a45ad682207,0.6706586826347305,False,0.0
8,11,"less_than_or_equal(add(add(x[7],x[2]),add(x[2],x[3])),add(pdiv(x[3],pdiv(x[0],x[5])),add(pdiv(add(x[0],mul(x[5],x[5])),sub(pdiv(x[5],x[5]),add(x[5],x[2]))),mul(x[7],pdiv(add(x[5],x[5]),x[2])))))",False,,,3d95e2e2a8b3db213684a18ab80611c0,0.25149700598802394,False,0.0
8,11,"greater_than_or_equal(x[3], x[2])",True,"greater_than_or_equal(x[3], x[2])",0.3652694610778443,0a54951987edb23171217fd387dfe4ac,0.3652694610778443,False,0.0
8,11,"not_(less_than_or_equal(pdiv(x[5],x[2]),add(x[2],x[5])))",True,"greater_than_or_equal(pdiv(x[5],pdiv(add(x[2],x[5]),x[5])), mul(x[5],x[2]))",0.28742514970059885,0803226314985e684579b7ad7da3df72,0.2934131736526946,True,0.0059880239520957446
8,11,"greater_than_or_equal(x[3], pdiv(x[2],pdiv(pdiv(x[2],x[3]),add(x[2],x[3]))))",False,,,055bb9c6a9d3e71cbe67db7ad0a0e83c,0.29940119760479045,False,0.0
8,11,"not_(less_than_or_equal(pdiv(x[5],x[5]),add(x[2],x[5])))",True,"not_(less_than_or_equal(pdiv(x[5],x[5]),add(x[5],x[2])))",0.2455089820359282,5825d6d8d32996f2f81bb41cc0bfa92f,0.2455089820359282,False,0.0
8,11,"greater_than_or_equal(pdiv(x[5],x[5]), add(90.89,pdiv(add(x[2],x[2]),x[5])))",True,not_(x[6]),0.6347305389221557,b4068ba57b63c959651c969331c4b5cd,0.6407185628742516,True,0.005988023952095856
8,11,"greater_than_or_equal(39.69, sub(x[5],add(mul(x[0],24.40),x[0])))",True,"less_than_or_equal(x[2],x[2])",0.35928143712574845,bd082d42dcba8056510101f18394b575,0.35928143712574845,False,0.0
8,11,"greater_than_or_equal(x[3], x[3])",True,"less_than_or_equal(x[2],x[2])",0.35928143712574845,bd082d42dcba8056510101f18394b575,0.35928143712574845,False,0.0
8,11,"greater_than_or_equal(x[5], mul(x[2],add(x[5],pdiv(pdiv(pdiv(pdiv(x[5],x[5]),x[5]),pdiv(mul(x[2],x[7]),x[3])),pdiv(x[5],x[5])))))",False,,,7f873cb2a7ac83716f9b1f08e24febfd,0.6347305389221557,False,0.0
8,11,"not_(less_than_or_equal(pdiv(x[5],pdiv(pdiv(x[3],x[5]),x[5])),sub(add(x[2],x[2]),sub(x[0],x[7]))))",False,,,99a863df785e74892d6dc57855cbcdec,0.5269461077844311,False,0.0
8,11,"less_than_or_equal(sub(mul(add(x[2],x[2]),x[7]),mul(add(x[7],x[5]),pdiv(x[7],x[3]))),mul(x[0],x[7]))",False,,,a0a94a5b8cff47d1c0df5b744a2cd706,0.3532934131736527,False,0.0
8,11,"greater_than_or_equal(pdiv(x[5],x[5]), add(x[5],add(pdiv(add(x[2],x[5]),mul(x[7],add(x[7],add(x[5],x[2])))),add(sub(x[7],x[7]),pdiv(x[5],add(x[2],x[3]))))))",False,,,420aeeb9f413dca625ce63f62f68c558,0.6706586826347305,False,0.0
8,11,"less_than_or_equal(mul(mul(37.49,x[5]),x[7]),mul(add(23.97,x[5]),add(x[5],x[5])))",True,"less_than_or_equal(x[2],x[2])",0.35928143712574845,bd082d42dcba8056510101f18394b575,0.35928143712574845,False,0.0
8,11,"not_(less_than_or_equal(add(x[2],add(x[7],x[7])),x[2]))",True,"less_than_or_equal(x[2],x[2])",0.35928143712574845,bd082d42dcba8056510101f18394b575,0.35928143712574845,False,0.0
8,11,"greater_than_or_equal(x[5], mul(x[5],pdiv(x[5],add(pdiv(add(x[2],x[5]),x[5]),mul(x[2],x[2])))))",True,"less_than_or_equal(x[2],x[2])",0.35928143712574845,bd082d42dcba8056510101f18394b575,0.35928143712574845,False,0.0
8,11,"greater_than_or_equal(x[5], x[5])",True,"less_than_or_equal(x[2],x[2])",0.35928143712574845,bd082d42dcba8056510101f18394b575,0.35928143712574845,False,0.0
8,11,"greater_than_or_equal(x[3], mul(x[2],53.74))",True,"greater_than_or_equal(pdiv(mul(x[5],x[2]),pdiv(x[2],x[5])), add(sub(x[7],x[7]),add(x[5],x[0])))",0.6107784431137724,ec48eb4aba9f475884bcf9e8f28adadc,0.6167664670658682,True,0.005988023952095856
8,11,"not_(less_than_or_equal(add(pdiv(pdiv(x[0],x[5]),add(x[2],x[5])),mul(x[5],add(pdiv(x[2],32.42),x[7]))),add(pdiv(mul(x[2],add(mul(x[0],x[2]),x[5])),sub(x[2],x[2])),add(pdiv(pdiv(x[5],x[5]),add(x[3],x[7])),mul(x[7],x[5])))))",True,"less_than_or_equal(x[5],x[0])",0.6227544910179641,2aedc6e15176de9ec0c909a1a3b35796,0.6347305389221557,True,0.0119760479041916
8,11,"greater_than_or_equal(x[3], add(x[5],mul(x[0],x[7])))",False,,,40bf93cba4d6b008d82dd09ed39f5bd7,0.5209580838323353,False,0.0
8,11,"not_(greater_than_or_equal(mul(mul(x[3],add(x[5],x[5])),x[3]), x[3]))",False,,,9969cffb813f40f870106d710ceda771,0.34730538922155685,False,0.0
8,11,"greater_than_or_equal(x[5], x[7])",True,"greater_than_or_equal(x[5], x[7])",0.3892215568862275,ca29d589a2290a0489371628a6b32bf4,0.3892215568862275,False,0.0
8,11,"greater_than_or_equal(x[5], x[5])",True,"less_than_or_equal(x[2],x[2])",0.35928143712574845,bd082d42dcba8056510101f18394b575,0.35928143712574845,False,0.0
8,11,"not_(less_than_or_equal(pdiv(mul(x[7],add(x[7],x[5])),x[7]),x[0]))",True,"less_than_or_equal(x[2],x[2])",0.35928143712574845,bd082d42dcba8056510101f18394b575,0.37125748502994016,True,0.011976047904191711
8,11,"greater_than_or_equal(x[0], x[0])",True,"less_than_or_equal(x[2],x[2])",0.35928143712574845,bd082d42dcba8056510101f18394b575,0.35928143712574845,False,0.0
8,11,"greater_than_or_equal(pdiv(x[2],mul(x[5],mul(x[7],x[3]))), x[7])",False,,,fe85459e7499746ead94c048b25955a2,0.38323353293413176,False,0.0
8,11,"not_(less_than_or_equal(pdiv(x[5],x[2]),sub(x[7],x[7])))",True,"less_than_or_equal(x[2],x[2])",0.35928143712574845,bd082d42dcba8056510101f18394b575,0.3652694610778443,True,0.005988023952095856
8,11,"greater_than_or_equal(x[5], mul(x[7],mul(add(x[7],add(pdiv(x[3],x[7]),add(x[3],x[7]))),sub(x[7],x[5]))))",False,,,5bc69dc43a60e2641e2861fcf73927a8,0.3293413173652695,False,0.0
8,11,"greater_than_or_equal(pdiv(x[2],add(x[2],x[2])), 09.39)",True,not_(x[6]),0.6347305389221557,b4068ba57b63c959651c969331c4b5cd,0.6407185628742516,True,0.005988023952095856
8,11,"less_than_or_equal(mul(mul(x[7],mul(pdiv(x[5],x[3]),mul(add(x[5],x[2]),pdiv(sub(x[7],mul(x[0],x[5])),x[7])))),pdiv(x[5],x[5])),x[5])",False,,,7cc9e03ae9e847fb5bff8c69983306a5,0.29940119760479045,False,0.0
8,11,"not_(less_than_or_equal(x[5],add(x[2],x[5])))",True,not_(x[6]),0.6347305389221557,b4068ba57b63c959651c969331c4b5cd,0.6407185628742516,True,0.005988023952095856
8,11,"greater_than_or_equal(x[5], mul(x[7],pdiv(x[5],x[5])))",True,"greater_than_or_equal(x[5], x[7])",0.3892215568862275,ca29d589a2290a0489371628a6b32bf4,0.3892215568862275,False,0.0
8,11,"not_(less_than_or_equal(add(x[7],add(x[3],x[2])),x[5]))",False,,,8b9756917486077a56d0bfe729d76891,0.43113772455089816,False,0.0
8,11,"not_(less_than_or_equal(pdiv(pdiv(pdiv(x[5],x[5]),add(x[2],x[2])),09.39),x[3]))",False,,,eb1f65d1960a4083f1ec37e8bd3f63c4,0.5149700598802396,False,0.0
8,11,"less_than_or_equal(add(add(x[7],x[2]),add(x[2],x[3])),add(pdiv(x[3],pdiv(x[7],add(x[2],x[7]))),pdiv(x[3],x[7])))",False,,,6223880c2d3f19bc3b4099d8f1d0bc85,0.281437125748503,False,0.0
8,11,"greater_than_or_equal(pdiv(x[5],x[2]), x[5])",True,"not_(greater_than_or_equal(mul(x[7],x[2]), x[7]))",0.34730538922155685,f69cf4961d82af0c72c0014d2a401904,0.34730538922155685,False,0.0
8,11,"less_than_or_equal(add(x[5],mul(pdiv(x[5],x[5]),x[3])),add(x[5],x[5]))",True,"less_than_or_equal(mul(sub(x[7],x[0]),pdiv(x[7],25.93)),pdiv(x[7],sub(mul(x[3],x[5]),mul(x[3],x[3]))))",0.5089820359281437,8ad7ccd0e2bcf51cfea619f1321f2792,0.5089820359281437,False,0.0
8,11,"greater_than_or_equal(x[5], mul(x[7],mul(sub(x[7],x[7]),pdiv(x[3],x[7]))))",True,"less_than_or_equal(x[2],x[2])",0.35928143712574845,bd082d42dcba8056510101f18394b575,0.35928143712574845,False,0.0
8,11,"not_(less_than_or_equal(pdiv(x[5],x[3]),30.93))",True,"not_(not_(less_than_or_equal(91.64,pdiv(x[2],pdiv(x[3],x[0])))))",0.6586826347305389,9f39b412647a2bed42ce034a15293284,0.6586826347305389,False,0.0
8,11,"greater_than_or_equal(x[3], add(add(x[5],mul(09.59,pdiv(x[5],mul(x[7],add(x[7],add(x[5],x[2])))))),add(sub(x[7],x[7]),pdiv(x[5],x[3]))))",False,,,d1709bd265ad2c04831bc05680231084,0.6467065868263473,False,0.0
8,11,"less_than_or_equal(add(add(x[7],x[2]),sub(x[2],x[3])),add(pdiv(x[3],pdiv(x[0],x[5])),x[5]))",True,"less_than_or_equal(add(add(x[7],x[2]),sub(x[2],x[3])),add(pdiv(x[3],pdiv(x[0],x[5])),x[5]))",0.2934131736526946,0d8d2d0f33636c3122cc62ab972c6072,0.2934131736526946,False,0.0
8,11,"not_(less_than_or_equal(pdiv(x[5],x[7]),x[7]))",True,"not_(less_than_or_equal(x[5],mul(x[7],x[7])))",0.3532934131736527,6208c2f2bc232c7eeeb665b7dcc66661,0.3532934131736527,False,0.0
8,11,"less_than_or_equal(mul(sub(x[7],x[3]),mul(add(add(sub(add(x[2],x[3]),x[5]),x[5]),add(x[2],x[5])),x[5])),add(x[5],x[2]))",False,,,c48c57eba065575938c5167f2fbb818a,0.3532934131736527,False,0.0
8,11,"less_than_or_equal(add(mul(x[7],add(x[5],x[5])),x[5]),add(x[5],x[2]))",False,,,c65fe234c6169ba85d5ae97ad8c96392,0.5209580838323353,False,0.0
8,11,"greater_than_or_equal(x[2], mul(x[7],add(x[7],x[7])))",True,"less_than_or_equal(add(add(x[7],x[5]),sub(x[2],x[0])),add(pdiv(x[2],x[7]),mul(x[0],x[7])))",0.4491017964071856,e1b1517d01136c7d69c1ac43a29d4e45,0.3892215568862275,True,-0.05988023952095811
8,11,"not_(greater_than_or_equal(mul(x[7],add(x[2],x[2])), sub(pdiv(pdiv(x[5],x[7]),pdiv(mul(pdiv(pdiv(x[2],x[2]),x[2]),x[0]),x[5])),x[2])))",False,,,e790204999a7272d74b442c0a6f224d6,0.3053892215568862,False,0.0
8,11,"greater_than_or_equal(pdiv(x[5],x[3]), add(x[7],sub(x[2],sub(pdiv(add(x[5],mul(x[5],x[3])),x[0]),x[7]))))",False,,,2695499339f9f18d393403257b25d548,0.31137724550898205,False,0.0
8,11,"not_(less_than_or_equal(pdiv(sub(pdiv(x[5],x[5]),add(x[5],x[2])),x[5]),mul(x[7],add(x[7],x[2]))))",False,,,2570cc0caa1a7eac1036761f030e6c28,0.27544910179640714,False,0.0
8,11,"greater_than_or_equal(sub(pdiv(x[3],x[7]),x[2]), add(x[2],x[5]))",True,"greater_than_or_equal(sub(pdiv(x[3],x[7]),x[2]), add(x[5],x[2]))",0.281437125748503,1e8943a554b084e298535ce32448aca2,0.281437125748503,False,0.0
8,11,"greater_than_or_equal(sub(mul(add(mul(pdiv(add(x[5],mul(x[2],add(x[5],x[2]))),x[5]),mul(x[7],add(x[7],x[2]))),x[3]),x[5]),x[5]), add(x[2],x[5]))",False,,,dcf8ee1ccc94b22c2eda39a345fbad9e,0.6766467065868264,False,0.0
8,11,"greater_than_or_equal(pdiv(pdiv(x[7],x[5]),x[7]), mul(add(x[2],x[2]),x[7]))",True,"greater_than_or_equal(pdiv(pdiv(x[5],x[5]),add(x[5],x[0])), x[2])",0.3413173652694611,5005b0c334820b72e1246e09cfc64254,0.3413173652694611,False,0.0
8,11,"greater_than_or_equal(x[5], sub(x[7],pdiv(x[0],pdiv(add(x[2],x[2]),pdiv(mul(x[5],mul(x[3],mul(x[5],x[3]))),sub(pdiv(sub(x[7],x[3]),mul(x[2],add(sub(x[7],mul(x[5],x[7])),x[3]))),x[5]))))))",False,,,86e158461c00b0617440e2b65ef607ec,0.3532934131736527,False,0.0
8,11,"greater_than_or_equal(pdiv(pdiv(x[5],x[7]),x[5]), pdiv(mul(x[2],x[7]),x[3]))",False,,,91be33a7fb7865b635ae709ce4a5583f,0.31137724550898205,False,0.0
8,11,"not_(less_than_or_equal(pdiv(48.59,mul(x[2],add(x[5],x[7]))),x[5]))",True,"less_than_or_equal(x[2],x[2])",0.35928143712574845,bd082d42dcba8056510101f18394b575,0.35928143712574845,False,0.0
8,11,"less_than_or_equal(mul(mul(x[7],x[3]),pdiv(x[5],x[5])),add(x[5],x[2]))",True,"less_than_or_equal(mul(mul(x[7],x[3]),pdiv(x[5],x[5])),add(x[5],x[2]))",0.3532934131736527,08beca5195c41a8737b77e60e6ea11a2,0.3532934131736527,False,0.0
8,11,"greater_than_or_equal(x[3], mul(sub(add(x[5],x[2]),pdiv(x[3],add(pdiv(x[3],pdiv(x[0],x[5])),x[5]))),mul(sub(add(sub(pdiv(x[5],x[5]),add(x[2],x[5])),mul(x[5],add(pdiv(x[3],pdiv(x[5],add(x[5],sub(x[0],x[7])))),sub(x[7],pdiv(x[3],x[5]))))),x[2]),x[3])))",True,"not_(less_than_or_equal(pdiv(x[5],x[0]),x[0]))",0.35928143712574845,5372ceb8b23ce5e1dd3bf5c2fc3a57aa,0.3413173652694611,True,-0.017964071856287345
8,11,"greater_than_or_equal(x[5], mul(mul(x[7],pdiv(x[5],sub(x[0],x[0]))),30.93))",True,not_(x[6]),0.6347305389221557,b4068ba57b63c959651c969331c4b5cd,0.6347305389221557,False,0.0
8,11,"greater_than_or_equal(pdiv(x[5],pdiv(x[2],x[2])), mul(pdiv(x[5],x[5]),x[2]))",True,"not_(not_(less_than_or_equal(x[2],x[5])))",0.34730538922155685,4af53f79d9ad2ffac455113b88a02dd4,0.34730538922155685,False,0.0
8,11,"not_(greater_than_or_equal(mul(x[7],add(x[3],x[2])), x[3]))",False,,,207f9051bf48c1ac0089ad478e3e6ba3,0.2455089820359282,False,0.0
8,11,"greater_than_or_equal(x[5], add(x[0],x[7]))",True,"not_(less_than_or_equal(x[5],mul(add(x[0],x[7]),pdiv(x[5],x[5]))))",0.3772455089820359,0f7386cc457ca3b9686048078d9e826b,0.3772455089820359,False,0.0
8,11,"or_(less_than_or_equal(pdiv(x[3],sub(x[7],add(pdiv(x[5],x[5]),add(x[2],x[7])))),x[7]),greater_than_or_equal(sub(x[2],x[5]), add(mul(x[0],24.40),x[0])))",True,"less_than_or_equal(x[2],x[2])",0.35928143712574845,bd082d42dcba8056510101f18394b575,0.35928143712574845,False,0.0
8,11,"less_than_or_equal(x[5],x[7])",True,"greater_than_or_equal(x[7], x[5])",0.6107784431137724,793f9fa4aca1502cfe0a9ed6ab91b83c,0.6107784431137724,False,0.0
8,11,"not_(greater_than_or_equal(pdiv(x[5],add(add(pdiv(x[0],pdiv(x[7],add(x[5],x[2]))),x[0]),x[5])), x[2]))",False,,,6494f6ba4d7f0dc65f048d73ca7d8a7e,0.6347305389221557,False,0.0
8,11,"greater_than_or_equal(pdiv(pdiv(x[5],add(x[5],mul(x[5],x[5]))),x[2]), pdiv(pdiv(x[3],sub(x[2],x[2])),x[3]))",False,,,c50b69361091788a7f61a10f66395271,0.38323353293413176,False,0.0
8,11,"not_(greater_than_or_equal(mul(x[7],09.69), mul(x[7],sub(x[3],x[7]))))",True,not_(x[6]),0.6347305389221557,b4068ba57b63c959651c969331c4b5cd,0.6407185628742516,True,0.005988023952095856
8,11,"greater_than_or_equal(x[3], x[2])",True,"greater_than_or_equal(x[3], x[2])",0.3652694610778443,0a54951987edb23171217fd387dfe4ac,0.3652694610778443,False,0.0
8,11,"and_(greater_than_or_equal(add(x[7],x[2]), add(x[2],x[3])),less_than_or_equal(x[3],pdiv(x[0],x[5])))",False,,,4dc3364b79317c938432e9ae46920c9d,0.652694610778443,False,0.0
8,11,"greater_than_or_equal(x[5], mul(x[7],add(x[7],mul(x[5],x[2]))))",False,,,b3680de13e8f1c124200503e1bc1645a,0.27544910179640714,False,0.0
8,11,"greater_than_or_equal(x[3], add(x[7],add(x[7],add(x[3],pdiv(x[2],mul(x[5],x[5]))))))",True,not_(x[6]),0.6347305389221557,b4068ba57b63c959651c969331c4b5cd,0.6407185628742516,True,0.005988023952095856
8,11,"not_(less_than_or_equal(pdiv(x[5],x[7]),add(x[2],sub(x[5],add(mul(x[0],24.40),x[0])))))",False,,,bf6017723f3e950389a0feb7f53b80dc,0.33532934131736525,False,0.0
8,11,"greater_than_or_equal(add(pdiv(x[2],x[7]),pdiv(x[5],add(x[5],x[7]))), x[2])",True,"less_than_or_equal(x[2],x[2])",0.35928143712574845,bd082d42dcba8056510101f18394b575,0.35928143712574845,False,0.0
8,11,"greater_than_or_equal(sub(pdiv(x[5],x[7]),mul(add(x[2],add(add(x[7],x[2]),add(x[5],x[2]))),x[5])), mul(x[7],add(x[7],x[2])))",False,,,cef55267e032e3ab941cf3ee919e87c5,0.2694610778443114,False,0.0
8,11,"greater_than_or_equal(x[5], mul(x[2],add(pdiv(pdiv(x[5],x[3]),sub(pdiv(x[3],x[7]),x[7])),add(x[5],x[2]))))",False,,,fd5b0c009b17f52792f893c559b5eb72,0.3652694610778443,False,0.0
8,11,"greater_than_or_equal(add(x[5],x[0]), x[0])",True,"less_than_or_equal(x[2],x[2])",0.35928143712574845,bd082d42dcba8056510101f18394b575,0.35928143712574845,False,0.0
8,11,"not_(less_than_or_equal(pdiv(pdiv(x[3],add(x[3],x[7])),x[7]),pdiv(pdiv(x[5],x[5]),x[5])))",True,"not_(less_than_or_equal(pdiv(x[3],x[7]),add(x[7],pdiv(x[3],x[5]))))",0.3293413173652695,74dce5cb961f14b3bdac896efda7926c,0.3532934131736527,True,0.0239520958083832
8,11,"not_(greater_than_or_equal(mul(x[7],mul(mul(x[5],add(x[5],x[2])),x[5])), x[5]))",False,,,bd7496428ca7e5e08b55aafe955c8c59,0.3413173652694611,False,0.0
8,11,"greater_than_or_equal(x[5], mul(x[7],sub(sub(x[7],pdiv(x[5],pdiv(add(x[2],x[5]),mul(x[5],add(x[2],x[2]))))),x[2])))",False,,,3a1d2cc69106372ddf3f2a41707d03e6,0.37125748502994016,False,0.0
8,11,"greater_than_or_equal(x[5], x[5])",True,"less_than_or_equal(x[2],x[2])",0.35928143712574845,bd082d42dcba8056510101f18394b575,0.35928143712574845,False,0.0
8,11,"greater_than_or_equal(x[3], mul(x[3],x[3]))",True,"less_than_or_equal(x[2],x[2])",0.35928143712574845,bd082d42dcba8056510101f18394b575,0.35928143712574845,False,0.0
8,11,"less_than_or_equal(add(mul(x[7],pdiv(x[5],x[7])),x[2]),add(sub(x[7],x[7]),pdiv(69.44,sub(mul(x[7],add(x[5],x[5])),add(pdiv(x[7],sub(x[5],mul(x[5],x[5]))),add(x[5],x[2]))))))",True,not_(x[6]),0.6347305389221557,b4068ba57b63c959651c969331c4b5cd,0.6407185628742516,True,0.005988023952095856
8,11,"not_(less_than_or_equal(pdiv(x[5],x[5]),sub(x[5],x[2])))",True,"less_than_or_equal(x[2],x[2])",0.35928143712574845,bd082d42dcba8056510101f18394b575,0.35928143712574845,False,0.0
8,11,"less_than_or_equal(add(pdiv(x[7],x[2]),pdiv(x[5],x[7])),add(x[2],x[2]))",True,"less_than_or_equal(x[3],sub(x[2],x[5]))",0.6407185628742516,120f6259a9a8931196e24c92522b267c,0.6586826347305389,True,0.017964071856287345
8,11,"not_(less_than_or_equal(sub(x[2],x[3]),pdiv(pdiv(x[5],pdiv(mul(x[2],x[7]),x[3])),add(x[5],x[5]))))",False,,,577f41d9252641afb7cc607c4ff54a1e,0.7005988023952097,False,0.0
8,11,"not_(less_than_or_equal(pdiv(x[5],x[5]),add(x[0],x[2])))",True,"not_(less_than_or_equal(pdiv(x[5],x[5]),add(x[0],x[2])))",0.34730538922155685,c426607f0a92b79fd094d06b3453a190,0.34730538922155685,False,0.0
8,11,"greater_than_or_equal(sub(pdiv(x[3],x[7]),x[2]), add(x[5],x[2]))",True,"greater_than_or_equal(sub(pdiv(x[3],x[7]),x[2]), add(x[5],x[2]))",0.281437125748503,1e8943a554b084e298535ce32448aca2,0.281437125748503,False,0.0
8,11,"not_(less_than_or_equal(pdiv(x[7],x[2]),x[2]))",False,,,48484676f604e2391c073c391231d763,0.3413173652694611,False,0.0
8,11,"greater_than_or_equal(x[3], x[7])",True,"greater_than_or_equal(x[3], x[7])",0.33532934131736525,176c0c35833bc4ae980b10cd773d9ebc,0.33532934131736525,False,0.0
8,11,"less_than_or_equal(x[7],mul(x[0],mul(x[3],x[7])))",True,not_(x[6]),0.6347305389221557,b4068ba57b63c959651c969331c4b5cd,0.6407185628742516,True,0.005988023952095856
8,11,"not_(less_than_or_equal(pdiv(x[5],mul(x[7],pdiv(x[5],x[5]))),x[2]))",True,"less_than_or_equal(sub(mul(x[2],x[7]),mul(x[0],x[7])),x[5])",0.34730538922155685,67e5c7a497be3e968ea5c2bd6433af6d,0.33532934131736525,True,-0.0119760479041916
8,11,"less_than_or_equal(add(x[5],add(x[2],x[5])),x[5])",True,not_(x[6]),0.6347305389221557,b4068ba57b63c959651c969331c4b5cd,0.6407185628742516,True,0.005988023952095856
8,11,"not_(less_than_or_equal(add(x[5],x[5]),x[3]))",True,"less_than_or_equal(pdiv(sub(x[3],x[5]),pdiv(x[2],x[2])),x[5])",0.3652694610778443,8f63ec6eb4b45627ddab1b215f2fa10a,0.3652694610778443,False,0.0
8,11,"not_(less_than_or_equal(sub(x[5],x[5]),mul(x[7],pdiv(x[5],x[5]))))",True,not_(x[6]),0.6347305389221557,b4068ba57b63c959651c969331c4b5cd,0.6407185628742516,True,0.005988023952095856
8,11,"greater_than_or_equal(mul(x[2],x[5]), mul(x[7],add(x[7],x[2])))",False,,,0a25eb3edf4c09d1e9859a9e9f538e33,0.4850299401197605,False,0.0
8,11,"greater_than_or_equal(x[5], x[3])",True,"less_than_or_equal(mul(sub(x[7],x[0]),pdiv(x[7],25.93)),pdiv(x[7],sub(mul(x[3],x[5]),mul(x[3],x[3]))))",0.5089820359281437,8ad7ccd0e2bcf51cfea619f1321f2792,0.5089820359281437,False,0.0
8,11,"greater_than_or_equal(x[5], mul(x[7],add(95.21,x[5])))",True,not_(x[6]),0.6347305389221557,b4068ba57b63c959651c969331c4b5cd,0.6407185628742516,True,0.005988023952095856
8,11,"not_(greater_than_or_equal(pdiv(x[2],add(pdiv(pdiv(x[5],x[5]),add(add(x[7],x[7]),x[5])),mul(x[5],add(x[5],x[2])))), add(pdiv(pdiv(x[5],x[5]),add(x[3],x[7])),mul(x[7],sub(x[7],x[7])))))",True,"not_(greater_than_or_equal(pdiv(x[2],add(pdiv(pdiv(x[5],x[5]),add(add(x[7],x[7]),x[5])),mul(x[5],add(x[5],x[2])))), add(pdiv(pdiv(x[5],x[5]),add(x[3],x[7])),mul(x[7],x[5]))))",0.34730538922155685,2ef20861e78376c3c0cf6047fda559c1,0.34730538922155685,False,0.0
8,11,"less_than_or_equal(mul(sub(x[7],x[3]),mul(add(add(add(add(x[2],x[3]),x[5]),x[5]),add(x[2],x[5])),x[5])),add(x[5],mul(add(x[5],x[7]),pdiv(x[5],x[5]))))",True,"less_than_or_equal(mul(mul(x[7],x[7]),add(x[5],x[2])),add(sub(mul(add(x[3],pdiv(x[0],x[0])),x[7]),x[3]),x[3]))",0.3413173652694611,e1372657b4e2c1664ec97970a11d294b,0.3413173652694611,False,0.0
8,11,"greater_than_or_equal(sub(pdiv(x[7],x[7]),sub(x[5],x[2])), add(sub(add(add(39.76,add(x[2],sub(pdiv(x[0],x[7]),mul(x[0],mul(x[3],x[7]))))),pdiv(x[0],x[3])),mul(x[5],add(x[5],x[2]))),x[5]))",True,not_(x[6]),0.6347305389221557,b4068ba57b63c959651c969331c4b5cd,0.6407185628742516,True,0.005988023952095856
8,11,"greater_than_or_equal(x[2], x[0])",True,"less_than_or_equal(x[0],x[2])",0.44311377245508987,6600e71d16c18564dbde1ecda8fbf2a3,0.44311377245508987,False,0.0
8,11,"not_(less_than_or_equal(pdiv(48.59,mul(x[2],add(x[5],x[7]))),x[5]))",True,"less_than_or_equal(x[2],x[2])",0.35928143712574845,bd082d42dcba8056510101f18394b575,0.35928143712574845,False,0.0
8,11,"greater_than_or_equal(add(add(x[7],x[2]),add(x[2],x[3])), add(pdiv(x[3],pdiv(x[0],x[5])),add(pdiv(add(x[0],mul(x[5],x[5])),sub(pdiv(x[5],x[5]),add(x[5],x[2]))),mul(x[7],pdiv(mul(x[5],x[5]),x[2])))))",False,,,663ee78ae4a8af72ce361a8c9fc0c6f8,0.718562874251497,False,0.0
8,11,"greater_than_or_equal(x[5], mul(x[7],add(pdiv(x[7],sub(x[3],sub(pdiv(x[3],x[7]),x[7]))),add(x[5],x[0]))))",False,,,1f98d5ff1b2c89be481196bc374109f7,0.28742514970059885,False,0.0
8,11,"less_than_or_equal(mul(mul(mul(pdiv(x[5],x[2]),add(x[7],sub(x[7],sub(x[3],x[7])))),pdiv(x[5],x[5])),pdiv(x[7],x[3])),x[7])",False,,,f611d3e7528e51bbfd47dcb53c8ce4ae,0.44311377245508987,False,0.0
8,11,"not_(less_than_or_equal(pdiv(x[5],x[5]),add(x[7],x[3])))",True,"not_(less_than_or_equal(pdiv(x[5],x[5]),add(x[3],x[7])))",0.3053892215568862,f67f6bf2e1ea1a89d765b78348c25a54,0.3053892215568862,False,0.0
8,11,"not_(less_than_or_equal(pdiv(x[5],x[5]),add(x[5],sub(x[5],mul(sub(add(sub(pdiv(x[5],x[5]),add(x[2],x[5])),mul(x[5],add(pdiv(x[2],pdiv(x[5],add(x[5],mul(x[0],x[7])))),add(x[7],pdiv(x[3],x[5]))))),x[2]),x[3])))))",False,,,bd1fb427c4d7e7df11bac0e37621845e,0.35928143712574845,False,0.0
8,11,"not_(less_than_or_equal(pdiv(pdiv(pdiv(x[3],x[5]),add(x[2],x[7])),add(x[2],x[2])),mul(x[5],x[5])))",False,,,1b27fc5997dfd3744c93478e92af3b65,0.28742514970059885,False,0.0
8,11,"not_(less_than_or_equal(pdiv(x[5],x[2]),x[5]))",True,"not_(greater_than_or_equal(mul(x[7],x[2]), x[7]))",0.34730538922155685,f69cf4961d82af0c72c0014d2a401904,0.3532934131736527,True,0.005988023952095856
8,11,"greater_than_or_equal(pdiv(x[5],add(x[2],x[5])), x[5])",True,"not_(less_than_or_equal(pdiv(x[5],x[5]),add(x[5],x[2])))",0.2455089820359282,5825d6d8d32996f2f81bb41cc0bfa92f,0.2455089820359282,False,0.0
8,11,"not_(greater_than_or_equal(add(x[5],x[2]), add(pdiv(pdiv(x[5],x[5]),add(x[3],x[7])),mul(x[7],x[5]))))",False,,,1f8a960b7cd76462569ae54b0171b99e,0.28742514970059885,False,0.0
8,11,"less_than_or_equal(mul(mul(x[5],x[5]),x[7]),pdiv(x[5],x[5]))",True,"less_than_or_equal(x[2],x[2])",0.35928143712574845,bd082d42dcba8056510101f18394b575,0.35928143712574845,False,0.0
8,11,"less_than_or_equal(x[2],x[2])",True,"less_than_or_equal(x[2],x[2])",0.35928143712574845,bd082d42dcba8056510101f18394b575,0.35928143712574845,False,0.0
8,11,"greater_than_or_equal(mul(x[5],add(x[2],x[3])), x[5])",True,"not_(less_than_or_equal(pdiv(x[5],x[5]),pdiv(pdiv(x[5],x[5]),add(x[2],x[3]))))",0.7305389221556886,6cc595cca105e3b24dc4e2431be003bd,0.7245508982035929,True,-0.0059880239520957446
8,11,"not_(less_than_or_equal(pdiv(x[5],add(pdiv(x[5],x[5]),add(x[2],x[2]))),x[0]))",False,,,67ebe0de3327c2af5b2acc5555eb8d31,0.3892215568862275,False,0.0
8,11,"less_than_or_equal(pdiv(x[5],x[7]),add(x[2],sub(sub(pdiv(x[3],x[7]),x[3]),x[5])))",False,,,4306d97df9bb33d36305b6909124f8ff,0.5748502994011976,False,0.0
8,11,"greater_than_or_equal(x[3], x[7])",True,"greater_than_or_equal(x[3], x[7])",0.33532934131736525,176c0c35833bc4ae980b10cd773d9ebc,0.33532934131736525,False,0.0
8,11,"less_than_or_equal(mul(sub(x[7],x[2]),add(x[5],x[5])),x[5])",False,,,0fd9521b93a2a134dadbbba51b1c1c56,0.35928143712574845,False,0.0
8,11,"greater_than_or_equal(add(add(x[3],x[2]),x[5]), mul(x[7],add(x[7],x[2])))",False,,,eba7ae5167dde61634a307c378515671,0.34730538922155685,False,0.0
8,11,"greater_than_or_equal(pdiv(pdiv(x[5],x[5]),add(x[2],x[3])), x[2])",True,"not_(less_than_or_equal(pdiv(x[5],mul(x[2],add(x[3],x[2]))),x[5]))",0.3293413173652695,47c7563272626ae3ab35137d4a601483,0.32335329341317365,True,-0.005988023952095856
8,11,"not_(less_than_or_equal(x[7],x[7]))",True,not_(x[6]),0.6347305389221557,b4068ba57b63c959651c969331c4b5cd,0.6407185628742516,True,0.005988023952095856
8,11,"greater_than_or_equal(x[5], mul(x[7],add(pdiv(x[7],sub(x[3],sub(pdiv(x[3],x[7]),x[7]))),add(x[5],x[3]))))",False,,,295f2504061a378425956f599357dfd8,0.27544910179640714,False,0.0
8,11,"not_(less_than_or_equal(pdiv(x[5],x[3]),x[7]))",True,"not_(less_than_or_equal(pdiv(x[5],x[3]),x[7]))",0.3413173652694611,e691e9faf9d6cf6a1c64f756c672a16e,0.3413173652694611,False,0.0
8,11,"greater_than_or_equal(x[3], x[7])",True,"greater_than_or_equal(x[3], x[7])",0.33532934131736525,176c0c35833bc4ae980b10cd773d9ebc,0.33532934131736525,False,0.0
8,11,"greater_than_or_equal(x[3], pdiv(x[2],pdiv(pdiv(x[2],x[5]),add(x[2],x[3]))))",True,"greater_than_or_equal(x[3], pdiv(x[2],pdiv(pdiv(x[2],x[5]),add(x[2],x[3]))))",0.3892215568862275,b2015f56281d95ea9f9dd41eb46eddf7,0.3892215568862275,False,0.0
8,11,"not_(less_than_or_equal(pdiv(x[5],x[5]),add(pdiv(x[5],add(pdiv(x[5],x[7]),sub(pdiv(add(x[7],mul(x[7],x[0])),x[2]),x[0]))),x[5])))",False,,,b088d453e6593bb808eb60e994da1aa8,0.29940119760479045,False,0.0
8,11,"not_(less_than_or_equal(pdiv(x[5],04.67),x[5]))",True,not_(x[6]),0.6347305389221557,b4068ba57b63c959651c969331c4b5cd,0.6407185628742516,True,0.005988023952095856
8,11,"not_(greater_than_or_equal(x[7], add(x[7],x[7])))",True,"less_than_or_equal(x[2],x[2])",0.35928143712574845,bd082d42dcba8056510101f18394b575,0.35928143712574845,False,0.0
8,11,"greater_than_or_equal(x[5], mul(mul(x[7],mul(x[3],x[2])),x[5]))",True,"less_than_or_equal(x[2],x[2])",0.35928143712574845,bd082d42dcba8056510101f18394b575,0.35928143712574845,False,0.0
8,11,"greater_than_or_equal(x[2], sub(x[5],x[2]))",True,"greater_than_or_equal(add(x[2],x[2]), x[5])",0.6047904191616766,58c989c6c5d320ece246c539fa0373f8,0.6047904191616766,False,0.0
8,11,"greater_than_or_equal(pdiv(pdiv(pdiv(x[5],add(x[2],x[2])),x[5]),add(x[2],x[2])), mul(x[5],x[5]))",True,"not_(less_than_or_equal(pdiv(x[5],add(x[2],x[2])),mul(x[5],x[5])))",0.32335329341317365,3fddbd4dc60a7c93921f62a065786c93,0.3173652694610778,True,-0.005988023952095856
8,11,"not_(less_than_or_equal(pdiv(x[5],x[5]),add(pdiv(add(x[0],mul(x[5],x[5])),sub(pdiv(x[5],x[5]),add(x[5],x[2]))),mul(x[7],mul(mul(x[5],x[5]),x[2])))))",False,,,0020d8fa9858519ca2113e7f80f9109b,0.5688622754491017,False,0.0
8,11,"less_than_or_equal(add(add(x[7],x[2]),add(x[2],x[3])),add(pdiv(x[3],pdiv(x[3],x[5])),x[5]))",False,,,20c7b9dad5db7ec4404101f5d985eb97,0.4730538922155688,False,0.0
8,11,"greater_than_or_equal(pdiv(x[5],x[5]), add(x[5],x[0]))",True,"not_(less_than_or_equal(pdiv(x[5],x[5]),add(x[5],x[0])))",0.3053892215568862,00c19a3fd72854100569949b11521f0b,0.3053892215568862,False,0.0
8,11,"greater_than_or_equal(add(x[7],x[0]), x[2])",True,"not_(less_than_or_equal(x[7],sub(x[2],x[0])))",0.4131736526946108,2271b4d9c63c9a01924ea722c2fb8c3c,0.4131736526946108,False,0.0
8,11,"greater_than_or_equal(pdiv(x[5],pdiv(x[5],x[5])), add(x[2],x[5]))",True,"greater_than_or_equal(pdiv(mul(x[5],x[2]),pdiv(x[2],x[5])), add(sub(x[7],x[7]),add(x[5],x[0])))",0.6107784431137724,ec48eb4aba9f475884bcf9e8f28adadc,0.6167664670658682,True,0.005988023952095856
8,11,"not_(less_than_or_equal(mul(mul(sub(pdiv(add(x[5],x[0]),mul(x[3],mul(x[5],x[5]))),x[2]),add(sub(x[7],sub(x[5],mul(x[5],x[5]))),add(x[5],x[2]))),mul(x[7],pdiv(mul(x[5],x[5]),x[0]))),sub(sub(x[2],x[0]),mul(x[5],x[5]))))",True,"less_than_or_equal(x[2],x[2])",0.35928143712574845,bd082d42dcba8056510101f18394b575,0.37125748502994016,True,0.011976047904191711
8,11,"not_(less_than_or_equal(add(pdiv(pdiv(x[5],x[5]),add(x[2],x[5])),mul(x[5],pdiv(pdiv(x[3],30.95),mul(x[0],x[2])))),pdiv(x[7],add(x[5],x[5]))))",True,"not_(greater_than_or_equal(mul(x[7],add(x[5],x[2])), add(x[5],x[5])))",0.33532934131736525,3080bd5d805985ff01b8ad8ae7ac1462,0.3293413173652695,True,-0.0059880239520957446
8,11,"not_(less_than_or_equal(pdiv(x[5],x[5]),add(x[2],add(x[2],pdiv(x[3],x[5])))))",False,,,ea1a5a99529a3ff00fc45be28a4a9536,0.5209580838323353,False,0.0
8,11,"less_than_or_equal(add(add(x[3],x[2]),add(x[2],x[3])),add(pdiv(x[3],pdiv(x[0],x[5])),add(pdiv(add(x[0],mul(x[5],x[5])),sub(pdiv(x[5],x[5]),add(x[5],x[2]))),mul(x[7],pdiv(mul(x[5],x[5]),pdiv(x[2],sub(x[2],x[0])))))))",False,,,b196cb04f0f243c5ffee8316b7f4d5f6,0.32335329341317365,False,0.0
8,11,"not_(less_than_or_equal(pdiv(x[5],x[5]),mul(x[7],add(x[5],x[5]))))",True,"not_(less_than_or_equal(pdiv(x[5],x[5]),mul(x[7],add(x[5],x[5]))))",0.2574850299401198,60772b7c6d008dbac48c1b7022ba9e21,0.2574850299401198,False,0.0
8,11,"not_(greater_than_or_equal(x[3], x[3]))",True,not_(x[6]),0.6347305389221557,b4068ba57b63c959651c969331c4b5cd,0.6407185628742516,True,0.005988023952095856
8,11,"greater_than_or_equal(mul(x[0],x[2]), x[5])",True,"greater_than_or_equal(sub(pdiv(x[0],mul(x[7],x[0])),x[2]), add(pdiv(x[5],pdiv(x[2],45.94)),x[7]))",0.6347305389221557,7c9297f6a16b0fdd01811c2278eab4ec,0.6347305389221557,False,0.0
8,11,"greater_than_or_equal(add(pdiv(x[3],x[7]),sub(x[5],add(x[3],add(x[7],sub(add(mul(x[5],add(x[5],x[0])),mul(x[3],x[7])),add(x[5],x[2])))))), x[2])",False,,,220132f720bf6f1ba31af368a3a93645,0.2694610778443114,False,0.0
8,11,"not_(less_than_or_equal(pdiv(x[0],x[5]),x[5]))",True,"less_than_or_equal(mul(x[5],x[5]),x[0])",0.5868263473053892,2c2cb5882924d906e8f60f231506150f,0.5868263473053892,False,0.0
8,11,"less_than_or_equal(sub(add(sub(pdiv(x[5],x[5]),add(x[2],x[5])),mul(x[5],add(pdiv(x[2],pdiv(x[5],x[2])),add(mul(x[0],x[7]),add(x[7],pdiv(x[3],x[5])))))),x[2]),x[3])",False,,,2c11b3a025c117838d3b76e868b7b0f6,0.6706586826347305,False,0.0
8,11,"not_(less_than_or_equal(x[7],sub(x[7],x[2])))",True,"less_than_or_equal(pdiv(sub(x[0],x[0]),sub(x[0],x[2])),x[0])",0.38323353293413176,d0734af37aab8e9b6c733bcf8f431f61,0.38323353293413176,False,0.0
8,11,"greater_than_or_equal(pdiv(add(x[2],sub(x[5],x[2])),mul(pdiv(pdiv(pdiv(x[5],x[0]),x[3]),pdiv(x[3],x[7])),x[0])), x[5])",False,,,d48f99f453fe62f34b3c490f61e4439a,0.3173652694610778,False,0.0
8,11,"less_than_or_equal(mul(mul(x[7],x[2]),x[2]),x[0])",False,,,dfde3adea22880b2b9d14eaadfab26a9,0.5449101796407185,False,0.0
8,11,"not_(greater_than_or_equal(mul(x[2],add(x[5],x[7])), x[5]))",True,"not_(less_than_or_equal(pdiv(x[5],add(x[5],x[7])),x[2]))",0.281437125748503,6064d2196889eafb4a8a860c948d633a,0.281437125748503,False,0.0
8,11,"not_(greater_than_or_equal(mul(x[7],add(x[2],x[2])), sub(pdiv(mul(x[2],x[7]),add(pdiv(mul(x[2],add(mul(x[0],x[2]),x[5])),sub(x[2],x[2])),add(pdiv(pdiv(x[5],x[5]),add(x[3],x[7])),mul(x[7],x[5])))),x[3])))",True,not_(x[6]),0.6347305389221557,b4068ba57b63c959651c969331c4b5cd,0.6407185628742516,True,0.005988023952095856
8,11,"greater_than_or_equal(x[3], pdiv(x[5],add(add(pdiv(mul(sub(pdiv(x[2],x[2]),x[2]),x[0]),x[5]),x[2]),x[7])))",False,,,1fe20f95a7ea6f9d224261223c5991fa,0.6347305389221557,False,0.0
8,11,"less_than_or_equal(add(mul(x[7],pdiv(x[5],x[5])),x[2]),add(sub(x[7],x[7]),pdiv(x[7],x[7])))",True,"less_than_or_equal(add(mul(x[7],pdiv(x[5],x[5])),x[2]),add(sub(x[7],x[7]),pdiv(69.44,sub(x[3],x[3]))))",0.19161676646706582,14c6e007ad625f3839f568e9ee8a86e1,0.19161676646706582,False,0.0
8,11,"less_than_or_equal(x[5],mul(x[7],mul(add(sub(x[7],x[3]),x[7]),x[7])))",False,,,1424a926f6e11fbe84b50be153338363,0.688622754491018,False,0.0
8,11,"greater_than_or_equal(x[3], x[0])",True,"not_(greater_than_or_equal(pdiv(x[0],x[3]), pdiv(x[5],x[5])))",0.3772455089820359,f56d58ec85f58eb9e745c543958f7db4,0.37125748502994016,True,-0.0059880239520957446
8,11,"not_(less_than_or_equal(49.38,x[2]))",True,"less_than_or_equal(x[2],x[2])",0.35928143712574845,bd082d42dcba8056510101f18394b575,0.35928143712574845,False,0.0
8,11,"greater_than_or_equal(pdiv(x[5],add(x[5],x[5])), pdiv(add(x[5],x[0]),x[2]))",False,,,26c7319efb7ee78ba504699d965c1066,0.6467065868263473,False,0.0
8,11,"less_than_or_equal(add(pdiv(x[2],pdiv(x[5],x[5])),x[2]),add(pdiv(x[3],mul(x[7],add(x[7],add(x[5],x[2])))),add(sub(x[7],x[7]),pdiv(x[5],x[3]))))",False,,,508b4ee3a4ae5edf4b59e78f0958c703,0.32335329341317365,False,0.0
8,11,"not_(less_than_or_equal(pdiv(x[5],x[7]),add(x[2],mul(09.59,sub(x[7],x[7])))))",True,"less_than_or_equal(sub(mul(x[2],x[7]),mul(x[0],x[7])),x[5])",0.34730538922155685,67e5c7a497be3e968ea5c2bd6433af6d,0.33532934131736525,True,-0.0119760479041916
8,11,"less_than_or_equal(x[5],mul(x[7],sub(x[5],x[7])))",True,not_(x[6]),0.6347305389221557,b4068ba57b63c959651c969331c4b5cd,0.6407185628742516,True,0.005988023952095856
8,11,"not_(less_than_or_equal(pdiv(x[5],x[5]),add(x[2],x[5])))",True,"not_(less_than_or_equal(pdiv(x[5],x[5]),add(x[5],x[2])))",0.2455089820359282,5825d6d8d32996f2f81bb41cc0bfa92f,0.2455089820359282,False,0.0
8,11,"not_(less_than_or_equal(x[3],x[5]))",True,"not_(less_than_or_equal(x[3],x[5]))",0.49101796407185627,afe2b4bc33e70a8895f2048551a197b2,0.49101796407185627,False,0.0
8,11,"not_(less_than_or_equal(pdiv(x[5],94.90),x[2]))",True,"greater_than_or_equal(pdiv(mul(x[5],x[2]),pdiv(x[2],x[5])), add(sub(x[7],x[7]),add(x[5],x[0])))",0.6107784431137724,ec48eb4aba9f475884bcf9e8f28adadc,0.6167664670658682,True,0.005988023952095856
8,11,"greater_than_or_equal(x[0], mul(x[3],mul(x[7],add(x[5],x[5]))))",True,"greater_than_or_equal(pdiv(x[0],mul(x[3],x[7])), add(x[5],x[2]))",0.5389221556886228,eb493efa7ca6f4c4357c786200c961cb,0.5329341317365269,True,-0.005988023952095856
8,11,"greater_than_or_equal(pdiv(x[5],pdiv(pdiv(add(x[2],x[7]),x[7]),add(x[3],x[2]))), x[5])",True,not_(x[6]),0.6347305389221557,b4068ba57b63c959651c969331c4b5cd,0.6347305389221557,False,0.0
8,11,"not_(less_than_or_equal(pdiv(x[5],x[5]),x[5]))",True,"not_(less_than_or_equal(pdiv(x[5],x[5]),x[5]))",0.31137724550898205,774eb80249c37c32f486ae194a31e639,0.31137724550898205,False,0.0
8,11,"greater_than_or_equal(x[3], x[5])",True,"less_than_or_equal(x[5],x[3])",0.5089820359281437,1d4d287fbe015bbb313f097e26f5bc37,0.5089820359281437,False,0.0
8,11,"greater_than_or_equal(pdiv(x[5],pdiv(x[7],pdiv(42.79,pdiv(add(x[5],x[2]),x[5])))), x[5])",True,"less_than_or_equal(x[2],x[2])",0.35928143712574845,bd082d42dcba8056510101f18394b575,0.35928143712574845,False,0.0
8,11,"not_(greater_than_or_equal(pdiv(mul(x[0],mul(40.41,x[7])),pdiv(x[3],94.97)), x[5]))",True,"less_than_or_equal(mul(add(x[0],x[0]),add(x[2],x[5])),sub(add(x[2],x[3]),add(x[3],x[2])))",0.3892215568862275,c9704e311ac7e289734d4b5a1bdc086f,0.4011976047904192,True,0.011976047904191711
8,11,"greater_than_or_equal(add(pdiv(x[5],add(x[5],mul(x[5],x[5]))),x[2]), pdiv(pdiv(x[3],x[7]),add(x[3],x[2])))",False,,,80ac8a44efbc2a3d264c41972eeb0365,0.7485029940119761,False,0.0
8,11,"not_(less_than_or_equal(pdiv(sub(x[7],add(x[5],x[2])),x[2]),x[5]))",False,,,401a078a41883089ac26ec87e6d8ae78,0.5988023952095809,False,0.0
8,11,"not_(less_than_or_equal(pdiv(x[5],x[0]),x[3]))",True,"greater_than_or_equal(add(pdiv(x[3],x[3]),sub(x[5],x[3])), mul(pdiv(x[0],x[5]),mul(x[3],x[3])))",0.3413173652694611,20549abca100b155319252a5e0d92179,0.33532934131736525,True,-0.005988023952095856
8,11,"greater_than_or_equal(sub(x[5],x[5]), x[5])",True,not_(x[6]),0.6347305389221557,b4068ba57b63c959651c969331c4b5cd,0.6347305389221557,False,0.0
8,11,"greater_than_or_equal(sub(x[7],x[5]), sub(x[2],x[2]))",True,"greater_than_or_equal(x[7], x[5])",0.6107784431137724,793f9fa4aca1502cfe0a9ed6ab91b83c,0.6107784431137724,False,0.0
8,11,"greater_than_or_equal(sub(x[5],sub(x[7],x[7])), add(x[5],x[2]))",True,"greater_than_or_equal(pdiv(mul(x[5],x[2]),pdiv(x[2],x[5])), add(sub(x[7],x[7]),add(x[5],x[0])))",0.6107784431137724,ec48eb4aba9f475884bcf9e8f28adadc,0.6167664670658682,True,0.005988023952095856
8,11,"not_(less_than_or_equal(pdiv(x[3],sub(x[7],x[7])),add(x[7],x[2])))",True,"less_than_or_equal(add(mul(x[7],pdiv(x[5],x[5])),x[2]),add(sub(x[7],x[7]),pdiv(69.44,sub(x[3],x[3]))))",0.19161676646706582,14c6e007ad625f3839f568e9ee8a86e1,0.19161676646706582,False,0.0
8,11,"not_(less_than_or_equal(mul(x[5],pdiv(add(x[5],mul(x[2],add(x[2],x[2]))),x[5])),mul(x[7],add(x[7],x[2]))))",False,,,b6bf39090d6abf2ec053a1026c7ff1f2,0.34730538922155685,False,0.0
8,11,"greater_than_or_equal(sub(pdiv(x[5],x[7]),mul(add(mul(x[5],pdiv(pdiv(add(x[2],x[5]),x[7]),x[7])),x[2]),x[0])), add(add(x[2],x[3]),add(x[2],x[5])))",False,,,c27076695574128bc11192c997c70062,0.41916167664670656,False,0.0
8,11,"greater_than_or_equal(mul(sub(pdiv(x[5],x[7]),x[3]),x[5]), x[5])",False,,,3ac7238fe7b051dca2a7159c7cd61173,0.39520958083832336,False,0.0
8,11,"greater_than_or_equal(x[5], mul(x[7],x[5]))",True,"less_than_or_equal(x[2],x[2])",0.35928143712574845,bd082d42dcba8056510101f18394b575,0.35928143712574845,False,0.0
8,11,"greater_than_or_equal(pdiv(x[5],add(x[2],x[2])), add(x[7],x[7]))",False,,,b0cce566610967502aabe77d7eb32027,0.25149700598802394,False,0.0
8,11,"not_(less_than_or_equal(pdiv(x[5],add(add(mul(x[5],add(x[5],x[0])),mul(x[3],x[7])),add(x[5],x[2]))),add(sub(x[7],sub(x[5],mul(x[5],x[5]))),add(x[5],x[2]))))",False,,,ca040225f4a180f13db4e73bc45362a7,0.5508982035928144,False,0.0
8,11,"greater_than_or_equal(pdiv(x[3],x[0]), pdiv(sub(mul(x[2],x[2]),x[0]),x[7]))",False,,,3b69262684b59f5046c107181a4ba629,0.3173652694610778,False,0.0
8,11,"greater_than_or_equal(pdiv(add(x[3],add(mul(x[7],add(x[7],x[2])),x[3])),x[5]), x[5])",False,,,30e6f4c79812b14ea5038f1271ae2714,0.35928143712574845,False,0.0
8,11,"not_(less_than_or_equal(pdiv(x[5],mul(x[2],mul(x[3],x[5]))),x[7]))",True,"less_than_or_equal(x[2],x[2])",0.35928143712574845,bd082d42dcba8056510101f18394b575,0.35928143712574845,False,0.0
8,11,"less_than_or_equal(mul(sub(x[7],x[3]),mul(add(pdiv(x[2],pdiv(97.97,x[5])),mul(x[2],x[5])),sub(pdiv(add(x[2],x[5]),mul(x[5],add(pdiv(x[2],x[2]),pdiv(sub(x[5],mul(x[0],x[7])),add(x[7],pdiv(x[3],x[5])))))),x[2]))),add(pdiv(x[5],x[5]),add(x[2],x[2])))",True,"less_than_or_equal(x[2],x[2])",0.35928143712574845,bd082d42dcba8056510101f18394b575,0.35928143712574845,False,0.0
8,11,"greater_than_or_equal(add(x[0],sub(pdiv(x[5],x[5]),x[2])), add(pdiv(x[7],x[2]),mul(x[2],x[5])))",False,,,da9791596bef21a0b1a57d23d93a5a88,0.4850299401197605,False,0.0
8,11,"not_(less_than_or_equal(mul(x[2],x[2]),x[5]))",False,,,a3aa230b14a86a2220e08ccdf8848095,0.6646706586826348,False,0.0
8,11,"less_than_or_equal(pdiv(pdiv(x[5],x[7]),add(x[3],x[2])),mul(x[5],x[5]))",False,,,d5d0cbb367ff7abd349e40cf7865df0e,0.6467065868263473,False,0.0
8,11,"not_(less_than_or_equal(pdiv(x[5],x[5]),add(x[2],x[5])))",True,"not_(less_than_or_equal(pdiv(x[5],x[5]),add(x[5],x[2])))",0.2455089820359282,5825d6d8d32996f2f81bb41cc0bfa92f,0.2455089820359282,False,0.0
8,11,"not_(greater_than_or_equal(pdiv(x[5],x[5]), add(98.54,mul(x[2],add(sub(x[7],x[7]),pdiv(x[5],x[3]))))))",True,"less_than_or_equal(x[2],x[2])",0.35928143712574845,bd082d42dcba8056510101f18394b575,0.35928143712574845,False,0.0
8,11,"greater_than_or_equal(pdiv(x[5],x[5]), add(x[0],x[7]))",True,"greater_than_or_equal(x[3], mul(add(x[7],x[0]),x[3]))",0.31137724550898205,f5bf9aebb388af6a7cbda4724b01f693,0.31137724550898205,False,0.0
8,11,"not_(less_than_or_equal(x[3],49.59))",True,not_(x[6]),0.6347305389221557,b4068ba57b63c959651c969331c4b5cd,0.6407185628742516,True,0.005988023952095856
8,11,"less_than_or_equal(mul(sub(x[7],x[3]),mul(add(pdiv(x[2],pdiv(97.97,x[5])),mul(x[2],x[5])),sub(pdiv(add(x[2],x[5]),mul(x[5],add(pdiv(x[2],30.95),mul(x[0],x[7])))),add(x[7],pdiv(x[0],x[0]))))),x[0])",False,,,7406707489442e80cdfa6ccaee6062c2,0.3173652694610778,False,0.0
8,11,"not_(less_than_or_equal(pdiv(x[3],x[7]),x[2]))",True,"greater_than_or_equal(x[5], mul(x[7],mul(add(sub(x[7],x[7]),x[2]),add(sub(x[7],x[7]),pdiv(x[5],x[3])))))",0.2934131736526946,c999647c3f8349901a4892cae2cb97f9,0.29940119760479045,True,0.005988023952095856
8,11,"greater_than_or_equal(sub(pdiv(x[5],x[5]),add(x[5],x[0])), add(x[5],x[2]))",False,,,2d3abe148438c49dee2950c7f30a0cc1,0.562874251497006,False,0.0
8,11,"greater_than_or_equal(x[5], mul(x[7],mul(add(sub(x[7],x[7]),x[7]),add(sub(x[7],sub(mul(x[7],x[0]),sub(pdiv(x[5],x[3]),x[0]))),sub(x[5],x[3])))))",False,,,d8dbae9887b2b9bccc09088c26df8ecd,0.28742514970059885,False,0.0
8,11,"not_(less_than_or_equal(pdiv(x[5],x[3]),mul(add(x[5],x[5]),add(sub(x[7],mul(x[5],x[3])),x[3]))))",False,,,1219850a02d5737528e3b59c6e97e7ef,0.3413173652694611,False,0.0
8,11,"not_(less_than_or_equal(pdiv(x[5],04.43),x[5]))",True,not_(x[6]),0.6347305389221557,b4068ba57b63c959651c969331c4b5cd,0.6407185628742516,True,0.005988023952095856
8,11,"less_than_or_equal(sub(mul(add(x[2],x[2]),x[7]),mul(add(x[7],x[0]),pdiv(x[7],x[3]))),mul(x[5],add(pdiv(add(x[2],x[5]),mul(x[7],add(x[7],add(x[5],x[2])))),add(sub(pdiv(x[0],x[7]),x[2]),add(x[5],x[2])))))",True,"less_than_or_equal(sub(mul(add(x[2],x[2]),x[7]),mul(add(x[7],x[0]),pdiv(x[7],x[3]))),mul(x[5],add(pdiv(add(x[2],x[5]),mul(x[7],add(x[7],add(x[5],x[2])))),add(sub(x[7],x[7]),pdiv(x[5],x[3])))))",0.3413173652694611,191b22841cabdcab3be727f8f943393a,0.3413173652694611,False,0.0
8,11,"not_(greater_than_or_equal(pdiv(x[2],mul(pdiv(x[5],x[5]),x[5])), mul(sub(add(sub(pdiv(x[2],x[5]),add(x[2],x[5])),mul(x[5],add(pdiv(x[2],pdiv(x[5],add(x[5],mul(x[0],x[7])))),add(x[7],pdiv(x[3],x[5]))))),x[2]),x[3])))",False,,,8b4042c82be2262cdb36a9a6efa53b66,0.5808383233532934,False,0.0
8,11,"not_(greater_than_or_equal(pdiv(pdiv(x[7],x[5]),add(x[3],x[7])), pdiv(x[2],pdiv(x[7],mul(mul(x[5],x[5]),x[5])))))",False,,,a469f2fd739a3057d9752dff7ae400fb,0.6107784431137724,False,0.0
8,11,"greater_than_or_equal(pdiv(x[0],x[7]), x[7])",True,"less_than_or_equal(x[7],pdiv(x[0],x[7]))",0.5029940119760479,37afef815a97697dfbf210f3b9ca92af,0.5029940119760479,False,0.0
8,11,"less_than_or_equal(x[2],mul(x[7],add(x[5],add(x[2],x[2]))))",False,,,0c9b3bc954a9e4d57dcf3d560355f016,0.5269461077844311,False,0.0
8,11,"greater_than_or_equal(x[5], mul(x[2],add(x[7],mul(x[2],x[5]))))",True,"greater_than_or_equal(pdiv(x[5],pdiv(add(x[2],x[5]),x[5])), mul(x[5],x[2]))",0.28742514970059885,0803226314985e684579b7ad7da3df72,0.2934131736526946,True,0.0059880239520957446
8,11,"not_(less_than_or_equal(pdiv(x[5],x[5]),pdiv(x[0],pdiv(x[2],x[2]))))",True,"less_than_or_equal(x[2],x[2])",0.35928143712574845,bd082d42dcba8056510101f18394b575,0.3652694610778443,True,0.005988023952095856
8,11,"greater_than_or_equal(sub(pdiv(x[5],x[7]),mul(add(mul(pdiv(add(x[5],sub(x[2],add(x[5],x[2]))),x[5]),mul(x[7],add(x[7],x[2]))),x[3]),x[5])), x[5])",False,,,9022f1cd2d01e29089d46d7d7fad78c5,0.2694610778443114,False,0.0
8,11,"greater_than_or_equal(x[5], mul(x[5],pdiv(x[5],add(x[5],add(x[0],x[7])))))",True,"less_than_or_equal(x[2],x[2])",0.35928143712574845,bd082d42dcba8056510101f18394b575,0.35928143712574845,False,0.0
8,11,"greater_than_or_equal(sub(pdiv(x[3],x[7]),mul(x[5],add(x[2],x[5]))), mul(mul(add(pdiv(add(x[5],x[2]),add(x[7],x[0])),x[2]),x[0]),add(add(x[2],x[3]),add(x[2],x[5]))))",False,,,2b82d3664715f65af5847463ad00cbed,0.29940119760479045,False,0.0
8,11,"not_(less_than_or_equal(pdiv(x[5],x[3]),mul(pdiv(pdiv(x[5],mul(pdiv(add(x[5],x[2]),add(x[7],x[0])),x[2])),x[0]),add(add(x[2],x[3]),add(x[2],x[5])))))",False,,,03e45d1d2724aa2b017365d404419b9c,0.5389221556886228,False,0.0
8,11,"greater_than_or_equal(x[5], x[5])",True,"less_than_or_equal(x[2],x[2])",0.35928143712574845,bd082d42dcba8056510101f18394b575,0.35928143712574845,False,0.0
8,11,"greater_than_or_equal(pdiv(x[5],add(x[2],x[2])), pdiv(x[3],x[7]))",False,,,a2d97c457db1f08cf27c77979914408a,0.5449101796407185,False,0.0
8,11,"greater_than_or_equal(x[5], mul(x[7],19.01))",True,not_(x[6]),0.6347305389221557,b4068ba57b63c959651c969331c4b5cd,0.6347305389221557,False,0.0
8,11,"greater_than_or_equal(x[5], x[0])",True,"less_than_or_equal(x[0],x[5])",0.37125748502994016,cdcd6f1e6c091ac380f1476046586fe6,0.37125748502994016,False,0.0
8,11,"not_(less_than_or_equal(pdiv(x[5],x[5]),add(x[2],x[3])))",True,"not_(less_than_or_equal(pdiv(x[5],x[5]),add(x[2],x[3])))",0.2694610778443114,8e10ebf505ba211742b7164524309595,0.2694610778443114,False,0.0
8,11,"less_than_or_equal(add(add(x[7],x[2]),sub(x[2],x[3])),pdiv(pdiv(add(x[2],x[5]),x[5]),x[2]))",True,"greater_than_or_equal(pdiv(pdiv(x[5],x[5]),add(x[5],x[0])), x[2])",0.3413173652694611,5005b0c334820b72e1246e09cfc64254,0.3413173652694611,False,0.0
8,11,"greater_than_or_equal(x[5], mul(x[2],add(x[7],add(x[5],x[5]))))",False,,,3717bbeaf0a575f8c476771c5dbdfca6,0.2694610778443114,False,0.0
8,11,"greater_than_or_equal(sub(pdiv(x[3],add(x[2],add(x[7],x[0]))),x[5]), x[0])",False,,,c534a4faf8fd75cdf2f22c6f959bed55,0.3892215568862275,False,0.0
8,11,"greater_than_or_equal(pdiv(add(x[2],x[5]),x[5]), x[2])",True,"less_than_or_equal(x[2],x[2])",0.35928143712574845,bd082d42dcba8056510101f18394b575,0.35928143712574845,False,0.0
8,11,"not_(less_than_or_equal(pdiv(x[5],x[5]),x[5]))",True,"not_(less_than_or_equal(pdiv(x[5],x[5]),x[5]))",0.31137724550898205,774eb80249c37c32f486ae194a31e639,0.31137724550898205,False,0.0
8,11,"greater_than_or_equal(pdiv(pdiv(x[5],mul(x[7],add(mul(add(add(x[5],x[2]),x[5]),mul(x[7],add(x[7],x[2]))),x[3]))),x[7]), pdiv(x[5],x[7]))",True,"not_(less_than_or_equal(pdiv(x[5],mul(x[7],add(mul(add(add(x[5],x[2]),x[5]),mul(x[7],add(x[7],x[2]))),x[3]))),x[5]))",0.23952095808383234,c1dff508cbea1786bc1a69281894a9d4,0.23353293413173648,True,-0.005988023952095856
8,11,"greater_than_or_equal(pdiv(x[5],x[7]), add(x[2],x[5]))",True,"greater_than_or_equal(x[5], mul(x[7],add(x[5],x[2])))",0.23353293413173648,49521aab13419e9d4582e656c37790ef,0.23353293413173648,False,0.0
8,11,"not_(less_than_or_equal(pdiv(x[5],x[5]),add(x[2],x[7])))",True,"less_than_or_equal(add(mul(x[7],pdiv(x[5],x[5])),x[2]),add(sub(x[7],x[7]),pdiv(69.44,sub(x[3],x[3]))))",0.19161676646706582,14c6e007ad625f3839f568e9ee8a86e1,0.19161676646706582,False,0.0
8,11,"greater_than_or_equal(pdiv(x[5],x[5]), add(x[5],x[2]))",True,"not_(less_than_or_equal(pdiv(x[5],x[5]),add(x[5],x[2])))",0.2455089820359282,5825d6d8d32996f2f81bb41cc0bfa92f,0.2455089820359282,False,0.0
8,11,"greater_than_or_equal(x[5], mul(x[7],mul(add(sub(x[2],x[7]),add(x[5],x[5])),add(sub(x[7],sub(x[3],mul(x[5],x[7]))),add(x[2],x[7])))))",False,,,162540a2c692458671d074d0cde4b781,0.22155688622754488,False,0.0
8,11,"not_(less_than_or_equal(pdiv(x[5],x[5]),add(x[2],x[5])))",True,"not_(less_than_or_equal(pdiv(x[5],x[5]),add(x[5],x[2])))",0.2455089820359282,5825d6d8d32996f2f81bb41cc0bfa92f,0.2455089820359282,False,0.0
8,11,"greater_than_or_equal(x[5], mul(x[7],mul(add(x[2],pdiv(pdiv(x[5],x[5]),add(x[7],x[2]))),pdiv(x[2],add(pdiv(x[3],pdiv(x[0],x[5])),x[3])))))",False,,,f1ee0eb29364f89d632aef5d085a683f,0.29940119760479045,False,0.0
8,11,"less_than_or_equal(mul(x[7],mul(x[7],x[0])),x[2])",False,,,e2e425be717e40b662778373216aef61,0.35928143712574845,False,0.0
8,11,"greater_than_or_equal(x[5], mul(add(sub(mul(add(74.56,x[7]),x[7]),add(x[7],x[2])),x[3]),x[5]))",True,not_(x[6]),0.6347305389221557,b4068ba57b63c959651c969331c4b5cd,0.6287425149700598,True,-0.005988023952095856
8,11,"less_than_or_equal(x[5],x[5])",True,"less_than_or_equal(x[2],x[2])",0.35928143712574845,bd082d42dcba8056510101f18394b575,0.35928143712574845,False,0.0
8,11,"greater_than_or_equal(pdiv(x[5],x[5]), add(x[2],x[7]))",True,"less_than_or_equal(add(mul(x[7],pdiv(x[5],x[5])),x[2]),add(sub(x[7],x[7]),pdiv(69.44,sub(x[3],x[3]))))",0.19161676646706582,14c6e007ad625f3839f568e9ee8a86e1,0.19161676646706582,False,0.0
8,11,"less_than_or_equal(pdiv(x[5],x[5]),add(x[5],add(x[7],add(x[3],x[2]))))",False,,,c641ec7d7d7249f253eb2ea1326d441e,0.4251497005988024,False,0.0
8,11,"greater_than_or_equal(sub(x[2],add(x[2],x[2])), x[5])",True,not_(x[6]),0.6347305389221557,b4068ba57b63c959651c969331c4b5cd,0.6407185628742516,True,0.005988023952095856
8,11,"not_(less_than_or_equal(pdiv(x[5],x[7]),mul(pdiv(add(add(pdiv(x[2],37.90),mul(x[0],x[7])),add(x[7],pdiv(x[3],x[7]))),x[3]),x[7])))",True,"not_(less_than_or_equal(pdiv(x[3],x[7]),add(x[7],pdiv(x[3],x[5]))))",0.3293413173652695,74dce5cb961f14b3bdac896efda7926c,0.3293413173652695,False,0.0
8,11,"greater_than_or_equal(x[5], x[0])",True,"less_than_or_equal(x[0],x[5])",0.37125748502994016,cdcd6f1e6c091ac380f1476046586fe6,0.37125748502994016,False,0.0
8,11,"not_(less_than_or_equal(pdiv(x[5],mul(x[7],add(x[5],x[5]))),x[3]))",False,,,ba872fc2f84286a2b5673aa6ac92cbd8,0.33532934131736525,False,0.0
8,11,"less_than_or_equal(mul(sub(x[7],x[3]),mul(add(add(add(add(x[2],x[3]),x[5]),07.48),x[7]),add(x[5],x[3]))),x[7])",False,,,132ce425e4910c419ff437653756bb3a,0.29940119760479045,False,0.0
8,11,"less_than_or_equal(mul(mul(x[7],x[7]),mul(x[5],mul(mul(add(x[7],x[5]),x[2]),add(sub(x[7],pdiv(x[5],sub(mul(x[5],mul(mul(x[5],add(x[3],add(sub(x[3],x[7]),x[5]))),x[3])),x[7]))),x[3])))),x[7])",False,,,6c3cef50528fd808d34c5f238356ab6b,0.2934131736526946,False,0.0
8,11,"greater_than_or_equal(x[5], mul(x[7],add(x[7],add(sub(pdiv(x[5],x[7]),mul(add(mul(pdiv(add(x[5],mul(x[2],add(x[5],x[0]))),x[5]),mul(x[7],add(x[7],x[2]))),x[3]),x[5])),x[5]))))",False,,,8d5c4f007e5847a154663eceb94da429,0.7065868263473054,False,0.0
8,11,"less_than_or_equal(add(add(x[7],x[2]),add(x[2],x[3])),x[3])",True,not_(x[6]),0.6347305389221557,b4068ba57b63c959651c969331c4b5cd,0.6407185628742516,True,0.005988023952095856
8,11,"not_(less_than_or_equal(pdiv(x[7],pdiv(x[5],x[5])),mul(x[3],x[2])))",True,"less_than_or_equal(mul(mul(x[2],x[3]),pdiv(x[2],x[7])),add(sub(x[7],x[3]),x[3]))",0.45508982035928147,7d973a6d8cc86431698bb2d6cd68b2c2,0.4011976047904192,True,-0.053892215568862256
8,11,"less_than_or_equal(add(add(x[7],x[2]),sub(x[2],mul(add(add(pdiv(x[3],pdiv(x[0],add(x[7],x[5]))),x[7]),x[5]),mul(x[2],add(x[7],x[0]))))),x[5])",False,,,b13348b6a6ac86bd084229ffaff869f8,0.49101796407185627,False,0.0
8,11,"less_than_or_equal(mul(mul(x[7],x[7]),mul(x[5],mul(mul(add(x[7],x[5]),x[2]),add(sub(x[2],x[2]),x[7])))),add(x[2],x[2]))",True,"less_than_or_equal(x[2],x[2])",0.35928143712574845,bd082d42dcba8056510101f18394b575,0.35928143712574845,False,0.0
8,11,"less_than_or_equal(mul(mul(x[7],x[7]),mul(x[5],mul(mul(add(x[7],x[5]),x[2]),97.96))),x[3])",False,,,5508d743448689cc4ebe536ff5b69e39,0.3652694610778443,False,0.0
8,11,"greater_than_or_equal(sub(x[5],sub(x[7],x[7])), x[5])",True,"less_than_or_equal(x[2],x[2])",0.35928143712574845,bd082d42dcba8056510101f18394b575,0.35928143712574845,False,0.0
8,11,"less_than_or_equal(pdiv(x[5],x[5]),add(pdiv(pdiv(x[3],x[5]),x[5]),add(sub(pdiv(x[5],add(x[7],x[2])),x[3]),x[5])))",True,"or_(less_than_or_equal(sub(x[2],x[5]),mul(x[3],x[2])),not_(greater_than_or_equal(x[5], x[3])))",0.38323353293413176,cc44f38a8b2fcefff95bcc01de90856f,0.37125748502994016,True,-0.0119760479041916
8,11,"greater_than_or_equal(x[5], mul(x[7],add(x[5],x[3])))",False,,,0947741ceb5018f757b589e69907d867,0.3053892215568862,False,0.0
8,11,"not_(less_than_or_equal(pdiv(x[2],x[5]),add(x[2],x[7])))",False,,,9082b8c160d0704c30a169b1a742a7bf,0.4850299401197605,False,0.0
8,11,"not_(less_than_or_equal(pdiv(x[5],add(pdiv(add(x[7],add(x[5],x[2])),add(x[7],x[0])),x[2])),x[0]))",False,,,4242141982fc2deef50b925c06b4bced,0.4131736526946108,False,0.0
8,11,"not_(less_than_or_equal(pdiv(x[5],x[3]),mul(add(x[5],x[2]),add(sub(x[7],mul(x[0],x[0])),x[7]))))",True,"not_(less_than_or_equal(pdiv(x[5],x[3]),mul(add(x[5],x[2]),add(sub(x[7],mul(x[0],x[5])),x[7]))))",0.3053892215568862,6930937adf749c8c957d835d27439e62,0.3053892215568862,False,0.0
8,11,"greater_than_or_equal(sub(mul(x[0],x[7]),mul(x[7],add(pdiv(x[5],x[2]),add(sub(x[7],x[7]),pdiv(x[5],mul(pdiv(x[5],x[5]),add(x[5],x[0]))))))), add(x[5],x[2]))",True,not_(x[6]),0.6347305389221557,b4068ba57b63c959651c969331c4b5cd,0.6407185628742516,True,0.005988023952095856
8,11,"less_than_or_equal(mul(mul(x[7],x[7]),mul(x[0],add(mul(sub(x[5],74.94),x[7]),x[7]))),add(x[7],x[2]))",True,"less_than_or_equal(x[2],x[2])",0.35928143712574845,bd082d42dcba8056510101f18394b575,0.35928143712574845,False,0.0
8,11,"less_than_or_equal(add(add(x[7],x[2]),mul(x[2],37.95)),pdiv(mul(pdiv(pdiv(x[5],x[5]),add(x[5],x[2])),sub(x[7],pdiv(x[3],pdiv(x[5],mul(x[5],mul(x[7],x[3])))))),x[5]))",False,,,fc5d1462f2f4f266b6c5a3f828b20c2c,0.652694610778443,False,0.0
8,11,"greater_than_or_equal(x[5], mul(x[7],mul(add(sub(x[7],x[7]),x[7]),add(sub(x[7],sub(mul(x[7],x[0]),sub(pdiv(x[5],x[7]),40.96))),x[7]))))",True,"less_than_or_equal(x[2],x[2])",0.35928143712574845,bd082d42dcba8056510101f18394b575,0.35928143712574845,False,0.0
8,11,"not_(less_than_or_equal(pdiv(x[3],x[7]),add(x[5],mul(x[5],add(x[5],sub(pdiv(x[5],mul(x[7],add(x[7],add(x[5],x[2])))),add(sub(x[7],x[7]),pdiv(x[5],x[3]))))))))",False,,,eaf27ff10f185cffd20968bd0ba81728,0.41916167664670656,False,0.0
8,11,"greater_than_or_equal(x[3], mul(x[3],mul(x[7],add(x[5],pdiv(x[2],x[5])))))",False,,,d42e57465ea06cdc1e09103371642274,0.2574850299401198,False,0.0
8,11,"greater_than_or_equal(pdiv(pdiv(x[5],x[5]),x[5]), pdiv(add(pdiv(add(x[7],x[3]),pdiv(x[0],x[3])),x[5]),add(mul(x[3],x[5]),pdiv(x[3],x[3]))))",False,,,2f64b282456592cb1104dec91a743204,0.33532934131736525,False,0.0
8,11,"not_(less_than_or_equal(pdiv(x[5],x[5]),add(mul(x[5],x[3]),x[2])))",False,,,e523a6a3f790b498d80c90f096d17ff2,0.27544910179640714,False,0.0
8,11,"greater_than_or_equal(x[5], mul(x[3],add(x[7],add(x[3],x[3]))))",False,,,abefbcbfd0711a0ebfbc7216ccf83d01,0.5149700598802396,False,0.0
8,11,"greater_than_or_equal(mul(x[5],add(x[5],x[2])), x[3])",False,,,ed16ee828530b2d921a0bc1a9bfe8178,0.5748502994011976,False,0.0
8,11,"not_(less_than_or_equal(pdiv(x[3],x[7]),x[7]))",True,"greater_than_or_equal(x[3], mul(x[7],x[7]))",0.3413173652694611,3d72bbc340f037088e8e4149f2ca8ce3,0.3413173652694611,False,0.0
8,11,"less_than_or_equal(sub(mul(x[7],x[7]),mul(x[5],mul(x[5],x[7]))),x[5])",False,,,3289882c22459338eced7a5e42b875d8,0.33532934131736525,False,0.0
8,11,"greater_than_or_equal(94.93, add(84.39,pdiv(x[3],add(sub(pdiv(mul(add(x[2],x[5]),sub(x[2],x[0])),add(x[3],x[7])),x[5]),x[0]))))",False,,,f27b553987e326daddf2bb11ec61abac,0.38323353293413176,False,0.0
8,11,"greater_than_or_equal(sub(pdiv(x[5],x[7]),mul(add(mul(pdiv(add(x[5],mul(x[2],add(x[5],x[2]))),x[5]),mul(x[7],add(x[2],x[2]))),x[3]),x[5])), x[5])",False,,,126a5d55a182dded6436a2bef1434317,0.22155688622754488,False,0.0
8,11,"greater_than_or_equal(add(x[5],x[2]), add(pdiv(pdiv(x[5],x[5]),add(x[3],x[7])),mul(x[7],x[5])))",False,,,781c41cfc06a8aaddb453755e16ab1a8,0.7125748502994012,False,0.0
8,11,"greater_than_or_equal(x[5], x[0])",True,"less_than_or_equal(x[0],x[5])",0.37125748502994016,cdcd6f1e6c091ac380f1476046586fe6,0.37125748502994016,False,0.0
8,11,"not_(less_than_or_equal(pdiv(pdiv(pdiv(x[7],mul(x[5],x[5])),mul(x[5],x[3])),add(77.79,pdiv(x[3],x[3]))),sub(x[3],x[7])))",False,,,f51e141a150fbdc05f62c42aebc377bf,0.6467065868263473,False,0.0
8,11,"greater_than_or_equal(x[5], add(x[5],x[7]))",True,not_(x[6]),0.6347305389221557,b4068ba57b63c959651c969331c4b5cd,0.6407185628742516,True,0.005988023952095856
8,11,"not_(greater_than_or_equal(mul(x[3],mul(x[7],sub(x[0],x[3]))), add(pdiv(add(x[2],pdiv(add(x[0],x[5]),add(pdiv(x[5],x[7]),sub(pdiv(mul(x[7],mul(x[7],x[0])),x[2]),x[0])))),x[5]),x[5])))",True,"not_(less_than_or_equal(pdiv(x[5],x[0]),x[0]))",0.35928143712574845,5372ceb8b23ce5e1dd3bf5c2fc3a57aa,0.3532934131736527,True,-0.0059880239520957446
8,11,"greater_than_or_equal(x[5], mul(x[7],mul(add(sub(x[7],x[7]),x[7]),add(sub(x[7],sub(mul(x[7],x[5]),sub(pdiv(x[5],x[7]),x[3]))),x[7]))))",False,,,e67098cc6f78a13f1a3b08afb4c88073,0.28742514970059885,False,0.0
8,11,"not_(greater_than_or_equal(mul(x[5],x[3]), x[3]))",True,"not_(less_than_or_equal(pdiv(x[5],x[5]),x[5]))",0.31137724550898205,774eb80249c37c32f486ae194a31e639,0.3173652694610778,True,0.0059880239520957446
8,11,"greater_than_or_equal(x[5], mul(add(x[2],pdiv(pdiv(x[5],x[7]),add(x[5],add(x[5],x[7])))),x[0]))",False,,,19b8ad0a76c0e1cf869be7ce5ce4803c,0.44311377245508987,False,0.0
8,11,"greater_than_or_equal(add(mul(x[7],sub(mul(x[3],x[0]),sub(pdiv(x[5],x[7]),x[3]))),x[7]), x[5])",False,,,565d13def2024080dbe05b7554082b8f,0.6766467065868264,False,0.0
8,11,"greater_than_or_equal(x[5], mul(pdiv(27.51,x[7]),x[7]))",True,not_(x[6]),0.6347305389221557,b4068ba57b63c959651c969331c4b5cd,0.6407185628742516,True,0.005988023952095856
8,11,"greater_than_or_equal(x[5], mul(x[2],x[3]))",True,"greater_than_or_equal(add(mul(x[0],x[3]),pdiv(x[5],x[3])), x[2])",0.3293413173652695,f0c5da2fb3fda6018ebf0885b8c1ea67,0.3293413173652695,False,0.0
8,11,"not_(less_than_or_equal(pdiv(pdiv(x[5],x[5]),x[2]),add(sub(x[7],x[7]),pdiv(69.09,pdiv(x[3],x[5])))))",True,"greater_than_or_equal(mul(x[0],x[3]), pdiv(x[5],x[3]))",0.6586826347305389,398030c733cc84fbe192baf690950e15,0.6407185628742516,True,-0.017964071856287345
8,11,"less_than_or_equal(add(mul(x[7],x[5]),x[0]),add(x[2],x[3]))",False,,,f6b4e006b4f1383e695421a466e1b1d2,0.3772455089820359,False,0.0
8,11,"less_than_or_equal(mul(mul(x[7],x[2]),x[2]),x[0])",True,"less_than_or_equal(mul(mul(x[7],x[2]),x[2]),x[0])",0.5449101796407185,dfde3adea22880b2b9d14eaadfab26a9,0.5449101796407185,False,0.0
8,11,"greater_than_or_equal(x[3], x[3])",True,"less_than_or_equal(x[2],x[2])",0.35928143712574845,bd082d42dcba8056510101f18394b575,0.35928143712574845,False,0.0
8,11,"greater_than_or_equal(x[0], sub(x[7],pdiv(x[7],add(x[5],x[5]))))",False,,,e9d1cf37e934d482a8675c01e4537757,0.4251497005988024,False,0.0
8,11,"greater_than_or_equal(x[5], mul(x[2],x[2]))",True,"less_than_or_equal(pdiv(mul(x[2],x[2]),x[5]),pdiv(x[7],x[7]))",0.3293413173652695,22afa71d30776c90154a85fa7bb55d4a,0.33532934131736525,True,0.0059880239520957446
8,11,"greater_than_or_equal(pdiv(x[5],x[7]), add(pdiv(sub(x[7],pdiv(x[3],x[7])),x[3]),x[5]))",True,"greater_than_or_equal(pdiv(pdiv(x[3],x[7]),x[7]), x[7])",0.33532934131736525,2a5f263975eb2c00720231394b71babf,0.33532934131736525,False,0.0
8,11,"not_(less_than_or_equal(pdiv(x[5],x[5]),x[2]))",True,"not_(greater_than_or_equal(mul(x[7],x[2]), x[7]))",0.34730538922155685,f69cf4961d82af0c72c0014d2a401904,0.34730538922155685,False,0.0
8,11,"greater_than_or_equal(pdiv(x[5],x[5]), add(x[5],x[0]))",True,"not_(less_than_or_equal(pdiv(x[5],x[5]),add(x[5],x[0])))",0.3053892215568862,00c19a3fd72854100569949b11521f0b,0.3053892215568862,False,0.0
8,11,"less_than_or_equal(x[5],x[7])",True,"greater_than_or_equal(x[7], x[5])",0.6107784431137724,793f9fa4aca1502cfe0a9ed6ab91b83c,0.6107784431137724,False,0.0
8,11,"not_(less_than_or_equal(pdiv(x[5],x[5]),09.69))",True,not_(x[6]),0.6347305389221557,b4068ba57b63c959651c969331c4b5cd,0.6407185628742516,True,0.005988023952095856
8,11,"greater_than_or_equal(x[5], add(x[7],x[5]))",True,not_(x[6]),0.6347305389221557,b4068ba57b63c959651c969331c4b5cd,0.6407185628742516,True,0.005988023952095856
8,11,"greater_than_or_equal(x[5], mul(x[7],add(x[7],add(x[3],x[2]))))",True,"greater_than_or_equal(x[5], mul(x[7],add(x[7],add(x[3],x[2]))))",0.2934131736526946,1af7bd2c0e59084ce1038d0fa1df9be2,0.2934131736526946,False,0.0
8,11,"greater_than_or_equal(sub(pdiv(x[5],x[2]),pdiv(add(x[0],x[7]),x[5])), x[3])",True,"greater_than_or_equal(sub(pdiv(x[5],x[2]),pdiv(add(x[0],x[7]),x[5])), x[3])",0.3532934131736527,b16fb822ffba2fb193872c6b680452b6,0.3532934131736527,False,0.0
8,11,"less_than_or_equal(add(mul(x[7],pdiv(x[5],x[5])),x[2]),add(sub(x[7],x[7]),pdiv(69.44,sub(x[3],x[3]))))",True,"less_than_or_equal(add(mul(x[7],pdiv(x[5],x[5])),x[2]),add(sub(x[7],x[7]),pdiv(69.44,sub(x[3],x[3]))))",0.19161676646706582,14c6e007ad625f3839f568e9ee8a86e1,0.1428571428571429,True,-0.04875962360992292
8,12,"greater_than_or_equal(x[5], mul(mul(sub(x[5],x[7]),x[0]),x[2]))",True,"less_than_or_equal(x[2],x[2])",0.35928143712574845,bd082d42dcba8056510101f18394b575,0.35928143712574845,False,0.0
8,12,"greater_than_or_equal(pdiv(x[0],x[5]), add(x[3],x[5]))",True,"less_than_or_equal(x[5],x[0])",0.6227544910179641,2aedc6e15176de9ec0c909a1a3b35796,0.6047904191616766,True,-0.017964071856287456
8,12,"greater_than_or_equal(add(pdiv(x[2],x[7]),pdiv(x[5],add(x[5],x[2]))), x[5])",True,"less_than_or_equal(x[2],x[2])",0.35928143712574845,bd082d42dcba8056510101f18394b575,0.35928143712574845,False,0.0
8,12,"not_(less_than_or_equal(pdiv(x[3],x[7]),x[2]))",True,"greater_than_or_equal(x[5], mul(x[7],mul(add(sub(x[7],x[7]),x[2]),add(sub(x[7],x[7]),pdiv(x[5],x[3])))))",0.2934131736526946,c999647c3f8349901a4892cae2cb97f9,0.29940119760479045,True,0.005988023952095856
8,12,"not_(greater_than_or_equal(x[5], x[2]))",True,"less_than_or_equal(x[5],x[2])",0.652694610778443,6fb17002302e404122653cf2c68db553,0.652694610778443,False,0.0
8,12,"greater_than_or_equal(pdiv(sub(pdiv(add(x[2],x[2]),add(x[2],x[0])),x[7]),x[7]), add(sub(x[7],sub(mul(x[7],x[0]),sub(pdiv(x[5],x[7]),x[3]))),x[7]))",False,,,afbf01e0305aee1c3b3729f87abcb39f,0.31137724550898205,False,0.0
8,12,"greater_than_or_equal(pdiv(add(x[2],x[3]),x[7]), mul(x[7],x[5]))",False,,,73bc2ef77c38910b19c0af4fde988f3e,0.35928143712574845,False,0.0
8,12,"greater_than_or_equal(x[5], mul(x[7],add(x[5],x[5])))",True,"greater_than_or_equal(x[5], mul(x[7],add(x[5],x[5])))",0.2455089820359282,9545aae94dd0fcb8b281ddfedf2da4e6,0.2455089820359282,False,0.0
8,12,"not_(greater_than_or_equal(pdiv(x[5],sub(x[2],x[0])), add(pdiv(x[2],x[2]),mul(x[7],mul(x[3],x[3])))))",False,,,2473aad0c75754d4259ed0aa989a09b6,0.5449101796407185,False,0.0
8,12,"greater_than_or_equal(x[5], mul(x[7],mul(add(sub(x[2],x[7]),add(x[5],x[5])),add(sub(x[7],sub(x[3],mul(x[5],x[7]))),add(x[2],x[7])))))",True,"greater_than_or_equal(x[5], mul(x[7],mul(add(sub(x[2],x[7]),add(x[5],x[5])),add(sub(x[7],sub(x[3],mul(x[5],x[7]))),add(x[2],x[7])))))",0.22155688622754488,162540a2c692458671d074d0cde4b781,0.22155688622754488,False,0.0
8,12,"less_than_or_equal(add(add(x[7],pdiv(x[3],x[7])),x[3]),x[5])",False,,,4b0c3a13a028e614de5e6c011afa0da4,0.6646706586826348,False,0.0
8,12,"greater_than_or_equal(x[3], x[5])",True,"less_than_or_equal(x[5],x[3])",0.5089820359281437,1d4d287fbe015bbb313f097e26f5bc37,0.5089820359281437,False,0.0
8,12,"greater_than_or_equal(pdiv(x[0],x[5]), add(x[5],x[2]))",True,"less_than_or_equal(x[5],x[0])",0.6227544910179641,2aedc6e15176de9ec0c909a1a3b35796,0.6047904191616766,True,-0.017964071856287456
8,12,"not_(greater_than_or_equal(x[7], x[0]))",True,"less_than_or_equal(x[7],x[0])",0.5449101796407185,be077d9307e8548c7420a3c3b9c6aaf2,0.5449101796407185,False,0.0
8,12,"greater_than_or_equal(sub(pdiv(x[5],x[0]),mul(x[7],x[5])), x[0])",True,"not_(less_than_or_equal(pdiv(x[5],x[0]),x[0]))",0.35928143712574845,5372ceb8b23ce5e1dd3bf5c2fc3a57aa,0.35928143712574845,False,0.0
8,12,"less_than_or_equal(x[5],add(x[0],x[7]))",True,"less_than_or_equal(sub(mul(x[0],x[7]),sub(x[0],x[5])),add(x[0],x[7]))",0.5748502994011976,42009ae66b9240ade6f538ac3a4ae73d,0.6227544910179641,True,0.04790419161676651
8,12,"not_(less_than_or_equal(pdiv(x[5],x[7]),add(mul(x[7],add(x[5],x[5])),x[3])))",False,,,7e914a1577c377bef9099ea6df1a7218,0.2455089820359282,False,0.0
8,12,"not_(less_than_or_equal(pdiv(x[5],x[5]),add(x[2],69.24)))",True,not_(x[6]),0.6347305389221557,b4068ba57b63c959651c969331c4b5cd,0.6407185628742516,True,0.005988023952095856
8,12,"greater_than_or_equal(x[5], mul(x[7],mul(add(sub(x[7],x[7]),x[7]),add(sub(x[7],sub(mul(x[7],x[5]),sub(pdiv(x[5],mul(x[5],add(x[5],x[2]))),x[5]))),mul(x[7],add(x[7],add(x[5],x[2])))))))",False,,,f3132d4ffaf4d81ef491f01f0690ea97,0.29940119760479045,False,0.0
8,12,"less_than_or_equal(add(mul(x[7],pdiv(x[5],x[5])),x[2]),add(sub(x[7],x[7]),pdiv(69.04,x[7])))",True,"less_than_or_equal(x[2],x[2])",0.35928143712574845,bd082d42dcba8056510101f18394b575,0.35928143712574845,False,0.0
8,12,"greater_than_or_equal(x[5], mul(x[5],add(x[7],mul(x[2],x[5]))))",False,,,41ddddfbbebe60c04d55ba7668a11510,0.28742514970059885,False,0.0
8,12,"not_(less_than_or_equal(pdiv(x[5],x[5]),mul(x[7],add(x[7],x[2]))))",True,"greater_than_or_equal(pdiv(add(x[2],sub(x[5],x[2])),x[5]), mul(x[7],add(x[7],x[2])))",0.3293413173652695,321264e70e80a3274eb5ed3b863c0b14,0.3293413173652695,False,0.0
8,12,"greater_than_or_equal(pdiv(x[5],x[5]), add(04.44,add(add(sub(x[7],sub(mul(x[7],x[0]),sub(pdiv(x[5],x[7]),x[3]))),add(add(x[3],x[7]),mul(x[7],x[5]))),x[3])))",True,not_(x[6]),0.6347305389221557,b4068ba57b63c959651c969331c4b5cd,0.6407185628742516,True,0.005988023952095856
8,12,"not_(greater_than_or_equal(pdiv(x[7],mul(x[5],x[5])), mul(x[5],x[3])))",False,,,76f6569ce278b40786edbda3ae6432d1,0.5868263473053892,False,0.0
8,12,"greater_than_or_equal(pdiv(pdiv(x[7],x[5]),x[7]), mul(add(x[2],pdiv(pdiv(x[5],x[5]),x[5])),add(75.19,pdiv(x[5],add(x[7],x[3])))))",True,not_(x[6]),0.6347305389221557,b4068ba57b63c959651c969331c4b5cd,0.6407185628742516,True,0.005988023952095856
8,12,"greater_than_or_equal(x[7], x[7])",True,"less_than_or_equal(x[2],x[2])",0.35928143712574845,bd082d42dcba8056510101f18394b575,0.35928143712574845,False,0.0
8,12,"not_(less_than_or_equal(pdiv(sub(pdiv(x[5],mul(add(x[5],x[5]),x[5])),mul(x[7],add(x[5],x[2]))),add(x[5],x[5])),add(x[5],x[2])))",False,,,35528af0194602fb916712e67a9d9b6c,0.44311377245508987,False,0.0
8,12,"greater_than_or_equal(pdiv(x[2],add(x[5],x[7])), x[5])",False,,,2745e1fd1816972e448cc4254f3012ff,0.5868263473053892,False,0.0
8,12,"greater_than_or_equal(x[5], mul(x[7],add(x[2],x[2])))",True,"not_(greater_than_or_equal(mul(x[7],add(x[2],x[2])), x[5]))",0.27544910179640714,f7539509fdd5f9bf93cc165393e6bf21,0.27544910179640714,False,0.0
8,12,"greater_than_or_equal(pdiv(x[5],add(x[7],add(x[3],x[2]))), x[5])",False,,,353f039f117164743c185b3208d556eb,0.38323353293413176,False,0.0
8,12,"not_(less_than_or_equal(pdiv(x[5],x[5]),x[5]))",True,"not_(less_than_or_equal(pdiv(x[5],x[5]),x[5]))",0.31137724550898205,774eb80249c37c32f486ae194a31e639,0.31137724550898205,False,0.0
8,12,"not_(greater_than_or_equal(mul(x[2],add(x[5],x[7])), add(x[2],x[5])))",True,"less_than_or_equal(x[2],x[2])",0.35928143712574845,bd082d42dcba8056510101f18394b575,0.35928143712574845,False,0.0
8,12,"not_(less_than_or_equal(pdiv(x[5],x[3]),x[7]))",True,"not_(less_than_or_equal(pdiv(x[5],x[3]),x[7]))",0.3413173652694611,e691e9faf9d6cf6a1c64f756c672a16e,0.3413173652694611,False,0.0
8,12,"not_(greater_than_or_equal(pdiv(pdiv(x[3],sub(x[7],x[7])),add(x[7],x[2])), x[3]))",False,,,bf370f1cb1bf13ff3cc6a5bc22a7ee38,0.6586826347305389,False,0.0
8,12,"greater_than_or_equal(sub(pdiv(x[5],x[7]),mul(add(x[3],x[5]),x[5])), x[5])",False,,,0ff984e5f601c3726863d4b18ff07a6b,0.22754491017964074,False,0.0
8,12,"greater_than_or_equal(x[5], mul(pdiv(add(add(x[7],x[2]),add(x[5],x[2])),x[5]),mul(x[7],add(sub(add(x[2],x[3]),x[5]),x[5]))))",True,"greater_than_or_equal(x[5], mul(x[7],add(x[7],add(x[3],x[7]))))",0.31137724550898205,92552161c5d20d1b9aa117454bb6ae16,0.34730538922155685,True,0.0359281437125748
8,12,"greater_than_or_equal(x[5], x[0])",True,"less_than_or_equal(x[0],x[5])",0.37125748502994016,cdcd6f1e6c091ac380f1476046586fe6,0.37125748502994016,False,0.0
8,12,"greater_than_or_equal(pdiv(x[5],add(x[5],x[0])), mul(x[3],x[7]))",False,,,90f2244247ee6eaab38d4672ca112590,0.32335329341317365,False,0.0
8,12,"greater_than_or_equal(pdiv(x[5],x[5]), add(x[2],x[2]))",True,"not_(less_than_or_equal(pdiv(x[5],x[5]),add(x[2],x[2])))",0.25149700598802394,b1dd33075a09479c47bb17a355eef7af,0.25149700598802394,False,0.0
8,12,"greater_than_or_equal(x[5], mul(x[7],sub(add(sub(x[7],x[7]),x[7]),mul(sub(x[7],sub(mul(x[7],x[5]),sub(pdiv(x[5],x[7]),x[3]))),x[7]))))",True,"less_than_or_equal(mul(x[3],x[7]),pdiv(x[5],x[7]))",0.33532934131736525,115d9de2e8f1cf584c1a290a69da8222,0.3413173652694611,True,0.005988023952095856
8,12,"not_(less_than_or_equal(pdiv(sub(pdiv(x[5],x[5]),add(x[5],x[2])),add(x[7],sub(x[5],add(x[3],add(x[5],sub(add(mul(x[5],add(x[5],x[0])),mul(x[3],x[7])),add(x[5],x[2]))))))),x[2]))",False,,,85e7c72befd64a48479d6369e582544c,0.4850299401197605,False,0.0
8,12,"greater_than_or_equal(add(pdiv(x[3],x[7]),x[7]), add(x[7],x[2]))",True,"greater_than_or_equal(x[5], mul(x[7],mul(add(sub(x[7],x[7]),x[2]),add(sub(x[7],x[7]),pdiv(x[5],x[3])))))",0.2934131736526946,c999647c3f8349901a4892cae2cb97f9,0.29940119760479045,True,0.005988023952095856
8,12,"greater_than_or_equal(mul(x[7],pdiv(x[5],mul(x[5],pdiv(add(x[0],x[5]),x[5])))), mul(x[5],x[2]))",False,,,aeed1ab84b2dcaaddc23e4ef816fceb1,0.43113772455089816,False,0.0
8,12,"greater_than_or_equal(add(pdiv(x[5],x[5]),add(x[2],x[7])), x[7])",True,"less_than_or_equal(x[2],x[2])",0.35928143712574845,bd082d42dcba8056510101f18394b575,0.35928143712574845,False,0.0
8,12,"not_(less_than_or_equal(pdiv(x[5],x[7]),add(x[5],mul(x[5],add(x[3],x[3])))))",False,,,cf0383191057b2517f2552bcaf0d650e,0.27544910179640714,False,0.0
8,12,"not_(less_than_or_equal(pdiv(sub(pdiv(x[5],x[5]),add(x[5],x[2])),x[5]),x[5]))",False,,,0750e6d4943bca7e71917530dac6c93f,0.4251497005988024,False,0.0
8,12,"greater_than_or_equal(pdiv(pdiv(mul(mul(sub(pdiv(add(x[2],x[5]),x[0]),mul(x[7],x[0])),sub(pdiv(x[5],x[7]),x[3])),x[7]),x[3]),x[7]), mul(x[7],x[5]))",False,,,23e175d39fe58023320222e30d82b081,0.32335329341317365,False,0.0
8,12,"greater_than_or_equal(x[5], mul(x[2],x[5]))",True,"not_(greater_than_or_equal(mul(x[7],x[2]), x[7]))",0.34730538922155685,f69cf4961d82af0c72c0014d2a401904,0.34730538922155685,False,0.0
8,12,"less_than_or_equal(mul(mul(x[7],x[7]),mul(x[5],add(x[3],x[2]))),x[7])",True,"less_than_or_equal(mul(mul(x[7],x[7]),add(x[5],x[2])),add(sub(x[7],x[5]),pdiv(x[5],x[3])))",0.34730538922155685,af454be8e862ff3864da07e226b0631c,0.34730538922155685,False,0.0
8,12,"not_(less_than_or_equal(pdiv(pdiv(pdiv(x[3],x[5]),x[2]),pdiv(x[7],add(x[3],x[2]))),mul(x[5],x[5])))",True,"greater_than_or_equal(x[3], mul(mul(x[2],x[7]),sub(x[5],x[3])))",0.3173652694610778,ffa28f397bbf6e8b3fc8b0c1f44248cd,0.32335329341317365,True,0.005988023952095856
8,12,"greater_than_or_equal(pdiv(sub(pdiv(add(x[2],x[2]),x[5]),pdiv(pdiv(x[5],x[5]),add(x[2],x[7]))),pdiv(x[3],x[7])), x[3])",False,,,b8296fa61e61f7b0fe910d1ff056aa21,0.7245508982035929,False,0.0
8,12,"greater_than_or_equal(x[3], x[7])",True,"greater_than_or_equal(x[3], x[7])",0.33532934131736525,176c0c35833bc4ae980b10cd773d9ebc,0.33532934131736525,False,0.0
8,12,"greater_than_or_equal(pdiv(x[5],x[3]), x[5])",True,"less_than_or_equal(x[2],x[2])",0.35928143712574845,bd082d42dcba8056510101f18394b575,0.35928143712574845,False,0.0
8,12,"greater_than_or_equal(pdiv(x[5],x[5]), add(x[7],pdiv(mul(x[2],add(sub(x[2],x[2]),x[7])),add(x[2],x[2]))))",False,,,55eb9e82f2b63a7c82285f9c89673b15,0.26347305389221554,False,0.0
8,12,"greater_than_or_equal(x[5], mul(x[7],mul(x[2],x[0])))",True,"not_(less_than_or_equal(pdiv(x[5],x[0]),x[0]))",0.35928143712574845,5372ceb8b23ce5e1dd3bf5c2fc3a57aa,0.34730538922155685,True,-0.0119760479041916
8,12,"greater_than_or_equal(pdiv(x[2],x[5]), add(x[2],add(sub(x[7],x[7]),x[7])))",True,"not_(less_than_or_equal(pdiv(x[2],x[5]),add(x[2],x[7])))",0.4850299401197605,9082b8c160d0704c30a169b1a742a7bf,0.4850299401197605,False,0.0
8,12,"not_(less_than_or_equal(pdiv(x[5],x[2]),add(x[5],add(pdiv(mul(x[2],x[7]),x[3]),pdiv(x[5],x[5])))))",False,,,a3763adf7b1ca49f2bd01823450c774a,0.3772455089820359,False,0.0
8,12,"greater_than_or_equal(pdiv(pdiv(x[5],x[5]),add(x[2],sub(x[7],pdiv(x[7],pdiv(x[5],x[3]))))), x[2])",False,,,c0d563f7137ae042fc03fa04e2bf381e,0.35928143712574845,False,0.0
8,12,"not_(less_than_or_equal(add(x[3],x[2]),x[5]))",False,,,b825dba74f3d69ce9f7220576782e147,0.47904191616766467,False,0.0
8,12,"greater_than_or_equal(x[5], mul(x[7],add(x[7],pdiv(x[5],x[5]))))",True,"greater_than_or_equal(x[5], mul(x[7],add(x[7],pdiv(69.44,sub(x[3],x[3])))))",0.33532934131736525,0f74d2b510468dfb01b807a5013ba7de,0.33532934131736525,False,0.0
8,12,"not_(less_than_or_equal(pdiv(x[5],x[3]),x[7]))",True,"not_(less_than_or_equal(pdiv(x[5],x[3]),x[7]))",0.3413173652694611,e691e9faf9d6cf6a1c64f756c672a16e,0.3413173652694611,False,0.0
8,12,"not_(less_than_or_equal(pdiv(x[3],sub(x[7],mul(add(x[7],x[2]),pdiv(x[7],add(mul(add(add(add(x[2],x[3]),x[5]),x[5]),add(x[2],x[5])),x[5]))))),add(x[5],x[2])))",False,,,27eb1415691b058f834f8c7a54dac0a3,0.2694610778443114,False,0.0
8,12,"greater_than_or_equal(pdiv(x[5],x[5]), x[2])",True,"not_(greater_than_or_equal(mul(x[7],x[2]), x[7]))",0.34730538922155685,f69cf4961d82af0c72c0014d2a401904,0.34730538922155685,False,0.0
8,12,"not_(less_than_or_equal(pdiv(x[5],mul(x[7],add(x[5],x[5]))),pdiv(pdiv(x[5],x[5]),x[5])))",False,,,58aeb7a5a5652a59b3f81f1f504d0cb4,0.4011976047904192,False,0.0
8,12,"not_(less_than_or_equal(pdiv(x[5],x[3]),mul(add(add(mul(x[2],add(sub(x[7],mul(x[0],x[0])),x[7])),mul(add(sub(x[7],x[7]),pdiv(x[3],x[7])),x[7])),mul(x[7],add(pdiv(x[5],x[2]),add(sub(x[7],x[7]),pdiv(x[5],mul(pdiv(x[5],x[5]),add(x[5],x[0]))))))),add(x[5],x[2]))))",False,,,b234ed0f7220f47d920763c55f632df8,0.46706586826347307,False,0.0
8,12,"less_than_or_equal(mul(mul(x[7],x[7]),mul(x[5],mul(mul(add(x[7],x[5]),x[2]),add(sub(x[7],pdiv(x[5],sub(mul(x[5],mul(mul(x[5],add(x[3],add(sub(x[3],x[7]),x[5]))),x[3])),x[7]))),x[3])))),x[7])",True,"less_than_or_equal(mul(mul(x[7],x[7]),mul(x[5],mul(mul(add(x[7],x[5]),x[2]),add(sub(x[7],pdiv(x[5],sub(mul(x[5],mul(mul(x[5],add(x[3],add(sub(x[3],x[7]),x[5]))),x[3])),x[7]))),x[3])))),x[7])",0.2934131736526946,6c3cef50528fd808d34c5f238356ab6b,0.2934131736526946,False,0.0
8,12,"greater_than_or_equal(pdiv(x[5],x[7]), pdiv(x[5],x[7]))",True,"less_than_or_equal(x[2],x[2])",0.35928143712574845,bd082d42dcba8056510101f18394b575,0.35928143712574845,False,0.0
8,12,"greater_than_or_equal(sub(pdiv(x[3],x[7]),x[2]), add(x[7],x[7]))",False,,,5d30a31b7ae7219a3836994be716c2f5,0.281437125748503,False,0.0
8,12,"less_than_or_equal(mul(mul(x[7],mul(pdiv(x[5],25.97),x[2])),pdiv(sub(x[7],mul(x[0],x[5])),x[7])),pdiv(x[5],x[5]))",True,"less_than_or_equal(x[2],x[2])",0.35928143712574845,bd082d42dcba8056510101f18394b575,0.35928143712574845,False,0.0
8,12,"not_(less_than_or_equal(pdiv(x[5],x[7]),add(x[5],mul(x[5],add(add(pdiv(x[7],add(x[5],x[2])),add(sub(x[7],sub(x[5],mul(x[5],x[5]))),add(x[5],x[2]))),mul(x[7],pdiv(mul(x[5],x[5]),x[0])))))))",False,,,877c20a569f40bf48158ba6b014c60ff,0.3293413173652695,False,0.0
8,12,"not_(greater_than_or_equal(add(x[5],x[2]), add(pdiv(pdiv(x[0],x[5]),add(x[3],x[7])),mul(x[7],x[5]))))",False,,,d2956afd0ddb0b2043d32bdf3ad487e6,0.5269461077844311,False,0.0
8,12,"not_(less_than_or_equal(pdiv(x[3],sub(x[7],x[7])),add(pdiv(x[2],add(x[7],x[0])),x[2])))",False,,,bbab0954f0c97d37f1d8c9d14049458e,0.41916167664670656,False,0.0
8,12,"greater_than_or_equal(x[3], x[5])",True,"less_than_or_equal(x[5],x[3])",0.5089820359281437,1d4d287fbe015bbb313f097e26f5bc37,0.5089820359281437,False,0.0
8,12,"greater_than_or_equal(pdiv(x[5],add(x[2],x[2])), add(pdiv(mul(x[5],x[5]),x[0]),sub(sub(x[2],x[0]),mul(x[5],x[5]))))",False,,,bdb816fe3f288acfb5a72e23612b3357,0.3173652694610778,False,0.0
8,12,"greater_than_or_equal(add(x[5],x[2]), mul(mul(x[5],add(x[2],x[5])),x[5]))",True,"less_than_or_equal(x[2],x[2])",0.35928143712574845,bd082d42dcba8056510101f18394b575,0.35928143712574845,False,0.0
8,12,"less_than_or_equal(mul(mul(mul(pdiv(x[5],x[5]),add(x[3],x[7])),add(x[5],x[2])),add(sub(x[7],sub(x[5],mul(x[5],x[5]))),add(x[5],x[2]))),mul(x[7],pdiv(mul(x[5],x[5]),x[0])))",False,,,a3c92494a774291862985d7d0eb21a22,0.5389221556886228,False,0.0
8,12,"not_(greater_than_or_equal(pdiv(x[5],x[7]), add(x[5],mul(x[7],pdiv(x[5],x[5])))))",False,,,0030128647f99982f5296d7964088a85,0.7724550898203593,False,0.0
8,12,"greater_than_or_equal(x[5], mul(x[7],mul(add(sub(x[7],x[7]),pdiv(add(add(sub(x[7],sub(mul(x[7],x[2]),sub(pdiv(x[5],x[5]),x[3]))),x[7]),x[3]),x[7])),mul(x[7],x[5]))))",True,"greater_than_or_equal(x[5], mul(x[7],add(x[5],x[5])))",0.2455089820359282,9545aae94dd0fcb8b281ddfedf2da4e6,0.23353293413173648,True,-0.011976047904191711
8,12,"not_(less_than_or_equal(pdiv(x[7],x[2]),x[2]))",True,"not_(less_than_or_equal(pdiv(x[7],x[2]),x[2]))",0.3413173652694611,48484676f604e2391c073c391231d763,0.3413173652694611,False,0.0
8,12,"not_(less_than_or_equal(pdiv(add(mul(x[5],add(x[5],mul(x[5],add(x[2],x[2])))),x[5]),add(x[2],x[2])),mul(x[5],x[5])))",True,"less_than_or_equal(x[2],x[2])",0.35928143712574845,bd082d42dcba8056510101f18394b575,0.3652694610778443,True,0.005988023952095856
8,12,"greater_than_or_equal(sub(x[5],add(x[5],x[2])), x[5])",True,not_(x[6]),0.6347305389221557,b4068ba57b63c959651c969331c4b5cd,0.6407185628742516,True,0.005988023952095856
8,12,"less_than_or_equal(sub(pdiv(x[5],x[7]),mul(add(x[7],x[7]),mul(x[7],x[5]))),x[3])",False,,,fb959a087000f73b6dceaa22547c63b9,0.7425149700598803,False,0.0
8,12,"not_(greater_than_or_equal(add(x[5],x[2]), add(pdiv(pdiv(x[5],x[5]),add(x[2],add(mul(x[7],x[2]),add(x[5],x[2])))),x[5])))",False,,,fe8f78e79fb26ee49557fffd7fc1e8f2,0.26347305389221554,False,0.0
8,12,"not_(less_than_or_equal(sub(x[5],pdiv(pdiv(add(x[2],x[5]),x[2]),x[5])),mul(x[7],add(x[7],x[2]))))",True,not_(x[6]),0.6347305389221557,b4068ba57b63c959651c969331c4b5cd,0.6407185628742516,True,0.005988023952095856
8,12,"less_than_or_equal(mul(mul(x[7],x[2]),sub(x[5],x[2])),x[5])",True,"less_than_or_equal(x[2],x[2])",0.35928143712574845,bd082d42dcba8056510101f18394b575,0.35928143712574845,False,0.0
8,12,"greater_than_or_equal(pdiv(x[5],add(x[2],x[2])), x[5])",True,"not_(less_than_or_equal(pdiv(x[5],x[5]),add(x[2],x[2])))",0.25149700598802394,b1dd33075a09479c47bb17a355eef7af,0.25149700598802394,False,0.0
8,12,"greater_than_or_equal(x[5], add(x[2],x[2]))",True,"greater_than_or_equal(x[5], add(x[2],x[2]))",0.39520958083832336,ceb136f9325a6c3dff5e71a06e63c76f,0.39520958083832336,False,0.0
8,12,"not_(less_than_or_equal(pdiv(x[7],x[2]),x[2]))",True,"not_(less_than_or_equal(pdiv(x[7],x[2]),x[2]))",0.3413173652694611,48484676f604e2391c073c391231d763,0.3413173652694611,False,0.0
8,12,"greater_than_or_equal(pdiv(x[5],pdiv(x[7],x[2])), add(49.49,mul(x[7],add(x[7],x[2]))))",True,not_(x[6]),0.6347305389221557,b4068ba57b63c959651c969331c4b5cd,0.6407185628742516,True,0.005988023952095856
8,12,"greater_than_or_equal(pdiv(pdiv(x[5],x[5]),add(x[7],mul(add(mul(pdiv(add(x[5],sub(mul(add(add(x[5],x[2]),x[5]),mul(x[7],add(x[7],x[2]))),x[3])),x[5]),x[5]),add(x[2],x[5])),x[5]))), add(x[5],x[2]))",True,"not_(less_than_or_equal(pdiv(sub(pdiv(x[5],x[5]),add(x[5],x[2])),x[5]),mul(x[7],add(x[7],x[2]))))",0.27544910179640714,2570cc0caa1a7eac1036761f030e6c28,0.32335329341317365,True,0.04790419161676651
8,12,"greater_than_or_equal(sub(pdiv(x[5],x[2]),x[5]), x[5])",False,,,72989f9209d2ae9398572032465ff70a,0.2694610778443114,False,0.0
8,12,"greater_than_or_equal(sub(pdiv(x[3],x[5]),mul(x[5],add(x[2],x[7]))), pdiv(x[3],sub(pdiv(x[3],x[5]),x[5])))",False,,,b5e8cfb314093cd808d128a9d3764203,0.45508982035928147,False,0.0
8,12,"not_(less_than_or_equal(pdiv(mul(x[2],add(x[2],x[5])),x[7]),x[0]))",True,"not_(greater_than_or_equal(mul(x[7],x[0]), x[2]))",0.35928143712574845,e74fc79a80587d1f9f631202b75df4a5,0.35928143712574845,False,0.0
8,12,"greater_than_or_equal(add(x[2],x[5]), x[5])",True,"less_than_or_equal(x[2],x[2])",0.35928143712574845,bd082d42dcba8056510101f18394b575,0.35928143712574845,False,0.0
8,12,"greater_than_or_equal(pdiv(x[5],mul(x[2],x[5])), x[2])",True,"not_(greater_than_or_equal(mul(x[7],x[2]), x[7]))",0.34730538922155685,f69cf4961d82af0c72c0014d2a401904,0.34730538922155685,False,0.0
8,12,"greater_than_or_equal(x[5], mul(x[7],mul(add(sub(x[5],add(x[2],add(x[5],x[2]))),x[5]),mul(x[7],add(x[7],x[2])))))",True,"less_than_or_equal(x[2],x[2])",0.35928143712574845,bd082d42dcba8056510101f18394b575,0.35928143712574845,False,0.0
8,12,"greater_than_or_equal(x[5], mul(x[7],add(x[5],x[3])))",True,"greater_than_or_equal(x[5], mul(x[7],add(x[5],x[3])))",0.3053892215568862,0947741ceb5018f757b589e69907d867,0.3053892215568862,False,0.0
8,12,"greater_than_or_equal(pdiv(x[5],x[2]), add(x[5],x[2]))",True,"greater_than_or_equal(pdiv(x[5],pdiv(add(x[2],x[5]),x[5])), mul(x[5],x[2]))",0.28742514970059885,0803226314985e684579b7ad7da3df72,0.2934131736526946,True,0.0059880239520957446
8,12,"not_(less_than_or_equal(pdiv(x[5],x[7]),x[3]))",True,"not_(less_than_or_equal(pdiv(x[5],x[3]),x[7]))",0.3413173652694611,e691e9faf9d6cf6a1c64f756c672a16e,0.3413173652694611,False,0.0
8,12,"greater_than_or_equal(pdiv(x[5],add(x[5],x[7])), x[5])",True,"not_(less_than_or_equal(pdiv(x[5],x[5]),add(x[7],x[5])))",0.32335329341317365,e44f6a949f00cb0bf86b1105d7c3453d,0.32335329341317365,False,0.0
8,12,"and_(greater_than_or_equal(x[2], x[5]),or_(x[6],greater_than_or_equal(x[2], x[2])))",True,"less_than_or_equal(x[5],x[2])",0.652694610778443,6fb17002302e404122653cf2c68db553,0.652694610778443,False,0.0
8,12,"not_(less_than_or_equal(pdiv(x[5],x[7]),add(add(x[2],x[3]),x[5])))",True,"greater_than_or_equal(x[5], mul(x[7],add(x[7],add(x[3],x[7]))))",0.31137724550898205,92552161c5d20d1b9aa117454bb6ae16,0.281437125748503,True,-0.029940119760479056
8,12,"greater_than_or_equal(add(x[2],x[5]), x[5])",True,"less_than_or_equal(x[2],x[2])",0.35928143712574845,bd082d42dcba8056510101f18394b575,0.35928143712574845,False,0.0
8,12,"not_(less_than_or_equal(pdiv(x[5],x[5]),x[3]))",True,"not_(less_than_or_equal(pdiv(x[5],x[5]),x[3]))",0.3413173652694611,05e1f3d74f96ed02168c5462d1f8f406,0.3413173652694611,False,0.0
8,12,"greater_than_or_equal(x[0], mul(x[7],95.83))",True,not_(x[6]),0.6347305389221557,b4068ba57b63c959651c969331c4b5cd,0.6407185628742516,True,0.005988023952095856
8,12,"not_(less_than_or_equal(pdiv(x[0],x[5]),x[3]))",False,,,674a185d15b6d642436aa71a8c21a7e7,0.592814371257485,False,0.0
8,12,"not_(less_than_or_equal(x[5],mul(x[3],mul(add(x[5],x[2]),add(sub(x[7],mul(x[7],x[2])),x[5])))))",False,,,16ac68ca0d93cf0d3bc7a910ba900018,0.3053892215568862,False,0.0
8,12,"less_than_or_equal(pdiv(pdiv(x[5],x[5]),add(x[0],x[7])),pdiv(mul(mul(x[5],x[5]),x[2]),add(sub(x[7],x[7]),pdiv(x[5],x[5]))))",False,,,661fa06cf6abb651009153d06a5dd792,0.6467065868263473,False,0.0
8,12,"greater_than_or_equal(sub(pdiv(add(x[3],x[0]),add(x[0],x[5])),x[5]), x[5])",False,,,9debca6c2d031460ce60bd54869f4920,0.4970059880239521,False,0.0
8,12,"greater_than_or_equal(sub(x[7],x[2]), add(x[7],add(x[5],x[5])))",True,not_(x[6]),0.6347305389221557,b4068ba57b63c959651c969331c4b5cd,0.6407185628742516,True,0.005988023952095856
8,12,"greater_than_or_equal(pdiv(pdiv(mul(x[2],mul(x[3],x[7])),x[7]),add(x[5],x[2])), add(sub(x[7],x[7]),pdiv(x[5],x[3])))",True,"not_(less_than_or_equal(sub(x[3],x[5]),x[5]))",0.6347305389221557,b5fa2e7d7048b39fdcc9317861adfd94,0.6706586826347305,True,0.0359281437125748
8,12,"not_(less_than_or_equal(pdiv(pdiv(pdiv(x[2],x[5]),add(x[2],x[2])),x[5]),add(x[5],add(x[2],x[2]))))",False,,,516ee343e47525ca9af6ba3b85c4ac5f,0.32335329341317365,False,0.0
8,12,"greater_than_or_equal(90.89, add(x[7],sub(pdiv(add(x[7],x[5]),x[5]),add(x[2],x[0]))))",True,"less_than_or_equal(x[2],x[2])",0.35928143712574845,bd082d42dcba8056510101f18394b575,0.35928143712574845,False,0.0
8,12,"not_(less_than_or_equal(pdiv(x[5],pdiv(x[5],mul(x[2],x[3]))),pdiv(mul(x[5],mul(x[7],sub(x[5],x[3]))),sub(pdiv(sub(x[7],x[7]),mul(x[2],pdiv(sub(x[7],sub(x[5],x[7])),x[3]))),x[0]))))",False,,,ba17246e00c56d789e7fa1e0bd8e2acb,0.5868263473053892,False,0.0
8,12,"less_than_or_equal(pdiv(add(x[2],x[5]),x[2]),x[5])",True,not_(x[6]),0.6347305389221557,b4068ba57b63c959651c969331c4b5cd,0.6407185628742516,True,0.005988023952095856
8,12,"not_(less_than_or_equal(pdiv(x[5],mul(x[7],mul(x[7],x[7]))),add(x[7],x[5])))",False,,,2c6a9d95c2c9d96133653a813cc23060,0.29940119760479045,False,0.0
8,12,"not_(less_than_or_equal(pdiv(x[3],sub(x[5],x[5])),x[3]))",True,"not_(less_than_or_equal(pdiv(x[5],x[5]),x[3]))",0.3413173652694611,05e1f3d74f96ed02168c5462d1f8f406,0.3413173652694611,False,0.0
8,12,"greater_than_or_equal(30.93, x[2])",True,"less_than_or_equal(x[2],x[2])",0.35928143712574845,bd082d42dcba8056510101f18394b575,0.35928143712574845,False,0.0
8,12,"greater_than_or_equal(x[5], mul(x[2],pdiv(x[5],x[7])))",True,"less_than_or_equal(pdiv(add(x[2],x[5]),sub(x[2],x[7])),mul(mul(x[2],x[3]),mul(x[5],x[7])))",0.4730538922155688,6a9a868ce645e54c16a03959cbdb37f6,0.4730538922155688,False,0.0
8,12,"greater_than_or_equal(x[5], x[3])",True,"less_than_or_equal(mul(sub(x[7],x[0]),pdiv(x[7],25.93)),pdiv(x[7],sub(mul(x[3],x[5]),mul(x[3],x[3]))))",0.5089820359281437,8ad7ccd0e2bcf51cfea619f1321f2792,0.5089820359281437,False,0.0
8,12,"not_(less_than_or_equal(pdiv(x[5],x[5]),add(x[2],pdiv(pdiv(x[5],pdiv(x[2],x[2])),mul(pdiv(x[5],x[5]),x[2])))))",False,,,ffa56ddc90f0bbee989f091ef888201e,0.6467065868263473,False,0.0
8,12,"greater_than_or_equal(sub(pdiv(x[5],x[5]),mul(x[7],add(x[7],x[2]))), x[3])",False,,,28ec52dd7333cc1c240b9eacee8d6909,0.23952095808383234,False,0.0
8,12,"greater_than_or_equal(x[5], x[5])",True,"less_than_or_equal(x[2],x[2])",0.35928143712574845,bd082d42dcba8056510101f18394b575,0.35928143712574845,False,0.0
8,12,"greater_than_or_equal(x[5], mul(x[3],add(x[7],x[5])))",False,,,ee82527b3be3ea4b612afa77bf0a2494,0.34730538922155685,False,0.0
8,12,"greater_than_or_equal(mul(74.94,x[7]), x[7])",True,"less_than_or_equal(x[2],x[2])",0.35928143712574845,bd082d42dcba8056510101f18394b575,0.35928143712574845,False,0.0
8,12,"not_(less_than_or_equal(pdiv(x[5],x[3]),add(x[2],x[7])))",False,,,63f56071f750897f33f7d388cfcbcfbd,0.3293413173652695,False,0.0
8,12,"not_(less_than_or_equal(pdiv(pdiv(x[3],x[7]),x[3]),x[5]))",True,"less_than_or_equal(x[2],x[2])",0.35928143712574845,bd082d42dcba8056510101f18394b575,0.35928143712574845,False,0.0
8,12,"not_(greater_than_or_equal(mul(x[5],mul(x[7],add(x[7],add(x[3],x[7])))), add(pdiv(pdiv(x[7],x[7]),add(x[5],x[2])),mul(x[5],x[7]))))",False,,,a8d785f5d7992f680523b08975cd47cb,0.3293413173652695,False,0.0
8,12,"less_than_or_equal(mul(add(x[7],x[7]),pdiv(x[3],x[5])),x[2])",False,,,f41a3fc5417270edbca71b97fe560f24,0.5808383233532934,False,0.0
8,12,"greater_than_or_equal(x[5], mul(x[7],mul(add(sub(x[7],x[7]),x[7]),add(sub(x[7],sub(mul(x[7],x[0]),sub(pdiv(x[2],x[7]),x[5]))),pdiv(x[2],x[7])))))",False,,,39ec82e9982dc0c8fc68d74d221cbc25,0.26347305389221554,False,0.0
8,12,"not_(less_than_or_equal(pdiv(x[5],x[5]),add(x[0],x[7])))",False,,,fec34843c9ee7e8db43ee3d44e5d469c,0.33532934131736525,False,0.0
8,12,"greater_than_or_equal(pdiv(x[5],x[7]), mul(x[5],x[2]))",True,"less_than_or_equal(x[2],x[2])",0.35928143712574845,bd082d42dcba8056510101f18394b575,0.35928143712574845,False,0.0
8,12,"greater_than_or_equal(x[2], x[5])",True,"less_than_or_equal(x[5],x[2])",0.652694610778443,6fb17002302e404122653cf2c68db553,0.652694610778443,False,0.0
8,12,"not_(less_than_or_equal(pdiv(x[5],x[7]),mul(pdiv(add(add(pdiv(x[2],37.90),pdiv(x[0],x[7])),add(x[7],pdiv(x[3],x[7]))),x[3]),x[7])))",False,,,c3603a2cdcf531c222f67626eea1b528,0.3413173652694611,False,0.0
8,12,"greater_than_or_equal(x[5], mul(add(mul(add(pdiv(x[7],sub(x[3],sub(pdiv(x[3],x[7]),x[7]))),add(x[5],x[3])),x[0]),mul(x[7],x[0])),sub(pdiv(x[5],x[7]),x[5])))",False,,,b7479a41c8896a2d8de63dc68cab1fa6,0.4610778443113772,False,0.0
8,12,"not_(less_than_or_equal(mul(x[0],x[2]),x[3]))",True,"greater_than_or_equal(add(mul(x[0],x[2]),sub(x[5],x[5])), x[3])",0.6467065868263473,fa4e4ff3d0ce108b3ddcb2e0d037d301,0.652694610778443,True,0.0059880239520957446
8,12,"greater_than_or_equal(pdiv(53.58,pdiv(x[5],x[0])), x[3])",True,"less_than_or_equal(x[2],x[2])",0.35928143712574845,bd082d42dcba8056510101f18394b575,0.35928143712574845,False,0.0
8,12,"less_than_or_equal(add(mul(x[7],x[5]),x[0]),add(x[2],x[3]))",True,"less_than_or_equal(add(mul(x[7],x[5]),x[0]),add(x[2],x[3]))",0.3772455089820359,f6b4e006b4f1383e695421a466e1b1d2,0.3772455089820359,False,0.0
8,12,"less_than_or_equal(sub(pdiv(x[3],x[7]),mul(x[7],add(x[2],x[5]))),x[2])",False,,,a981089a0c2210c2af3cd2fd7d3d53da,0.7365269461077844,False,0.0
8,12,"not_(less_than_or_equal(sub(x[5],x[2]),x[2]))",True,"greater_than_or_equal(x[5], add(x[2],x[2]))",0.39520958083832336,ceb136f9325a6c3dff5e71a06e63c76f,0.39520958083832336,False,0.0
8,12,"less_than_or_equal(mul(mul(x[7],x[2]),add(x[5],x[2])),x[3])",True,"greater_than_or_equal(add(pdiv(x[3],x[7]),sub(x[7],x[2])), add(x[7],mul(x[0],mul(x[3],x[7]))))",0.2934131736526946,305beddaff5ee1c1134c3703a8529ffc,0.281437125748503,True,-0.0119760479041916
8,12,"greater_than_or_equal(add(add(x[3],x[2]),x[5]), pdiv(x[7],add(x[7],x[2])))",False,,,6f58debb886f41b0a0462325065b24a8,0.3892215568862275,False,0.0
8,12,"greater_than_or_equal(pdiv(x[5],x[2]), x[5])",True,"not_(greater_than_or_equal(mul(x[7],x[2]), x[7]))",0.34730538922155685,f69cf4961d82af0c72c0014d2a401904,0.34730538922155685,False,0.0
8,12,"greater_than_or_equal(x[5], mul(x[7],add(x[5],add(pdiv(add(x[0],mul(x[5],x[5])),sub(pdiv(x[5],x[5]),add(x[5],x[2]))),mul(x[7],pdiv(mul(x[5],x[5]),x[2]))))))",False,,,454763faa21c1a75ea17437ffb4ab748,0.5748502994011976,False,0.0
8,12,"less_than_or_equal(x[5],mul(x[7],19.04))",True,"less_than_or_equal(x[2],x[2])",0.35928143712574845,bd082d42dcba8056510101f18394b575,0.3652694610778443,True,0.005988023952095856
8,12,"not_(greater_than_or_equal(mul(x[7],add(mul(x[5],add(x[5],x[2])),mul(x[7],x[0]))), sub(pdiv(x[5],x[7]),x[3])))",False,,,db6b01167a21ef89af5cf99f8cae2658,0.2455089820359282,False,0.0
8,12,"greater_than_or_equal(x[7], add(x[0],sub(pdiv(add(pdiv(pdiv(x[3],x[7]),add(add(add(x[5],x[2]),x[5]),mul(x[3],add(x[7],x[2])))),x[3]),x[5]),x[5])))",False,,,104171ef105bf2a1ff30838ed2a19849,0.7065868263473054,False,0.0
8,12,"greater_than_or_equal(pdiv(x[5],x[5]), add(x[2],x[2]))",True,"not_(less_than_or_equal(pdiv(x[5],x[5]),add(x[2],x[2])))",0.25149700598802394,b1dd33075a09479c47bb17a355eef7af,0.25149700598802394,False,0.0
8,12,"less_than_or_equal(x[7],x[7])",True,"less_than_or_equal(x[2],x[2])",0.35928143712574845,bd082d42dcba8056510101f18394b575,0.35928143712574845,False,0.0
8,12,"greater_than_or_equal(pdiv(pdiv(x[5],mul(x[7],add(mul(add(add(x[5],x[2]),x[7]),mul(x[7],add(x[7],x[2]))),x[3]))),add(x[0],x[2])), x[5])",False,,,c4d7b39cc85203a78e165be631aad742,0.2694610778443114,False,0.0
8,12,"less_than_or_equal(add(add(x[7],x[2]),add(x[2],x[3])),add(pdiv(x[3],pdiv(x[0],x[5])),add(pdiv(add(x[0],mul(x[5],x[5])),sub(pdiv(x[5],x[5]),add(x[5],x[2]))),mul(x[7],pdiv(add(x[5],x[5]),mul(x[7],add(add(add(add(x[5],x[2]),x[5]),mul(x[7],add(x[7],x[2]))),x[3])))))))",False,,,70e946d5c276c51a6d6a8dd6c05ce6fa,0.23353293413173648,False,0.0
8,12,"not_(less_than_or_equal(pdiv(x[5],x[5]),add(mul(x[5],x[3]),x[2])))",True,"not_(less_than_or_equal(pdiv(x[5],x[5]),add(mul(x[5],x[3]),x[2])))",0.27544910179640714,e523a6a3f790b498d80c90f096d17ff2,0.27544910179640714,False,0.0
8,12,"greater_than_or_equal(pdiv(x[5],add(x[2],x[0])), x[5])",True,"not_(less_than_or_equal(pdiv(x[5],x[5]),add(x[0],x[2])))",0.34730538922155685,c426607f0a92b79fd094d06b3453a190,0.34730538922155685,False,0.0
8,12,"greater_than_or_equal(pdiv(x[5],x[3]), add(30.93,x[5]))",True,"not_(not_(less_than_or_equal(91.64,pdiv(x[2],pdiv(x[3],x[0])))))",0.6586826347305389,9f39b412647a2bed42ce034a15293284,0.6586826347305389,False,0.0
8,12,"greater_than_or_equal(x[5], x[3])",True,"less_than_or_equal(mul(sub(x[7],x[0]),pdiv(x[7],25.93)),pdiv(x[7],sub(mul(x[3],x[5]),mul(x[3],x[3]))))",0.5089820359281437,8ad7ccd0e2bcf51cfea619f1321f2792,0.5089820359281437,False,0.0
8,12,"greater_than_or_equal(pdiv(x[3],x[5]), pdiv(sub(mul(x[2],x[2]),x[0]),x[7]))",False,,,00909331d0e836e7547ac603757256e1,0.3652694610778443,False,0.0
8,12,"not_(less_than_or_equal(pdiv(x[5],x[5]),add(pdiv(x[5],add(x[5],x[0])),mul(x[5],add(x[5],x[2])))))",False,,,2fee52bfeffa76666b277b83bff909fd,0.5748502994011976,False,0.0
8,12,"greater_than_or_equal(pdiv(x[5],x[5]), add(pdiv(x[5],x[7]),sub(mul(mul(x[7],mul(mul(x[5],add(x[5],add(x[2],x[0]))),x[7])),add(x[3],x[2])),x[5])))",False,,,ef30ac5598e5e1c59d4b74daf9aec775,0.6047904191616766,False,0.0
8,12,"greater_than_or_equal(pdiv(x[5],x[5]), add(pdiv(pdiv(x[5],x[5]),pdiv(x[5],x[2])),sub(x[7],pdiv(x[3],pdiv(x[5],x[3])))))",False,,,f4a49caf815a2159626ce4e134d585cf,0.2934131736526946,False,0.0
8,12,"greater_than_or_equal(pdiv(pdiv(x[5],x[5]),add(x[2],x[3])), x[7])",True,"not_(less_than_or_equal(pdiv(x[5],x[5]),mul(x[7],add(x[2],x[3]))))",0.32335329341317365,81ec27b3061839811616e4fa37440faa,0.32335329341317365,False,0.0
8,12,"greater_than_or_equal(pdiv(x[5],x[5]), add(x[5],x[2]))",True,"not_(less_than_or_equal(pdiv(x[5],x[5]),add(x[5],x[2])))",0.2455089820359282,5825d6d8d32996f2f81bb41cc0bfa92f,0.2455089820359282,False,0.0
8,12,"not_(greater_than_or_equal(mul(mul(x[3],add(x[0],x[5])),x[3]), x[3]))",False,,,88d9d1cb43b4b08f96859a4042d57686,0.34730538922155685,False,0.0
8,12,"greater_than_or_equal(x[5], x[3])",True,"less_than_or_equal(mul(sub(x[7],x[0]),pdiv(x[7],25.93)),pdiv(x[7],sub(mul(x[3],x[5]),mul(x[3],x[3]))))",0.5089820359281437,8ad7ccd0e2bcf51cfea619f1321f2792,0.5089820359281437,False,0.0
8,12,"greater_than_or_equal(x[5], mul(sub(x[3],x[5]),x[3]))",True,"less_than_or_equal(pdiv(sub(x[3],x[5]),pdiv(x[2],x[2])),x[5])",0.3652694610778443,8f63ec6eb4b45627ddab1b215f2fa10a,0.34730538922155685,True,-0.017964071856287456
8,12,"greater_than_or_equal(x[5], mul(x[5],add(x[2],x[7])))",True,"less_than_or_equal(add(mul(x[7],pdiv(x[5],x[5])),x[2]),add(sub(x[7],x[7]),pdiv(69.44,sub(x[3],x[3]))))",0.19161676646706582,14c6e007ad625f3839f568e9ee8a86e1,0.19161676646706582,False,0.0
8,12,"greater_than_or_equal(pdiv(pdiv(mul(mul(x[7],x[7]),pdiv(mul(x[2],x[7]),x[2])),x[5]),x[5]), add(x[5],add(x[0],x[7])))",False,,,879c6304cef2a7c134c7785c7707d2e7,0.6646706586826348,False,0.0
8,12,"greater_than_or_equal(pdiv(x[5],x[7]), add(x[3],pdiv(x[5],x[5])))",True,"greater_than_or_equal(mul(sub(pdiv(x[5],x[7]),x[3]),x[5]), x[5])",0.39520958083832336,3ac7238fe7b051dca2a7159c7cd61173,0.4011976047904192,True,0.005988023952095856
8,12,"not_(less_than_or_equal(pdiv(x[7],x[5]),pdiv(pdiv(pdiv(x[5],x[5]),x[5]),x[2])))",False,,,8c2dad1809a03cc967a05f5c635295c1,0.6287425149700598,False,0.0
8,12,"greater_than_or_equal(mul(mul(x[0],42.79),pdiv(add(x[5],x[2]),x[5])), x[5])",True,"less_than_or_equal(mul(mul(x[3],x[3]),pdiv(x[7],sub(37.93,add(x[5],x[2])))),mul(x[0],x[0]))",0.6047904191616766,2b99e7e9b25541f2348cdeee1f65dbda,0.6047904191616766,False,0.0
8,12,"greater_than_or_equal(pdiv(x[5],pdiv(x[3],add(add(pdiv(pdiv(x[7],x[7]),add(x[5],x[2])),add(x[5],x[7])),x[5]))), 43.97)",True,"not_(not_(less_than_or_equal(91.64,pdiv(x[2],pdiv(x[3],x[0])))))",0.6586826347305389,9f39b412647a2bed42ce034a15293284,0.6586826347305389,False,0.0
8,12,"less_than_or_equal(mul(mul(x[7],x[2]),add(x[2],add(x[7],pdiv(x[5],x[5])))),x[5])",False,,,21104de4eeb784b7fe960bdf1ff4dbca,0.2694610778443114,False,0.0
8,12,"greater_than_or_equal(x[5], mul(x[5],x[2]))",True,"not_(greater_than_or_equal(mul(x[7],x[2]), x[7]))",0.34730538922155685,f69cf4961d82af0c72c0014d2a401904,0.34730538922155685,False,0.0
8,12,"greater_than_or_equal(x[5], x[5])",True,"less_than_or_equal(x[2],x[2])",0.35928143712574845,bd082d42dcba8056510101f18394b575,0.35928143712574845,False,0.0
8,12,"not_(less_than_or_equal(x[5],mul(x[5],add(pdiv(x[5],add(pdiv(x[5],x[7]),add(pdiv(add(x[7],sub(x[5],mul(x[5],x[5]))),add(x[5],x[2])),mul(x[7],pdiv(mul(x[5],x[5]),x[0]))))),sub(sub(x[2],x[0]),mul(x[5],x[5]))))))",True,"less_than_or_equal(x[2],x[2])",0.35928143712574845,bd082d42dcba8056510101f18394b575,0.35928143712574845,False,0.0
8,12,"greater_than_or_equal(add(pdiv(x[3],x[7]),sub(x[5],add(x[3],add(x[7],sub(x[5],x[5]))))), add(x[5],x[0]))",False,,,cf63292b3b4da2f6d6229d379267878d,0.2934131736526946,False,0.0
8,12,"and_(greater_than_or_equal(x[5], x[5]),greater_than_or_equal(pdiv(x[7],x[7]), add(x[3],x[2])))",True,"not_(less_than_or_equal(pdiv(x[5],x[5]),add(x[2],x[3])))",0.2694610778443114,8e10ebf505ba211742b7164524309595,0.2694610778443114,False,0.0
8,12,"greater_than_or_equal(x[5], mul(x[2],pdiv(pdiv(x[5],x[5]),add(x[3],x[7]))))",False,,,87809e79dcff99d72bd1439fab39ad8b,0.37125748502994016,False,0.0
8,12,"not_(greater_than_or_equal(add(x[5],x[2]), mul(add(x[7],add(x[3],x[7])),add(add(pdiv(x[7],x[7]),add(x[5],x[2])),add(98.93,43.97)))))",True,"less_than_or_equal(x[2],x[2])",0.35928143712574845,bd082d42dcba8056510101f18394b575,0.35928143712574845,False,0.0
8,12,"greater_than_or_equal(x[5], mul(x[7],add(x[7],mul(x[5],add(sub(x[7],sub(x[3],mul(x[5],x[7]))),x[7])))))",False,,,18cad608e665b53f32bea4898674e82a,0.23952095808383234,False,0.0
8,12,"not_(less_than_or_equal(add(add(x[5],x[2]),x[5]),mul(sub(mul(add(x[7],x[2]),x[3]),x[5]),x[5])))",True,"less_than_or_equal(x[2],x[2])",0.35928143712574845,bd082d42dcba8056510101f18394b575,0.35928143712574845,False,0.0
8,12,"greater_than_or_equal(sub(pdiv(x[3],x[7]),x[2]), x[5])",False,,,f37b192ee68e8c22b6377054abcd1642,0.2934131736526946,False,0.0
8,12,"less_than_or_equal(mul(sub(x[7],x[3]),mul(add(pdiv(x[2],pdiv(97.90,x[5])),mul(add(pdiv(x[5],sub(pdiv(add(x[2],x[5]),mul(x[5],add(pdiv(x[2],30.95),mul(mul(pdiv(pdiv(x[5],mul(x[7],pdiv(x[5],x[5]))),x[2]),add(sub(x[7],x[7]),pdiv(x[3],x[7]))),24.05)))),pdiv(x[5],x[2]))),add(sub(x[7],x[7]),pdiv(x[5],pdiv(pdiv(x[5],x[5]),add(x[5],x[0]))))),add(x[5],x[2]))),add(sub(x[7],x[7]),add(x[3],sub(pdiv(x[3],x[7]),x[7]))))),add(x[5],x[2]))",False,,,ec34318d3453b5fd03925810a200606e,0.3652694610778443,False,0.0
8,12,"less_than_or_equal(mul(mul(x[7],x[7]),mul(x[2],x[2])),x[5])",True,"not_(greater_than_or_equal(mul(x[7],add(x[5],x[2])), add(pdiv(mul(x[2],add(x[5],x[5])),x[2]),add(sub(x[7],x[7]),pdiv(x[5],x[3])))))",0.3293413173652695,7d654586c8343417150606decbbf38ac,0.33532934131736525,True,0.0059880239520957446
8,12,"not_(less_than_or_equal(pdiv(x[3],x[7]),x[2]))",True,"greater_than_or_equal(x[5], mul(x[7],mul(add(sub(x[7],x[7]),x[2]),add(sub(x[7],x[7]),pdiv(x[5],x[3])))))",0.2934131736526946,c999647c3f8349901a4892cae2cb97f9,0.29940119760479045,True,0.005988023952095856
8,12,"greater_than_or_equal(mul(04.54,x[5]), x[7])",False,,,7f0fc2dc10c96859680008412b12ef2b,0.3293413173652695,False,0.0
8,12,"greater_than_or_equal(pdiv(x[5],pdiv(x[5],pdiv(add(x[5],x[0]),sub(pdiv(x[5],x[5]),x[2])))), add(pdiv(x[5],x[2]),mul(x[5],x[5])))",False,,,b8c1a6043e2b5ab6f4dbadd40eaff2e9,0.7005988023952097,False,0.0
8,12,"greater_than_or_equal(add(pdiv(x[3],x[7]),sub(x[5],add(x[3],sub(x[5],sub(add(mul(x[5],add(x[5],x[0])),mul(x[3],x[7])),add(x[5],add(x[5],sub(x[7],sub(x[5],mul(x[5],x[5])))))))))), add(x[5],x[2]))",False,,,e05d1d71947a2cd9c72dbb9507cb0f62,0.4011976047904192,False,0.0
8,12,"not_(less_than_or_equal(x[5],mul(sub(x[7],x[3]),pdiv(add(x[3],x[2]),pdiv(add(x[7],x[3]),x[7])))))",False,,,3b46afc2f14a2cc94c0c2d536316b682,0.34730538922155685,False,0.0
8,12,"not_(greater_than_or_equal(mul(x[5],x[5]), x[2]))",True,"not_(less_than_or_equal(pdiv(x[2],x[5]),x[5]))",0.5688622754491017,379e3fd86c4786507474cde0c666a1a3,0.5688622754491017,False,0.0
8,12,"greater_than_or_equal(pdiv(x[3],add(add(x[5],x[2]),x[5])), mul(x[7],add(x[7],x[2])))",True,"greater_than_or_equal(pdiv(x[3],add(add(x[5],x[2]),x[5])), mul(x[7],add(x[7],x[2])))",0.2934131736526946,ef44699449cbdb92f29dbb5e40459368,0.2934131736526946,False,0.0
8,12,"not_(less_than_or_equal(pdiv(95.24,x[5]),x[5]))",True,"less_than_or_equal(x[2],x[2])",0.35928143712574845,bd082d42dcba8056510101f18394b575,0.35928143712574845,False,0.0
8,12,"not_(less_than_or_equal(pdiv(x[5],x[5]),add(x[2],91.09)))",True,not_(x[6]),0.6347305389221557,b4068ba57b63c959651c969331c4b5cd,0.6407185628742516,True,0.005988023952095856
8,12,"greater_than_or_equal(pdiv(x[5],x[3]), add(x[2],x[5]))",True,"not_(less_than_or_equal(pdiv(x[5],x[3]),add(x[5],x[2])))",0.33532934131736525,19e0b26b04f63034b8102da698d0b3b7,0.33532934131736525,False,0.0
8,12,"not_(greater_than_or_equal(pdiv(x[5],x[3]), pdiv(pdiv(x[5],x[5]),x[5])))",True,"not_(less_than_or_equal(pdiv(x[3],x[5]),x[5]))",0.37125748502994016,178b0a082bb86ed246316c01bb19f07e,0.3652694610778443,True,-0.005988023952095856
8,12,"greater_than_or_equal(x[5], mul(pdiv(pdiv(add(x[7],add(x[5],add(x[5],x[2]))),add(x[7],x[0])),x[2]),x[0]))",False,,,bf37d4aa8982873b649da4eb2fc7491a,0.40718562874251496,False,0.0
8,12,"less_than_or_equal(add(add(x[7],x[2]),add(x[7],x[2])),x[7])",True,not_(x[6]),0.6347305389221557,b4068ba57b63c959651c969331c4b5cd,0.6407185628742516,True,0.005988023952095856
8,12,"greater_than_or_equal(pdiv(x[5],x[5]), add(x[3],add(mul(x[3],pdiv(x[0],x[5])),add(pdiv(add(x[0],mul(x[5],x[5])),sub(add(x[5],x[5]),add(x[5],x[2]))),mul(x[7],pdiv(add(x[5],x[5]),x[2]))))))",False,,,175ef3ce4124953ef2db8616e062e43e,0.6586826347305389,False,0.0
8,12,"not_(less_than_or_equal(pdiv(pdiv(pdiv(x[5],x[5]),add(x[2],x[2])),x[5]),add(x[2],x[0])))",True,"not_(less_than_or_equal(pdiv(pdiv(pdiv(x[5],x[5]),add(x[2],x[2])),x[5]),add(x[2],x[0])))",0.33532934131736525,847747ddf4e22ed98ac36c565cb24499,0.33532934131736525,False,0.0
8,12,"not_(less_than_or_equal(x[5],mul(x[5],add(pdiv(x[5],add(pdiv(x[5],x[7]),sub(pdiv(mul(x[7],mul(x[7],x[0])),x[5]),sub(x[2],x[0])))),x[7]))))",False,,,61697b7cb1ff3f896ea82154d0ac6861,0.31137724550898205,False,0.0
8,12,"not_(less_than_or_equal(pdiv(29.28,x[5]),x[5]))",True,"less_than_or_equal(x[2],x[2])",0.35928143712574845,bd082d42dcba8056510101f18394b575,0.35928143712574845,False,0.0
8,12,"greater_than_or_equal(pdiv(x[5],x[5]), add(x[5],x[2]))",True,"not_(less_than_or_equal(pdiv(x[5],x[5]),add(x[5],x[2])))",0.2455089820359282,5825d6d8d32996f2f81bb41cc0bfa92f,0.2455089820359282,False,0.0
8,12,"greater_than_or_equal(pdiv(pdiv(x[5],x[5]),add(x[2],x[3])), x[2])",True,"not_(less_than_or_equal(pdiv(x[5],mul(x[2],add(x[3],x[2]))),x[5]))",0.3293413173652695,47c7563272626ae3ab35137d4a601483,0.32335329341317365,True,-0.005988023952095856
8,12,"greater_than_or_equal(add(pdiv(x[5],x[5]),add(x[5],x[0])), mul(add(pdiv(x[7],add(x[5],x[2])),add(sub(x[7],sub(x[5],mul(x[5],x[5]))),add(x[5],x[2]))),mul(x[7],pdiv(mul(x[5],x[5]),x[0]))))",False,,,c5b7a9be8fe34a4ed8432135cd85cd7b,0.2455089820359282,False,0.0
8,12,"not_(greater_than_or_equal(mul(x[7],add(mul(x[5],add(44.95,x[7])),x[0])), x[2]))",False,,,c29f666681bb6ea6b9cbeb497256221e,0.6467065868263473,False,0.0
8,12,"less_than_or_equal(sub(mul(x[7],x[2]),mul(x[7],pdiv(x[5],mul(x[5],mul(add(x[0],x[5]),x[5]))))),mul(x[5],x[2]))",True,"less_than_or_equal(x[2],x[2])",0.35928143712574845,bd082d42dcba8056510101f18394b575,0.35928143712574845,False,0.0
8,12,"greater_than_or_equal(x[7], x[5])",True,"greater_than_or_equal(x[7], x[5])",0.6107784431137724,793f9fa4aca1502cfe0a9ed6ab91b83c,0.6107784431137724,False,0.0
8,12,"greater_than_or_equal(pdiv(x[5],pdiv(mul(x[5],mul(x[7],sub(x[5],x[3]))),sub(pdiv(sub(x[7],x[7]),mul(x[2],add(sub(x[7],sub(x[3],x[7])),x[3]))),x[0]))), add(x[7],x[0]))",False,,,5816647c7f5991f6c7498ed20469241d,0.37125748502994016,False,0.0
8,12,"greater_than_or_equal(x[5], mul(x[0],93.04))",True,"less_than_or_equal(mul(add(x[0],x[0]),add(x[2],x[5])),sub(add(x[2],x[3]),add(x[3],x[2])))",0.3892215568862275,c9704e311ac7e289734d4b5a1bdc086f,0.3892215568862275,False,0.0
8,12,"greater_than_or_equal(x[5], mul(x[7],add(x[5],add(add(x[5],x[2]),x[5]))))",True,"greater_than_or_equal(x[5], mul(x[7],add(x[5],add(add(x[5],x[2]),x[5]))))",0.35928143712574845,07854308cecb684b832ea9cc5d0d7905,0.35928143712574845,False,0.0
8,12,"greater_than_or_equal(x[5], mul(x[7],add(pdiv(x[7],sub(x[3],sub(pdiv(x[3],mul(x[7],add(x[7],x[2]))),x[3]))),x[5])))",False,,,3d8079df8b8965df5019ae28ea17d3ad,0.22155688622754488,False,0.0
8,12,"greater_than_or_equal(pdiv(x[5],pdiv(x[2],x[2])), mul(pdiv(pdiv(x[3],x[5]),x[5]),add(x[2],x[5])))",False,,,63ecd9895134bcf373f129f10b1cec1b,0.5868263473053892,False,0.0
8,12,"greater_than_or_equal(pdiv(x[3],add(add(x[5],x[2]),x[5])), mul(x[7],add(x[5],x[7])))",False,,,472cd5be1410876d1a41c330d051ac20,0.33532934131736525,False,0.0
8,12,"greater_than_or_equal(x[5], mul(x[5],mul(add(x[0],x[5]),x[5])))",True,"greater_than_or_equal(x[5], mul(x[5],mul(add(x[0],x[5]),x[5])))",0.29940119760479045,c8fba6a503920a600c4c0753f4ebe1ba,0.29940119760479045,False,0.0
8,12,"not_(less_than_or_equal(pdiv(add(x[5],x[2]),x[5]),x[5]))",True,"less_than_or_equal(x[2],x[2])",0.35928143712574845,bd082d42dcba8056510101f18394b575,0.35928143712574845,False,0.0
8,12,"not_(greater_than_or_equal(mul(x[3],add(mul(97.49,add(x[7],sub(add(x[5],x[7]),x[0]))),x[2])), x[0]))",True,"not_(not_(less_than_or_equal(91.64,pdiv(x[2],pdiv(x[3],x[0])))))",0.6586826347305389,9f39b412647a2bed42ce034a15293284,0.652694610778443,True,-0.005988023952095856
8,12,"greater_than_or_equal(pdiv(x[5],x[5]), add(x[5],sub(x[5],x[7])))",False,,,d6b4ec4a92ba0041ab0848c78073f463,0.39520958083832336,False,0.0
8,12,"not_(less_than_or_equal(pdiv(add(pdiv(x[3],x[5]),add(x[2],x[7])),add(x[2],x[2])),mul(x[5],x[5])))",True,"greater_than_or_equal(pdiv(pdiv(x[5],x[5]),add(x[5],x[0])), x[2])",0.3413173652694611,5005b0c334820b72e1246e09cfc64254,0.34730538922155685,True,0.0059880239520957446
8,12,"greater_than_or_equal(pdiv(x[5],add(x[2],x[2])), pdiv(pdiv(x[5],sub(pdiv(add(x[2],x[5]),x[5]),pdiv(x[5],x[5]))),add(x[5],x[2])))",True,"less_than_or_equal(x[5],x[2])",0.652694610778443,6fb17002302e404122653cf2c68db553,0.6586826347305389,True,0.005988023952095856
8,12,"not_(greater_than_or_equal(pdiv(sub(mul(x[5],add(x[2],x[3])),x[7]),mul(x[2],x[7])), x[7]))",False,,,8ce1433342bfa525c9673c606d5e2bd0,0.6167664670658682,False,0.0
8,12,"greater_than_or_equal(x[5], sub(pdiv(x[3],x[7]),x[3]))",False,,,31b901e59af69edd07020b5eb07bce41,0.6766467065868264,False,0.0
8,12,"not_(less_than_or_equal(pdiv(x[7],x[2]),x[0]))",True,"less_than_or_equal(pdiv(mul(x[2],x[0]),pdiv(x[3],x[2])),add(mul(x[2],x[7]),mul(x[7],pdiv(x[7],x[3]))))",0.3892215568862275,42c0762f7ef0dcb5439fff3a6949dcd1,0.3772455089820359,True,-0.0119760479041916
8,12,"not_(less_than_or_equal(pdiv(x[5],x[5]),add(x[2],x[3])))",True,"not_(less_than_or_equal(pdiv(x[5],x[5]),add(x[2],x[3])))",0.2694610778443114,8e10ebf505ba211742b7164524309595,0.2694610778443114,False,0.0
8,12,"greater_than_or_equal(x[3], mul(x[7],mul(add(x[7],add(pdiv(x[3],x[7]),add(x[3],x[7]))),x[3])))",False,,,42e6286dcfe7a76972ee102957b745c6,0.28742514970059885,False,0.0
8,12,"greater_than_or_equal(sub(pdiv(x[5],x[7]),mul(add(mul(pdiv(add(x[5],sub(x[2],add(x[5],x[2]))),x[5]),mul(x[5],mul(x[7],add(x[7],x[2])))),x[3]),x[5])), x[5])",True,"greater_than_or_equal(sub(pdiv(x[5],x[7]),mul(add(mul(pdiv(add(x[5],sub(x[2],add(x[5],x[2]))),x[5]),mul(x[7],add(x[7],x[2]))),x[3]),x[5])), x[5])",0.2694610778443114,9022f1cd2d01e29089d46d7d7fad78c5,0.2694610778443114,False,0.0
8,12,"less_than_or_equal(mul(pdiv(x[7],x[2]),add(x[5],x[2])),sub(pdiv(add(x[7],x[2]),x[3]),x[5]))",False,,,7a801f90f619560af88c788de10431eb,0.5868263473053892,False,0.0
8,12,"not_(less_than_or_equal(pdiv(x[5],x[7]),add(x[2],sub(x[5],add(mul(x[0],24.40),x[2])))))",True,"not_(less_than_or_equal(pdiv(x[5],x[5]),add(sub(x[2],pdiv(x[0],add(pdiv(x[2],x[2]),mul(x[5],x[7])))),sub(x[7],x[2]))))",0.38323353293413176,625746f57b66a3cfa53b9c2b6605ad20,0.3892215568862275,True,0.0059880239520957446
8,12,"greater_than_or_equal(pdiv(x[5],x[0]), add(x[5],x[2]))",False,,,65f70ca0b2ec34a25e52cd789dc0c95b,0.3652694610778443,False,0.0
8,12,"greater_than_or_equal(x[3], mul(x[3],mul(x[7],add(x[5],pdiv(x[2],x[0])))))",False,,,a1da65babdd620ef7b1eab8560a58efc,0.23952095808383234,False,0.0
8,12,"not_(greater_than_or_equal(mul(04.43,x[5]), x[3]))",True,"not_(less_than_or_equal(sub(x[3],x[5]),x[5]))",0.6347305389221557,b5fa2e7d7048b39fdcc9317861adfd94,0.6766467065868264,True,0.041916167664670656
8,12,"less_than_or_equal(add(pdiv(84.59,mul(x[2],add(pdiv(x[3],mul(x[7],add(x[7],add(x[5],x[2])))),add(sub(add(add(x[5],x[5]),x[5]),mul(x[7],add(x[0],x[2]))),sub(x[5],mul(x[5],add(x[2],x[5]))))))),x[5]),add(x[5],x[2]))",False,,,4e16369b5335a4e17b5c7135d65871f1,0.652694610778443,False,0.0
8,12,"greater_than_or_equal(pdiv(x[5],x[2]), x[3])",True,"greater_than_or_equal(add(mul(x[0],x[3]),pdiv(x[5],x[3])), x[2])",0.3293413173652695,f0c5da2fb3fda6018ebf0885b8c1ea67,0.3293413173652695,False,0.0
8,12,"not_(greater_than_or_equal(pdiv(add(x[5],x[0]),mul(x[5],add(x[0],x[2]))), x[5]))",True,not_(x[6]),0.6347305389221557,b4068ba57b63c959651c969331c4b5cd,0.6407185628742516,True,0.005988023952095856
8,12,"less_than_or_equal(add(mul(x[7],pdiv(x[5],x[5])),x[2]),add(sub(x[7],x[7]),pdiv(69.44,mul(add(x[2],x[5]),x[2]))))",True,"less_than_or_equal(x[2],x[2])",0.35928143712574845,bd082d42dcba8056510101f18394b575,0.35928143712574845,False,0.0
8,12,"greater_than_or_equal(pdiv(x[5],add(x[2],x[2])), x[2])",True,"greater_than_or_equal(pdiv(x[5],pdiv(add(x[2],x[5]),x[5])), mul(x[5],x[2]))",0.28742514970059885,0803226314985e684579b7ad7da3df72,0.3053892215568862,True,0.017964071856287345
8,12,"greater_than_or_equal(pdiv(x[5],x[5]), add(pdiv(sub(add(x[5],x[0]),mul(x[3],x[7])),pdiv(x[0],x[3])),add(add(x[5],x[2]),sub(x[7],x[5]))))",False,,,c396d9514d7b6d1f2db709a5bb947abb,0.6227544910179641,False,0.0
8,12,"not_(greater_than_or_equal(mul(x[7],x[5]), x[7]))",True,"not_(less_than_or_equal(pdiv(x[5],x[5]),x[5]))",0.31137724550898205,774eb80249c37c32f486ae194a31e639,0.31137724550898205,False,0.0
8,12,"greater_than_or_equal(sub(pdiv(add(x[3],x[2]),x[3]),x[7]), x[3])",False,,,ac13e0dd77e806b2d20176761110552e,0.3413173652694611,False,0.0
8,12,"not_(less_than_or_equal(pdiv(x[5],sub(pdiv(add(mul(sub(x[7],x[7]),add(x[0],x[5])),x[7]),x[0]),x[2])),x[0]))",False,,,9c74cba23659a6352d21b58ce28471a3,0.3532934131736527,False,0.0
8,12,"not_(less_than_or_equal(pdiv(x[2],pdiv(x[5],x[5])),add(x[5],x[2])))",True,not_(x[6]),0.6347305389221557,b4068ba57b63c959651c969331c4b5cd,0.6407185628742516,True,0.005988023952095856
8,12,"greater_than_or_equal(add(x[2],x[5]), x[5])",True,"less_than_or_equal(x[2],x[2])",0.35928143712574845,bd082d42dcba8056510101f18394b575,0.35928143712574845,False,0.0
8,12,"greater_than_or_equal(sub(69.24,mul(pdiv(x[5],x[3]),mul(add(x[5],x[2]),pdiv(sub(x[7],mul(x[0],x[5])),x[7])))), pdiv(x[5],x[5]))",True,"less_than_or_equal(mul(sub(x[7],x[0]),pdiv(x[7],x[3])),mul(pdiv(x[3],x[0]),add(add(mul(x[0],sub(sub(x[2],x[5]),x[0])),x[2]),add(pdiv(add(x[5],x[7]),x[3]),mul(sub(x[3],x[0]),add(x[7],x[5]))))))",0.34730538922155685,c53d587e815bb7edf4955f1c3a6e811c,0.34730538922155685,False,0.0
8,12,"greater_than_or_equal(pdiv(add(x[2],sub(x[5],x[2])),mul(pdiv(pdiv(pdiv(x[5],x[0]),x[3]),pdiv(x[0],x[7])),add(add(sub(x[7],sub(mul(x[7],x[0]),sub(pdiv(x[5],x[7]),pdiv(mul(x[5],x[5]),x[5])))),pdiv(x[7],x[3])),x[7]))), x[5])",True,"less_than_or_equal(sub(pdiv(x[5],x[2]),mul(x[7],x[0])),mul(mul(x[3],x[2]),sub(x[5],x[2])))",0.6467065868263473,64a044af0d7ad5746f97e0885e2b3f57,0.6287425149700598,True,-0.017964071856287456
8,12,"less_than_or_equal(mul(mul(x[5],x[5]),add(pdiv(pdiv(x[5],x[5]),add(x[2],x[7])),pdiv(x[3],x[7]))),x[3])",True,"not_(less_than_or_equal(pdiv(x[3],x[5]),add(pdiv(x[3],x[7]),mul(x[5],mul(mul(x[5],x[7]),pdiv(x[7],x[3]))))))",0.652694610778443,0f73dac9e42e644b2a37350452a3d312,0.6047904191616766,True,-0.0479041916167664
8,12,"greater_than_or_equal(pdiv(x[5],mul(x[5],add(x[2],x[5]))), x[2])",True,"not_(less_than_or_equal(pdiv(x[5],x[2]),mul(x[5],add(x[5],x[2]))))",0.31137724550898205,142cae9b2b777b572b7a8767ad22e3d8,0.3053892215568862,True,-0.005988023952095856
8,12,"not_(less_than_or_equal(pdiv(30.93,x[2]),x[3]))",True,"less_than_or_equal(x[2],x[2])",0.35928143712574845,bd082d42dcba8056510101f18394b575,0.35928143712574845,False,0.0
8,12,"not_(less_than_or_equal(pdiv(x[5],x[7]),add(x[3],x[3])))",True,"not_(greater_than_or_equal(mul(x[7],add(x[3],x[3])), x[5]))",0.33532934131736525,21dfd395723705053ccbb05cf6fc70b7,0.33532934131736525,False,0.0
8,12,"greater_than_or_equal(x[5], add(x[7],add(x[5],x[5])))",True,not_(x[6]),0.6347305389221557,b4068ba57b63c959651c969331c4b5cd,0.6407185628742516,True,0.005988023952095856
8,12,"greater_than_or_equal(x[5], mul(x[7],x[3]))",True,"not_(less_than_or_equal(pdiv(x[5],x[3]),x[7]))",0.3413173652694611,e691e9faf9d6cf6a1c64f756c672a16e,0.3413173652694611,False,0.0
8,12,"less_than_or_equal(mul(mul(x[2],x[2]),x[2]),pdiv(pdiv(x[5],x[5]),add(x[2],x[3])))",False,,,72df26cec8febfece31fb94135ba3366,0.33532934131736525,False,0.0
8,12,"greater_than_or_equal(x[5], mul(x[7],mul(add(x[2],pdiv(pdiv(x[5],x[5]),add(x[7],x[5]))),pdiv(x[2],add(pdiv(x[3],pdiv(x[0],x[5])),x[7])))))",False,,,9837b1b8083cde7f502cbddeed89a2d5,0.3413173652694611,False,0.0
8,12,"greater_than_or_equal(x[5], mul(x[7],mul(add(sub(x[7],x[7]),x[7]),add(sub(67.44,x[0]),sub(pdiv(x[5],x[7]),x[3])))))",False,,,f9fd89441ea09e8222bb716d0d846afc,0.5748502994011976,False,0.0
8,12,"greater_than_or_equal(x[2], x[5])",True,"less_than_or_equal(x[5],x[2])",0.652694610778443,6fb17002302e404122653cf2c68db553,0.652694610778443,False,0.0
8,12,"greater_than_or_equal(x[5], mul(x[7],mul(x[7],x[0])))",True,"not_(less_than_or_equal(pdiv(x[5],x[0]),x[0]))",0.35928143712574845,5372ceb8b23ce5e1dd3bf5c2fc3a57aa,0.3413173652694611,True,-0.017964071856287345
8,12,"less_than_or_equal(mul(x[7],mul(x[7],x[0])),sub(x[7],x[7]))",True,"less_than_or_equal(mul(add(x[0],x[0]),add(x[2],x[5])),sub(add(x[2],x[3]),add(x[3],x[2])))",0.3892215568862275,c9704e311ac7e289734d4b5a1bdc086f,0.3892215568862275,False,0.0
8,12,"greater_than_or_equal(x[5], sub(x[2],x[3]))",True,"less_than_or_equal(mul(sub(x[2],x[5]),sub(x[2],x[0])),add(x[3],sub(sub(x[5],x[0]),sub(sub(x[2],x[0]),mul(x[5],x[5])))))",0.35928143712574845,8ec9f7e88fcc83ba50c08b755b787f7b,0.35928143712574845,False,0.0
8,12,"greater_than_or_equal(x[2], x[5])",True,"less_than_or_equal(x[5],x[2])",0.652694610778443,6fb17002302e404122653cf2c68db553,0.652694610778443,False,0.0
8,12,"greater_than_or_equal(pdiv(x[5],add(x[2],x[2])), x[3])",False,,,6c686947511a6a350fd36e11674219c7,0.3532934131736527,False,0.0
8,12,"not_(less_than_or_equal(pdiv(x[5],add(add(x[5],x[0]),mul(x[3],x[7]))),pdiv(x[0],x[3])))",False,,,e139039fb38d7f1c2592ba1a6b5b0d3f,0.39520958083832336,False,0.0
8,12,"greater_than_or_equal(pdiv(x[5],add(x[2],x[2])), x[5])",True,"not_(less_than_or_equal(pdiv(x[5],x[5]),add(x[2],x[2])))",0.25149700598802394,b1dd33075a09479c47bb17a355eef7af,0.25149700598802394,False,0.0
8,12,"not_(less_than_or_equal(add(pdiv(pdiv(x[5],x[5]),add(x[2],x[5])),mul(x[5],pdiv(pdiv(x[3],30.95),mul(x[0],x[2])))),add(x[7],add(x[5],x[5]))))",False,,,af53c77394740cceb7e7e217b3b59f73,0.31137724550898205,False,0.0
8,12,"greater_than_or_equal(add(x[0],add(x[5],x[3])), add(x[2],x[5]))",False,,,d565a5f1c7af015b5920121b744a081d,0.3532934131736527,False,0.0
8,12,"not_(less_than_or_equal(pdiv(x[5],x[3]),mul(add(x[5],x[5]),add(sub(x[7],add(x[7],x[2])),x[3]))))",False,,,7db0bc7be0cbba35a907d9f60cdb4719,0.4251497005988024,False,0.0
8,12,"less_than_or_equal(add(add(x[3],x[2]),add(x[5],58.94)),pdiv(x[0],x[0]))",True,not_(x[6]),0.6347305389221557,b4068ba57b63c959651c969331c4b5cd,0.6407185628742516,True,0.005988023952095856
8,12,"not_(less_than_or_equal(pdiv(x[5],x[3]),x[5]))",True,"not_(less_than_or_equal(pdiv(x[5],x[5]),x[3]))",0.3413173652694611,05e1f3d74f96ed02168c5462d1f8f406,0.34730538922155685,True,0.0059880239520957446
8,12,"greater_than_or_equal(add(pdiv(x[2],x[3]),pdiv(pdiv(x[5],x[5]),x[5])), x[2])",True,"less_than_or_equal(x[2],x[2])",0.35928143712574845,bd082d42dcba8056510101f18394b575,0.35928143712574845,False,0.0
8,12,"less_than_or_equal(mul(pdiv(x[5],x[5]),add(x[2],pdiv(x[7],add(x[5],x[5])))),add(sub(x[7],sub(x[5],mul(x[5],x[5]))),add(x[5],x[2])))",True,"greater_than_or_equal(x[5], sub(x[7],pdiv(x[5],pdiv(add(x[2],x[5]),x[5]))))",0.33532934131736525,084eb10daab79cd16eae9fb896fec938,0.4131736526946108,True,0.07784431137724557
8,12,"greater_than_or_equal(pdiv(pdiv(x[5],x[5]),add(x[5],x[3])), x[2])",False,,,2eb24f266682522fb9a6687cc2c40dee,0.3413173652694611,False,0.0
8,12,"greater_than_or_equal(pdiv(x[5],add(x[3],x[2])), add(x[2],x[2]))",False,,,cf3bfe558a9ba128078033d37ad3853c,0.34730538922155685,False,0.0
8,12,"not_(less_than_or_equal(x[5],x[5]))",True,not_(x[6]),0.6347305389221557,b4068ba57b63c959651c969331c4b5cd,0.6407185628742516,True,0.005988023952095856
8,12,"not_(less_than_or_equal(pdiv(pdiv(x[5],x[7]),x[7]),x[5]))",True,"not_(less_than_or_equal(pdiv(x[5],x[5]),add(pdiv(x[2],96.92),x[7])))",0.39520958083832336,db0e6c3409e9b2885c8014a7de8788af,0.4011976047904192,True,0.005988023952095856
8,12,"not_(less_than_or_equal(pdiv(x[5],x[2]),add(pdiv(x[5],add(pdiv(x[5],x[7]),sub(pdiv(mul(x[7],mul(x[7],x[0])),x[7]),add(x[2],x[0])))),x[7])))",False,,,9065b5836764b795a5ce23d6fd40c46b,0.2574850299401198,False,0.0
8,12,"greater_than_or_equal(add(x[5],x[2]), mul(x[7],pdiv(mul(x[5],x[5]),x[0])))",True,"greater_than_or_equal(add(x[5],x[2]), mul(x[7],pdiv(mul(x[5],x[5]),x[0])))",0.3053892215568862,7d570fb2bd63e58e0401d248fc4ecf43,0.3053892215568862,False,0.0
8,12,"not_(less_than_or_equal(x[5],mul(sub(x[7],x[7]),add(x[2],pdiv(x[3],add(pdiv(x[3],pdiv(x[0],x[5])),x[5]))))))",True,"less_than_or_equal(x[2],x[2])",0.35928143712574845,bd082d42dcba8056510101f18394b575,0.3652694610778443,True,0.005988023952095856
8,12,"less_than_or_equal(add(add(x[7],x[2]),sub(mul(pdiv(x[5],x[7]),x[0]),x[2])),x[0])",True,not_(x[6]),0.6347305389221557,b4068ba57b63c959651c969331c4b5cd,0.6407185628742516,True,0.005988023952095856
8,12,"less_than_or_equal(x[5],x[7])",True,"greater_than_or_equal(x[7], x[5])",0.6107784431137724,793f9fa4aca1502cfe0a9ed6ab91b83c,0.6107784431137724,False,0.0
8,12,"not_(less_than_or_equal(pdiv(sub(pdiv(x[3],x[0]),x[2]),add(x[5],x[2])),x[5]))",False,,,4c0902657bb314ba06a2028fef3640dd,0.3293413173652695,False,0.0
8,12,"not_(less_than_or_equal(pdiv(x[5],x[7]),add(mul(x[2],x[5]),mul(x[7],add(x[7],x[2])))))",False,,,b7ec3296185df501a7f2541cb04578e5,0.25149700598802394,False,0.0
8,12,"greater_than_or_equal(x[7], x[7])",True,"less_than_or_equal(x[2],x[2])",0.35928143712574845,bd082d42dcba8056510101f18394b575,0.35928143712574845,False,0.0
8,12,"not_(less_than_or_equal(x[5],mul(sub(x[7],x[7]),add(x[5],x[5]))))",True,"less_than_or_equal(x[2],x[2])",0.35928143712574845,bd082d42dcba8056510101f18394b575,0.3652694610778443,True,0.005988023952095856
8,12,"not_(less_than_or_equal(x[7],x[3]))",True,"greater_than_or_equal(x[7], x[3])",0.6646706586826348,d5925f4b2448dec895a429c6f44b5edc,0.6646706586826348,False,0.0
8,12,"greater_than_or_equal(x[3], pdiv(x[5],x[7]))",True,"greater_than_or_equal(x[7], pdiv(x[5],x[3]))",0.6586826347305389,c4d62ee0d9ef954add009e50887aed2e,0.6586826347305389,False,0.0
8,12,"not_(less_than_or_equal(pdiv(x[5],x[5]),add(x[7],x[3])))",True,"not_(less_than_or_equal(pdiv(x[5],x[5]),add(x[3],x[7])))",0.3053892215568862,f67f6bf2e1ea1a89d765b78348c25a54,0.3053892215568862,False,0.0
8,12,"greater_than_or_equal(sub(pdiv(x[5],x[7]),mul(add(mul(pdiv(add(x[5],mul(pdiv(x[5],pdiv(pdiv(x[5],x[7]),add(x[2],x[5]))),pdiv(x[3],x[7]))),x[3]),x[5]),x[5]),add(x[2],x[5]))), x[5])",False,,,b433f935f8fb4e4288d7eabec566d943,0.3652694610778443,False,0.0
8,12,"not_(less_than_or_equal(x[2],add(x[5],x[2])))",True,not_(x[6]),0.6347305389221557,b4068ba57b63c959651c969331c4b5cd,0.6407185628742516,True,0.005988023952095856
8,12,"not_(less_than_or_equal(pdiv(x[5],mul(x[7],pdiv(x[5],sub(mul(x[2],add(sub(x[7],x[7]),pdiv(x[3],x[7]))),x[7])))),mul(x[7],add(pdiv(x[5],x[2]),add(sub(x[7],x[7]),pdiv(x[5],mul(pdiv(x[5],x[5]),add(x[5],x[0]))))))))",False,,,d99c92b65560adb3dc3fde71994b3e55,0.4491017964071856,False,0.0
8,12,"not_(greater_than_or_equal(pdiv(x[5],x[7]), x[7]))",False,,,a26ec0dc91a6fbacf2b5a4cf9fbeefc1,0.6467065868263473,False,0.0
8,12,"not_(less_than_or_equal(pdiv(x[0],x[5]),add(x[2],x[5])))",True,"less_than_or_equal(x[5],x[0])",0.6227544910179641,2aedc6e15176de9ec0c909a1a3b35796,0.6047904191616766,True,-0.017964071856287456
8,12,"greater_than_or_equal(pdiv(add(x[3],pdiv(x[7],x[2])),add(x[5],x[2])), x[5])",True,"greater_than_or_equal(add(x[7],pdiv(x[5],x[5])), add(x[5],x[2]))",0.31137724550898205,70ab188d9bd159211c63f22cdfaace29,0.33532934131736525,True,0.0239520958083832
8,12,"less_than_or_equal(add(mul(x[7],pdiv(x[5],sub(mul(x[2],add(sub(x[7],x[7]),pdiv(69.90,x[2]))),x[3]))),x[5]),x[5])",True,"greater_than_or_equal(pdiv(mul(x[5],x[2]),pdiv(x[2],x[5])), add(sub(x[7],x[7]),add(x[5],x[0])))",0.6107784431137724,ec48eb4aba9f475884bcf9e8f28adadc,0.6107784431137724,False,0.0
8,12,"greater_than_or_equal(sub(pdiv(x[2],x[7]),mul(add(x[2],add(add(x[7],x[2]),add(x[5],x[2]))),x[5])), mul(x[7],add(x[7],sub(x[3],x[3]))))",False,,,58dad329af4b8ca1389508a7c8abe2d3,0.4491017964071856,False,0.0
8,12,"less_than_or_equal(add(add(x[7],x[2]),pdiv(x[2],x[3])),add(pdiv(x[5],pdiv(mul(x[2],x[7]),30.44)),add(x[7],mul(x[5],x[2]))))",False,,,d0d85e7cc681c35e08f210ba4d24b155,0.33532934131736525,False,0.0
8,12,"greater_than_or_equal(x[5], mul(x[5],x[2]))",True,"not_(greater_than_or_equal(mul(x[7],x[2]), x[7]))",0.34730538922155685,f69cf4961d82af0c72c0014d2a401904,0.34730538922155685,False,0.0
8,12,"greater_than_or_equal(pdiv(x[5],x[0]), add(x[5],x[2]))",True,"greater_than_or_equal(pdiv(x[5],x[0]), add(x[5],x[2]))",0.3652694610778443,65f70ca0b2ec34a25e52cd789dc0c95b,0.3652694610778443,False,0.0
8,12,"less_than_or_equal(add(mul(x[7],pdiv(x[7],x[2])),sub(sub(pdiv(x[3],x[7]),x[3]),x[5])),x[5])",False,,,589536afe0e14ff9a8f9d3ba4a6b5cc6,0.6946107784431137,False,0.0
8,12,"less_than_or_equal(mul(mul(x[7],mul(pdiv(x[5],x[3]),mul(add(x[7],x[2]),pdiv(sub(x[7],mul(x[0],x[5])),x[7])))),pdiv(x[5],x[5])),x[5])",False,,,1c9485cbd88b43f8e949ff448a4d86c5,0.26347305389221554,False,0.0
8,12,"greater_than_or_equal(x[5], mul(x[7],mul(add(sub(x[7],x[7]),x[5]),x[2])))",True,"less_than_or_equal(x[2],x[2])",0.35928143712574845,bd082d42dcba8056510101f18394b575,0.35928143712574845,False,0.0
8,12,"not_(greater_than_or_equal(mul(x[7],add(x[2],x[2])), sub(pdiv(pdiv(x[5],x[7]),pdiv(mul(pdiv(pdiv(x[2],x[7]),x[5]),x[7]),mul(x[5],x[3]))),x[0])))",False,,,8e63cd2b43ba3dbce3f9d66aafc50fd4,0.2934131736526946,False,0.0
8,12,"not_(less_than_or_equal(pdiv(x[7],09.97),x[5]))",False,,,4a95a30acf178ccef687bd67eccf0684,0.6646706586826348,False,0.0
8,12,"less_than_or_equal(add(add(x[7],x[2]),add(x[2],x[3])),add(pdiv(x[3],pdiv(x[2],pdiv(x[7],add(x[5],x[2])))),add(sub(x[7],sub(x[5],mul(x[5],x[5]))),add(x[5],x[2]))))",False,,,b52a39da2285fc547fce5c7347dc8e6b,0.38323353293413176,False,0.0
8,12,"less_than_or_equal(add(mul(x[7],pdiv(x[5],x[3])),x[2]),add(sub(x[7],x[7]),pdiv(69.44,sub(30.93,x[2]))))",True,"greater_than_or_equal(x[3], sub(x[7],x[3]))",0.3652694610778443,a7b9e31becf00bfd915f97221bdf1f72,0.33532934131736525,True,-0.029940119760479056
8,12,"greater_than_or_equal(x[7], mul(mul(x[3],mul(pdiv(x[7],add(mul(x[3],x[7]),add(x[5],x[2]))),add(sub(x[7],sub(x[5],mul(x[5],x[5]))),add(x[5],x[2])))),mul(x[7],pdiv(mul(x[5],x[5]),x[0]))))",False,,,ec9a3eaafb81ec49d40b238884894a3a,0.31137724550898205,False,0.0
8,12,"greater_than_or_equal(pdiv(x[5],x[5]), add(x[0],x[7]))",True,"greater_than_or_equal(x[3], mul(add(x[7],x[0]),x[3]))",0.31137724550898205,f5bf9aebb388af6a7cbda4724b01f693,0.31137724550898205,False,0.0
8,12,"not_(greater_than_or_equal(mul(x[7],add(mul(x[5],add(x[5],x[2])),x[7])), mul(x[7],x[0])))",True,not_(x[6]),0.6347305389221557,b4068ba57b63c959651c969331c4b5cd,0.6167664670658682,True,-0.017964071856287456
8,12,"not_(less_than_or_equal(pdiv(x[5],x[5]),add(x[2],x[5])))",True,"not_(less_than_or_equal(pdiv(x[5],x[5]),add(x[5],x[2])))",0.2455089820359282,5825d6d8d32996f2f81bb41cc0bfa92f,0.2455089820359282,False,0.0
8,12,"not_(less_than_or_equal(pdiv(x[5],x[7]),add(x[3],mul(x[5],add(x[5],x[2])))))",False,,,3299be4a392dcdd64c8a249dcc2a691c,0.2455089820359282,False,0.0
8,12,"greater_than_or_equal(x[3], mul(x[3],mul(x[7],add(x[5],pdiv(add(pdiv(pdiv(x[5],x[5]),add(x[2],x[7])),pdiv(x[3],x[7])),x[3])))))",True,not_(x[6]),0.6347305389221557,b4068ba57b63c959651c969331c4b5cd,0.6347305389221557,False,0.0
8,12,"not_(less_than_or_equal(pdiv(x[5],x[7]),add(x[5],mul(x[5],add(x[5],pdiv(x[5],mul(x[2],x[5])))))))",False,,,5294621218ee88960a27d57014cb25ae,0.5089820359281437,False,0.0
8,12,"greater_than_or_equal(x[5], x[5])",True,"less_than_or_equal(x[2],x[2])",0.35928143712574845,bd082d42dcba8056510101f18394b575,0.35928143712574845,False,0.0
8,12,"greater_than_or_equal(x[7], add(x[2],x[7]))",True,"greater_than_or_equal(pdiv(mul(x[5],x[2]),pdiv(x[2],x[5])), add(sub(x[7],x[7]),add(x[5],x[0])))",0.6107784431137724,ec48eb4aba9f475884bcf9e8f28adadc,0.6167664670658682,True,0.005988023952095856
8,12,"less_than_or_equal(add(add(x[7],x[2]),add(x[2],x[3])),add(pdiv(x[3],pdiv(x[5],mul(x[2],x[3]))),pdiv(mul(x[5],add(x[7],sub(x[5],x[3]))),sub(pdiv(add(x[7],x[7]),mul(x[2],add(01.43,x[7]))),x[3]))))",False,,,e8504a12b59f4c6578975aed3c290cfc,0.6287425149700598,False,0.0
8,12,"greater_than_or_equal(add(x[5],x[2]), pdiv(97.97,sub(x[7],x[2])))",True,"less_than_or_equal(add(x[5],x[7]),add(x[5],x[2]))",0.5269461077844311,544b4f45aa71542bcadfaa9d165fdbeb,0.5269461077844311,False,0.0
8,12,"not_(less_than_or_equal(pdiv(x[5],mul(pdiv(add(x[2],add(x[7],pdiv(x[5],x[5]))),pdiv(pdiv(x[5],x[5]),add(x[2],pdiv(x[7],add(x[5],x[5]))))),add(sub(x[7],sub(x[5],mul(x[5],x[5]))),add(x[5],x[2])))),mul(x[7],pdiv(mul(x[5],x[5]),x[0]))))",False,,,efd8ebae6ceb3278017eeb3469abd4d3,0.26347305389221554,False,0.0
8,12,"not_(greater_than_or_equal(x[3], x[2]))",True,"not_(less_than_or_equal(pdiv(x[5],x[5]),add(x[2],sub(pdiv(x[3],x[2]),add(mul(x[2],x[7]),mul(x[2],x[3]))))))",0.6586826347305389,97992d1c6392ce2361e75a580fad0a69,0.6347305389221557,True,-0.0239520958083832
8,12,"greater_than_or_equal(x[5], mul(x[7],add(x[7],pdiv(pdiv(sub(mul(x[5],add(x[2],x[5])),x[5]),x[2]),add(x[5],x[2])))))",False,,,8c8863965f4463135ee10c6483429395,0.2574850299401198,False,0.0
8,12,"not_(less_than_or_equal(pdiv(x[5],x[5]),add(x[7],x[2])))",True,"less_than_or_equal(add(mul(x[7],pdiv(x[5],x[5])),x[2]),add(sub(x[7],x[7]),pdiv(69.44,sub(x[3],x[3]))))",0.19161676646706582,14c6e007ad625f3839f568e9ee8a86e1,0.19161676646706582,False,0.0
8,12,"not_(less_than_or_equal(pdiv(x[5],x[7]),x[2]))",True,"less_than_or_equal(sub(mul(x[2],x[7]),mul(x[0],x[7])),x[5])",0.34730538922155685,67e5c7a497be3e968ea5c2bd6433af6d,0.33532934131736525,True,-0.0119760479041916
8,12,"not_(less_than_or_equal(pdiv(sub(mul(sub(x[7],x[7]),mul(x[2],sub(mul(add(x[7],x[7]),add(sub(x[7],sub(mul(x[7],x[0]),sub(pdiv(x[5],x[7]),x[3]))),x[5])),x[5]))),x[5]),pdiv(x[7],x[3])),x[7]))",True,not_(x[6]),0.6347305389221557,b4068ba57b63c959651c969331c4b5cd,0.6407185628742516,True,0.005988023952095856
8,12,"not_(greater_than_or_equal(x[7], add(x[2],x[7])))",True,"less_than_or_equal(pdiv(sub(x[0],x[0]),sub(x[0],x[2])),x[0])",0.38323353293413176,d0734af37aab8e9b6c733bcf8f431f61,0.38323353293413176,False,0.0
8,12,"greater_than_or_equal(x[3], x[2])",True,"greater_than_or_equal(x[3], x[2])",0.3652694610778443,0a54951987edb23171217fd387dfe4ac,0.3652694610778443,False,0.0
8,12,"greater_than_or_equal(39.24, x[5])",True,"less_than_or_equal(x[2],x[2])",0.35928143712574845,bd082d42dcba8056510101f18394b575,0.35928143712574845,False,0.0
8,12,"not_(less_than_or_equal(pdiv(x[5],x[7]),mul(x[2],sub(x[5],add(mul(x[0],mul(x[5],add(x[5],x[2]))),x[5])))))",True,"less_than_or_equal(x[2],x[2])",0.35928143712574845,bd082d42dcba8056510101f18394b575,0.3652694610778443,True,0.005988023952095856
8,12,"not_(less_than_or_equal(pdiv(x[5],x[7]),add(x[5],24.40)))",True,not_(x[6]),0.6347305389221557,b4068ba57b63c959651c969331c4b5cd,0.6347305389221557,False,0.0
8,12,"less_than_or_equal(mul(sub(x[7],x[3]),mul(add(add(add(add(x[2],x[3]),x[5]),07.48),x[7]),add(x[2],x[3]))),x[7])",False,,,f27558abd589d849ab93fecef889c33e,0.281437125748503,False,0.0
8,12,"not_(less_than_or_equal(pdiv(x[5],x[5]),add(30.93,x[2])))",True,not_(x[6]),0.6347305389221557,b4068ba57b63c959651c969331c4b5cd,0.6407185628742516,True,0.005988023952095856
8,12,"less_than_or_equal(x[2],x[2])",True,"less_than_or_equal(x[2],x[2])",0.35928143712574845,bd082d42dcba8056510101f18394b575,0.35928143712574845,False,0.0
8,12,"greater_than_or_equal(pdiv(x[5],mul(add(mul(x[7],pdiv(x[5],x[5])),x[2]),add(sub(x[7],x[7]),76.94))), x[7])",True,"less_than_or_equal(mul(mul(x[7],x[7]),74.75),add(x[7],x[7]))",0.6227544910179641,83475aff34f9e2eb2174b5d809ea1882,0.6287425149700598,True,0.0059880239520957446
8,12,"greater_than_or_equal(add(sub(pdiv(x[7],x[5]),x[5]),x[7]), add(x[2],x[7]))",True,"not_(less_than_or_equal(pdiv(x[7],x[5]),add(x[5],x[2])))",0.5209580838323353,330fc634ea36064ef3797fa341995bd5,0.5209580838323353,False,0.0
8,12,"greater_than_or_equal(mul(x[5],add(x[5],x[2])), x[5])",True,"greater_than_or_equal(add(x[2],x[5]), pdiv(x[7],x[7]))",0.7544910179640718,3db16fa16df21b15852938a2c3f9a18b,0.7485029940119761,True,-0.0059880239520957446
8,12,"greater_than_or_equal(x[0], x[3])",True,"or_(greater_than_or_equal(sub(x[0],x[5]), pdiv(x[3],x[5])),less_than_or_equal(sub(x[3],x[0]),sub(x[5],x[5])))",0.6227544910179641,2310ba51ba8c7f4263478bc24872fb4b,0.6227544910179641,False,0.0
8,12,"greater_than_or_equal(sub(pdiv(x[0],x[7]),x[3]), x[3])",False,,,0c3ac2ec9a1a744b1278ca38acaca85b,0.5508982035928144,False,0.0
8,12,"not_(greater_than_or_equal(mul(x[7],x[3]), add(add(sub(pdiv(x[5],x[7]),x[0]),x[2]),x[0])))",True,"greater_than_or_equal(add(x[2],x[5]), mul(x[7],mul(sub(x[7],x[5]),add(sub(x[2],x[5]),x[3]))))",0.34730538922155685,eb15a0eee05bca072f19c5d3623f0b99,0.35928143712574845,True,0.0119760479041916
8,12,"greater_than_or_equal(x[5], mul(x[7],add(x[5],x[5])))",True,"greater_than_or_equal(x[5], mul(x[7],add(x[5],x[5])))",0.2455089820359282,9545aae94dd0fcb8b281ddfedf2da4e6,0.2455089820359282,False,0.0
8,12,"not_(less_than_or_equal(pdiv(x[5],x[3]),x[3]))",True,"not_(less_than_or_equal(pdiv(x[5],x[3]),x[3]))",0.3772455089820359,7cfa688c7b850bc6fb94ebd5891d9ac6,0.3772455089820359,False,0.0
8,12,"less_than_or_equal(mul(mul(x[7],add(x[7],x[3])),x[7]),sub(x[3],x[7]))",False,,,908db164db22d095356f08bbac942a51,0.3293413173652695,False,0.0
8,12,"greater_than_or_equal(x[3], add(add(x[5],x[2]),x[5]))",True,"greater_than_or_equal(x[3], add(x[5],add(x[5],x[2])))",0.6167664670658682,7cc123d67d5bf9ab3fc19bf9e6fbb181,0.6167664670658682,False,0.0
8,12,"less_than_or_equal(mul(sub(sub(pdiv(x[5],x[7]),x[3]),x[5]),x[5]),x[5])",False,,,9ce847aa2a154dd95c8a979d0558f9e9,0.5808383233532934,False,0.0
8,12,"greater_than_or_equal(pdiv(pdiv(x[5],mul(x[7],add(mul(add(mul(x[5],x[2]),x[5]),mul(x[7],add(x[7],x[2]))),x[3]))),x[3]), add(x[3],mul(add(add(add(add(x[2],x[3]),mul(mul(07.48,x[7]),add(x[5],x[3]))),x[7]),x[5]),add(x[2],x[2]))))",False,,,118bf8829724ac6e474d9534d3b248ae,0.25149700598802394,False,0.0
8,12,"greater_than_or_equal(x[5], mul(x[7],add(x[0],add(x[2],x[5]))))",True,"not_(less_than_or_equal(pdiv(x[5],add(add(pdiv(x[5],pdiv(x[2],x[2])),x[2]),x[0])),x[7]))",0.23353293413173648,0642bf057766d8c0e7cf90681e6afb02,0.23353293413173648,False,0.0
8,12,"greater_than_or_equal(pdiv(mul(pdiv(add(x[2],x[3]),x[7]),add(pdiv(pdiv(x[7],x[7]),add(x[5],x[2])),add(x[5],x[7]))),x[5]), 43.97)",False,,,847703232967201a0f74ed66fb4cd61b,0.5988023952095809,False,0.0
8,12,"greater_than_or_equal(x[5], mul(x[7],add(x[5],x[5])))",True,"greater_than_or_equal(x[5], mul(x[7],add(x[5],x[5])))",0.2455089820359282,9545aae94dd0fcb8b281ddfedf2da4e6,0.2455089820359282,False,0.0
8,12,"not_(greater_than_or_equal(pdiv(add(mul(x[3],mul(x[5],x[5])),x[2]),add(sub(x[7],sub(x[5],mul(x[5],x[5]))),add(x[5],x[2]))), mul(x[7],pdiv(mul(x[5],x[5]),x[0]))))",False,,,6f91a54c9c6de0755906caa7825608b2,0.6467065868263473,False,0.0
8,12,"less_than_or_equal(add(add(x[7],x[2]),sub(x[2],x[3])),pdiv(pdiv(add(x[2],pdiv(x[7],pdiv(x[5],x[5]))),x[5]),x[2]))",True,"greater_than_or_equal(pdiv(pdiv(x[5],x[5]),add(x[5],x[0])), x[2])",0.3413173652694611,5005b0c334820b72e1246e09cfc64254,0.3413173652694611,False,0.0
8,12,"not_(less_than_or_equal(pdiv(x[5],x[5]),add(x[2],x[5])))",True,"not_(less_than_or_equal(pdiv(x[5],x[5]),add(x[5],x[2])))",0.2455089820359282,5825d6d8d32996f2f81bb41cc0bfa92f,0.2455089820359282,False,0.0
8,12,"greater_than_or_equal(pdiv(pdiv(x[5],x[7]),add(x[2],x[2])), mul(x[5],x[5]))",True,"greater_than_or_equal(pdiv(pdiv(x[5],x[5]),add(x[5],x[0])), x[2])",0.3413173652694611,5005b0c334820b72e1246e09cfc64254,0.3413173652694611,False,0.0
8,12,"less_than_or_equal(mul(sub(x[7],x[3]),mul(add(pdiv(x[2],pdiv(97.94,x[0])),mul(x[7],x[0])),sub(pdiv(x[5],x[3]),x[0]))),sub(x[5],x[3]))",False,,,43ae0910054314d3e6c26b8a3b0e702d,0.4850299401197605,False,0.0
8,12,"greater_than_or_equal(x[5], mul(x[7],mul(add(sub(x[7],x[7]),x[7]),add(sub(add(x[0],x[3]),pdiv(x[5],sub(pdiv(add(x[2],x[5]),mul(x[5],add(pdiv(x[2],33.95),mul(x[0],x[7])))),add(x[7],pdiv(x[0],x[2]))))),x[0]))))",False,,,bee0857baeaf017c442108038b84e4b6,0.3293413173652695,False,0.0
8,12,"not_(greater_than_or_equal(mul(x[7],mul(mul(x[5],add(x[5],x[2])),x[0])), x[5]))",True,"less_than_or_equal(x[2],x[2])",0.35928143712574845,bd082d42dcba8056510101f18394b575,0.3652694610778443,True,0.005988023952095856
8,12,"less_than_or_equal(add(mul(x[7],pdiv(x[5],x[5])),x[2]),add(sub(x[7],x[7]),pdiv(69.44,sub(x[3],x[3]))))",True,"less_than_or_equal(add(mul(x[7],pdiv(x[5],x[5])),x[2]),add(sub(x[7],x[7]),pdiv(69.44,sub(x[3],x[3]))))",0.19161676646706582,14c6e007ad625f3839f568e9ee8a86e1,0.1428571428571429,True,-0.04875962360992292
8,13,"greater_than_or_equal(pdiv(x[5],add(x[2],x[5])), add(add(x[2],x[3]),add(x[2],x[5])))",False,,,f08b661d7dcb98f782256d5da58d633c,0.5988023952095809,False,0.0
8,13,"not_(less_than_or_equal(pdiv(x[5],sub(pdiv(add(mul(sub(x[7],x[7]),add(x[0],x[5])),x[7]),x[0]),x[2])),x[2]))",False,,,6c70422253cc74ec32d189830018ed3c,0.2694610778443114,False,0.0
8,13,"greater_than_or_equal(pdiv(pdiv(x[5],x[5]),add(x[2],x[3])), x[5])",True,"less_than_or_equal(mul(x[5],add(x[2],x[3])),pdiv(x[5],x[5]))",0.31137724550898205,2fdd76f8c1f6219ec57593c5f3f3f2fb,0.31137724550898205,False,0.0
8,13,"greater_than_or_equal(pdiv(x[3],pdiv(x[5],x[3])), x[2])",True,"greater_than_or_equal(mul(sub(x[7],x[3]),mul(x[0],x[0])), sub(mul(x[5],x[2]),mul(x[3],x[3])))",0.3772455089820359,05c837feaccef7a493be85f2b71c00a5,0.3772455089820359,False,0.0
8,13,"greater_than_or_equal(add(pdiv(x[5],x[5]),add(x[2],x[2])), x[5])",True,"less_than_or_equal(x[2],x[2])",0.35928143712574845,bd082d42dcba8056510101f18394b575,0.35928143712574845,False,0.0
8,13,"less_than_or_equal(x[7],x[7])",True,"less_than_or_equal(x[2],x[2])",0.35928143712574845,bd082d42dcba8056510101f18394b575,0.35928143712574845,False,0.0
8,13,"greater_than_or_equal(x[5], x[5])",True,"less_than_or_equal(x[2],x[2])",0.35928143712574845,bd082d42dcba8056510101f18394b575,0.35928143712574845,False,0.0
8,13,"less_than_or_equal(mul(sub(x[7],x[3]),mul(add(add(sub(add(x[2],add(x[2],x[5])),x[5]),add(x[2],x[2])),55.91),x[3])),add(x[2],x[5]))",False,,,1b0a3b752c5db68035a819f6ac524245,0.31137724550898205,False,0.0
8,13,"greater_than_or_equal(pdiv(mul(mul(mul(x[5],add(x[2],x[5])),49.24),mul(add(x[7],x[2]),x[3])),x[5]), x[5])",True,"not_(less_than_or_equal(pdiv(x[3],x[5]),add(pdiv(x[2],30.95),mul(x[0],x[3]))))",0.34730538922155685,4ac8a53c24397a99907b64c745d162c5,0.34730538922155685,False,0.0
8,13,"greater_than_or_equal(x[2], x[5])",True,"less_than_or_equal(x[5],x[2])",0.652694610778443,6fb17002302e404122653cf2c68db553,0.652694610778443,False,0.0
8,13,"greater_than_or_equal(pdiv(x[5],add(x[2],x[5])), mul(x[7],add(x[5],x[5])))",False,,,308816d3187c3a2d2f8f96129c026db1,0.2455089820359282,False,0.0
8,13,"greater_than_or_equal(add(x[0],add(x[5],x[3])), add(x[2],x[5]))",True,"greater_than_or_equal(add(x[0],add(x[5],x[3])), add(x[2],x[5]))",0.3532934131736527,d565a5f1c7af015b5920121b744a081d,0.3532934131736527,False,0.0
8,13,"greater_than_or_equal(pdiv(x[5],add(x[2],pdiv(x[3],x[5]))), x[5])",False,,,34ea4f0ee2cc4e94ad962f9eecf77787,0.4491017964071856,False,0.0
8,13,"not_(less_than_or_equal(x[5],mul(sub(x[5],mul(x[7],add(x[7],x[7]))),pdiv(x[5],add(x[2],x[5])))))",True,"less_than_or_equal(x[2],x[2])",0.35928143712574845,bd082d42dcba8056510101f18394b575,0.3652694610778443,True,0.005988023952095856
8,13,"greater_than_or_equal(x[5], mul(x[7],add(x[5],x[3])))",True,"greater_than_or_equal(x[5], mul(x[7],add(x[5],x[3])))",0.3053892215568862,0947741ceb5018f757b589e69907d867,0.3053892215568862,False,0.0
8,13,"greater_than_or_equal(add(pdiv(x[3],x[7]),x[7]), add(x[7],x[2]))",True,"greater_than_or_equal(x[5], mul(x[7],mul(add(sub(x[7],x[7]),x[2]),add(sub(x[7],x[7]),pdiv(x[5],x[3])))))",0.2934131736526946,c999647c3f8349901a4892cae2cb97f9,0.29940119760479045,True,0.005988023952095856
8,13,"not_(less_than_or_equal(pdiv(x[5],x[5]),pdiv(pdiv(x[5],x[5]),add(pdiv(x[5],add(pdiv(x[5],x[7]),sub(pdiv(add(x[7],mul(x[7],x[0])),x[2]),x[0]))),x[5]))))",False,,,4989e91e02fd61123246d042240c586a,0.7005988023952097,False,0.0
8,13,"not_(less_than_or_equal(x[7],x[2]))",True,"less_than_or_equal(pdiv(add(x[2],x[5]),sub(x[2],x[7])),mul(mul(x[2],x[3]),mul(x[5],x[7])))",0.4730538922155688,6a9a868ce645e54c16a03959cbdb37f6,0.4730538922155688,False,0.0
8,13,"greater_than_or_equal(pdiv(pdiv(sub(pdiv(x[3],x[0]),x[2]),add(x[5],x[2])),x[5]), mul(x[7],sub(x[7],x[2])))",False,,,1908a04942879be7eac4e933a61fe825,0.3532934131736527,False,0.0
8,13,"less_than_or_equal(mul(mul(pdiv(x[5],mul(x[7],add(x[5],x[5]))),x[3]),x[3]),add(x[7],06.95))",True,"less_than_or_equal(x[2],x[2])",0.35928143712574845,bd082d42dcba8056510101f18394b575,0.35928143712574845,False,0.0
8,13,"greater_than_or_equal(mul(x[7],mul(x[5],89.19)), sub(pdiv(pdiv(x[5],x[5]),x[5]),mul(sub(add(sub(pdiv(x[5],x[5]),add(x[2],x[5])),mul(x[5],add(pdiv(x[2],pdiv(x[5],add(x[5],mul(x[0],x[7])))),add(x[7],pdiv(x[3],x[5]))))),x[2]),x[3])))",False,,,c5ff73fffc58b08c43509b3c489018bd,0.38323353293413176,False,0.0
8,13,"greater_than_or_equal(pdiv(x[5],x[0]), x[5])",True,"less_than_or_equal(x[2],x[2])",0.35928143712574845,bd082d42dcba8056510101f18394b575,0.35928143712574845,False,0.0
8,13,"greater_than_or_equal(add(mul(x[5],mul(x[7],add(x[7],x[2]))),x[3]), x[5])",False,,,19dcdc49f7159c578abb8dbf9897c097,0.5568862275449102,False,0.0
8,13,"not_(less_than_or_equal(pdiv(x[5],x[5]),add(x[3],pdiv(x[5],x[5]))))",True,not_(x[6]),0.6347305389221557,b4068ba57b63c959651c969331c4b5cd,0.6407185628742516,True,0.005988023952095856
8,13,"greater_than_or_equal(x[5], mul(x[7],add(x[7],mul(x[5],x[2]))))",True,"greater_than_or_equal(x[5], mul(x[7],add(x[7],mul(x[5],x[2]))))",0.27544910179640714,b3680de13e8f1c124200503e1bc1645a,0.27544910179640714,False,0.0
8,13,"greater_than_or_equal(pdiv(x[5],x[5]), add(x[5],x[2]))",True,"not_(less_than_or_equal(pdiv(x[5],x[5]),add(x[5],x[2])))",0.2455089820359282,5825d6d8d32996f2f81bb41cc0bfa92f,0.2455089820359282,False,0.0
8,13,"greater_than_or_equal(pdiv(x[5],add(x[2],x[3])), 74.94)",True,not_(x[6]),0.6347305389221557,b4068ba57b63c959651c969331c4b5cd,0.6407185628742516,True,0.005988023952095856
8,13,"greater_than_or_equal(x[5], mul(x[7],add(mul(x[2],add(x[0],x[2])),add(x[7],x[0]))))",False,,,240ce616bd6d1b418f0ce70a8fc7c1e3,0.26347305389221554,False,0.0
8,13,"greater_than_or_equal(pdiv(x[3],x[5]), x[3])",True,"less_than_or_equal(x[2],x[2])",0.35928143712574845,bd082d42dcba8056510101f18394b575,0.35928143712574845,False,0.0
8,13,"greater_than_or_equal(x[3], mul(pdiv(pdiv(mul(x[7],add(x[5],x[5])),add(x[2],x[0])),x[5]),x[5]))",False,,,02521e4135ea58a1ebd24f7bdbc2d0e1,0.5688622754491017,False,0.0
8,13,"greater_than_or_equal(pdiv(x[5],x[5]), add(x[3],x[7]))",True,"not_(less_than_or_equal(pdiv(x[5],x[5]),add(x[3],x[7])))",0.3053892215568862,f67f6bf2e1ea1a89d765b78348c25a54,0.3053892215568862,False,0.0
8,13,"not_(greater_than_or_equal(add(x[5],x[7]), x[5]))",True,not_(x[6]),0.6347305389221557,b4068ba57b63c959651c969331c4b5cd,0.6407185628742516,True,0.005988023952095856
8,13,"greater_than_or_equal(x[3], x[3])",True,"less_than_or_equal(x[2],x[2])",0.35928143712574845,bd082d42dcba8056510101f18394b575,0.35928143712574845,False,0.0
8,13,"greater_than_or_equal(x[3], x[7])",True,"greater_than_or_equal(x[3], x[7])",0.33532934131736525,176c0c35833bc4ae980b10cd773d9ebc,0.33532934131736525,False,0.0
8,13,"not_(less_than_or_equal(pdiv(pdiv(x[2],x[5]),mul(x[7],mul(add(x[2],pdiv(add(x[5],x[5]),add(x[7],x[2]))),pdiv(x[2],add(pdiv(x[3],pdiv(x[0],x[5])),x[3]))))),x[2]))",True,"less_than_or_equal(mul(sub(x[7],x[3]),pdiv(add(pdiv(x[2],pdiv(x[3],x[5])),x[5]),add(add(x[2],x[2]),add(sub(x[7],x[7]),pdiv(x[5],x[2]))))),x[7])",0.3173652694610778,4885b154c382dd573f65807420a976af,0.32335329341317365,True,0.005988023952095856
8,13,"greater_than_or_equal(pdiv(09.97,x[5]), add(mul(x[5],x[3]),x[2]))",True,"less_than_or_equal(x[2],x[2])",0.35928143712574845,bd082d42dcba8056510101f18394b575,0.35928143712574845,False,0.0
8,13,"greater_than_or_equal(pdiv(x[3],x[0]), pdiv(sub(mul(x[2],add(mul(x[0],pdiv(x[5],x[7])),x[0])),x[2]),x[0]))",True,"greater_than_or_equal(add(x[7],pdiv(x[5],x[5])), add(x[5],x[0]))",0.35928143712574845,2dc8ad3f1863ec45c77ffae75138621b,0.37125748502994016,True,0.011976047904191711
8,13,"not_(less_than_or_equal(x[3],x[3]))",True,not_(x[6]),0.6347305389221557,b4068ba57b63c959651c969331c4b5cd,0.6407185628742516,True,0.005988023952095856
8,13,"not_(less_than_or_equal(pdiv(x[5],mul(x[7],add(x[5],x[5]))),pdiv(29.28,x[5])))",True,not_(x[6]),0.6347305389221557,b4068ba57b63c959651c969331c4b5cd,0.6407185628742516,True,0.005988023952095856
8,13,"not_(greater_than_or_equal(add(x[5],x[2]), add(pdiv(pdiv(93.59,pdiv(add(mul(x[7],x[2]),add(x[5],x[2])),x[0])),mul(x[7],add(x[7],x[2]))),x[3])))",True,"less_than_or_equal(x[2],x[2])",0.35928143712574845,bd082d42dcba8056510101f18394b575,0.35928143712574845,False,0.0
8,13,"greater_than_or_equal(mul(x[5],add(add(x[5],x[0]),mul(x[3],x[7]))), pdiv(x[0],x[3]))",False,,,e5f53f61069d337e8380d4cc54db1d8b,0.4251497005988024,False,0.0
8,13,"greater_than_or_equal(pdiv(x[5],add(add(pdiv(pdiv(x[5],mul(x[7],add(x[5],x[5]))),x[3]),x[3]),add(x[7],x[5]))), add(sub(x[2],x[5]),x[7]))",False,,,0a9b178bf2cb93438cdb31d829c73cac,0.3652694610778443,False,0.0
8,13,"not_(less_than_or_equal(x[5],mul(sub(x[7],x[3]),pdiv(x[5],x[2]))))",False,,,35cee6e5dcd0c029bebf47a715814b60,0.38323353293413176,False,0.0
8,13,"greater_than_or_equal(pdiv(x[5],09.49), x[2])",True,"greater_than_or_equal(pdiv(mul(x[5],x[2]),pdiv(x[2],x[5])), add(sub(x[7],x[7]),add(x[5],x[0])))",0.6107784431137724,ec48eb4aba9f475884bcf9e8f28adadc,0.5808383233532934,True,-0.029940119760478945
8,13,"not_(less_than_or_equal(pdiv(sub(pdiv(x[5],mul(add(x[5],x[5]),x[5])),mul(x[7],add(x[5],x[2]))),add(x[5],x[7])),add(x[5],x[2])))",False,,,882b88807062fb70b5ed08dbc1b559be,0.40718562874251496,False,0.0
8,13,"greater_than_or_equal(add(pdiv(x[5],x[5]),add(x[5],x[0])), mul(add(45.47,x[2]),add(sub(x[7],sub(x[5],mul(x[5],x[5]))),add(x[5],x[2]))))",True,not_(x[6]),0.6347305389221557,b4068ba57b63c959651c969331c4b5cd,0.6407185628742516,True,0.005988023952095856
8,13,x[6],True,x[6],0.3652694610778443,ff9750a95f856aee791afc16a7ee79d4,0.3652694610778443,False,0.0
8,13,"not_(less_than_or_equal(pdiv(x[5],39.79),pdiv(x[0],sub(x[2],mul(add(04.43,x[0]),sub(x[0],x[7]))))))",False,,,92fda618953d4c201b8ca7c86c7ccfb4,0.29940119760479045,False,0.0
8,13,"less_than_or_equal(mul(mul(x[7],x[2]),add(x[2],add(x[2],pdiv(x[5],x[5])))),x[0])",False,,,b2ac968c0ec02be589286310223493d2,0.47904191616766467,False,0.0
8,13,"greater_than_or_equal(pdiv(mul(x[5],x[3]),x[5]), mul(add(add(x[5],x[2]),x[7]),mul(x[7],x[7])))",False,,,ca22f8ba80df6378ea6629b0136dd42e,0.2694610778443114,False,0.0
8,13,"greater_than_or_equal(sub(pdiv(x[3],mul(mul(x[2],mul(add(sub(add(x[2],x[3]),add(x[0],x[2])),x[5]),x[5])),x[2])),add(pdiv(x[5],x[2]),x[2])), sub(x[5],add(mul(x[0],24.40),x[0])))",False,,,b65d27576025862e3a1d7d7c84051be8,0.38323353293413176,False,0.0
8,13,"less_than_or_equal(pdiv(x[3],add(add(x[5],x[2]),x[5])),mul(pdiv(mul(add(x[7],x[3]),x[7]),sub(x[3],x[7])),add(mul(x[3],x[5]),pdiv(x[3],x[3]))))",False,,,49c75f4bf608f4b1da85ffb35fc7ae69,0.45508982035928147,False,0.0
8,13,"less_than_or_equal(mul(mul(x[7],x[7]),mul(x[5],mul(mul(add(x[7],x[5]),x[2]),add(sub(x[7],pdiv(x[5],mul(mul(x[5],mul(mul(x[5],add(x[3],add(sub(x[3],x[7]),x[5]))),x[3])),x[5]))),x[7])))),add(x[5],x[2]))",False,,,bbe6eef23f5cf74b73f49e6d4d666103,0.3772455089820359,False,0.0
8,13,"not_(less_than_or_equal(x[5],x[5]))",True,not_(x[6]),0.6347305389221557,b4068ba57b63c959651c969331c4b5cd,0.6407185628742516,True,0.005988023952095856
8,13,"not_(less_than_or_equal(pdiv(x[5],x[5]),add(x[2],x[7])))",True,"less_than_or_equal(add(mul(x[7],pdiv(x[5],x[5])),x[2]),add(sub(x[7],x[7]),pdiv(69.44,sub(x[3],x[3]))))",0.19161676646706582,14c6e007ad625f3839f568e9ee8a86e1,0.19161676646706582,False,0.0
8,13,"not_(less_than_or_equal(pdiv(x[5],x[5]),add(mul(x[5],add(x[2],x[3])),x[5])))",False,,,7ced58ed8014930a61437c5153c1a51b,0.39520958083832336,False,0.0
8,13,"greater_than_or_equal(pdiv(x[3],add(add(x[5],x[2]),x[5])), mul(x[7],add(x[5],x[7])))",True,"greater_than_or_equal(pdiv(x[3],add(add(x[5],x[2]),x[5])), mul(x[7],add(x[5],x[7])))",0.33532934131736525,472cd5be1410876d1a41c330d051ac20,0.33532934131736525,False,0.0
8,13,"less_than_or_equal(mul(mul(x[2],x[2]),x[2]),pdiv(pdiv(x[5],x[5]),add(x[0],x[3])))",True,"less_than_or_equal(x[2],x[2])",0.35928143712574845,bd082d42dcba8056510101f18394b575,0.35928143712574845,False,0.0
8,13,"greater_than_or_equal(add(pdiv(x[5],x[5]),add(x[5],x[0])), mul(add(pdiv(x[7],add(x[5],x[2])),add(sub(x[7],sub(x[5],mul(x[5],x[5]))),add(x[5],x[5]))),mul(x[7],pdiv(mul(x[5],x[5]),x[0]))))",False,,,ca39c144c4504ac273c490798a4f59b1,0.25149700598802394,False,0.0
8,13,"less_than_or_equal(add(add(x[7],x[2]),x[2]),pdiv(x[3],add(pdiv(x[3],pdiv(x[0],x[5])),add(pdiv(add(x[5],mul(pdiv(pdiv(x[5],sub(pdiv(x[5],x[5]),add(x[5],x[2]))),mul(x[7],pdiv(add(x[5],x[5]),add(x[7],add(add(add(add(x[5],x[2]),x[5]),mul(x[7],add(x[7],x[2]))),x[3]))))),x[7])),pdiv(x[5],x[7])),x[3]))))",False,,,02852768c608f99133515750f4222b57,0.6167664670658682,False,0.0
8,13,"greater_than_or_equal(pdiv(pdiv(x[7],x[5]),add(x[2],x[7])), x[2])",False,,,b42c6f03fa1afdf2f7c5eb319726979a,0.3173652694610778,False,0.0
8,13,"not_(less_than_or_equal(pdiv(x[5],x[5]),pdiv(x[7],add(x[5],x[2]))))",True,"greater_than_or_equal(add(x[5],x[2]), x[7])",0.38323353293413176,6412fe182f7defc06678d0a1041106c2,0.38323353293413176,False,0.0
8,13,"not_(less_than_or_equal(pdiv(x[5],x[2]),add(pdiv(add(x[7],pdiv(x[2],x[2])),mul(x[2],x[5])),add(mul(x[0],24.40),x[0]))))",True,not_(x[6]),0.6347305389221557,b4068ba57b63c959651c969331c4b5cd,0.6407185628742516,True,0.005988023952095856
8,13,"greater_than_or_equal(pdiv(x[3],x[5]), add(pdiv(pdiv(x[5],x[5]),pdiv(x[5],x[2])),sub(x[7],x[2])))",False,,,c5a2fdaf28fef61d0600c7e8cdb08d03,0.35928143712574845,False,0.0
8,13,"not_(greater_than_or_equal(sub(pdiv(x[0],x[2]),x[5]), x[5]))",False,,,220007941b4e3ce42c490fb4aa52b744,0.45508982035928147,False,0.0
8,13,"less_than_or_equal(pdiv(x[5],x[7]),add(x[5],mul(x[5],add(x[3],x[2]))))",True,"not_(greater_than_or_equal(x[5], mul(x[7],add(mul(x[5],add(x[3],x[2])),x[5]))))",0.7844311377245509,4dfd9b1977a8321c436800c26518ec6e,0.7784431137724551,True,-0.0059880239520957446
8,13,"greater_than_or_equal(pdiv(x[5],x[5]), add(pdiv(pdiv(x[5],x[5]),x[5]),x[2]))",True,not_(x[6]),0.6347305389221557,b4068ba57b63c959651c969331c4b5cd,0.6407185628742516,True,0.005988023952095856
8,13,"greater_than_or_equal(sub(pdiv(x[5],x[5]),add(x[5],x[0])), mul(add(pdiv(x[7],add(x[5],x[2])),mul(sub(x[7],sub(x[5],mul(x[5],x[5]))),add(pdiv(x[5],x[2]),sub(x[7],pdiv(x[3],pdiv(x[5],x[3])))))),x[2]))",False,,,f49aa74d5d54b27321215e611dadb37b,0.25149700598802394,False,0.0
8,13,"not_(less_than_or_equal(pdiv(x[5],x[5]),add(mul(x[5],x[3]),x[2])))",True,"not_(less_than_or_equal(pdiv(x[5],x[5]),add(mul(x[5],x[3]),x[2])))",0.27544910179640714,e523a6a3f790b498d80c90f096d17ff2,0.27544910179640714,False,0.0
8,13,"greater_than_or_equal(pdiv(x[5],mul(x[5],x[3])), x[3])",True,"less_than_or_equal(x[2],x[2])",0.35928143712574845,bd082d42dcba8056510101f18394b575,0.35928143712574845,False,0.0
8,13,"not_(less_than_or_equal(pdiv(x[5],x[3]),pdiv(x[5],09.39)))",True,"less_than_or_equal(x[2],x[2])",0.35928143712574845,bd082d42dcba8056510101f18394b575,0.3652694610778443,True,0.005988023952095856
8,13,"not_(less_than_or_equal(pdiv(x[5],x[7]),x[5]))",True,"not_(less_than_or_equal(pdiv(x[5],x[5]),add(pdiv(x[2],96.92),x[7])))",0.39520958083832336,db0e6c3409e9b2885c8014a7de8788af,0.4011976047904192,True,0.005988023952095856
8,13,"not_(less_than_or_equal(pdiv(x[5],x[0]),add(x[2],x[5])))",True,"greater_than_or_equal(pdiv(x[5],x[0]), add(x[5],x[2]))",0.3652694610778443,65f70ca0b2ec34a25e52cd789dc0c95b,0.3652694610778443,False,0.0
8,13,not_(x[4]),True,not_(x[6]),0.6347305389221557,b4068ba57b63c959651c969331c4b5cd,0.6407185628742516,True,0.005988023952095856
8,13,"not_(less_than_or_equal(pdiv(x[5],x[5]),add(add(pdiv(pdiv(x[3],x[7]),x[2]),add(x[5],x[2])),x[5])))",True,"greater_than_or_equal(add(mul(x[3],x[3]),sub(x[5],sub(x[2],mul(x[0],x[2])))), add(pdiv(sub(x[5],x[7]),x[3]),46.96))",0.6347305389221557,1497c3bff9b55e63061c88de49f56f45,0.6347305389221557,False,0.0
8,13,"less_than_or_equal(mul(mul(x[7],mul(pdiv(x[5],x[3]),mul(add(x[7],x[2]),pdiv(sub(x[7],mul(x[0],x[5])),x[7])))),pdiv(x[5],x[5])),mul(x[5],add(x[2],x[5])))",False,,,211581732af95031d9b879b692b19b7b,0.29940119760479045,False,0.0
8,13,"not_(less_than_or_equal(pdiv(x[5],x[5]),add(x[2],add(x[2],x[5]))))",False,,,c7722e98bc65b5a2448421c1eec80ac9,0.34730538922155685,False,0.0
8,13,"not_(less_than_or_equal(pdiv(x[5],x[7]),add(x[5],mul(x[5],add(sub(x[2],x[2]),add(x[7],x[0]))))))",True,"greater_than_or_equal(x[5], mul(x[7],add(x[5],x[5])))",0.2455089820359282,9545aae94dd0fcb8b281ddfedf2da4e6,0.21556886227544914,True,-0.029940119760479056
8,13,"greater_than_or_equal(add(pdiv(x[3],64.30),x[3]), add(x[7],sub(x[5],x[5])))",False,,,54a8abd33e5382bcc3072c994b89cf6d,0.31137724550898205,False,0.0
8,13,"not_(greater_than_or_equal(mul(x[5],mul(x[7],add(pdiv(x[5],x[3]),x[7]))), add(pdiv(pdiv(x[7],x[7]),add(x[5],x[2])),mul(x[5],19.01))))",True,"not_(less_than_or_equal(pdiv(x[3],x[5]),add(pdiv(x[2],30.95),mul(x[0],x[3]))))",0.34730538922155685,4ac8a53c24397a99907b64c745d162c5,0.3413173652694611,True,-0.0059880239520957446
8,13,"not_(less_than_or_equal(add(pdiv(pdiv(x[5],x[5]),add(x[2],x[5])),mul(x[5],pdiv(pdiv(x[3],x[2]),pdiv(add(x[5],mul(x[0],x[2])),add(54.74,add(pdiv(x[5],43.97),x[5])))))),add(x[5],x[2])))",True,"greater_than_or_equal(96.14, mul(pdiv(x[0],x[3]),sub(mul(x[3],x[7]),sub(x[7],x[5]))))",0.33532934131736525,4ede27660e6f519d294db0f75337c522,0.33532934131736525,False,0.0
8,13,"not_(less_than_or_equal(pdiv(x[5],x[7]),mul(x[2],sub(x[5],add(mul(x[0],mul(09.59,pdiv(x[5],mul(x[7],add(x[7],add(x[5],x[2])))))),add(sub(x[7],x[7]),pdiv(x[5],x[3])))))))",True,"less_than_or_equal(x[2],x[2])",0.35928143712574845,bd082d42dcba8056510101f18394b575,0.3652694610778443,True,0.005988023952095856
8,13,"greater_than_or_equal(sub(pdiv(x[5],x[7]),x[2]), x[0])",False,,,608e3fd5b4f48ec5fb45edbea2ae1556,0.32335329341317365,False,0.0
8,13,"greater_than_or_equal(pdiv(x[3],x[7]), mul(add(sub(x[2],x[7]),add(x[5],39.79)),pdiv(add(x[2],x[7]),add(mul(x[3],x[7]),add(x[5],add(19.01,x[5]))))))",False,,,f91dd49a3f62a701b45005ebf57c4cfb,0.32335329341317365,False,0.0
8,13,"greater_than_or_equal(add(sub(x[7],sub(x[3],mul(x[5],x[7]))),add(pdiv(sub(x[7],x[2]),add(x[2],x[3])),add(pdiv(x[3],pdiv(x[7],add(x[2],x[7]))),pdiv(x[3],x[7])))), x[3])",True,"or_(less_than_or_equal(sub(x[2],x[5]),mul(x[3],x[2])),not_(greater_than_or_equal(x[5], x[3])))",0.38323353293413176,cc44f38a8b2fcefff95bcc01de90856f,0.3652694610778443,True,-0.017964071856287456
8,13,"greater_than_or_equal(add(pdiv(x[5],x[5]),add(x[5],x[0])), mul(add(pdiv(x[7],add(x[5],x[2])),add(sub(x[7],sub(x[5],mul(x[5],x[5]))),add(add(x[5],x[2]),x[0]))),x[5]))",False,,,8420c53ee056eeddb410aee01579a64f,0.27544910179640714,False,0.0
8,13,"greater_than_or_equal(x[2], x[5])",True,"less_than_or_equal(x[5],x[2])",0.652694610778443,6fb17002302e404122653cf2c68db553,0.652694610778443,False,0.0
8,13,"not_(less_than_or_equal(x[3],add(x[2],x[2])))",False,,,a12814043567e2329cbde481d0b814c2,0.3772455089820359,False,0.0
8,13,"less_than_or_equal(mul(mul(x[7],add(x[7],x[3])),x[7]),sub(x[2],x[5]))",False,,,60a4bc562926827c7da2149fa2238f21,0.6167664670658682,False,0.0
8,13,"greater_than_or_equal(add(pdiv(x[5],x[5]),add(x[5],x[0])), mul(add(pdiv(x[7],add(x[5],x[2])),add(sub(x[7],sub(x[5],mul(x[5],x[5]))),add(x[5],x[5]))),pdiv(pdiv(x[5],x[5]),add(x[2],pdiv(x[7],add(x[5],x[5]))))))",False,,,bf73213b7ff55af7f8d8e01624abd8f6,0.6586826347305389,False,0.0
8,13,"greater_than_or_equal(pdiv(x[5],x[5]), add(x[7],x[2]))",True,"less_than_or_equal(add(mul(x[7],pdiv(x[5],x[5])),x[2]),add(sub(x[7],x[7]),pdiv(69.44,sub(x[3],x[3]))))",0.19161676646706582,14c6e007ad625f3839f568e9ee8a86e1,0.19161676646706582,False,0.0
8,13,"greater_than_or_equal(add(x[5],mul(x[5],add(x[2],x[2]))), x[0])",True,"less_than_or_equal(x[0],x[5])",0.37125748502994016,cdcd6f1e6c091ac380f1476046586fe6,0.3532934131736527,True,-0.017964071856287456
8,13,"greater_than_or_equal(pdiv(mul(mul(x[5],add(x[2],x[5])),x[2]),mul(x[7],x[7])), add(x[7],x[2]))",False,,,b8d3cf15a2acc4250c5aeecd7c0db956,0.38323353293413176,False,0.0
8,13,"greater_than_or_equal(mul(x[7],x[0]), x[5])",True,"less_than_or_equal(sub(pdiv(x[5],x[2]),mul(x[7],x[0])),mul(mul(x[3],x[2]),sub(x[5],x[2])))",0.6467065868263473,64a044af0d7ad5746f97e0885e2b3f57,0.652694610778443,True,0.0059880239520957446
8,13,"greater_than_or_equal(mul(add(x[5],x[3]),x[5]), add(x[0],x[7]))",False,,,8c518e411e6b1c17fbf0ce50a1811bfc,0.4251497005988024,False,0.0
8,13,"and_(less_than_or_equal(x[5],x[5]),greater_than_or_equal(pdiv(x[3],x[7]), sub(x[5],x[5])))",True,"less_than_or_equal(x[2],x[2])",0.35928143712574845,bd082d42dcba8056510101f18394b575,0.35928143712574845,False,0.0
8,13,"greater_than_or_equal(pdiv(x[0],mul(x[2],92.44)), mul(add(x[2],pdiv(pdiv(x[5],x[5]),add(x[7],x[2]))),pdiv(x[2],pdiv(pdiv(x[3],pdiv(add(x[2],x[2]),x[0])),x[7]))))",True,"greater_than_or_equal(pdiv(mul(x[5],x[2]),pdiv(x[2],x[5])), add(sub(x[7],x[7]),add(x[5],x[0])))",0.6107784431137724,ec48eb4aba9f475884bcf9e8f28adadc,0.6167664670658682,True,0.005988023952095856
8,13,"not_(less_than_or_equal(pdiv(x[5],mul(pdiv(add(x[2],add(x[7],pdiv(x[5],x[5]))),mul(x[2],x[2])),x[5])),mul(x[7],mul(add(x[2],pdiv(pdiv(x[5],x[5]),add(x[7],x[2]))),pdiv(x[2],add(pdiv(x[3],pdiv(x[0],x[0])),x[3]))))))",False,,,3db66680b04c2e90e96c3aaf056dfdaa,0.5988023952095809,False,0.0
8,13,"greater_than_or_equal(pdiv(x[5],pdiv(pdiv(x[5],x[5]),add(x[2],pdiv(x[7],add(x[5],x[5]))))), add(sub(x[7],sub(x[5],add(x[5],x[5]))),add(x[5],x[2])))",True,not_(x[6]),0.6347305389221557,b4068ba57b63c959651c969331c4b5cd,0.6407185628742516,True,0.005988023952095856
8,13,"not_(greater_than_or_equal(mul(mul(x[3],x[5]),add(x[2],x[2])), x[2]))",False,,,fbdd1cb570261b65e9b6cdabd644b096,0.35928143712574845,False,0.0
8,13,"greater_than_or_equal(pdiv(add(x[0],x[5]),x[3]), x[3])",True,"greater_than_or_equal(add(mul(x[0],x[3]),pdiv(x[5],x[3])), x[3])",0.3892215568862275,df965f11e64c3c02cbf3b3975bf8e5c8,0.38323353293413176,True,-0.0059880239520957446
8,13,"greater_than_or_equal(pdiv(x[5],x[5]), add(pdiv(pdiv(x[5],x[5]),pdiv(x[5],x[2])),sub(x[2],pdiv(x[5],x[5]))))",False,,,4f945a199ae0845ae2b96b706c0428fb,0.3293413173652695,False,0.0
8,13,"greater_than_or_equal(x[0], x[3])",True,"or_(greater_than_or_equal(sub(x[0],x[5]), pdiv(x[3],x[5])),less_than_or_equal(sub(x[3],x[0]),sub(x[5],x[5])))",0.6227544910179641,2310ba51ba8c7f4263478bc24872fb4b,0.6227544910179641,False,0.0
8,13,"not_(less_than_or_equal(pdiv(x[5],x[5]),add(96.89,x[2])))",True,not_(x[6]),0.6347305389221557,b4068ba57b63c959651c969331c4b5cd,0.6407185628742516,True,0.005988023952095856
8,13,"greater_than_or_equal(x[5], mul(x[7],add(pdiv(x[7],sub(x[3],sub(pdiv(x[3],mul(x[7],add(x[2],x[2]))),x[3]))),x[5])))",False,,,44672d7b17022c8be97d20e6bf796b57,0.22754491017964074,False,0.0
8,13,"greater_than_or_equal(pdiv(x[5],x[5]), mul(x[5],pdiv(x[5],x[2])))",False,,,15839a27db54ca5dc8673d381f7e75ad,0.5449101796407185,False,0.0
8,13,"less_than_or_equal(mul(pdiv(x[5],x[5]),add(x[2],sub(x[5],x[5]))),add(x[5],x[7]))",False,,,8333158308c3f8dab75290a9ccb65096,0.37125748502994016,False,0.0
8,13,"greater_than_or_equal(add(pdiv(x[3],x[7]),sub(x[5],add(x[3],add(x[7],pdiv(x[7],add(x[5],x[5])))))), add(sub(x[7],sub(x[5],mul(x[5],x[5]))),add(x[5],x[2])))",False,,,b66d4476fb4e0ecf9290e90cb0a40317,0.34730538922155685,False,0.0
8,13,"greater_than_or_equal(pdiv(add(pdiv(x[3],x[7]),x[2]),add(x[5],x[2])), x[5])",False,,,441281ab83ce63ca4a39b623d24e4379,0.3413173652694611,False,0.0
8,13,"greater_than_or_equal(x[3], x[7])",True,"greater_than_or_equal(x[3], x[7])",0.33532934131736525,176c0c35833bc4ae980b10cd773d9ebc,0.33532934131736525,False,0.0
8,13,"not_(greater_than_or_equal(mul(mul(x[3],add(x[0],x[5])),pdiv(pdiv(add(x[2],pdiv(x[7],pdiv(x[5],x[5]))),x[5]),x[7])), add(sub(x[7],x[7]),pdiv(x[7],x[5]))))",False,,,b61ff38421c00bf75cf7cd40be2b09bd,0.6227544910179641,False,0.0
8,13,"less_than_or_equal(add(add(x[7],x[2]),sub(x[2],x[3])),x[3])",False,,,2e6d230c3f859cd9825d5bdb5d42a152,0.3173652694610778,False,0.0
8,13,"greater_than_or_equal(x[5], mul(x[7],sub(add(sub(x[7],x[7]),x[7]),mul(sub(67.44,x[5]),sub(pdiv(x[5],x[7]),x[3])))))",True,"not_(less_than_or_equal(pdiv(x[5],x[3]),x[7]))",0.3413173652694611,e691e9faf9d6cf6a1c64f756c672a16e,0.3413173652694611,False,0.0
8,13,"not_(less_than_or_equal(pdiv(x[5],x[3]),add(sub(sub(x[7],x[5]),x[5]),add(x[2],pdiv(x[7],add(x[5],x[5]))))))",True,"greater_than_or_equal(x[5], mul(x[7],mul(add(x[2],pdiv(pdiv(x[5],x[5]),add(x[5],x[2]))),pdiv(x[3],add(pdiv(x[3],pdiv(x[0],x[5])),x[5])))))",0.3892215568862275,5923a2ef8a06689dc467c69f4eea4311,0.3413173652694611,True,-0.0479041916167664
8,13,"greater_than_or_equal(pdiv(x[5],add(x[2],x[3])), x[5])",True,"not_(less_than_or_equal(pdiv(x[5],x[5]),add(x[2],x[3])))",0.2694610778443114,8e10ebf505ba211742b7164524309595,0.2694610778443114,False,0.0
8,13,"greater_than_or_equal(x[5], mul(mul(x[5],mul(x[7],mul(add(x[2],pdiv(pdiv(x[5],x[5]),add(x[7],x[2]))),pdiv(x[2],add(pdiv(x[3],pdiv(x[0],x[5])),x[3]))))),x[2]))",True,"less_than_or_equal(pdiv(mul(x[2],x[0]),pdiv(x[3],x[2])),add(x[3],pdiv(x[5],x[5])))",0.3293413173652695,43405007e305438685d37410b29a9ae6,0.3293413173652695,False,0.0
8,13,"not_(less_than_or_equal(add(x[5],x[5]),add(x[7],x[7])))",True,"greater_than_or_equal(x[5], x[7])",0.3892215568862275,ca29d589a2290a0489371628a6b32bf4,0.3892215568862275,False,0.0
8,13,"not_(less_than_or_equal(x[2],pdiv(x[7],add(x[5],x[5]))))",False,,,6938fdc623caacbc147d96ba42678ad9,0.562874251497006,False,0.0
8,13,"not_(less_than_or_equal(pdiv(x[3],sub(x[7],x[5])),90.09))",True,not_(x[1]),0.6347305389221557,0a4111672452ed5da840796d6076e3cd,0.6167664670658682,True,-0.017964071856287456
8,13,"not_(less_than_or_equal(mul(x[5],add(x[2],x[2])),x[5]))",False,,,125b0491de6ec7303e916bac5db1c9df,0.7485029940119761,False,0.0
8,13,"greater_than_or_equal(pdiv(x[2],x[5]), x[5])",True,"not_(less_than_or_equal(pdiv(x[2],x[5]),x[5]))",0.5688622754491017,379e3fd86c4786507474cde0c666a1a3,0.5688622754491017,False,0.0
8,13,"greater_than_or_equal(x[5], mul(x[7],add(add(sub(x[7],x[7]),pdiv(add(add(pdiv(x[7],x[5]),x[3]),mul(add(x[7],x[2]),pdiv(02.40,x[5]))),x[7])),pdiv(x[5],add(add(x[5],x[2]),add(sub(x[7],x[7]),pdiv(x[5],x[5])))))))",True,not_(x[6]),0.6347305389221557,b4068ba57b63c959651c969331c4b5cd,0.6407185628742516,True,0.005988023952095856
8,13,"less_than_or_equal(mul(mul(x[7],mul(pdiv(sub(mul(x[7],x[2]),sub(pdiv(x[5],x[5]),x[3])),x[7]),x[3])),x[7]),mul(x[7],x[5]))",False,,,7e0df32bee1558a80d21ccad9f963eea,0.34730538922155685,False,0.0
8,13,"greater_than_or_equal(pdiv(x[5],x[3]), x[7])",True,"not_(less_than_or_equal(pdiv(x[5],x[3]),x[7]))",0.3413173652694611,e691e9faf9d6cf6a1c64f756c672a16e,0.3413173652694611,False,0.0
8,13,"greater_than_or_equal(pdiv(sub(pdiv(add(x[2],x[2]),add(x[2],x[0])),x[7]),x[7]), add(sub(x[7],sub(x[7],x[5])),add(x[2],x[5])))",False,,,ced30705d336508e0a9492c071bd598d,0.2934131736526946,False,0.0
8,13,"not_(greater_than_or_equal(mul(x[7],x[5]), x[7]))",True,"not_(less_than_or_equal(pdiv(x[5],x[5]),x[5]))",0.31137724550898205,774eb80249c37c32f486ae194a31e639,0.31137724550898205,False,0.0
8,13,"not_(less_than_or_equal(x[5],mul(x[3],sub(x[3],pdiv(pdiv(x[5],x[5]),x[5])))))",True,"less_than_or_equal(x[2],x[2])",0.35928143712574845,bd082d42dcba8056510101f18394b575,0.35928143712574845,False,0.0
8,13,"less_than_or_equal(mul(pdiv(x[7],mul(pdiv(x[5],x[3]),mul(add(x[7],x[2]),pdiv(sub(x[7],mul(x[0],x[5])),x[5])))),x[2]),add(sub(x[7],mul(x[7],x[2])),x[5]))",False,,,88412a1b836aa344baa52740b8b770b2,0.40718562874251496,False,0.0
8,13,"less_than_or_equal(add(mul(x[7],pdiv(x[5],x[5])),x[2]),pdiv(x[5],x[5]))",True,"less_than_or_equal(add(mul(x[7],pdiv(x[5],x[5])),x[2]),add(sub(x[7],x[7]),pdiv(69.44,sub(x[3],x[3]))))",0.19161676646706582,14c6e007ad625f3839f568e9ee8a86e1,0.19161676646706582,False,0.0
8,13,"greater_than_or_equal(x[5], add(x[3],x[3]))",False,,,f8d414c8674c772ca8894540a4123103,0.592814371257485,False,0.0
8,13,"not_(less_than_or_equal(pdiv(x[5],x[5]),add(x[5],mul(x[5],mul(x[7],add(x[0],add(x[2],x[5])))))))",True,"not_(less_than_or_equal(pdiv(x[5],x[5]),add(x[5],mul(x[5],add(x[5],x[0])))))",0.3892215568862275,281349e3f9b948ab068d9a95c6fcf8c9,0.26347305389221554,True,-0.12574850299401197
8,13,"greater_than_or_equal(add(x[2],x[5]), x[5])",True,"less_than_or_equal(x[2],x[2])",0.35928143712574845,bd082d42dcba8056510101f18394b575,0.35928143712574845,False,0.0
8,13,"greater_than_or_equal(x[5], mul(x[5],mul(add(x[0],45.97),x[2])))",True,"greater_than_or_equal(pdiv(mul(x[5],x[2]),pdiv(x[2],x[5])), add(sub(x[7],x[7]),add(x[5],x[0])))",0.6107784431137724,ec48eb4aba9f475884bcf9e8f28adadc,0.6107784431137724,False,0.0
8,13,"not_(less_than_or_equal(pdiv(x[5],mul(mul(add(x[2],add(x[7],pdiv(x[5],x[5]))),pdiv(pdiv(x[5],x[5]),add(x[2],pdiv(x[7],add(x[5],x[5]))))),add(sub(x[7],x[3]),x[7]))),x[7]))",False,,,eab1f890f9653bbe8478d5b40bd7432f,0.49101796407185627,False,0.0
8,13,"not_(less_than_or_equal(pdiv(sub(pdiv(x[3],x[0]),x[2]),add(x[5],add(sub(x[5],mul(x[5],x[5])),add(x[5],x[2])))),mul(x[7],pdiv(mul(x[5],x[5]),x[0]))))",False,,,12bdffcb1719bd24e9bc8435b76b5f20,0.26347305389221554,False,0.0
8,13,"not_(less_than_or_equal(x[5],mul(x[5],add(pdiv(x[5],add(pdiv(x[5],x[7]),sub(pdiv(mul(x[7],mul(x[7],x[0])),x[5]),sub(pdiv(pdiv(x[0],add(x[5],x[3])),x[2]),x[5])))),add(mul(x[0],24.40),x[0])))))",False,,,38931e9aa6c0a5ede394e3ba19e3bf56,0.39520958083832336,False,0.0
8,13,"greater_than_or_equal(pdiv(add(mul(x[7],add(pdiv(sub(x[7],sub(mul(x[7],x[2]),sub(pdiv(x[5],x[5]),x[3]))),x[7]),x[3])),x[7]),mul(x[7],x[5])), x[3])",True,"less_than_or_equal(x[2],x[2])",0.35928143712574845,bd082d42dcba8056510101f18394b575,0.35928143712574845,False,0.0
8,13,"greater_than_or_equal(x[5], mul(x[7],mul(add(sub(x[7],x[7]),pdiv(add(x[5],x[5]),add(pdiv(pdiv(x[5],mul(add(add(x[2],mul(09.59,sub(x[7],x[0]))),pdiv(x[3],x[7])),x[7])),mul(x[7],add(pdiv(x[5],x[2]),add(sub(x[7],x[7]),pdiv(x[5],mul(pdiv(x[5],x[5]),add(x[5],x[0]))))))),add(x[5],x[2])))),add(sub(x[7],x[7]),add(x[3],sub(pdiv(x[3],x[7]),x[7]))))))",False,,,75790013b98d8f1c5d40eaf03d857baf,0.437125748502994,False,0.0
8,13,"not_(less_than_or_equal(pdiv(x[5],add(add(add(x[5],x[5]),x[2]),x[5])),mul(x[7],add(x[7],x[2]))))",False,,,1c444649386aa91d28afd31052aaab02,0.28742514970059885,False,0.0
8,13,"greater_than_or_equal(sub(pdiv(x[5],x[2]),x[5]), x[5])",True,"greater_than_or_equal(sub(pdiv(x[5],x[2]),x[5]), x[5])",0.2694610778443114,72989f9209d2ae9398572032465ff70a,0.2694610778443114,False,0.0
8,13,"greater_than_or_equal(x[5], mul(x[7],add(x[5],pdiv(x[5],x[5]))))",False,,,fa01caa917a58bbda28cb775016b8bd1,0.33532934131736525,False,0.0
8,13,"not_(less_than_or_equal(pdiv(x[5],x[7]),add(x[5],x[2])))",True,"greater_than_or_equal(x[5], mul(x[7],add(x[5],x[2])))",0.23353293413173648,49521aab13419e9d4582e656c37790ef,0.23353293413173648,False,0.0
8,13,"not_(less_than_or_equal(pdiv(sub(pdiv(x[3],x[0]),x[5]),x[7]),x[0]))",True,"not_(less_than_or_equal(pdiv(x[3],x[5]),add(pdiv(x[2],30.95),mul(x[0],x[7]))))",0.3293413173652695,c7c0dd835d3e14b67c28a47fcb18c6c1,0.3532934131736527,True,0.0239520958083832
8,13,"not_(less_than_or_equal(pdiv(x[5],x[5]),x[3]))",True,"not_(less_than_or_equal(pdiv(x[5],x[5]),x[3]))",0.3413173652694611,05e1f3d74f96ed02168c5462d1f8f406,0.3413173652694611,False,0.0
8,13,"greater_than_or_equal(sub(pdiv(x[5],x[5]),mul(x[7],add(x[7],x[2]))), add(x[7],x[2]))",False,,,aaf80896837d0213a823e33e60dc50ac,0.26347305389221554,False,0.0
8,13,"greater_than_or_equal(pdiv(x[5],add(x[2],x[2])), x[0])",True,"greater_than_or_equal(mul(add(x[2],x[5]),sub(x[5],x[0])), mul(mul(x[0],x[7]),sub(x[5],x[7])))",0.38323353293413176,cf65da81ffb7a9d4ff3e042c0fa7a250,0.3652694610778443,True,-0.017964071856287456
8,13,"less_than_or_equal(add(pdiv(x[5],x[5]),add(x[5],x[0])),mul(add(pdiv(x[7],add(x[5],x[2])),add(sub(x[7],sub(x[5],mul(x[5],x[5]))),add(x[5],x[2]))),mul(x[7],pdiv(mul(x[5],x[5]),x[5]))))",False,,,9a951c6ce39b8645e77857f63edcc938,0.6347305389221557,False,0.0
8,13,"greater_than_or_equal(sub(pdiv(x[0],x[7]),mul(add(mul(sub(add(x[5],sub(x[2],add(x[5],x[2]))),x[5]),mul(x[5],mul(x[7],add(x[7],x[2])))),x[3]),x[5])), x[5])",False,,,c2c641f10dd4187a35bb5f123fcacd99,0.5389221556886228,False,0.0
8,13,"not_(less_than_or_equal(pdiv(x[5],x[7]),add(x[3],mul(x[5],add(x[5],sub(pdiv(x[5],mul(x[7],add(x[7],add(x[5],x[2])))),add(sub(x[7],x[7]),pdiv(x[5],x[3]))))))))",False,,,258232332d614c60fffb4f95c2839e88,0.3652694610778443,False,0.0
8,13,"not_(less_than_or_equal(pdiv(add(mul(x[5],add(x[2],x[7])),pdiv(x[3],x[7])),x[3]),x[5]))",True,"less_than_or_equal(x[2],x[2])",0.35928143712574845,bd082d42dcba8056510101f18394b575,0.35928143712574845,False,0.0
8,13,"not_(less_than_or_equal(pdiv(sub(pdiv(x[3],x[0]),x[2]),mul(x[0],x[7])),pdiv(mul(x[5],x[5]),x[0])))",False,,,37078b0cf0437f59c0eefedbef4600e3,0.5988023952095809,False,0.0
8,13,"greater_than_or_equal(x[3], mul(x[3],mul(sub(x[5],x[5]),pdiv(x[5],x[5]))))",True,"less_than_or_equal(x[2],x[2])",0.35928143712574845,bd082d42dcba8056510101f18394b575,0.35928143712574845,False,0.0
8,13,"not_(less_than_or_equal(add(x[5],x[3]),add(sub(x[7],sub(x[5],mul(x[5],x[5]))),add(x[5],x[2]))))",False,,,36cd7756868b3d5f099ef5416cbc104b,0.2934131736526946,False,0.0
8,13,"greater_than_or_equal(pdiv(x[5],add(x[5],x[0])), mul(x[3],x[3]))",False,,,d2c04278ab69e36db4c078fe5d9e3e98,0.3293413173652695,False,0.0
8,13,"greater_than_or_equal(pdiv(pdiv(x[5],mul(x[7],add(mul(add(mul(x[5],x[2]),x[5]),x[2]),x[5]))),mul(x[7],add(sub(add(x[2],x[3]),x[5]),x[5]))), add(x[2],x[5]))",False,,,5403798f75a67d25497fc33ba34e02ad,0.27544910179640714,False,0.0
8,13,"greater_than_or_equal(pdiv(add(pdiv(x[3],x[7]),x[2]),add(x[5],mul(x[7],add(x[7],x[2])))), x[3])",False,,,edf8dbfb2fa52492a220b26b25473a1f,0.34730538922155685,False,0.0
8,13,"greater_than_or_equal(x[7], mul(x[7],mul(add(sub(x[5],add(x[2],add(x[0],x[2]))),92.93),add(pdiv(x[3],pdiv(x[5],add(x[5],mul(x[0],x[7])))),add(x[7],pdiv(x[3],x[5]))))))",True,not_(x[6]),0.6347305389221557,b4068ba57b63c959651c969331c4b5cd,0.6407185628742516,True,0.005988023952095856
8,13,"not_(less_than_or_equal(pdiv(x[5],x[5]),sub(x[2],x[7])))",True,"less_than_or_equal(x[2],x[2])",0.35928143712574845,bd082d42dcba8056510101f18394b575,0.35928143712574845,False,0.0
8,13,"not_(less_than_or_equal(pdiv(x[3],sub(x[7],mul(add(x[7],x[2]),pdiv(x[7],add(mul(add(add(add(x[2],x[3]),x[5]),x[5]),x[7]),x[3]))))),pdiv(x[5],x[5])))",False,,,dafed132475ec4b78cc1b4a1ee9c00ae,0.3532934131736527,False,0.0
8,13,"not_(less_than_or_equal(pdiv(x[5],add(x[2],x[5])),x[5]))",True,"not_(less_than_or_equal(pdiv(x[5],x[5]),add(x[5],x[2])))",0.2455089820359282,5825d6d8d32996f2f81bb41cc0bfa92f,0.25149700598802394,True,0.0059880239520957446
8,13,"greater_than_or_equal(x[5], mul(x[7],add(x[5],add(pdiv(x[3],x[3]),add(x[7],x[5])))))",False,,,e97708e5954a1048f0312418f577bc20,0.4610778443113772,False,0.0
8,13,"greater_than_or_equal(x[3], mul(x[3],add(x[7],add(x[5],pdiv(x[2],x[0])))))",True,"greater_than_or_equal(add(mul(x[7],sub(x[0],x[7])),x[7]), add(x[5],x[2]))",0.6586826347305389,681d8fd5d491586fb67fc0cf65def18f,0.6347305389221557,True,-0.0239520958083832
8,13,"greater_than_or_equal(sub(pdiv(x[5],x[7]),mul(mul(mul(pdiv(add(x[5],sub(x[2],add(x[5],x[2]))),x[5]),mul(x[5],mul(x[7],add(x[7],x[2])))),x[3]),mul(mul(x[5],add(x[2],x[5])),x[5]))), add(x[5],x[2]))",True,"greater_than_or_equal(x[5], mul(x[7],add(x[5],x[2])))",0.23353293413173648,49521aab13419e9d4582e656c37790ef,0.23353293413173648,False,0.0
8,13,"not_(less_than_or_equal(pdiv(x[5],x[3]),sub(x[2],x[3])))",False,,,292e7ede51182cb32a18b19d6732da91,0.3413173652694611,False,0.0
8,13,"not_(less_than_or_equal(pdiv(x[5],mul(x[5],add(add(pdiv(x[3],x[7]),x[5]),x[0]))),sub(sub(x[2],x[0]),mul(x[5],x[5]))))",False,,,888f1d8c5c1379d4e98f81697e7cedf2,0.35928143712574845,False,0.0
8,13,"not_(less_than_or_equal(pdiv(mul(59.54,x[5]),x[7]),x[0]))",True,"less_than_or_equal(x[2],x[2])",0.35928143712574845,bd082d42dcba8056510101f18394b575,0.3652694610778443,True,0.005988023952095856
8,13,"not_(greater_than_or_equal(mul(x[7],add(x[2],x[2])), sub(x[7],x[7])))",True,not_(x[6]),0.6347305389221557,b4068ba57b63c959651c969331c4b5cd,0.6407185628742516,True,0.005988023952095856
8,13,"greater_than_or_equal(mul(x[7],x[7]), pdiv(x[5],x[7]))",False,,,b199dfd24e7c594ac9088349445c263d,0.652694610778443,False,0.0
8,13,"greater_than_or_equal(x[5], mul(x[7],add(x[3],pdiv(sub(x[3],x[7]),sub(x[3],x[7])))))",True,"greater_than_or_equal(mul(sub(pdiv(x[5],x[7]),x[3]),x[5]), x[5])",0.39520958083832336,3ac7238fe7b051dca2a7159c7cd61173,0.4011976047904192,True,0.005988023952095856
8,13,"greater_than_or_equal(pdiv(pdiv(x[5],x[5]),add(x[0],mul(add(mul(pdiv(add(x[5],sub(mul(add(add(x[5],x[2]),x[5]),mul(x[7],add(x[7],x[2]))),x[3])),x[5]),x[5]),add(x[2],x[5])),x[5]))), add(x[5],x[2]))",False,,,0ba84171a0040c853b8341a700dbfb08,0.32335329341317365,False,0.0
8,13,"greater_than_or_equal(x[5], mul(x[7],add(x[5],x[5])))",True,"greater_than_or_equal(x[5], mul(x[7],add(x[5],x[5])))",0.2455089820359282,9545aae94dd0fcb8b281ddfedf2da4e6,0.2455089820359282,False,0.0
8,13,"less_than_or_equal(mul(mul(x[7],mul(pdiv(x[5],25.96),x[2])),add(sub(x[7],mul(x[0],x[5])),sub(pdiv(pdiv(x[5],x[5]),x[5]),x[2]))),add(sub(x[7],x[7]),pdiv(x[5],x[5])))",True,"less_than_or_equal(x[2],x[2])",0.35928143712574845,bd082d42dcba8056510101f18394b575,0.35928143712574845,False,0.0
8,13,"not_(less_than_or_equal(add(x[2],x[2]),x[2]))",True,"less_than_or_equal(pdiv(sub(x[0],x[0]),sub(x[0],x[2])),x[0])",0.38323353293413176,d0734af37aab8e9b6c733bcf8f431f61,0.38323353293413176,False,0.0
8,13,"greater_than_or_equal(pdiv(x[5],43.06), x[2])",True,"greater_than_or_equal(pdiv(mul(x[5],x[2]),pdiv(x[2],x[5])), add(sub(x[7],x[7]),add(x[5],x[0])))",0.6107784431137724,ec48eb4aba9f475884bcf9e8f28adadc,0.6167664670658682,True,0.005988023952095856
8,13,"less_than_or_equal(mul(mul(add(mul(mul(x[5],x[3]),x[3]),add(x[2],pdiv(x[2],x[5]))),add(add(x[5],x[0]),mul(x[3],x[7]))),pdiv(x[0],x[3])),add(add(x[5],x[7]),sub(x[7],x[5])))",False,,,304a895bce78468b499e73bf4ccbb9d5,0.3652694610778443,False,0.0
8,13,"greater_than_or_equal(add(x[5],add(x[5],add(x[5],x[2]))), x[5])",True,"less_than_or_equal(x[2],x[2])",0.35928143712574845,bd082d42dcba8056510101f18394b575,0.35928143712574845,False,0.0
8,13,"not_(less_than_or_equal(pdiv(x[5],x[7]),pdiv(x[5],x[2])))",False,,,56ae304ea3217f9806c983a7d04e7a58,0.5149700598802396,False,0.0
8,13,"less_than_or_equal(x[5],x[7])",True,"greater_than_or_equal(x[7], x[5])",0.6107784431137724,793f9fa4aca1502cfe0a9ed6ab91b83c,0.6107784431137724,False,0.0
8,13,"not_(less_than_or_equal(pdiv(x[5],x[5]),mul(add(x[5],x[5]),sub(pdiv(x[5],x[5]),add(x[5],x[2])))))",True,"less_than_or_equal(x[2],x[2])",0.35928143712574845,bd082d42dcba8056510101f18394b575,0.35928143712574845,False,0.0
8,13,"less_than_or_equal(mul(mul(x[7],x[7]),mul(x[5],mul(mul(add(x[7],x[5]),x[2]),add(sub(x[7],pdiv(mul(pdiv(sub(mul(x[5],mul(sub(x[5],add(x[3],add(sub(x[3],x[7]),x[5]))),mul(sub(x[7],x[3]),x[7]))),pdiv(pdiv(x[5],x[5]),add(x[2],x[2]))),x[7]),x[7]),add(sub(x[7],sub(mul(x[7],x[0]),sub(pdiv(x[5],x[7]),x[3]))),x[7]))),x[5])))),x[3])",False,,,03eacb97adb61c0bb372c84c046b6a05,0.26347305389221554,False,0.0
8,13,"not_(less_than_or_equal(pdiv(x[5],x[7]),add(x[5],mul(x[5],add(add(pdiv(x[7],add(x[7],x[3])),x[3]),x[3])))))",False,,,05a1222881e719f0a7ff5c35d0d33125,0.28742514970059885,False,0.0
8,13,"greater_than_or_equal(pdiv(pdiv(mul(mul(sub(pdiv(add(x[2],x[5]),x[0]),mul(x[7],x[0])),sub(pdiv(x[5],x[7]),x[3])),x[7]),x[3]),x[7]), mul(x[7],x[5]))",True,"greater_than_or_equal(pdiv(pdiv(mul(mul(sub(pdiv(add(x[2],x[5]),x[0]),mul(x[7],x[0])),sub(pdiv(x[5],x[7]),x[3])),x[7]),x[3]),x[7]), mul(x[7],x[5]))",0.32335329341317365,23e175d39fe58023320222e30d82b081,0.32335329341317365,False,0.0
8,13,"greater_than_or_equal(x[5], mul(x[7],add(x[7],mul(x[5],x[2]))))",True,"greater_than_or_equal(x[5], mul(x[7],add(x[7],mul(x[5],x[2]))))",0.27544910179640714,b3680de13e8f1c124200503e1bc1645a,0.27544910179640714,False,0.0
8,13,"not_(greater_than_or_equal(x[7], x[2]))",True,"less_than_or_equal(add(x[5],x[7]),add(x[5],x[2]))",0.5269461077844311,544b4f45aa71542bcadfaa9d165fdbeb,0.5269461077844311,False,0.0
8,13,"not_(less_than_or_equal(pdiv(x[5],x[7]),add(x[7],add(x[7],x[2]))))",True,"greater_than_or_equal(x[5], mul(x[7],add(x[7],add(x[3],x[2]))))",0.2934131736526946,1af7bd2c0e59084ce1038d0fa1df9be2,0.27544910179640714,True,-0.017964071856287456
8,13,"less_than_or_equal(add(x[5],mul(x[7],mul(x[5],mul(mul(add(x[7],x[5]),x[2]),add(08.63,sub(mul(x[5],mul(mul(x[5],add(x[3],add(sub(x[3],x[7]),x[5]))),add(sub(x[7],x[3]),x[7]))),sub(x[3],x[7]))))))),add(mul(x[3],x[5]),pdiv(x[3],x[3])))",False,,,db4691febd0109f4fa60cc1978568551,0.2455089820359282,False,0.0
8,13,"greater_than_or_equal(add(pdiv(x[5],x[5]),add(x[5],x[0])), mul(add(pdiv(54.74,19.01),x[5]),mul(x[5],x[5])))",False,,,65c70003f0ae65a2870e2975ae2ab823,0.34730538922155685,False,0.0
8,13,"greater_than_or_equal(x[5], mul(x[7],add(sub(pdiv(x[5],x[5]),add(x[2],x[5])),mul(x[5],sub(pdiv(x[3],pdiv(x[5],add(x[5],mul(x[0],x[7])))),add(x[7],pdiv(x[3],x[5])))))))",False,,,7e9303000e7d18a53d2e2a95f16527a2,0.34730538922155685,False,0.0
8,13,"not_(greater_than_or_equal(mul(x[5],x[5]), x[5]))",True,"not_(less_than_or_equal(pdiv(x[5],x[5]),x[5]))",0.31137724550898205,774eb80249c37c32f486ae194a31e639,0.3173652694610778,True,0.0059880239520957446
8,13,"not_(greater_than_or_equal(x[7], x[7]))",True,not_(x[6]),0.6347305389221557,b4068ba57b63c959651c969331c4b5cd,0.6407185628742516,True,0.005988023952095856
8,13,"greater_than_or_equal(pdiv(pdiv(x[5],mul(x[7],add(mul(add(add(x[5],x[2]),49.24),mul(add(x[7],add(x[3],x[7])),add(pdiv(pdiv(x[7],x[7]),add(x[5],x[2])),mul(x[5],x[7])))),x[5]))),43.97), x[5])",True,not_(x[6]),0.6347305389221557,b4068ba57b63c959651c969331c4b5cd,0.6347305389221557,False,0.0
8,13,"greater_than_or_equal(x[5], mul(x[5],add(x[5],x[2])))",True,"not_(less_than_or_equal(pdiv(x[5],x[5]),add(x[5],x[2])))",0.2455089820359282,5825d6d8d32996f2f81bb41cc0bfa92f,0.2455089820359282,False,0.0
8,13,"less_than_or_equal(x[2],mul(x[7],pdiv(x[5],mul(x[5],mul(add(x[0],x[5]),x[5])))))",False,,,43a0f2518956d470bc61e979424076cf,0.3892215568862275,False,0.0
8,13,"not_(less_than_or_equal(pdiv(x[5],x[7]),x[5]))",True,"not_(less_than_or_equal(pdiv(x[5],x[5]),add(pdiv(x[2],96.92),x[7])))",0.39520958083832336,db0e6c3409e9b2885c8014a7de8788af,0.4011976047904192,True,0.005988023952095856
8,13,"not_(less_than_or_equal(pdiv(pdiv(pdiv(x[3],sub(pdiv(39.80,x[3]),x[2])),mul(x[5],add(x[3],mul(x[5],add(x[5],x[2]))))),x[5]),mul(x[7],add(x[7],add(x[5],x[2])))))",False,,,92b88a0d4d38485335862342b521294b,0.592814371257485,False,0.0
8,13,"greater_than_or_equal(mul(04.53,x[5]), x[7])",True,"greater_than_or_equal(mul(04.54,x[5]), x[7])",0.3293413173652695,7f0fc2dc10c96859680008412b12ef2b,0.3293413173652695,False,0.0
8,13,"greater_than_or_equal(x[7], x[2])",True,"less_than_or_equal(pdiv(add(x[2],x[5]),sub(x[2],x[7])),mul(mul(x[2],x[3]),mul(x[5],x[7])))",0.4730538922155688,6a9a868ce645e54c16a03959cbdb37f6,0.4730538922155688,False,0.0
8,13,"not_(greater_than_or_equal(mul(x[3],x[5]), x[2]))",True,"not_(less_than_or_equal(pdiv(x[2],x[3]),x[5]))",0.5449101796407185,183ed94279763a5e72b82b8cd769a21d,0.5449101796407185,False,0.0
8,13,"greater_than_or_equal(x[5], mul(x[5],add(pdiv(add(x[3],x[2]),x[3]),x[7])))",True,not_(x[6]),0.6347305389221557,b4068ba57b63c959651c969331c4b5cd,0.6347305389221557,False,0.0
8,13,"not_(less_than_or_equal(x[5],mul(x[5],add(x[7],x[5]))))",True,"not_(less_than_or_equal(pdiv(x[5],x[5]),add(x[7],x[5])))",0.32335329341317365,e44f6a949f00cb0bf86b1105d7c3453d,0.3293413173652695,True,0.005988023952095856
8,13,"greater_than_or_equal(pdiv(mul(add(x[2],x[5]),x[2]),x[5]), mul(x[7],add(x[7],x[2])))",False,,,68190603d83d0b711611f5cce12060ed,0.39520958083832336,False,0.0
8,13,"less_than_or_equal(add(mul(x[0],sub(x[5],x[5])),x[2]),add(sub(sub(add(x[7],pdiv(69.47,x[5])),mul(x[2],add(mul(x[7],add(x[7],x[2])),x[3]))),x[5]),x[5]))",True,"less_than_or_equal(x[2],x[2])",0.35928143712574845,bd082d42dcba8056510101f18394b575,0.35928143712574845,False,0.0
8,13,"not_(less_than_or_equal(pdiv(x[5],pdiv(x[5],x[2])),add(x[5],x[2])))",True,not_(x[6]),0.6347305389221557,b4068ba57b63c959651c969331c4b5cd,0.6347305389221557,False,0.0
8,13,"greater_than_or_equal(x[5], x[5])",True,"less_than_or_equal(x[2],x[2])",0.35928143712574845,bd082d42dcba8056510101f18394b575,0.35928143712574845,False,0.0
8,13,"greater_than_or_equal(pdiv(x[5],x[5]), add(x[7],pdiv(x[5],x[5])))",True,not_(x[6]),0.6347305389221557,b4068ba57b63c959651c969331c4b5cd,0.6407185628742516,True,0.005988023952095856
8,13,"not_(greater_than_or_equal(x[7], add(mul(x[3],x[7]),add(pdiv(mul(x[5],add(sub(x[7],sub(x[5],mul(x[5],x[5]))),add(x[5],x[2]))),mul(x[7],pdiv(mul(x[5],x[5]),x[0]))),sub(sub(x[2],x[0]),mul(x[5],x[5]))))))",False,,,6e7c1b458ccf613f1182f95b80108233,0.281437125748503,False,0.0
8,13,"greater_than_or_equal(pdiv(x[5],x[2]), add(sub(add(x[2],x[5]),add(add(x[5],x[0]),mul(x[3],x[7]))),pdiv(x[0],x[3])))",False,,,c665addbc1fc57fb6a8dbd32f65ccd8f,0.3173652694610778,False,0.0
8,13,"less_than_or_equal(mul(mul(x[2],x[5]),x[5]),add(x[2],pdiv(x[7],add(x[5],x[5]))))",True,"less_than_or_equal(x[2],x[2])",0.35928143712574845,bd082d42dcba8056510101f18394b575,0.35928143712574845,False,0.0
8,13,"not_(greater_than_or_equal(mul(x[5],mul(x[7],mul(x[0],x[7]))), mul(x[3],x[0])))",False,,,6bf20bb5c742f650bdeac7f5aff8fff6,0.5568862275449102,False,0.0
8,13,"greater_than_or_equal(pdiv(09.60,x[2]), x[0])",True,"less_than_or_equal(x[2],x[2])",0.35928143712574845,bd082d42dcba8056510101f18394b575,0.35928143712574845,False,0.0
8,13,"not_(less_than_or_equal(pdiv(x[5],x[2]),add(pdiv(x[5],pdiv(pdiv(x[5],x[7]),sub(pdiv(mul(x[7],mul(x[0],pdiv(add(x[2],x[2]),x[5]))),add(x[2],sub(mul(x[7],pdiv(x[5],x[5])),x[5]))),x[2]))),add(sub(x[7],x[7]),pdiv(x[5],x[5])))))",False,,,2172007067be0bd89f992d2b75f482c4,0.39520958083832336,False,0.0
8,13,"less_than_or_equal(add(add(x[7],x[2]),pdiv(x[3],x[3])),add(pdiv(x[5],pdiv(mul(x[2],x[7]),30.44)),add(x[7],mul(x[5],x[2]))))",False,,,8b22474e90c54ae8a74a0d0752426450,0.3532934131736527,False,0.0
8,13,"greater_than_or_equal(pdiv(x[5],x[5]), add(x[2],x[0]))",True,"not_(less_than_or_equal(pdiv(x[5],x[5]),add(x[0],x[2])))",0.34730538922155685,c426607f0a92b79fd094d06b3453a190,0.34730538922155685,False,0.0
8,13,"not_(less_than_or_equal(pdiv(x[5],x[7]),add(mul(x[7],add(x[5],x[5])),x[3])))",True,"not_(less_than_or_equal(pdiv(x[5],x[7]),add(mul(x[7],add(x[5],x[5])),x[3])))",0.2455089820359282,7e914a1577c377bef9099ea6df1a7218,0.2455089820359282,False,0.0
8,13,"greater_than_or_equal(pdiv(x[5],x[5]), add(x[7],pdiv(mul(x[2],mul(x[7],x[0])),sub(pdiv(x[5],x[7]),x[3]))))",False,,,54466bf2380969efdaf2b2a765a9b3e9,0.3173652694610778,False,0.0
8,13,"not_(greater_than_or_equal(mul(x[7],add(mul(x[5],add(x[5],x[2])),add(sub(x[3],x[2]),x[7]))), add(x[2],x[2])))",False,,,5ce6ed059e05a8396cf70bc6cadf86be,0.4131736526946108,False,0.0
8,13,"greater_than_or_equal(x[3], mul(x[3],mul(x[7],add(x[5],pdiv(x[2],x[5])))))",True,"greater_than_or_equal(x[3], mul(x[3],mul(x[7],add(x[5],pdiv(x[2],x[5])))))",0.2574850299401198,d42e57465ea06cdc1e09103371642274,0.2574850299401198,False,0.0
8,13,"greater_than_or_equal(pdiv(x[5],x[2]), add(x[5],x[2]))",True,"greater_than_or_equal(pdiv(x[5],pdiv(add(x[2],x[5]),x[5])), mul(x[5],x[2]))",0.28742514970059885,0803226314985e684579b7ad7da3df72,0.2934131736526946,True,0.0059880239520957446
8,13,"greater_than_or_equal(pdiv(x[5],x[5]), mul(add(mul(add(x[7],x[2]),x[3]),x[5]),x[5]))",False,,,8a764f40c0e7286dd1a2ebad198e13de,0.28742514970059885,False,0.0
8,13,"greater_than_or_equal(sub(x[0],x[5]), x[2])",True,"greater_than_or_equal(add(mul(x[7],sub(x[0],x[7])),x[7]), add(x[5],x[2]))",0.6586826347305389,681d8fd5d491586fb67fc0cf65def18f,0.6467065868263473,True,-0.0119760479041916
8,13,"greater_than_or_equal(x[5], mul(x[7],add(x[2],x[2])))",True,"not_(greater_than_or_equal(mul(x[7],add(x[2],x[2])), x[5]))",0.27544910179640714,f7539509fdd5f9bf93cc165393e6bf21,0.27544910179640714,False,0.0
8,13,"not_(less_than_or_equal(pdiv(x[5],x[5]),add(30.93,x[2])))",True,not_(x[6]),0.6347305389221557,b4068ba57b63c959651c969331c4b5cd,0.6407185628742516,True,0.005988023952095856
8,13,"greater_than_or_equal(pdiv(pdiv(x[5],mul(x[0],add(mul(add(pdiv(x[5],x[2]),sub(x[7],x[7])),add(x[7],x[2])),x[3]))),x[3]), add(x[3],x[5]))",False,,,93c2df81e01af740521ecb38abf2e997,0.3652694610778443,False,0.0
8,13,"not_(less_than_or_equal(pdiv(29.28,add(x[2],x[5])),mul(x[5],add(pdiv(x[5],pdiv(x[5],sub(x[5],mul(x[0],x[7])))),add(x[7],pdiv(x[3],x[5]))))))",True,"less_than_or_equal(x[2],x[2])",0.35928143712574845,bd082d42dcba8056510101f18394b575,0.35928143712574845,False,0.0
8,13,"not_(less_than_or_equal(pdiv(x[5],x[5]),x[5]))",True,"not_(less_than_or_equal(pdiv(x[5],x[5]),x[5]))",0.31137724550898205,774eb80249c37c32f486ae194a31e639,0.31137724550898205,False,0.0
8,13,"not_(less_than_or_equal(pdiv(x[5],x[5]),add(x[7],x[2])))",True,"less_than_or_equal(add(mul(x[7],pdiv(x[5],x[5])),x[2]),add(sub(x[7],x[7]),pdiv(69.44,sub(x[3],x[3]))))",0.19161676646706582,14c6e007ad625f3839f568e9ee8a86e1,0.19161676646706582,False,0.0
8,13,"greater_than_or_equal(x[5], mul(x[3],add(x[5],mul(add(x[2],mul(x[7],pdiv(add(x[5],x[5]),mul(x[7],add(add(add(add(x[5],x[2]),x[5]),mul(x[7],add(x[7],x[2]))),x[3]))))),x[7]))))",True,"greater_than_or_equal(x[5], mul(x[3],add(x[7],x[5])))",0.34730538922155685,ee82527b3be3ea4b612afa77bf0a2494,0.3293413173652695,True,-0.017964071856287345
8,13,"less_than_or_equal(add(add(x[7],x[2]),add(x[2],x[3])),add(pdiv(x[5],pdiv(x[5],x[5])),add(pdiv(add(x[0],mul(x[5],x[5])),sub(pdiv(x[5],x[5]),add(x[2],x[3]))),x[3])))",False,,,cb072564bb57ac18fa84cec0f15fe0db,0.31137724550898205,False,0.0
8,13,"greater_than_or_equal(pdiv(x[5],add(x[5],x[7])), x[5])",True,"not_(less_than_or_equal(pdiv(x[5],x[5]),add(x[7],x[5])))",0.32335329341317365,e44f6a949f00cb0bf86b1105d7c3453d,0.32335329341317365,False,0.0
8,13,"greater_than_or_equal(sub(pdiv(x[5],x[7]),mul(add(mul(pdiv(add(x[5],sub(x[2],add(x[5],x[2]))),x[5]),mul(x[5],mul(x[7],add(x[7],mul(pdiv(x[3],x[5]),x[5]))))),add(x[2],x[5])),x[5])), add(x[5],x[2]))",False,,,e22215e5ab1f9c28420e5d9fd594a55b,0.2694610778443114,False,0.0
8,13,"not_(less_than_or_equal(pdiv(x[5],x[5]),add(x[5],mul(x[3],mul(add(x[5],x[2]),add(sub(x[7],mul(x[0],x[0])),x[7]))))))",False,,,f103e90d5a80992353e2edf09034ffa7,0.2934131736526946,False,0.0
8,13,"not_(less_than_or_equal(pdiv(sub(x[2],mul(x[2],x[7])),x[7]),add(69.44,sub(x[3],x[3]))))",True,not_(x[6]),0.6347305389221557,b4068ba57b63c959651c969331c4b5cd,0.6407185628742516,True,0.005988023952095856
8,13,"not_(greater_than_or_equal(x[5], add(add(add(x[5],x[2]),x[5]),mul(x[7],add(x[7],x[2])))))",True,"less_than_or_equal(x[2],x[2])",0.35928143712574845,bd082d42dcba8056510101f18394b575,0.35928143712574845,False,0.0
8,13,"less_than_or_equal(add(add(x[7],x[2]),pdiv(x[2],x[0])),add(x[5],x[3]))",False,,,29ebc76be948dcdcf9198ed647259c11,0.5748502994011976,False,0.0
8,13,"not_(less_than_or_equal(pdiv(35.35,x[2]),mul(x[7],pdiv(mul(x[5],x[5]),x[0]))))",True,"less_than_or_equal(x[2],x[2])",0.35928143712574845,bd082d42dcba8056510101f18394b575,0.35928143712574845,False,0.0
8,13,"greater_than_or_equal(pdiv(add(x[5],x[0]),mul(x[3],x[7])), add(x[5],x[2]))",True,"less_than_or_equal(add(add(x[7],x[2]),sub(x[3],x[5])),add(pdiv(add(x[3],x[7]),x[0]),x[2]))",0.3532934131736527,1abf0344999fa98ef1f09196f7df7362,0.37125748502994016,True,0.017964071856287456
8,13,"not_(greater_than_or_equal(mul(x[7],mul(mul(x[5],add(x[5],x[2])),pdiv(add(pdiv(pdiv(x[5],x[7]),add(x[2],mul(09.59,sub(sub(add(x[7],pdiv(x[3],x[7])),x[7]),mul(x[7],add(pdiv(x[5],x[2]),add(sub(x[7],x[7]),pdiv(x[5],mul(pdiv(x[5],x[5]),add(x[5],x[0])))))))))),add(x[5],x[2])),add(sub(x[7],x[7]),add(x[3],sub(pdiv(x[3],x[7]),x[7])))))), add(x[5],x[2])))",False,,,9eab11f8ae52efbb5318260feded7026,0.33532934131736525,False,0.0
8,13,"greater_than_or_equal(x[5], mul(x[7],add(x[5],x[3])))",True,"greater_than_or_equal(x[5], mul(x[7],add(x[5],x[3])))",0.3053892215568862,0947741ceb5018f757b589e69907d867,0.3053892215568862,False,0.0
8,13,"not_(less_than_or_equal(pdiv(x[5],x[0]),add(x[7],x[2])))",False,,,f6a133dcb2f701e412c68591012d3594,0.281437125748503,False,0.0
8,13,"greater_than_or_equal(x[2], x[7])",True,"less_than_or_equal(add(x[5],x[7]),add(x[5],x[2]))",0.5269461077844311,544b4f45aa71542bcadfaa9d165fdbeb,0.5269461077844311,False,0.0
8,13,"not_(less_than_or_equal(pdiv(pdiv(pdiv(x[3],x[5]),x[0]),x[5]),add(x[2],x[2])))",False,,,f5e2b3c9fda2777667940246cfa1d3d7,0.3413173652694611,False,0.0
8,13,"not_(less_than_or_equal(pdiv(x[5],x[7]),add(mul(x[7],add(x[5],pdiv(pdiv(x[3],x[3]),add(x[7],x[5])))),add(sub(x[2],x[5]),x[7]))))",False,,,603bd2f1985b9a428f0cd0b164260f0e,0.26347305389221554,False,0.0
8,13,"less_than_or_equal(add(add(x[7],x[2]),add(x[2],x[3])),add(pdiv(x[5],pdiv(mul(x[2],x[7]),30.44)),add(x[7],mul(x[5],x[2]))))",True,"less_than_or_equal(add(add(x[7],x[2]),pdiv(x[3],x[3])),add(pdiv(x[5],pdiv(mul(x[2],x[7]),30.44)),add(x[7],mul(x[5],x[2]))))",0.3532934131736527,8b22474e90c54ae8a74a0d0752426450,0.3532934131736527,False,0.0
8,13,"greater_than_or_equal(x[5], x[2])",True,"not_(not_(less_than_or_equal(x[2],x[5])))",0.34730538922155685,4af53f79d9ad2ffac455113b88a02dd4,0.34730538922155685,False,0.0
8,13,"not_(less_than_or_equal(x[5],add(add(sub(add(x[2],x[7]),x[5]),x[5]),add(x[2],x[5]))))",True,not_(x[6]),0.6347305389221557,b4068ba57b63c959651c969331c4b5cd,0.6407185628742516,True,0.005988023952095856
8,13,"less_than_or_equal(mul(sub(x[2],x[2]),x[5]),x[5])",True,"less_than_or_equal(x[2],x[2])",0.35928143712574845,bd082d42dcba8056510101f18394b575,0.35928143712574845,False,0.0
8,13,"not_(less_than_or_equal(pdiv(x[5],mul(pdiv(add(x[2],add(x[7],pdiv(x[5],x[5]))),x[5]),x[3])),x[7]))",False,,,805191879a70cf01a8bbb7e88b0c407c,0.40718562874251496,False,0.0
8,13,"not_(less_than_or_equal(pdiv(pdiv(pdiv(x[5],sub(pdiv(add(x[2],x[2]),x[5]),add(x[5],pdiv(x[5],x[5])))),add(x[2],pdiv(x[7],add(x[5],x[5])))),add(sub(x[7],sub(x[5],mul(x[5],x[5]))),add(x[5],x[2]))),mul(x[7],pdiv(mul(x[5],x[5]),x[0]))))",True,"greater_than_or_equal(add(mul(x[7],sub(x[0],x[7])),x[7]), add(x[5],x[2]))",0.6586826347305389,681d8fd5d491586fb67fc0cf65def18f,0.5449101796407185,True,-0.11377245508982037
8,13,"greater_than_or_equal(x[5], mul(x[3],mul(add(sub(x[2],x[7]),add(x[5],x[5])),add(sub(x[7],sub(x[3],mul(x[5],x[7]))),add(x[2],x[7])))))",False,,,890d58b3cc3dafe32800e1ef5a63a0d9,0.2455089820359282,False,0.0
8,13,"less_than_or_equal(x[5],sub(sub(pdiv(x[5],x[5]),x[3]),x[7]))",False,,,76bda5b2d6cfb81760813f25a9e449b0,0.5329341317365269,False,0.0
8,13,"not_(greater_than_or_equal(pdiv(x[5],x[5]), add(pdiv(x[5],add(pdiv(x[5],x[0]),x[5])),x[5])))",False,,,99cd67147495a8b2d192d69da96c2641,0.6047904191616766,False,0.0
8,13,"greater_than_or_equal(x[5], mul(x[7],add(x[7],add(x[3],x[2]))))",True,"greater_than_or_equal(x[5], mul(x[7],add(x[7],add(x[3],x[2]))))",0.2934131736526946,1af7bd2c0e59084ce1038d0fa1df9be2,0.2934131736526946,False,0.0
8,13,"not_(less_than_or_equal(pdiv(x[5],x[7]),add(x[3],mul(x[5],add(x[5],x[3])))))",False,,,5aed75ba90233b476c415a20e0a6f6a0,0.2934131736526946,False,0.0
8,13,"greater_than_or_equal(x[5], mul(x[7],pdiv(x[5],add(pdiv(add(mul(x[7],add(x[5],x[5])),x[3]),x[3]),add(x[7],x[5])))))",True,"less_than_or_equal(x[2],x[2])",0.35928143712574845,bd082d42dcba8056510101f18394b575,0.35928143712574845,False,0.0
8,13,"not_(less_than_or_equal(add(x[2],x[2]),x[5]))",True,"greater_than_or_equal(add(x[2],x[2]), x[5])",0.6047904191616766,58c989c6c5d320ece246c539fa0373f8,0.6047904191616766,False,0.0
8,13,"less_than_or_equal(mul(pdiv(x[5],x[5]),add(x[2],pdiv(x[7],add(x[5],x[5])))),pdiv(sub(x[7],sub(x[5],mul(x[5],x[5]))),add(x[5],x[2])))",False,,,db1ce76cf7438b5b0dabaa1490fedeb1,0.6167664670658682,False,0.0
8,13,"not_(less_than_or_equal(pdiv(x[5],x[5]),add(x[7],x[5])))",True,"not_(less_than_or_equal(pdiv(x[5],x[5]),add(x[7],x[5])))",0.32335329341317365,e44f6a949f00cb0bf86b1105d7c3453d,0.32335329341317365,False,0.0
8,13,"greater_than_or_equal(x[5], mul(mul(x[2],mul(x[7],add(x[0],79.36))),add(x[5],x[0])))",False,,,cd36e5dffac4dfbadf7bb5ccd7d76dff,0.5449101796407185,False,0.0
8,13,"greater_than_or_equal(pdiv(add(x[2],x[7]),add(43.98,x[3])), add(x[7],x[5]))",True,not_(x[6]),0.6347305389221557,b4068ba57b63c959651c969331c4b5cd,0.6407185628742516,True,0.005988023952095856
8,13,"greater_than_or_equal(pdiv(x[3],x[7]), x[2])",True,"greater_than_or_equal(x[5], mul(x[7],mul(add(sub(x[7],x[7]),x[2]),add(sub(x[7],x[7]),pdiv(x[5],x[3])))))",0.2934131736526946,c999647c3f8349901a4892cae2cb97f9,0.29940119760479045,True,0.005988023952095856
8,13,"not_(less_than_or_equal(pdiv(x[5],x[5]),add(x[5],x[2])))",True,"not_(less_than_or_equal(pdiv(x[5],x[5]),add(x[5],x[2])))",0.2455089820359282,5825d6d8d32996f2f81bb41cc0bfa92f,0.2455089820359282,False,0.0
8,13,"greater_than_or_equal(add(mul(mul(x[3],mul(x[7],add(x[5],pdiv(x[2],x[3])))),x[7]),x[5]), x[3])",False,,,024481df341e5573f139097648090015,0.4850299401197605,False,0.0
8,13,"not_(greater_than_or_equal(mul(x[7],add(mul(x[5],add(x[5],x[2])),mul(x[2],x[0]))), sub(pdiv(x[5],x[7]),x[3])))",True,"not_(greater_than_or_equal(mul(x[7],add(mul(x[5],add(x[5],x[2])),mul(x[7],x[0]))), sub(pdiv(x[5],x[7]),x[3])))",0.2455089820359282,db6b01167a21ef89af5cf99f8cae2658,0.23952095808383234,True,-0.005988023952095856
8,13,"greater_than_or_equal(x[2], x[5])",True,"less_than_or_equal(x[5],x[2])",0.652694610778443,6fb17002302e404122653cf2c68db553,0.652694610778443,False,0.0
8,13,"not_(less_than_or_equal(pdiv(add(add(sub(x[7],sub(x[3],mul(x[5],x[7]))),x[7]),sub(x[7],pdiv(x[3],x[7]))),x[3]),x[5]))",False,,,789d3b60308ac490f4019657ae028024,0.7065868263473054,False,0.0
8,13,"greater_than_or_equal(x[5], mul(x[7],add(x[7],mul(x[5],mul(x[5],add(x[0],x[7]))))))",False,,,050271545a247f3e5222f050f744c94e,0.23952095808383234,False,0.0
8,13,"not_(greater_than_or_equal(mul(x[7],mul(30.95,x[5])), mul(x[7],add(x[5],pdiv(x[2],x[0])))))",True,"not_(less_than_or_equal(pdiv(x[5],x[5]),add(pdiv(x[5],add(pdiv(x[5],x[2]),x[7])),mul(24.69,mul(add(x[3],x[7]),x[5])))))",0.6407185628742516,f7b9a0db390c2333ea64fb8c1debba97,0.6407185628742516,False,0.0
8,13,"greater_than_or_equal(x[3], mul(x[3],x[5]))",True,"less_than_or_equal(x[2],x[2])",0.35928143712574845,bd082d42dcba8056510101f18394b575,0.35928143712574845,False,0.0
8,13,"greater_than_or_equal(x[2], mul(x[7],add(x[5],add(add(x[5],x[2]),x[5]))))",False,,,3ade5b7af3ba9a19776b2bd122eef160,0.5389221556886228,False,0.0
8,13,"greater_than_or_equal(pdiv(x[5],add(x[7],x[7])), add(x[5],x[0]))",False,,,900d918d6c420d54e1d70726cdefdd19,0.281437125748503,False,0.0
8,13,"less_than_or_equal(mul(mul(x[7],add(x[7],x[7])),add(add(mul(x[3],x[7]),add(x[5],x[3])),x[7])),x[5])",False,,,f113c97569fd283ed34b20d05a16ca9e,0.3053892215568862,False,0.0
8,13,"less_than_or_equal(mul(mul(x[7],x[7]),sub(x[7],add(x[3],x[7]))),pdiv(x[5],mul(x[7],add(x[5],x[5]))))",True,"less_than_or_equal(x[2],x[2])",0.35928143712574845,bd082d42dcba8056510101f18394b575,0.35928143712574845,False,0.0
8,13,"not_(greater_than_or_equal(x[7], pdiv(pdiv(x[5],x[5]),add(x[3],sub(add(sub(pdiv(x[5],x[5]),add(x[2],x[5])),mul(x[5],add(pdiv(x[2],pdiv(x[5],add(x[5],mul(x[0],x[7])))),add(x[7],pdiv(x[3],x[5]))))),x[2])))))",False,,,ec51d1d16eb01ad5d2411f70aabf2701,0.32335329341317365,False,0.0
8,13,"not_(less_than_or_equal(pdiv(x[3],sub(x[7],mul(add(x[7],x[2]),pdiv(x[7],add(mul(add(add(add(mul(x[5],x[2]),x[5]),mul(x[7],add(x[7],x[2]))),x[3]),x[5]),x[5]))))),add(x[2],x[5])))",False,,,679401c044015656b206c3b26b89a5e0,0.32335329341317365,False,0.0
8,13,"greater_than_or_equal(x[5], x[2])",True,"not_(not_(less_than_or_equal(x[2],x[5])))",0.34730538922155685,4af53f79d9ad2ffac455113b88a02dd4,0.34730538922155685,False,0.0
8,13,"not_(less_than_or_equal(pdiv(x[5],x[5]),add(x[5],x[2])))",True,"not_(less_than_or_equal(pdiv(x[5],x[5]),add(x[5],x[2])))",0.2455089820359282,5825d6d8d32996f2f81bb41cc0bfa92f,0.2455089820359282,False,0.0
8,13,"not_(less_than_or_equal(pdiv(x[5],x[5]),add(x[5],add(x[2],x[2]))))",True,"not_(less_than_or_equal(pdiv(x[5],x[5]),add(x[2],add(x[2],x[5]))))",0.34730538922155685,c7722e98bc65b5a2448421c1eec80ac9,0.34730538922155685,False,0.0
8,13,"greater_than_or_equal(x[5], mul(x[5],mul(add(x[2],add(x[7],x[7])),x[2])))",False,,,1c17c262a2e74368be1a83768bc87ca4,0.28742514970059885,False,0.0
8,13,"greater_than_or_equal(x[5], mul(x[2],pdiv(x[5],x[5])))",True,"not_(not_(less_than_or_equal(x[2],x[5])))",0.34730538922155685,4af53f79d9ad2ffac455113b88a02dd4,0.34730538922155685,False,0.0
8,13,"greater_than_or_equal(pdiv(x[5],x[5]), add(x[7],mul(x[3],x[7])))",True,"greater_than_or_equal(sub(pdiv(x[5],x[7]),mul(add(mul(pdiv(add(x[5],sub(x[2],add(x[5],x[2]))),x[5]),mul(x[7],add(x[7],x[2]))),x[3]),x[5])), x[5])",0.2694610778443114,9022f1cd2d01e29089d46d7d7fad78c5,0.2694610778443114,False,0.0
8,13,"less_than_or_equal(mul(sub(x[7],x[3]),mul(add(add(x[7],x[2]),x[3]),x[5])),07.48)",True,"less_than_or_equal(x[2],x[2])",0.35928143712574845,bd082d42dcba8056510101f18394b575,0.35928143712574845,False,0.0
8,13,"not_(less_than_or_equal(x[5],mul(x[3],x[5])))",True,"not_(less_than_or_equal(pdiv(x[5],x[5]),x[3]))",0.3413173652694611,05e1f3d74f96ed02168c5462d1f8f406,0.34730538922155685,True,0.0059880239520957446
8,13,"not_(less_than_or_equal(pdiv(pdiv(pdiv(x[2],x[2]),x[5]),add(x[2],x[2])),mul(x[5],x[5])))",False,,,12d175981c4ec5803629683651b72e04,0.33532934131736525,False,0.0
8,13,"greater_than_or_equal(pdiv(x[5],x[5]), add(x[2],x[5]))",True,"not_(less_than_or_equal(pdiv(x[5],x[5]),add(x[5],x[2])))",0.2455089820359282,5825d6d8d32996f2f81bb41cc0bfa92f,0.2455089820359282,False,0.0
8,13,"not_(less_than_or_equal(pdiv(add(x[2],add(x[2],x[5])),x[7]),x[0]))",True,"less_than_or_equal(x[2],x[2])",0.35928143712574845,bd082d42dcba8056510101f18394b575,0.35928143712574845,False,0.0
8,13,"greater_than_or_equal(pdiv(pdiv(x[5],mul(x[7],add(add(add(add(x[5],x[2]),x[5]),mul(x[7],sub(x[7],x[2]))),x[3]))),x[7]), pdiv(x[5],19.02))",True,"less_than_or_equal(x[2],x[2])",0.35928143712574845,bd082d42dcba8056510101f18394b575,0.35928143712574845,False,0.0
8,13,"greater_than_or_equal(x[5], x[5])",True,"less_than_or_equal(x[2],x[2])",0.35928143712574845,bd082d42dcba8056510101f18394b575,0.35928143712574845,False,0.0
8,13,"less_than_or_equal(x[3],x[7])",True,"greater_than_or_equal(x[7], x[3])",0.6646706586826348,d5925f4b2448dec895a429c6f44b5edc,0.6646706586826348,False,0.0
8,13,"greater_than_or_equal(pdiv(x[5],x[5]), add(x[0],x[7]))",True,"greater_than_or_equal(x[3], mul(add(x[7],x[0]),x[3]))",0.31137724550898205,f5bf9aebb388af6a7cbda4724b01f693,0.31137724550898205,False,0.0
8,13,"less_than_or_equal(x[5],mul(x[7],mul(add(sub(x[7],x[7]),x[7]),add(sub(x[7],add(mul(x[7],x[0]),sub(pdiv(x[2],x[7]),x[5]))),pdiv(x[2],mul(x[5],add(x[2],x[2])))))))",False,,,24889b6ad33e81835c54d57651a1282f,0.7065868263473054,False,0.0
8,13,"greater_than_or_equal(x[5], mul(x[7],add(pdiv(x[7],sub(x[3],sub(pdiv(x[3],mul(x[7],x[5])),x[5]))),add(x[0],x[7]))))",False,,,cd8653300183e4b32698bccc59d1035a,0.26347305389221554,False,0.0
8,13,"greater_than_or_equal(pdiv(add(x[7],x[2]),x[3]), x[5])",False,,,a82c112ac7b411c69335f92314474299,0.44311377245508987,False,0.0
8,13,"greater_than_or_equal(pdiv(pdiv(x[5],pdiv(x[7],add(mul(add(add(x[5],x[2]),x[5]),mul(x[7],add(x[7],x[2]))),x[5]))),x[7]), pdiv(x[5],x[7]))",False,,,0e368790acbbb9e16359d7655ecc6ae7,0.33532934131736525,False,0.0
8,13,"greater_than_or_equal(x[0], x[5])",True,"less_than_or_equal(x[5],x[0])",0.6227544910179641,2aedc6e15176de9ec0c909a1a3b35796,0.6227544910179641,False,0.0
8,13,"not_(less_than_or_equal(pdiv(x[5],x[5]),sub(x[2],sub(x[7],sub(93.37,x[5])))))",True,not_(x[6]),0.6347305389221557,b4068ba57b63c959651c969331c4b5cd,0.6407185628742516,True,0.005988023952095856
8,13,"less_than_or_equal(add(mul(x[7],x[7]),mul(pdiv(sub(x[0],x[7]),add(x[2],x[0])),x[7])),add(x[3],x[2]))",False,,,b90d76c57907c5fd8131ab1801ddd7d7,0.35928143712574845,False,0.0
8,13,"greater_than_or_equal(x[5], mul(x[7],add(x[0],add(x[2],x[5]))))",True,"not_(less_than_or_equal(pdiv(x[5],add(add(pdiv(x[5],pdiv(x[2],x[2])),x[2]),x[0])),x[7]))",0.23353293413173648,0642bf057766d8c0e7cf90681e6afb02,0.23353293413173648,False,0.0
8,13,"not_(less_than_or_equal(pdiv(x[5],x[5]),add(x[0],add(x[5],x[0]))))",False,,,cc5340d5003d303d5ffe2794cc5dfbdd,0.29940119760479045,False,0.0
8,13,"greater_than_or_equal(x[5], mul(sub(x[2],add(sub(x[2],x[7]),add(x[5],x[5]))),add(sub(add(x[2],x[5]),mul(x[7],add(x[7],add(x[5],x[2])))),add(sub(x[7],x[7]),pdiv(x[5],x[3])))))",False,,,fdaac4f10c89262413e2507738c1db26,0.35928143712574845,False,0.0
8,13,"not_(less_than_or_equal(pdiv(x[5],x[7]),add(x[5],mul(sub(x[7],01.48),mul(x[5],x[7])))))",True,"less_than_or_equal(x[2],x[2])",0.35928143712574845,bd082d42dcba8056510101f18394b575,0.3652694610778443,True,0.005988023952095856
8,13,"greater_than_or_equal(pdiv(x[5],add(x[5],x[2])), x[5])",True,"not_(less_than_or_equal(pdiv(x[5],x[5]),add(x[5],x[2])))",0.2455089820359282,5825d6d8d32996f2f81bb41cc0bfa92f,0.2455089820359282,False,0.0
8,13,"not_(less_than_or_equal(pdiv(x[5],x[7]),add(x[5],mul(x[5],x[5]))))",False,,,a9ce28fe5af581c3f664a5416d77d344,0.26347305389221554,False,0.0
8,13,"greater_than_or_equal(add(x[5],x[3]), add(pdiv(mul(x[5],x[5]),pdiv(x[0],x[3])),mul(mul(sub(pdiv(add(x[2],x[5]),x[0]),mul(x[7],x[0])),sub(pdiv(x[5],x[7]),x[3])),x[2])))",False,,,5918f14aa3c6b3a288e237fdb46c5a1a,0.5209580838323353,False,0.0
8,13,"less_than_or_equal(mul(mul(x[7],x[7]),mul(x[5],mul(mul(add(x[7],x[5]),71.90),x[0]))),x[5])",False,,,f781072881472afe1cb9b3a7d5ebd74d,0.27544910179640714,False,0.0
8,13,"not_(less_than_or_equal(pdiv(x[5],x[2]),add(x[5],x[2])))",True,"greater_than_or_equal(pdiv(x[5],pdiv(add(x[2],x[5]),x[5])), mul(x[5],x[2]))",0.28742514970059885,0803226314985e684579b7ad7da3df72,0.2934131736526946,True,0.0059880239520957446
8,13,"not_(greater_than_or_equal(add(x[5],x[2]), add(pdiv(pdiv(x[5],x[5]),add(x[2],add(mul(x[7],x[5]),add(sub(sub(x[0],pdiv(x[3],x[7])),x[3]),x[5])))),x[5])))",False,,,2bd437c1d3ffa4fca73a1447ba64c8e2,0.6646706586826348,False,0.0
8,13,"greater_than_or_equal(x[5], mul(add(mul(pdiv(add(x[5],sub(x[2],add(x[5],x[2]))),x[5]),mul(x[5],mul(x[7],add(x[7],x[2])))),x[3]),x[5]))",True,"less_than_or_equal(x[2],x[2])",0.35928143712574845,bd082d42dcba8056510101f18394b575,0.35928143712574845,False,0.0
8,13,"greater_than_or_equal(sub(pdiv(x[5],x[7]),mul(x[7],add(x[5],x[5]))), x[3])",True,"not_(less_than_or_equal(pdiv(x[5],x[7]),add(mul(x[7],add(x[5],x[5])),x[3])))",0.2455089820359282,7e914a1577c377bef9099ea6df1a7218,0.2455089820359282,False,0.0
8,13,"greater_than_or_equal(pdiv(x[3],mul(x[2],x[2])), x[2])",False,,,05d8bbebc3e29235c73cd3bfec8f1fd6,0.29940119760479045,False,0.0
8,13,"greater_than_or_equal(pdiv(add(x[7],add(x[3],x[2])),x[5]), pdiv(sub(x[0],24.40),x[0]))",False,,,222df04b451db66d8c8c627ebe98b8cd,0.4131736526946108,False,0.0
8,13,"greater_than_or_equal(x[3], x[7])",True,"greater_than_or_equal(x[3], x[7])",0.33532934131736525,176c0c35833bc4ae980b10cd773d9ebc,0.33532934131736525,False,0.0
8,13,"less_than_or_equal(x[7],x[0])",True,"less_than_or_equal(x[7],x[0])",0.5449101796407185,be077d9307e8548c7420a3c3b9c6aaf2,0.5449101796407185,False,0.0
8,13,"greater_than_or_equal(add(pdiv(pdiv(x[2],add(x[7],x[0])),x[2]),x[0]), add(add(x[2],x[3]),add(x[2],x[5])))",False,,,5082d207206fdb54288ba34318f5bf9a,0.23353293413173648,False,0.0
8,13,"not_(less_than_or_equal(pdiv(x[5],x[5]),add(x[7],x[3])))",True,"not_(less_than_or_equal(pdiv(x[5],x[5]),add(x[3],x[7])))",0.3053892215568862,f67f6bf2e1ea1a89d765b78348c25a54,0.3053892215568862,False,0.0
8,13,"greater_than_or_equal(x[7], x[2])",True,"less_than_or_equal(pdiv(add(x[2],x[5]),sub(x[2],x[7])),mul(mul(x[2],x[3]),mul(x[5],x[7])))",0.4730538922155688,6a9a868ce645e54c16a03959cbdb37f6,0.4730538922155688,False,0.0
8,13,"not_(less_than_or_equal(pdiv(x[5],x[5]),add(x[0],mul(x[5],add(x[2],x[7])))))",False,,,8079122d1d333a5d0a87913cc3d79ef7,0.2934131736526946,False,0.0
8,13,"greater_than_or_equal(x[5], mul(x[7],mul(mul(mul(x[0],x[5]),x[5]),add(pdiv(x[5],add(pdiv(x[5],x[2]),x[3])),mul(x[7],pdiv(x[5],x[5]))))))",True,"less_than_or_equal(x[2],x[2])",0.35928143712574845,bd082d42dcba8056510101f18394b575,0.35928143712574845,False,0.0
8,13,"greater_than_or_equal(pdiv(x[3],add(mul(x[5],x[2]),x[5])), mul(x[7],add(x[7],x[2])))",False,,,ca18034c08be86724ab94bb411d64f10,0.2934131736526946,False,0.0
8,13,"not_(less_than_or_equal(pdiv(x[5],x[2]),add(pdiv(x[5],add(x[5],x[3])),x[2])))",True,"greater_than_or_equal(pdiv(x[5],pdiv(add(x[2],x[5]),x[5])), mul(x[5],x[2]))",0.28742514970059885,0803226314985e684579b7ad7da3df72,0.31137724550898205,True,0.0239520958083832
8,13,"and_(greater_than_or_equal(x[5], x[5]),greater_than_or_equal(pdiv(sub(add(x[7],x[5]),x[7]),sub(pdiv(mul(x[7],mul(x[7],x[0])),x[7]),add(x[2],x[0]))), x[7]))",True,"greater_than_or_equal(pdiv(mul(x[5],x[2]),pdiv(x[2],x[5])), add(sub(x[7],x[7]),add(x[5],x[0])))",0.6107784431137724,ec48eb4aba9f475884bcf9e8f28adadc,0.6167664670658682,True,0.005988023952095856
8,13,"greater_than_or_equal(mul(x[7],x[7]), add(x[7],add(x[3],x[2])))",True,not_(x[6]),0.6347305389221557,b4068ba57b63c959651c969331c4b5cd,0.6407185628742516,True,0.005988023952095856
8,13,"greater_than_or_equal(pdiv(x[5],x[5]), add(x[2],x[2]))",True,"not_(less_than_or_equal(pdiv(x[5],x[5]),add(x[2],x[2])))",0.25149700598802394,b1dd33075a09479c47bb17a355eef7af,0.25149700598802394,False,0.0
8,13,"greater_than_or_equal(x[5], mul(x[7],mul(x[7],x[0])))",True,"not_(less_than_or_equal(pdiv(x[5],x[0]),x[0]))",0.35928143712574845,5372ceb8b23ce5e1dd3bf5c2fc3a57aa,0.3413173652694611,True,-0.017964071856287345
8,13,"greater_than_or_equal(pdiv(x[5],add(x[2],x[2])), x[5])",True,"not_(less_than_or_equal(pdiv(x[5],x[5]),add(x[2],x[2])))",0.25149700598802394,b1dd33075a09479c47bb17a355eef7af,0.25149700598802394,False,0.0
8,13,"greater_than_or_equal(x[5], mul(x[7],add(x[5],mul(sub(x[7],x[3]),mul(add(mul(add(add(x[2],x[3]),x[5]),07.48),x[7]),add(x[2],x[3]))))))",False,,,e33e192cb0884514305c60625adb4fd5,0.28742514970059885,False,0.0
8,13,"less_than_or_equal(x[5],x[5])",True,"less_than_or_equal(x[2],x[2])",0.35928143712574845,bd082d42dcba8056510101f18394b575,0.35928143712574845,False,0.0
8,13,"greater_than_or_equal(pdiv(x[5],x[5]), add(x[2],x[2]))",True,"not_(less_than_or_equal(pdiv(x[5],x[5]),add(x[2],x[2])))",0.25149700598802394,b1dd33075a09479c47bb17a355eef7af,0.25149700598802394,False,0.0
8,13,"less_than_or_equal(add(add(x[7],x[2]),add(x[2],x[3])),add(pdiv(x[3],pdiv(x[2],pdiv(x[7],add(x[5],x[3])))),add(sub(x[7],sub(x[5],mul(x[5],x[2]))),x[2])))",False,,,4ee113cdf6478517592bfb0465eb5ae2,0.5269461077844311,False,0.0
8,13,"greater_than_or_equal(pdiv(x[5],x[5]), add(x[7],mul(add(mul(x[7],x[7]),x[7]),add(sub(x[7],sub(mul(x[7],x[0]),sub(pdiv(x[2],x[7]),x[5]))),pdiv(x[2],x[7])))))",False,,,05df8e1b287a3f8e4a7283ccaa5e9bcb,0.2934131736526946,False,0.0
8,13,"greater_than_or_equal(x[5], mul(x[2],x[7]))",True,"less_than_or_equal(sub(mul(x[2],x[7]),mul(x[0],x[7])),x[5])",0.34730538922155685,67e5c7a497be3e968ea5c2bd6433af6d,0.33532934131736525,True,-0.0119760479041916
8,13,"not_(less_than_or_equal(pdiv(x[7],x[5]),x[2]))",True,"not_(less_than_or_equal(pdiv(x[7],x[2]),x[5]))",0.4131736526946108,6c7e6e07b7b12247ceef424eff5148c5,0.4131736526946108,False,0.0
8,13,"greater_than_or_equal(x[3], mul(x[3],mul(x[5],pdiv(x[0],x[7]))))",True,"greater_than_or_equal(pdiv(pdiv(x[7],x[0]),x[3]), pdiv(x[5],x[3]))",0.3892215568862275,cd566360913cc44b28440b8ae384182b,0.3892215568862275,False,0.0
8,13,"not_(less_than_or_equal(pdiv(x[5],x[2]),add(pdiv(x[5],add(pdiv(x[5],x[7]),sub(pdiv(mul(x[7],mul(x[7],x[0])),x[7]),add(x[5],x[5])))),pdiv(x[2],x[0]))))",False,,,d7a1fd45a8483e484e9c085a324b8062,0.44311377245508987,False,0.0
8,13,"not_(less_than_or_equal(pdiv(x[5],x[5]),add(x[7],add(x[2],x[3]))))",True,"greater_than_or_equal(pdiv(x[5],add(x[7],add(x[3],x[2]))), x[5])",0.38323353293413176,353f039f117164743c185b3208d556eb,0.38323353293413176,False,0.0
8,13,"greater_than_or_equal(pdiv(x[5],x[5]), add(pdiv(pdiv(x[5],x[5]),pdiv(x[5],x[2])),sub(x[7],pdiv(x[5],x[5]))))",True,"less_than_or_equal(sub(mul(x[2],x[7]),mul(x[0],x[7])),pdiv(mul(x[5],x[5]),x[2]))",0.3293413173652695,728ffee2abc77e0846cebcc45c7c0782,0.3293413173652695,False,0.0
8,13,"greater_than_or_equal(x[5], mul(x[7],pdiv(x[5],pdiv(x[5],x[3]))))",True,"not_(less_than_or_equal(pdiv(x[5],x[3]),x[7]))",0.3413173652694611,e691e9faf9d6cf6a1c64f756c672a16e,0.3413173652694611,False,0.0
8,13,"greater_than_or_equal(x[2], sub(sub(x[2],x[7]),mul(x[5],x[5])))",True,"less_than_or_equal(x[2],x[2])",0.35928143712574845,bd082d42dcba8056510101f18394b575,0.35928143712574845,False,0.0
8,13,"greater_than_or_equal(pdiv(x[5],add(x[2],x[2])), add(pdiv(mul(pdiv(mul(x[2],sub(pdiv(x[5],x[7]),mul(add(x[3],x[5]),x[5]))),x[5]),x[3]),x[3]),add(x[7],x[5])))",False,,,f227203c91fb12276885aaddf80cc79e,0.437125748502994,False,0.0
8,13,"not_(greater_than_or_equal(mul(x[7],add(mul(x[5],add(x[5],x[2])),mul(x[7],x[0]))), sub(sub(pdiv(x[5],x[5]),mul(x[7],add(x[7],x[2]))),x[3])))",False,,,06c05fa87524d72fffbb1b7983600a07,0.281437125748503,False,0.0
8,13,"greater_than_or_equal(x[5], mul(x[7],x[3]))",True,"not_(less_than_or_equal(pdiv(x[5],x[3]),x[7]))",0.3413173652694611,e691e9faf9d6cf6a1c64f756c672a16e,0.3413173652694611,False,0.0
8,13,"greater_than_or_equal(pdiv(pdiv(x[5],mul(x[7],add(mul(add(add(x[5],x[2]),x[7]),mul(x[7],add(x[7],x[2]))),x[3]))),add(x[0],x[2])), x[5])",True,"greater_than_or_equal(pdiv(pdiv(x[5],mul(x[7],add(mul(add(add(x[5],x[2]),x[7]),mul(x[7],add(x[7],x[2]))),x[3]))),add(x[0],x[2])), x[5])",0.2694610778443114,c4d7b39cc85203a78e165be631aad742,0.2694610778443114,False,0.0
8,13,"not_(less_than_or_equal(pdiv(x[5],x[7]),add(x[5],x[0])))",True,"not_(greater_than_or_equal(mul(x[7],add(x[5],x[0])), add(x[5],mul(sub(x[5],x[5]),sub(add(x[2],x[2]),sub(x[0],x[7]))))))",0.31137724550898205,2d31849ec72e15892b84954c650503c8,0.31137724550898205,False,0.0
8,13,"greater_than_or_equal(add(x[7],x[0]), x[2])",True,"not_(less_than_or_equal(x[7],sub(x[2],x[0])))",0.4131736526946108,2271b4d9c63c9a01924ea722c2fb8c3c,0.4131736526946108,False,0.0
8,13,"greater_than_or_equal(39.24, x[5])",True,"less_than_or_equal(x[2],x[2])",0.35928143712574845,bd082d42dcba8056510101f18394b575,0.35928143712574845,False,0.0
8,13,"greater_than_or_equal(x[5], sub(30.97,x[2]))",True,not_(x[6]),0.6347305389221557,b4068ba57b63c959651c969331c4b5cd,0.6407185628742516,True,0.005988023952095856
8,13,"less_than_or_equal(x[3],x[5])",True,"less_than_or_equal(mul(sub(x[7],x[0]),pdiv(x[7],25.93)),pdiv(x[7],sub(mul(x[3],x[5]),mul(x[3],x[3]))))",0.5089820359281437,8ad7ccd0e2bcf51cfea619f1321f2792,0.5089820359281437,False,0.0
8,13,"not_(less_than_or_equal(pdiv(x[0],x[7]),add(x[3],x[3])))",True,"greater_than_or_equal(sub(pdiv(x[0],x[7]),x[3]), x[3])",0.5508982035928144,0c3ac2ec9a1a744b1278ca38acaca85b,0.5568862275449102,True,0.005988023952095856
8,13,"not_(less_than_or_equal(pdiv(x[3],42.59),add(x[2],x[3])))",True,not_(x[6]),0.6347305389221557,b4068ba57b63c959651c969331c4b5cd,0.6407185628742516,True,0.005988023952095856
8,13,"less_than_or_equal(add(mul(x[7],pdiv(x[5],x[5])),x[3]),add(sub(x[7],pdiv(x[5],69.44)),mul(add(x[2],x[5]),x[2])))",True,"greater_than_or_equal(x[2], pdiv(x[3],mul(add(x[5],x[2]),add(sub(x[7],x[7]),pdiv(x[5],x[5])))))",0.6766467065868264,04ac80f69ede9037f35cefcb07a46d83,0.6766467065868264,False,0.0
8,13,"not_(less_than_or_equal(pdiv(x[3],sub(x[5],add(x[2],x[5]))),mul(x[7],add(x[5],add(x[5],x[2])))))",True,"greater_than_or_equal(x[5], mul(x[7],add(x[2],pdiv(x[5],mul(x[5],add(pdiv(x[2],30.95),mul(x[0],x[7])))))))",0.6287425149700598,d8b77ebf09c26693d0a9da97b46289d2,0.6227544910179641,True,-0.0059880239520957446
8,13,"not_(less_than_or_equal(pdiv(x[5],x[7]),add(x[5],mul(x[5],add(x[7],pdiv(x[3],x[3]))))))",False,,,7e14a6d767ce1f7a1f7500dd49bf2e2c,0.29940119760479045,False,0.0
8,13,"greater_than_or_equal(pdiv(x[5],x[0]), x[3])",True,"greater_than_or_equal(add(pdiv(x[3],x[3]),sub(x[5],x[3])), mul(pdiv(x[0],x[5]),mul(x[3],x[3])))",0.3413173652694611,20549abca100b155319252a5e0d92179,0.33532934131736525,True,-0.005988023952095856
8,13,"less_than_or_equal(mul(sub(x[7],x[3]),mul(add(add(add(add(x[2],x[3]),x[5]),x[5]),add(mul(x[3],pdiv(add(x[2],x[7]),x[2])),x[3])),x[7])),add(x[5],x[2]))",False,,,bc1c6cc566f467c18c366c8324852203,0.3293413173652695,False,0.0
8,13,"greater_than_or_equal(x[5], mul(x[7],x[3]))",True,"not_(less_than_or_equal(pdiv(x[5],x[3]),x[7]))",0.3413173652694611,e691e9faf9d6cf6a1c64f756c672a16e,0.3413173652694611,False,0.0
8,13,"greater_than_or_equal(x[5], mul(mul(x[3],mul(x[7],sub(sub(sub(x[3],add(pdiv(add(x[3],pdiv(pdiv(x[0],x[5]),add(pdiv(x[5],x[7]),sub(pdiv(x[0],sub(mul(x[3],x[0]),x[2])),x[0])))),x[5]),x[5])),add(pdiv(x[5],add(pdiv(x[5],x[2]),x[3])),mul(x[7],pdiv(x[5],x[5])))),x[5]))),mul(x[5],x[5])))",False,,,32fd8f5852fbead95a8be35b654cf43c,0.34730538922155685,False,0.0
8,13,"greater_than_or_equal(pdiv(sub(pdiv(add(x[2],x[2]),add(x[2],x[0])),x[7]),x[7]), add(sub(x[7],sub(mul(x[7],x[0]),sub(pdiv(x[5],x[7]),x[7]))),x[7]))",False,,,724bfdd13bc074d7527a226917b716a1,0.33532934131736525,False,0.0
8,13,"greater_than_or_equal(24.42, add(sub(x[7],x[7]),pdiv(add(add(add(sub(x[0],mul(x[7],x[2])),sub(pdiv(x[5],x[5]),x[3])),x[7]),x[3]),x[7])))",True,"less_than_or_equal(sub(sub(x[3],x[5]),pdiv(x[7],mul(add(sub(x[7],x[7]),pdiv(x[5],x[2])),x[7]))),x[0])",0.3892215568862275,5918517f5c7939fc875812594d344b06,0.3892215568862275,False,0.0
8,13,"less_than_or_equal(mul(mul(x[7],add(x[7],add(x[7],x[2]))),pdiv(sub(sub(add(mul(x[0],x[5]),x[7]),pdiv(x[5],x[5])),x[5]),x[2])),add(sub(x[7],x[7]),pdiv(x[5],x[5])))",True,"greater_than_or_equal(pdiv(pdiv(93.09,add(x[0],x[2])),x[3]), mul(add(x[3],x[5]),x[5]))",0.3652694610778443,6bb8d5060871277e9a414636c648605b,0.3652694610778443,False,0.0
8,13,"less_than_or_equal(mul(mul(x[7],mul(pdiv(x[5],x[5]),sub(x[3],x[2]))),sub(x[2],mul(x[2],mul(x[3],x[5])))),pdiv(x[3],x[3]))",True,"less_than_or_equal(x[2],x[2])",0.35928143712574845,bd082d42dcba8056510101f18394b575,0.35928143712574845,False,0.0
8,13,"greater_than_or_equal(x[5], mul(x[7],mul(add(sub(x[7],x[7]),x[7]),add(sub(x[7],mul(mul(x[7],pdiv(x[5],x[3])),x[7])),add(x[5],x[2])))))",False,,,101682faf9708e989e6d9a9533ba3478,0.3053892215568862,False,0.0
8,13,"not_(less_than_or_equal(pdiv(x[3],x[2]),x[5]))",True,"greater_than_or_equal(x[3], mul(x[5],mul(x[2],x[5])))",0.32335329341317365,00a4693f1ebff735d05805e6ce2aec46,0.3413173652694611,True,0.017964071856287456
8,13,"greater_than_or_equal(pdiv(x[2],add(x[7],x[7])), pdiv(x[3],x[5]))",True,"less_than_or_equal(mul(add(x[7],x[7]),pdiv(x[3],x[5])),x[2])",0.5808383233532934,f41a3fc5417270edbca71b97fe560f24,0.5808383233532934,False,0.0
8,13,"less_than_or_equal(add(mul(x[7],pdiv(x[5],x[5])),x[2]),add(sub(x[7],x[7]),pdiv(69.44,sub(x[3],x[3]))))",True,"less_than_or_equal(add(mul(x[7],pdiv(x[5],x[5])),x[2]),add(sub(x[7],x[7]),pdiv(69.44,sub(x[3],x[3]))))",0.19161676646706582,14c6e007ad625f3839f568e9ee8a86e1,0.1428571428571429,True,-0.04875962360992292
8,14,"not_(less_than_or_equal(pdiv(x[5],x[5]),add(x[5],mul(sub(x[2],x[2]),add(x[7],x[0])))))",True,"not_(less_than_or_equal(pdiv(x[5],x[5]),x[5]))",0.31137724550898205,774eb80249c37c32f486ae194a31e639,0.31137724550898205,False,0.0
8,14,"not_(less_than_or_equal(pdiv(x[5],x[0]),add(x[7],x[7])))",False,,,32c34062dce7239fd4a1b77d536d06a6,0.3413173652694611,False,0.0
8,14,"not_(less_than_or_equal(pdiv(x[5],x[5]),x[5]))",True,"not_(less_than_or_equal(pdiv(x[5],x[5]),x[5]))",0.31137724550898205,774eb80249c37c32f486ae194a31e639,0.31137724550898205,False,0.0
8,14,"greater_than_or_equal(x[5], mul(x[7],add(pdiv(x[7],sub(x[3],sub(pdiv(x[3],mul(x[7],add(x[5],x[2]))),add(x[7],x[0])))),x[2])))",False,,,e848cce6304c19c6915efc46f1520ef9,0.32335329341317365,False,0.0
8,14,"greater_than_or_equal(pdiv(55.97,x[2]), add(pdiv(mul(x[7],add(sub(sub(x[7],pdiv(x[5],x[5])),x[5]),x[2])),add(sub(x[7],x[7]),pdiv(x[5],x[5]))),mul(mul(x[5],x[7]),pdiv(x[7],x[3]))))",True,"not_(less_than_or_equal(pdiv(x[3],x[5]),add(pdiv(x[2],30.95),mul(x[0],x[3]))))",0.34730538922155685,4ac8a53c24397a99907b64c745d162c5,0.3413173652694611,True,-0.0059880239520957446
8,14,"not_(greater_than_or_equal(mul(x[3],add(mul(x[5],add(x[5],x[2])),mul(x[7],x[0]))), sub(sub(pdiv(x[5],x[5]),mul(x[5],add(x[7],x[2]))),x[3])))",False,,,ca7716424e846156f9a06353b98177a0,0.4131736526946108,False,0.0
8,14,"less_than_or_equal(mul(mul(x[7],mul(pdiv(x[5],x[5]),sub(x[3],x[2]))),sub(x[2],mul(pdiv(add(mul(x[3],x[5]),pdiv(x[5],x[5])),add(x[2],x[5])),x[5]))),add(x[5],x[2]))",True,"less_than_or_equal(x[2],x[2])",0.35928143712574845,bd082d42dcba8056510101f18394b575,0.35928143712574845,False,0.0
8,14,"greater_than_or_equal(add(pdiv(x[5],x[5]),add(x[5],x[0])), mul(sub(pdiv(x[7],add(x[2],x[5])),x[5]),add(x[2],x[2])))",True,"greater_than_or_equal(x[5], sub(x[7],pdiv(x[5],pdiv(add(x[2],x[2]),mul(add(pdiv(pdiv(x[5],x[5]),x[5]),add(pdiv(x[2],x[0]),pdiv(add(x[5],mul(x[2],x[3])),pdiv(x[5],x[3])))),x[2])))))",0.33532934131736525,186bd8c50b363cd7d1a49ca5ad2acce1,0.3413173652694611,True,0.005988023952095856
8,14,"less_than_or_equal(add(x[2],mul(x[7],mul(mul(x[3],mul(add(x[7],x[5]),x[2])),add(88.63,sub(mul(x[7],pdiv(pdiv(pdiv(x[7],x[5]),x[3]),x[5])),add(x[2],x[2])))))),x[5])",False,,,b53cc09af6caa943e3149c0a05389fb9,0.5508982035928144,False,0.0
8,14,"not_(greater_than_or_equal(mul(mul(x[5],add(x[3],add(sub(x[3],x[7]),x[5]))),add(sub(x[7],x[3]),x[7])), sub(x[3],x[7])))",False,,,b412620b250e673533a8464e1d09c984,0.33532934131736525,False,0.0
8,14,"greater_than_or_equal(pdiv(x[5],x[3]), x[7])",True,"not_(less_than_or_equal(pdiv(x[5],x[3]),x[7]))",0.3413173652694611,e691e9faf9d6cf6a1c64f756c672a16e,0.3413173652694611,False,0.0
8,14,"greater_than_or_equal(pdiv(x[5],x[2]), x[5])",True,"not_(greater_than_or_equal(mul(x[7],x[2]), x[7]))",0.34730538922155685,f69cf4961d82af0c72c0014d2a401904,0.34730538922155685,False,0.0
8,14,"greater_than_or_equal(sub(pdiv(x[5],x[7]),mul(mul(mul(pdiv(add(x[5],sub(x[2],pdiv(x[5],x[3]))),add(x[5],x[2])),x[3]),mul(sub(pdiv(add(x[7],x[2]),x[3]),x[5]),x[5])),add(x[2],x[5]))), x[5])",False,,,081ee62411b097a514c6b99abe0c9dec,0.32335329341317365,False,0.0
8,14,"not_(less_than_or_equal(add(x[5],x[2]),x[5]))",True,"less_than_or_equal(pdiv(sub(x[0],x[0]),sub(x[0],x[2])),x[0])",0.38323353293413176,d0734af37aab8e9b6c733bcf8f431f61,0.38323353293413176,False,0.0
8,14,"less_than_or_equal(mul(mul(x[7],mul(pdiv(x[5],x[3]),mul(add(x[7],x[2]),pdiv(sub(x[7],mul(x[0],x[5])),x[7])))),pdiv(x[5],x[5])),mul(x[5],add(19.01,x[5])))",True,"less_than_or_equal(mul(sub(x[7],x[0]),pdiv(x[7],x[3])),mul(pdiv(x[3],x[0]),add(add(mul(x[0],sub(sub(x[2],x[5]),x[0])),x[2]),add(pdiv(add(x[5],x[7]),x[3]),mul(sub(x[3],x[0]),add(x[7],x[5]))))))",0.34730538922155685,c53d587e815bb7edf4955f1c3a6e811c,0.34730538922155685,False,0.0
8,14,"greater_than_or_equal(pdiv(x[3],x[7]), mul(add(sub(x[2],54.74),add(pdiv(x[5],x[5]),add(add(pdiv(x[7],add(mul(x[3],x[7]),add(x[5],mul(x[2],x[5])))),x[5]),pdiv(x[5],x[5])))),add(x[5],x[2])))",True,"less_than_or_equal(x[2],x[2])",0.35928143712574845,bd082d42dcba8056510101f18394b575,0.35928143712574845,False,0.0
8,14,"greater_than_or_equal(x[5], mul(x[5],mul(x[5],add(x[2],x[5]))))",True,"not_(greater_than_or_equal(mul(x[5],add(x[5],x[2])), add(sub(x[7],x[7]),pdiv(x[5],x[5]))))",0.27544910179640714,66d1f1f84d146fdd572ef7ee95562584,0.27544910179640714,False,0.0
8,14,"greater_than_or_equal(pdiv(x[5],add(x[5],add(pdiv(pdiv(x[3],x[5]),x[5]),x[5]))), x[5])",True,"greater_than_or_equal(add(mul(x[3],x[3]),sub(x[5],sub(x[2],mul(x[0],x[2])))), add(pdiv(sub(x[5],x[7]),x[3]),46.96))",0.6347305389221557,1497c3bff9b55e63061c88de49f56f45,0.6287425149700598,True,-0.005988023952095856
8,14,"greater_than_or_equal(pdiv(x[7],x[7]), add(x[5],x[0]))",True,"not_(less_than_or_equal(pdiv(x[5],x[5]),add(x[5],x[0])))",0.3053892215568862,00c19a3fd72854100569949b11521f0b,0.3053892215568862,False,0.0
8,14,"greater_than_or_equal(24.47, add(mul(x[2],x[7]),add(x[5],x[5])))",True,"less_than_or_equal(x[2],x[2])",0.35928143712574845,bd082d42dcba8056510101f18394b575,0.35928143712574845,False,0.0
8,14,"greater_than_or_equal(sub(add(mul(x[7],add(x[5],mul(x[7],add(x[2],x[7])))),x[2]),add(x[2],x[3])), add(pdiv(x[3],pdiv(x[7],add(x[2],x[7]))),pdiv(x[3],x[7])))",True,"less_than_or_equal(add(add(x[7],x[5]),sub(x[2],x[0])),add(mul(x[2],add(sub(x[7],x[7]),mul(x[5],x[5]))),mul(mul(x[5],x[7]),pdiv(x[7],x[3]))))",0.6646706586826348,a2ce5e47fa2df1cb4307a3d0d9758eb6,0.6586826347305389,True,-0.005988023952095856
8,14,"not_(greater_than_or_equal(x[7], add(mul(x[3],x[7]),add(mul(mul(x[5],add(sub(x[7],sub(x[5],mul(x[5],x[5]))),add(x[5],x[2]))),mul(x[7],pdiv(mul(x[5],x[5]),x[5]))),x[5]))))",False,,,bd89452e8d700631954ed8896dc5d45e,0.3173652694610778,False,0.0
8,14,"greater_than_or_equal(x[5], mul(61.60,sub(x[0],mul(x[5],x[5]))))",True,"greater_than_or_equal(add(pdiv(x[3],69.14),x[5]), pdiv(x[0],x[5]))",0.4131736526946108,785faa5ff1d03ecbf2b21099b68e5b9d,0.40718562874251496,True,-0.005988023952095856
8,14,"greater_than_or_equal(x[5], mul(x[7],add(mul(x[7],x[7]),add(x[2],x[2]))))",False,,,ae7ff5193a8a0ebf846f36ddb3e6b106,0.23353293413173648,False,0.0
8,14,"not_(and_(and_(not_(x[6]),greater_than_or_equal(x[5], add(x[5],x[2]))),less_than_or_equal(x[3],mul(x[2],x[2]))))",True,"less_than_or_equal(x[2],x[2])",0.35928143712574845,bd082d42dcba8056510101f18394b575,0.35928143712574845,False,0.0
8,14,"greater_than_or_equal(pdiv(x[5],x[7]), pdiv(x[5],x[7]))",True,"less_than_or_equal(x[2],x[2])",0.35928143712574845,bd082d42dcba8056510101f18394b575,0.35928143712574845,False,0.0
8,14,"greater_than_or_equal(x[5], x[2])",True,"not_(not_(less_than_or_equal(x[2],x[5])))",0.34730538922155685,4af53f79d9ad2ffac455113b88a02dd4,0.34730538922155685,False,0.0
8,14,"greater_than_or_equal(sub(pdiv(mul(x[7],add(x[5],x[5])),x[3]),x[3]), add(x[7],x[5]))",False,,,102094e3bee8bb700d0943112a95e7e1,0.6407185628742516,False,0.0
8,14,"greater_than_or_equal(x[5], mul(x[7],add(x[0],add(x[2],mul(x[2],x[5])))))",False,,,8d2363cca5ad2b9063d4092ecb022434,0.26347305389221554,False,0.0
8,14,"greater_than_or_equal(x[5], mul(x[7],mul(add(pdiv(x[7],x[7]),x[7]),add(sub(x[7],mul(mul(x[7],pdiv(x[5],x[3])),x[0])),x[2]))))",False,,,ab97e40769a0ca02c1a30541bc4b2387,0.281437125748503,False,0.0
8,14,"greater_than_or_equal(pdiv(x[5],add(x[5],x[0])), mul(x[2],x[0]))",True,"not_(less_than_or_equal(pdiv(x[5],x[0]),x[0]))",0.35928143712574845,5372ceb8b23ce5e1dd3bf5c2fc3a57aa,0.3532934131736527,True,-0.0059880239520957446
8,14,"greater_than_or_equal(pdiv(pdiv(add(mul(sub(pdiv(add(x[2],x[2]),x[2]),x[5]),add(x[2],x[5])),x[7]),pdiv(x[5],x[5])),x[5]), x[2])",True,"less_than_or_equal(x[2],x[2])",0.35928143712574845,bd082d42dcba8056510101f18394b575,0.35928143712574845,False,0.0
8,14,"greater_than_or_equal(x[5], mul(x[7],add(x[0],add(x[5],x[2]))))",True,"not_(less_than_or_equal(pdiv(x[5],add(add(pdiv(x[5],pdiv(x[2],x[2])),x[2]),x[0])),x[7]))",0.23353293413173648,0642bf057766d8c0e7cf90681e6afb02,0.23353293413173648,False,0.0
8,14,"greater_than_or_equal(x[5], mul(x[7],mul(add(sub(x[2],x[7]),add(x[2],x[5])),add(add(x[5],x[0]),mul(x[3],x[7])))))",False,,,ac95a2d79659f4913690bd5600a676bd,0.26347305389221554,False,0.0
8,14,"greater_than_or_equal(pdiv(x[5],x[5]), add(x[0],74.39))",True,not_(x[6]),0.6347305389221557,b4068ba57b63c959651c969331c4b5cd,0.6407185628742516,True,0.005988023952095856
8,14,"greater_than_or_equal(pdiv(x[2],x[7]), x[7])",False,,,f5fbe2c5b15f51bb96dad73a88ff6bb4,0.38323353293413176,False,0.0
8,14,"greater_than_or_equal(sub(pdiv(x[5],mul(pdiv(add(x[5],x[0]),mul(add(pdiv(x[7],add(x[5],x[2])),mul(sub(x[7],sub(x[5],mul(x[5],x[5]))),add(pdiv(x[5],x[2]),x[2]))),x[7])),x[5])),x[0]), x[7])",False,,,484d2e05b9a55fdf3edadbcc303261eb,0.6107784431137724,False,0.0
8,14,"not_(less_than_or_equal(pdiv(x[3],mul(pdiv(x[5],add(x[2],x[3])),x[5])),x[5]))",False,,,c6ef362d6ebacf7e35e45b7e2234b2ae,0.43113772455089816,False,0.0
8,14,"greater_than_or_equal(pdiv(add(x[2],x[7]),pdiv(x[3],x[7])), x[3])",False,,,d47452ce354a8a610bf0702e4df80651,0.6586826347305389,False,0.0
8,14,"greater_than_or_equal(pdiv(x[5],add(x[2],x[2])), x[2])",True,"greater_than_or_equal(pdiv(x[5],pdiv(add(x[2],x[5]),x[5])), mul(x[5],x[2]))",0.28742514970059885,0803226314985e684579b7ad7da3df72,0.3053892215568862,True,0.017964071856287345
8,14,"greater_than_or_equal(x[5], mul(x[7],add(sub(x[7],sub(x[3],sub(pdiv(x[3],x[5]),x[5]))),x[5])))",False,,,3007894914092ddac1a0ed4607e39a2a,0.41916167664670656,False,0.0
8,14,"greater_than_or_equal(pdiv(x[5],x[5]), add(x[7],x[2]))",True,"less_than_or_equal(add(mul(x[7],pdiv(x[5],x[5])),x[2]),add(sub(x[7],x[7]),pdiv(69.44,sub(x[3],x[3]))))",0.19161676646706582,14c6e007ad625f3839f568e9ee8a86e1,0.19161676646706582,False,0.0
8,14,"less_than_or_equal(add(x[5],mul(x[7],mul(x[5],mul(mul(add(x[7],x[5]),x[2]),add(05.63,sub(mul(x[5],mul(mul(x[5],add(07.92,x[0])),x[5])),add(sub(x[7],pdiv(add(x[7],x[7]),mul(pdiv(add(x[2],x[7]),pdiv(x[3],x[2])),x[3]))),x[5]))))))),x[5])",True,"greater_than_or_equal(pdiv(mul(x[5],x[2]),pdiv(x[2],x[5])), add(sub(x[7],x[7]),add(x[5],x[0])))",0.6107784431137724,ec48eb4aba9f475884bcf9e8f28adadc,0.6107784431137724,False,0.0
8,14,"greater_than_or_equal(pdiv(x[5],add(add(pdiv(x[5],mul(sub(x[5],mul(x[7],add(x[7],x[7]))),pdiv(x[5],add(x[2],x[5])))),x[7]),pdiv(x[5],x[5]))), x[5])",False,,,0f61111ee5fac3383f6d8b92b27a124d,0.6706586826347305,False,0.0
8,14,"not_(greater_than_or_equal(mul(x[7],mul(mul(x[7],x[2]),pdiv(x[7],add(x[5],x[5])))), add(sub(x[7],sub(x[5],mul(x[5],x[5]))),add(99.29,add(pdiv(mul(x[5],x[5]),x[0]),sub(sub(x[2],x[0]),mul(x[5],x[5])))))))",True,"less_than_or_equal(x[2],x[2])",0.35928143712574845,bd082d42dcba8056510101f18394b575,0.35928143712574845,False,0.0
8,14,"greater_than_or_equal(sub(pdiv(x[5],x[5]),x[5]), add(x[7],mul(add(mul(x[7],x[7]),x[7]),add(sub(x[7],sub(mul(x[7],x[0]),sub(pdiv(x[2],x[7]),x[5]))),pdiv(x[2],x[7])))))",False,,,da1da287ebcadcb49644987262c1501e,0.4850299401197605,False,0.0
8,14,"greater_than_or_equal(pdiv(x[2],x[5]), x[5])",True,"not_(less_than_or_equal(pdiv(x[2],x[5]),x[5]))",0.5688622754491017,379e3fd86c4786507474cde0c666a1a3,0.5688622754491017,False,0.0
8,14,"less_than_or_equal(mul(add(x[2],add(x[7],x[7])),x[2]),x[0])",False,,,b1033e10bdd25a082b4e8186e8fd63cc,0.47904191616766467,False,0.0
8,14,"greater_than_or_equal(x[5], mul(x[5],mul(sub(x[7],x[3]),mul(add(add(sub(add(x[2],add(x[2],x[5])),x[5]),add(x[2],x[2])),55.91),x[3]))))",False,,,c6e8aea938238a404a695ecb7aeacc10,0.29940119760479045,False,0.0
8,14,"greater_than_or_equal(x[3], add(x[0],x[2]))",False,,,7aadbf333aca5447f9e3315917a13b3f,0.38323353293413176,False,0.0
8,14,"not_(less_than_or_equal(pdiv(x[5],mul(pdiv(add(x[5],add(sub(add(mul(x[5],x[2]),x[5]),mul(x[7],add(x[7],x[2]))),x[3])),x[5]),x[5])),add(x[2],x[5])))",False,,,2247b0a5270625030c9a74516ba70608,0.6287425149700598,False,0.0
8,14,"greater_than_or_equal(sub(pdiv(x[5],x[7]),mul(mul(x[5],pdiv(x[5],pdiv(mul(x[2],x[5]),mul(x[7],add(x[7],x[2]))))),x[3])), x[5])",False,,,509db47da9d0249160013cfb73faf32e,0.29940119760479045,False,0.0
8,14,"not_(greater_than_or_equal(x[2], x[5]))",True,"not_(not_(less_than_or_equal(x[2],x[5])))",0.34730538922155685,4af53f79d9ad2ffac455113b88a02dd4,0.34730538922155685,False,0.0
8,14,"greater_than_or_equal(add(pdiv(x[3],x[2]),x[5]), x[5])",True,"less_than_or_equal(x[2],x[2])",0.35928143712574845,bd082d42dcba8056510101f18394b575,0.35928143712574845,False,0.0
8,14,"greater_than_or_equal(pdiv(x[5],x[5]), add(x[7],mul(x[3],x[7])))",True,"greater_than_or_equal(sub(pdiv(x[5],x[7]),mul(add(mul(pdiv(add(x[5],sub(x[2],add(x[5],x[2]))),x[5]),mul(x[7],add(x[7],x[2]))),x[3]),x[5])), x[5])",0.2694610778443114,9022f1cd2d01e29089d46d7d7fad78c5,0.2694610778443114,False,0.0
8,14,"greater_than_or_equal(x[2], mul(x[5],x[5]))",True,"not_(less_than_or_equal(pdiv(x[2],x[5]),x[5]))",0.5688622754491017,379e3fd86c4786507474cde0c666a1a3,0.5688622754491017,False,0.0
8,14,"greater_than_or_equal(x[3], x[5])",True,"less_than_or_equal(x[5],x[3])",0.5089820359281437,1d4d287fbe015bbb313f097e26f5bc37,0.5089820359281437,False,0.0
8,14,"greater_than_or_equal(add(pdiv(x[3],x[7]),sub(x[5],add(x[3],x[0]))), sub(pdiv(x[7],add(x[5],x[5])),add(sub(x[7],x[0]),pdiv(add(pdiv(x[7],add(x[5],x[2])),mul(sub(x[7],sub(x[5],mul(x[5],x[5]))),add(add(x[5],sub(x[3],x[7])),pdiv(x[3],pdiv(x[5],x[3]))))),x[2]))))",False,,,74f8248f50f984913be2811137cb773c,0.3532934131736527,False,0.0
8,14,"not_(greater_than_or_equal(x[7], add(mul(x[3],x[7]),add(pdiv(mul(mul(x[5],add(x[7],x[2])),x[5]),x[5]),add(x[7],x[3])))))",True,"less_than_or_equal(x[2],x[2])",0.35928143712574845,bd082d42dcba8056510101f18394b575,0.35928143712574845,False,0.0
8,14,"greater_than_or_equal(pdiv(x[7],19.01), add(pdiv(mul(x[5],x[5]),add(x[5],x[2])),mul(x[7],pdiv(mul(x[5],x[5]),x[0]))))",True,"greater_than_or_equal(sub(pdiv(x[0],mul(x[7],x[0])),x[2]), add(pdiv(x[5],pdiv(x[2],45.94)),x[7]))",0.6347305389221557,7c9297f6a16b0fdd01811c2278eab4ec,0.652694610778443,True,0.017964071856287345
8,14,"greater_than_or_equal(x[5], mul(x[7],mul(add(sub(x[2],x[7]),add(x[5],x[7])),x[5])))",True,"not_(greater_than_or_equal(mul(x[7],add(x[5],x[2])), add(sub(x[7],x[7]),pdiv(x[5],x[5]))))",0.2934131736526946,0626717d313f6c0bc6513f2ca4ff096e,0.2934131736526946,False,0.0
8,14,"not_(less_than_or_equal(add(pdiv(pdiv(x[5],x[5]),add(x[2],x[5])),mul(x[5],pdiv(pdiv(x[3],x[2]),pdiv(add(x[5],mul(x[0],x[2])),add(57.74,add(add(add(sub(x[7],sub(x[3],mul(x[5],x[7]))),add(x[2],x[7])),x[2]),add(x[2],x[3]))))))),add(pdiv(x[3],pdiv(x[7],add(x[2],x[7]))),pdiv(x[3],x[7]))))",True,"less_than_or_equal(x[2],x[2])",0.35928143712574845,bd082d42dcba8056510101f18394b575,0.35928143712574845,False,0.0
8,14,"greater_than_or_equal(x[5], mul(x[7],add(x[5],mul(add(mul(x[5],add(x[5],x[2])),mul(x[2],x[0])),sub(pdiv(x[5],x[7]),x[3])))))",False,,,9b59456f1f5c5ac68cc3afcdcbabfc24,0.23952095808383234,False,0.0
8,14,"not_(less_than_or_equal(pdiv(x[5],x[5]),add(x[2],add(x[2],x[3]))))",False,,,8d48a8a308367a4669f562077e530f0e,0.33532934131736525,False,0.0
8,14,"greater_than_or_equal(pdiv(sub(pdiv(add(x[2],x[2]),add(x[2],x[0])),x[7]),x[7]), add(sub(x[7],sub(x[7],x[5])),add(x[2],x[5])))",True,"greater_than_or_equal(pdiv(sub(pdiv(add(x[2],x[2]),add(x[2],x[0])),x[7]),x[7]), add(sub(x[7],sub(x[7],x[5])),add(x[2],x[5])))",0.2934131736526946,ced30705d336508e0a9492c071bd598d,0.2934131736526946,False,0.0
8,14,"not_(less_than_or_equal(pdiv(x[5],sub(pdiv(add(mul(sub(x[7],x[7]),add(95.94,x[0])),x[2]),pdiv(x[2],x[3])),add(pdiv(x[3],pdiv(x[7],add(x[2],x[7]))),pdiv(x[3],x[7])))),x[3]))",True,not_(x[6]),0.6347305389221557,b4068ba57b63c959651c969331c4b5cd,0.6347305389221557,False,0.0
8,14,"greater_than_or_equal(x[5], mul(x[7],mul(add(sub(x[2],x[7]),add(x[5],x[5])),add(sub(x[7],sub(x[3],mul(96.04,sub(x[7],x[2])))),x[2]))))",False,,,d27ef397a3cabe3fb80bf051d152402e,0.5149700598802396,False,0.0
8,14,"greater_than_or_equal(pdiv(pdiv(sub(pdiv(x[3],x[0]),x[2]),add(x[5],x[2])),x[5]), x[0])",False,,,336eafbc0759fa4f27669bb243c29637,0.34730538922155685,False,0.0
8,14,"not_(less_than_or_equal(pdiv(x[5],mul(x[7],sub(x[7],x[2]))),x[3]))",False,,,4eeb531f68c87f94d7bb3cf9422fd4da,0.4610778443113772,False,0.0
8,14,"greater_than_or_equal(pdiv(x[5],x[7]), add(x[5],x[5]))",True,"greater_than_or_equal(x[5], mul(x[7],add(x[5],x[5])))",0.2455089820359282,9545aae94dd0fcb8b281ddfedf2da4e6,0.2455089820359282,False,0.0
8,14,"less_than_or_equal(mul(mul(x[2],x[5]),x[5]),add(x[2],pdiv(x[3],add(add(x[2],x[7]),add(x[7],add(x[3],x[2]))))))",True,"less_than_or_equal(x[2],x[2])",0.35928143712574845,bd082d42dcba8056510101f18394b575,0.35928143712574845,False,0.0
8,14,"not_(less_than_or_equal(pdiv(x[5],x[5]),mul(09.39,x[5])))",False,,,4e1d2220ae2e523056a3c45ef98941c1,0.6766467065868264,False,0.0
8,14,"greater_than_or_equal(pdiv(x[7],x[5]), mul(add(add(x[0],mul(x[5],add(x[2],x[7]))),add(x[5],x[5])),x[3]))",False,,,c6075d994a3c18b19c4b06d0076acb42,0.5449101796407185,False,0.0
8,14,"not_(less_than_or_equal(pdiv(pdiv(pdiv(x[2],x[2]),x[5]),add(x[2],x[2])),mul(x[5],x[3])))",True,"less_than_or_equal(x[2],x[2])",0.35928143712574845,bd082d42dcba8056510101f18394b575,0.35928143712574845,False,0.0
8,14,"greater_than_or_equal(x[2], pdiv(pdiv(x[5],x[7]),add(x[5],mul(x[5],x[5]))))",False,,,22cc99c8549aa103167533feee652bb3,0.6706586826347305,False,0.0
8,14,"not_(greater_than_or_equal(mul(pdiv(mul(add(mul(x[5],add(x[5],x[2])),mul(x[2],x[0])),sub(pdiv(x[5],x[7]),x[5])),mul(x[5],x[5])),add(x[2],x[7])), add(mul(x[3],x[7]),add(x[5],x[2]))))",False,,,8c882111bcee6ea1bad3b0a273553a05,0.5988023952095809,False,0.0
8,14,"not_(less_than_or_equal(pdiv(x[0],x[7]),add(x[3],x[7])))",False,,,d4c16e0d81124489bcf0d4caa921fcd8,0.5029940119760479,False,0.0
8,14,"not_(greater_than_or_equal(x[5], add(x[7],x[2])))",True,"not_(less_than_or_equal(pdiv(x[7],pdiv(x[5],pdiv(add(x[2],x[5]),x[5]))),x[5]))",0.5508982035928144,cbce40b0a97fa22123e726dc7d433003,0.6107784431137724,True,0.059880239520958
8,14,"greater_than_or_equal(pdiv(x[7],pdiv(x[5],x[7])), add(x[7],add(x[7],x[0])))",False,,,a284cf80a276d3389075f5b499dcc7dc,0.6706586826347305,False,0.0
8,14,"less_than_or_equal(add(add(x[7],x[2]),add(x[2],x[3])),add(pdiv(x[5],pdiv(x[5],x[5])),add(pdiv(add(x[0],mul(x[5],x[5])),sub(pdiv(x[5],x[5]),add(x[2],x[3]))),add(x[2],x[2]))))",False,,,603fc9f1f853e6e1627f557468e54bc0,0.29940119760479045,False,0.0
8,14,"greater_than_or_equal(sub(x[5],x[5]), x[3])",True,not_(x[6]),0.6347305389221557,b4068ba57b63c959651c969331c4b5cd,0.6347305389221557,False,0.0
8,14,"greater_than_or_equal(sub(pdiv(x[5],x[7]),mul(add(pdiv(x[5],x[3]),mul(add(x[7],x[2]),pdiv(sub(x[7],mul(x[0],pdiv(pdiv(x[7],pdiv(x[5],x[5])),mul(x[5],add(x[2],x[5]))))),x[5]))),pdiv(x[5],x[5]))), add(x[5],x[2]))",False,,,16a637abd06345f62a3187db3d43d3be,0.43113772455089816,False,0.0
8,14,"less_than_or_equal(pdiv(x[5],x[5]),add(x[2],x[2]))",True,"not_(less_than_or_equal(mul(x[5],add(x[2],x[2])),x[5]))",0.7485029940119761,125b0491de6ec7303e916bac5db1c9df,0.7485029940119761,False,0.0
8,14,"greater_than_or_equal(pdiv(x[5],x[5]), add(x[2],x[2]))",True,"not_(less_than_or_equal(pdiv(x[5],x[5]),add(x[2],x[2])))",0.25149700598802394,b1dd33075a09479c47bb17a355eef7af,0.25149700598802394,False,0.0
8,14,"greater_than_or_equal(x[5], mul(mul(mul(add(pdiv(x[5],x[5]),x[3]),x[2]),x[2]),add(x[2],x[0])))",False,,,2ca4fa8d316266758b729b0e9823cf7e,0.31137724550898205,False,0.0
8,14,"not_(less_than_or_equal(pdiv(x[5],x[5]),add(pdiv(x[3],x[3]),add(x[7],x[5]))))",True,not_(x[6]),0.6347305389221557,b4068ba57b63c959651c969331c4b5cd,0.6407185628742516,True,0.005988023952095856
8,14,"greater_than_or_equal(x[5], mul(x[7],add(x[2],x[0])))",True,"greater_than_or_equal(sub(pdiv(x[5],x[7]),x[2]), x[0])",0.32335329341317365,608e3fd5b4f48ec5fb45edbea2ae1556,0.32335329341317365,False,0.0
8,14,"greater_than_or_equal(x[5], mul(x[7],add(mul(x[7],add(mul(x[7],add(add(mul(x[5],x[3]),x[2]),x[2])),add(x[2],x[0]))),x[7])))",False,,,c473f7825f5573131c6020ace6408bfe,0.22754491017964074,False,0.0
8,14,"greater_than_or_equal(add(pdiv(x[5],x[5]),add(x[5],x[0])), mul(add(pdiv(79.30,x[2]),x[5]),x[5]))",True,"greater_than_or_equal(pdiv(mul(x[5],x[2]),pdiv(x[2],x[5])), add(sub(x[7],x[7]),add(x[5],x[0])))",0.6107784431137724,ec48eb4aba9f475884bcf9e8f28adadc,0.6107784431137724,False,0.0
8,14,"greater_than_or_equal(sub(pdiv(x[5],x[7]),x[2]), mul(pdiv(add(x[5],sub(x[2],add(x[5],x[2]))),x[5]),pdiv(x[5],mul(x[7],add(x[7],x[2])))))",True,"less_than_or_equal(sub(mul(x[2],x[7]),mul(x[0],x[7])),x[5])",0.34730538922155685,67e5c7a497be3e968ea5c2bd6433af6d,0.33532934131736525,True,-0.0119760479041916
8,14,"not_(greater_than_or_equal(mul(x[7],add(mul(x[5],add(x[5],x[2])),sub(x[7],x[7]))), pdiv(99.44,sub(x[3],x[5]))))",True,"less_than_or_equal(add(mul(x[7],pdiv(x[5],x[5])),x[2]),add(sub(x[7],x[7]),pdiv(69.44,sub(x[3],x[5]))))",0.4970059880239521,90cdb3421b6dbba9aaa9e95a1ee24e80,0.4970059880239521,False,0.0
8,14,"less_than_or_equal(add(mul(add(mul(pdiv(x[5],x[5]),x[2]),add(mul(x[2],x[0]),sub(pdiv(x[5],x[7]),x[3]))),x[7]),x[3]),x[7])",False,,,ace862231cf3878b2b2aa45a2123d157,0.6107784431137724,False,0.0
8,14,"not_(less_than_or_equal(pdiv(sub(mul(x[5],add(x[7],x[7])),x[7]),add(x[2],x[2])),sub(x[3],add(pdiv(x[5],add(pdiv(add(x[2],x[5]),x[5]),mul(x[2],x[2]))),x[7]))))",False,,,0ed1873824b05341da299308922ed433,0.4730538922155688,False,0.0
8,14,"greater_than_or_equal(x[5], x[3])",True,"less_than_or_equal(mul(sub(x[7],x[0]),pdiv(x[7],25.93)),pdiv(x[7],sub(mul(x[3],x[5]),mul(x[3],x[3]))))",0.5089820359281437,8ad7ccd0e2bcf51cfea619f1321f2792,0.5089820359281437,False,0.0
8,14,"not_(less_than_or_equal(pdiv(x[5],x[7]),add(mul(x[5],mul(add(x[2],add(x[7],x[7])),x[2])),x[0])))",False,,,c34166b1ef714971a06ab18c261acbde,0.28742514970059885,False,0.0
8,14,"greater_than_or_equal(x[5], x[5])",True,"less_than_or_equal(x[2],x[2])",0.35928143712574845,bd082d42dcba8056510101f18394b575,0.35928143712574845,False,0.0
8,14,"not_(greater_than_or_equal(x[5], add(x[2],x[7])))",True,"not_(less_than_or_equal(pdiv(x[7],pdiv(x[5],pdiv(add(x[2],x[5]),x[5]))),x[5]))",0.5508982035928144,cbce40b0a97fa22123e726dc7d433003,0.6107784431137724,True,0.059880239520958
8,14,"greater_than_or_equal(pdiv(pdiv(pdiv(pdiv(x[5],x[7]),add(x[5],x[2])),add(add(x[5],x[2]),x[5])),mul(x[7],add(x[7],x[2]))), x[3])",False,,,1e7ac7f0d9a45a1275aa2ea83de89e7f,0.2934131736526946,False,0.0
8,14,"greater_than_or_equal(pdiv(add(x[2],x[2]),x[5]), sub(x[2],x[5]))",True,"less_than_or_equal(x[2],x[2])",0.35928143712574845,bd082d42dcba8056510101f18394b575,0.35928143712574845,False,0.0
8,14,"greater_than_or_equal(pdiv(x[5],x[5]), add(x[7],x[7]))",True,"greater_than_or_equal(x[5], mul(x[7],add(x[5],x[5])))",0.2455089820359282,9545aae94dd0fcb8b281ddfedf2da4e6,0.2455089820359282,False,0.0
8,14,"greater_than_or_equal(x[5], mul(x[7],add(add(sub(x[2],x[7]),add(x[5],x[2])),mul(x[5],x[5]))))",False,,,8fe98f62ea95f7033ccf1b4b98c70589,0.20359281437125754,False,0.0
8,14,"greater_than_or_equal(pdiv(mul(x[5],x[5]),x[5]), mul(add(add(x[5],x[2]),x[7]),mul(90.55,sub(x[7],sub(x[3],mul(x[5],x[7]))))))",False,,,5210854a498c526aa7ec1d5e1b4060ce,0.35928143712574845,False,0.0
8,14,"greater_than_or_equal(add(x[5],add(x[5],add(x[5],x[2]))), x[5])",True,"less_than_or_equal(x[2],x[2])",0.35928143712574845,bd082d42dcba8056510101f18394b575,0.35928143712574845,False,0.0
8,14,"greater_than_or_equal(pdiv(mul(x[5],x[3]),x[5]), pdiv(x[5],x[5]))",True,"less_than_or_equal(pdiv(mul(pdiv(x[3],x[3]),sub(x[5],x[3])),mul(pdiv(x[0],x[5]),sub(x[3],x[3]))),x[3])",0.6586826347305389,f97921da4bc12e7263893dbe645c4d9b,0.652694610778443,True,-0.005988023952095856
8,14,"greater_than_or_equal(sub(pdiv(x[5],x[2]),x[5]), x[5])",True,"greater_than_or_equal(sub(pdiv(x[5],x[2]),x[5]), x[5])",0.2694610778443114,72989f9209d2ae9398572032465ff70a,0.2694610778443114,False,0.0
8,14,"not_(greater_than_or_equal(sub(add(pdiv(pdiv(x[5],x[2]),add(x[7],x[7])),add(x[5],x[0])),pdiv(pdiv(add(x[5],x[0]),sub(pdiv(x[5],x[5]),x[2])),add(pdiv(x[5],x[2]),mul(x[2],x[5])))), add(mul(x[0],24.40),x[0])))",False,,,c1a8908d8caf39e87587c77e74bbb29e,0.7245508982035929,False,0.0
8,14,"greater_than_or_equal(pdiv(x[5],add(x[3],sub(add(sub(pdiv(x[5],x[5]),add(x[2],x[5])),mul(x[5],add(pdiv(x[2],pdiv(x[5],add(x[5],mul(x[0],x[7])))),add(x[7],pdiv(x[3],x[5]))))),x[2]))), x[3])",False,,,6797f33ced568f778cf0e0fba3d0f7ba,0.5269461077844311,False,0.0
8,14,"greater_than_or_equal(x[3], mul(x[3],mul(x[7],mul(x[5],sub(x[2],add(mul(mul(x[5],x[3]),x[3]),add(x[7],x[5])))))))",True,"less_than_or_equal(x[2],x[2])",0.35928143712574845,bd082d42dcba8056510101f18394b575,0.35928143712574845,False,0.0
8,14,"greater_than_or_equal(x[5], mul(x[7],add(x[2],add(pdiv(mul(x[5],x[5]),x[0]),sub(sub(x[2],x[0]),mul(x[5],x[5]))))))",False,,,ac5110686cbdd73c63081e9b51c4cde0,0.281437125748503,False,0.0
8,14,"greater_than_or_equal(x[2], sub(sub(x[7],x[2]),x[2]))",False,,,aa7232765a382090d24fd63b0bc44492,0.4491017964071856,False,0.0
8,14,"greater_than_or_equal(mul(x[7],x[2]), add(sub(mul(x[2],x[3]),x[5]),x[5]))",True,"less_than_or_equal(pdiv(mul(x[2],x[3]),pdiv(x[7],x[7])),mul(x[2],x[7]))",0.6467065868263473,54e932c9d046f8039f8d2405bc82660a,0.6467065868263473,False,0.0
8,14,"less_than_or_equal(mul(pdiv(x[5],x[5]),add(x[5],x[2])),sub(sub(x[2],x[0]),mul(x[5],x[5])))",True,not_(x[6]),0.6347305389221557,b4068ba57b63c959651c969331c4b5cd,0.6347305389221557,False,0.0
8,14,"less_than_or_equal(add(add(x[7],x[2]),add(x[2],x[3])),add(pdiv(x[5],pdiv(mul(x[2],x[7]),30.44)),mul(x[7],mul(x[5],x[2]))))",False,,,4d76ccba50f00f6412ca639092ccdf65,0.3532934131736527,False,0.0
8,14,"not_(greater_than_or_equal(pdiv(x[5],add(x[5],pdiv(x[5],x[5]))), pdiv(x[5],x[5])))",True,"less_than_or_equal(x[2],x[2])",0.35928143712574845,bd082d42dcba8056510101f18394b575,0.35928143712574845,False,0.0
8,14,"greater_than_or_equal(sub(pdiv(x[5],74.95),add(x[5],x[2])), x[5])",True,not_(x[6]),0.6347305389221557,b4068ba57b63c959651c969331c4b5cd,0.6407185628742516,True,0.005988023952095856
8,14,"not_(greater_than_or_equal(x[2], x[5]))",True,"not_(not_(less_than_or_equal(x[2],x[5])))",0.34730538922155685,4af53f79d9ad2ffac455113b88a02dd4,0.34730538922155685,False,0.0
8,14,"greater_than_or_equal(sub(mul(x[5],x[7]),mul(mul(mul(pdiv(add(14.55,x[5]),mul(x[7],add(mul(x[5],add(x[5],x[2])),mul(x[7],x[0])))),sub(pdiv(x[5],x[7]),x[3])),x[7]),x[3])), x[7])",True,"greater_than_or_equal(x[7], pdiv(x[5],x[3]))",0.6586826347305389,c4d62ee0d9ef954add009e50887aed2e,0.6706586826347305,True,0.0119760479041916
8,14,"greater_than_or_equal(x[5], mul(54.65,x[2]))",True,"greater_than_or_equal(pdiv(mul(x[5],x[2]),pdiv(x[2],x[5])), add(sub(x[7],x[7]),add(x[5],x[0])))",0.6107784431137724,ec48eb4aba9f475884bcf9e8f28adadc,0.6167664670658682,True,0.005988023952095856
8,14,"less_than_or_equal(add(mul(x[7],pdiv(x[5],x[5])),x[2]),add(sub(x[7],x[7]),pdiv(69.44,sub(x[3],x[3]))))",True,"less_than_or_equal(add(mul(x[7],pdiv(x[5],x[5])),x[2]),add(sub(x[7],x[7]),pdiv(69.44,sub(x[3],x[3]))))",0.19161676646706582,14c6e007ad625f3839f568e9ee8a86e1,0.19161676646706582,False,0.0
8,14,"greater_than_or_equal(x[5], pdiv(x[2],pdiv(x[5],x[5])))",True,"not_(not_(less_than_or_equal(x[2],x[5])))",0.34730538922155685,4af53f79d9ad2ffac455113b88a02dd4,0.34730538922155685,False,0.0
8,14,"greater_than_or_equal(x[5], mul(mul(mul(add(pdiv(x[7],sub(x[3],sub(pdiv(x[3],mul(x[7],x[5])),x[5]))),add(mul(x[7],add(x[5],x[5])),x[3])),x[3]),add(x[7],x[5])),add(sub(x[2],x[5]),x[7])))",False,,,a542c08274a2d5bb1066c54b432c6277,0.2934131736526946,False,0.0
8,14,"greater_than_or_equal(pdiv(45.47,x[3]), x[7])",True,"less_than_or_equal(x[2],x[2])",0.35928143712574845,bd082d42dcba8056510101f18394b575,0.35928143712574845,False,0.0
8,14,"not_(less_than_or_equal(pdiv(x[5],add(pdiv(pdiv(x[5],x[5]),x[0]),x[2])),x[0]))",True,"less_than_or_equal(mul(add(x[0],x[0]),add(x[2],x[5])),sub(add(x[2],x[3]),add(x[3],x[2])))",0.3892215568862275,c9704e311ac7e289734d4b5a1bdc086f,0.39520958083832336,True,0.005988023952095856
8,14,"greater_than_or_equal(x[5], mul(x[7],add(sub(x[2],add(x[0],x[2])),add(x[7],add(x[5],x[2])))))",True,"greater_than_or_equal(x[5], mul(x[7],add(x[7],add(x[3],x[2]))))",0.2934131736526946,1af7bd2c0e59084ce1038d0fa1df9be2,0.27544910179640714,True,-0.017964071856287456
8,14,"not_(less_than_or_equal(pdiv(x[5],x[7]),add(x[5],mul(pdiv(add(x[2],x[7]),add(mul(x[3],x[7]),add(x[5],x[2]))),add(sub(x[7],sub(x[5],mul(x[5],x[5]))),add(x[0],x[2]))))))",False,,,0e87bd0eb797695189a002a3f183f665,0.22155688622754488,False,0.0
8,14,"greater_than_or_equal(pdiv(x[5],x[5]), mul(x[5],x[5]))",True,"less_than_or_equal(x[2],x[2])",0.35928143712574845,bd082d42dcba8056510101f18394b575,0.35928143712574845,False,0.0
8,14,"not_(less_than_or_equal(pdiv(pdiv(pdiv(x[2],x[2]),x[5]),add(x[2],x[5])),x[5]))",False,,,60f7dedea310bfe831c5de5143ba604f,0.29940119760479045,False,0.0
8,14,"not_(less_than_or_equal(pdiv(x[5],x[5]),x[5]))",True,"not_(less_than_or_equal(pdiv(x[5],x[5]),x[5]))",0.31137724550898205,774eb80249c37c32f486ae194a31e639,0.31137724550898205,False,0.0
8,14,"not_(less_than_or_equal(pdiv(x[5],add(x[2],x[5])),add(mul(x[5],x[3]),x[2])))",False,,,18cb6989e7c884a680a12a4f240acf99,0.29940119760479045,False,0.0
8,14,"greater_than_or_equal(x[5], mul(mul(x[2],add(sub(x[7],sub(x[5],mul(x[5],x[5]))),add(add(x[5],x[7]),x[0]))),x[5]))",False,,,0dabad7a068983d73a42dc57640538d5,0.28742514970059885,False,0.0
8,14,"greater_than_or_equal(x[5], mul(x[7],mul(01.48,mul(x[5],x[7]))))",False,,,19b3b60a6495da977a6b7f7199e3dc96,0.33532934131736525,False,0.0
8,14,"greater_than_or_equal(x[5], add(x[7],mul(add(sub(x[2],x[7]),add(x[5],x[5])),add(sub(mul(x[0],x[0]),add(x[2],mul(x[7],pdiv(mul(x[5],x[5]),x[0])))),sub(sub(x[2],x[0]),mul(x[5],x[5]))))))",True,"greater_than_or_equal(x[5], sub(x[7],pdiv(x[5],pdiv(add(x[2],x[5]),x[5]))))",0.33532934131736525,084eb10daab79cd16eae9fb896fec938,0.33532934131736525,False,0.0
8,14,"greater_than_or_equal(pdiv(sub(pdiv(add(x[2],x[2]),add(x[2],x[0])),x[7]),x[7]), add(sub(x[7],sub(49.09,pdiv(x[2],add(add(x[5],mul(x[5],add(sub(x[2],x[2]),add(x[7],x[0])))),x[2])))),x[0]))",True,"less_than_or_equal(x[2],x[2])",0.35928143712574845,bd082d42dcba8056510101f18394b575,0.35928143712574845,False,0.0
8,14,"not_(less_than_or_equal(pdiv(x[5],x[3]),sub(add(sub(pdiv(x[5],x[5]),add(x[2],x[5])),mul(x[5],add(sub(x[2],pdiv(x[2],add(x[5],mul(x[0],x[7])))),add(x[7],pdiv(x[3],x[5]))))),x[2])))",False,,,313c120849f1aee6a89be46b3ec07863,0.4730538922155688,False,0.0
8,14,"not_(less_than_or_equal(pdiv(x[5],sub(x[7],x[7])),add(x[0],x[5])))",True,"not_(less_than_or_equal(pdiv(x[5],x[5]),add(x[5],x[0])))",0.3053892215568862,00c19a3fd72854100569949b11521f0b,0.3053892215568862,False,0.0
8,14,"not_(less_than_or_equal(pdiv(x[5],sub(pdiv(add(mul(x[7],x[3]),pdiv(x[5],x[5])),add(x[2],x[5])),x[5])),x[2]))",False,,,0b99a31b696516189ee4678537ae7d88,0.38323353293413176,False,0.0
8,14,"greater_than_or_equal(sub(pdiv(x[5],x[5]),add(x[2],x[7])), add(mul(mul(x[5],x[3]),x[3]),add(x[7],x[5])))",False,,,e82cbc457f91e176b573e34b17092266,0.5389221556886228,False,0.0
8,14,"greater_than_or_equal(add(sub(x[7],sub(x[3],mul(x[5],x[7]))),add(pdiv(sub(x[7],x[2]),add(x[2],x[3])),add(pdiv(x[3],pdiv(x[7],add(x[2],x[7]))),pdiv(x[3],x[7])))), mul(x[3],x[7]))",True,"or_(less_than_or_equal(sub(x[2],x[5]),mul(x[3],x[2])),not_(greater_than_or_equal(x[5], x[3])))",0.38323353293413176,cc44f38a8b2fcefff95bcc01de90856f,0.3652694610778443,True,-0.017964071856287456
8,14,"greater_than_or_equal(pdiv(x[5],x[5]), add(x[7],x[3]))",True,"not_(less_than_or_equal(pdiv(x[5],x[5]),add(x[3],x[7])))",0.3053892215568862,f67f6bf2e1ea1a89d765b78348c25a54,0.3053892215568862,False,0.0
8,14,"greater_than_or_equal(pdiv(x[5],x[5]), add(x[2],x[2]))",True,"not_(less_than_or_equal(pdiv(x[5],x[5]),add(x[2],x[2])))",0.25149700598802394,b1dd33075a09479c47bb17a355eef7af,0.25149700598802394,False,0.0
8,14,"greater_than_or_equal(mul(x[5],x[5]), mul(x[5],add(x[2],x[0])))",True,"not_(less_than_or_equal(sub(x[5],x[2]),x[0]))",0.3892215568862275,322f7ffc4e786ca792193bc38ba2a6c3,0.38323353293413176,True,-0.0059880239520957446
8,14,"greater_than_or_equal(sub(pdiv(x[5],x[7]),add(x[5],x[0])), mul(add(pdiv(x[7],add(x[5],x[2])),x[2]),x[7]))",True,"greater_than_or_equal(x[5], mul(x[7],add(x[7],mul(x[5],add(sub(x[7],sub(x[3],mul(x[5],x[7]))),x[7])))))",0.23952095808383234,18cad608e665b53f32bea4898674e82a,0.23952095808383234,False,0.0
8,14,"not_(greater_than_or_equal(x[7], pdiv(pdiv(x[5],x[5]),add(x[3],sub(sub(sub(pdiv(x[5],x[5]),add(x[2],x[5])),mul(x[5],add(pdiv(x[2],pdiv(x[5],add(x[5],mul(x[0],x[7])))),add(x[7],pdiv(x[3],x[5]))))),x[2])))))",False,,,252d74356e24d23724846fd8654a75d8,0.47904191616766467,False,0.0
8,14,"less_than_or_equal(mul(mul(x[7],x[2]),add(x[0],mul(x[7],pdiv(x[5],x[5])))),x[2])",False,,,fab555d7d77c769c56f75ef38709d33f,0.3413173652694611,False,0.0
8,14,"less_than_or_equal(pdiv(add(x[7],pdiv(x[5],x[5])),x[5]),add(x[5],x[2]))",False,,,ed2c1ca695ea802da1a2a21a5e1a9c98,0.6646706586826348,False,0.0
8,14,"greater_than_or_equal(mul(add(x[7],x[2]),pdiv(x[7],add(mul(add(add(add(mul(x[5],x[2]),x[5]),mul(x[7],add(x[7],x[2]))),x[7]),x[5]),x[5]))), mul(x[2],x[5]))",False,,,f47d8c2ab728bb7be4ec70ae1dfcb487,0.46706586826347307,False,0.0
8,14,"not_(less_than_or_equal(pdiv(x[3],sub(x[7],x[0])),mul(x[7],add(x[0],x[5]))))",False,,,46410053a182692210f4c44cea214d49,0.4491017964071856,False,0.0
8,14,"not_(greater_than_or_equal(mul(x[7],add(mul(x[5],add(x[5],x[2])),mul(pdiv(x[5],x[7]),pdiv(x[5],x[7])))), x[3]))",False,,,a9f384cd391694c26ab7fe310c120673,0.5988023952095809,False,0.0
8,14,"greater_than_or_equal(pdiv(x[5],add(x[2],x[2])), add(x[5],x[3]))",False,,,7e450a5981d6eb4b7b45ef3d47510084,0.3772455089820359,False,0.0
8,14,"greater_than_or_equal(x[3], mul(x[3],mul(x[7],add(x[5],pdiv(x[7],add(mul(x[3],x[7]),add(pdiv(mul(x[2],add(sub(x[7],sub(x[5],mul(x[5],x[5]))),add(x[5],x[2]))),mul(x[7],pdiv(mul(x[5],x[5]),x[0]))),sub(sub(x[2],x[0]),mul(x[5],x[5])))))))))",False,,,5ec046417f27a6ae3defedacd2469e8d,0.3413173652694611,False,0.0
8,14,"greater_than_or_equal(add(pdiv(x[5],x[5]),add(x[2],x[2])), x[5])",True,"less_than_or_equal(x[2],x[2])",0.35928143712574845,bd082d42dcba8056510101f18394b575,0.35928143712574845,False,0.0
8,14,"greater_than_or_equal(x[2], mul(x[7],add(x[7],mul(x[5],mul(x[5],add(x[0],x[7]))))))",False,,,4c29631de08dc6e9c06953d1b4391e25,0.40718562874251496,False,0.0
8,14,"greater_than_or_equal(sub(pdiv(x[5],x[7]),mul(59.74,pdiv(x[3],pdiv(x[2],x[0])))), add(add(x[2],x[3]),add(x[2],x[5])))",False,,,1fd25a18bf6ba29543e641c43e24da44,0.6167664670658682,False,0.0
8,14,"greater_than_or_equal(x[5], mul(x[5],mul(add(x[0],add(x[7],x[2])),add(add(x[7],x[5]),add(sub(x[2],x[5]),x[7])))))",False,,,1191e7ee7aba08250da05e0395121192,0.2455089820359282,False,0.0
8,14,"greater_than_or_equal(pdiv(x[5],x[5]), x[5])",True,"less_than_or_equal(x[2],x[2])",0.35928143712574845,bd082d42dcba8056510101f18394b575,0.35928143712574845,False,0.0
8,14,"greater_than_or_equal(pdiv(sub(add(add(mul(x[3],x[7]),x[7]),mul(x[3],x[7])),x[5]),add(x[2],x[2])), add(x[5],x[5]))",False,,,c7678d9975d72e93f3f635d95e839bef,0.6047904191616766,False,0.0
8,14,"less_than_or_equal(mul(mul(x[7],x[5]),sub(30.93,x[2])),x[5])",True,"less_than_or_equal(mul(mul(x[7],x[7]),74.75),add(x[7],x[7]))",0.6227544910179641,83475aff34f9e2eb2174b5d809ea1882,0.6107784431137724,True,-0.011976047904191711
8,14,"not_(greater_than_or_equal(mul(x[5],mul(x[7],add(pdiv(x[5],x[3]),x[7]))), add(pdiv(pdiv(x[7],x[7]),add(x[5],x[2])),mul(x[5],x[2]))))",False,,,56fe60e4c10a92974b8f73882f276140,0.2934131736526946,False,0.0
8,14,"greater_than_or_equal(pdiv(x[5],04.39), pdiv(x[5],x[5]))",True,not_(x[6]),0.6347305389221557,b4068ba57b63c959651c969331c4b5cd,0.6407185628742516,True,0.005988023952095856
8,14,"not_(less_than_or_equal(add(x[5],x[3]),add(sub(x[7],sub(x[5],mul(x[5],x[5]))),mul(x[3],x[2]))))",False,,,540a88f20895b37b1c9f8a774b965d78,0.34730538922155685,False,0.0
8,14,"not_(less_than_or_equal(pdiv(x[5],x[5]),add(x[5],mul(x[3],mul(add(x[5],x[2]),add(sub(x[7],x[3]),x[3]))))))",False,,,206ccfe69fb026890d74e2077decca0a,0.2934131736526946,False,0.0
8,14,"greater_than_or_equal(x[5], mul(x[7],pdiv(x[5],x[5])))",True,"greater_than_or_equal(x[5], x[7])",0.3892215568862275,ca29d589a2290a0489371628a6b32bf4,0.3892215568862275,False,0.0
8,14,"greater_than_or_equal(x[5], mul(x[7],add(x[7],mul(x[2],x[7]))))",False,,,9ff08e4c8d9f62293968ce7abab6389c,0.281437125748503,False,0.0
8,14,"greater_than_or_equal(x[5], mul(x[7],mul(add(sub(x[2],x[7]),add(x[5],x[5])),add(sub(x[5],add(sub(x[2],x[7]),add(x[5],39.79))),pdiv(add(x[2],x[7]),add(mul(x[3],x[7]),add(x[5],add(19.01,x[5]))))))))",False,,,3c5fcbb6b7ca4e821802a50a42c8e755,0.3532934131736527,False,0.0
8,14,"greater_than_or_equal(pdiv(x[3],mul(x[0],sub(x[3],mul(x[5],x[7])))), add(x[2],x[7]))",False,,,6e0eb6acb79c4d0c27e0c081f659957c,0.2455089820359282,False,0.0
8,14,"greater_than_or_equal(x[5], mul(x[5],add(x[3],mul(x[5],mul(sub(x[5],add(x[3],add(sub(x[3],x[5]),76.96))),x[3])))))",True,"less_than_or_equal(x[2],x[2])",0.35928143712574845,bd082d42dcba8056510101f18394b575,0.35928143712574845,False,0.0
8,14,"not_(less_than_or_equal(pdiv(x[5],x[5]),add(mul(x[5],x[5]),add(mul(x[5],x[3]),x[2]))))",False,,,db1e2d5668e1b38987e00032c70aafb2,0.31137724550898205,False,0.0
8,14,"greater_than_or_equal(x[5], mul(x[7],mul(add(sub(x[7],x[7]),x[7]),add(sub(x[7],mul(mul(x[7],pdiv(x[5],x[3])),x[5])),add(x[2],x[2])))))",False,,,9a0d5432a86a4f171dd51b0c103f7d4a,0.31137724550898205,False,0.0
8,14,"greater_than_or_equal(pdiv(x[5],x[5]), add(x[2],x[7]))",True,"less_than_or_equal(add(mul(x[7],pdiv(x[5],x[5])),x[2]),add(sub(x[7],x[7]),pdiv(69.44,sub(x[3],x[3]))))",0.19161676646706582,14c6e007ad625f3839f568e9ee8a86e1,0.19161676646706582,False,0.0
8,14,"greater_than_or_equal(x[5], mul(add(x[7],x[5]),x[5]))",True,"not_(less_than_or_equal(pdiv(x[5],x[5]),add(x[7],x[5])))",0.32335329341317365,e44f6a949f00cb0bf86b1105d7c3453d,0.32335329341317365,False,0.0
8,14,"greater_than_or_equal(sub(pdiv(x[3],x[7]),pdiv(add(add(x[3],mul(add(x[0],sub(x[2],x[5])),sub(x[2],x[2]))),add(x[7],x[0])),x[2])), x[0])",False,,,c2454fc6926f3c067f0750360aa7dea9,0.5149700598802396,False,0.0
8,14,"not_(less_than_or_equal(pdiv(x[5],x[7]),add(x[5],x[2])))",True,"greater_than_or_equal(x[5], mul(x[7],add(x[5],x[2])))",0.23353293413173648,49521aab13419e9d4582e656c37790ef,0.23353293413173648,False,0.0
8,14,"greater_than_or_equal(sub(pdiv(x[5],x[2]),x[5]), x[5])",True,"greater_than_or_equal(sub(pdiv(x[5],x[2]),x[5]), x[5])",0.2694610778443114,72989f9209d2ae9398572032465ff70a,0.2694610778443114,False,0.0
8,14,"greater_than_or_equal(pdiv(x[5],sub(x[2],x[5])), mul(x[7],add(x[5],x[5])))",False,,,2ea5989515ed2c8eb2bd7d675090a9cc,0.6407185628742516,False,0.0
8,14,"greater_than_or_equal(sub(pdiv(x[5],x[7]),x[2]), x[5])",True,"greater_than_or_equal(x[5], mul(x[7],add(x[5],x[2])))",0.23353293413173648,49521aab13419e9d4582e656c37790ef,0.23353293413173648,False,0.0
8,14,"greater_than_or_equal(pdiv(x[3],add(add(x[5],x[2]),add(x[7],x[7]))), x[5])",False,,,38589326a735f75940387d43bfe59d70,0.5209580838323353,False,0.0
8,14,"greater_than_or_equal(x[5], mul(x[7],x[5]))",True,"less_than_or_equal(x[2],x[2])",0.35928143712574845,bd082d42dcba8056510101f18394b575,0.35928143712574845,False,0.0
8,14,"less_than_or_equal(mul(mul(x[7],x[2]),add(x[5],x[2])),x[5])",True,"less_than_or_equal(mul(mul(x[7],x[2]),add(x[5],x[2])),x[5])",0.28742514970059885,4ae7d23fb296374221971282b09dd9ba,0.28742514970059885,False,0.0
8,14,"greater_than_or_equal(pdiv(x[7],x[2]), pdiv(pdiv(x[7],x[2]),x[2]))",False,,,28532aa148740084055dd7d0db3ba2fe,0.6287425149700598,False,0.0
8,14,"not_(less_than_or_equal(pdiv(x[5],x[5]),add(x[5],mul(x[5],mul(x[7],add(x[3],mul(add(59.79,pdiv(add(add(x[5],x[0]),mul(x[3],x[7])),pdiv(x[0],x[3]))),add(add(x[5],x[7]),sub(x[7],x[5])))))))))",False,,,226ea33563da22fd6c2832483bf3a2cb,0.5508982035928144,False,0.0
8,14,"greater_than_or_equal(x[3], x[5])",True,"less_than_or_equal(x[5],x[3])",0.5089820359281437,1d4d287fbe015bbb313f097e26f5bc37,0.5089820359281437,False,0.0
8,14,"greater_than_or_equal(x[5], mul(75.19,pdiv(x[7],add(x[5],x[5]))))",True,not_(x[6]),0.6347305389221557,b4068ba57b63c959651c969331c4b5cd,0.6407185628742516,True,0.005988023952095856
8,14,"greater_than_or_equal(pdiv(pdiv(93.09,mul(x[7],x[2])),x[7]), pdiv(x[3],x[7]))",True,"less_than_or_equal(x[2],x[2])",0.35928143712574845,bd082d42dcba8056510101f18394b575,0.35928143712574845,False,0.0
8,14,"not_(less_than_or_equal(pdiv(x[5],x[5]),add(mul(x[5],x[5]),x[5])))",False,,,85004d30cad8675ea748791609909266,0.3772455089820359,False,0.0
8,14,"greater_than_or_equal(x[5], mul(x[5],pdiv(x[2],add(x[5],x[2]))))",True,"less_than_or_equal(x[2],x[2])",0.35928143712574845,bd082d42dcba8056510101f18394b575,0.35928143712574845,False,0.0
8,14,"greater_than_or_equal(pdiv(x[5],x[7]), add(x[3],add(x[3],x[2])))",False,,,5702ea9bbf23b3b6a94ec3eab00d194e,0.34730538922155685,False,0.0
8,14,"greater_than_or_equal(pdiv(x[5],x[5]), add(x[0],x[7]))",True,"greater_than_or_equal(x[3], mul(add(x[7],x[0]),x[3]))",0.31137724550898205,f5bf9aebb388af6a7cbda4724b01f693,0.31137724550898205,False,0.0
8,14,"less_than_or_equal(add(mul(x[7],pdiv(x[5],x[5])),x[7]),add(x[5],x[2]))",True,"less_than_or_equal(add(mul(x[7],add(x[5],x[5])),x[2]),add(x[2],mul(x[5],add(x[5],x[2]))))",0.3772455089820359,3f6a4de2b50811242a432f1695ba8ec1,0.38323353293413176,True,0.005988023952095856
8,14,"not_(less_than_or_equal(pdiv(x[5],x[2]),pdiv(x[5],x[5])))",False,,,30b060c111a582cbd4ff9997815443e5,0.37125748502994016,False,0.0
8,14,"greater_than_or_equal(sub(pdiv(x[5],x[2]),x[5]), x[5])",True,"greater_than_or_equal(sub(pdiv(x[5],x[2]),x[5]), x[5])",0.2694610778443114,72989f9209d2ae9398572032465ff70a,0.2694610778443114,False,0.0
8,14,"not_(less_than_or_equal(x[5],x[3]))",True,"not_(greater_than_or_equal(mul(x[3],x[7]), mul(x[5],x[7])))",0.49101796407185627,412103f357976d5446a7df187265a720,0.49101796407185627,False,0.0
8,14,"greater_than_or_equal(x[5], x[3])",True,"less_than_or_equal(mul(sub(x[7],x[0]),pdiv(x[7],25.93)),pdiv(x[7],sub(mul(x[3],x[5]),mul(x[3],x[3]))))",0.5089820359281437,8ad7ccd0e2bcf51cfea619f1321f2792,0.5089820359281437,False,0.0
8,14,"not_(less_than_or_equal(pdiv(x[5],sub(pdiv(add(x[5],x[5]),add(x[0],x[7])),x[2])),x[5]))",False,,,b7a2dc2237eff7f8b3d73356832cdca9,0.6407185628742516,False,0.0
8,14,"not_(less_than_or_equal(pdiv(x[3],x[5]),x[3]))",True,"not_(less_than_or_equal(pdiv(x[5],x[5]),x[5]))",0.31137724550898205,774eb80249c37c32f486ae194a31e639,0.3173652694610778,True,0.0059880239520957446
8,14,"greater_than_or_equal(sub(pdiv(x[5],x[5]),add(x[5],x[0])), mul(add(pdiv(x[7],add(x[5],x[2])),mul(sub(x[7],sub(x[5],mul(x[5],x[5]))),add(pdiv(x[5],x[2]),sub(x[7],pdiv(x[3],pdiv(add(x[2],x[5]),x[5])))))),add(x[5],x[2])))",False,,,5c6d573ca88bef3fd215d7cf98946242,0.39520958083832336,False,0.0
8,14,"not_(less_than_or_equal(pdiv(x[5],x[7]),add(mul(mul(x[7],x[2]),sub(pdiv(x[5],x[5]),x[3])),x[7])))",False,,,dc1c32b86741d3e4ca8b28dbb11478be,0.3053892215568862,False,0.0
8,14,"greater_than_or_equal(pdiv(add(mul(x[7],add(pdiv(sub(x[7],sub(x[7],add(x[5],x[5]))),x[3]),x[2])),x[2]),add(x[2],x[0])), x[7])",True,"less_than_or_equal(x[2],x[2])",0.35928143712574845,bd082d42dcba8056510101f18394b575,0.35928143712574845,False,0.0
8,14,"greater_than_or_equal(pdiv(x[5],add(x[5],x[0])), mul(x[5],x[5]))",True,"greater_than_or_equal(x[5], mul(x[5],mul(add(x[0],x[5]),x[5])))",0.29940119760479045,c8fba6a503920a600c4c0753f4ebe1ba,0.29940119760479045,False,0.0
8,14,"greater_than_or_equal(x[5], mul(x[5],mul(x[7],add(x[7],add(x[3],x[2])))))",False,,,a36622aa56e7fdbcf81c7d9c0cc68d12,0.23952095808383234,False,0.0
8,14,"greater_than_or_equal(mul(x[5],x[5]), add(x[7],mul(add(mul(sub(add(x[7],x[7]),add(sub(x[7],sub(mul(x[7],x[0]),sub(pdiv(x[2],30.43),x[2]))),x[5])),x[5]),x[5]),x[2])))",False,,,249714587bdce257d1ecb6fdce52c6e9,0.4610778443113772,False,0.0
8,14,"less_than_or_equal(add(add(x[7],x[2]),sub(x[2],x[3])),x[7])",True,"not_(less_than_or_equal(x[3],add(x[2],x[2])))",0.3772455089820359,a12814043567e2329cbde481d0b814c2,0.3772455089820359,False,0.0
8,14,"less_than_or_equal(mul(mul(x[7],x[2]),add(x[5],add(x[3],x[3]))),add(x[7],x[5]))",True,"less_than_or_equal(add(add(x[7],x[2]),pdiv(x[3],x[3])),add(pdiv(x[5],pdiv(mul(x[2],x[7]),30.44)),add(x[7],mul(x[5],x[2]))))",0.3532934131736527,8b22474e90c54ae8a74a0d0752426450,0.34730538922155685,True,-0.005988023952095856
8,14,"greater_than_or_equal(pdiv(pdiv(x[5],mul(x[7],add(mul(add(add(x[5],x[2]),x[7]),mul(x[7],add(x[7],x[2]))),add(x[7],x[3])))),add(x[7],sub(x[5],pdiv(x[3],add(x[7],sub(x[5],x[5])))))), add(x[5],x[0]))",False,,,7e907936490b8bfe15da1f8a8adeff37,0.562874251497006,False,0.0
8,14,"not_(less_than_or_equal(pdiv(x[5],x[5]),x[3]))",True,"not_(less_than_or_equal(pdiv(x[5],x[5]),x[3]))",0.3413173652694611,05e1f3d74f96ed02168c5462d1f8f406,0.3413173652694611,False,0.0
8,14,x[6],True,x[6],0.3652694610778443,ff9750a95f856aee791afc16a7ee79d4,0.3652694610778443,False,0.0
8,14,"less_than_or_equal(x[5],mul(x[7],add(x[5],mul(sub(x[7],x[3]),pdiv(add(mul(add(add(x[2],x[3]),x[5]),x[7]),mul(pdiv(x[5],x[5]),add(x[0],x[2]))),add(x[7],x[0]))))))",False,,,e53705e7b5b3320366ba3f8610875209,0.7065868263473054,False,0.0
8,14,"not_(less_than_or_equal(pdiv(sub(add(sub(x[2],x[7]),add(x[5],x[5])),add(sub(x[7],sub(x[3],mul(x[5],x[7]))),add(x[2],x[7]))),x[2]),add(x[2],x[3])))",False,,,26df07da772a8ce6e74e026352f6e13c,0.29940119760479045,False,0.0
8,14,"greater_than_or_equal(x[5], mul(x[7],mul(mul(x[5],add(x[5],x[2])),x[5])))",True,"not_(greater_than_or_equal(mul(x[7],mul(mul(x[5],add(x[5],x[2])),x[5])), x[5]))",0.3413173652694611,bd7496428ca7e5e08b55aafe955c8c59,0.33532934131736525,True,-0.005988023952095856
8,14,"not_(less_than_or_equal(pdiv(x[5],x[5]),add(x[7],x[2])))",True,"less_than_or_equal(add(mul(x[7],pdiv(x[5],x[5])),x[2]),add(sub(x[7],x[7]),pdiv(69.44,sub(x[3],x[3]))))",0.19161676646706582,14c6e007ad625f3839f568e9ee8a86e1,0.19161676646706582,False,0.0
8,14,"less_than_or_equal(mul(sub(x[2],x[2]),x[5]),add(x[2],x[2]))",True,"less_than_or_equal(x[2],x[2])",0.35928143712574845,bd082d42dcba8056510101f18394b575,0.35928143712574845,False,0.0
8,14,"greater_than_or_equal(pdiv(x[5],x[5]), x[5])",True,"less_than_or_equal(x[2],x[2])",0.35928143712574845,bd082d42dcba8056510101f18394b575,0.35928143712574845,False,0.0
8,14,"greater_than_or_equal(pdiv(pdiv(x[5],x[5]),add(x[5],43.98)), x[3])",True,"not_(not_(less_than_or_equal(91.64,pdiv(x[2],pdiv(x[3],x[0])))))",0.6586826347305389,9f39b412647a2bed42ce034a15293284,0.652694610778443,True,-0.005988023952095856
8,14,"greater_than_or_equal(pdiv(x[5],add(x[2],x[5])), mul(x[7],sub(x[3],x[2])))",False,,,da73ea3a29f62acfee584df99ac455d0,0.37125748502994016,False,0.0
8,14,"greater_than_or_equal(x[5], mul(x[7],add(x[5],x[5])))",True,"greater_than_or_equal(x[5], mul(x[7],add(x[5],x[5])))",0.2455089820359282,9545aae94dd0fcb8b281ddfedf2da4e6,0.2455089820359282,False,0.0
8,14,"less_than_or_equal(pdiv(x[5],x[5]),add(x[2],x[7]))",False,,,13bc325d64f36ba4cad976606f41f747,0.8083832335329342,False,0.0
8,14,"not_(less_than_or_equal(add(mul(x[3],x[7]),add(x[5],x[2])),add(sub(x[7],sub(x[5],mul(x[5],x[5]))),add(x[5],x[2]))))",False,,,d196f1f919914b202bb68ed5c573bb03,0.23952095808383234,False,0.0
8,14,"greater_than_or_equal(add(pdiv(x[3],x[7]),x[7]), add(x[7],add(pdiv(x[5],x[5]),add(x[2],x[7]))))",True,"less_than_or_equal(mul(mul(x[7],add(x[7],x[3])),x[7]),sub(x[3],x[7]))",0.3293413173652695,908db164db22d095356f08bbac942a51,0.3413173652694611,True,0.0119760479041916
8,14,"greater_than_or_equal(pdiv(x[3],x[5]), x[5])",True,"greater_than_or_equal(x[3], mul(x[5],x[5]))",0.3892215568862275,6917facb40eff0ca9ce7c078eb974d7b,0.3892215568862275,False,0.0
8,14,"greater_than_or_equal(x[5], mul(x[3],add(x[2],pdiv(pdiv(x[5],x[5]),add(x[7],x[5])))))",False,,,fd9ef1551b229eea5a0cf09bfccfe684,0.5688622754491017,False,0.0
8,14,"not_(less_than_or_equal(pdiv(x[5],x[7]),add(x[5],mul(x[5],add(x[2],pdiv(x[3],x[3]))))))",False,,,3666d2adeb78fa43d08db5780c1835ec,0.2694610778443114,False,0.0
8,14,"not_(less_than_or_equal(mul(x[7],x[0]),sub(pdiv(x[2],x[7]),x[5])))",False,,,1e7508728084afcd582e2b7b3c3fb50a,0.5449101796407185,False,0.0
8,14,"greater_than_or_equal(x[5], mul(x[5],add(x[7],mul(add(mul(x[7],x[7]),x[7]),add(sub(x[7],pdiv(pdiv(x[2],x[5]),add(mul(x[5],x[3]),x[2]))),add(x[5],x[2]))))))",False,,,762621e4d5f448c13d7ae415bdcc8fad,0.26347305389221554,False,0.0
8,14,"less_than_or_equal(mul(mul(mul(pdiv(add(x[5],sub(x[2],add(x[5],x[2]))),x[5]),mul(x[5],mul(x[7],add(x[7],x[2])))),x[3]),mul(mul(x[5],add(x[2],x[5])),x[5])),add(x[5],x[2]))",True,"less_than_or_equal(x[2],x[2])",0.35928143712574845,bd082d42dcba8056510101f18394b575,0.35928143712574845,False,0.0
8,14,"less_than_or_equal(mul(mul(x[7],x[2]),add(x[5],x[2])),x[3])",True,"greater_than_or_equal(add(pdiv(x[3],x[7]),sub(x[7],x[2])), add(x[7],mul(x[0],mul(x[3],x[7]))))",0.2934131736526946,305beddaff5ee1c1134c3703a8529ffc,0.281437125748503,True,-0.0119760479041916
8,14,"not_(less_than_or_equal(pdiv(x[5],x[5]),add(x[2],x[2])))",True,"not_(less_than_or_equal(pdiv(x[5],x[5]),add(x[2],x[2])))",0.25149700598802394,b1dd33075a09479c47bb17a355eef7af,0.25149700598802394,False,0.0
8,14,"less_than_or_equal(49.89,x[5])",True,not_(x[6]),0.6347305389221557,b4068ba57b63c959651c969331c4b5cd,0.6407185628742516,True,0.005988023952095856
8,14,"greater_than_or_equal(pdiv(pdiv(add(mul(mul(x[7],add(mul(add(mul(x[5],x[2]),x[5]),x[2]),x[5])),mul(x[7],add(sub(add(x[2],x[3]),x[5]),x[5]))),add(x[0],x[2])),add(x[5],x[2])),x[5]), mul(x[7],sub(x[7],x[2])))",True,"less_than_or_equal(pdiv(sub(x[0],x[0]),sub(x[0],x[2])),x[0])",0.38323353293413176,d0734af37aab8e9b6c733bcf8f431f61,0.3892215568862275,True,0.0059880239520957446
8,14,"not_(less_than_or_equal(pdiv(x[5],x[7]),add(x[7],mul(x[2],x[5]))))",True,"greater_than_or_equal(x[5], mul(x[7],add(x[7],mul(x[5],x[2]))))",0.27544910179640714,b3680de13e8f1c124200503e1bc1645a,0.27544910179640714,False,0.0
8,14,"greater_than_or_equal(x[5], mul(x[5],add(mul(x[7],add(x[5],x[5])),x[3])))",False,,,f2622a8f09f0eac5434384bdae7f5927,0.33532934131736525,False,0.0
8,14,"greater_than_or_equal(add(sub(x[5],mul(x[5],x[5])),add(pdiv(x[5],x[2]),sub(x[7],pdiv(x[3],pdiv(x[5],x[3]))))), x[2])",False,,,1f669c79ed077568560ac7c260bb1026,0.3772455089820359,False,0.0
8,14,"not_(less_than_or_equal(x[2],x[7]))",True,"less_than_or_equal(add(x[5],x[7]),add(x[5],x[2]))",0.5269461077844311,544b4f45aa71542bcadfaa9d165fdbeb,0.5269461077844311,False,0.0
8,14,"greater_than_or_equal(x[5], mul(x[7],mul(add(sub(add(x[5],x[5]),add(x[2],x[5])),x[7]),pdiv(x[5],x[5]))))",False,,,53435b1467fda68be974e28c67b28974,0.3173652694610778,False,0.0
8,14,"greater_than_or_equal(sub(pdiv(x[5],x[7]),mul(x[7],add(x[5],x[5]))), x[3])",True,"not_(less_than_or_equal(pdiv(x[5],x[7]),add(mul(x[7],add(x[5],x[5])),x[3])))",0.2455089820359282,7e914a1577c377bef9099ea6df1a7218,0.2455089820359282,False,0.0
8,14,"greater_than_or_equal(pdiv(sub(pdiv(x[5],x[7]),mul(mul(mul(pdiv(add(sub(95.59,mul(x[2],x[5])),x[3]),x[7]),x[7]),add(x[7],x[2])),x[3])),pdiv(mul(x[5],add(x[2],x[5])),x[5])), add(x[5],x[2]))",False,,,f2c43799968c4288c3c2248a4e5c7e61,0.5868263473053892,False,0.0
8,14,"less_than_or_equal(add(mul(x[7],pdiv(x[5],x[5])),x[2]),add(sub(x[7],x[7]),pdiv(69.44,sub(x[3],x[3]))))",True,"less_than_or_equal(add(mul(x[7],pdiv(x[5],x[5])),x[2]),add(sub(x[7],x[7]),pdiv(69.44,sub(x[3],x[3]))))",0.19161676646706582,14c6e007ad625f3839f568e9ee8a86e1,0.19161676646706582,False,0.0
8,14,"not_(less_than_or_equal(mul(x[5],x[5]),add(19.04,x[5])))",True,not_(x[6]),0.6347305389221557,b4068ba57b63c959651c969331c4b5cd,0.6407185628742516,True,0.005988023952095856
8,14,"not_(greater_than_or_equal(mul(x[7],mul(mul(x[5],add(x[5],x[2])),pdiv(add(pdiv(pdiv(x[5],x[7]),add(x[7],mul(09.59,sub(sub(add(x[7],pdiv(x[3],x[7])),x[7]),mul(x[7],add(pdiv(x[5],x[2]),add(sub(x[7],x[7]),pdiv(x[5],mul(pdiv(x[5],x[5]),add(x[5],x[0])))))))))),add(x[5],x[2])),add(sub(x[7],x[7]),add(x[7],sub(pdiv(x[3],x[7]),x[7])))))), x[2]))",False,,,05e44031c32ebdd5c8f9ea5938ad5495,0.35928143712574845,False,0.0
8,14,"greater_than_or_equal(pdiv(01.48,mul(x[5],x[7])), add(x[2],x[7]))",True,"greater_than_or_equal(add(pdiv(x[3],x[3]),sub(x[3],mul(x[5],x[2]))), add(sub(x[7],x[7]),sub(x[0],x[3])))",0.3532934131736527,fe8764edc6b2890ba84f3173a5465f84,0.3532934131736527,False,0.0
8,14,"greater_than_or_equal(24.47, add(sub(x[2],x[7]),add(x[5],x[5])))",True,"less_than_or_equal(x[2],x[2])",0.35928143712574845,bd082d42dcba8056510101f18394b575,0.35928143712574845,False,0.0
8,14,"greater_than_or_equal(pdiv(x[5],x[2]), add(sub(add(x[2],add(x[3],add(pdiv(add(sub(pdiv(add(x[7],mul(x[7],x[0])),x[2]),x[3]),x[5]),x[5]),add(pdiv(x[5],add(pdiv(x[5],x[2]),x[3])),mul(x[7],pdiv(x[5],x[5])))))),x[5]),mul(x[5],x[5])))",False,,,2f38d428ce0c73552b6eb1e1b08de6f7,0.49101796407185627,False,0.0
8,14,"greater_than_or_equal(x[5], mul(x[7],add(x[7],x[5])))",True,"greater_than_or_equal(x[5], mul(x[7],add(x[7],x[5])))",0.22754491017964074,051dec5cdded21754165aaf5f887a47e,0.22754491017964074,False,0.0
8,14,"less_than_or_equal(add(add(x[7],x[2]),sub(x[0],x[3])),x[3])",False,,,a33b711dea1554eb3d73197c0fbe879d,0.32335329341317365,False,0.0
8,14,"not_(less_than_or_equal(pdiv(x[5],x[2]),add(pdiv(x[5],add(x[5],x[5])),x[5])))",False,,,85696fe440caa60ccbf4560eccd0d557,0.3293413173652695,False,0.0
8,14,"greater_than_or_equal(add(pdiv(x[5],x[5]),add(x[5],x[0])), mul(add(pdiv(x[7],add(x[5],x[2])),add(sub(x[7],sub(x[5],add(x[5],x[5]))),add(x[5],x[5]))),x[2]))",False,,,1af8e9db86dd6ebd6e31cf03d739b9d9,0.2934131736526946,False,0.0
8,14,"not_(greater_than_or_equal(pdiv(x[5],x[7]), add(x[5],mul(x[7],pdiv(mul(x[5],x[5]),x[0])))))",False,,,1a0ebbc03ce98fea75e4812d429b642b,0.7724550898203593,False,0.0
8,14,"not_(less_than_or_equal(pdiv(x[5],x[5]),add(x[0],mul(mul(x[0],x[3]),mul(add(add(sub(add(x[2],x[3]),x[5]),x[5]),add(x[2],x[5])),x[5])))))",False,,,a4ba89355be1e339437cc3bc6f0bff21,0.35928143712574845,False,0.0
8,14,"not_(less_than_or_equal(pdiv(x[5],x[7]),add(x[5],x[5])))",True,"greater_than_or_equal(x[5], mul(x[7],add(x[5],x[5])))",0.2455089820359282,9545aae94dd0fcb8b281ddfedf2da4e6,0.25149700598802394,True,0.0059880239520957446
8,14,"not_(less_than_or_equal(pdiv(x[7],x[5]),x[7]))",True,"not_(less_than_or_equal(pdiv(x[5],x[5]),x[5]))",0.31137724550898205,774eb80249c37c32f486ae194a31e639,0.31137724550898205,False,0.0
8,14,"not_(greater_than_or_equal(mul(x[7],add(sub(x[5],add(x[2],x[2])),mul(mul(add(add(add(x[5],x[2]),x[5]),sub(add(pdiv(add(x[7],x[2]),x[3]),x[5]),x[5])),add(x[2],x[5])),x[5]))), add(x[5],x[2])))",False,,,5dfb8b0db22c193e8c8354d3a09b4980,0.3053892215568862,False,0.0
8,14,"less_than_or_equal(mul(x[5],x[2]),x[5])",True,"not_(greater_than_or_equal(mul(x[7],x[2]), x[7]))",0.34730538922155685,f69cf4961d82af0c72c0014d2a401904,0.34730538922155685,False,0.0
8,14,"greater_than_or_equal(pdiv(x[3],add(x[5],mul(x[2],add(x[0],add(x[2],x[5]))))), sub(x[2],x[2]))",True,"less_than_or_equal(x[2],x[2])",0.35928143712574845,bd082d42dcba8056510101f18394b575,0.35928143712574845,False,0.0
8,14,"greater_than_or_equal(mul(x[7],sub(mul(add(x[2],x[7]),mul(mul(x[7],pdiv(x[5],x[3])),x[7])),add(x[5],x[2]))), add(x[7],x[0]))",False,,,51b5adcc4ed498193a7ab93ccdea80fd,0.6826347305389222,False,0.0
8,14,"greater_than_or_equal(add(x[3],x[7]), mul(add(sub(x[7],x[7]),x[7]),add(sub(sub(x[2],x[5]),sub(x[2],x[2])),add(x[7],x[0]))))",False,,,9da78926604c77c2eed451997f16983b,0.34730538922155685,False,0.0
8,14,"greater_than_or_equal(x[3], mul(x[3],mul(sub(x[5],x[3]),pdiv(x[5],x[5]))))",True,"less_than_or_equal(x[2],x[2])",0.35928143712574845,bd082d42dcba8056510101f18394b575,0.35928143712574845,False,0.0
8,14,"greater_than_or_equal(pdiv(pdiv(x[5],x[5]),add(mul(x[5],x[3]),x[2])), add(x[5],x[2]))",False,,,67145aa9eadf89f976810fb4f6d042f6,0.26347305389221554,False,0.0
8,14,"greater_than_or_equal(x[5], x[3])",True,"less_than_or_equal(mul(sub(x[7],x[0]),pdiv(x[7],25.93)),pdiv(x[7],sub(mul(x[3],x[5]),mul(x[3],x[3]))))",0.5089820359281437,8ad7ccd0e2bcf51cfea619f1321f2792,0.5089820359281437,False,0.0
8,14,"greater_than_or_equal(sub(mul(x[5],x[7]),mul(mul(mul(pdiv(add(x[5],sub(x[2],add(x[5],x[2]))),x[5]),mul(x[5],mul(x[7],mul(x[7],x[5])))),mul(x[7],add(x[5],x[5]))),x[3])), x[3])",True,"greater_than_or_equal(x[5], pdiv(x[3],x[7]))",0.6646706586826348,7163cc140f7c1d8b5064283f255cf146,0.6646706586826348,False,0.0
8,14,"greater_than_or_equal(pdiv(x[5],x[5]), mul(add(pdiv(add(add(add(x[2],x[3]),x[5]),x[0]),add(x[2],x[5])),add(add(x[5],x[0]),mul(x[3],x[7]))),pdiv(x[0],x[3])))",False,,,6282e74823974a03881bd5183243793f,0.3532934131736527,False,0.0
8,14,"greater_than_or_equal(x[5], mul(x[7],add(x[5],add(x[2],x[5]))))",False,,,b273e6241ac446c8ee6db4bc01755f47,0.27544910179640714,False,0.0
8,14,"greater_than_or_equal(add(mul(x[7],x[7]),x[7]), add(sub(x[7],sub(mul(x[7],x[0]),sub(pdiv(x[2],x[7]),x[5]))),pdiv(x[2],x[7])))",False,,,5f813076c7b4d7151b9d3409dcf3f3da,0.592814371257485,False,0.0
8,14,"not_(less_than_or_equal(pdiv(x[5],x[5]),add(add(x[2],add(x[5],add(x[5],x[2]))),x[5])))",False,,,4e48843eb48f80b95f184486051730a9,0.6347305389221557,False,0.0
8,14,"greater_than_or_equal(x[5], x[2])",True,"not_(not_(less_than_or_equal(x[2],x[5])))",0.34730538922155685,4af53f79d9ad2ffac455113b88a02dd4,0.34730538922155685,False,0.0
8,14,"greater_than_or_equal(pdiv(x[5],x[5]), add(x[2],x[7]))",True,"less_than_or_equal(add(mul(x[7],pdiv(x[5],x[5])),x[2]),add(sub(x[7],x[7]),pdiv(69.44,sub(x[3],x[3]))))",0.19161676646706582,14c6e007ad625f3839f568e9ee8a86e1,0.19161676646706582,False,0.0
8,14,"greater_than_or_equal(x[5], mul(x[7],x[2]))",True,"less_than_or_equal(sub(mul(x[2],x[7]),mul(x[0],x[7])),x[5])",0.34730538922155685,67e5c7a497be3e968ea5c2bd6433af6d,0.33532934131736525,True,-0.0119760479041916
8,14,"not_(greater_than_or_equal(pdiv(pdiv(x[2],x[5]),mul(x[7],mul(add(x[7],add(x[5],x[5])),x[3]))), x[3]))",False,,,55320c087bbb68790a86f20b985ccaed,0.5868263473053892,False,0.0
8,14,"not_(less_than_or_equal(pdiv(x[5],x[5]),add(x[2],x[2])))",True,"not_(less_than_or_equal(pdiv(x[5],x[5]),add(x[2],x[2])))",0.25149700598802394,b1dd33075a09479c47bb17a355eef7af,0.25149700598802394,False,0.0
8,14,"greater_than_or_equal(x[5], mul(x[7],add(x[2],pdiv(x[5],x[5]))))",True,"greater_than_or_equal(x[5], mul(x[7],add(x[2],pdiv(x[5],x[5]))))",0.33532934131736525,bb5c1caa2e30ec7ef07b22f884640315,0.33532934131736525,False,0.0
8,14,"greater_than_or_equal(pdiv(x[0],add(x[5],x[7])), x[5])",True,"less_than_or_equal(x[5],x[0])",0.6227544910179641,2aedc6e15176de9ec0c909a1a3b35796,0.5988023952095809,True,-0.0239520958083832
8,14,"not_(less_than_or_equal(pdiv(x[5],x[3]),mul(pdiv(x[5],x[5]),x[2])))",True,"greater_than_or_equal(add(mul(x[0],x[3]),pdiv(x[5],x[3])), x[2])",0.3293413173652695,f0c5da2fb3fda6018ebf0885b8c1ea67,0.3293413173652695,False,0.0
8,14,"less_than_or_equal(add(mul(x[7],add(x[5],x[2])),add(sub(x[7],mul(x[0],x[0])),x[7])),pdiv(sub(mul(x[5],x[5]),x[2]),add(sub(x[7],x[7]),pdiv(x[5],x[5]))))",True,"not_(greater_than_or_equal(mul(x[7],94.75), pdiv(x[5],x[7])))",0.592814371257485,52404b4d21529572a063f5ca8a716295,0.592814371257485,False,0.0
8,14,"greater_than_or_equal(x[5], mul(x[7],mul(add(sub(x[2],x[7]),add(x[5],x[5])),add(sub(x[7],sub(x[3],mul(x[7],x[7]))),add(x[5],x[0])))))",False,,,66a409efc23f9a7acc0268e814b047ea,0.23952095808383234,False,0.0
8,14,"not_(less_than_or_equal(pdiv(x[5],x[7]),add(x[2],x[7])))",True,"greater_than_or_equal(x[5], mul(x[7],add(x[7],x[2])))",0.2455089820359282,dbe0ded9608d153cce360999e2a5fae7,0.2455089820359282,False,0.0
8,14,"greater_than_or_equal(x[5], mul(x[7],mul(mul(sub(x[2],x[7]),add(x[7],x[0])),x[5])))",True,"less_than_or_equal(x[2],x[2])",0.35928143712574845,bd082d42dcba8056510101f18394b575,0.35928143712574845,False,0.0
8,14,"greater_than_or_equal(sub(pdiv(x[5],x[7]),mul(x[7],add(x[5],add(sub(x[7],sub(x[3],mul(x[5],x[7]))),add(x[2],x[7]))))), x[2])",False,,,e7a9a54661baaaf268fb0c20f0076b03,0.23353293413173648,False,0.0
8,14,"greater_than_or_equal(add(pdiv(x[5],x[5]),add(x[2],x[7])), add(x[5],x[5]))",False,,,93d720f4c26bb9be50f629086db2b95d,0.437125748502994,False,0.0
8,14,"less_than_or_equal(pdiv(x[5],x[2]),add(sub(add(x[2],x[5]),add(add(x[2],x[0]),mul(x[3],x[7]))),pdiv(x[0],x[3])))",True,"greater_than_or_equal(add(mul(x[0],x[2]),sub(x[5],x[5])), x[3])",0.6467065868263473,fa4e4ff3d0ce108b3ddcb2e0d037d301,0.652694610778443,True,0.0059880239520957446
8,14,"greater_than_or_equal(pdiv(x[5],add(mul(mul(x[5],x[3]),x[3]),add(x[7],x[5]))), add(sub(x[2],x[5]),x[7]))",False,,,f499d40f7661cfce7f4ad350d654b9ee,0.28742514970059885,False,0.0
8,14,"greater_than_or_equal(sub(pdiv(x[5],x[7]),mul(add(30.93,pdiv(x[0],mul(x[3],x[7]))),add(x[5],x[2]))), add(sub(x[7],sub(x[5],mul(x[5],x[5]))),add(x[5],x[2])))",True,"less_than_or_equal(mul(mul(x[7],x[7]),74.75),add(x[7],x[7]))",0.6227544910179641,83475aff34f9e2eb2174b5d809ea1882,0.6347305389221557,True,0.0119760479041916
8,14,"greater_than_or_equal(x[5], mul(x[3],mul(add(sub(x[2],pdiv(x[5],x[5])),x[5]),add(sub(x[7],sub(mul(pdiv(mul(x[5],x[7]),add(x[2],x[7])),x[2]),add(x[2],x[3]))),add(pdiv(x[3],pdiv(x[7],add(x[2],x[7]))),pdiv(x[3],x[7]))))))",False,,,05f0c63bdfe75317495e63906ffbac80,0.29940119760479045,False,0.0
8,14,"greater_than_or_equal(x[5], mul(sub(x[2],add(sub(x[7],x[7]),add(x[5],x[5]))),add(sub(add(x[2],x[5]),pdiv(x[2],sub(x[2],x[3]))),x[3])))",False,,,17b452b1e53ee203e1d7f2e9adc80ec9,0.39520958083832336,False,0.0
8,14,"less_than_or_equal(add(add(x[7],x[7]),add(x[7],add(x[5],x[2]))),add(sub(x[7],x[7]),pdiv(x[5],x[3])))",False,,,ffda58ce01c9ebe654d6690a7f01492b,0.5029940119760479,False,0.0
8,14,"greater_than_or_equal(pdiv(x[3],x[7]), x[2])",True,"greater_than_or_equal(x[5], mul(x[7],mul(add(sub(x[7],x[7]),x[2]),add(sub(x[7],x[7]),pdiv(x[5],x[3])))))",0.2934131736526946,c999647c3f8349901a4892cae2cb97f9,0.29940119760479045,True,0.005988023952095856
8,14,"greater_than_or_equal(x[5], mul(x[7],pdiv(x[5],pdiv(x[5],pdiv(mul(x[2],pdiv(pdiv(x[7],x[2]),x[2])),x[5])))))",False,,,84624d6932a9ab54554e0528601912a6,0.4970059880239521,False,0.0
8,14,"not_(less_than_or_equal(mul(x[5],x[7]),add(x[5],mul(x[5],x[5]))))",True,not_(x[6]),0.6347305389221557,b4068ba57b63c959651c969331c4b5cd,0.6407185628742516,True,0.005988023952095856
8,14,"greater_than_or_equal(x[5], mul(x[7],mul(add(sub(x[2],x[7]),add(x[5],x[3])),mul(sub(x[7],sub(x[3],mul(x[5],x[7]))),add(x[2],x[7])))))",False,,,b787b463e5fee43bca26cbfa8a77f872,0.29940119760479045,False,0.0
8,14,"less_than_or_equal(mul(mul(x[7],mul(pdiv(x[5],x[3]),mul(add(x[7],x[2]),pdiv(pdiv(x[7],mul(x[0],x[5])),x[7])))),pdiv(x[5],x[5])),mul(x[5],add(x[2],x[5])))",False,,,26a76e856e1694bd48f74f621981046c,0.5089820359281437,False,0.0
8,14,"not_(less_than_or_equal(pdiv(mul(mul(x[7],add(x[3],mul(x[5],add(x[5],x[3])))),mul(x[7],mul(x[7],x[0]))),x[7]),add(x[2],x[0])))",False,,,cc3154800271149efc3821c12c87195a,0.6407185628742516,False,0.0
8,14,"greater_than_or_equal(x[5], mul(x[5],add(x[7],mul(x[5],mul(mul(x[7],add(x[2],x[2])),97.93)))))",False,,,1d2344cae4997d5d675e6a5ff81c49e9,0.5449101796407185,False,0.0
8,14,"less_than_or_equal(x[3],x[7])",True,"greater_than_or_equal(x[7], x[3])",0.6646706586826348,d5925f4b2448dec895a429c6f44b5edc,0.6646706586826348,False,0.0
8,14,"not_(less_than_or_equal(pdiv(x[5],x[2]),add(x[5],pdiv(x[5],mul(x[7],add(x[5],x[3]))))))",False,,,2a4b796a29428bae3beb6d93bf052ed1,0.5149700598802396,False,0.0
8,14,"greater_than_or_equal(x[7], mul(pdiv(x[3],x[5]),x[5]))",True,"greater_than_or_equal(x[7], x[3])",0.6646706586826348,d5925f4b2448dec895a429c6f44b5edc,0.6646706586826348,False,0.0
8,14,"greater_than_or_equal(mul(x[2],add(add(x[5],x[2]),x[5])), mul(x[7],add(x[7],x[2])))",False,,,61269b891092faaf663556ab10b4679b,0.3892215568862275,False,0.0
8,14,"not_(greater_than_or_equal(pdiv(x[5],x[7]), add(add(pdiv(x[5],x[5]),add(x[2],x[2])),x[5])))",False,,,3cb92c03029af7ec939f1f37fd979422,0.6107784431137724,False,0.0
8,14,"less_than_or_equal(add(mul(x[7],pdiv(x[3],x[5])),x[2]),add(sub(x[7],x[7]),pdiv(29.44,sub(x[7],x[3]))))",True,"greater_than_or_equal(x[7], x[3])",0.6646706586826348,d5925f4b2448dec895a429c6f44b5edc,0.6646706586826348,False,0.0
8,14,"not_(less_than_or_equal(pdiv(x[5],x[7]),add(mul(x[7],add(x[5],x[5])),x[3])))",True,"not_(less_than_or_equal(pdiv(x[5],x[7]),add(mul(x[7],add(x[5],x[5])),x[3])))",0.2455089820359282,7e914a1577c377bef9099ea6df1a7218,0.2455089820359282,False,0.0
8,14,"greater_than_or_equal(pdiv(add(pdiv(x[3],x[7]),x[2]),add(x[5],x[2])), add(x[7],sub(x[5],x[7])))",True,"greater_than_or_equal(pdiv(add(pdiv(x[3],x[7]),x[2]),add(x[5],x[2])), x[5])",0.3413173652694611,441281ab83ce63ca4a39b623d24e4379,0.3413173652694611,False,0.0
8,14,"less_than_or_equal(add(x[5],mul(x[7],mul(x[5],mul(mul(add(x[7],x[5]),x[2]),add(08.63,mul(mul(x[5],mul(mul(x[5],add(x[3],add(sub(x[3],x[7]),x[5]))),add(sub(x[7],pdiv(x[5],x[5])),add(x[2],x[2])))),x[0])))))),add(add(x[2],x[3]),add(x[2],x[5])))",False,,,2e7d8551d4617dab9a2e01fcc3aad188,0.25149700598802394,False,0.0
8,14,"greater_than_or_equal(add(sub(x[7],sub(x[3],mul(x[5],x[3]))),mul(x[2],x[2])), x[2])",False,,,37cb052f34e965fe92a3f0d5f0f718ab,0.6586826347305389,False,0.0
8,14,"greater_than_or_equal(pdiv(x[7],add(mul(sub(x[7],x[2]),mul(x[2],x[3])),add(pdiv(x[3],pdiv(x[7],add(pdiv(sub(x[7],pdiv(x[3],x[7])),x[3]),x[5]))),x[5]))), add(x[2],x[5]))",False,,,ac67b59c902c85584b2007fed7093c94,0.6407185628742516,False,0.0
8,14,"greater_than_or_equal(add(x[5],x[5]), add(x[2],x[0]))",True,"greater_than_or_equal(add(x[5],x[5]), add(x[2],x[0]))",0.35928143712574845,c95a929308099bb4dbd5028525b67541,0.35928143712574845,False,0.0
8,14,"greater_than_or_equal(pdiv(add(x[2],x[2]),x[5]), add(x[5],add(x[2],x[2])))",False,,,75bbe604da76a85d43f305f3efdfee1b,0.4970059880239521,False,0.0
8,14,"greater_than_or_equal(x[5], mul(x[7],pdiv(x[2],x[3])))",True,"less_than_or_equal(add(add(x[7],x[2]),sub(x[2],x[3])),pdiv(pdiv(x[5],pdiv(mul(x[2],x[7]),x[3])),pdiv(x[5],x[5])))",0.28742514970059885,79769f6524bbe89cfcfd7d3d316f2bea,0.3053892215568862,True,0.017964071856287345
8,14,"greater_than_or_equal(sub(x[7],sub(x[3],mul(x[5],x[7]))), add(x[2],x[7]))",False,,,a02a59724239744183218423195df553,0.6407185628742516,False,0.0
8,14,"greater_than_or_equal(x[5], mul(x[7],mul(add(sub(x[2],x[7]),add(x[5],x[5])),pdiv(x[5],mul(x[7],sub(add(sub(x[7],x[7]),x[2]),mul(sub(67.41,x[5]),sub(pdiv(x[5],x[7]),x[3]))))))))",True,"less_than_or_equal(x[2],x[2])",0.35928143712574845,bd082d42dcba8056510101f18394b575,0.3652694610778443,True,0.005988023952095856
8,14,"greater_than_or_equal(mul(x[7],add(x[2],x[7])), x[2])",False,,,65ee96f1c68e614367756908444247fb,0.6407185628742516,False,0.0
8,14,"greater_than_or_equal(x[0], mul(x[7],mul(add(sub(x[2],x[7]),add(x[5],x[5])),add(sub(x[7],sub(x[3],mul(pdiv(x[0],x[3]),mul(mul(x[2],add(x[7],x[7])),x[5])))),x[5]))))",False,,,2845aa7bce5c4afe787661bbc4486d48,0.5149700598802396,False,0.0
8,14,"less_than_or_equal(mul(mul(x[7],mul(x[3],add(x[5],mul(x[5],add(add(add(x[7],add(x[7],x[3])),x[3]),x[3]))))),x[7]),x[3])",False,,,6245bd652fc30599facde6a07fc01899,0.2574850299401198,False,0.0
8,14,"not_(less_than_or_equal(pdiv(x[3],add(add(x[5],x[2]),x[3])),x[5]))",False,,,e3846c8270f778f7a8bd2b6c9d115df6,0.5269461077844311,False,0.0
8,14,"greater_than_or_equal(x[2], sub(sub(sub(sub(x[7],mul(x[5],x[5])),add(x[2],x[7])),pdiv(x[3],x[7])),x[3]))",True,"less_than_or_equal(x[2],x[2])",0.35928143712574845,bd082d42dcba8056510101f18394b575,0.35928143712574845,False,0.0
8,14,"greater_than_or_equal(pdiv(add(mul(x[7],add(pdiv(sub(x[7],sub(mul(x[7],x[2]),sub(pdiv(x[3],x[5]),x[3]))),x[7]),x[3])),x[7]),mul(x[7],x[5])), x[3])",True,"less_than_or_equal(x[2],x[2])",0.35928143712574845,bd082d42dcba8056510101f18394b575,0.35928143712574845,False,0.0
8,14,"less_than_or_equal(add(add(x[7],x[2]),sub(x[2],x[3])),x[0])",False,,,a202cb93c0284e1c910d255101ad868c,0.44311377245508987,False,0.0
8,14,"greater_than_or_equal(x[5], mul(x[7],add(x[5],pdiv(pdiv(x[3],x[3]),add(x[7],x[5])))))",True,"greater_than_or_equal(x[5], mul(x[7],add(x[7],pdiv(69.44,sub(x[3],x[3])))))",0.33532934131736525,0f74d2b510468dfb01b807a5013ba7de,0.39520958083832336,True,0.05988023952095811
8,14,"greater_than_or_equal(sub(pdiv(x[5],x[7]),mul(x[7],mul(mul(mul(x[0],x[5]),x[5]),add(pdiv(x[5],add(pdiv(x[5],x[2]),x[3])),mul(x[7],pdiv(x[5],x[5])))))), x[5])",False,,,14a40dcc5fc8cca69f3183d0019937d0,0.33532934131736525,False,0.0
8,14,"not_(less_than_or_equal(pdiv(x[5],x[5]),add(mul(x[5],x[7]),x[2])))",False,,,27e620cad3b31e18f78f8d0da02ad640,0.27544910179640714,False,0.0
8,14,"less_than_or_equal(x[2],x[5])",True,"not_(not_(less_than_or_equal(x[2],x[5])))",0.34730538922155685,4af53f79d9ad2ffac455113b88a02dd4,0.34730538922155685,False,0.0
8,14,"greater_than_or_equal(pdiv(sub(pdiv(add(x[2],x[2]),add(x[2],x[0])),x[7]),x[7]), add(sub(x[7],sub(x[7],x[5])),add(pdiv(x[5],add(x[5],x[2])),x[5])))",False,,,be9724675904518c8f975fbb12333463,0.29940119760479045,False,0.0
8,14,"not_(greater_than_or_equal(x[7], add(mul(x[3],x[7]),add(pdiv(mul(x[5],add(sub(x[7],sub(x[5],mul(x[5],x[5]))),add(x[5],x[2]))),mul(x[7],pdiv(mul(x[5],x[5]),x[0]))),sub(sub(x[2],x[7]),pdiv(x[2],x[5]))))))",False,,,c0103b727d404631820140e5728ec96c,0.3293413173652695,False,0.0
8,14,"greater_than_or_equal(x[5], mul(x[7],mul(add(sub(mul(x[5],x[3]),x[3]),add(x[7],x[5])),pdiv(sub(x[2],x[5]),x[7]))))",True,"not_(less_than_or_equal(x[5],mul(sub(x[7],x[3]),pdiv(add(x[3],x[2]),pdiv(add(x[7],x[3]),x[7])))))",0.34730538922155685,3b46afc2f14a2cc94c0c2d536316b682,0.34730538922155685,False,0.0
8,14,"greater_than_or_equal(x[5], mul(x[7],add(39.45,x[5])))",True,not_(x[6]),0.6347305389221557,b4068ba57b63c959651c969331c4b5cd,0.6347305389221557,False,0.0
8,14,"greater_than_or_equal(add(pdiv(x[5],add(pdiv(add(x[5],x[0]),mul(add(pdiv(x[7],add(x[5],x[2])),add(sub(x[7],sub(x[5],mul(x[5],x[5]))),add(x[5],x[5]))),mul(x[7],pdiv(add(x[5],x[5]),x[5])))),x[5])),x[2]), add(x[7],x[0]))",False,,,dc1b0edf479d2648072031d3ce67e3fd,0.437125748502994,False,0.0
8,14,"greater_than_or_equal(x[3], mul(x[3],mul(x[7],x[3])))",True,"less_than_or_equal(x[2],x[2])",0.35928143712574845,bd082d42dcba8056510101f18394b575,0.35928143712574845,False,0.0
8,14,"greater_than_or_equal(x[2], x[3])",True,"not_(less_than_or_equal(pdiv(x[5],x[5]),add(x[2],sub(pdiv(x[3],x[2]),add(mul(x[2],x[7]),mul(x[2],x[3]))))))",0.6586826347305389,97992d1c6392ce2361e75a580fad0a69,0.6347305389221557,True,-0.0239520958083832
8,14,"less_than_or_equal(add(add(x[7],x[2]),pdiv(x[3],x[3])),mul(x[5],mul(sub(x[5],add(x[3],add(sub(x[3],x[7]),x[5]))),mul(sub(x[7],x[3]),x[7]))))",True,not_(x[6]),0.6347305389221557,b4068ba57b63c959651c969331c4b5cd,0.6407185628742516,True,0.005988023952095856
8,14,"greater_than_or_equal(pdiv(x[3],x[7]), mul(add(sub(x[2],x[7]),add(x[5],74.75)),sub(x[7],x[7])))",True,"less_than_or_equal(x[2],x[2])",0.35928143712574845,bd082d42dcba8056510101f18394b575,0.35928143712574845,False,0.0
8,14,"less_than_or_equal(add(mul(x[7],pdiv(x[5],add(mul(sub(x[7],sub(x[3],mul(x[5],x[7]))),add(x[2],x[7])),x[2]))),add(x[2],x[3])),add(pdiv(x[3],pdiv(x[7],add(x[2],sub(sub(pdiv(x[3],x[7]),x[3]),x[5])))),x[5]))",False,,,3832d3d7085b4a878ac24f4e4d08f3a1,0.41916167664670656,False,0.0
8,14,"greater_than_or_equal(sub(pdiv(x[5],add(x[0],add(x[5],x[0]))),mul(x[3],x[7])), pdiv(x[0],x[3]))",False,,,13cb58b35df018010271d8c12e73c916,0.35928143712574845,False,0.0
8,14,"not_(less_than_or_equal(pdiv(x[5],sub(add(add(x[2],x[5]),x[5]),add(x[7],pdiv(x[3],x[3])))),add(x[7],x[5])))",False,,,65392a2aec9e7c7f4c22da9a7f1bb4fc,0.5329341317365269,False,0.0
8,14,"not_(less_than_or_equal(pdiv(x[5],x[7]),add(x[7],x[5])))",True,"greater_than_or_equal(x[5], mul(x[7],add(x[7],x[5])))",0.22754491017964074,051dec5cdded21754165aaf5f887a47e,0.22754491017964074,False,0.0
8,14,"greater_than_or_equal(x[5], mul(x[7],x[3]))",True,"not_(less_than_or_equal(pdiv(x[5],x[3]),x[7]))",0.3413173652694611,e691e9faf9d6cf6a1c64f756c672a16e,0.3413173652694611,False,0.0
8,14,"greater_than_or_equal(x[3], mul(x[3],mul(x[7],add(x[5],pdiv(39.79,pdiv(x[0],x[2]))))))",False,,,1a0fe42ee5cc5e77f815b0f51d458d8d,0.39520958083832336,False,0.0
8,14,"greater_than_or_equal(x[0], x[7])",True,"less_than_or_equal(x[7],x[0])",0.5449101796407185,be077d9307e8548c7420a3c3b9c6aaf2,0.5449101796407185,False,0.0
8,14,"less_than_or_equal(add(x[5],mul(x[7],mul(x[5],mul(mul(add(x[7],x[5]),x[2]),add(08.63,sub(mul(x[5],mul(mul(x[5],add(x[3],add(add(x[3],x[7]),x[5]))),add(sub(x[7],x[3]),x[7]))),sub(x[3],x[7]))))))),add(pdiv(x[5],x[5]),add(x[2],x[5])))",True,"less_than_or_equal(add(x[5],mul(x[7],mul(x[5],mul(mul(add(x[7],x[5]),x[2]),add(08.63,mul(mul(x[5],mul(mul(x[5],add(x[3],add(sub(x[3],x[7]),x[5]))),add(sub(x[7],pdiv(x[5],x[5])),add(x[2],x[2])))),x[0])))))),add(add(x[2],x[3]),add(x[2],x[5])))",0.25149700598802394,2e7d8551d4617dab9a2e01fcc3aad188,0.22754491017964074,True,-0.0239520958083832
8,14,"greater_than_or_equal(x[5], x[5])",True,"less_than_or_equal(x[2],x[2])",0.35928143712574845,bd082d42dcba8056510101f18394b575,0.35928143712574845,False,0.0
8,14,"greater_than_or_equal(pdiv(mul(x[0],x[2]),x[5]), mul(x[7],add(x[7],x[2])))",True,"greater_than_or_equal(sub(pdiv(x[0],x[7]),mul(x[0],mul(x[7],pdiv(x[5],x[5])))), add(x[5],x[2]))",0.5209580838323353,cf4001fac02c200e00593502b05291c0,0.5568862275449102,True,0.03592814371257491
8,14,"greater_than_or_equal(add(pdiv(x[5],x[5]),add(x[5],x[0])), mul(x[7],add(x[5],pdiv(x[5],x[5]))))",True,"less_than_or_equal(x[2],x[2])",0.35928143712574845,bd082d42dcba8056510101f18394b575,0.35928143712574845,False,0.0
8,14,"greater_than_or_equal(x[5], mul(x[5],add(x[2],x[2])))",True,"not_(less_than_or_equal(pdiv(x[5],x[5]),add(x[2],x[2])))",0.25149700598802394,b1dd33075a09479c47bb17a355eef7af,0.25149700598802394,False,0.0
8,14,"greater_than_or_equal(x[5], x[2])",True,"not_(not_(less_than_or_equal(x[2],x[5])))",0.34730538922155685,4af53f79d9ad2ffac455113b88a02dd4,0.34730538922155685,False,0.0
8,14,"greater_than_or_equal(x[5], mul(x[7],mul(add(sub(x[2],x[5]),add(x[5],x[5])),add(sub(x[7],sub(x[3],mul(x[5],x[7]))),add(x[5],x[5])))))",False,,,0b216bc2dbf064d25526022ed8cf67d5,0.2574850299401198,False,0.0
8,14,"not_(less_than_or_equal(pdiv(x[5],09.41),x[7]))",True,"not_(greater_than_or_equal(mul(x[7],94.75), pdiv(x[5],x[7])))",0.592814371257485,52404b4d21529572a063f5ca8a716295,0.6227544910179641,True,0.029940119760479056
8,14,"not_(greater_than_or_equal(pdiv(x[5],x[7]), add(x[5],mul(x[5],x[7]))))",False,,,f29793e0e2b0f95a008198d180e09898,0.7784431137724551,False,0.0
8,14,"greater_than_or_equal(pdiv(add(add(pdiv(sub(x[5],x[7]),x[3]),x[3]),x[3]),x[7]), x[3])",False,,,0373808e561ef910379d12d605dea5df,0.35928143712574845,False,0.0
8,14,"greater_than_or_equal(pdiv(x[5],x[5]), add(x[0],x[2]))",True,"not_(less_than_or_equal(pdiv(x[5],x[5]),add(x[0],x[2])))",0.34730538922155685,c426607f0a92b79fd094d06b3453a190,0.34730538922155685,False,0.0
8,14,"not_(less_than_or_equal(pdiv(x[5],x[5]),add(mul(x[2],pdiv(mul(add(x[7],add(x[3],x[2])),x[7]),mul(x[5],x[5]))),mul(x[5],x[3]))))",False,,,ea3a810eed6d38f5012edb578408674b,0.2694610778443114,False,0.0
8,14,"greater_than_or_equal(pdiv(sub(pdiv(add(x[2],x[2]),add(x[2],x[0])),x[7]),x[7]), add(sub(x[7],sub(x[7],x[5])),add(x[2],x[3])))",False,,,4a675b05d0a5b07f9c4143ca2199f630,0.2694610778443114,False,0.0
8,14,"greater_than_or_equal(x[5], mul(x[5],pdiv(x[7],add(mul(x[3],x[7]),add(x[5],x[2])))))",False,,,2dfaef03f98a8fa4d6a28f0797041a1c,0.3532934131736527,False,0.0
8,14,"greater_than_or_equal(x[5], mul(x[5],add(add(x[2],x[7]),add(x[5],x[5]))))",False,,,c2e79ecaf076eaafc6d9a84544030ac3,0.562874251497006,False,0.0
8,14,"not_(less_than_or_equal(pdiv(x[5],x[5]),x[7]))",True,"not_(less_than_or_equal(pdiv(x[5],x[5]),add(pdiv(x[2],96.92),x[7])))",0.39520958083832336,db0e6c3409e9b2885c8014a7de8788af,0.39520958083832336,False,0.0
8,14,"greater_than_or_equal(pdiv(x[5],add(x[5],x[0])), mul(x[3],x[3]))",True,"greater_than_or_equal(pdiv(x[5],add(x[5],x[0])), mul(x[3],x[3]))",0.3293413173652695,d2c04278ab69e36db4c078fe5d9e3e98,0.3293413173652695,False,0.0
8,14,"not_(less_than_or_equal(pdiv(pdiv(x[5],x[5]),add(x[2],x[5])),mul(x[5],add(pdiv(x[3],pdiv(x[5],add(x[5],mul(x[0],x[7])))),add(x[7],pdiv(x[3],x[5]))))))",False,,,3a92c70e735195afe2522c8360ea768a,0.29940119760479045,False,0.0
8,14,"not_(greater_than_or_equal(pdiv(x[5],add(x[2],x[5])), x[5]))",True,"greater_than_or_equal(add(x[2],x[5]), pdiv(x[7],x[7]))",0.7544910179640718,3db16fa16df21b15852938a2c3f9a18b,0.7544910179640718,False,0.0
8,14,"greater_than_or_equal(x[2], pdiv(pdiv(x[5],x[5]),add(x[2],x[3])))",False,,,7241df519795e12232ad85f84748a247,0.6766467065868264,False,0.0
8,14,"greater_than_or_equal(pdiv(x[3],mul(x[2],x[2])), x[5])",False,,,215deedb9834eac1ff9d681d4b03aebf,0.3053892215568862,False,0.0
8,14,"greater_than_or_equal(sub(pdiv(x[3],x[7]),x[2]), add(x[5],x[2]))",True,"greater_than_or_equal(sub(pdiv(x[3],x[7]),x[2]), add(x[5],x[2]))",0.281437125748503,1e8943a554b084e298535ce32448aca2,0.281437125748503,False,0.0
8,14,"not_(less_than_or_equal(pdiv(x[5],x[0]),add(x[7],x[7])))",True,"not_(less_than_or_equal(pdiv(x[5],x[0]),add(x[7],x[7])))",0.3413173652694611,32c34062dce7239fd4a1b77d536d06a6,0.3413173652694611,False,0.0
8,14,"greater_than_or_equal(x[5], x[5])",True,"less_than_or_equal(x[2],x[2])",0.35928143712574845,bd082d42dcba8056510101f18394b575,0.35928143712574845,False,0.0
8,14,"greater_than_or_equal(pdiv(x[5],add(x[2],x[5])), mul(x[7],x[2]))",True,"less_than_or_equal(mul(mul(x[7],x[2]),add(x[5],x[2])),x[5])",0.28742514970059885,4ae7d23fb296374221971282b09dd9ba,0.28742514970059885,False,0.0
8,14,"greater_than_or_equal(add(x[3],add(sub(mul(mul(x[7],x[5]),x[3]),x[7]),x[0])), x[7])",False,,,8e41179e078e38b5dd576acfd19ed375,0.3772455089820359,False,0.0
8,14,"greater_than_or_equal(pdiv(x[5],x[5]), mul(x[5],mul(x[3],pdiv(x[5],x[7]))))",True,"less_than_or_equal(x[5],pdiv(x[7],x[3]))",0.5389221556886228,e639a05c0cec8a9ed833becfccaedc3d,0.4491017964071856,True,-0.08982035928143717
8,14,"less_than_or_equal(mul(mul(x[7],add(x[5],x[2])),add(add(x[5],x[2]),x[5])),mul(x[7],add(x[7],x[2])))",False,,,5286cfad7f1e1f1ec2c35daaae515b21,0.5748502994011976,False,0.0
8,14,"not_(less_than_or_equal(x[2],x[2]))",True,not_(x[6]),0.6347305389221557,b4068ba57b63c959651c969331c4b5cd,0.6407185628742516,True,0.005988023952095856
8,14,"not_(less_than_or_equal(x[2],x[7]))",True,"less_than_or_equal(add(x[5],x[7]),add(x[5],x[2]))",0.5269461077844311,544b4f45aa71542bcadfaa9d165fdbeb,0.5269461077844311,False,0.0
8,14,"not_(less_than_or_equal(pdiv(x[5],x[5]),pdiv(21.17,add(x[2],add(x[7],x[7])))))",True,not_(x[6]),0.6347305389221557,b4068ba57b63c959651c969331c4b5cd,0.6407185628742516,True,0.005988023952095856
8,14,"less_than_or_equal(x[2],x[7])",True,"less_than_or_equal(pdiv(add(x[2],x[5]),sub(x[2],x[7])),mul(mul(x[2],x[3]),mul(x[5],x[7])))",0.4730538922155688,6a9a868ce645e54c16a03959cbdb37f6,0.4730538922155688,False,0.0
8,14,"not_(less_than_or_equal(pdiv(x[5],pdiv(x[5],x[5])),add(x[0],x[7])))",True,"not_(less_than_or_equal(x[5],mul(add(x[0],x[7]),pdiv(x[5],x[5]))))",0.3772455089820359,0f7386cc457ca3b9686048078d9e826b,0.3772455089820359,False,0.0
8,14,"greater_than_or_equal(sub(pdiv(x[3],x[5]),97.47), add(sub(x[7],x[7]),pdiv(x[3],x[7])))",True,not_(x[6]),0.6347305389221557,b4068ba57b63c959651c969331c4b5cd,0.6407185628742516,True,0.005988023952095856
8,14,"not_(less_than_or_equal(x[7],x[7]))",True,not_(x[6]),0.6347305389221557,b4068ba57b63c959651c969331c4b5cd,0.6407185628742516,True,0.005988023952095856
8,14,"greater_than_or_equal(pdiv(x[5],add(x[2],x[5])), x[5])",True,"not_(less_than_or_equal(pdiv(x[5],x[5]),add(x[5],x[2])))",0.2455089820359282,5825d6d8d32996f2f81bb41cc0bfa92f,0.2455089820359282,False,0.0
8,14,"less_than_or_equal(add(mul(x[7],pdiv(x[5],x[5])),x[2]),add(sub(x[7],x[7]),pdiv(69.44,sub(x[3],x[3]))))",True,"less_than_or_equal(add(mul(x[7],pdiv(x[5],x[5])),x[2]),add(sub(x[7],x[7]),pdiv(69.44,sub(x[3],x[3]))))",0.19161676646706582,14c6e007ad625f3839f568e9ee8a86e1,0.1428571428571429,True,-0.04875962360992292
8,15,"greater_than_or_equal(sub(pdiv(x[5],x[7]),x[3]), add(x[7],sub(x[5],x[5])))",True,"greater_than_or_equal(x[5], mul(x[7],add(x[3],x[7])))",0.31137724550898205,6631d5a50f9f01ea8de86be5bd55c79c,0.31137724550898205,False,0.0
8,15,"greater_than_or_equal(add(pdiv(x[3],64.30),x[5]), x[5])",True,"less_than_or_equal(x[2],x[2])",0.35928143712574845,bd082d42dcba8056510101f18394b575,0.35928143712574845,False,0.0
8,15,"not_(less_than_or_equal(pdiv(pdiv(pdiv(x[2],x[5]),x[5]),x[3]),x[3]))",False,,,0f4ee06690ff7747ac60e5aed62c0951,0.45508982035928147,False,0.0
8,15,"greater_than_or_equal(x[5], mul(x[7],add(x[2],x[5])))",True,"greater_than_or_equal(x[5], mul(x[7],add(x[5],x[2])))",0.23353293413173648,49521aab13419e9d4582e656c37790ef,0.23353293413173648,False,0.0
8,15,"greater_than_or_equal(x[5], mul(x[5],mul(x[7],x[2])))",True,"less_than_or_equal(x[2],x[2])",0.35928143712574845,bd082d42dcba8056510101f18394b575,0.35928143712574845,False,0.0
8,15,"greater_than_or_equal(pdiv(x[5],add(x[2],pdiv(x[5],x[2]))), add(pdiv(mul(x[5],x[5]),x[0]),sub(sub(x[2],x[0]),mul(x[5],x[5]))))",False,,,715438f483077f76ae617507d21c420a,0.6047904191616766,False,0.0
8,15,"greater_than_or_equal(sub(pdiv(x[5],x[7]),x[2]), x[5])",True,"greater_than_or_equal(x[5], mul(x[7],add(x[5],x[2])))",0.23353293413173648,49521aab13419e9d4582e656c37790ef,0.23353293413173648,False,0.0
8,15,"not_(less_than_or_equal(pdiv(x[5],x[7]),add(x[5],mul(x[5],add(x[2],pdiv(x[3],x[7]))))))",False,,,4098c7aafe019bb49392f0d81ada4e33,0.3053892215568862,False,0.0
8,15,"not_(less_than_or_equal(pdiv(x[5],x[5]),add(x[7],x[2])))",True,"less_than_or_equal(add(mul(x[7],pdiv(x[5],x[5])),x[2]),add(sub(x[7],x[7]),pdiv(69.44,sub(x[3],x[3]))))",0.19161676646706582,14c6e007ad625f3839f568e9ee8a86e1,0.19161676646706582,False,0.0
8,15,"greater_than_or_equal(pdiv(x[5],x[5]), add(x[5],x[2]))",True,"not_(less_than_or_equal(pdiv(x[5],x[5]),add(x[5],x[2])))",0.2455089820359282,5825d6d8d32996f2f81bb41cc0bfa92f,0.2455089820359282,False,0.0
8,15,"greater_than_or_equal(x[5], mul(x[7],add(x[3],pdiv(x[3],x[5]))))",True,"not_(less_than_or_equal(pdiv(x[5],mul(pdiv(add(x[2],add(x[7],pdiv(x[5],x[5]))),x[5]),x[3])),x[7]))",0.40718562874251496,805191879a70cf01a8bbb7e88b0c407c,0.4011976047904192,True,-0.0059880239520957446
8,15,"greater_than_or_equal(x[3], mul(x[3],mul(sub(x[7],x[5]),add(x[2],x[5]))))",True,"less_than_or_equal(x[2],x[2])",0.35928143712574845,bd082d42dcba8056510101f18394b575,0.35928143712574845,False,0.0
8,15,"not_(less_than_or_equal(add(x[5],x[0]),add(sub(x[7],sub(x[5],mul(x[5],x[5]))),mul(x[3],x[2]))))",False,,,bab70e2fcb052f77aa3ef314c8cba22d,0.32335329341317365,False,0.0
8,15,"greater_than_or_equal(sub(pdiv(x[5],x[5]),x[5]), x[5])",True,"not_(less_than_or_equal(pdiv(x[5],x[5]),add(x[5],x[5])))",0.4491017964071856,2218a51fb25443ecfeb7d4f388f41f4b,0.4491017964071856,False,0.0
8,15,"not_(greater_than_or_equal(x[7], mul(mul(x[3],x[7]),add(mul(mul(x[5],add(sub(x[7],sub(x[5],mul(x[5],x[5]))),add(x[5],x[2]))),mul(x[7],pdiv(sub(x[5],x[5]),x[5]))),x[5]))))",True,not_(x[6]),0.6347305389221557,b4068ba57b63c959651c969331c4b5cd,0.6407185628742516,True,0.005988023952095856
8,15,"greater_than_or_equal(pdiv(x[5],pdiv(x[5],x[5])), add(x[2],x[7]))",True,"greater_than_or_equal(x[5], mul(x[7],add(x[2],pdiv(x[5],x[5]))))",0.33532934131736525,bb5c1caa2e30ec7ef07b22f884640315,0.3892215568862275,True,0.053892215568862256
8,15,"greater_than_or_equal(x[5], add(x[2],x[7]))",True,"greater_than_or_equal(x[5], mul(x[7],add(x[2],pdiv(x[5],x[5]))))",0.33532934131736525,bb5c1caa2e30ec7ef07b22f884640315,0.3892215568862275,True,0.053892215568862256
8,15,"greater_than_or_equal(pdiv(x[5],add(add(x[5],x[2]),x[5])), mul(x[7],add(x[7],x[2])))",False,,,e395e33ad0711410c4310669d35f09ad,0.23353293413173648,False,0.0
8,15,"greater_than_or_equal(sub(pdiv(x[5],x[2]),x[5]), x[5])",True,"greater_than_or_equal(sub(pdiv(x[5],x[2]),x[5]), x[5])",0.2694610778443114,72989f9209d2ae9398572032465ff70a,0.2694610778443114,False,0.0
8,15,"greater_than_or_equal(add(pdiv(x[5],x[5]),add(x[5],x[0])), mul(add(pdiv(x[7],pdiv(x[5],x[2])),add(sub(x[7],sub(x[5],add(x[5],x[5]))),add(x[5],x[5]))),x[2]))",False,,,f4cfa65982e5b7d995817f0f24bbe2a4,0.26347305389221554,False,0.0
8,15,"not_(greater_than_or_equal(mul(x[5],x[3]), mul(add(pdiv(x[5],x[3]),x[7]),add(pdiv(pdiv(x[7],x[7]),add(x[5],x[2])),mul(x[5],x[2])))))",True,"less_than_or_equal(x[2],x[2])",0.35928143712574845,bd082d42dcba8056510101f18394b575,0.35928143712574845,False,0.0
8,15,"less_than_or_equal(add(mul(x[7],pdiv(x[5],x[5])),x[2]),add(sub(44.51,x[5]),mul(x[7],add(x[7],mul(x[3],x[2])))))",True,"less_than_or_equal(x[2],x[2])",0.35928143712574845,bd082d42dcba8056510101f18394b575,0.35928143712574845,False,0.0
8,15,"greater_than_or_equal(x[5], add(mul(sub(x[0],x[7]),x[3]),x[3]))",False,,,6b9f9e7ac08e1133c18f4eb49f17b3a7,0.4491017964071856,False,0.0
8,15,"not_(less_than_or_equal(add(x[5],x[3]),add(sub(x[7],sub(mul(mul(x[7],x[2]),add(x[5],x[2])),x[5])),x[5])))",False,,,18f0202d1c0db5d6820a36955a24e9b2,0.5988023952095809,False,0.0
8,15,"less_than_or_equal(x[5],mul(x[5],x[5]))",True,"greater_than_or_equal(x[5], pdiv(x[2],x[2]))",0.688622754491018,d77781efe7d80c80545f6897faedc30c,0.6826347305389222,True,-0.0059880239520957446
8,15,"greater_than_or_equal(mul(add(pdiv(74.39,pdiv(x[2],x[2])),add(x[2],x[0])),x[7]), x[7])",True,"less_than_or_equal(x[2],x[2])",0.35928143712574845,bd082d42dcba8056510101f18394b575,0.35928143712574845,False,0.0
8,15,"less_than_or_equal(mul(mul(x[7],x[2]),add(x[3],add(x[2],x[5]))),x[7])",False,,,5c9531b55593a0bf89b643d8cee74a0f,0.2694610778443114,False,0.0
8,15,"greater_than_or_equal(x[5], mul(x[7],pdiv(x[2],x[5])))",False,,,676818391b19536bb53d829499a7749f,0.33532934131736525,False,0.0
8,15,"less_than_or_equal(mul(mul(x[7],x[2]),add(x[5],x[2])),pdiv(pdiv(x[5],add(x[2],x[5])),pdiv(mul(x[5],x[3]),x[2])))",False,,,d6e786fa044443d9845e8ea22dac700d,0.3293413173652695,False,0.0
8,15,"not_(greater_than_or_equal(x[5], mul(x[5],add(x[2],x[5]))))",True,"greater_than_or_equal(add(x[2],x[5]), pdiv(x[7],x[7]))",0.7544910179640718,3db16fa16df21b15852938a2c3f9a18b,0.7544910179640718,False,0.0
8,15,"greater_than_or_equal(x[3], x[3])",True,"less_than_or_equal(x[2],x[2])",0.35928143712574845,bd082d42dcba8056510101f18394b575,0.35928143712574845,False,0.0
8,15,"greater_than_or_equal(pdiv(x[5],x[5]), x[3])",True,"less_than_or_equal(x[2],x[2])",0.35928143712574845,bd082d42dcba8056510101f18394b575,0.35928143712574845,False,0.0
8,15,"not_(less_than_or_equal(add(mul(x[5],mul(sub(add(x[2],x[7]),x[2]),add(x[2],x[3]))),add(pdiv(x[3],pdiv(x[7],add(x[2],x[7]))),pdiv(x[3],x[7]))),x[3]))",True,"less_than_or_equal(x[2],x[2])",0.35928143712574845,bd082d42dcba8056510101f18394b575,0.35928143712574845,False,0.0
8,15,"greater_than_or_equal(sub(pdiv(x[5],x[2]),mul(x[7],add(x[5],add(sub(x[7],sub(x[3],mul(x[3],x[7]))),add(x[5],x[2]))))), add(sub(x[7],sub(x[5],mul(x[5],x[5]))),add(x[5],x[2])))",False,,,bf4cf1bb13a36635561dcec8cda94f86,0.27544910179640714,False,0.0
8,15,"greater_than_or_equal(x[5], mul(x[7],pdiv(x[2],x[7])))",True,"not_(not_(less_than_or_equal(x[2],x[5])))",0.34730538922155685,4af53f79d9ad2ffac455113b88a02dd4,0.34730538922155685,False,0.0
8,15,"greater_than_or_equal(pdiv(sub(pdiv(add(sub(pdiv(x[2],add(x[3],x[0])),x[3]),add(x[2],x[5])),x[7]),pdiv(x[5],x[5])),x[5]), x[2])",False,,,89d16ec0a3e3d8988694f679263015a1,0.43113772455089816,False,0.0
8,15,"greater_than_or_equal(x[5], mul(x[7],add(x[5],x[2])))",True,"greater_than_or_equal(x[5], mul(x[7],add(x[5],x[2])))",0.23353293413173648,49521aab13419e9d4582e656c37790ef,0.23353293413173648,False,0.0
8,15,"greater_than_or_equal(sub(pdiv(x[5],x[7]),add(40.75,pdiv(x[7],add(x[0],add(x[2],x[5]))))), add(add(x[5],x[0]),mul(x[3],x[7])))",True,not_(x[6]),0.6347305389221557,b4068ba57b63c959651c969331c4b5cd,0.6347305389221557,False,0.0
8,15,"less_than_or_equal(mul(mul(x[5],x[7]),mul(x[5],mul(mul(add(x[7],x[5]),x[2]),add(sub(x[7],pdiv(x[5],mul(mul(x[5],mul(mul(x[5],add(x[3],mul(sub(x[7],x[7]),x[5]))),x[3])),x[5]))),x[7])))),add(x[5],x[2]))",True,"less_than_or_equal(x[2],x[2])",0.35928143712574845,bd082d42dcba8056510101f18394b575,0.35928143712574845,False,0.0
8,15,"not_(less_than_or_equal(mul(x[3],x[5]),x[3]))",True,not_(x[6]),0.6347305389221557,b4068ba57b63c959651c969331c4b5cd,0.6407185628742516,True,0.005988023952095856
8,15,"greater_than_or_equal(pdiv(x[5],x[5]), add(x[2],x[5]))",True,"not_(less_than_or_equal(pdiv(x[5],x[5]),add(x[5],x[2])))",0.2455089820359282,5825d6d8d32996f2f81bb41cc0bfa92f,0.2455089820359282,False,0.0
8,15,"greater_than_or_equal(pdiv(x[5],x[7]), add(x[5],x[2]))",True,"greater_than_or_equal(x[5], mul(x[7],add(x[5],x[2])))",0.23353293413173648,49521aab13419e9d4582e656c37790ef,0.23353293413173648,False,0.0
8,15,"greater_than_or_equal(pdiv(x[5],add(x[5],x[2])), add(add(x[5],x[2]),x[5]))",False,,,ae31cb00614912c9405ebe575ee41c45,0.6107784431137724,False,0.0
8,15,"not_(less_than_or_equal(pdiv(x[5],x[2]),x[5]))",True,"not_(greater_than_or_equal(mul(x[7],x[2]), x[7]))",0.34730538922155685,f69cf4961d82af0c72c0014d2a401904,0.3532934131736527,True,0.005988023952095856
8,15,"less_than_or_equal(mul(mul(x[7],mul(pdiv(x[5],x[3]),mul(add(x[7],x[2]),pdiv(sub(x[7],mul(x[0],x[5])),x[7])))),sub(x[5],x[5])),mul(x[5],add(x[7],x[7])))",True,"less_than_or_equal(x[2],x[2])",0.35928143712574845,bd082d42dcba8056510101f18394b575,0.35928143712574845,False,0.0
8,15,"greater_than_or_equal(pdiv(sub(pdiv(add(x[2],x[2]),add(x[2],x[0])),x[7]),x[7]), add(sub(x[7],sub(x[2],add(sub(x[7],sub(x[5],mul(x[5],x[5]))),add(x[5],x[2])))),mul(x[7],pdiv(mul(x[5],x[5]),x[0]))))",False,,,c7f16a5b7622b1729fada8fc68bd2edb,0.2455089820359282,False,0.0
8,15,"greater_than_or_equal(pdiv(sub(pdiv(add(x[2],x[2]),add(x[2],x[0])),x[7]),mul(add(add(sub(x[7],sub(x[7],x[5])),add(x[2],x[5])),x[7]),sub(x[5],mul(x[5],x[5])))), add(x[5],x[2]))",False,,,996592da63041b128b67de6c465b7f84,0.3053892215568862,False,0.0
8,15,"not_(greater_than_or_equal(x[7], add(mul(x[7],pdiv(x[5],mul(mul(x[5],add(sub(x[5],x[5]),add(pdiv(add(x[0],mul(x[5],x[5])),sub(pdiv(x[5],x[5]),add(x[2],x[3]))),x[3]))),add(x[7],x[5])))),add(sub(x[2],x[5]),x[7]))))",False,,,e9abe2d6b1e2e28b638e61e96eaa6e90,0.4850299401197605,False,0.0
8,15,"greater_than_or_equal(x[5], mul(x[5],add(mul(x[5],x[7]),sub(add(add(x[2],x[3]),add(pdiv(x[3],pdiv(x[7],add(x[2],x[7]))),pdiv(x[3],x[7]))),x[3]))))",False,,,1629b88447523c214f33c0f6992b12a6,0.5868263473053892,False,0.0
8,15,"not_(less_than_or_equal(pdiv(mul(mul(x[5],add(x[5],x[2])),sub(x[7],pdiv(x[3],pdiv(x[5],x[3])))),x[2]),add(pdiv(add(x[7],pdiv(x[2],x[2])),mul(x[2],x[5])),add(mul(x[0],24.40),x[0]))))",True,not_(x[6]),0.6347305389221557,b4068ba57b63c959651c969331c4b5cd,0.6407185628742516,True,0.005988023952095856
8,15,"greater_than_or_equal(pdiv(mul(x[5],x[3]),x[5]), mul(add(add(x[5],x[2]),x[7]),x[2]))",False,,,40b288cd20b763bdc74ac346b4993fd7,0.32335329341317365,False,0.0
8,15,"not_(less_than_or_equal(add(x[0],mul(x[3],x[7])),add(x[5],x[2])))",False,,,0194aa7cbe9a1823409a1c3a997c68e5,0.6586826347305389,False,0.0
8,15,"less_than_or_equal(add(mul(x[7],pdiv(x[5],x[2])),x[5]),add(sub(add(add(x[7],pdiv(66.21,x[2])),x[2]),x[5]),add(x[2],x[2])))",True,"less_than_or_equal(pdiv(sub(x[0],x[0]),sub(x[0],x[2])),x[0])",0.38323353293413176,d0734af37aab8e9b6c733bcf8f431f61,0.3772455089820359,True,-0.005988023952095856
8,15,"greater_than_or_equal(x[7], sub(x[3],x[3]))",True,"less_than_or_equal(x[2],x[2])",0.35928143712574845,bd082d42dcba8056510101f18394b575,0.35928143712574845,False,0.0
8,15,"less_than_or_equal(add(x[5],mul(x[7],mul(x[5],mul(mul(add(x[7],x[5]),x[2]),add(08.63,sub(mul(x[5],mul(mul(x[5],add(x[3],add(add(43.47,add(sub(x[7],x[3]),x[7])),sub(x[3],x[7])))),add(pdiv(x[5],x[5]),add(x[2],x[5])))),add(x[2],x[2]))))))),x[5])",True,"greater_than_or_equal(pdiv(mul(x[5],x[2]),pdiv(x[2],x[5])), add(sub(x[7],x[7]),add(x[5],x[0])))",0.6107784431137724,ec48eb4aba9f475884bcf9e8f28adadc,0.6107784431137724,False,0.0
8,15,"not_(greater_than_or_equal(x[7], add(mul(x[3],x[7]),add(mul(mul(x[5],add(sub(x[7],sub(x[5],mul(x[5],x[5]))),add(x[5],x[2]))),mul(x[7],pdiv(mul(pdiv(x[5],mul(x[7],add(x[7],x[2]))),x[3]),pdiv(mul(x[5],add(x[2],x[5])),x[5])))),add(x[5],x[2])))))",False,,,1b63284daa2b3c1555c08efa8032b9fa,0.35928143712574845,False,0.0
8,15,"greater_than_or_equal(pdiv(x[0],mul(x[2],x[2])), x[7])",True,"less_than_or_equal(mul(mul(x[7],x[2]),x[2]),x[0])",0.5449101796407185,dfde3adea22880b2b9d14eaadfab26a9,0.5449101796407185,False,0.0
8,15,"greater_than_or_equal(pdiv(x[2],add(x[2],x[0])), x[7])",False,,,c63fa9b89b1247d47ec6c150335a4676,0.281437125748503,False,0.0
8,15,"greater_than_or_equal(x[5], mul(mul(mul(add(pdiv(x[5],x[5]),x[3]),add(x[3],pdiv(x[3],mul(x[7],add(x[5],pdiv(x[2],x[0])))))),x[7]),pdiv(mul(x[5],x[5]),x[0])))",False,,,a2edb2d63c8304fb6fa3f5497281f0f3,0.4850299401197605,False,0.0
8,15,"not_(less_than_or_equal(add(x[5],add(pdiv(add(x[2],x[0]),x[3]),mul(x[2],x[2]))),x[2]))",True,"less_than_or_equal(x[2],x[2])",0.35928143712574845,bd082d42dcba8056510101f18394b575,0.35928143712574845,False,0.0
8,15,"not_(greater_than_or_equal(mul(sub(mul(x[2],x[0]),sub(pdiv(x[5],x[7]),x[5])),x[7]), x[3]))",True,"greater_than_or_equal(add(pdiv(x[3],x[3]),sub(x[3],mul(x[5],x[2]))), add(sub(x[7],x[7]),sub(x[0],x[3])))",0.3532934131736527,fe8764edc6b2890ba84f3173a5465f84,0.3532934131736527,False,0.0
8,15,"greater_than_or_equal(pdiv(x[5],add(x[2],x[3])), x[5])",True,"not_(less_than_or_equal(pdiv(x[5],x[5]),add(x[2],x[3])))",0.2694610778443114,8e10ebf505ba211742b7164524309595,0.2694610778443114,False,0.0
8,15,"greater_than_or_equal(x[5], mul(x[7],add(mul(x[7],add(mul(x[7],add(add(mul(x[5],x[3]),x[2]),x[2])),add(x[5],x[7]))),add(mul(x[7],mul(x[5],x[5])),x[3]))))",False,,,e683351f983d9dcdb07c8524a294fcfd,0.281437125748503,False,0.0
8,15,"not_(less_than_or_equal(pdiv(x[2],x[0]),x[7]))",False,,,25ab49246d6425967456de77bfb6f52a,0.35928143712574845,False,0.0
8,15,"less_than_or_equal(add(x[5],mul(pdiv(sub(mul(x[5],mul(mul(add(x[7],x[5]),x[2]),add(08.63,mul(mul(x[5],mul(mul(x[5],add(x[0],x[5])),x[7])),x[0])))),x[3]),x[2]),x[5])),add(x[2],x[5]))",False,,,f33efb9c58d4b5b23fc8ce5fdc4a25a8,0.46706586826347307,False,0.0
8,15,"not_(greater_than_or_equal(pdiv(x[5],x[5]), add(mul(x[5],x[5]),add(mul(x[5],x[3]),x[2]))))",False,,,a69e4a53853f0ebf6e44ceff92ff841f,0.688622754491018,False,0.0
8,15,"greater_than_or_equal(pdiv(add(pdiv(add(x[2],x[2]),x[5]),x[5]),x[5]), x[2])",True,"less_than_or_equal(x[2],x[2])",0.35928143712574845,bd082d42dcba8056510101f18394b575,0.35928143712574845,False,0.0
8,15,"greater_than_or_equal(pdiv(x[5],39.79), pdiv(sub(x[2],x[5]),x[7]))",True,"not_(not_(less_than_or_equal(x[2],x[5])))",0.34730538922155685,4af53f79d9ad2ffac455113b88a02dd4,0.34730538922155685,False,0.0
8,15,"less_than_or_equal(add(x[5],mul(x[7],mul(x[5],mul(mul(add(x[7],x[5]),x[2]),add(08.97,x[2]))))),x[5])",True,"greater_than_or_equal(pdiv(mul(x[5],x[2]),pdiv(x[2],x[5])), add(sub(x[7],x[7]),add(x[5],x[0])))",0.6107784431137724,ec48eb4aba9f475884bcf9e8f28adadc,0.6107784431137724,False,0.0
8,15,"greater_than_or_equal(x[3], x[5])",True,"less_than_or_equal(x[5],x[3])",0.5089820359281437,1d4d287fbe015bbb313f097e26f5bc37,0.5089820359281437,False,0.0
8,15,"greater_than_or_equal(x[5], mul(x[7],mul(add(sub(x[2],x[7]),pdiv(x[2],x[5])),x[3])))",True,"less_than_or_equal(pdiv(sub(x[3],x[5]),pdiv(x[2],x[2])),x[5])",0.3652694610778443,8f63ec6eb4b45627ddab1b215f2fa10a,0.3293413173652695,True,-0.0359281437125748
8,15,"greater_than_or_equal(x[5], mul(x[7],add(sub(x[2],add(x[0],x[2])),add(x[7],add(x[5],x[7])))))",False,,,6e98de14326f3bb9a002f700970b8c9a,0.31137724550898205,False,0.0
8,15,"not_(greater_than_or_equal(pdiv(x[5],x[5]), add(x[5],x[2])))",True,"greater_than_or_equal(add(x[2],x[5]), pdiv(x[7],x[7]))",0.7544910179640718,3db16fa16df21b15852938a2c3f9a18b,0.7544910179640718,False,0.0
8,15,"not_(less_than_or_equal(pdiv(x[2],x[5]),x[7]))",True,"less_than_or_equal(x[7],pdiv(x[2],x[5]))",0.45508982035928147,d33cfc188406cf3750d6a42207b463ce,0.45508982035928147,False,0.0
8,15,"less_than_or_equal(add(mul(x[7],sub(x[5],x[5])),pdiv(pdiv(mul(x[0],mul(x[3],x[7])),add(x[5],x[2])),x[2])),x[7])",False,,,54b279d0ae0da7185141077a9c194296,0.4011976047904192,False,0.0
8,15,"greater_than_or_equal(add(pdiv(x[3],14.30),x[3]), add(x[7],pdiv(x[5],x[5])))",True,not_(x[6]),0.6347305389221557,b4068ba57b63c959651c969331c4b5cd,0.6407185628742516,True,0.005988023952095856
8,15,"less_than_or_equal(mul(add(x[7],x[5]),sub(x[0],x[3])),x[3])",True,"not_(less_than_or_equal(pdiv(x[3],x[5]),add(pdiv(x[2],30.95),mul(x[0],x[7]))))",0.3293413173652695,c7c0dd835d3e14b67c28a47fcb18c6c1,0.3413173652694611,True,0.0119760479041916
8,15,"greater_than_or_equal(pdiv(x[5],add(x[2],x[2])), add(x[0],x[7]))",False,,,3526b2907ab165c96d34bf1701229136,0.27544910179640714,False,0.0
8,15,"greater_than_or_equal(x[5], pdiv(x[5],x[5]))",True,"greater_than_or_equal(x[5], pdiv(x[2],x[2]))",0.688622754491018,d77781efe7d80c80545f6897faedc30c,0.688622754491018,False,0.0
8,15,"not_(less_than_or_equal(x[2],add(x[5],x[2])))",True,not_(x[6]),0.6347305389221557,b4068ba57b63c959651c969331c4b5cd,0.6407185628742516,True,0.005988023952095856
8,15,"greater_than_or_equal(sub(pdiv(94.24,x[5]),x[5]), add(sub(x[7],sub(x[3],mul(sub(mul(x[7],add(mul(sub(x[7],x[2]),add(x[2],x[3])),add(pdiv(x[3],pdiv(x[7],add(x[2],x[7]))),pdiv(x[3],x[7])))),x[3]),x[5]))),x[5]))",True,"less_than_or_equal(x[2],x[2])",0.35928143712574845,bd082d42dcba8056510101f18394b575,0.35928143712574845,False,0.0
8,15,"less_than_or_equal(add(x[5],x[5]),mul(x[7],add(x[7],x[7])))",True,"not_(greater_than_or_equal(pdiv(x[5],x[7]), x[7]))",0.6467065868263473,a26ec0dc91a6fbacf2b5a4cf9fbeefc1,0.6467065868263473,False,0.0
8,15,"less_than_or_equal(add(add(x[7],x[2]),add(x[2],58.99)),pdiv(x[5],x[5]))",True,not_(x[6]),0.6347305389221557,b4068ba57b63c959651c969331c4b5cd,0.6407185628742516,True,0.005988023952095856
8,15,"greater_than_or_equal(x[3], mul(x[3],mul(x[7],add(x[5],pdiv(39.79,mul(x[2],add(x[2],x[5])))))))",True,"greater_than_or_equal(x[5], mul(x[7],add(x[2],pdiv(x[5],mul(x[5],add(pdiv(x[2],30.95),mul(x[0],x[7])))))))",0.6287425149700598,d8b77ebf09c26693d0a9da97b46289d2,0.6167664670658682,True,-0.0119760479041916
8,15,"greater_than_or_equal(pdiv(x[5],add(pdiv(pdiv(x[5],x[2]),x[2]),add(mul(x[7],x[7]),x[7]))), add(sub(x[7],sub(mul(x[7],x[0]),sub(pdiv(x[2],x[7]),x[5]))),pdiv(12.04,pdiv(x[0],add(add(x[2],x[3]),add(x[2],x[5]))))))",True,not_(x[6]),0.6347305389221557,b4068ba57b63c959651c969331c4b5cd,0.6407185628742516,True,0.005988023952095856
8,15,"greater_than_or_equal(add(x[3],x[7]), mul(add(sub(x[7],x[7]),x[7]),add(sub(sub(x[2],x[5]),sub(x[2],x[2])),x[0])))",True,"less_than_or_equal(x[2],x[2])",0.35928143712574845,bd082d42dcba8056510101f18394b575,0.35928143712574845,False,0.0
8,15,"greater_than_or_equal(pdiv(x[5],x[5]), add(add(x[7],x[0]),x[2]))",False,,,2c8ba4c0896bdabce262eefb429de9c2,0.20359281437125754,False,0.0
8,15,"greater_than_or_equal(add(pdiv(x[5],x[5]),add(x[5],x[0])), mul(sub(mul(x[2],add(sub(x[7],sub(x[5],add(x[5],x[5]))),pdiv(x[5],x[5]))),x[2]),add(add(sub(mul(x[2],x[5]),mul(x[7],add(x[7],x[2]))),x[3]),x[5])))",True,"less_than_or_equal(x[2],x[2])",0.35928143712574845,bd082d42dcba8056510101f18394b575,0.35928143712574845,False,0.0
8,15,"greater_than_or_equal(add(pdiv(x[5],x[5]),add(x[5],x[0])), mul(add(pdiv(x[7],add(x[3],x[7])),add(x[2],x[5])),x[5]))",False,,,98e5c73f616b8974f0909fc88b28cf35,0.33532934131736525,False,0.0
8,15,"greater_than_or_equal(x[5], mul(x[7],pdiv(x[5],x[5])))",True,"greater_than_or_equal(x[5], x[7])",0.3892215568862275,ca29d589a2290a0489371628a6b32bf4,0.3892215568862275,False,0.0
8,15,"not_(less_than_or_equal(pdiv(x[5],sub(x[7],x[7])),add(x[0],x[5])))",True,"not_(less_than_or_equal(pdiv(x[5],x[5]),add(x[5],x[0])))",0.3053892215568862,00c19a3fd72854100569949b11521f0b,0.3053892215568862,False,0.0
8,15,"greater_than_or_equal(x[5], mul(x[7],add(x[7],x[5])))",True,"greater_than_or_equal(x[5], mul(x[7],add(x[7],x[5])))",0.22754491017964074,051dec5cdded21754165aaf5f887a47e,0.22754491017964074,False,0.0
8,15,"not_(less_than_or_equal(pdiv(98.56,x[7]),73.49))",True,"less_than_or_equal(x[2],x[2])",0.35928143712574845,bd082d42dcba8056510101f18394b575,0.35928143712574845,False,0.0
8,15,"not_(less_than_or_equal(pdiv(x[5],x[7]),add(x[5],x[5])))",True,"greater_than_or_equal(x[5], mul(x[7],add(x[5],x[5])))",0.2455089820359282,9545aae94dd0fcb8b281ddfedf2da4e6,0.25149700598802394,True,0.0059880239520957446
8,15,"greater_than_or_equal(add(pdiv(x[5],x[5]),add(x[5],x[0])), mul(x[3],x[7]))",True,"less_than_or_equal(x[2],x[2])",0.35928143712574845,bd082d42dcba8056510101f18394b575,0.35928143712574845,False,0.0
8,15,"greater_than_or_equal(24.47, add(sub(x[2],mul(x[5],x[5])),x[5]))",True,"less_than_or_equal(x[2],x[2])",0.35928143712574845,bd082d42dcba8056510101f18394b575,0.35928143712574845,False,0.0
8,15,"greater_than_or_equal(pdiv(x[5],x[5]), add(pdiv(pdiv(x[7],x[5]),add(x[2],x[7])),x[2]))",False,,,69ac6472411559e72a0cc8381db952a2,0.5389221556886228,False,0.0
8,15,"less_than_or_equal(add(mul(x[7],pdiv(x[5],x[5])),x[2]),add(sub(x[7],x[7]),pdiv(69.44,sub(x[3],x[3]))))",True,"less_than_or_equal(add(mul(x[7],pdiv(x[5],x[5])),x[2]),add(sub(x[7],x[7]),pdiv(69.44,sub(x[3],x[3]))))",0.19161676646706582,14c6e007ad625f3839f568e9ee8a86e1,0.19161676646706582,False,0.0
8,15,"not_(greater_than_or_equal(mul(x[5],add(add(sub(x[7],sub(x[3],mul(x[5],x[7]))),add(x[2],x[7])),x[2])), add(x[2],x[3])))",False,,,6eb6ef00fc369500383976ed17d7b626,0.33532934131736525,False,0.0
8,15,"greater_than_or_equal(x[5], mul(x[7],add(x[0],add(x[5],x[7]))))",False,,,a00dfaf545192cb931e7398ed11cde71,0.2455089820359282,False,0.0
8,15,"not_(less_than_or_equal(pdiv(x[5],x[2]),add(pdiv(x[5],add(x[5],x[3])),x[2])))",True,"greater_than_or_equal(pdiv(x[5],pdiv(add(x[2],x[5]),x[5])), mul(x[5],x[2]))",0.28742514970059885,0803226314985e684579b7ad7da3df72,0.31137724550898205,True,0.0239520958083832
8,15,"greater_than_or_equal(pdiv(x[5],x[5]), add(x[7],mul(x[7],x[7])))",False,,,6ebc9093742e2fb247866417bd7ae5cb,0.22155688622754488,False,0.0
8,15,"greater_than_or_equal(x[2], add(x[7],pdiv(pdiv(x[5],add(x[2],x[2])),x[5])))",True,not_(x[6]),0.6347305389221557,b4068ba57b63c959651c969331c4b5cd,0.6407185628742516,True,0.005988023952095856
8,15,"greater_than_or_equal(add(x[5],x[5]), x[3])",True,"less_than_or_equal(pdiv(sub(x[3],x[5]),pdiv(x[2],x[2])),x[5])",0.3652694610778443,8f63ec6eb4b45627ddab1b215f2fa10a,0.3652694610778443,False,0.0
8,15,"not_(less_than_or_equal(pdiv(x[5],x[7]),add(mul(x[7],x[5]),mul(x[7],pdiv(x[2],x[3])))))",False,,,6f18b0dc67341cbaac674de657436ea3,0.23952095808383234,False,0.0
8,15,"greater_than_or_equal(x[5], mul(x[5],mul(x[7],add(x[7],add(x[3],x[7])))))",False,,,c5fb4458e595bda0403d9e1780013e49,0.21556886227544914,False,0.0
8,15,"less_than_or_equal(mul(mul(x[7],mul(x[3],add(x[5],mul(x[5],add(add(x[7],x[5]),x[7]))))),x[3]),x[3])",False,,,2f1f6504563fbfd57f0e058a8570eac6,0.32335329341317365,False,0.0
8,15,"greater_than_or_equal(sub(pdiv(x[2],x[7]),mul(x[7],add(x[5],add(sub(x[7],sub(29.09,add(add(pdiv(add(x[3],add(x[7],sub(x[5],x[5]))),pdiv(x[5],x[0])),mul(x[3],x[7])),add(x[5],pdiv(x[5],sub(x[7],mul(x[7],x[0]))))))),x[2])))), x[0])",True,"not_(less_than_or_equal(pdiv(x[5],x[0]),x[0]))",0.35928143712574845,5372ceb8b23ce5e1dd3bf5c2fc3a57aa,0.3532934131736527,True,-0.0059880239520957446
8,15,"greater_than_or_equal(add(pdiv(x[3],64.41),x[7]), x[2])",True,"less_than_or_equal(pdiv(add(x[2],x[5]),sub(x[2],x[7])),mul(mul(x[2],x[3]),mul(x[5],x[7])))",0.4730538922155688,6a9a868ce645e54c16a03959cbdb37f6,0.47904191616766467,True,0.005988023952095856
8,15,"greater_than_or_equal(pdiv(x[5],x[5]), add(x[2],x[7]))",True,"less_than_or_equal(add(mul(x[7],pdiv(x[5],x[5])),x[2]),add(sub(x[7],x[7]),pdiv(69.44,sub(x[3],x[3]))))",0.19161676646706582,14c6e007ad625f3839f568e9ee8a86e1,0.19161676646706582,False,0.0
8,15,"greater_than_or_equal(sub(pdiv(x[5],x[2]),x[7]), x[7])",True,"less_than_or_equal(add(mul(x[7],pdiv(x[5],x[5])),x[7]),pdiv(x[5],x[2]))",0.281437125748503,093a4cacdf796d0d964230b08b8564b3,0.281437125748503,False,0.0
8,15,"greater_than_or_equal(x[5], mul(20.59,mul(x[2],x[7])))",False,,,667cc26fb42a80bd880bbafd45215701,0.4730538922155688,False,0.0
8,15,"not_(greater_than_or_equal(mul(x[5],mul(x[7],add(sub(x[5],x[3]),x[7]))), add(pdiv(pdiv(x[7],sub(pdiv(add(x[5],x[2]),mul(x[5],19.01)),x[5])),mul(x[5],x[5])),add(x[5],x[2]))))",False,,,6921433134be77c734f0d5f7c649d9fd,0.5868263473053892,False,0.0
8,15,"not_(less_than_or_equal(pdiv(x[5],x[7]),add(x[5],mul(pdiv(add(x[2],x[7]),add(mul(x[3],x[7]),add(x[5],add(x[2],x[2])))),pdiv(add(x[5],x[5]),add(x[7],x[2]))))))",False,,,177db2c7a41d8ec46b5002de2f749e2c,0.33532934131736525,False,0.0
8,15,"not_(less_than_or_equal(pdiv(x[5],x[5]),x[2]))",True,"not_(greater_than_or_equal(mul(x[7],x[2]), x[7]))",0.34730538922155685,f69cf4961d82af0c72c0014d2a401904,0.34730538922155685,False,0.0
8,15,"greater_than_or_equal(pdiv(x[5],x[7]), add(x[5],add(x[3],x[2])))",True,"greater_than_or_equal(x[5], mul(x[7],add(x[7],add(x[3],x[7]))))",0.31137724550898205,92552161c5d20d1b9aa117454bb6ae16,0.281437125748503,True,-0.029940119760479056
8,15,"not_(less_than_or_equal(pdiv(x[5],x[5]),add(x[2],x[3])))",True,"not_(less_than_or_equal(pdiv(x[5],x[5]),add(x[2],x[3])))",0.2694610778443114,8e10ebf505ba211742b7164524309595,0.2694610778443114,False,0.0
8,15,"greater_than_or_equal(pdiv(x[3],mul(x[0],sub(x[3],pdiv(x[5],sub(pdiv(add(mul(x[7],x[3]),pdiv(x[5],x[5])),add(x[2],x[5])),x[5]))))), x[2])",False,,,757c5535653c6f1ab6204785806ff61e,0.3413173652694611,False,0.0
8,15,"not_(less_than_or_equal(mul(x[5],x[2]),add(x[2],x[3])))",True,not_(x[6]),0.6347305389221557,b4068ba57b63c959651c969331c4b5cd,0.6407185628742516,True,0.005988023952095856
8,15,"greater_than_or_equal(pdiv(x[5],x[3]), pdiv(x[5],x[2]))",False,,,24dbc526b3b97ed1d8cd52b122e77d74,0.6227544910179641,False,0.0
8,15,"greater_than_or_equal(x[5], x[5])",True,"less_than_or_equal(x[2],x[2])",0.35928143712574845,bd082d42dcba8056510101f18394b575,0.35928143712574845,False,0.0
8,15,"greater_than_or_equal(pdiv(pdiv(x[5],mul(x[7],add(mul(add(mul(x[5],x[2]),x[5]),x[2]),x[5]))),mul(x[7],add(sub(pdiv(x[2],x[3]),x[7]),x[2]))), x[5])",False,,,38e14f25fedc2df094fd19697c4fc736,0.35928143712574845,False,0.0
8,15,"greater_than_or_equal(add(x[3],x[7]), pdiv(add(sub(x[7],x[2]),x[7]),add(sub(mul(x[2],x[5]),mul(x[5],add(x[2],x[5]))),x[5])))",False,,,05e325cc483e168577122834caf32108,0.5329341317365269,False,0.0
8,15,"greater_than_or_equal(x[5], mul(x[7],mul(add(sub(x[2],x[7]),x[5]),mul(x[5],x[5]))))",True,"less_than_or_equal(x[2],x[2])",0.35928143712574845,bd082d42dcba8056510101f18394b575,0.35928143712574845,False,0.0
8,15,"not_(less_than_or_equal(add(mul(x[3],x[7]),add(x[5],x[2])),add(mul(x[7],sub(pdiv(x[5],x[3]),mul(sub(14.82,x[5]),x[7]))),add(x[7],x[7]))))",True,"not_(less_than_or_equal(pdiv(x[3],x[5]),add(pdiv(x[2],30.95),mul(x[0],x[3]))))",0.34730538922155685,4ac8a53c24397a99907b64c745d162c5,0.3532934131736527,True,0.005988023952095856
8,15,"greater_than_or_equal(x[5], mul(x[0],x[3]))",True,"greater_than_or_equal(add(pdiv(x[3],x[3]),sub(x[5],x[3])), mul(pdiv(x[0],x[5]),mul(x[3],x[3])))",0.3413173652694611,20549abca100b155319252a5e0d92179,0.33532934131736525,True,-0.005988023952095856
8,15,"less_than_or_equal(add(add(x[7],x[2]),sub(x[5],mul(x[5],add(x[2],x[5])))),x[5])",False,,,a25766f193422b5f1f5fd3e331138d5f,0.5209580838323353,False,0.0
8,15,"greater_than_or_equal(sub(pdiv(x[5],x[7]),x[3]), x[5])",True,"greater_than_or_equal(x[5], mul(x[7],add(x[5],x[3])))",0.3053892215568862,0947741ceb5018f757b589e69907d867,0.3053892215568862,False,0.0
8,15,"greater_than_or_equal(x[5], mul(x[7],mul(add(sub(mul(add(x[7],x[7]),add(sub(x[7],mul(mul(x[7],pdiv(x[5],x[3])),x[5])),add(x[2],x[2]))),x[5]),add(x[5],add(x[2],x[2]))),x[0])))",False,,,5f3b7d9d849bfd41905400f53067f9b0,0.34730538922155685,False,0.0
8,15,"not_(greater_than_or_equal(x[2], x[7]))",True,"less_than_or_equal(pdiv(add(x[2],x[5]),sub(x[2],x[7])),mul(mul(x[2],x[3]),mul(x[5],x[7])))",0.4730538922155688,6a9a868ce645e54c16a03959cbdb37f6,0.4730538922155688,False,0.0
8,15,"greater_than_or_equal(x[5], mul(x[7],add(add(pdiv(pdiv(x[5],x[7]),add(x[7],x[5])),add(sub(x[2],x[2]),add(x[0],x[0]))),x[2])))",False,,,df1386423b5dfb1dc9b23f907bfdca18,0.592814371257485,False,0.0
8,15,"not_(less_than_or_equal(pdiv(x[5],x[7]),add(x[2],x[7])))",True,"greater_than_or_equal(x[5], mul(x[7],add(x[7],x[2])))",0.2455089820359282,dbe0ded9608d153cce360999e2a5fae7,0.2455089820359282,False,0.0
8,15,"less_than_or_equal(mul(mul(x[7],mul(x[3],add(x[5],mul(x[5],add(add(add(x[7],add(x[7],x[3])),x[3]),x[3]))))),x[2]),add(x[2],x[3]))",False,,,903d9953d426c403f8b2f7096df045fe,0.3413173652694611,False,0.0
8,15,"greater_than_or_equal(x[5], mul(x[7],mul(add(pdiv(x[7],x[7]),x[7]),add(sub(x[7],mul(mul(x[7],pdiv(x[5],x[3])),x[0])),x[2]))))",True,"greater_than_or_equal(x[5], mul(x[7],mul(add(pdiv(x[7],x[7]),x[7]),add(sub(x[7],mul(mul(x[7],pdiv(x[5],x[3])),x[0])),x[2]))))",0.281437125748503,ab97e40769a0ca02c1a30541bc4b2387,0.281437125748503,False,0.0
8,15,"not_(greater_than_or_equal(mul(x[7],mul(mul(x[7],x[7]),add(x[7],x[2]))), x[3]))",False,,,e8709edbdd624fe86c3906a9a62c6d8c,0.3053892215568862,False,0.0
8,15,"greater_than_or_equal(mul(x[2],add(add(x[5],x[2]),x[5])), add(x[2],25.47))",True,not_(x[6]),0.6347305389221557,b4068ba57b63c959651c969331c4b5cd,0.6407185628742516,True,0.005988023952095856
8,15,"greater_than_or_equal(x[5], sub(x[7],add(x[2],add(pdiv(mul(x[5],x[5]),x[0]),sub(sub(x[7],x[2]),x[2])))))",True,"greater_than_or_equal(mul(add(x[2],x[5]),sub(x[5],x[0])), mul(mul(x[0],x[7]),sub(x[5],x[7])))",0.38323353293413176,cf65da81ffb7a9d4ff3e042c0fa7a250,0.3532934131736527,True,-0.029940119760479056
8,15,"greater_than_or_equal(add(x[7],x[7]), add(x[0],add(x[5],x[2])))",False,,,efd8e4f2c4a2fee8adabc350613395ad,0.6107784431137724,False,0.0
8,15,"greater_than_or_equal(pdiv(add(mul(x[5],add(pdiv(45.97,x[2]),add(x[7],x[0]))),x[2]),x[0]), add(add(x[2],x[3]),add(x[2],x[5])))",False,,,2f9be1d50dc4bbf795e6d07f0270f187,0.562874251497006,False,0.0
8,15,"greater_than_or_equal(x[5], mul(x[7],add(mul(x[5],x[5]),x[3])))",False,,,209d9c5b9d5298284084376813d53e80,0.2934131736526946,False,0.0
8,15,"greater_than_or_equal(sub(pdiv(x[5],x[7]),mul(x[7],add(x[7],x[7]))), add(x[5],x[2]))",False,,,f4a1b61f5d547d234714bee9745cd081,0.27544910179640714,False,0.0
8,15,"not_(less_than_or_equal(pdiv(x[3],x[7]),x[7]))",True,"greater_than_or_equal(x[3], mul(x[7],x[7]))",0.3413173652694611,3d72bbc340f037088e8e4149f2ca8ce3,0.3413173652694611,False,0.0
8,15,"greater_than_or_equal(mul(x[7],add(x[5],x[2])), pdiv(x[5],x[5]))",True,"greater_than_or_equal(mul(x[7],add(x[5],x[2])), add(sub(x[7],x[7]),pdiv(x[5],x[5])))",0.7065868263473054,3546496f288757c360631ec55860ae71,0.7065868263473054,False,0.0
8,15,"greater_than_or_equal(x[5], mul(mul(add(x[5],x[2]),sub(x[7],pdiv(x[3],mul(x[5],x[3])))),x[2]))",True,"less_than_or_equal(x[2],x[2])",0.35928143712574845,bd082d42dcba8056510101f18394b575,0.35928143712574845,False,0.0
8,15,"greater_than_or_equal(x[5], mul(x[5],mul(add(pdiv(x[5],x[5]),x[3]),x[2])))",True,"not_(less_than_or_equal(pdiv(x[5],mul(x[2],add(x[3],x[2]))),x[5]))",0.3293413173652695,47c7563272626ae3ab35137d4a601483,0.31137724550898205,True,-0.017964071856287456
8,15,"greater_than_or_equal(x[5], mul(sub(sub(add(mul(x[7],add(x[5],x[5])),x[3]),x[2]),x[2]),add(x[2],x[0])))",False,,,05eb424359a5aac2533d2064741d8d53,0.33532934131736525,False,0.0
8,15,"less_than_or_equal(mul(mul(x[7],mul(x[3],add(sub(x[5],x[5]),add(add(add(x[7],add(x[7],x[3])),x[3]),x[3])))),x[2]),pdiv(x[5],x[5]))",True,"not_(less_than_or_equal(pdiv(x[5],x[5]),mul(x[7],add(x[2],x[3]))))",0.32335329341317365,81ec27b3061839811616e4fa37440faa,0.3173652694610778,True,-0.005988023952095856
8,15,"less_than_or_equal(add(x[5],mul(x[7],mul(x[5],mul(mul(add(x[7],x[5]),x[2]),add(08.83,sub(mul(x[5],mul(mul(x[5],add(x[3],add(add(x[3],x[7]),x[5]))),x[3])),x[7])))))),x[3])",False,,,2cc8cb26c24f69fe5826fc516a222ec9,0.562874251497006,False,0.0
8,15,"greater_than_or_equal(x[5], pdiv(x[5],add(x[5],x[2])))",True,"greater_than_or_equal(add(x[2],x[5]), pdiv(x[7],x[7]))",0.7544910179640718,3db16fa16df21b15852938a2c3f9a18b,0.7485029940119761,True,-0.0059880239520957446
8,15,"greater_than_or_equal(pdiv(x[3],x[7]), x[2])",True,"greater_than_or_equal(x[5], mul(x[7],mul(add(sub(x[7],x[7]),x[2]),add(sub(x[7],x[7]),pdiv(x[5],x[3])))))",0.2934131736526946,c999647c3f8349901a4892cae2cb97f9,0.29940119760479045,True,0.005988023952095856
8,15,"greater_than_or_equal(x[5], mul(x[7],mul(add(sub(x[2],x[7]),sub(x[7],x[2])),x[2])))",True,"less_than_or_equal(x[2],x[2])",0.35928143712574845,bd082d42dcba8056510101f18394b575,0.35928143712574845,False,0.0
8,15,"not_(less_than_or_equal(pdiv(x[3],x[5]),x[3]))",True,"not_(less_than_or_equal(pdiv(x[5],x[5]),x[5]))",0.31137724550898205,774eb80249c37c32f486ae194a31e639,0.3173652694610778,True,0.0059880239520957446
8,15,"less_than_or_equal(x[5],mul(x[7],pdiv(pdiv(pdiv(pdiv(x[2],x[5]),add(x[2],x[5])),x[5]),add(x[7],x[2]))))",False,,,fa7b2ea984b5d3196ab5bf1d58315ce8,0.4730538922155688,False,0.0
8,15,"less_than_or_equal(pdiv(mul(x[5],x[5]),x[5]),x[5])",True,"less_than_or_equal(x[2],x[2])",0.35928143712574845,bd082d42dcba8056510101f18394b575,0.37125748502994016,True,0.011976047904191711
8,15,"not_(greater_than_or_equal(x[7], add(mul(x[3],x[7]),add(mul(mul(x[5],add(sub(x[7],sub(x[5],mul(x[0],x[5]))),add(x[5],x[2]))),mul(95.24,x[5])),x[5]))))",False,,,4901b0aaef0b11129bb1a928c369e5e5,0.3532934131736527,False,0.0
8,15,"greater_than_or_equal(pdiv(x[5],x[5]), add(x[2],x[5]))",True,"not_(less_than_or_equal(pdiv(x[5],x[5]),add(x[5],x[2])))",0.2455089820359282,5825d6d8d32996f2f81bb41cc0bfa92f,0.2455089820359282,False,0.0
8,15,"greater_than_or_equal(pdiv(x[5],add(x[5],add(sub(mul(x[2],pdiv(x[5],x[5])),x[5]),x[2]))), add(sub(x[7],x[7]),pdiv(x[5],x[5])))",True,"greater_than_or_equal(x[5], add(x[2],x[2]))",0.39520958083832336,ceb136f9325a6c3dff5e71a06e63c76f,0.39520958083832336,False,0.0
8,15,"greater_than_or_equal(pdiv(x[5],x[5]), add(x[0],add(x[5],add(x[2],x[5]))))",True,"greater_than_or_equal(sub(pdiv(x[5],x[5]),add(x[5],x[0])), add(x[5],x[2]))",0.562874251497006,2d3abe148438c49dee2950c7f30a0cc1,0.562874251497006,False,0.0
8,15,"greater_than_or_equal(sub(pdiv(x[5],x[2]),x[5]), x[5])",True,"greater_than_or_equal(sub(pdiv(x[5],x[2]),x[5]), x[5])",0.2694610778443114,72989f9209d2ae9398572032465ff70a,0.2694610778443114,False,0.0
8,15,"greater_than_or_equal(x[3], mul(x[3],mul(x[7],add(x[3],pdiv(32.79,pdiv(x[0],x[5]))))))",False,,,f0666043b03bb90912ff7d90270b6015,0.37125748502994016,False,0.0
8,15,"greater_than_or_equal(sub(x[7],add(x[7],x[5])), x[5])",True,not_(x[6]),0.6347305389221557,b4068ba57b63c959651c969331c4b5cd,0.6347305389221557,False,0.0
8,15,"greater_than_or_equal(x[5], mul(x[7],mul(mul(x[5],add(x[5],x[2])),x[5])))",True,"not_(greater_than_or_equal(mul(x[7],mul(mul(x[5],add(x[5],x[2])),x[5])), x[5]))",0.3413173652694611,bd7496428ca7e5e08b55aafe955c8c59,0.33532934131736525,True,-0.005988023952095856
8,15,"greater_than_or_equal(sub(pdiv(x[5],x[7]),add(x[5],pdiv(add(mul(pdiv(x[2],x[5]),add(x[2],x[5])),x[7]),pdiv(x[5],x[5])))), x[5])",False,,,277e57b48c2ba30f5693c21858757cda,0.3652694610778443,False,0.0
8,15,"less_than_or_equal(add(pdiv(pdiv(x[7],x[2]),x[2]),x[5]),add(x[2],x[2]))",False,,,3f9c3941208b502c6589d776ae800140,0.6586826347305389,False,0.0
8,15,"greater_than_or_equal(pdiv(x[3],x[7]), mul(x[5],mul(x[5],mul(x[2],add(x[2],x[5])))))",True,"not_(greater_than_or_equal(mul(x[7],add(x[2],x[2])), add(pdiv(x[3],x[5]),x[3])))",0.3053892215568862,4dec7e2f3dc45f80f19a6f5f20a931be,0.31137724550898205,True,0.005988023952095856
8,15,"not_(less_than_or_equal(pdiv(x[7],x[2]),add(x[5],x[2])))",False,,,8ffa917118b10ef070e6bcd2c1e2fba4,0.40718562874251496,False,0.0
8,15,"less_than_or_equal(mul(mul(x[5],add(x[2],x[5])),add(mul(x[5],x[3]),x[2])),add(x[5],x[2]))",False,,,a1ead3bff5a65711c06675fb6810916b,0.3173652694610778,False,0.0
8,15,"greater_than_or_equal(x[5], mul(x[7],add(x[2],add(pdiv(mul(x[5],x[5]),x[0]),sub(sub(x[2],x[5]),x[5])))))",False,,,351b46acc3daf6a671a96f192f25618a,0.23952095808383234,False,0.0
8,15,"greater_than_or_equal(x[0], mul(x[5],x[5]))",True,"less_than_or_equal(mul(x[5],x[5]),x[0])",0.5868263473053892,2c2cb5882924d906e8f60f231506150f,0.5868263473053892,False,0.0
8,15,"not_(greater_than_or_equal(x[2], x[5]))",True,"not_(not_(less_than_or_equal(x[2],x[5])))",0.34730538922155685,4af53f79d9ad2ffac455113b88a02dd4,0.34730538922155685,False,0.0
8,15,"not_(less_than_or_equal(pdiv(sub(add(sub(x[2],x[7]),x[7]),mul(x[5],add(sub(x[7],sub(x[3],mul(x[5],x[7]))),add(x[2],x[7])))),10.40),x[2]))",True,not_(x[6]),0.6347305389221557,b4068ba57b63c959651c969331c4b5cd,0.6347305389221557,False,0.0
8,15,"greater_than_or_equal(pdiv(x[5],add(add(x[2],x[3]),add(pdiv(x[3],pdiv(x[7],add(x[2],x[7]))),pdiv(x[3],x[7])))), x[3])",True,"greater_than_or_equal(x[5], mul(x[3],add(x[7],pdiv(x[5],mul(x[5],add(x[7],pdiv(x[0],x[3])))))))",0.6107784431137724,bb24be32a10712e098eb09b4d179cb12,0.5988023952095809,True,-0.011976047904191489
8,15,"not_(less_than_or_equal(pdiv(x[5],x[0]),add(x[7],pdiv(mul(add(x[7],add(x[3],x[2])),x[7]),mul(x[5],x[5])))))",False,,,16aa7b36ab82a942029a55cd5d9c75d6,0.49101796407185627,False,0.0
8,15,"greater_than_or_equal(add(mul(x[7],pdiv(x[5],x[5])),x[2]), add(sub(x[7],x[7]),pdiv(69.44,sub(x[3],x[3]))))",True,"less_than_or_equal(pdiv(x[5],x[5]),add(x[2],x[7]))",0.8083832335329342,13bc325d64f36ba4cad976606f41f747,0.8083832335329342,False,0.0
8,15,"less_than_or_equal(sub(x[5],mul(x[7],mul(x[5],mul(mul(add(x[7],x[5]),x[3]),add(08.63,sub(mul(x[5],mul(mul(x[5],mul(x[3],add(add(x[3],x[7]),x[5]))),add(sub(x[7],x[3]),x[7]))),sub(x[3],x[7]))))))),x[2])",False,,,a0e16f32f0f2244fb3f177a141f75f7c,0.5209580838323353,False,0.0
8,15,"less_than_or_equal(add(x[5],mul(x[7],mul(x[5],mul(mul(add(x[7],x[5]),x[2]),mul(08.63,sub(mul(mul(pdiv(mul(mul(x[5],add(x[3],add(add(x[3],x[7]),x[5]))),add(sub(x[7],x[3]),x[7])),add(x[3],x[7])),add(pdiv(add(pdiv(pdiv(x[5],x[5]),add(mul(x[5],x[7]),x[2])),add(x[2],x[3])),add(pdiv(x[3],pdiv(x[7],add(x[2],x[7]))),pdiv(x[3],x[7]))),x[3])),x[5]),x[5])))))),add(x[2],x[5]))",False,,,ce5ed0fdeed8ca33aa2aed5701cf3fdc,0.31137724550898205,False,0.0
8,15,"not_(less_than_or_equal(pdiv(x[3],x[5]),x[3]))",True,"not_(less_than_or_equal(pdiv(x[5],x[5]),x[5]))",0.31137724550898205,774eb80249c37c32f486ae194a31e639,0.3173652694610778,True,0.0059880239520957446
8,15,"less_than_or_equal(mul(mul(x[2],x[5]),x[5]),add(x[2],pdiv(x[3],add(add(x[2],x[7]),add(mul(x[7],add(x[5],x[5])),x[2])))))",True,"less_than_or_equal(x[2],x[2])",0.35928143712574845,bd082d42dcba8056510101f18394b575,0.35928143712574845,False,0.0
8,15,"not_(less_than_or_equal(pdiv(x[3],mul(x[7],add(x[3],x[3]))),x[5]))",True,"not_(less_than_or_equal(pdiv(x[5],x[5]),mul(x[7],add(x[5],x[5]))))",0.2574850299401198,60772b7c6d008dbac48c1b7022ba9e21,0.2574850299401198,False,0.0
8,15,"not_(less_than_or_equal(pdiv(x[5],x[7]),add(mul(x[7],add(x[5],x[0])),pdiv(pdiv(add(x[5],x[0]),sub(pdiv(x[5],x[5]),x[2])),add(pdiv(x[5],x[2]),mul(x[2],x[5]))))))",False,,,7f5113f6e0d3d0f7f931cc2acc2c4e7d,0.2694610778443114,False,0.0
8,15,"greater_than_or_equal(pdiv(x[7],x[5]), x[2])",True,"not_(less_than_or_equal(pdiv(x[7],x[2]),x[5]))",0.4131736526946108,6c7e6e07b7b12247ceef424eff5148c5,0.4131736526946108,False,0.0
8,15,"greater_than_or_equal(x[5], mul(x[7],mul(add(sub(x[2],x[7]),add(x[5],x[5])),pdiv(x[2],x[5]))))",False,,,bca251fefecfad1b5ec5653d873f99b1,0.29940119760479045,False,0.0
8,15,"greater_than_or_equal(pdiv(x[5],add(x[2],x[2])), x[2])",True,"greater_than_or_equal(pdiv(x[5],pdiv(add(x[2],x[5]),x[5])), mul(x[5],x[2]))",0.28742514970059885,0803226314985e684579b7ad7da3df72,0.3053892215568862,True,0.017964071856287345
8,15,"greater_than_or_equal(x[5], mul(x[7],add(x[5],x[2])))",True,"greater_than_or_equal(x[5], mul(x[7],add(x[5],x[2])))",0.23353293413173648,49521aab13419e9d4582e656c37790ef,0.23353293413173648,False,0.0
8,15,"not_(greater_than_or_equal(mul(x[5],mul(03.45,x[3])), x[7]))",False,,,1fde11ce064f9da015942791fa55a1e1,0.6826347305389222,False,0.0
8,15,"not_(less_than_or_equal(pdiv(pdiv(x[5],x[5]),add(x[2],x[5])),mul(x[5],add(pdiv(x[3],pdiv(x[5],mul(x[7],add(x[7],x[2])))),x[3]))))",False,,,7fe55b6f80925e9dd5e6640caa45d0d4,0.3173652694610778,False,0.0
8,15,"less_than_or_equal(mul(mul(x[7],mul(pdiv(x[5],x[3]),mul(sub(x[7],x[2]),pdiv(sub(x[7],mul(x[0],x[5])),x[7])))),pdiv(pdiv(x[5],x[7]),add(sub(mul(x[5],x[2]),x[5]),x[5]))),pdiv(x[5],x[5]))",False,,,9eb390312bcd6870a5b900b2d2086ecd,0.4610778443113772,False,0.0
8,15,"not_(less_than_or_equal(x[5],x[5]))",True,not_(x[6]),0.6347305389221557,b4068ba57b63c959651c969331c4b5cd,0.6407185628742516,True,0.005988023952095856
8,15,"less_than_or_equal(mul(x[5],add(x[0],x[2])),add(x[7],x[0]))",False,,,a9128bb01c81ab4ee56fc4d899a06dfd,0.3772455089820359,False,0.0
8,15,"greater_than_or_equal(x[5], mul(add(mul(mul(x[5],mul(x[7],add(x[5],x[5]))),x[3]),x[3]),add(x[7],x[5])))",False,,,52ee745b8156e9fa92fedeb6a1986e25,0.3892215568862275,False,0.0
8,15,"less_than_or_equal(add(add(x[7],x[2]),add(x[2],x[3])),add(add(x[5],pdiv(x[5],x[5])),add(pdiv(add(x[0],mul(x[5],x[5])),sub(pdiv(x[5],x[5]),add(add(x[2],x[0]),x[7]))),x[7])))",False,,,ac63067f74e4e405ea80af1a110130f3,0.22754491017964074,False,0.0
8,15,"greater_than_or_equal(pdiv(mul(add(x[7],74.44),mul(add(sub(x[2],x[7]),add(x[5],x[5])),add(sub(x[7],sub(x[3],mul(x[7],x[7]))),add(x[5],x[0])))),mul(sub(x[7],x[3]),mul(add(add(sub(add(x[2],x[3]),x[5]),x[5]),add(x[2],x[5])),x[5]))), add(x[5],x[2]))",False,,,5f0885e04f68c8b4bc24a07df5dd06e4,0.6227544910179641,False,0.0
8,15,"greater_than_or_equal(sub(add(mul(x[7],mul(01.48,mul(sub(mul(x[7],x[7]),add(mul(x[7],x[7]),add(x[2],x[2]))),sub(x[3],add(pdiv(x[5],add(pdiv(add(x[2],x[5]),x[5]),mul(x[2],x[2]))),x[7]))))),x[7]),add(sub(x[7],sub(mul(x[7],x[0]),sub(pdiv(x[5],x[7]),x[3]))),x[7])), x[5])",False,,,1a19bd091dc60cb4b099c3cad33508cc,0.6766467065868264,False,0.0
8,15,"greater_than_or_equal(x[5], pdiv(add(x[2],x[7]),x[2]))",True,not_(x[6]),0.6347305389221557,b4068ba57b63c959651c969331c4b5cd,0.6407185628742516,True,0.005988023952095856
8,15,"greater_than_or_equal(x[5], mul(x[5],mul(x[5],add(x[7],x[5]))))",False,,,d0b807eb7e93223e79ef2fd85fa53cb7,0.28742514970059885,False,0.0
8,15,"greater_than_or_equal(sub(pdiv(x[5],x[7]),mul(mul(mul(pdiv(add(pdiv(45.34,mul(x[3],add(x[5],x[2]))),x[3]),mul(sub(pdiv(add(x[7],x[2]),x[3]),x[5]),x[5])),add(x[2],x[5])),x[5]),pdiv(x[5],x[5]))), add(x[5],x[2]))",False,,,a7aa589fe667651d87abe88a06e70d44,0.5568862275449102,False,0.0
8,15,"greater_than_or_equal(pdiv(x[5],x[5]), add(x[7],x[2]))",True,"less_than_or_equal(add(mul(x[7],pdiv(x[5],x[5])),x[2]),add(sub(x[7],x[7]),pdiv(69.44,sub(x[3],x[3]))))",0.19161676646706582,14c6e007ad625f3839f568e9ee8a86e1,0.19161676646706582,False,0.0
8,15,"not_(less_than_or_equal(pdiv(pdiv(pdiv(x[2],x[2]),x[5]),add(add(pdiv(x[5],x[5]),add(x[7],x[2])),mul(x[7],x[5]))),x[5]))",True,"not_(less_than_or_equal(pdiv(x[5],x[5]),add(mul(x[5],x[5]),x[5])))",0.3772455089820359,85004d30cad8675ea748791609909266,0.281437125748503,True,-0.09580838323353291
8,15,"greater_than_or_equal(sub(pdiv(x[5],x[7]),mul(x[7],add(x[5],add(sub(x[7],sub(sub(pdiv(mul(x[5],x[7]),add(x[2],x[2])),sub(pdiv(x[5],x[5]),add(x[7],x[2]))),x[5])),mul(x[5],mul(x[7],add(x[7],mul(pdiv(x[3],x[5]),x[5])))))))), add(x[2],x[5]))",True,"greater_than_or_equal(x[5], mul(x[7],add(x[5],pdiv(x[5],x[5]))))",0.33532934131736525,fa01caa917a58bbda28cb775016b8bd1,0.26347305389221554,True,-0.07185628742514971
8,15,"greater_than_or_equal(sub(pdiv(x[5],x[2]),x[5]), 61.69)",True,not_(x[6]),0.6347305389221557,b4068ba57b63c959651c969331c4b5cd,0.6407185628742516,True,0.005988023952095856
8,15,"greater_than_or_equal(sub(x[5],x[7]), mul(add(sub(x[2],x[7]),add(x[5],x[5])),add(sub(mul(x[0],x[0]),add(x[2],mul(x[7],pdiv(mul(x[5],x[5]),mul(add(add(x[5],x[2]),x[5]),mul(x[7],add(x[7],x[2]))))))),x[3])))",False,,,c392199352c59353992498be05e23c17,0.3892215568862275,False,0.0
8,15,"greater_than_or_equal(x[5], mul(x[7],add(x[5],add(x[2],mul(x[5],x[5])))))",True,"greater_than_or_equal(pdiv(x[5],add(add(x[5],x[2]),x[5])), mul(x[7],add(x[7],x[2])))",0.23353293413173648,e395e33ad0711410c4310669d35f09ad,0.23353293413173648,False,0.0
8,15,"not_(less_than_or_equal(add(mul(x[3],x[7]),add(x[5],x[2])),add(sub(x[7],sub(x[5],x[5])),x[5])))",False,,,d89a02a4b649fa64eed2d3bea33b7468,0.4850299401197605,False,0.0
8,15,"greater_than_or_equal(pdiv(add(x[5],x[2]),pdiv(x[5],x[5])), add(x[5],x[2]))",True,"less_than_or_equal(x[2],x[2])",0.35928143712574845,bd082d42dcba8056510101f18394b575,0.35928143712574845,False,0.0
8,15,"not_(less_than_or_equal(pdiv(x[5],x[7]),x[5]))",True,"not_(less_than_or_equal(pdiv(x[5],x[5]),add(pdiv(x[2],96.92),x[7])))",0.39520958083832336,db0e6c3409e9b2885c8014a7de8788af,0.4011976047904192,True,0.005988023952095856
8,15,"greater_than_or_equal(pdiv(x[5],add(mul(mul(x[5],x[3]),x[3]),add(x[7],x[5]))), add(sub(x[2],x[5]),pdiv(pdiv(add(sub(x[7],x[7]),pdiv(69.44,sub(x[3],x[3]))),add(pdiv(pdiv(x[7],x[5]),add(x[2],x[7])),x[2])),x[7])))",False,,,bb172bac5ed9003a47caa0333609b3aa,0.6407185628742516,False,0.0
8,15,"greater_than_or_equal(add(mul(mul(add(x[7],x[7]),add(sub(x[7],sub(mul(x[7],x[0]),sub(mul(x[2],x[7]),x[2]))),sub(x[7],sub(x[5],mul(x[5],x[5]))))),add(pdiv(x[5],x[2]),sub(x[7],pdiv(x[3],pdiv(x[0],x[3]))))),add(x[7],pdiv(add(x[7],pdiv(x[2],x[2])),mul(x[2],x[5])))), add(mul(x[0],24.40),x[0]))",False,,,5547c177aee9082ed489097449841b59,0.32335329341317365,False,0.0
8,15,"greater_than_or_equal(sub(pdiv(x[5],x[7]),add(x[2],x[0])), sub(add(pdiv(x[7],add(x[5],mul(x[5],pdiv(x[2],x[7])))),add(x[2],x[0])),add(add(x[2],x[3]),add(x[2],x[5]))))",False,,,d5bae8a3dd01a9fbf8ec9cb5d12b22af,0.3413173652694611,False,0.0
8,15,"less_than_or_equal(x[5],mul(mul(mul(add(pdiv(x[7],sub(x[3],x[5])),x[3]),mul(x[7],x[5])),x[5]),add(mul(x[7],add(x[5],x[5])),x[3])))",False,,,4fe5d5058709a0dd86d5038f9b99b3fa,0.6167664670658682,False,0.0
8,15,"greater_than_or_equal(mul(pdiv(x[5],x[7]),mul(x[7],add(x[5],x[5]))), x[3])",False,,,189bfbac7d8a41243992396642f97e59,0.4850299401197605,False,0.0
8,15,"greater_than_or_equal(x[5], mul(x[2],x[3]))",True,"greater_than_or_equal(add(mul(x[0],x[3]),pdiv(x[5],x[3])), x[2])",0.3293413173652695,f0c5da2fb3fda6018ebf0885b8c1ea67,0.3293413173652695,False,0.0
8,15,"greater_than_or_equal(x[2], x[3])",True,"not_(less_than_or_equal(pdiv(x[5],x[5]),add(x[2],sub(pdiv(x[3],x[2]),add(mul(x[2],x[7]),mul(x[2],x[3]))))))",0.6586826347305389,97992d1c6392ce2361e75a580fad0a69,0.6347305389221557,True,-0.0239520958083832
8,15,"less_than_or_equal(add(add(x[7],x[2]),add(x[5],mul(x[5],pdiv(x[2],mul(x[5],x[2]))))),sub(x[7],add(x[3],pdiv(x[5],x[3]))))",True,not_(x[6]),0.6347305389221557,b4068ba57b63c959651c969331c4b5cd,0.6407185628742516,True,0.005988023952095856
8,15,"greater_than_or_equal(x[5], mul(x[5],pdiv(x[7],add(mul(x[3],x[7]),add(x[5],mul(pdiv(add(sub(x[7],sub(x[5],mul(x[5],x[5]))),add(x[5],x[2])),mul(x[7],pdiv(mul(x[5],x[5]),x[0]))),sub(sub(x[2],x[0]),mul(x[5],x[5]))))))))",False,,,f4498f4ed4cd2662a289903dcacfa0e3,0.39520958083832336,False,0.0
8,15,"greater_than_or_equal(x[5], mul(x[7],add(pdiv(sub(x[2],x[7]),add(x[5],mul(pdiv(x[5],43.97),x[5]))),add(x[5],x[2]))))",False,,,72375ea1b16a85feb4e2a9f3f660375c,0.29940119760479045,False,0.0
8,15,"greater_than_or_equal(pdiv(x[3],add(30.93,x[2])), x[2])",True,"greater_than_or_equal(pdiv(mul(x[5],x[2]),pdiv(x[2],x[5])), add(sub(x[7],x[7]),add(x[5],x[0])))",0.6107784431137724,ec48eb4aba9f475884bcf9e8f28adadc,0.6167664670658682,True,0.005988023952095856
8,15,"greater_than_or_equal(pdiv(x[5],x[7]), x[2])",True,"less_than_or_equal(sub(mul(x[2],x[7]),mul(x[0],x[7])),x[5])",0.34730538922155685,67e5c7a497be3e968ea5c2bd6433af6d,0.33532934131736525,True,-0.0119760479041916
8,15,"less_than_or_equal(add(add(x[7],pdiv(x[5],x[5])),x[2]),add(sub(x[7],x[7]),pdiv(69.24,sub(mul(x[2],pdiv(x[5],x[5])),x[3]))))",True,"not_(less_than_or_equal(pdiv(x[5],x[5]),add(x[2],sub(pdiv(x[3],x[2]),add(mul(x[2],x[7]),mul(x[2],x[3]))))))",0.6586826347305389,97992d1c6392ce2361e75a580fad0a69,0.6347305389221557,True,-0.0239520958083832
8,15,"greater_than_or_equal(pdiv(x[5],x[5]), add(x[5],x[5]))",True,"not_(less_than_or_equal(pdiv(x[5],x[5]),add(x[5],x[5])))",0.4491017964071856,2218a51fb25443ecfeb7d4f388f41f4b,0.4491017964071856,False,0.0
8,15,"greater_than_or_equal(20.45, x[5])",True,"less_than_or_equal(x[2],x[2])",0.35928143712574845,bd082d42dcba8056510101f18394b575,0.35928143712574845,False,0.0
8,15,"not_(less_than_or_equal(pdiv(x[5],x[5]),add(pdiv(38.97,x[5]),add(x[2],x[2]))))",True,not_(x[6]),0.6347305389221557,b4068ba57b63c959651c969331c4b5cd,0.6407185628742516,True,0.005988023952095856
8,15,"less_than_or_equal(add(mul(x[7],pdiv(x[5],x[5])),x[2]),add(sub(44.39,mul(sub(pdiv(x[7],sub(x[5],mul(x[7],x[3]))),x[7]),mul(x[7],x[5]))),x[3]))",True,"less_than_or_equal(x[2],x[2])",0.35928143712574845,bd082d42dcba8056510101f18394b575,0.35928143712574845,False,0.0
8,15,"not_(less_than_or_equal(pdiv(x[5],x[7]),add(x[5],mul(pdiv(mul(add(x[0],add(x[2],x[5])),add(add(x[5],x[0]),mul(x[3],x[7]))),pdiv(x[0],x[3])),add(add(x[5],x[7]),sub(x[7],x[5]))))))",False,,,6916810d68efc9e5b1388552fee6a4f5,0.34730538922155685,False,0.0
8,15,"greater_than_or_equal(x[5], mul(x[7],x[0]))",True,"not_(less_than_or_equal(pdiv(x[5],x[0]),x[0]))",0.35928143712574845,5372ceb8b23ce5e1dd3bf5c2fc3a57aa,0.3413173652694611,True,-0.017964071856287345
8,15,"not_(less_than_or_equal(pdiv(x[3],pdiv(add(x[5],x[2]),add(add(x[5],x[2]),x[5]))),mul(x[7],add(x[7],x[2]))))",False,,,411f6f31f2304cefe6c51dd2c0e20ed5,0.2934131736526946,False,0.0
8,15,"not_(less_than_or_equal(pdiv(x[5],mul(pdiv(x[5],x[5]),add(x[0],x[7]))),mul(add(x[7],add(x[3],x[2])),74.79)))",True,not_(x[6]),0.6347305389221557,b4068ba57b63c959651c969331c4b5cd,0.6407185628742516,True,0.005988023952095856
8,15,"greater_than_or_equal(pdiv(x[5],sub(x[7],x[3])), mul(add(09.30,x[2]),x[5]))",False,,,a97ac00e72da7fe142d68146e4d81492,0.6047904191616766,False,0.0
8,15,"greater_than_or_equal(x[5], mul(x[5],mul(add(pdiv(pdiv(x[2],add(x[5],x[3])),x[7]),x[5]),add(x[2],x[2]))))",False,,,ba74fbf661c63d2315bdac3fe43498af,0.3532934131736527,False,0.0
8,15,"greater_than_or_equal(sub(pdiv(pdiv(x[5],x[7]),add(x[7],x[2])),add(add(x[5],x[2]),x[5])), mul(x[7],add(x[7],x[2])))",False,,,0fba72d8c1e546a86109af2a73634272,0.2694610778443114,False,0.0
8,15,"not_(less_than_or_equal(x[5],x[2]))",True,"not_(not_(less_than_or_equal(x[2],x[5])))",0.34730538922155685,4af53f79d9ad2ffac455113b88a02dd4,0.34730538922155685,False,0.0
8,15,"greater_than_or_equal(pdiv(01.48,mul(x[5],x[7])), add(x[2],x[7]))",True,"greater_than_or_equal(add(pdiv(x[3],x[3]),sub(x[3],mul(x[5],x[2]))), add(sub(x[7],x[7]),sub(x[0],x[3])))",0.3532934131736527,fe8764edc6b2890ba84f3173a5465f84,0.3532934131736527,False,0.0
8,15,"greater_than_or_equal(x[5], pdiv(x[7],add(mul(x[7],x[7]),sub(x[2],add(x[2],x[3])))))",True,"greater_than_or_equal(x[3], mul(x[7],x[7]))",0.3413173652694611,3d72bbc340f037088e8e4149f2ca8ce3,0.3413173652694611,False,0.0
8,15,"greater_than_or_equal(pdiv(sub(pdiv(add(x[2],x[2]),add(x[2],x[0])),x[7]),x[7]), add(sub(x[7],sub(x[3],x[5])),add(x[2],x[3])))",False,,,66f55415c5ed5e5f75ff0e480db0c5aa,0.2455089820359282,False,0.0
8,15,"less_than_or_equal(x[5],mul(x[7],add(x[2],add(add(mul(x[5],x[5]),x[0]),sub(sub(x[2],x[0]),mul(x[5],x[5]))))))",False,,,21e5acbb92db865ed482a16c5a791b96,0.7245508982035929,False,0.0
8,15,"not_(less_than_or_equal(pdiv(x[5],sub(x[7],x[7])),x[2]))",True,"not_(greater_than_or_equal(mul(x[7],x[2]), x[7]))",0.34730538922155685,f69cf4961d82af0c72c0014d2a401904,0.34730538922155685,False,0.0
8,15,"greater_than_or_equal(x[5], mul(x[7],add(mul(x[2],add(x[0],sub(x[5],x[7]))),x[0])))",True,"not_(less_than_or_equal(pdiv(x[5],x[0]),x[0]))",0.35928143712574845,5372ceb8b23ce5e1dd3bf5c2fc3a57aa,0.34730538922155685,True,-0.0119760479041916
8,15,"not_(less_than_or_equal(pdiv(x[5],sub(pdiv(add(mul(sub(x[7],x[7]),add(x[0],sub(add(x[7],mul(add(x[2],x[2]),x[5])),add(x[2],x[5])))),x[7]),pdiv(x[5],x[5])),x[5])),x[2]))",True,"not_(less_than_or_equal(pdiv(x[5],sub(x[7],x[5])),sub(x[2],x[0])))",0.592814371257485,aca9856bc651263cae90168ae78578c6,0.5808383233532934,True,-0.0119760479041916
8,15,"not_(less_than_or_equal(pdiv(x[5],sub(pdiv(add(mul(sub(x[7],x[7]),add(x[0],x[0])),add(x[5],add(x[2],x[2]))),x[5]),add(x[2],x[5]))),x[7]))",False,,,bd5eec2ecca39021db7ce8ec74f0ea02,0.38323353293413176,False,0.0
8,15,"greater_than_or_equal(add(x[2],x[5]), x[5])",True,"less_than_or_equal(x[2],x[2])",0.35928143712574845,bd082d42dcba8056510101f18394b575,0.35928143712574845,False,0.0
8,15,"greater_than_or_equal(pdiv(x[5],x[5]), mul(x[5],add(x[5],x[2])))",True,"not_(greater_than_or_equal(mul(x[5],add(x[5],x[2])), add(sub(x[7],x[7]),pdiv(x[5],x[5]))))",0.27544910179640714,66d1f1f84d146fdd572ef7ee95562584,0.27544910179640714,False,0.0
8,15,"not_(less_than_or_equal(pdiv(x[7],x[7]),add(x[2],x[7])))",True,"less_than_or_equal(add(mul(x[7],pdiv(x[5],x[5])),x[2]),add(sub(x[7],x[7]),pdiv(69.44,sub(x[3],x[3]))))",0.19161676646706582,14c6e007ad625f3839f568e9ee8a86e1,0.19161676646706582,False,0.0
8,15,"greater_than_or_equal(pdiv(x[5],x[7]), add(add(x[2],x[3]),add(pdiv(x[3],pdiv(x[7],pdiv(x[2],x[7]))),pdiv(x[3],sub(pdiv(x[3],x[5]),x[5])))))",False,,,452ecbf6a431e5aab946c61a2abde0f6,0.6047904191616766,False,0.0
8,15,"greater_than_or_equal(pdiv(x[5],x[5]), x[5])",True,"less_than_or_equal(x[2],x[2])",0.35928143712574845,bd082d42dcba8056510101f18394b575,0.35928143712574845,False,0.0
8,15,"greater_than_or_equal(pdiv(add(pdiv(x[3],x[7]),x[2]),add(x[5],x[2])), sub(74.39,pdiv(pdiv(x[5],x[7]),add(x[7],add(x[7],x[2])))))",True,"less_than_or_equal(mul(mul(x[7],x[7]),74.75),add(x[7],x[7]))",0.6227544910179641,83475aff34f9e2eb2174b5d809ea1882,0.6287425149700598,True,0.0059880239520957446
8,15,"greater_than_or_equal(sub(pdiv(x[5],x[7]),mul(x[7],add(x[0],x[5]))), x[7])",False,,,cc37a2c06276f54a8a92af52d8c7deaf,0.23952095808383234,False,0.0
8,15,"greater_than_or_equal(pdiv(add(x[2],x[3]),x[7]), 59.19)",True,not_(x[6]),0.6347305389221557,b4068ba57b63c959651c969331c4b5cd,0.6407185628742516,True,0.005988023952095856
8,15,"greater_than_or_equal(sub(pdiv(x[5],x[7]),x[5]), mul(x[5],sub(sub(pdiv(x[5],x[7]),pdiv(x[5],x[5])),x[5])))",True,"less_than_or_equal(x[2],x[2])",0.35928143712574845,bd082d42dcba8056510101f18394b575,0.35928143712574845,False,0.0
8,15,"greater_than_or_equal(x[7], pdiv(x[5],x[5]))",True,"greater_than_or_equal(x[3], pdiv(x[3],x[7]))",0.5988023952095809,544e9f57eeb7aee70ddd2795444ac73a,0.6047904191616766,True,0.0059880239520957446
8,15,"not_(greater_than_or_equal(mul(x[7],add(mul(x[7],x[7]),add(x[2],x[2]))), sub(x[3],add(pdiv(x[5],add(pdiv(add(sub(pdiv(x[5],x[5]),mul(x[2],x[2])),x[7]),x[7]),add(sub(x[7],sub(mul(x[7],x[0]),sub(pdiv(x[5],x[7]),x[3]))),x[7]))),x[5]))))",False,,,6102e376e9d8707ccea09fecd72c546a,0.5329341317365269,False,0.0
8,15,"greater_than_or_equal(pdiv(x[5],x[5]), mul(add(pdiv(add(add(add(x[0],x[3]),x[5]),x[0]),add(x[3],x[7])),x[2]),add(pdiv(add(x[7],pdiv(x[2],x[2])),mul(x[2],x[5])),add(mul(x[0],24.40),x[0]))))",True,"not_(less_than_or_equal(pdiv(x[7],x[5]),pdiv(pdiv(pdiv(x[5],x[5]),x[5]),x[2])))",0.6287425149700598,8c2dad1809a03cc967a05f5c635295c1,0.6227544910179641,True,-0.0059880239520957446
8,15,"not_(less_than_or_equal(pdiv(x[5],x[5]),add(x[5],mul(x[3],mul(add(x[0],pdiv(add(mul(mul(x[7],x[2]),sub(pdiv(x[5],x[5]),x[3])),x[7]),x[3])),x[7])))))",False,,,9a4c81082634dfb23880249567530c0a,0.26347305389221554,False,0.0
8,15,"not_(less_than_or_equal(pdiv(x[5],mul(x[2],add(sub(x[7],x[3]),x[3]))),add(x[7],x[5])))",False,,,936ec3dd23b43290d66f4821b237aa4d,0.29940119760479045,False,0.0
8,15,"greater_than_or_equal(x[5], x[5])",True,"less_than_or_equal(x[2],x[2])",0.35928143712574845,bd082d42dcba8056510101f18394b575,0.35928143712574845,False,0.0
8,15,"greater_than_or_equal(x[5], mul(mul(x[2],add(sub(x[7],sub(mul(x[7],add(x[7],x[5])),add(sub(x[5],x[0]),mul(x[3],x[7])))),pdiv(x[5],x[3]))),add(add(x[5],x[7]),sub(x[7],x[5]))))",False,,,8623c43fe81cd157f7cb70b54accd483,0.2694610778443114,False,0.0
8,15,"greater_than_or_equal(pdiv(x[5],add(x[2],x[7])), pdiv(x[3],x[3]))",True,"greater_than_or_equal(x[5], mul(x[7],add(x[2],pdiv(x[5],x[5]))))",0.33532934131736525,bb5c1caa2e30ec7ef07b22f884640315,0.3892215568862275,True,0.053892215568862256
8,15,"greater_than_or_equal(pdiv(x[5],add(x[5],74.59)), mul(mul(x[5],add(x[5],x[2])),add(x[7],x[0])))",True,"less_than_or_equal(mul(mul(x[7],x[7]),74.75),add(x[7],x[7]))",0.6227544910179641,83475aff34f9e2eb2174b5d809ea1882,0.6227544910179641,False,0.0
8,15,"greater_than_or_equal(pdiv(x[5],x[5]), add(x[7],mul(mul(x[5],mul(add(add(x[5],x[2]),x[7]),mul(x[7],x[7]))),x[0])))",False,,,6339c147d1b71afae9b802378c535438,0.2934131736526946,False,0.0
8,15,"greater_than_or_equal(sub(pdiv(x[5],x[2]),x[2]), add(x[7],pdiv(x[2],mul(x[5],x[5]))))",False,,,e559ee8e08549df63a52758162054dd0,0.37125748502994016,False,0.0
8,15,"not_(less_than_or_equal(pdiv(x[3],mul(x[5],mul(sub(x[5],add(x[3],add(sub(x[3],x[5]),76.96))),x[3]))),x[7]))",True,not_(x[6]),0.6347305389221557,b4068ba57b63c959651c969331c4b5cd,0.6287425149700598,True,-0.005988023952095856
8,15,"greater_than_or_equal(x[3], mul(x[5],add(x[5],x[7])))",False,,,16f20669ed0b76fe5500d6813f03d055,0.437125748502994,False,0.0
8,15,"less_than_or_equal(add(x[7],add(x[5],x[0])),pdiv(pdiv(add(x[5],x[0]),sub(x[5],mul(x[5],x[2]))),add(pdiv(x[5],x[7]),mul(45.02,x[0]))))",False,,,bde048f660a3fe9c4e6588baaab9e104,0.5449101796407185,False,0.0
8,15,"greater_than_or_equal(add(pdiv(x[3],x[2]),x[5]), x[5])",True,"less_than_or_equal(x[2],x[2])",0.35928143712574845,bd082d42dcba8056510101f18394b575,0.35928143712574845,False,0.0
8,15,"greater_than_or_equal(mul(04.53,x[5]), add(x[2],x[7]))",True,"greater_than_or_equal(add(x[5],x[5]), add(x[2],x[0]))",0.35928143712574845,c95a929308099bb4dbd5028525b67541,0.32335329341317365,True,-0.0359281437125748
8,15,"not_(less_than_or_equal(pdiv(x[7],x[5]),x[7]))",True,"not_(less_than_or_equal(pdiv(x[5],x[5]),x[5]))",0.31137724550898205,774eb80249c37c32f486ae194a31e639,0.31137724550898205,False,0.0
8,15,"greater_than_or_equal(add(pdiv(x[5],x[5]),add(x[5],x[0])), mul(sub(pdiv(x[7],add(x[2],x[5])),x[5]),add(add(pdiv(x[2],55.91),x[3]),add(x[2],x[5]))))",False,,,9044e10eb2efbe829e3758ffa5d204f4,0.3293413173652695,False,0.0
8,15,"not_(less_than_or_equal(pdiv(x[5],mul(add(x[7],x[5]),add(add(x[5],x[0]),mul(x[3],x[7])))),pdiv(x[0],x[3])))",False,,,c14a32972c9b4cdb7ba0d7e99ede2ad3,0.3293413173652695,False,0.0
8,15,"greater_than_or_equal(x[5], mul(x[3],x[5]))",True,"less_than_or_equal(x[2],x[2])",0.35928143712574845,bd082d42dcba8056510101f18394b575,0.35928143712574845,False,0.0
8,15,"not_(less_than_or_equal(pdiv(x[2],sub(x[2],x[3])),x[3]))",True,"not_(less_than_or_equal(pdiv(x[5],x[5]),add(x[2],sub(pdiv(x[3],x[2]),add(mul(x[2],x[7]),mul(x[2],x[3]))))))",0.6586826347305389,97992d1c6392ce2361e75a580fad0a69,0.6347305389221557,True,-0.0239520958083832
8,15,"less_than_or_equal(add(add(x[7],x[5]),x[5]),add(x[2],x[2]))",False,,,56ac84456097e65687c9f30b466cc251,0.6407185628742516,False,0.0
8,15,"not_(less_than_or_equal(pdiv(x[5],x[3]),x[7]))",True,"not_(less_than_or_equal(pdiv(x[5],x[3]),x[7]))",0.3413173652694611,e691e9faf9d6cf6a1c64f756c672a16e,0.3413173652694611,False,0.0
8,15,"greater_than_or_equal(x[3], mul(x[5],mul(54.74,mul(pdiv(x[5],x[5]),x[2]))))",True,"greater_than_or_equal(x[3], mul(x[5],mul(x[2],93.09)))",0.6227544910179641,ff2b1e5533ab9b97a6b5e8c4c8c659b5,0.6227544910179641,False,0.0
8,15,"greater_than_or_equal(54.84, x[7])",True,"less_than_or_equal(x[2],x[2])",0.35928143712574845,bd082d42dcba8056510101f18394b575,0.35928143712574845,False,0.0
8,15,"greater_than_or_equal(sub(pdiv(add(add(x[5],x[5]),add(x[2],x[0])),x[0]),mul(x[2],x[2])), x[2])",False,,,bda85d8f318678b6729f5d890f5f816a,0.3293413173652695,False,0.0
8,15,"greater_than_or_equal(add(sub(x[2],x[7]),add(x[5],x[5])), add(sub(mul(x[5],add(x[0],x[7])),mul(add(x[7],add(x[3],x[2])),x[7])),mul(x[5],x[5])))",True,"less_than_or_equal(mul(sub(x[2],x[5]),sub(x[2],x[0])),add(x[3],x[2]))",0.3532934131736527,44787953a2ea9d0c6e8ae77570f45adc,0.3532934131736527,False,0.0
8,15,"greater_than_or_equal(24.47, add(sub(x[5],x[5]),add(x[5],x[3])))",True,"less_than_or_equal(x[2],x[2])",0.35928143712574845,bd082d42dcba8056510101f18394b575,0.35928143712574845,False,0.0
8,15,"greater_than_or_equal(sub(pdiv(x[5],x[5]),x[7]), add(x[5],x[2]))",True,"not_(less_than_or_equal(pdiv(x[5],x[5]),add(x[7],add(x[5],x[2]))))",0.43113772455089816,8cf561ba4c6eb87a09aeba55043ea0f9,0.43113772455089816,False,0.0
8,15,"not_(less_than_or_equal(pdiv(x[2],x[5]),x[5]))",True,"not_(less_than_or_equal(pdiv(x[2],x[5]),x[5]))",0.5688622754491017,379e3fd86c4786507474cde0c666a1a3,0.5688622754491017,False,0.0
8,15,"greater_than_or_equal(sub(pdiv(x[5],x[2]),mul(x[7],add(x[7],x[2]))), x[3])",False,,,bfb3dbba095c0f85de9fdce26e8106d2,0.29940119760479045,False,0.0
8,15,"less_than_or_equal(mul(x[5],x[2]),x[5])",True,"not_(greater_than_or_equal(mul(x[7],x[2]), x[7]))",0.34730538922155685,f69cf4961d82af0c72c0014d2a401904,0.34730538922155685,False,0.0
8,15,"greater_than_or_equal(sub(pdiv(x[5],x[5]),x[0]), x[5])",True,"not_(less_than_or_equal(pdiv(x[5],x[5]),add(x[5],x[0])))",0.3053892215568862,00c19a3fd72854100569949b11521f0b,0.3053892215568862,False,0.0
8,15,"not_(less_than_or_equal(pdiv(x[5],add(x[7],x[7])),add(mul(mul(mul(pdiv(add(x[5],sub(x[2],pdiv(x[5],x[3]))),add(x[5],x[2])),x[3]),mul(x[7],add(x[7],x[2]))),x[3]),x[5])))",False,,,805314891a106d1d9f70c8f4d48f06f3,0.25149700598802394,False,0.0
8,15,"greater_than_or_equal(x[5], mul(mul(mul(add(pdiv(x[5],x[5]),x[3]),add(mul(x[7],add(mul(x[7],add(mul(55.74,pdiv(x[3],x[2])),x[2])),add(x[2],x[0]))),x[7])),x[7]),add(sub(x[7],sub(mul(x[7],x[0]),sub(pdiv(x[5],x[7]),x[3]))),x[7])))",False,,,9ec06798de96e63126511406934111f9,0.562874251497006,False,0.0
8,15,"greater_than_or_equal(x[2], pdiv(x[2],add(x[2],x[0])))",False,,,ee75d6f269a9d1030f4979b7451fc28c,0.652694610778443,False,0.0
8,15,"not_(less_than_or_equal(pdiv(x[2],x[5]),x[5]))",True,"not_(less_than_or_equal(pdiv(x[2],x[5]),x[5]))",0.5688622754491017,379e3fd86c4786507474cde0c666a1a3,0.5688622754491017,False,0.0
8,15,"greater_than_or_equal(sub(pdiv(x[5],sub(mul(x[2],mul(pdiv(x[5],mul(x[5],x[5])),mul(mul(39.79,pdiv(add(x[2],x[7]),add(mul(x[3],x[7]),add(x[5],add(19.01,x[5]))))),mul(x[5],x[5])))),add(x[5],x[2]))),mul(x[7],pdiv(mul(x[5],x[5]),x[0]))), sub(sub(x[2],x[0]),mul(x[5],x[5])))",False,,,be2dba5e66a43c4e88c9dfab4ce5bc92,0.6586826347305389,False,0.0
8,15,"less_than_or_equal(add(x[5],mul(x[7],mul(x[5],x[3]))),x[2])",True,"less_than_or_equal(x[0],mul(add(x[3],x[2]),sub(x[2],x[5])))",0.652694610778443,7db144d80e7764d52718b602dba1350e,0.6467065868263473,True,-0.0059880239520957446
8,15,"greater_than_or_equal(x[5], mul(x[5],mul(add(x[0],add(x[7],x[2])),add(add(x[7],x[5]),add(sub(x[2],x[5]),x[7])))))",True,"greater_than_or_equal(x[5], mul(x[5],mul(add(x[0],add(x[7],x[2])),add(add(x[7],x[5]),add(sub(x[2],x[5]),x[7])))))",0.2455089820359282,1191e7ee7aba08250da05e0395121192,0.2455089820359282,False,0.0
8,15,"greater_than_or_equal(add(sub(x[5],add(pdiv(add(x[5],x[0]),mul(add(pdiv(x[7],add(x[5],x[2])),add(sub(x[7],sub(x[5],mul(x[5],x[5]))),add(x[5],x[5]))),mul(x[7],x[7]))),x[5])),x[5]), x[5])",True,not_(x[6]),0.6347305389221557,b4068ba57b63c959651c969331c4b5cd,0.6347305389221557,False,0.0
8,15,"greater_than_or_equal(pdiv(x[5],add(x[2],x[5])), x[2])",True,"greater_than_or_equal(pdiv(x[5],pdiv(add(x[2],x[5]),x[5])), mul(x[5],x[2]))",0.28742514970059885,0803226314985e684579b7ad7da3df72,0.2934131736526946,True,0.0059880239520957446
8,15,"not_(less_than_or_equal(pdiv(add(x[5],x[2]),add(x[7],x[0])),x[2]))",True,"less_than_or_equal(x[2],x[2])",0.35928143712574845,bd082d42dcba8056510101f18394b575,0.35928143712574845,False,0.0
8,15,"greater_than_or_equal(x[0], x[5])",True,"less_than_or_equal(x[5],x[0])",0.6227544910179641,2aedc6e15176de9ec0c909a1a3b35796,0.6227544910179641,False,0.0
8,15,"not_(less_than_or_equal(pdiv(pdiv(mul(x[5],add(x[2],x[2])),x[5]),add(x[2],x[5])),x[7]))",False,,,48f31c46c00aeafb5e20e13907e41996,0.4251497005988024,False,0.0
8,15,"not_(less_than_or_equal(pdiv(x[5],sub(pdiv(add(mul(sub(x[7],x[7]),add(x[0],94.97)),x[5]),add(x[0],x[7])),mul(add(x[7],add(x[3],x[2])),x[7]))),mul(x[5],x[5])))",False,,,36dfafae44d547f21c83b7672679893f,0.3892215568862275,False,0.0
8,15,"greater_than_or_equal(sub(x[5],x[7]), x[0])",True,"not_(less_than_or_equal(x[5],mul(add(x[0],x[7]),pdiv(x[5],x[5]))))",0.3772455089820359,0f7386cc457ca3b9686048078d9e826b,0.3772455089820359,False,0.0
8,15,"not_(less_than_or_equal(pdiv(x[5],x[5]),x[5]))",True,"not_(less_than_or_equal(pdiv(x[5],x[5]),x[5]))",0.31137724550898205,774eb80249c37c32f486ae194a31e639,0.31137724550898205,False,0.0
8,15,"greater_than_or_equal(pdiv(x[5],add(x[5],x[2])), add(x[7],x[0]))",False,,,4b6ff76f0550b55e1f6f3fc9cfa94144,0.2574850299401198,False,0.0
8,15,"greater_than_or_equal(pdiv(sub(pdiv(add(x[2],x[2]),add(x[2],x[0])),x[7]),x[7]), add(sub(x[7],sub(x[2],x[2])),x[5]))",False,,,a4d6dedd35aa319d9b478238f22ca496,0.29940119760479045,False,0.0
8,15,"greater_than_or_equal(pdiv(x[3],mul(x[7],x[5])), add(x[2],pdiv(pdiv(x[5],x[5]),add(pdiv(add(x[0],mul(x[5],x[5])),sub(pdiv(x[5],x[5]),add(x[2],x[3]))),x[3]))))",False,,,ce54b812fe8dc072b211c2800c503a62,0.3772455089820359,False,0.0
8,15,"greater_than_or_equal(x[2], mul(x[7],mul(add(sub(x[2],x[7]),add(x[5],x[3])),mul(sub(x[7],sub(x[3],mul(x[5],x[7]))),add(x[2],x[7])))))",False,,,c388f8f9b447a95007c0444c7e7193c1,0.26347305389221554,False,0.0
8,15,"greater_than_or_equal(x[5], mul(x[7],add(x[7],00.47)))",False,,,e183f4459e6891f6162e7980b5780f37,0.28742514970059885,False,0.0
8,15,"not_(less_than_or_equal(pdiv(x[5],x[2]),add(pdiv(x[5],add(x[5],x[3])),x[7])))",False,,,a938b00508a642b4599b332934c849c8,0.31137724550898205,False,0.0
8,15,"not_(less_than_or_equal(pdiv(x[5],x[7]),sub(x[7],mul(x[2],x[5]))))",False,,,1b1ac95267ccff5bed815ef280facc6f,0.34730538922155685,False,0.0
8,15,"greater_than_or_equal(x[5], mul(x[7],add(pdiv(x[7],sub(x[3],pdiv(pdiv(x[3],mul(x[7],add(x[5],x[2]))),add(x[7],x[7])))),add(x[5],x[5]))))",True,"not_(less_than_or_equal(pdiv(x[5],mul(x[7],add(mul(add(add(x[5],x[2]),x[5]),mul(x[7],add(x[7],x[2]))),x[3]))),x[5]))",0.23952095808383234,c1dff508cbea1786bc1a69281894a9d4,0.2455089820359282,True,0.005988023952095856
8,15,"not_(less_than_or_equal(pdiv(sub(x[3],x[2]),x[3]),x[7]))",False,,,84415f1e4d783d6b71f37d24e5242dff,0.32335329341317365,False,0.0
8,15,"greater_than_or_equal(pdiv(add(mul(x[7],add(x[5],mul(add(mul(x[5],add(x[5],x[2])),mul(x[2],x[0])),sub(pdiv(x[5],x[2]),add(sub(x[2],x[7]),add(x[5],x[5])))))),add(sub(x[7],sub(x[3],mul(x[5],x[7]))),add(x[2],x[7]))),x[2]), add(x[2],x[3]))",True,"less_than_or_equal(mul(mul(x[2],x[3]),pdiv(x[2],x[7])),add(sub(x[7],x[3]),x[3]))",0.45508982035928147,7d973a6d8cc86431698bb2d6cd68b2c2,0.40718562874251496,True,-0.04790419161676651
8,15,"greater_than_or_equal(x[5], mul(x[7],add(x[2],add(pdiv(mul(x[5],x[5]),pdiv(x[3],x[7])),x[2]))))",False,,,eac2ade4f0ff85f01b78d312e43a8a47,0.23353293413173648,False,0.0
8,15,"greater_than_or_equal(sub(pdiv(x[5],x[2]),pdiv(add(x[2],x[2]),x[5])), x[5])",False,,,df407d38522f3fd1344f2e95c8f745a0,0.3772455089820359,False,0.0
8,15,"greater_than_or_equal(pdiv(x[5],x[5]), mul(x[5],add(add(x[5],x[2]),x[5])))",True,"not_(less_than_or_equal(pdiv(x[5],x[5]),add(mul(x[5],x[5]),x[5])))",0.3772455089820359,85004d30cad8675ea748791609909266,0.3413173652694611,True,-0.0359281437125748
8,15,"not_(less_than_or_equal(mul(x[5],x[5]),add(x[0],mul(mul(x[3],x[7]),mul(add(sub(x[2],x[7]),add(x[2],x[5])),add(add(x[5],x[0]),mul(x[3],x[7])))))))",False,,,2abb9035054cbf9d0dea15c159a0ab10,0.38323353293413176,False,0.0
8,15,"not_(less_than_or_equal(pdiv(x[5],x[3]),add(mul(x[5],mul(add(x[2],add(x[7],x[7])),x[2])),x[0])))",False,,,892b13609c6afb89f8fc3bbfd3d1620c,0.29940119760479045,False,0.0
8,15,"not_(less_than_or_equal(pdiv(x[5],x[5]),add(x[5],x[2])))",True,"not_(less_than_or_equal(pdiv(x[5],x[5]),add(x[5],x[2])))",0.2455089820359282,5825d6d8d32996f2f81bb41cc0bfa92f,0.2455089820359282,False,0.0
8,15,"greater_than_or_equal(pdiv(x[5],add(x[5],x[0])), x[2])",True,"not_(less_than_or_equal(pdiv(x[5],add(x[5],x[0])),x[2]))",0.32335329341317365,9e927d3b462fab3e42a7423ae8747d83,0.32335329341317365,False,0.0
8,15,"greater_than_or_equal(pdiv(x[5],x[5]), add(mul(x[5],x[5]),x[5]))",True,"not_(less_than_or_equal(pdiv(x[5],x[5]),add(mul(x[5],x[5]),x[5])))",0.3772455089820359,85004d30cad8675ea748791609909266,0.3772455089820359,False,0.0
8,15,"not_(less_than_or_equal(pdiv(x[5],x[2]),sub(pdiv(mul(x[0],x[5]),x[3]),x[2])))",True,"less_than_or_equal(x[0],mul(add(x[3],x[5]),pdiv(pdiv(x[3],pdiv(x[5],x[5])),x[0])))",0.35928143712574845,946789eb468405234c38dbb8a53860cb,0.3413173652694611,True,-0.017964071856287345
8,15,"greater_than_or_equal(pdiv(x[5],x[5]), add(x[0],x[3]))",False,,,14660f9f17f29c43d7bf738e2d617b36,0.3413173652694611,False,0.0
8,15,"greater_than_or_equal(pdiv(x[5],x[5]), add(x[7],x[5]))",True,"not_(less_than_or_equal(pdiv(x[5],x[5]),add(x[7],x[5])))",0.32335329341317365,e44f6a949f00cb0bf86b1105d7c3453d,0.32335329341317365,False,0.0
8,15,"not_(greater_than_or_equal(add(mul(x[3],x[7]),add(x[5],x[2])), add(sub(x[7],add(x[5],mul(x[5],x[5]))),add(x[5],x[2]))))",False,,,9607517819c709e141859483a691f300,0.6826347305389222,False,0.0
8,15,"greater_than_or_equal(x[5], mul(x[7],add(x[0],add(x[3],add(x[7],x[5])))))",True,"greater_than_or_equal(x[5], mul(x[7],add(x[5],pdiv(x[5],x[5]))))",0.33532934131736525,fa01caa917a58bbda28cb775016b8bd1,0.3293413173652695,True,-0.0059880239520957446
8,15,"greater_than_or_equal(x[5], mul(x[7],add(x[5],pdiv(pdiv(x[3],x[5]),x[2]))))",False,,,168c58664e7ac23a86d1f64cb0e6beaf,0.562874251497006,False,0.0
8,15,"greater_than_or_equal(add(pdiv(x[5],x[5]),add(pdiv(x[2],mul(x[3],add(pdiv(x[5],add(pdiv(add(x[2],x[5]),x[5]),mul(x[2],x[2]))),x[7]))),x[7])), x[2])",True,"less_than_or_equal(x[2],x[2])",0.35928143712574845,bd082d42dcba8056510101f18394b575,0.35928143712574845,False,0.0
8,15,"greater_than_or_equal(x[5], mul(x[7],x[2]))",True,"less_than_or_equal(sub(mul(x[2],x[7]),mul(x[0],x[7])),x[5])",0.34730538922155685,67e5c7a497be3e968ea5c2bd6433af6d,0.33532934131736525,True,-0.0119760479041916
8,15,"greater_than_or_equal(mul(x[7],add(x[7],add(x[5],x[2]))), sub(sub(x[7],x[7]),pdiv(x[5],x[3])))",True,"less_than_or_equal(x[2],x[2])",0.35928143712574845,bd082d42dcba8056510101f18394b575,0.35928143712574845,False,0.0
8,15,"greater_than_or_equal(pdiv(sub(pdiv(add(x[2],sub(mul(add(x[2],x[0]),x[7]),x[7])),add(sub(x[7],sub(x[7],x[5])),add(pdiv(x[5],add(x[5],x[2])),x[5]))),sub(pdiv(x[5],add(x[0],add(x[5],x[0]))),mul(x[3],x[7]))),pdiv(x[0],x[3])), add(add(x[5],x[7]),sub(x[7],x[5])))",False,,,af38188f87f4895c74ae4cb79332bf6a,0.39520958083832336,False,0.0
8,15,"not_(less_than_or_equal(pdiv(x[5],x[5]),add(x[2],x[2])))",True,"not_(less_than_or_equal(pdiv(x[5],x[5]),add(x[2],x[2])))",0.25149700598802394,b1dd33075a09479c47bb17a355eef7af,0.25149700598802394,False,0.0
8,15,"not_(less_than_or_equal(pdiv(x[0],sub(mul(x[5],add(x[2],x[2])),x[5])),add(x[2],x[0])))",True,not_(x[6]),0.6347305389221557,b4068ba57b63c959651c969331c4b5cd,0.6467065868263473,True,0.0119760479041916
8,15,"greater_than_or_equal(x[7], add(x[2],x[5]))",True,"greater_than_or_equal(x[7], mul(add(x[2],x[5]),pdiv(x[7],x[7])))",0.6167664670658682,416dcf46c8881ba7fb0ffdc2f0629f37,0.6167664670658682,False,0.0
8,15,"not_(less_than_or_equal(pdiv(39.45,mul(pdiv(mul(x[2],x[5]),mul(x[7],add(x[7],x[2]))),x[3])),x[5]))",True,"less_than_or_equal(x[2],x[2])",0.35928143712574845,bd082d42dcba8056510101f18394b575,0.35928143712574845,False,0.0
8,15,"greater_than_or_equal(sub(pdiv(x[5],x[7]),mul(x[7],mul(mul(mul(x[0],add(mul(03.99,add(pdiv(x[5],x[2]),x[3])),mul(x[7],pdiv(x[5],x[5])))),x[5]),pdiv(x[2],add(x[5],x[2]))))), sub(x[7],pdiv(x[3],pdiv(x[5],x[3]))))",False,,,461f8131979d197b10f2829c956eb6b3,0.3293413173652695,False,0.0
8,15,"not_(less_than_or_equal(30.93,x[5]))",True,"less_than_or_equal(x[2],x[2])",0.35928143712574845,bd082d42dcba8056510101f18394b575,0.35928143712574845,False,0.0
8,15,"greater_than_or_equal(sub(pdiv(x[3],x[7]),x[2]), pdiv(add(add(x[5],x[0]),mul(x[3],x[7])),pdiv(x[0],x[3])))",False,,,f4017daa5679c602e88861af0f2d23d3,0.31137724550898205,False,0.0
8,15,"greater_than_or_equal(x[5], mul(x[7],add(x[7],x[0])))",False,,,3462a3e37c5ec6d1948caca7de548540,0.3173652694610778,False,0.0
8,15,"greater_than_or_equal(pdiv(add(pdiv(01.43,mul(x[5],x[5])),add(x[0],x[2])),mul(x[7],pdiv(mul(x[5],x[5]),x[0]))), sub(sub(x[2],x[5]),mul(x[5],x[5])))",True,"less_than_or_equal(x[2],x[2])",0.35928143712574845,bd082d42dcba8056510101f18394b575,0.35928143712574845,False,0.0
8,15,"less_than_or_equal(mul(mul(x[7],mul(pdiv(x[5],x[3]),mul(add(x[7],x[2]),pdiv(sub(x[7],mul(x[0],x[5])),x[7])))),pdiv(x[5],x[5])),mul(x[5],add(x[5],sub(pdiv(x[7],x[2]),add(x[5],x[2])))))",False,,,8e2b392cf17731b7b1acdb7e50012255,0.32335329341317365,False,0.0
8,15,"greater_than_or_equal(pdiv(x[5],pdiv(pdiv(add(x[2],x[2]),x[2]),x[2])), x[5])",True,"greater_than_or_equal(pdiv(mul(x[5],x[2]),pdiv(x[2],x[5])), add(sub(x[7],x[7]),add(x[5],x[0])))",0.6107784431137724,ec48eb4aba9f475884bcf9e8f28adadc,0.6107784431137724,False,0.0
8,15,"greater_than_or_equal(pdiv(x[3],75.99), mul(x[2],x[5]))",True,"greater_than_or_equal(x[3], mul(x[5],mul(x[2],93.09)))",0.6227544910179641,ff2b1e5533ab9b97a6b5e8c4c8c659b5,0.6167664670658682,True,-0.005988023952095856
8,15,"greater_than_or_equal(sub(pdiv(x[5],x[7]),mul(mul(mul(pdiv(add(x[5],sub(x[2],pdiv(x[5],x[3]))),add(x[5],x[2])),x[3]),add(sub(pdiv(add(x[7],x[2]),x[3]),x[5]),x[5])),add(x[2],x[5]))), x[5])",False,,,59aba45e17215c809c1b921dc84ccc48,0.3053892215568862,False,0.0
8,15,"less_than_or_equal(mul(mul(x[7],mul(x[3],add(mul(x[5],x[5]),add(add(add(x[7],add(x[7],x[3])),x[3]),x[3])))),sub(sub(x[3],x[7]),sub(x[3],x[7]))),add(mul(x[3],x[5]),pdiv(x[3],x[3])))",True,"less_than_or_equal(x[2],x[2])",0.35928143712574845,bd082d42dcba8056510101f18394b575,0.35928143712574845,False,0.0
8,15,"greater_than_or_equal(x[5], pdiv(x[5],add(x[5],83.97)))",True,"less_than_or_equal(x[2],x[2])",0.35928143712574845,bd082d42dcba8056510101f18394b575,0.35928143712574845,False,0.0
8,15,"greater_than_or_equal(pdiv(add(x[2],x[2]),x[5]), sub(x[2],x[5]))",True,"less_than_or_equal(x[2],x[2])",0.35928143712574845,bd082d42dcba8056510101f18394b575,0.35928143712574845,False,0.0
8,15,"greater_than_or_equal(pdiv(x[7],x[5]), add(x[2],x[5]))",True,"not_(less_than_or_equal(pdiv(x[7],x[5]),add(x[5],x[2])))",0.5209580838323353,330fc634ea36064ef3797fa341995bd5,0.5209580838323353,False,0.0
8,15,"greater_than_or_equal(x[3], mul(x[7],x[2]))",True,"greater_than_or_equal(x[5], mul(x[7],mul(add(sub(x[7],x[7]),x[2]),add(sub(x[7],x[7]),pdiv(x[5],x[3])))))",0.2934131736526946,c999647c3f8349901a4892cae2cb97f9,0.29940119760479045,True,0.005988023952095856
8,15,"greater_than_or_equal(x[5], mul(x[7],mul(add(sub(x[5],x[0]),mul(x[2],x[0])),sub(pdiv(x[5],x[7]),x[3]))))",True,"not_(less_than_or_equal(pdiv(x[5],x[0]),x[0]))",0.35928143712574845,5372ceb8b23ce5e1dd3bf5c2fc3a57aa,0.3532934131736527,True,-0.0059880239520957446
8,15,"greater_than_or_equal(pdiv(x[5],add(x[2],x[5])), add(x[5],x[5]))",False,,,a11262a93a4c9f43e445db2fe176e910,0.5748502994011976,False,0.0
8,15,"greater_than_or_equal(pdiv(x[5],x[5]), add(x[7],30.95))",True,not_(x[6]),0.6347305389221557,b4068ba57b63c959651c969331c4b5cd,0.6407185628742516,True,0.005988023952095856
8,15,"greater_than_or_equal(x[5], mul(x[7],add(x[5],x[5])))",True,"greater_than_or_equal(x[5], mul(x[7],add(x[5],x[5])))",0.2455089820359282,9545aae94dd0fcb8b281ddfedf2da4e6,0.2455089820359282,False,0.0
8,15,"greater_than_or_equal(pdiv(sub(mul(add(x[2],x[2]),add(x[2],x[0])),x[7]),x[7]), add(sub(pdiv(x[0],sub(x[7],x[7])),x[2]),x[3]))",False,,,6b0030d7a142331862ce938bb1866b81,0.6347305389221557,False,0.0
8,15,"not_(less_than_or_equal(pdiv(x[5],pdiv(pdiv(add(mul(mul(x[7],x[2]),sub(pdiv(x[5],x[5]),x[3])),x[7]),x[3]),x[7])),mul(x[7],x[5])))",False,,,fe815f5fa75c2cecded1469d68bc30f0,0.3413173652694611,False,0.0
8,15,"not_(less_than_or_equal(x[5],x[3]))",True,"not_(greater_than_or_equal(mul(x[3],x[7]), mul(x[5],x[7])))",0.49101796407185627,412103f357976d5446a7df187265a720,0.49101796407185627,False,0.0
8,15,"greater_than_or_equal(x[7], mul(x[7],add(x[0],add(x[2],x[5]))))",True,"not_(less_than_or_equal(pdiv(x[5],add(add(pdiv(x[5],pdiv(x[2],x[2])),x[2]),x[0])),x[5]))",0.281437125748503,451c11779af540190a3b75f2a4a5f7c5,0.27544910179640714,True,-0.005988023952095856
8,15,"less_than_or_equal(pdiv(sub(add(pdiv(sub(x[5],x[7]),x[3]),x[3]),x[3]),x[7]),x[3])",False,,,b36ddd39ac0cf7fc240bf35045ab5636,0.6407185628742516,False,0.0
8,15,"greater_than_or_equal(pdiv(mul(x[5],x[7]),x[5]), mul(add(add(x[5],pdiv(pdiv(x[5],x[5]),mul(x[5],x[2]))),add(x[7],x[0])),x[2]))",True,"greater_than_or_equal(pdiv(mul(x[5],x[2]),pdiv(x[2],x[5])), add(sub(x[7],x[7]),add(x[5],x[0])))",0.6107784431137724,ec48eb4aba9f475884bcf9e8f28adadc,0.6107784431137724,False,0.0
8,15,"not_(less_than_or_equal(x[3],x[7]))",True,"greater_than_or_equal(x[3], x[7])",0.33532934131736525,176c0c35833bc4ae980b10cd773d9ebc,0.33532934131736525,False,0.0
8,15,"less_than_or_equal(add(add(x[7],x[2]),add(x[2],x[3])),add(pdiv(x[5],x[5]),x[5]))",False,,,0b2958a790feee30d3c5e9d1a7c6ff79,0.2934131736526946,False,0.0
8,15,"greater_than_or_equal(pdiv(x[5],add(sub(add(x[0],mul(x[5],pdiv(x[5],x[5]))),add(pdiv(add(x[0],mul(x[5],x[5])),sub(pdiv(x[5],x[5]),add(x[2],x[3]))),add(x[2],x[2]))),mul(x[7],pdiv(mul(x[5],x[5]),x[0])))), sub(sub(x[2],x[0]),mul(x[5],x[5])))",False,,,7df7c05e0a617a39371c777f853fac93,0.5508982035928144,False,0.0
8,15,"less_than_or_equal(mul(x[5],add(add(x[0],x[0]),mul(x[3],x[7]))),pdiv(x[0],50.43))",True,not_(x[6]),0.6347305389221557,b4068ba57b63c959651c969331c4b5cd,0.6287425149700598,True,-0.005988023952095856
8,15,"greater_than_or_equal(x[3], mul(x[7],add(x[7],x[5])))",False,,,9af4a352110c6b25ae9e2ae6a13db1f4,0.3053892215568862,False,0.0
8,15,"not_(less_than_or_equal(pdiv(x[5],x[7]),add(x[5],mul(x[5],add(x[2],pdiv(x[3],01.48))))))",True,"greater_than_or_equal(x[5], mul(x[7],add(mul(x[5],add(x[3],x[2])),x[5])))",0.21556886227544914,56eff17fee53d366b202e7789175c298,0.20359281437125754,True,-0.0119760479041916
8,15,"greater_than_or_equal(x[5], mul(sub(x[5],x[2]),add(pdiv(mul(x[5],add(x[7],x[7])),x[5]),x[5])))",False,,,f8943de59ed7735728160ef9a32f4719,0.4011976047904192,False,0.0
8,15,"less_than_or_equal(x[5],mul(x[5],mul(add(x[3],x[2]),add(x[5],x[2]))))",False,,,e4b0b1d16e174c7ac42e67cebc281417,0.7365269461077844,False,0.0
8,15,"not_(greater_than_or_equal(pdiv(x[5],x[5]), add(mul(x[5],x[5]),add(mul(x[5],x[0]),add(x[7],x[2])))))",False,,,148fcce33c2dfb24885066f8d5af2dc1,0.7245508982035929,False,0.0
8,15,"not_(less_than_or_equal(pdiv(x[5],x[5]),add(mul(x[2],pdiv(mul(add(x[7],add(x[3],x[2])),x[7]),mul(x[5],x[5]))),mul(add(pdiv(x[3],add(77.79,pdiv(x[3],x[3]))),sub(x[3],x[7])),add(mul(x[3],x[5]),pdiv(x[3],x[3]))))))",False,,,8a0d27adf192b80d5105df8d15ab058b,0.35928143712574845,False,0.0
8,15,"less_than_or_equal(mul(mul(x[7],mul(x[3],add(x[5],mul(x[5],add(add(x[5],mul(x[7],x[3])),x[5]))))),x[5]),x[2])",False,,,0d05c189e6de6febae48ca11b45f3e83,0.4131736526946108,False,0.0
8,15,"greater_than_or_equal(pdiv(sub(pdiv(add(x[2],x[2]),add(pdiv(pdiv(x[0],add(add(x[7],add(sub(x[7],sub(x[7],x[5])),add(x[2],x[5]))),x[7])),add(x[7],x[3])),x[3])),x[3]),x[7]), x[3])",False,,,957671fddcceededf65cb71d7a595c8c,0.5449101796407185,False,0.0
8,15,"greater_than_or_equal(x[5], mul(x[7],mul(add(sub(97.54,mul(x[5],add(sub(x[7],sub(x[7],x[3])),x[5]))),x[5]),add(x[2],x[5]))))",True,not_(x[6]),0.6347305389221557,b4068ba57b63c959651c969331c4b5cd,0.6407185628742516,True,0.005988023952095856
8,15,"less_than_or_equal(49.82,x[5])",True,not_(x[6]),0.6347305389221557,b4068ba57b63c959651c969331c4b5cd,0.6407185628742516,True,0.005988023952095856
8,15,"greater_than_or_equal(pdiv(x[5],add(95.24,x[5])), x[2])",True,"greater_than_or_equal(pdiv(mul(x[5],x[2]),pdiv(x[2],x[5])), add(sub(x[7],x[7]),add(x[5],x[0])))",0.6107784431137724,ec48eb4aba9f475884bcf9e8f28adadc,0.6167664670658682,True,0.005988023952095856
8,15,"greater_than_or_equal(x[2], x[3])",True,"not_(less_than_or_equal(pdiv(x[5],x[5]),add(x[2],sub(pdiv(x[3],x[2]),add(mul(x[2],x[7]),mul(x[2],x[3]))))))",0.6586826347305389,97992d1c6392ce2361e75a580fad0a69,0.6347305389221557,True,-0.0239520958083832
8,15,"not_(less_than_or_equal(pdiv(x[5],add(75.84,add(x[7],x[7]))),add(sub(x[7],mul(x[7],pdiv(pdiv(x[5],x[3]),x[0]))),x[2])))",False,,,e4910662b2e41f77f59b2f2265b7d580,0.6107784431137724,False,0.0
8,15,"greater_than_or_equal(x[5], mul(x[2],93.09))",True,"greater_than_or_equal(pdiv(mul(x[5],x[2]),pdiv(x[2],x[5])), add(sub(x[7],x[7]),add(x[5],x[0])))",0.6107784431137724,ec48eb4aba9f475884bcf9e8f28adadc,0.6167664670658682,True,0.005988023952095856
8,15,"greater_than_or_equal(x[5], mul(x[7],add(x[5],x[5])))",True,"greater_than_or_equal(x[5], mul(x[7],add(x[5],x[5])))",0.2455089820359282,9545aae94dd0fcb8b281ddfedf2da4e6,0.2455089820359282,False,0.0
8,15,"greater_than_or_equal(pdiv(x[5],x[5]), add(x[2],x[5]))",True,"not_(less_than_or_equal(pdiv(x[5],x[5]),add(x[5],x[2])))",0.2455089820359282,5825d6d8d32996f2f81bb41cc0bfa92f,0.2455089820359282,False,0.0
8,15,"less_than_or_equal(pdiv(x[3],x[3]),add(x[7],x[5]))",False,,,af4feba43f47b03c318615bfaa859bb7,0.6766467065868264,False,0.0
8,15,"greater_than_or_equal(x[5], mul(x[7],add(x[5],30.97)))",True,not_(x[6]),0.6347305389221557,b4068ba57b63c959651c969331c4b5cd,0.6347305389221557,False,0.0
8,15,"greater_than_or_equal(x[5], mul(x[7],mul(mul(pdiv(x[7],x[3]),add(x[5],x[5])),add(sub(x[2],x[5]),x[7]))))",False,,,6e81b905b52618b9784c2b1548b277f2,0.27544910179640714,False,0.0
8,15,"greater_than_or_equal(x[5], x[5])",True,"less_than_or_equal(x[2],x[2])",0.35928143712574845,bd082d42dcba8056510101f18394b575,0.35928143712574845,False,0.0
8,15,"greater_than_or_equal(pdiv(x[5],sub(x[5],mul(x[7],add(mul(x[7],add(mul(x[7],add(add(mul(x[5],x[3]),x[2]),x[2])),add(x[2],x[0]))),x[7])))), x[7])",True,"greater_than_or_equal(x[5], mul(x[7],add(mul(x[7],add(mul(x[7],add(add(mul(x[5],x[3]),x[2]),x[2])),add(x[2],x[0]))),x[7])))",0.22754491017964074,c473f7825f5573131c6020ace6408bfe,0.22754491017964074,False,0.0
8,15,"greater_than_or_equal(pdiv(x[5],49.24), pdiv(mul(x[5],add(x[2],x[5])),x[5]))",True,not_(x[6]),0.6347305389221557,b4068ba57b63c959651c969331c4b5cd,0.6407185628742516,True,0.005988023952095856
8,15,"greater_than_or_equal(add(x[2],x[7]), add(x[5],x[2]))",True,"greater_than_or_equal(x[7], x[5])",0.6107784431137724,793f9fa4aca1502cfe0a9ed6ab91b83c,0.6107784431137724,False,0.0
8,15,"greater_than_or_equal(x[5], mul(x[7],add(add(sub(x[2],x[7]),add(49.24,mul(add(x[5],add(x[2],x[5])),x[5]))),add(x[5],x[2]))))",True,not_(x[6]),0.6347305389221557,b4068ba57b63c959651c969331c4b5cd,0.6347305389221557,False,0.0
8,15,"greater_than_or_equal(x[2], mul(x[2],x[5]))",True,"less_than_or_equal(x[2],x[2])",0.35928143712574845,bd082d42dcba8056510101f18394b575,0.35928143712574845,False,0.0
8,15,"greater_than_or_equal(pdiv(x[2],pdiv(pdiv(x[5],x[7]),add(x[2],x[7]))), x[2])",False,,,4c54a44fa941257f7774dd80519fde2a,0.7305389221556886,False,0.0
8,15,"not_(less_than_or_equal(pdiv(x[5],x[5]),add(mul(x[2],pdiv(mul(add(x[7],add(x[3],x[2])),x[7]),mul(x[7],x[2]))),sub(x[2],x[3]))))",False,,,1c296f51222749b127710200c19a9508,0.2455089820359282,False,0.0
8,15,"greater_than_or_equal(mul(x[7],x[5]), add(x[7],mul(add(mul(x[7],x[7]),x[7]),add(sub(x[7],pdiv(pdiv(x[7],x[5]),add(mul(x[5],x[3]),x[2]))),add(x[5],x[2])))))",False,,,236ec1859c7a765c956fd7a7b9d551a2,0.5149700598802396,False,0.0
8,15,"less_than_or_equal(add(mul(x[7],pdiv(x[5],x[5])),x[2]),add(sub(x[7],x[7]),pdiv(69.44,sub(x[3],x[3]))))",True,"less_than_or_equal(add(mul(x[7],pdiv(x[5],x[5])),x[2]),add(sub(x[7],x[7]),pdiv(69.44,sub(x[3],x[3]))))",0.19161676646706582,14c6e007ad625f3839f568e9ee8a86e1,0.1428571428571429,True,-0.04875962360992292
8,16,"greater_than_or_equal(pdiv(x[5],add(add(x[5],pdiv(x[5],x[5])),x[3])), x[7])",True,"not_(less_than_or_equal(pdiv(x[5],mul(x[7],add(x[5],x[5]))),pdiv(pdiv(x[5],x[5]),x[5])))",0.4011976047904192,58aeb7a5a5652a59b3f81f1f504d0cb4,0.41916167664670656,True,0.017964071856287345
8,16,"greater_than_or_equal(x[5], mul(x[0],add(pdiv(sub(x[2],x[3]),add(x[5],mul(add(x[5],43.97),x[5]))),add(pdiv(add(mul(add(sub(x[2],x[5]),add(x[5],x[5])),add(sub(x[7],sub(x[3],mul(x[5],x[7]))),add(x[5],x[5]))),x[5]),add(x[2],x[7])),add(mul(x[3],x[7]),add(x[5],x[2]))))))",False,,,11e7c6a91abd382e44cb1f222277a84c,0.3892215568862275,False,0.0
8,16,"greater_than_or_equal(x[5], mul(x[7],x[2]))",True,"less_than_or_equal(sub(mul(x[2],x[7]),mul(x[0],x[7])),x[5])",0.34730538922155685,67e5c7a497be3e968ea5c2bd6433af6d,0.33532934131736525,True,-0.0119760479041916
8,16,"greater_than_or_equal(x[2], add(x[7],mul(add(sub(x[2],x[7]),add(x[5],pdiv(add(mul(x[7],add(add(mul(x[5],x[3]),x[2]),mul(mul(add(x[2],x[0]),x[7]),x[7]))),add(sub(x[7],sub(mul(x[7],x[0]),sub(pdiv(x[5],x[7]),x[3]))),x[7])),x[5]))),x[3])))",False,,,77327dc5553e21c927ca563ba0388e1f,0.6407185628742516,False,0.0
8,16,"less_than_or_equal(pdiv(x[5],sub(x[5],x[7])),x[5])",True,"greater_than_or_equal(x[7], x[5])",0.6107784431137724,793f9fa4aca1502cfe0a9ed6ab91b83c,0.6107784431137724,False,0.0
8,16,"greater_than_or_equal(mul(x[7],mul(x[7],add(x[0],x[5]))), x[0])",True,"not_(less_than_or_equal(mul(x[5],x[7]),x[0]))",0.4850299401197605,17afe641f69b309d4df546aa8f215556,0.49101796407185627,True,0.0059880239520957446
8,16,"and_(greater_than_or_equal(pdiv(x[5],03.09), pdiv(x[2],add(x[0],x[7]))),less_than_or_equal(pdiv(x[5],x[5]),add(x[2],x[3])))",False,,,8032e3f3cec7b1bc9274cb01077d67c1,0.652694610778443,False,0.0
8,16,"greater_than_or_equal(x[5], mul(x[5],x[7]))",True,"less_than_or_equal(x[2],x[2])",0.35928143712574845,bd082d42dcba8056510101f18394b575,0.35928143712574845,False,0.0
8,16,"greater_than_or_equal(x[5], mul(x[7],pdiv(x[7],x[5])))",True,"greater_than_or_equal(x[5], x[7])",0.3892215568862275,ca29d589a2290a0489371628a6b32bf4,0.3892215568862275,False,0.0
8,16,"not_(greater_than_or_equal(x[2], x[2]))",True,not_(x[6]),0.6347305389221557,b4068ba57b63c959651c969331c4b5cd,0.6407185628742516,True,0.005988023952095856
8,16,"less_than_or_equal(add(mul(x[7],pdiv(x[5],x[5])),x[2]),add(sub(x[7],x[7]),pdiv(34.09,sub(x[7],mul(x[7],x[5])))))",True,"not_(greater_than_or_equal(mul(x[7],add(x[5],x[0])), add(sub(x[7],x[7]),pdiv(x[5],mul(x[5],x[5])))))",0.33532934131736525,e1cc0588d401b844227ffae87a1dfbdd,0.3293413173652695,True,-0.0059880239520957446
8,16,"greater_than_or_equal(pdiv(mul(sub(mul(x[2],x[0]),sub(pdiv(x[5],x[7]),x[7])),x[0]),x[7]), x[3])",True,"greater_than_or_equal(add(mul(x[3],x[3]),sub(x[5],sub(x[2],mul(x[0],x[2])))), add(pdiv(sub(x[5],x[7]),x[3]),46.96))",0.6347305389221557,1497c3bff9b55e63061c88de49f56f45,0.6287425149700598,True,-0.005988023952095856
8,16,"greater_than_or_equal(pdiv(x[5],x[5]), add(mul(x[2],x[2]),x[7]))",False,,,451f84908dd2a9411caf4e40c4162756,0.3053892215568862,False,0.0
8,16,"greater_than_or_equal(x[5], mul(x[7],add(x[3],add(x[7],add(x[5],x[0])))))",True,"greater_than_or_equal(x[5], mul(x[7],add(x[5],pdiv(x[5],x[5]))))",0.33532934131736525,fa01caa917a58bbda28cb775016b8bd1,0.3293413173652695,True,-0.0059880239520957446
8,16,"less_than_or_equal(pdiv(x[3],x[5]),x[5])",False,,,a6fb1268003a290d4c90eb45635e0375,0.6287425149700598,False,0.0
8,16,"less_than_or_equal(sub(pdiv(x[5],x[7]),mul(x[7],add(x[2],add(sub(x[7],sub(sub(pdiv(mul(x[5],x[7]),add(x[2],x[2])),sub(pdiv(x[5],x[5]),add(x[0],x[2]))),x[5])),mul(x[5],mul(x[7],add(x[7],mul(x[5],x[5])))))))),x[5])",False,,,d2cc73118fb7344c978124751576f218,0.7425149700598803,False,0.0
8,16,"greater_than_or_equal(x[2], mul(x[7],mul(add(sub(x[2],x[7]),add(x[5],x[3])),mul(sub(x[2],sub(x[3],mul(x[5],04.19))),sub(x[2],add(x[2],x[3]))))))",True,"less_than_or_equal(x[2],x[2])",0.35928143712574845,bd082d42dcba8056510101f18394b575,0.35928143712574845,False,0.0
8,16,"less_than_or_equal(add(sub(x[7],pdiv(x[5],x[5])),x[2]),add(sub(x[7],x[7]),pdiv(69.44,sub(x[0],x[3]))))",True,"or_(greater_than_or_equal(sub(x[0],x[5]), pdiv(x[3],x[5])),less_than_or_equal(sub(x[3],x[0]),sub(x[5],x[5])))",0.6227544910179641,2310ba51ba8c7f4263478bc24872fb4b,0.6227544910179641,False,0.0
8,16,"greater_than_or_equal(pdiv(x[2],x[0]), add(add(x[2],x[3]),add(x[2],x[5])))",False,,,b25e36f6181afab45032cd559f7dea6a,0.6227544910179641,False,0.0
8,16,"greater_than_or_equal(pdiv(x[5],x[5]), add(add(x[7],x[0]),x[5]))",False,,,e13aa23db313dd681eafce91776358ad,0.38323353293413176,False,0.0
8,16,"greater_than_or_equal(x[5], add(x[2],x[2]))",True,"greater_than_or_equal(x[5], add(x[2],x[2]))",0.39520958083832336,ceb136f9325a6c3dff5e71a06e63c76f,0.39520958083832336,False,0.0
8,16,"not_(less_than_or_equal(pdiv(x[5],x[5]),mul(x[7],add(x[7],00.47))))",False,,,b9fd537dac02d7f6099301b882c85396,0.3173652694610778,False,0.0
8,16,"greater_than_or_equal(sub(pdiv(x[0],x[7]),pdiv(mul(x[5],x[5]),x[3])), sub(sub(x[2],x[0]),sub(x[5],x[5])))",False,,,00133b0f2c5845921975d824111858b7,0.5449101796407185,False,0.0
8,16,"not_(less_than_or_equal(add(mul(x[3],x[7]),add(x[5],x[2])),add(sub(x[7],sub(x[5],mul(x[5],x[5]))),add(x[5],pdiv(x[5],x[7])))))",False,,,60f6571253d1c06157b1c4af75a58bea,0.6467065868263473,False,0.0
8,16,"greater_than_or_equal(sub(pdiv(x[5],x[5]),mul(sub(x[5],mul(x[7],add(mul(x[7],pdiv(mul(x[7],add(add(mul(x[5],x[3]),x[2]),x[2])),add(x[2],x[0]))),x[7]))),x[7])), add(sub(x[7],sub(mul(x[7],x[0]),sub(pdiv(x[5],x[7]),x[3]))),x[7]))",False,,,1d9ac056fdea3a233afcc99ced005b24,0.6586826347305389,False,0.0
8,16,"greater_than_or_equal(pdiv(pdiv(x[5],x[5]),mul(add(add(x[5],x[2]),mul(x[7],x[7])),x[7])), x[7])",False,,,5582825fc3dc4ee5cee1814852b372c3,0.28742514970059885,False,0.0
8,16,"greater_than_or_equal(pdiv(x[5],x[5]), add(x[2],add(x[5],mul(x[5],add(x[7],x[2])))))",False,,,ab507b7f9609a849691389e7d578dd66,0.4011976047904192,False,0.0
8,16,"greater_than_or_equal(pdiv(x[7],pdiv(x[5],x[7])), x[3])",False,,,79ce6b90efb8ad31eb1456be0cd09a9d,0.7005988023952097,False,0.0
8,16,"greater_than_or_equal(x[7], pdiv(x[5],x[5]))",True,"greater_than_or_equal(x[3], pdiv(x[3],x[7]))",0.5988023952095809,544e9f57eeb7aee70ddd2795444ac73a,0.6047904191616766,True,0.0059880239520957446
8,16,"less_than_or_equal(mul(mul(x[7],x[2]),add(x[3],add(pdiv(pdiv(x[5],x[5]),mul(x[7],add(x[5],x[2]))),x[2]))),x[7])",False,,,01d3dce71dbc75837d6822e104711c7e,0.5209580838323353,False,0.0
8,16,"greater_than_or_equal(x[5], mul(x[3],add(pdiv(x[7],sub(x[3],mul(mul(x[5],x[2]),x[3]))),add(x[7],x[5]))))",False,,,453559278ff2786dcca582faf07eaa1b,0.5149700598802396,False,0.0
8,16,"less_than_or_equal(pdiv(x[5],add(pdiv(pdiv(x[3],mul(x[7],add(x[5],x[2]))),add(x[7],x[7])),add(x[5],x[5]))),x[3])",False,,,ea0249c062e37a3ff7a9e5b2e6e0cc86,0.37125748502994016,False,0.0
8,16,"greater_than_or_equal(x[5], mul(x[2],x[5]))",True,"not_(greater_than_or_equal(mul(x[7],x[2]), x[7]))",0.34730538922155685,f69cf4961d82af0c72c0014d2a401904,0.34730538922155685,False,0.0
8,16,"greater_than_or_equal(x[5], mul(x[7],add(x[5],x[7])))",True,"greater_than_or_equal(x[5], mul(x[7],add(x[7],x[5])))",0.22754491017964074,051dec5cdded21754165aaf5f887a47e,0.22754491017964074,False,0.0
8,16,"greater_than_or_equal(sub(pdiv(x[5],x[7]),x[2]), pdiv(x[5],add(x[2],x[2])))",False,,,2209fe40e420043a2358bf21c0358277,0.39520958083832336,False,0.0
8,16,"greater_than_or_equal(x[5], sub(x[7],add(x[5],x[5])))",True,"greater_than_or_equal(mul(04.54,x[5]), x[7])",0.3293413173652695,7f0fc2dc10c96859680008412b12ef2b,0.32335329341317365,True,-0.005988023952095856
8,16,"greater_than_or_equal(pdiv(x[5],add(mul(mul(x[5],x[3]),x[3]),add(x[7],x[5]))), add(sub(x[2],x[5]),x[2]))",True,"greater_than_or_equal(pdiv(x[5],pdiv(add(x[2],x[5]),x[5])), mul(x[5],x[2]))",0.28742514970059885,0803226314985e684579b7ad7da3df72,0.29940119760479045,True,0.0119760479041916
8,16,"greater_than_or_equal(sub(pdiv(x[5],x[2]),pdiv(add(x[2],x[2]),x[5])), 34.79)",True,not_(x[6]),0.6347305389221557,b4068ba57b63c959651c969331c4b5cd,0.6407185628742516,True,0.005988023952095856
8,16,"less_than_or_equal(x[7],add(x[5],pdiv(x[2],add(x[5],x[2]))))",False,,,4883f133421934818c1aa747d82e8795,0.39520958083832336,False,0.0
8,16,"greater_than_or_equal(x[5], sub(x[0],x[5]))",True,"less_than_or_equal(x[0],x[5])",0.37125748502994016,cdcd6f1e6c091ac380f1476046586fe6,0.34730538922155685,True,-0.02395209580838331
8,16,"greater_than_or_equal(x[5], mul(x[7],add(x[7],pdiv(x[7],x[7]))))",True,"greater_than_or_equal(x[5], mul(x[7],add(x[7],pdiv(69.44,sub(x[3],x[3])))))",0.33532934131736525,0f74d2b510468dfb01b807a5013ba7de,0.33532934131736525,False,0.0
8,16,"not_(less_than_or_equal(x[5],add(add(x[5],x[0]),mul(x[3],x[5]))))",True,not_(x[6]),0.6347305389221557,b4068ba57b63c959651c969331c4b5cd,0.6407185628742516,True,0.005988023952095856
8,16,"greater_than_or_equal(sub(pdiv(x[5],x[7]),mul(x[7],add(x[5],add(sub(x[7],sub(sub(pdiv(mul(x[5],x[7]),add(x[2],x[2])),sub(pdiv(x[5],x[5]),add(x[7],x[2]))),x[0])),x[2])))), x[5])",False,,,4a812a5576b3e6564d738570416ba8a3,0.21556886227544914,False,0.0
8,16,"greater_than_or_equal(sub(pdiv(x[5],x[7]),x[2]), x[5])",True,"greater_than_or_equal(x[5], mul(x[7],add(x[5],x[2])))",0.23353293413173648,49521aab13419e9d4582e656c37790ef,0.23353293413173648,False,0.0
8,16,"greater_than_or_equal(x[5], sub(x[3],add(x[7],x[5])))",False,,,9e283d07e846bcaec636ab3639cc3116,0.37125748502994016,False,0.0
8,16,"greater_than_or_equal(x[5], mul(add(x[2],add(sub(x[7],sub(mul(x[7],add(x[7],x[5])),add(sub(x[5],x[0]),mul(x[3],x[7])))),pdiv(x[5],x[0]))),add(add(x[5],x[2]),x[5])))",True,not_(x[6]),0.6347305389221557,b4068ba57b63c959651c969331c4b5cd,0.6407185628742516,True,0.005988023952095856
8,16,"greater_than_or_equal(sub(pdiv(x[2],x[5]),x[3]), x[7])",False,,,ab27d5cec85ac17a5ab3b506c8469847,0.6287425149700598,False,0.0
8,16,"not_(less_than_or_equal(mul(97.97,x[5]),add(x[2],x[7])))",True,"less_than_or_equal(x[2],x[2])",0.35928143712574845,bd082d42dcba8056510101f18394b575,0.3652694610778443,True,0.005988023952095856
8,16,"greater_than_or_equal(pdiv(x[5],x[7]), add(x[5],x[2]))",True,"greater_than_or_equal(x[5], mul(x[7],add(x[5],x[2])))",0.23353293413173648,49521aab13419e9d4582e656c37790ef,0.23353293413173648,False,0.0
8,16,"not_(less_than_or_equal(pdiv(x[5],x[5]),add(x[7],add(x[3],x[2]))))",True,"greater_than_or_equal(pdiv(x[5],add(x[7],add(x[3],x[2]))), x[5])",0.38323353293413176,353f039f117164743c185b3208d556eb,0.38323353293413176,False,0.0
8,16,"greater_than_or_equal(sub(x[5],mul(x[2],x[5])), x[7])",True,"greater_than_or_equal(x[5], mul(x[7],add(x[2],pdiv(x[5],x[5]))))",0.33532934131736525,bb5c1caa2e30ec7ef07b22f884640315,0.3293413173652695,True,-0.0059880239520957446
8,16,"not_(less_than_or_equal(mul(x[5],x[7]),add(x[5],mul(x[5],add(x[2],pdiv(x[3],01.48))))))",True,not_(x[6]),0.6347305389221557,b4068ba57b63c959651c969331c4b5cd,0.6407185628742516,True,0.005988023952095856
8,16,"not_(less_than_or_equal(pdiv(x[5],x[5]),add(x[2],x[2])))",True,"not_(less_than_or_equal(pdiv(x[5],x[5]),add(x[2],x[2])))",0.25149700598802394,b1dd33075a09479c47bb17a355eef7af,0.25149700598802394,False,0.0
8,16,"greater_than_or_equal(sub(pdiv(x[5],x[5]),mul(x[5],add(x[2],x[5]))), x[5])",False,,,b7515592bb4ee304c81598e43311a165,0.3892215568862275,False,0.0
8,16,"not_(less_than_or_equal(add(mul(x[5],mul(sub(add(sub(sub(x[7],x[2]),add(x[2],x[3])),add(pdiv(x[3],pdiv(x[7],add(x[2],x[7]))),pdiv(x[3],x[7]))),x[3]),mul(x[2],x[5]))),mul(x[7],add(x[5],x[7]))),pdiv(x[5],x[5])))",False,,,7ceeccec71e963f5b78bb0240738ffb7,0.7005988023952097,False,0.0
8,16,"greater_than_or_equal(pdiv(sub(x[2],x[7]),add(x[5],x[5])), add(sub(mul(x[5],add(x[0],x[7])),mul(add(x[7],add(x[3],x[2])),x[7])),mul(x[5],x[5])))",False,,,741bbb59a99a550ff6ab80a146319d67,0.5988023952095809,False,0.0
8,16,"greater_than_or_equal(add(44.75,sub(x[0],x[3])), x[7])",True,"less_than_or_equal(x[2],x[2])",0.35928143712574845,bd082d42dcba8056510101f18394b575,0.35928143712574845,False,0.0
8,16,"greater_than_or_equal(x[5], mul(x[5],mul(x[7],add(x[7],add(x[3],x[0])))))",False,,,4cb9e1e84c961d96ca8fc2362380b896,0.28742514970059885,False,0.0
8,16,"greater_than_or_equal(x[5], x[0])",True,"less_than_or_equal(x[0],x[5])",0.37125748502994016,cdcd6f1e6c091ac380f1476046586fe6,0.37125748502994016,False,0.0
8,16,"not_(less_than_or_equal(add(x[5],mul(x[7],add(x[5],x[5]))),x[3]))",False,,,b4aec02c348fb0f50d3b625aeeae7535,0.40718562874251496,False,0.0
8,16,"greater_than_or_equal(mul(x[5],x[5]), x[7])",False,,,ad43859d81ce0cbf83f9fb11606e3f7d,0.4850299401197605,False,0.0
8,16,"not_(not_(greater_than_or_equal(mul(x[7],add(x[2],sub(pdiv(mul(x[5],x[5]),pdiv(x[3],add(x[7],mul(x[7],x[7])))),add(x[0],add(x[5],x[2]))))), add(sub(x[7],sub(x[3],mul(x[5],x[7]))),add(x[2],x[7])))))",False,,,b75f752dd1bc5cc704b133b5a6caee37,0.6167664670658682,False,0.0
8,16,"greater_than_or_equal(pdiv(x[5],x[5]), add(add(x[7],x[0]),x[5]))",True,"greater_than_or_equal(pdiv(x[5],x[5]), add(add(x[7],x[0]),x[5]))",0.38323353293413176,e13aa23db313dd681eafce91776358ad,0.38323353293413176,False,0.0
8,16,"greater_than_or_equal(mul(x[7],x[2]), x[3])",True,"not_(less_than_or_equal(mul(x[7],x[2]),x[3]))",0.7005988023952097,4ea5c8d4ebd6b3dc0962f779280b4834,0.7005988023952097,False,0.0
8,16,"greater_than_or_equal(x[5], mul(x[7],pdiv(x[5],x[7])))",False,,,a8ae8c3a61e4406fb639b23f2622b25a,0.37125748502994016,False,0.0
8,16,"greater_than_or_equal(x[5], mul(x[7],mul(mul(pdiv(x[7],x[3]),add(x[5],x[5])),add(sub(mul(add(x[2],x[3]),add(x[2],x[5])),x[7]),pdiv(x[5],x[5])))))",False,,,b75261efdf8c88dde9e1290b3359a80f,0.2455089820359282,False,0.0
8,16,"less_than_or_equal(mul(pdiv(x[3],x[7]),x[2]),x[5])",False,,,fab1fef249a8a7551cbccf2297cd3d73,0.49101796407185627,False,0.0
8,16,"greater_than_or_equal(x[5], mul(x[7],add(add(sub(x[2],x[7]),add(x[5],x[2])),mul(x[5],x[5]))))",True,"greater_than_or_equal(x[5], mul(x[7],add(add(sub(x[2],x[7]),add(x[5],x[2])),mul(x[5],x[5]))))",0.20359281437125754,8fe98f62ea95f7033ccf1b4b98c70589,0.20359281437125754,False,0.0
8,16,"greater_than_or_equal(add(add(x[5],pdiv(x[5],x[5])),add(pdiv(add(x[0],mul(add(pdiv(x[5],sub(pdiv(x[5],x[5]),add(add(x[2],x[0]),x[7]))),x[7]),add(sub(x[7],sub(x[7],x[5])),add(x[2],x[3])))),x[5]),x[5])), add(pdiv(add(x[0],mul(x[5],x[5])),sub(pdiv(x[5],x[5]),add(x[2],x[3]))),x[3]))",False,,,e1e5f15aba682fc7bcf801eab8821349,0.33532934131736525,False,0.0
8,16,"less_than_or_equal(add(add(x[7],x[2]),add(x[2],x[3])),pdiv(x[5],x[5]))",False,,,8b2472674e8170fac580c0951e0a894d,0.45508982035928147,False,0.0
8,16,"not_(less_than_or_equal(pdiv(x[5],x[3]),pdiv(x[2],x[7])))",True,"less_than_or_equal(mul(pdiv(x[3],x[7]),x[2]),x[5])",0.49101796407185627,fab1fef249a8a7551cbccf2297cd3d73,0.49101796407185627,False,0.0
8,16,"greater_than_or_equal(x[5], mul(x[7],add(mul(x[5],x[5]),x[7])))",False,,,f88292475aa3ad5b7cf26090c3cdc424,0.22754491017964074,False,0.0
8,16,"greater_than_or_equal(sub(pdiv(x[3],x[7]),x[2]), pdiv(add(add(x[5],x[0]),mul(x[3],x[7])),pdiv(x[0],x[3])))",True,"greater_than_or_equal(sub(pdiv(x[3],x[7]),x[2]), pdiv(add(add(x[5],x[0]),mul(x[3],x[7])),pdiv(x[0],x[3])))",0.31137724550898205,f4017daa5679c602e88861af0f2d23d3,0.31137724550898205,False,0.0
8,16,"greater_than_or_equal(mul(mul(mul(x[7],pdiv(x[2],x[5])),add(mul(x[5],x[3]),x[2])),add(x[5],x[2])), sub(x[7],pdiv(x[3],pdiv(x[5],x[3]))))",False,,,02108b61fa2a7ef90f6277aa3e3b1bdc,0.4491017964071856,False,0.0
8,16,"not_(less_than_or_equal(sub(x[7],x[2]),add(x[5],x[2])))",True,"less_than_or_equal(add(x[5],x[2]),sub(x[7],x[2]))",0.6287425149700598,af6b69cfa134b0e732605cc8ec90ad91,0.6287425149700598,False,0.0
8,16,"greater_than_or_equal(x[5], mul(x[5],mul(x[7],add(x[7],x[5]))))",False,,,8155bcd3baa6acad2e4a23bec2295214,0.28742514970059885,False,0.0
8,16,"greater_than_or_equal(pdiv(x[5],add(add(x[3],x[7]),sub(x[3],x[7]))), add(mul(x[3],x[5]),pdiv(x[3],x[3])))",False,,,1bb390d815c7a6df2bcb9c42b68fa722,0.5868263473053892,False,0.0
8,16,"greater_than_or_equal(pdiv(x[5],mul(add(add(x[5],x[2]),x[7]),mul(mul(add(x[7],x[7]),x[5]),x[5]))), add(x[5],add(x[0],x[7])))",False,,,5a8af6354f3659eac0807a15245fdae4,0.26347305389221554,False,0.0
8,16,"greater_than_or_equal(sub(pdiv(x[5],x[2]),x[5]), x[5])",True,"greater_than_or_equal(sub(pdiv(x[5],x[2]),x[5]), x[5])",0.2694610778443114,72989f9209d2ae9398572032465ff70a,0.2694610778443114,False,0.0
8,16,"not_(less_than_or_equal(pdiv(x[5],mul(x[2],x[7])),x[3]))",True,"not_(greater_than_or_equal(mul(x[7],add(x[5],x[7])), add(pdiv(mul(x[2],add(x[5],x[5])),x[2]),add(sub(x[7],x[7]),pdiv(x[5],x[3])))))",0.32335329341317365,6879d8556cd3538b7aad64e5d345873a,0.32335329341317365,False,0.0
8,16,"not_(less_than_or_equal(pdiv(x[3],x[5]),x[5]))",True,"not_(less_than_or_equal(pdiv(x[3],x[5]),x[5]))",0.37125748502994016,178b0a082bb86ed246316c01bb19f07e,0.37125748502994016,False,0.0
8,16,"not_(less_than_or_equal(pdiv(x[0],x[0]),pdiv(x[3],x[7])))",True,"greater_than_or_equal(x[7], x[3])",0.6646706586826348,d5925f4b2448dec895a429c6f44b5edc,0.6646706586826348,False,0.0
8,16,"less_than_or_equal(mul(x[5],mul(x[2],add(x[3],x[7]))),add(mul(x[3],x[7]),add(pdiv(mul(x[2],add(pdiv(x[7],sub(x[5],mul(x[5],x[5]))),add(x[5],x[2]))),mul(x[7],pdiv(mul(x[5],x[3]),x[5]))),sub(sub(x[2],x[0]),mul(x[5],x[5])))))",False,,,b08d0d0236ec06d02685a43cfca506d8,0.37125748502994016,False,0.0
8,16,"greater_than_or_equal(x[7], mul(x[7],add(x[0],add(x[2],x[5]))))",True,"not_(less_than_or_equal(pdiv(x[5],add(add(pdiv(x[5],pdiv(x[2],x[2])),x[2]),x[0])),x[5]))",0.281437125748503,451c11779af540190a3b75f2a4a5f7c5,0.27544910179640714,True,-0.005988023952095856
8,16,"less_than_or_equal(add(x[5],x[0]),mul(x[3],x[7]))",False,,,f540a5465e5944d9a8bf6f1102df8575,0.6467065868263473,False,0.0
8,16,"not_(less_than_or_equal(pdiv(x[5],x[3]),x[5]))",True,"not_(less_than_or_equal(pdiv(x[5],x[5]),x[3]))",0.3413173652694611,05e1f3d74f96ed02168c5462d1f8f406,0.34730538922155685,True,0.0059880239520957446
8,16,"not_(less_than_or_equal(pdiv(x[7],x[7]),add(x[2],add(sub(pdiv(add(x[7],x[2]),x[5]),x[5]),add(x[7],x[3])))))",False,,,05a875b19f7016d966c0d430e4ff2a36,0.4730538922155688,False,0.0
8,16,"greater_than_or_equal(pdiv(x[5],pdiv(pdiv(add(x[2],x[7]),x[2]),mul(x[7],x[5]))), x[5])",True,not_(x[6]),0.6347305389221557,b4068ba57b63c959651c969331c4b5cd,0.6347305389221557,False,0.0
8,16,"not_(less_than_or_equal(pdiv(x[5],x[5]),add(x[5],add(x[7],mul(x[3],x[2])))))",False,,,82603accb4a550e416a9af592d892b22,0.34730538922155685,False,0.0
8,16,"greater_than_or_equal(sub(pdiv(x[5],x[7]),x[0]), x[5])",False,,,398ddcc29f5ec071f51fa23d31620cd7,0.281437125748503,False,0.0
8,16,"greater_than_or_equal(pdiv(x[5],x[5]), add(mul(x[7],add(x[5],x[7])),pdiv(x[5],x[5])))",True,not_(x[6]),0.6347305389221557,b4068ba57b63c959651c969331c4b5cd,0.6407185628742516,True,0.005988023952095856
8,16,"greater_than_or_equal(pdiv(x[3],sub(x[7],sub(x[5],add(x[5],mul(pdiv(add(x[5],x[5]),x[2]),add(add(x[5],x[2]),x[5])))))), mul(x[7],add(x[7],x[2])))",False,,,31d2d50a1b220f662c96dc810e8a3b73,0.4730538922155688,False,0.0
8,16,"less_than_or_equal(x[2],add(pdiv(mul(x[5],x[7]),add(x[2],x[7])),x[2]))",True,"less_than_or_equal(x[2],x[2])",0.35928143712574845,bd082d42dcba8056510101f18394b575,0.35928143712574845,False,0.0
8,16,"or_(less_than_or_equal(pdiv(x[5],x[5]),pdiv(sub(pdiv(x[5],x[7]),x[2]),x[5])),or_(x[6],greater_than_or_equal(sub(x[7],pdiv(x[5],x[5])), x[5])))",True,"less_than_or_equal(x[2],x[2])",0.35928143712574845,bd082d42dcba8056510101f18394b575,0.35928143712574845,False,0.0
8,16,"greater_than_or_equal(sub(pdiv(x[5],x[2]),pdiv(add(x[2],x[2]),x[5])), x[5])",True,"greater_than_or_equal(sub(pdiv(x[5],x[2]),pdiv(add(x[2],x[2]),x[5])), x[5])",0.3772455089820359,df407d38522f3fd1344f2e95c8f745a0,0.3772455089820359,False,0.0
8,16,"not_(less_than_or_equal(x[7],x[2]))",True,"less_than_or_equal(pdiv(add(x[2],x[5]),sub(x[2],x[7])),mul(mul(x[2],x[3]),mul(x[5],x[7])))",0.4730538922155688,6a9a868ce645e54c16a03959cbdb37f6,0.4730538922155688,False,0.0
8,16,"not_(less_than_or_equal(pdiv(x[5],97.93),add(x[7],x[2])))",True,not_(x[6]),0.6347305389221557,b4068ba57b63c959651c969331c4b5cd,0.6407185628742516,True,0.005988023952095856
8,16,"not_(greater_than_or_equal(pdiv(x[5],x[7]), add(x[2],x[7])))",True,"less_than_or_equal(x[5],mul(x[7],add(x[7],x[2])))",0.7544910179640718,8c52beebfa12f686cbcfb2b624ae259f,0.7544910179640718,False,0.0
8,16,"not_(less_than_or_equal(pdiv(add(pdiv(pdiv(x[5],x[2]),x[5]),add(x[7],x[2])),x[5]),x[5]))",True,"less_than_or_equal(x[2],x[2])",0.35928143712574845,bd082d42dcba8056510101f18394b575,0.35928143712574845,False,0.0
8,16,"greater_than_or_equal(x[5], mul(add(sub(pdiv(x[5],x[2]),x[5]),sub(mul(x[5],add(x[2],x[7])),add(mul(x[3],x[7]),add(x[5],x[2])))),add(sub(x[7],sub(x[5],mul(x[5],x[5]))),add(x[5],x[2]))))",False,,,f59b25ed0b2d68b386f0b98662e240ff,0.6167664670658682,False,0.0
8,16,"less_than_or_equal(mul(add(x[5],add(x[2],mul(x[5],x[5]))),add(x[5],x[2])),x[2])",True,"not_(less_than_or_equal(pdiv(x[5],x[5]),add(add(x[5],x[5]),add(x[2],x[5]))))",0.6047904191616766,fee23d1d05590693481891bf1f613c0b,0.6467065868263473,True,0.041916167664670656
8,16,"greater_than_or_equal(x[5], mul(x[7],add(x[5],x[2])))",True,"greater_than_or_equal(x[5], mul(x[7],add(x[5],x[2])))",0.23353293413173648,49521aab13419e9d4582e656c37790ef,0.23353293413173648,False,0.0
8,16,"greater_than_or_equal(92.22, x[0])",True,"less_than_or_equal(x[2],x[2])",0.35928143712574845,bd082d42dcba8056510101f18394b575,0.35928143712574845,False,0.0
8,16,"not_(less_than_or_equal(sub(x[7],x[5]),add(sub(x[2],x[5]),x[7])))",True,not_(x[6]),0.6347305389221557,b4068ba57b63c959651c969331c4b5cd,0.6407185628742516,True,0.005988023952095856
8,16,"greater_than_or_equal(pdiv(pdiv(pdiv(add(x[2],mul(x[7],pdiv(mul(x[5],x[5]),x[5]))),x[5]),x[3]),x[5]), x[5])",False,,,cf87ce97d7c27287a9f62edf8d2f242f,0.37125748502994016,False,0.0
8,16,"greater_than_or_equal(pdiv(sub(pdiv(add(x[2],x[2]),add(x[2],x[0])),x[7]),sub(add(add(sub(x[7],sub(x[7],x[5])),add(x[2],x[5])),x[7]),sub(x[5],mul(x[5],x[5])))), add(x[7],x[2]))",False,,,6b2ef935367697d96af01ab2cd16b4f4,0.22155688622754488,False,0.0
8,16,"greater_than_or_equal(pdiv(sub(pdiv(add(x[2],x[2]),x[5]),x[7]),x[0]), x[2])",False,,,a1ef021cd54857f79c725d0d4dcce667,0.3173652694610778,False,0.0
8,16,"less_than_or_equal(add(add(x[7],x[2]),add(x[2],x[3])),add(add(x[5],pdiv(x[7],mul(x[3],add(x[5],mul(x[5],add(add(x[7],x[5]),x[7])))))),x[3]))",False,,,0c64dfd896c8949dc7b097152d90dd21,0.3053892215568862,False,0.0
8,16,"greater_than_or_equal(pdiv(pdiv(x[5],x[5]),add(pdiv(x[2],mul(x[3],add(pdiv(x[5],sub(add(add(x[2],x[5]),x[5]),mul(x[2],add(x[5],x[2])))),x[5]))),mul(x[7],add(x[7],x[2])))), x[7])",False,,,00cbe7167e6213e66006bfa840991184,0.2455089820359282,False,0.0
8,16,"greater_than_or_equal(sub(pdiv(mul(x[5],x[7]),add(x[7],x[2])),add(x[2],x[7])), x[7])",True,"less_than_or_equal(mul(mul(x[7],x[7]),74.75),add(x[7],x[7]))",0.6227544910179641,83475aff34f9e2eb2174b5d809ea1882,0.6107784431137724,True,-0.011976047904191711
8,16,"greater_than_or_equal(pdiv(x[5],04.54), x[5])",True,not_(x[6]),0.6347305389221557,b4068ba57b63c959651c969331c4b5cd,0.6347305389221557,False,0.0
8,16,"greater_than_or_equal(mul(add(mul(x[7],sub(x[2],pdiv(x[5],x[5]))),add(x[2],x[2])),x[5]), add(x[2],x[0]))",False,,,9c2cf0bb63345cea5fc43538fb675541,0.6706586826347305,False,0.0
8,16,"not_(less_than_or_equal(pdiv(x[5],x[0]),add(x[5],x[2])))",True,"greater_than_or_equal(pdiv(x[5],x[0]), add(x[5],x[2]))",0.3652694610778443,65f70ca0b2ec34a25e52cd789dc0c95b,0.3652694610778443,False,0.0
8,16,"greater_than_or_equal(x[2], mul(x[7],add(add(sub(x[2],x[7]),add(x[5],x[2])),mul(x[5],19.01))))",True,"not_(greater_than_or_equal(mul(x[7],add(mul(x[5],add(44.95,x[7])),x[0])), x[2]))",0.6467065868263473,c29f666681bb6ea6b9cbeb497256221e,0.6227544910179641,True,-0.0239520958083832
8,16,"greater_than_or_equal(pdiv(sub(pdiv(add(x[7],x[5]),x[5]),add(x[2],x[2])),x[5]), x[5])",False,,,cdfb780837f14cf6e708a237027feb56,0.3053892215568862,False,0.0
8,16,"greater_than_or_equal(pdiv(x[2],add(x[2],x[0])), x[7])",True,"greater_than_or_equal(pdiv(x[2],add(x[2],x[0])), x[7])",0.281437125748503,c63fa9b89b1247d47ec6c150335a4676,0.281437125748503,False,0.0
8,16,"greater_than_or_equal(pdiv(93.04,add(x[7],x[5])), mul(x[5],x[5]))",True,"less_than_or_equal(x[2],x[2])",0.35928143712574845,bd082d42dcba8056510101f18394b575,0.35928143712574845,False,0.0
8,16,"greater_than_or_equal(x[5], mul(x[5],x[5]))",True,"less_than_or_equal(x[2],x[2])",0.35928143712574845,bd082d42dcba8056510101f18394b575,0.35928143712574845,False,0.0
8,16,"greater_than_or_equal(x[5], mul(x[5],pdiv(x[2],x[5])))",True,"not_(not_(less_than_or_equal(x[2],x[5])))",0.34730538922155685,4af53f79d9ad2ffac455113b88a02dd4,0.3413173652694611,True,-0.0059880239520957446
8,16,"greater_than_or_equal(24.47, add(sub(x[2],x[7]),add(pdiv(mul(x[7],pdiv(x[2],x[5])),x[2]),x[3])))",True,"not_(less_than_or_equal(pdiv(x[5],x[7]),pdiv(x[3],13.22)))",0.3532934131736527,88f003d3dcd498e17871429f18988b29,0.34730538922155685,True,-0.005988023952095856
8,16,"not_(less_than_or_equal(pdiv(x[7],sub(x[0],add(pdiv(x[5],x[7]),x[7]))),add(pdiv(pdiv(x[7],x[7]),add(x[5],x[2])),mul(x[5],x[0]))))",True,not_(x[6]),0.6347305389221557,b4068ba57b63c959651c969331c4b5cd,0.6407185628742516,True,0.005988023952095856
8,16,"not_(greater_than_or_equal(mul(x[5],x[5]), mul(x[7],add(x[0],x[5]))))",False,,,60b74992c9ee86c83ed8800ce2212b3e,0.6467065868263473,False,0.0
8,16,"less_than_or_equal(mul(mul(x[7],x[5]),x[5]),add(x[2],x[0]))",False,,,a2af6000c1143ebc170463f110792b36,0.45508982035928147,False,0.0
8,16,"less_than_or_equal(mul(mul(x[7],mul(pdiv(x[5],x[3]),mul(add(x[7],x[2]),pdiv(sub(pdiv(add(mul(x[0],x[5]),x[7]),sub(x[5],x[5])),mul(x[5],add(x[7],x[3]))),pdiv(add(x[7],x[2]),x[3]))))),x[5]),x[5])",True,"less_than_or_equal(x[2],x[2])",0.35928143712574845,bd082d42dcba8056510101f18394b575,0.35928143712574845,False,0.0
8,16,"not_(less_than_or_equal(pdiv(x[5],x[5]),add(x[5],27.44)))",True,not_(x[6]),0.6347305389221557,b4068ba57b63c959651c969331c4b5cd,0.6407185628742516,True,0.005988023952095856
8,16,"less_than_or_equal(add(mul(x[7],pdiv(x[5],x[5])),x[2]),add(sub(x[7],x[7]),sub(x[2],x[5])))",True,not_(x[6]),0.6347305389221557,b4068ba57b63c959651c969331c4b5cd,0.6407185628742516,True,0.005988023952095856
8,16,"less_than_or_equal(add(mul(x[7],pdiv(x[5],x[5])),x[2]),add(sub(41.39,mul(sub(pdiv(x[7],sub(x[5],mul(x[7],x[3]))),x[7]),mul(x[7],x[5]))),x[3]))",True,"less_than_or_equal(x[2],x[2])",0.35928143712574845,bd082d42dcba8056510101f18394b575,0.35928143712574845,False,0.0
8,16,"greater_than_or_equal(x[0], add(x[2],x[3]))",False,,,4ed22bab75692b804df38b56926cc8d6,0.6287425149700598,False,0.0
8,16,"greater_than_or_equal(x[5], mul(x[7],add(x[2],add(pdiv(mul(x[5],mul(x[7],add(x[5],x[2]))),x[2]),x[7]))))",False,,,45a3bfc9262a1c3de1cb0b4c6ae02999,0.34730538922155685,False,0.0
8,16,"greater_than_or_equal(x[5], mul(x[7],add(x[0],add(x[2],x[7]))))",True,"less_than_or_equal(add(mul(x[7],pdiv(x[7],x[5])),x[2]),add(sub(x[7],x[7]),pdiv(69.44,sub(x[3],x[3]))))",0.23353293413173648,5f2e5afeb1a022e5ca01b3e765a4f86c,0.23952095808383234,True,0.005988023952095856
8,16,"greater_than_or_equal(add(pdiv(x[5],x[5]),add(x[5],x[0])), mul(add(pdiv(x[7],add(x[3],x[0])),x[7]),pdiv(mul(x[5],x[5]),x[5])))",True,"not_(greater_than_or_equal(mul(x[7],x[5]), pdiv(x[5],sub(add(x[0],x[3]),mul(mul(x[7],x[5]),x[7])))))",0.35928143712574845,0df885c4bddb328bc15d77a52a38e11e,0.3532934131736527,True,-0.0059880239520957446
8,16,"greater_than_or_equal(pdiv(sub(mul(add(x[2],x[2]),pdiv(x[2],mul(pdiv(mul(05.14,sub(sub(x[7],x[5]),add(x[2],x[5]))),x[7]),sub(x[5],mul(x[5],x[5]))))),add(x[5],x[2])),x[5]), x[2])",False,,,5522b5b03b5e72486108c801d7e6aab7,0.6347305389221557,False,0.0
8,16,"greater_than_or_equal(x[5], mul(x[2],x[5]))",True,"not_(greater_than_or_equal(mul(x[7],x[2]), x[7]))",0.34730538922155685,f69cf4961d82af0c72c0014d2a401904,0.34730538922155685,False,0.0
8,16,"not_(less_than_or_equal(42.04,x[5]))",True,"less_than_or_equal(x[2],x[2])",0.35928143712574845,bd082d42dcba8056510101f18394b575,0.35928143712574845,False,0.0
8,16,"greater_than_or_equal(sub(pdiv(92.49,x[5]),mul(x[7],add(x[5],x[7]))), pdiv(x[5],x[5]))",True,"less_than_or_equal(x[2],x[2])",0.35928143712574845,bd082d42dcba8056510101f18394b575,0.3652694610778443,True,0.005988023952095856
8,16,"greater_than_or_equal(x[2], x[5])",True,"less_than_or_equal(x[5],x[2])",0.652694610778443,6fb17002302e404122653cf2c68db553,0.652694610778443,False,0.0
8,16,"greater_than_or_equal(sub(pdiv(x[5],x[7]),x[2]), x[0])",True,"greater_than_or_equal(sub(pdiv(x[5],x[7]),x[2]), x[0])",0.32335329341317365,608e3fd5b4f48ec5fb45edbea2ae1556,0.32335329341317365,False,0.0
8,16,"greater_than_or_equal(x[5], mul(x[7],add(x[2],add(pdiv(mul(x[2],x[5]),x[0]),sub(sub(x[2],x[5]),x[5])))))",False,,,67764e963788430c1d9d86d7c9041be4,0.28742514970059885,False,0.0
8,16,"greater_than_or_equal(pdiv(x[5],x[5]), add(x[7],mul(x[5],add(add(pdiv(x[7],add(x[7],x[3])),x[3]),x[3]))))",False,,,7db9c48f817a12cea61a315c22ad73e0,0.41916167664670656,False,0.0
8,16,"greater_than_or_equal(x[7], mul(x[7],add(add(sub(x[2],x[7]),add(x[5],x[2])),mul(x[5],x[5]))))",False,,,bdfead2150d0f26565aa4aef5869a7bb,0.3652694610778443,False,0.0
8,16,"greater_than_or_equal(x[5], mul(x[7],mul(add(x[0],x[5]),57.94)))",True,not_(x[6]),0.6347305389221557,b4068ba57b63c959651c969331c4b5cd,0.6227544910179641,True,-0.0119760479041916
8,16,"greater_than_or_equal(add(pdiv(x[5],x[7]),mul(x[7],add(sub(x[5],x[7]),add(x[5],x[5])))), pdiv(x[2],x[5]))",False,,,c14a05a6e632205df3e2ab0bc51c98dc,0.3413173652694611,False,0.0
8,16,"greater_than_or_equal(sub(pdiv(x[5],x[2]),x[5]), 20.59)",True,not_(x[6]),0.6347305389221557,b4068ba57b63c959651c969331c4b5cd,0.6407185628742516,True,0.005988023952095856
8,16,"greater_than_or_equal(x[5], mul(x[5],mul(x[2],add(x[7],add(x[3],x[7])))))",False,,,2661f2403f6ffa8fafecbeb690efa3eb,0.2574850299401198,False,0.0
8,16,"greater_than_or_equal(x[5], mul(x[7],add(x[2],add(pdiv(mul(x[5],x[5]),x[0]),pdiv(pdiv(add(x[5],x[0]),sub(pdiv(x[5],x[5]),x[2])),add(pdiv(x[5],x[2]),mul(x[2],x[5])))))))",False,,,607af7b384efeec67e98e79ef7062163,0.3532934131736527,False,0.0
8,16,"not_(less_than_or_equal(pdiv(x[5],x[7]),add(mul(x[7],add(x[5],x[0])),sub(sub(x[2],x[5]),x[5]))))",True,"less_than_or_equal(sub(mul(x[2],x[7]),mul(x[0],x[7])),x[5])",0.34730538922155685,67e5c7a497be3e968ea5c2bd6433af6d,0.33532934131736525,True,-0.0119760479041916
8,16,"greater_than_or_equal(x[5], mul(x[5],mul(x[7],add(x[0],add(x[5],x[0])))))",False,,,622d1efb70f9aa9e48cec76380cb5e1b,0.2934131736526946,False,0.0
8,16,"less_than_or_equal(x[7],sub(x[3],x[7]))",False,,,f09b0ac854f5b958b582d0c00b366534,0.4131736526946108,False,0.0
8,16,"not_(less_than_or_equal(pdiv(pdiv(x[5],x[7]),add(x[7],x[2])),add(add(x[5],x[2]),x[5])))",True,"greater_than_or_equal(pdiv(x[5],add(add(x[5],x[2]),x[5])), mul(x[7],add(x[7],x[2])))",0.23353293413173648,e395e33ad0711410c4310669d35f09ad,0.23353293413173648,False,0.0
8,16,"greater_than_or_equal(pdiv(pdiv(x[5],x[7]),add(x[2],x[7])), x[2])",False,,,e2e0113efebae637db7c44113727ae2b,0.31137724550898205,False,0.0
8,16,"not_(less_than_or_equal(pdiv(x[5],x[5]),add(x[0],sub(x[2],x[5]))))",True,"less_than_or_equal(x[2],x[2])",0.35928143712574845,bd082d42dcba8056510101f18394b575,0.35928143712574845,False,0.0
8,16,"not_(less_than_or_equal(pdiv(x[5],x[5]),add(add(x[2],mul(x[7],x[5])),x[5])))",True,"not_(less_than_or_equal(pdiv(sub(pdiv(x[5],x[5]),add(x[5],x[2])),x[5]),mul(x[7],add(x[7],x[2]))))",0.27544910179640714,2570cc0caa1a7eac1036761f030e6c28,0.3173652694610778,True,0.041916167664670656
8,16,"greater_than_or_equal(x[5], add(x[7],mul(x[3],x[7])))",True,"greater_than_or_equal(mul(sub(pdiv(x[5],x[7]),x[3]),x[5]), x[5])",0.39520958083832336,3ac7238fe7b051dca2a7159c7cd61173,0.4011976047904192,True,0.005988023952095856
8,16,"greater_than_or_equal(pdiv(x[5],x[5]), add(x[2],x[5]))",True,"not_(less_than_or_equal(pdiv(x[5],x[5]),add(x[5],x[2])))",0.2455089820359282,5825d6d8d32996f2f81bb41cc0bfa92f,0.2455089820359282,False,0.0
8,16,"less_than_or_equal(mul(mul(x[2],mul(x[2],x[5])),x[5]),mul(x[2],x[5]))",True,"less_than_or_equal(x[2],x[2])",0.35928143712574845,bd082d42dcba8056510101f18394b575,0.35928143712574845,False,0.0
8,16,"greater_than_or_equal(pdiv(add(sub(x[5],x[5]),add(add(add(x[7],add(x[7],x[3])),x[3]),x[3])),x[2]), pdiv(x[5],x[5]))",True,"or_(less_than_or_equal(sub(x[2],x[5]),mul(x[3],x[2])),not_(greater_than_or_equal(x[5], x[3])))",0.38323353293413176,cc44f38a8b2fcefff95bcc01de90856f,0.3652694610778443,True,-0.017964071856287456
8,16,"greater_than_or_equal(pdiv(x[7],x[2]), x[3])",True,"less_than_or_equal(mul(mul(x[2],x[3]),pdiv(x[2],x[7])),add(sub(x[7],x[3]),x[3]))",0.45508982035928147,7d973a6d8cc86431698bb2d6cd68b2c2,0.4011976047904192,True,-0.053892215568862256
8,16,"greater_than_or_equal(pdiv(sub(pdiv(add(x[2],x[2]),add(x[2],x[0])),x[7]),x[7]), add(sub(x[7],sub(sub(mul(x[5],mul(x[5],add(x[2],x[7]))),add(mul(x[3],x[7]),add(x[5],x[2]))),add(sub(x[7],sub(x[5],mul(x[5],x[5]))),add(x[5],x[2])))),mul(x[7],pdiv(mul(x[5],x[5]),x[0]))))",False,,,355cc4c054291a2eee2faf177c079143,0.2574850299401198,False,0.0
8,16,"not_(less_than_or_equal(pdiv(x[5],pdiv(x[3],x[5])),x[5]))",True,"not_(greater_than_or_equal(mul(x[3],x[7]), mul(x[5],x[7])))",0.49101796407185627,412103f357976d5446a7df187265a720,0.49101796407185627,False,0.0
8,16,"greater_than_or_equal(x[5], mul(30.40,x[2]))",True,"greater_than_or_equal(pdiv(mul(x[5],x[2]),pdiv(x[2],x[5])), add(sub(x[7],x[7]),add(x[5],x[0])))",0.6107784431137724,ec48eb4aba9f475884bcf9e8f28adadc,0.6167664670658682,True,0.005988023952095856
8,16,"greater_than_or_equal(pdiv(x[5],sub(x[5],mul(x[7],add(mul(x[7],add(mul(x[7],add(add(add(mul(x[7],pdiv(x[2],x[3])),add(x[2],x[5])),x[7]),pdiv(x[5],x[5]))),x[5])),x[2])))), add(sub(x[7],x[7]),pdiv(x[5],x[5])))",True,"greater_than_or_equal(sub(pdiv(x[5],x[7]),mul(x[7],add(x[7],x[7]))), add(x[5],x[2]))",0.27544910179640714,f4a1b61f5d547d234714bee9745cd081,0.23952095808383234,True,-0.0359281437125748
8,16,"greater_than_or_equal(x[3], x[5])",True,"less_than_or_equal(x[5],x[3])",0.5089820359281437,1d4d287fbe015bbb313f097e26f5bc37,0.5089820359281437,False,0.0
8,16,"greater_than_or_equal(x[5], mul(x[7],add(x[0],add(x[2],x[3]))))",False,,,80d2c473006b9ef689693b8c315342a0,0.29940119760479045,False,0.0
8,16,"not_(less_than_or_equal(pdiv(x[5],x[5]),add(mul(x[2],pdiv(mul(add(x[7],add(x[3],x[2])),x[7]),mul(x[7],x[2]))),sub(x[2],x[5]))))",True,"less_than_or_equal(add(add(x[7],x[2]),add(x[2],x[3])),add(pdiv(x[5],x[5]),x[5]))",0.2934131736526946,0b2958a790feee30d3c5e9d1a7c6ff79,0.2934131736526946,False,0.0
8,16,"greater_than_or_equal(sub(pdiv(x[5],x[7]),mul(x[7],mul(mul(mul(x[0],add(mul(03.99,add(pdiv(x[5],x[2]),x[3])),mul(x[7],pdiv(sub(mul(x[5],x[5]),x[5]),x[5])))),add(x[5],x[2])),mul(x[7],pdiv(mul(x[5],x[5]),x[0]))))), sub(sub(x[2],x[0]),mul(x[5],x[5])))",False,,,af895c2bb3c90eec513ae6a1d1490e41,0.23952095808383234,False,0.0
8,16,"greater_than_or_equal(sub(pdiv(x[5],x[0]),sub(x[7],add(x[7],x[7]))), add(x[5],x[2]))",False,,,a4379743f5b610ae021679afa68ce2b1,0.3652694610778443,False,0.0
8,16,"greater_than_or_equal(pdiv(x[5],add(x[2],x[2])), sub(x[0],x[7]))",True,"less_than_or_equal(x[2],x[2])",0.35928143712574845,bd082d42dcba8056510101f18394b575,0.3652694610778443,True,0.005988023952095856
8,16,"greater_than_or_equal(x[5], mul(mul(x[7],add(x[2],x[5])),add(x[2],x[5])))",False,,,62389eccbd0ced0ad04dca28fa26521d,0.19161676646706582,False,0.0
8,16,"greater_than_or_equal(x[5], x[5])",True,"less_than_or_equal(x[2],x[2])",0.35928143712574845,bd082d42dcba8056510101f18394b575,0.35928143712574845,False,0.0
8,16,"not_(less_than_or_equal(pdiv(x[5],x[5]),add(x[2],pdiv(x[0],x[7]))))",False,,,832de8aba65bef77fd2b63c8aa9b3aca,0.43113772455089816,False,0.0
8,16,"greater_than_or_equal(pdiv(x[3],add(82.97,x[7])), add(sub(sub(x[7],x[2]),add(x[2],x[3])),add(pdiv(x[3],pdiv(x[7],add(x[2],x[7]))),pdiv(x[3],x[7]))))",False,,,20928a356d2347d209cc48ef66ae23bd,0.6826347305389222,False,0.0
8,16,"greater_than_or_equal(sub(pdiv(x[3],x[7]),x[7]), add(mul(x[2],add(x[0],sub(x[5],x[7]))),x[0]))",False,,,60a7cd7d50efb1b61237dc6430636acb,0.3293413173652695,False,0.0
8,16,"greater_than_or_equal(mul(x[7],x[2]), x[5])",True,"not_(less_than_or_equal(mul(x[7],add(x[2],x[2])),add(x[5],x[5])))",0.6646706586826348,b98fd4b1abc55a8bd945f52cf650a117,0.6646706586826348,False,0.0
8,16,"greater_than_or_equal(add(mul(x[7],pdiv(x[2],x[5])),x[2]), x[3])",False,,,916a9899d32ccd34dbc77e99c2c2f222,0.6227544910179641,False,0.0
8,16,"greater_than_or_equal(x[7], x[5])",True,"greater_than_or_equal(x[7], x[5])",0.6107784431137724,793f9fa4aca1502cfe0a9ed6ab91b83c,0.6107784431137724,False,0.0
8,16,"not_(less_than_or_equal(add(x[2],x[3]),x[5]))",True,"not_(less_than_or_equal(add(x[3],x[2]),x[5]))",0.47904191616766467,b825dba74f3d69ce9f7220576782e147,0.47904191616766467,False,0.0
8,16,"greater_than_or_equal(pdiv(pdiv(x[5],x[5]),x[2]), add(sub(x[7],sub(x[5],mul(x[5],x[5]))),add(x[0],x[2])))",False,,,1aca9d23cabcfa7cd4770bd148b80789,0.3053892215568862,False,0.0
8,16,"greater_than_or_equal(pdiv(x[5],x[7]), add(pdiv(pdiv(x[5],x[5]),add(x[7],x[2])),x[5]))",False,,,5e11854547b445b91a3ada227b16c867,0.5389221556886228,False,0.0
8,16,"not_(less_than_or_equal(mul(x[2],add(x[7],x[0])),x[2]))",False,,,1d07eec2449762016ca05a765f831687,0.688622754491018,False,0.0
8,16,"greater_than_or_equal(sub(pdiv(x[5],x[7]),x[0]), mul(sub(pdiv(x[7],add(x[2],x[5])),x[5]),add(x[2],x[2])))",False,,,7542fa1d803f792f9e4dff94c97e8b09,0.3293413173652695,False,0.0
8,16,"greater_than_or_equal(add(pdiv(x[5],x[5]),add(x[5],x[2])), x[5])",True,"less_than_or_equal(x[2],x[2])",0.35928143712574845,bd082d42dcba8056510101f18394b575,0.35928143712574845,False,0.0
8,16,"greater_than_or_equal(sub(pdiv(x[5],x[7]),mul(x[7],add(x[7],x[7]))), add(x[5],x[2]))",True,"greater_than_or_equal(sub(pdiv(x[5],x[7]),mul(x[7],add(x[7],x[7]))), add(x[5],x[2]))",0.27544910179640714,f4a1b61f5d547d234714bee9745cd081,0.27544910179640714,False,0.0
8,16,"greater_than_or_equal(sub(pdiv(x[5],x[5]),x[0]), x[5])",True,"not_(less_than_or_equal(pdiv(x[5],x[5]),add(x[5],x[0])))",0.3053892215568862,00c19a3fd72854100569949b11521f0b,0.3053892215568862,False,0.0
8,16,"not_(less_than_or_equal(pdiv(x[5],x[7]),add(x[7],mul(pdiv(pdiv(add(x[0],add(x[2],x[2])),x[2]),add(x[0],x[7])),x[7]))))",True,"greater_than_or_equal(x[5], mul(x[7],add(x[5],pdiv(x[5],x[5]))))",0.33532934131736525,fa01caa917a58bbda28cb775016b8bd1,0.40718562874251496,True,0.07185628742514971
8,16,"greater_than_or_equal(x[5], mul(x[7],add(sub(x[2],add(x[0],x[2])),add(x[7],add(x[5],x[7])))))",True,"greater_than_or_equal(x[5], mul(x[7],add(sub(x[2],add(x[0],x[2])),add(x[7],add(x[5],x[7])))))",0.31137724550898205,6e98de14326f3bb9a002f700970b8c9a,0.31137724550898205,False,0.0
8,16,"greater_than_or_equal(pdiv(x[5],add(x[2],x[0])), add(add(x[2],x[3]),add(x[2],x[5])))",False,,,f2144ca96bf7cbdc9caaa67a89b7bab4,0.3652694610778443,False,0.0
8,16,"not_(less_than_or_equal(x[2],x[7]))",True,"less_than_or_equal(add(x[5],x[7]),add(x[5],x[2]))",0.5269461077844311,544b4f45aa71542bcadfaa9d165fdbeb,0.5269461077844311,False,0.0
8,16,"less_than_or_equal(mul(mul(x[7],mul(pdiv(x[5],x[3]),mul(add(x[7],x[7]),x[7]))),x[7]),x[5])",False,,,fb47b202b86abe8be6d148268a5f761b,0.281437125748503,False,0.0
8,16,"greater_than_or_equal(x[5], x[3])",True,"less_than_or_equal(mul(sub(x[7],x[0]),pdiv(x[7],25.93)),pdiv(x[7],sub(mul(x[3],x[5]),mul(x[3],x[3]))))",0.5089820359281437,8ad7ccd0e2bcf51cfea619f1321f2792,0.5089820359281437,False,0.0
8,16,"greater_than_or_equal(mul(x[5],mul(x[5],add(x[7],x[5]))), x[2])",False,,,f4c9b623e657faa696f66d93b2fff54b,0.5149700598802396,False,0.0
8,16,"not_(less_than_or_equal(x[5],x[5]))",True,not_(x[6]),0.6347305389221557,b4068ba57b63c959651c969331c4b5cd,0.6407185628742516,True,0.005988023952095856
8,16,"not_(less_than_or_equal(pdiv(x[5],x[5]),add(x[5],mul(x[3],mul(add(x[7],add(mul(add(pdiv(x[7],add(x[3],x[7])),add(x[2],x[5])),x[5]),add(x[2],x[2]))),55.91)))))",True,"greater_than_or_equal(add(mul(x[3],x[3]),sub(x[5],sub(x[2],mul(x[0],x[2])))), add(pdiv(sub(x[5],x[7]),x[3]),46.96))",0.6347305389221557,1497c3bff9b55e63061c88de49f56f45,0.6347305389221557,False,0.0
8,16,"greater_than_or_equal(pdiv(x[5],x[5]), add(x[7],mul(42.04,sub(add(x[5],x[2]),add(sub(x[7],sub(x[3],mul(x[5],x[7]))),add(x[2],x[7]))))))",False,,,41c5c1aa01bb8a76a670c51d9da71148,0.688622754491018,False,0.0
8,16,"not_(less_than_or_equal(pdiv(x[2],x[5]),x[3]))",True,"not_(less_than_or_equal(pdiv(x[2],x[3]),x[5]))",0.5449101796407185,183ed94279763a5e72b82b8cd769a21d,0.5449101796407185,False,0.0
8,16,"greater_than_or_equal(pdiv(add(x[7],add(pdiv(add(x[5],x[5]),x[2]),add(add(x[5],x[2]),x[5]))),mul(x[7],add(x[7],x[2]))), x[3])",True,"less_than_or_equal(x[2],x[2])",0.35928143712574845,bd082d42dcba8056510101f18394b575,0.35928143712574845,False,0.0
8,16,"not_(less_than_or_equal(pdiv(x[3],x[5]),add(x[2],x[5])))",False,,,3f929fcd8bd0d9dc942c7b3b0b5473b7,0.4251497005988024,False,0.0
8,16,"greater_than_or_equal(pdiv(x[3],x[7]), sub(add(x[2],add(x[7],x[0])),x[2]))",False,,,71857d64b36b2b1e280d272a9b69e7ae,0.3413173652694611,False,0.0
8,16,"greater_than_or_equal(x[5], mul(x[7],add(x[5],add(x[2],mul(x[5],sub(pdiv(add(x[5],x[2]),mul(x[7],pdiv(mul(x[5],x[5]),x[0]))),sub(sub(x[2],x[0]),mul(x[5],x[5]))))))))",False,,,cb21d7f06e0921997d6965564a249d78,0.4730538922155688,False,0.0
8,16,"greater_than_or_equal(x[5], mul(x[0],add(x[0],add(x[2],x[5]))))",False,,,7d79ebdbd21a09fb557b192278e50bd7,0.38323353293413176,False,0.0
8,16,"greater_than_or_equal(pdiv(x[5],x[5]), add(x[2],x[3]))",True,"not_(less_than_or_equal(pdiv(x[5],x[5]),add(x[2],x[3])))",0.2694610778443114,8e10ebf505ba211742b7164524309595,0.2694610778443114,False,0.0
8,16,"greater_than_or_equal(x[5], mul(x[7],add(pdiv(x[5],x[5]),x[5])))",True,"greater_than_or_equal(x[5], mul(x[7],add(x[5],pdiv(x[5],x[5]))))",0.33532934131736525,fa01caa917a58bbda28cb775016b8bd1,0.33532934131736525,False,0.0
8,16,"greater_than_or_equal(x[7], mul(x[7],x[5]))",True,"less_than_or_equal(x[2],x[2])",0.35928143712574845,bd082d42dcba8056510101f18394b575,0.35928143712574845,False,0.0
8,16,"greater_than_or_equal(x[5], mul(x[7],add(x[7],add(x[0],add(x[2],x[5])))))",True,"not_(less_than_or_equal(pdiv(x[3],x[7]),add(x[7],pdiv(x[3],x[5]))))",0.3293413173652695,74dce5cb961f14b3bdac896efda7926c,0.29940119760479045,True,-0.029940119760479056
8,16,"greater_than_or_equal(sub(pdiv(x[5],x[7]),mul(x[7],mul(mul(mul(x[0],add(mul(03.99,add(pdiv(x[5],x[2]),x[3])),mul(x[7],pdiv(x[5],00.99)))),mul(x[5],add(x[2],pdiv(x[3],01.48)))),mul(x[5],x[7])))), add(x[2],x[7]))",False,,,15f85ab4428e160b9d834698a42a00ee,0.22754491017964074,False,0.0
8,16,"not_(less_than_or_equal(pdiv(x[5],pdiv(x[5],pdiv(x[2],add(x[5],x[2])))),sub(x[7],pdiv(x[3],pdiv(x[5],x[3])))))",False,,,bdad13804ca3cb38fe6d09530c59a463,0.3772455089820359,False,0.0
8,16,"greater_than_or_equal(sub(pdiv(x[5],x[5]),x[5]), x[5])",True,"not_(less_than_or_equal(pdiv(x[5],x[5]),add(x[5],x[5])))",0.4491017964071856,2218a51fb25443ecfeb7d4f388f41f4b,0.4491017964071856,False,0.0
8,16,"greater_than_or_equal(pdiv(sub(pdiv(add(x[2],x[2]),add(x[2],x[0])),pdiv(x[7],add(add(sub(x[7],sub(x[2],x[2])),x[0]),x[5]))),x[7]), x[0])",False,,,a96f608276cc10f6c392959d3e813805,0.3413173652694611,False,0.0
8,16,"not_(greater_than_or_equal(pdiv(x[5],x[7]), pdiv(x[5],x[7])))",True,not_(x[6]),0.6347305389221557,b4068ba57b63c959651c969331c4b5cd,0.6407185628742516,True,0.005988023952095856
8,16,"greater_than_or_equal(sub(pdiv(x[5],x[7]),x[5]), add(x[5],sub(pdiv(pdiv(x[5],x[7]),add(x[2],add(sub(x[2],add(x[2],x[3])),add(pdiv(x[3],pdiv(x[7],add(x[2],x[7]))),pdiv(x[3],x[7]))))),x[3])))",False,,,19c9ffb7110c588f7ee06623fe614c08,0.3652694610778443,False,0.0
8,16,"greater_than_or_equal(pdiv(x[5],add(x[2],x[0])), x[5])",True,"not_(less_than_or_equal(pdiv(x[5],x[5]),add(x[0],x[2])))",0.34730538922155685,c426607f0a92b79fd094d06b3453a190,0.34730538922155685,False,0.0
8,16,"not_(less_than_or_equal(pdiv(x[5],x[5]),x[0]))",True,"less_than_or_equal(x[2],x[2])",0.35928143712574845,bd082d42dcba8056510101f18394b575,0.3652694610778443,True,0.005988023952095856
8,16,"greater_than_or_equal(mul(add(mul(x[7],add(mul(x[7],add(mul(x[7],add(add(mul(x[5],x[3]),x[2]),x[2])),add(x[5],x[7]))),mul(19.01,x[5]))),mul(x[5],x[5])),add(x[0],x[2])), mul(x[7],pdiv(mul(x[5],x[5]),x[0])))",False,,,77b0408729071f7eae60fd56eca441cc,0.46706586826347307,False,0.0
8,16,"greater_than_or_equal(24.92, x[7])",True,"less_than_or_equal(x[2],x[2])",0.35928143712574845,bd082d42dcba8056510101f18394b575,0.35928143712574845,False,0.0
8,16,"greater_than_or_equal(sub(pdiv(x[5],24.45),x[7]), x[7])",True,not_(x[6]),0.6347305389221557,b4068ba57b63c959651c969331c4b5cd,0.6347305389221557,False,0.0
8,16,"greater_than_or_equal(pdiv(x[5],x[5]), x[2])",True,"not_(greater_than_or_equal(mul(x[7],x[2]), x[7]))",0.34730538922155685,f69cf4961d82af0c72c0014d2a401904,0.34730538922155685,False,0.0
8,16,"greater_than_or_equal(pdiv(x[5],x[5]), add(sub(x[2],x[7]),x[7]))",True,"not_(greater_than_or_equal(mul(x[7],x[2]), x[7]))",0.34730538922155685,f69cf4961d82af0c72c0014d2a401904,0.34730538922155685,False,0.0
8,16,"less_than_or_equal(mul(x[5],add(x[0],x[2])),add(x[7],x[0]))",True,"less_than_or_equal(mul(x[5],add(x[0],x[2])),add(x[7],x[0]))",0.3772455089820359,a9128bb01c81ab4ee56fc4d899a06dfd,0.3772455089820359,False,0.0
8,16,"greater_than_or_equal(x[5], x[2])",True,"not_(not_(less_than_or_equal(x[2],x[5])))",0.34730538922155685,4af53f79d9ad2ffac455113b88a02dd4,0.34730538922155685,False,0.0
8,16,"not_(less_than_or_equal(pdiv(98.56,x[7]),sub(x[5],sub(add(add(x[5],x[2]),x[5]),mul(x[7],add(x[7],x[2]))))))",True,"less_than_or_equal(x[2],x[2])",0.35928143712574845,bd082d42dcba8056510101f18394b575,0.35928143712574845,False,0.0
8,16,"greater_than_or_equal(x[5], pdiv(x[5],x[5]))",True,"greater_than_or_equal(x[5], pdiv(x[2],x[2]))",0.688622754491018,d77781efe7d80c80545f6897faedc30c,0.688622754491018,False,0.0
8,16,"greater_than_or_equal(x[5], x[2])",True,"not_(not_(less_than_or_equal(x[2],x[5])))",0.34730538922155685,4af53f79d9ad2ffac455113b88a02dd4,0.34730538922155685,False,0.0
8,16,"greater_than_or_equal(pdiv(x[5],x[7]), add(pdiv(x[5],x[7]),add(x[5],x[2])))",True,not_(x[6]),0.6347305389221557,b4068ba57b63c959651c969331c4b5cd,0.6407185628742516,True,0.005988023952095856
8,16,"greater_than_or_equal(x[3], mul(30.91,x[2]))",True,"greater_than_or_equal(pdiv(mul(x[5],x[2]),pdiv(x[2],x[5])), add(sub(x[7],x[7]),add(x[5],x[0])))",0.6107784431137724,ec48eb4aba9f475884bcf9e8f28adadc,0.6167664670658682,True,0.005988023952095856
8,16,"greater_than_or_equal(pdiv(mul(add(pdiv(94.63,x[5]),x[3]),x[3]),x[7]), x[3])",True,"less_than_or_equal(x[2],x[2])",0.35928143712574845,bd082d42dcba8056510101f18394b575,0.35928143712574845,False,0.0
8,16,"not_(less_than_or_equal(pdiv(x[5],x[3]),mul(x[2],mul(x[5],x[2]))))",True,"less_than_or_equal(x[2],x[2])",0.35928143712574845,bd082d42dcba8056510101f18394b575,0.3652694610778443,True,0.005988023952095856
8,16,"greater_than_or_equal(x[5], mul(x[7],add(mul(x[7],add(mul(x[7],add(add(mul(x[5],x[3]),x[2]),x[2])),add(x[5],x[7]))),add(pdiv(pdiv(x[7],x[2]),x[2]),x[5]))))",True,"greater_than_or_equal(x[5], mul(x[7],add(x[5],add(pdiv(x[3],x[3]),add(x[7],x[5])))))",0.4610778443113772,e97708e5954a1048f0312418f577bc20,0.5329341317365269,True,0.07185628742514971
8,16,"greater_than_or_equal(x[5], mul(x[7],add(x[2],pdiv(pdiv(mul(x[5],x[5]),add(x[3],x[7])),x[5]))))",False,,,0622edf844598a026ba8df456b8d1014,0.2574850299401198,False,0.0
8,16,"greater_than_or_equal(x[5], mul(x[5],mul(x[7],add(add(x[0],x[7]),x[5]))))",False,,,32764c8462bd39a3a50dc3dd7f73a0b0,0.2694610778443114,False,0.0
8,16,"greater_than_or_equal(x[5], mul(x[5],mul(x[5],add(x[3],x[7]))))",False,,,217956a24a4da0b0d5605c58a9a48e01,0.32335329341317365,False,0.0
8,16,"not_(greater_than_or_equal(mul(x[5],x[3]), mul(add(pdiv(x[5],x[3]),x[7]),add(pdiv(pdiv(x[7],x[7]),add(x[5],x[2])),mul(x[5],x[2])))))",True,"less_than_or_equal(x[2],x[2])",0.35928143712574845,bd082d42dcba8056510101f18394b575,0.35928143712574845,False,0.0
8,16,"greater_than_or_equal(x[5], pdiv(x[7],add(pdiv(sub(x[2],x[7]),add(x[5],mul(pdiv(x[5],43.97),x[5]))),add(x[5],x[2]))))",False,,,0008d800866c4f81d3bb62742c5c63dc,0.4251497005988024,False,0.0
8,16,"less_than_or_equal(add(mul(x[7],pdiv(x[5],x[5])),x[7]),add(sub(x[7],x[7]),pdiv(69.44,sub(x[3],x[3]))))",True,"greater_than_or_equal(x[5], mul(x[7],add(x[5],x[5])))",0.2455089820359282,9545aae94dd0fcb8b281ddfedf2da4e6,0.2455089820359282,False,0.0
8,16,"less_than_or_equal(x[5],mul(x[7],mul(mul(pdiv(x[7],x[7]),add(add(sub(pdiv(x[7],x[5]),x[7]),pdiv(x[5],x[7])),x[3])),x[7])))",False,,,68bbb11fdb97df6afddd279a6efa687e,0.7065868263473054,False,0.0
8,16,"greater_than_or_equal(pdiv(x[5],x[5]), add(add(x[7],x[0]),x[2]))",True,"greater_than_or_equal(pdiv(x[5],x[5]), add(add(x[7],x[0]),x[2]))",0.20359281437125754,2c8ba4c0896bdabce262eefb429de9c2,0.20359281437125754,False,0.0
8,16,"less_than_or_equal(mul(mul(x[5],add(x[0],x[5])),add(mul(x[5],x[5]),x[5])),add(x[5],x[2]))",False,,,e5ec41efff9821a0072705d240654517,0.35928143712574845,False,0.0
8,16,"greater_than_or_equal(pdiv(sub(pdiv(x[2],pdiv(x[2],add(x[2],x[0]))),x[7]),x[7]), add(sub(x[5],add(x[2],x[5])),add(mul(x[5],x[5]),91.08)))",True,not_(x[6]),0.6347305389221557,b4068ba57b63c959651c969331c4b5cd,0.6407185628742516,True,0.005988023952095856
8,16,"not_(greater_than_or_equal(x[3], x[0]))",True,"or_(greater_than_or_equal(sub(x[0],x[5]), pdiv(x[3],x[5])),less_than_or_equal(sub(x[3],x[0]),sub(x[5],x[5])))",0.6227544910179641,2310ba51ba8c7f4263478bc24872fb4b,0.6287425149700598,True,0.0059880239520957446
8,16,"not_(greater_than_or_equal(mul(x[7],x[2]), sub(sub(x[7],x[3]),x[7])))",True,not_(x[6]),0.6347305389221557,b4068ba57b63c959651c969331c4b5cd,0.6407185628742516,True,0.005988023952095856
8,16,"not_(greater_than_or_equal(pdiv(x[5],x[7]), x[2]))",True,"not_(less_than_or_equal(mul(x[7],add(x[2],x[2])),add(x[5],x[5])))",0.6646706586826348,b98fd4b1abc55a8bd945f52cf650a117,0.6646706586826348,False,0.0
8,16,"greater_than_or_equal(x[5], mul(x[7],add(x[5],add(x[2],mul(x[5],x[3])))))",False,,,3fd0993e836b18afd5cdc63910804fb3,0.25149700598802394,False,0.0
8,16,"greater_than_or_equal(pdiv(mul(pdiv(add(x[2],x[2]),add(x[2],x[7])),x[7]),x[7]), add(sub(x[7],sub(x[2],add(sub(x[7],sub(x[5],x[5])),pdiv(x[0],x[7])))),pdiv(mul(x[5],x[5]),x[0])))",False,,,4aae4f8b401c5418901c6cba0b0bc5ef,0.5748502994011976,False,0.0
8,16,"not_(less_than_or_equal(x[5],mul(x[5],x[5])))",True,"not_(less_than_or_equal(pdiv(x[5],x[5]),x[5]))",0.31137724550898205,774eb80249c37c32f486ae194a31e639,0.3173652694610778,True,0.0059880239520957446
8,16,"greater_than_or_equal(x[5], pdiv(x[5],x[7]))",True,"greater_than_or_equal(x[3], pdiv(x[3],x[7]))",0.5988023952095809,544e9f57eeb7aee70ddd2795444ac73a,0.5988023952095809,False,0.0
8,16,"greater_than_or_equal(sub(pdiv(x[5],x[7]),x[2]), x[5])",True,"greater_than_or_equal(x[5], mul(x[7],add(x[5],x[2])))",0.23353293413173648,49521aab13419e9d4582e656c37790ef,0.23353293413173648,False,0.0
8,16,"greater_than_or_equal(pdiv(x[5],mul(x[7],add(x[5],x[7]))), pdiv(x[5],x[5]))",True,"greater_than_or_equal(x[5], mul(x[7],add(x[7],x[5])))",0.22754491017964074,051dec5cdded21754165aaf5f887a47e,0.22754491017964074,False,0.0
8,16,"greater_than_or_equal(pdiv(x[5],85.97), x[2])",True,"greater_than_or_equal(pdiv(mul(x[5],x[2]),pdiv(x[2],x[5])), add(sub(x[7],x[7]),add(x[5],x[0])))",0.6107784431137724,ec48eb4aba9f475884bcf9e8f28adadc,0.6167664670658682,True,0.005988023952095856
8,16,"greater_than_or_equal(sub(pdiv(x[5],x[7]),mul(mul(mul(pdiv(add(x[5],sub(sub(add(pdiv(x[5],pdiv(add(x[7],mul(x[7],x[7])),add(x[0],add(x[5],x[2])))),add(sub(x[7],sub(x[3],mul(x[5],x[7]))),add(x[2],x[7]))),x[2]),add(x[2],x[3]))),add(pdiv(x[3],pdiv(x[7],add(x[2],x[7]))),mul(x[3],x[7]))),x[3]),x[5]),x[5])), add(x[2],x[5]))",False,,,799e9cd6329f1bfd53b5f2e6ff6a3ebf,0.2574850299401198,False,0.0
8,16,"greater_than_or_equal(pdiv(x[5],x[5]), mul(x[5],pdiv(x[3],x[7])))",True,"less_than_or_equal(x[5],pdiv(x[7],x[3]))",0.5389221556886228,e639a05c0cec8a9ed833becfccaedc3d,0.5389221556886228,False,0.0
8,16,"greater_than_or_equal(x[5], mul(x[7],pdiv(x[2],add(pdiv(mul(x[7],x[7]),x[7]),add(x[5],x[0])))))",True,"greater_than_or_equal(add(mul(x[0],x[2]),sub(x[5],x[0])), sub(sub(x[2],x[0]),mul(x[5],x[5])))",0.34730538922155685,fa36c7eff201c5964686ffd342c69e5e,0.3293413173652695,True,-0.017964071856287345
8,16,"not_(less_than_or_equal(pdiv(x[5],x[5]),add(x[7],x[2])))",True,"less_than_or_equal(add(mul(x[7],pdiv(x[5],x[5])),x[2]),add(sub(x[7],x[7]),pdiv(69.44,sub(x[3],x[3]))))",0.19161676646706582,14c6e007ad625f3839f568e9ee8a86e1,0.19161676646706582,False,0.0
8,16,"not_(less_than_or_equal(pdiv(x[5],x[7]),add(mul(x[7],add(x[5],x[0])),pdiv(pdiv(x[5],mul(x[5],mul(x[7],add(x[7],mul(pdiv(x[3],x[5]),x[5]))))),add(x[2],x[5])))))",True,not_(x[6]),0.6347305389221557,b4068ba57b63c959651c969331c4b5cd,0.6467065868263473,True,0.0119760479041916
8,16,"greater_than_or_equal(x[5], mul(sub(x[7],x[7]),add(x[5],add(x[3],x[7]))))",True,"less_than_or_equal(x[2],x[2])",0.35928143712574845,bd082d42dcba8056510101f18394b575,0.35928143712574845,False,0.0
8,16,"greater_than_or_equal(x[5], mul(x[5],add(x[5],x[2])))",True,"not_(less_than_or_equal(pdiv(x[5],x[5]),add(x[5],x[2])))",0.2455089820359282,5825d6d8d32996f2f81bb41cc0bfa92f,0.2455089820359282,False,0.0
8,16,"greater_than_or_equal(x[5], add(x[5],mul(x[5],add(x[2],pdiv(x[3],x[7])))))",True,not_(x[6]),0.6347305389221557,b4068ba57b63c959651c969331c4b5cd,0.6347305389221557,False,0.0
8,16,"not_(less_than_or_equal(pdiv(x[5],x[2]),pdiv(pdiv(x[3],x[7]),x[7])))",False,,,d82cbcc2690056af4c02c2a5496f84fa,0.6047904191616766,False,0.0
8,16,"less_than_or_equal(x[5],add(x[3],x[7]))",True,"greater_than_or_equal(add(x[3],x[7]), x[5])",0.46706586826347307,989d415230e5f7c1c5cac6b3163f6f54,0.46706586826347307,False,0.0
8,16,"greater_than_or_equal(add(mul(mul(add(x[7],x[7]),add(sub(x[7],mul(mul(x[7],x[0]),sub(mul(x[2],x[7]),x[2]))),sub(x[7],sub(x[5],mul(x[5],x[5]))))),add(add(pdiv(x[5],x[5]),add(x[0],x[2])),x[2])),add(x[7],x[0])), x[2])",False,,,c9b1f6570b62312fe527b7fd9c37c5f3,0.44311377245508987,False,0.0
8,16,"greater_than_or_equal(x[5], add(x[7],sub(x[2],add(x[2],x[3]))))",True,"not_(greater_than_or_equal(mul(x[7],x[5]), pdiv(x[5],sub(add(x[3],x[5]),x[7]))))",0.34730538922155685,906cd02322ebc08dcc05972ce8f978a6,0.34730538922155685,False,0.0
8,16,"greater_than_or_equal(pdiv(01.48,mul(x[5],x[7])), add(x[2],x[7]))",True,"greater_than_or_equal(add(pdiv(x[3],x[3]),sub(x[3],mul(x[5],x[2]))), add(sub(x[7],x[7]),sub(x[0],x[3])))",0.3532934131736527,fe8764edc6b2890ba84f3173a5465f84,0.3532934131736527,False,0.0
8,16,"less_than_or_equal(x[5],x[5])",True,"less_than_or_equal(x[2],x[2])",0.35928143712574845,bd082d42dcba8056510101f18394b575,0.35928143712574845,False,0.0
8,16,"not_(less_than_or_equal(pdiv(x[5],pdiv(x[5],mul(x[7],mul(add(sub(x[2],x[7]),add(x[5],x[0])),pdiv(x[2],x[5]))))),x[7]))",False,,,cdc7c64351672694d1f1bbeec99cc3fb,0.6646706586826348,False,0.0
8,16,"greater_than_or_equal(x[5], mul(mul(mul(19.00,mul(x[7],add(x[7],x[5]))),add(sub(x[5],x[0]),mul(x[3],x[7]))),pdiv(x[5],x[3])))",False,,,f03e3948338d0bbd9f87eb2d73214f67,0.5508982035928144,False,0.0
8,16,"greater_than_or_equal(add(sub(mul(x[7],x[2]),mul(x[5],x[2])),x[5]), mul(x[7],add(x[7],x[2])))",True,"less_than_or_equal(add(mul(x[7],pdiv(x[7],x[5])),x[2]),add(sub(x[7],x[7]),pdiv(69.44,sub(x[3],x[3]))))",0.23353293413173648,5f2e5afeb1a022e5ca01b3e765a4f86c,0.23952095808383234,True,0.005988023952095856
8,16,"greater_than_or_equal(pdiv(x[5],add(mul(sub(x[7],add(x[0],51.90)),sub(x[5],mul(x[5],x[5]))),add(x[5],x[2]))), mul(x[7],pdiv(mul(x[5],x[5]),x[0])))",False,,,0e0fa29bdb648684eb506329a0faf70f,0.6287425149700598,False,0.0
8,16,"greater_than_or_equal(x[5], mul(x[7],add(x[5],x[2])))",True,"greater_than_or_equal(x[5], mul(x[7],add(x[5],x[2])))",0.23353293413173648,49521aab13419e9d4582e656c37790ef,0.23353293413173648,False,0.0
8,16,"and_(greater_than_or_equal(sub(pdiv(add(x[7],x[2]),x[5]),x[5]), add(x[7],x[3])),greater_than_or_equal(x[5], add(pdiv(add(x[2],x[5]),x[5]),mul(x[2],x[2]))))",True,not_(x[6]),0.6347305389221557,b4068ba57b63c959651c969331c4b5cd,0.6407185628742516,True,0.005988023952095856
8,16,"not_(less_than_or_equal(pdiv(x[7],x[7]),add(39.89,mul(x[2],x[5]))))",True,not_(x[6]),0.6347305389221557,b4068ba57b63c959651c969331c4b5cd,0.6407185628742516,True,0.005988023952095856
8,16,"greater_than_or_equal(x[5], mul(x[7],sub(add(sub(x[2],x[5]),add(x[5],x[5])),add(sub(x[7],sub(x[3],mul(x[5],x[7]))),add(x[5],x[5])))))",False,,,39b0f10540e8498e88bd53cc5bca6bb9,0.3413173652694611,False,0.0
8,16,"greater_than_or_equal(add(mul(x[5],x[5]),add(x[5],add(add(mul(sub(mul(x[2],add(sub(x[7],sub(x[5],add(x[5],x[5]))),pdiv(x[5],x[5]))),x[2]),add(add(sub(mul(x[2],x[5]),mul(x[7],add(x[7],x[2]))),x[3]),x[5])),x[5]),add(x[2],x[5])))), x[5])",True,"less_than_or_equal(x[2],x[2])",0.35928143712574845,bd082d42dcba8056510101f18394b575,0.35928143712574845,False,0.0
8,16,"greater_than_or_equal(x[5], add(add(x[5],x[0]),mul(x[3],x[7])))",True,not_(x[6]),0.6347305389221557,b4068ba57b63c959651c969331c4b5cd,0.6347305389221557,False,0.0
8,16,"greater_than_or_equal(x[5], mul(x[7],add(x[7],x[5])))",True,"greater_than_or_equal(x[5], mul(x[7],add(x[7],x[5])))",0.22754491017964074,051dec5cdded21754165aaf5f887a47e,0.22754491017964074,False,0.0
8,16,"not_(less_than_or_equal(pdiv(x[5],x[7]),add(x[5],mul(x[5],add(x[7],x[7])))))",True,"greater_than_or_equal(x[5], mul(x[7],add(x[5],x[5])))",0.2455089820359282,9545aae94dd0fcb8b281ddfedf2da4e6,0.25149700598802394,True,0.0059880239520957446
8,16,"greater_than_or_equal(pdiv(x[5],sub(pdiv(add(x[7],mul(x[2],pdiv(x[3],01.48))),mul(x[5],x[7])),add(x[2],x[7]))), x[2])",False,,,bf1e1ffd0e8c9b74d6fd6f2f10f7b434,0.4610778443113772,False,0.0
8,16,"less_than_or_equal(mul(mul(x[7],mul(x[3],add(x[5],mul(x[5],add(x[5],x[2]))))),mul(x[7],pdiv(mul(x[5],x[5]),x[0]))),sub(sub(x[2],x[0]),mul(x[5],x[5])))",False,,,af34b7ac6bc0e56ae691c8bc1c1a1250,0.6107784431137724,False,0.0
8,16,"greater_than_or_equal(x[5], mul(x[7],add(mul(x[7],add(x[2],x[5])),add(x[2],x[5]))))",True,"greater_than_or_equal(sub(pdiv(pdiv(x[5],x[7]),add(x[7],x[2])),add(add(x[5],x[2]),x[5])), mul(x[7],add(x[7],x[2])))",0.2694610778443114,0fba72d8c1e546a86109af2a73634272,0.2694610778443114,False,0.0
8,16,"greater_than_or_equal(x[7], x[5])",True,"greater_than_or_equal(x[7], x[5])",0.6107784431137724,793f9fa4aca1502cfe0a9ed6ab91b83c,0.6107784431137724,False,0.0
8,16,"not_(less_than_or_equal(pdiv(x[5],x[7]),add(mul(x[7],add(x[5],x[0])),pdiv(pdiv(x[7],add(x[0],sub(pdiv(x[5],x[5]),x[2]))),add(pdiv(x[2],x[2]),mul(x[5],sub(sub(pdiv(x[5],x[5]),x[3]),x[7])))))))",False,,,3e108e94bff2dadcf172b337ce602e63,0.22754491017964074,False,0.0
8,16,"greater_than_or_equal(pdiv(pdiv(pdiv(x[7],mul(x[5],mul(x[5],mul(x[2],add(x[2],x[5]))))),x[3]),x[5]), add(x[2],x[3]))",False,,,20ab3598130f15a7af978427f179b4a0,0.34730538922155685,False,0.0
8,16,"greater_than_or_equal(pdiv(sub(pdiv(add(x[2],x[2]),add(x[2],x[0])),x[7]),x[7]), x[0])",False,,,40c1cc1ed299f4faad1c2e976553e408,0.3413173652694611,False,0.0
8,16,"not_(less_than_or_equal(x[5],x[2]))",True,"not_(not_(less_than_or_equal(x[2],x[5])))",0.34730538922155685,4af53f79d9ad2ffac455113b88a02dd4,0.34730538922155685,False,0.0
8,16,"greater_than_or_equal(sub(pdiv(pdiv(x[5],x[5]),add(x[7],x[2])),mul(x[7],x[5])), x[5])",False,,,987ba656c20bd81fea82c31040f038a0,0.2574850299401198,False,0.0
8,16,"less_than_or_equal(x[7],x[3])",True,"greater_than_or_equal(x[3], x[7])",0.33532934131736525,176c0c35833bc4ae980b10cd773d9ebc,0.33532934131736525,False,0.0
8,16,"greater_than_or_equal(sub(pdiv(x[5],x[7]),x[2]), add(x[0],mul(x[5],add(x[2],x[2]))))",False,,,4e2405c29d8b26ac5ff872ba8c684282,0.22754491017964074,False,0.0
8,16,"greater_than_or_equal(x[5], mul(add(x[5],mul(x[2],add(add(x[7],x[5]),x[7]))),x[3]))",False,,,650db356737c3c50734695c328f94da2,0.3173652694610778,False,0.0
8,16,"less_than_or_equal(mul(mul(x[7],mul(x[3],x[7])),add(x[5],x[2])),sub(x[7],sub(x[5],mul(x[5],x[5]))))",False,,,813bb20da11828ea0d0502fc3721e6f0,0.562874251497006,False,0.0
8,16,"less_than_or_equal(add(add(x[7],x[2]),add(x[2],x[3])),add(add(pdiv(x[3],x[5]),x[5]),add(pdiv(add(x[0],mul(x[5],x[5])),sub(pdiv(x[5],x[5]),add(add(x[7],x[2]),add(x[7],x[7])))),x[2])))",False,,,eb50cf3f0cf79639e1ae6cce73763067,0.3772455089820359,False,0.0
8,16,"not_(less_than_or_equal(pdiv(x[5],x[3]),add(mul(x[5],mul(pdiv(x[0],x[7]),x[7])),add(sub(x[7],sub(x[7],x[5])),add(x[3],x[3])))))",False,,,f53e7968cb34a8b24b5b72d6f29cf41b,0.5449101796407185,False,0.0
8,16,"greater_than_or_equal(sub(pdiv(x[5],x[7]),mul(x[7],add(x[0],x[3]))), x[5])",False,,,47d24efc0c31437cf1830cafbc60954a,0.25149700598802394,False,0.0
8,16,"greater_than_or_equal(pdiv(x[5],x[5]), add(x[7],mul(x[7],x[7])))",True,"greater_than_or_equal(pdiv(x[5],x[5]), add(x[7],mul(x[7],x[7])))",0.22155688622754488,6ebc9093742e2fb247866417bd7ae5cb,0.22155688622754488,False,0.0
8,16,"not_(less_than_or_equal(pdiv(x[5],x[5]),mul(x[7],x[2])))",True,"less_than_or_equal(x[2],x[2])",0.35928143712574845,bd082d42dcba8056510101f18394b575,0.35928143712574845,False,0.0
8,16,"greater_than_or_equal(x[5], mul(x[7],mul(add(pdiv(x[7],x[7]),x[7]),mul(x[5],add(add(x[7],x[0]),x[2])))))",False,,,4c8e444cc560b8473a09640e345051a1,0.20958083832335328,False,0.0
8,16,"greater_than_or_equal(pdiv(14.47,mul(x[2],pdiv(x[5],x[3]))), x[2])",True,"not_(less_than_or_equal(pdiv(x[3],x[5]),add(pdiv(x[2],30.95),mul(x[0],x[3]))))",0.34730538922155685,4ac8a53c24397a99907b64c745d162c5,0.3413173652694611,True,-0.0059880239520957446
8,16,"not_(less_than_or_equal(pdiv(x[5],add(x[7],x[7])),add(mul(mul(mul(pdiv(add(x[5],sub(x[2],pdiv(x[5],x[3]))),add(x[5],x[2])),x[3]),mul(x[7],add(x[7],x[2]))),mul(add(pdiv(x[5],x[3]),x[7]),add(pdiv(pdiv(x[7],x[7]),pdiv(x[5],x[2])),mul(x[5],x[2])))),sub(x[7],sub(x[5],add(x[5],x[5]))))))",False,,,132f78193c7e00070449619594aa1cf8,0.3772455089820359,False,0.0
8,16,"not_(greater_than_or_equal(mul(x[5],x[3]), x[3]))",True,"not_(less_than_or_equal(pdiv(x[5],x[5]),x[5]))",0.31137724550898205,774eb80249c37c32f486ae194a31e639,0.3173652694610778,True,0.0059880239520957446
8,16,"greater_than_or_equal(x[5], pdiv(x[7],add(pdiv(x[5],add(x[2],x[5])),mul(x[7],add(x[7],x[2])))))",False,,,dc2c926dd7fabbb8e94be11deae3344f,0.40718562874251496,False,0.0
8,16,"greater_than_or_equal(pdiv(x[2],x[7]), x[7])",True,"greater_than_or_equal(pdiv(x[2],x[7]), x[7])",0.38323353293413176,f5fbe2c5b15f51bb96dad73a88ff6bb4,0.38323353293413176,False,0.0
8,16,"greater_than_or_equal(pdiv(31.48,mul(x[5],x[7])), pdiv(x[5],x[5]))",True,"less_than_or_equal(x[2],x[2])",0.35928143712574845,bd082d42dcba8056510101f18394b575,0.35928143712574845,False,0.0
8,16,"greater_than_or_equal(add(x[2],x[7]), x[2])",True,"less_than_or_equal(x[2],x[2])",0.35928143712574845,bd082d42dcba8056510101f18394b575,0.35928143712574845,False,0.0
8,16,"greater_than_or_equal(sub(pdiv(x[5],x[5]),x[7]), x[0])",True,"greater_than_or_equal(x[3], mul(add(x[7],x[0]),x[3]))",0.31137724550898205,f5bf9aebb388af6a7cbda4724b01f693,0.31137724550898205,False,0.0
8,16,"greater_than_or_equal(x[5], mul(x[7],add(x[5],x[7])))",True,"greater_than_or_equal(x[5], mul(x[7],add(x[7],x[5])))",0.22754491017964074,051dec5cdded21754165aaf5f887a47e,0.22754491017964074,False,0.0
8,16,"not_(less_than_or_equal(pdiv(x[5],x[2]),add(pdiv(x[5],add(x[5],x[3])),x[2])))",True,"greater_than_or_equal(pdiv(x[5],pdiv(add(x[2],x[5]),x[5])), mul(x[5],x[2]))",0.28742514970059885,0803226314985e684579b7ad7da3df72,0.31137724550898205,True,0.0239520958083832
8,16,"greater_than_or_equal(x[5], mul(x[2],x[3]))",True,"greater_than_or_equal(add(mul(x[0],x[3]),pdiv(x[5],x[3])), x[2])",0.3293413173652695,f0c5da2fb3fda6018ebf0885b8c1ea67,0.3293413173652695,False,0.0
8,16,"less_than_or_equal(add(add(x[7],x[2]),add(x[7],add(x[2],x[5]))),sub(x[2],x[5]))",True,not_(x[6]),0.6347305389221557,b4068ba57b63c959651c969331c4b5cd,0.6407185628742516,True,0.005988023952095856
8,16,"greater_than_or_equal(x[5], mul(x[7],add(pdiv(sub(x[2],x[7]),add(x[5],pdiv(x[5],mul(19.79,mul(x[2],x[3]))))),x[5])))",False,,,c8df965935b4166438c2175a9af204f5,0.3532934131736527,False,0.0
8,16,"greater_than_or_equal(mul(x[2],pdiv(pdiv(x[7],x[2]),x[2])), x[5])",False,,,6d4859b1a8cf8c00b2ac869f37f00dec,0.437125748502994,False,0.0
8,16,"greater_than_or_equal(pdiv(add(x[0],mul(x[5],x[5])),sub(pdiv(x[5],x[5]),add(x[2],x[3]))), x[3])",False,,,a4cbf62ea4a35e8bbbef4d70c10e7563,0.29940119760479045,False,0.0
8,16,"greater_than_or_equal(22.94, x[5])",True,"less_than_or_equal(x[2],x[2])",0.35928143712574845,bd082d42dcba8056510101f18394b575,0.35928143712574845,False,0.0
8,16,"greater_than_or_equal(sub(mul(mul(x[7],add(x[7],x[0])),pdiv(x[5],x[5])),x[3]), x[7])",False,,,9de293775f208d774a4ae0bd1ff214ec,0.6646706586826348,False,0.0
8,16,"not_(less_than_or_equal(sub(x[5],x[5]),add(add(x[5],x[3]),mul(add(x[0],pdiv(add(x[2],x[7]),x[2])),sub(x[5],x[2])))))",False,,,57eeecdc8a7a2ad66556af3f4570bec3,0.6766467065868264,False,0.0
8,16,"not_(greater_than_or_equal(x[3], mul(x[7],x[2])))",True,"not_(less_than_or_equal(mul(x[7],x[2]),x[3]))",0.7005988023952097,4ea5c8d4ebd6b3dc0962f779280b4834,0.7005988023952097,False,0.0
8,16,"greater_than_or_equal(sub(pdiv(x[7],mul(x[7],x[7])),x[7]), x[5])",True,"greater_than_or_equal(x[5], mul(x[5],mul(x[7],add(x[7],x[5]))))",0.28742514970059885,8155bcd3baa6acad2e4a23bec2295214,0.28742514970059885,False,0.0
8,16,"greater_than_or_equal(x[5], x[5])",True,"less_than_or_equal(x[2],x[2])",0.35928143712574845,bd082d42dcba8056510101f18394b575,0.35928143712574845,False,0.0
8,16,"not_(less_than_or_equal(pdiv(x[5],x[7]),pdiv(mul(x[7],add(x[5],x[0])),pdiv(pdiv(add(x[5],x[0]),x[2]),x[5]))))",True,"less_than_or_equal(x[2],x[2])",0.35928143712574845,bd082d42dcba8056510101f18394b575,0.3652694610778443,True,0.005988023952095856
8,16,"not_(less_than_or_equal(pdiv(x[5],x[7]),x[7]))",True,"not_(less_than_or_equal(x[5],mul(x[7],x[7])))",0.3532934131736527,6208c2f2bc232c7eeeb665b7dcc66661,0.3532934131736527,False,0.0
8,16,"not_(greater_than_or_equal(mul(x[7],x[2]), x[2]))",True,"not_(greater_than_or_equal(mul(x[7],x[2]), x[2]))",0.41916167664670656,48458053a63dae7bed8287a6fbc4cad8,0.41916167664670656,False,0.0
8,16,"greater_than_or_equal(x[3], pdiv(x[3],pdiv(mul(x[5],x[0]),add(add(x[7],pdiv(x[3],sub(mul(x[7],add(x[7],x[2])),x[3]))),x[5]))))",False,,,74f14acaa330e137460aa72aac016168,0.5389221556886228,False,0.0
8,16,"greater_than_or_equal(pdiv(mul(add(x[7],x[5]),add(add(x[5],x[0]),mul(x[3],x[7]))),pdiv(x[0],x[3])), add(add(x[5],x[7]),sub(x[7],x[5])))",False,,,9dba153df55755420a4bf3da96e536c1,0.34730538922155685,False,0.0
8,16,"greater_than_or_equal(x[5], mul(79.30,x[2]))",True,"greater_than_or_equal(pdiv(mul(x[5],x[2]),pdiv(x[2],x[5])), add(sub(x[7],x[7]),add(x[5],x[0])))",0.6107784431137724,ec48eb4aba9f475884bcf9e8f28adadc,0.6167664670658682,True,0.005988023952095856
8,16,"not_(less_than_or_equal(pdiv(x[5],mul(x[7],add(x[5],mul(x[5],add(x[2],pdiv(x[3],01.48)))))),mul(x[5],x[7])))",False,,,8ed2ac7e3cd15308ec45b863d7a9227f,0.3413173652694611,False,0.0
8,16,"not_(greater_than_or_equal(x[5], x[5]))",True,not_(x[6]),0.6347305389221557,b4068ba57b63c959651c969331c4b5cd,0.6407185628742516,True,0.005988023952095856
8,16,"greater_than_or_equal(pdiv(x[5],x[5]), add(x[0],x[3]))",True,"greater_than_or_equal(pdiv(x[5],x[5]), add(x[0],x[3]))",0.3413173652694611,14660f9f17f29c43d7bf738e2d617b36,0.3413173652694611,False,0.0
8,16,"greater_than_or_equal(pdiv(x[5],x[5]), mul(x[5],add(x[5],x[2])))",True,"not_(greater_than_or_equal(mul(x[5],add(x[5],x[2])), add(sub(x[7],x[7]),pdiv(x[5],x[5]))))",0.27544910179640714,66d1f1f84d146fdd572ef7ee95562584,0.27544910179640714,False,0.0
8,16,"greater_than_or_equal(x[5], mul(x[7],add(x[2],add(pdiv(mul(x[5],x[5]),x[0]),sub(sub(x[2],x[5]),x[2])))))",False,,,3f5045ea1751fbaaf41cc1f4a4a9e246,0.22754491017964074,False,0.0
8,16,"greater_than_or_equal(x[5], mul(x[2],x[2]))",True,"less_than_or_equal(pdiv(mul(x[2],x[2]),x[5]),pdiv(x[7],x[7]))",0.3293413173652695,22afa71d30776c90154a85fa7bb55d4a,0.33532934131736525,True,0.0059880239520957446
8,16,"greater_than_or_equal(sub(pdiv(sub(add(x[5],x[5]),add(x[2],x[0])),x[0]),mul(x[2],mul(x[7],x[5]))), x[5])",False,,,81621f41d22c94036d01335804426201,0.38323353293413176,False,0.0
8,16,"greater_than_or_equal(x[5], mul(x[2],x[3]))",True,"greater_than_or_equal(add(mul(x[0],x[3]),pdiv(x[5],x[3])), x[2])",0.3293413173652695,f0c5da2fb3fda6018ebf0885b8c1ea67,0.3293413173652695,False,0.0
8,16,"greater_than_or_equal(x[5], mul(75.84,add(x[7],x[7])))",True,not_(x[6]),0.6347305389221557,b4068ba57b63c959651c969331c4b5cd,0.6407185628742516,True,0.005988023952095856
8,16,"greater_than_or_equal(pdiv(x[5],x[5]), add(x[7],mul(mul(x[3],x[7]),add(x[5],x[2]))))",False,,,bf8d62c832b09aa468f462bbcbbf882b,0.27544910179640714,False,0.0
8,16,"greater_than_or_equal(pdiv(x[5],x[5]), add(x[2],x[7]))",True,"less_than_or_equal(add(mul(x[7],pdiv(x[5],x[5])),x[2]),add(sub(x[7],x[7]),pdiv(69.44,sub(x[3],x[3]))))",0.19161676646706582,14c6e007ad625f3839f568e9ee8a86e1,0.19161676646706582,False,0.0
8,16,"not_(less_than_or_equal(pdiv(x[5],x[7]),add(x[2],x[7])))",True,"greater_than_or_equal(x[5], mul(x[7],add(x[7],x[2])))",0.2455089820359282,dbe0ded9608d153cce360999e2a5fae7,0.2455089820359282,False,0.0
8,16,"not_(less_than_or_equal(pdiv(39.45,mul(pdiv(mul(x[2],x[5]),mul(x[7],add(x[7],x[2]))),x[3])),x[5]))",True,"less_than_or_equal(x[2],x[2])",0.35928143712574845,bd082d42dcba8056510101f18394b575,0.35928143712574845,False,0.0
8,16,"not_(less_than_or_equal(pdiv(x[5],x[7]),add(x[3],x[7])))",True,"greater_than_or_equal(x[5], mul(x[7],add(x[3],x[7])))",0.31137724550898205,6631d5a50f9f01ea8de86be5bd55c79c,0.31137724550898205,False,0.0
8,16,"greater_than_or_equal(sub(pdiv(x[5],x[2]),x[2]), x[5])",True,"greater_than_or_equal(pdiv(x[5],pdiv(add(x[2],x[5]),x[5])), mul(x[5],x[2]))",0.28742514970059885,0803226314985e684579b7ad7da3df72,0.2934131736526946,True,0.0059880239520957446
8,16,"greater_than_or_equal(sub(pdiv(x[5],add(pdiv(x[7],x[7]),x[7])),add(pdiv(x[7],sub(x[3],pdiv(pdiv(x[3],mul(x[7],add(x[5],x[2]))),add(x[7],x[7])))),add(x[5],x[5]))), x[3])",False,,,aaa593ef44ca9055f88794d086d3d126,0.6287425149700598,False,0.0
8,16,"greater_than_or_equal(x[3], mul(add(x[7],x[5]),add(add(x[5],x[0]),mul(x[3],x[7]))))",False,,,5c6c87a5b6ac0f781f9037ecb1c07ab9,0.5149700598802396,False,0.0
8,16,"greater_than_or_equal(sub(pdiv(x[5],x[7]),mul(x[7],add(x[0],x[2]))), add(x[2],sub(x[7],pdiv(x[3],mul(x[5],x[3])))))",True,"not_(less_than_or_equal(pdiv(x[5],x[5]),add(x[2],mul(x[7],x[0]))))",0.3293413173652695,1ab369f1c9c900ba68f0c77139376ac8,0.33532934131736525,True,0.0059880239520957446
8,16,"less_than_or_equal(add(add(x[5],mul(add(add(x[5],x[2]),x[7]),mul(x[7],x[7]))),x[7]),x[5])",True,not_(x[6]),0.6347305389221557,b4068ba57b63c959651c969331c4b5cd,0.6407185628742516,True,0.005988023952095856
8,16,"less_than_or_equal(sub(pdiv(x[5],x[2]),x[5]),x[7])",False,,,574d46788cdb80304367d146ddb3203a,0.7125748502994012,False,0.0
8,16,"not_(less_than_or_equal(add(x[5],x[0]),add(sub(x[5],mul(x[3],mul(add(x[5],x[2]),add(add(x[5],x[2]),x[5])))),mul(x[7],add(x[7],x[2])))))",False,,,1dcf45eb2332eb4619343e6f23bf0990,0.3293413173652695,False,0.0
8,16,"greater_than_or_equal(x[7], sub(x[5],mul(x[5],x[5])))",False,,,28fbc9ae8e06aaf2d0f455b5c34720c6,0.562874251497006,False,0.0
8,16,"greater_than_or_equal(pdiv(x[3],mul(x[0],sub(x[3],x[3]))), x[7])",True,"less_than_or_equal(x[2],x[2])",0.35928143712574845,bd082d42dcba8056510101f18394b575,0.35928143712574845,False,0.0
8,16,"greater_than_or_equal(sub(pdiv(x[2],pdiv(pdiv(x[5],x[2]),pdiv(pdiv(x[5],add(x[5],x[3])),x[7]))),59.79), pdiv(add(x[2],x[7]),add(mul(x[3],x[7]),add(x[5],add(19.01,x[5])))))",True,not_(x[6]),0.6347305389221557,b4068ba57b63c959651c969331c4b5cd,0.6407185628742516,True,0.005988023952095856
8,16,"not_(less_than_or_equal(pdiv(x[5],sub(x[7],mul(x[7],x[5]))),x[3]))",False,,,0f558fdbd0576bb84a42f0c469518cce,0.29940119760479045,False,0.0
8,16,"not_(less_than_or_equal(pdiv(x[5],x[5]),add(x[5],x[5])))",True,"not_(less_than_or_equal(pdiv(x[5],x[5]),add(x[5],x[5])))",0.4491017964071856,2218a51fb25443ecfeb7d4f388f41f4b,0.4491017964071856,False,0.0
8,16,"greater_than_or_equal(pdiv(x[2],add(x[5],add(x[2],x[2]))), add(pdiv(x[2],x[2]),pdiv(pdiv(x[5],x[5]),add(x[2],x[3]))))",True,not_(x[6]),0.6347305389221557,b4068ba57b63c959651c969331c4b5cd,0.6407185628742516,True,0.005988023952095856
8,16,"not_(greater_than_or_equal(x[2], x[2]))",True,not_(x[6]),0.6347305389221557,b4068ba57b63c959651c969331c4b5cd,0.6407185628742516,True,0.005988023952095856
8,16,"greater_than_or_equal(sub(pdiv(x[5],x[7]),pdiv(x[7],x[5])), x[5])",True,"greater_than_or_equal(x[5], mul(x[7],add(x[7],pdiv(69.44,sub(x[3],x[3])))))",0.33532934131736525,0f74d2b510468dfb01b807a5013ba7de,0.32335329341317365,True,-0.0119760479041916
8,16,"not_(less_than_or_equal(pdiv(x[0],x[5]),add(x[2],x[2])))",False,,,12837727973fa697f529fda6198a15ec,0.5508982035928144,False,0.0
8,16,"not_(less_than_or_equal(pdiv(x[5],x[3]),add(x[5],x[2])))",True,"not_(less_than_or_equal(pdiv(x[5],x[3]),add(x[5],x[2])))",0.33532934131736525,19e0b26b04f63034b8102da698d0b3b7,0.33532934131736525,False,0.0
8,16,"greater_than_or_equal(pdiv(x[3],mul(x[0],sub(x[3],pdiv(x[5],sub(mul(add(mul(x[7],x[3]),pdiv(x[5],x[5])),add(x[2],x[5])),x[5]))))), x[2])",False,,,a31494f04bae83a7140da4b96622735c,0.437125748502994,False,0.0
8,16,"not_(less_than_or_equal(x[5],mul(x[5],add(x[2],x[2]))))",True,"not_(less_than_or_equal(pdiv(x[5],x[5]),add(x[2],x[2])))",0.25149700598802394,b1dd33075a09479c47bb17a355eef7af,0.2574850299401198,True,0.005988023952095856
8,16,"greater_than_or_equal(x[5], mul(x[5],pdiv(x[5],x[5])))",True,"less_than_or_equal(x[2],x[2])",0.35928143712574845,bd082d42dcba8056510101f18394b575,0.35928143712574845,False,0.0
8,16,"greater_than_or_equal(x[5], mul(x[7],add(x[0],add(81.97,x[7]))))",True,not_(x[6]),0.6347305389221557,b4068ba57b63c959651c969331c4b5cd,0.6407185628742516,True,0.005988023952095856
8,16,"not_(less_than_or_equal(pdiv(x[5],x[5]),add(x[2],mul(x[5],add(add(x[5],x[0]),mul(x[3],x[7]))))))",False,,,a247b9075b3fa3b02bd0d04cd61d2078,0.2574850299401198,False,0.0
8,16,"less_than_or_equal(add(mul(mul(x[7],add(x[7],x[0])),x[5]),x[2]),add(x[7],x[0]))",False,,,ace4fc8ab5b79895881baef411948445,0.34730538922155685,False,0.0
8,16,"greater_than_or_equal(x[5], x[3])",True,"less_than_or_equal(mul(sub(x[7],x[0]),pdiv(x[7],25.93)),pdiv(x[7],sub(mul(x[3],x[5]),mul(x[3],x[3]))))",0.5089820359281437,8ad7ccd0e2bcf51cfea619f1321f2792,0.5089820359281437,False,0.0
8,16,"greater_than_or_equal(pdiv(x[5],x[5]), add(x[5],mul(x[5],mul(x[2],add(x[2],x[5])))))",False,,,0ad01c0fde70f71d08168ee92373ecda,0.28742514970059885,False,0.0
8,16,"greater_than_or_equal(pdiv(x[3],x[7]), mul(x[7],mul(x[7],x[7])))",False,,,6da9203cb9f5a4e4d735adf52dd67043,0.3413173652694611,False,0.0
8,16,"greater_than_or_equal(x[7], x[2])",True,"less_than_or_equal(pdiv(add(x[2],x[5]),sub(x[2],x[7])),mul(mul(x[2],x[3]),mul(x[5],x[7])))",0.4730538922155688,6a9a868ce645e54c16a03959cbdb37f6,0.4730538922155688,False,0.0
8,16,"greater_than_or_equal(sub(pdiv(x[2],sub(pdiv(x[5],x[7]),x[5])),add(x[5],sub(sub(pdiv(x[5],x[7]),pdiv(x[5],x[5])),x[5]))), x[2])",False,,,f448dd6f29c26a0acb3372ddeb90b04c,0.6946107784431137,False,0.0
8,16,"greater_than_or_equal(sub(pdiv(x[5],x[5]),add(x[7],pdiv(x[7],pdiv(x[2],x[3])))), add(x[2],x[5]))",False,,,1787edd8dca9d8848f5ed6f6cba4fbca,0.5568862275449102,False,0.0
8,16,"greater_than_or_equal(x[5], mul(x[3],x[7]))",True,"not_(less_than_or_equal(pdiv(x[5],x[3]),x[7]))",0.3413173652694611,e691e9faf9d6cf6a1c64f756c672a16e,0.3413173652694611,False,0.0
8,16,"greater_than_or_equal(pdiv(x[5],x[5]), add(x[7],x[5]))",True,"not_(less_than_or_equal(pdiv(x[5],x[5]),add(x[7],x[5])))",0.32335329341317365,e44f6a949f00cb0bf86b1105d7c3453d,0.32335329341317365,False,0.0
8,16,"greater_than_or_equal(pdiv(x[2],x[5]), add(x[7],mul(x[3],x[7])))",False,,,5294ca69914e3b2117b024b717215e6a,0.47904191616766467,False,0.0
8,16,x[6],True,x[6],0.3652694610778443,ff9750a95f856aee791afc16a7ee79d4,0.3652694610778443,False,0.0
8,16,"greater_than_or_equal(pdiv(x[5],x[7]), add(30.39,x[0]))",True,not_(x[6]),0.6347305389221557,b4068ba57b63c959651c969331c4b5cd,0.6347305389221557,False,0.0
8,16,"not_(less_than_or_equal(pdiv(x[5],pdiv(add(x[3],x[2]),x[7])),mul(x[5],x[5])))",False,,,1279ca6fb51d0b0698133d9f4a91d95a,0.5808383233532934,False,0.0
8,16,"not_(not_(less_than_or_equal(x[3],sub(add(sub(pdiv(add(x[7],x[2]),x[3]),x[5]),x[5]),add(x[2],x[5])))))",False,,,6722991803a8c58f7eac189fd6f76843,0.6407185628742516,False,0.0
8,16,"greater_than_or_equal(sub(pdiv(x[5],x[7]),mul(mul(mul(pdiv(add(x[5],sub(34.79,pdiv(add(x[0],x[5]),x[5]))),add(x[2],x[5])),mul(x[5],add(x[7],x[2]))),x[3]),x[5])), x[5])",False,,,6807862d7c2206fae2fd28231ebfec82,0.49101796407185627,False,0.0
8,16,"greater_than_or_equal(x[5], mul(x[7],add(add(sub(x[3],x[7]),add(x[5],x[2])),mul(x[2],x[7]))))",False,,,0cff866651b1853afe0e4932167577a7,0.26347305389221554,False,0.0
8,16,"greater_than_or_equal(x[5], mul(x[5],x[7]))",True,"less_than_or_equal(x[2],x[2])",0.35928143712574845,bd082d42dcba8056510101f18394b575,0.35928143712574845,False,0.0
8,16,"greater_than_or_equal(sub(pdiv(x[5],x[7]),x[2]), x[7])",True,"greater_than_or_equal(x[5], mul(x[7],add(x[7],x[2])))",0.2455089820359282,dbe0ded9608d153cce360999e2a5fae7,0.2455089820359282,False,0.0
8,16,"greater_than_or_equal(sub(pdiv(x[5],x[5]),x[0]), pdiv(pdiv(x[5],x[2]),x[5]))",True,not_(x[6]),0.6347305389221557,b4068ba57b63c959651c969331c4b5cd,0.6407185628742516,True,0.005988023952095856
8,16,"not_(greater_than_or_equal(pdiv(x[7],x[0]), x[2]))",True,"not_(greater_than_or_equal(mul(x[7],x[5]), pdiv(x[5],sub(mul(x[0],x[2]),x[7]))))",0.6227544910179641,97740780b5563efcdb3e77851e4bab0c,0.6287425149700598,True,0.0059880239520957446
8,16,"greater_than_or_equal(sub(pdiv(x[5],x[2]),x[5]), x[7])",False,,,47b4fe2dd58d80bf9d00986d668e65e9,0.28742514970059885,False,0.0
8,16,"greater_than_or_equal(pdiv(x[5],pdiv(x[5],x[5])), add(x[2],x[7]))",True,"greater_than_or_equal(x[5], mul(x[7],add(x[2],pdiv(x[5],x[5]))))",0.33532934131736525,bb5c1caa2e30ec7ef07b22f884640315,0.3892215568862275,True,0.053892215568862256
8,16,"greater_than_or_equal(sub(pdiv(x[5],x[2]),x[5]), x[5])",True,"greater_than_or_equal(sub(pdiv(x[5],x[2]),x[5]), x[5])",0.2694610778443114,72989f9209d2ae9398572032465ff70a,0.2694610778443114,False,0.0
8,16,"greater_than_or_equal(pdiv(x[7],x[2]), x[5])",True,"not_(less_than_or_equal(pdiv(x[7],x[2]),x[5]))",0.4131736526946108,6c7e6e07b7b12247ceef424eff5148c5,0.4131736526946108,False,0.0
8,16,"greater_than_or_equal(pdiv(x[5],pdiv(x[5],x[5])), add(x[2],pdiv(pdiv(x[5],add(x[7],mul(x[0],mul(mul(mul(pdiv(add(pdiv(45.34,add(x[3],add(x[5],x[2]))),x[3]),mul(x[7],add(x[7],x[2]))),x[3]),x[5]),x[5])))),add(x[2],x[5]))))",False,,,d5bd23e08ab5a0d2bb04ff53d88eb37f,0.5568862275449102,False,0.0
8,16,"greater_than_or_equal(x[5], mul(x[5],x[5]))",True,"less_than_or_equal(x[2],x[2])",0.35928143712574845,bd082d42dcba8056510101f18394b575,0.35928143712574845,False,0.0
8,16,"greater_than_or_equal(pdiv(x[5],add(mul(mul(x[5],x[3]),x[0]),add(x[7],x[5]))), add(sub(x[2],x[5]),add(add(x[7],x[0]),x[2])))",False,,,029fbfb42d659bdb86f38bc7b18b5a26,0.28742514970059885,False,0.0
8,16,"greater_than_or_equal(pdiv(x[5],x[5]), x[7])",True,"less_than_or_equal(x[2],x[2])",0.35928143712574845,bd082d42dcba8056510101f18394b575,0.35928143712574845,False,0.0
8,16,"not_(greater_than_or_equal(pdiv(x[5],x[5]), add(x[7],x[2])))",True,"less_than_or_equal(pdiv(x[5],x[5]),add(x[2],x[7]))",0.8083832335329342,13bc325d64f36ba4cad976606f41f747,0.8083832335329342,False,0.0
8,16,"less_than_or_equal(add(mul(x[7],pdiv(x[5],x[5])),x[2]),add(sub(x[7],x[7]),pdiv(69.44,sub(x[3],x[3]))))",True,"less_than_or_equal(add(mul(x[7],pdiv(x[5],x[5])),x[2]),add(sub(x[7],x[7]),pdiv(69.44,sub(x[3],x[3]))))",0.19161676646706582,14c6e007ad625f3839f568e9ee8a86e1,0.1428571428571429,True,-0.04875962360992292
8,17,"greater_than_or_equal(sub(x[2],x[7]), add(x[5],x[2]))",True,not_(x[6]),0.6347305389221557,b4068ba57b63c959651c969331c4b5cd,0.6407185628742516,True,0.005988023952095856
8,17,"greater_than_or_equal(sub(pdiv(x[5],x[2]),mul(x[5],add(x[2],x[2]))), x[5])",True,"not_(less_than_or_equal(pdiv(x[5],x[5]),add(x[2],x[2])))",0.25149700598802394,b1dd33075a09479c47bb17a355eef7af,0.25149700598802394,False,0.0
8,17,"not_(less_than_or_equal(pdiv(x[3],mul(x[7],add(72.44,add(x[0],x[3])))),x[5]))",True,"less_than_or_equal(mul(sub(30.95,x[2]),x[5]),mul(x[7],add(add(add(x[2],x[3]),pdiv(x[0],x[7])),x[2])))",0.6467065868263473,322944f1a81ee73855970d3a0b60a0dd,0.6467065868263473,False,0.0
8,17,"greater_than_or_equal(sub(pdiv(x[5],x[7]),add(pdiv(pdiv(x[5],x[5]),mul(add(add(x[5],x[2]),mul(x[7],x[7])),x[7])),x[7])), x[5])",True,"less_than_or_equal(x[7],sub(mul(x[3],x[5]),mul(x[3],x[3])))",0.6227544910179641,2dd89a1e9924a644885ec3ef9f28193f,0.652694610778443,True,0.029940119760478945
8,17,"less_than_or_equal(59.24,mul(add(x[5],x[2]),sub(x[3],add(pdiv(x[5],add(pdiv(add(x[2],x[5]),x[5]),mul(x[2],x[2]))),x[7]))))",True,not_(x[6]),0.6347305389221557,b4068ba57b63c959651c969331c4b5cd,0.6407185628742516,True,0.005988023952095856
8,17,"greater_than_or_equal(x[5], mul(x[7],add(x[7],x[5])))",True,"greater_than_or_equal(x[5], mul(x[7],add(x[7],x[5])))",0.22754491017964074,051dec5cdded21754165aaf5f887a47e,0.22754491017964074,False,0.0
8,17,"greater_than_or_equal(sub(pdiv(x[5],x[7]),pdiv(x[0],add(x[2],x[3]))), x[7])",False,,,05f677e3f485da5a6cf53b0edff24d4c,0.3053892215568862,False,0.0
8,17,"greater_than_or_equal(pdiv(x[5],x[2]), pdiv(x[5],x[5]))",True,"not_(not_(less_than_or_equal(x[2],x[5])))",0.34730538922155685,4af53f79d9ad2ffac455113b88a02dd4,0.34730538922155685,False,0.0
8,17,"greater_than_or_equal(add(x[7],x[7]), add(x[5],x[0]))",False,,,2d97d4a8553619982b4fa94537a080ba,0.6287425149700598,False,0.0
8,17,"greater_than_or_equal(pdiv(x[5],x[5]), add(x[7],x[2]))",True,"less_than_or_equal(add(mul(x[7],pdiv(x[5],x[5])),x[2]),add(sub(x[7],x[7]),pdiv(69.44,sub(x[3],x[3]))))",0.19161676646706582,14c6e007ad625f3839f568e9ee8a86e1,0.19161676646706582,False,0.0
8,17,"greater_than_or_equal(sub(pdiv(x[5],mul(x[7],add(x[5],x[2]))),sub(x[3],mul(x[5],x[7]))), add(x[2],x[7]))",False,,,a3b3a0612ae22ce7f513b2625ea207f7,0.26347305389221554,False,0.0
8,17,"greater_than_or_equal(pdiv(mul(add(x[2],x[5]),add(add(x[5],x[0]),mul(x[3],x[7]))),pdiv(x[0],x[3])), add(add(x[5],x[7]),add(x[5],mul(x[5],add(39.89,x[7])))))",True,not_(x[6]),0.6347305389221557,b4068ba57b63c959651c969331c4b5cd,0.6347305389221557,False,0.0
8,17,"not_(less_than_or_equal(pdiv(x[5],mul(x[5],mul(x[7],add(x[5],x[7])))),x[2]))",True,"greater_than_or_equal(pdiv(pdiv(x[5],x[5]),add(x[5],x[0])), x[2])",0.3413173652694611,5005b0c334820b72e1246e09cfc64254,0.3413173652694611,False,0.0
8,17,"not_(less_than_or_equal(add(x[5],x[7]),add(x[5],x[2])))",True,"less_than_or_equal(pdiv(add(x[2],x[5]),sub(x[2],x[7])),mul(mul(x[2],x[3]),mul(x[5],x[7])))",0.4730538922155688,6a9a868ce645e54c16a03959cbdb37f6,0.4730538922155688,False,0.0
8,17,"greater_than_or_equal(pdiv(x[5],add(pdiv(add(x[5],x[2]),add(x[7],x[0])),x[2])), x[0])",False,,,345ba8f3a0b381fbe9177689d0bee3c8,0.437125748502994,False,0.0
8,17,"greater_than_or_equal(pdiv(x[5],x[5]), add(x[2],x[0]))",True,"not_(less_than_or_equal(pdiv(x[5],x[5]),add(x[0],x[2])))",0.34730538922155685,c426607f0a92b79fd094d06b3453a190,0.34730538922155685,False,0.0
8,17,"and_(greater_than_or_equal(x[5], x[5]),greater_than_or_equal(x[7], x[2]))",True,"less_than_or_equal(pdiv(add(x[2],x[5]),sub(x[2],x[7])),mul(mul(x[2],x[3]),mul(x[5],x[7])))",0.4730538922155688,6a9a868ce645e54c16a03959cbdb37f6,0.4730538922155688,False,0.0
8,17,"greater_than_or_equal(x[5], mul(x[5],mul(x[7],add(add(x[0],x[7]),x[3]))))",True,"greater_than_or_equal(x[5], mul(x[5],mul(x[7],add(x[7],add(x[3],x[0])))))",0.28742514970059885,4cb9e1e84c961d96ca8fc2362380b896,0.28742514970059885,False,0.0
8,17,"not_(less_than_or_equal(pdiv(pdiv(x[5],x[5]),add(sub(x[3],mul(x[5],x[7])),add(x[2],x[7]))),x[2]))",False,,,4190ff1a1f9c96ffd2ac9acc6d49819f,0.3173652694610778,False,0.0
8,17,"not_(less_than_or_equal(pdiv(pdiv(x[5],x[7]),add(x[7],x[2])),add(add(49.49,mul(x[7],add(x[7],x[2]))),x[3])))",True,"less_than_or_equal(mul(mul(x[7],x[7]),74.75),add(x[7],x[7]))",0.6227544910179641,83475aff34f9e2eb2174b5d809ea1882,0.6167664670658682,True,-0.005988023952095856
8,17,"greater_than_or_equal(sub(pdiv(x[5],pdiv(x[5],x[3])),add(add(x[7],x[0]),x[2])), x[2])",False,,,7e49dc6bc9923d509d059cbd8faa57f5,0.5209580838323353,False,0.0
8,17,"greater_than_or_equal(x[2], add(mul(x[5],add(add(x[5],x[2]),x[5])),mul(x[7],add(x[7],x[2]))))",True,"less_than_or_equal(mul(mul(x[7],add(x[7],x[3])),x[7]),sub(x[2],x[5]))",0.6167664670658682,60a4bc562926827c7da2149fa2238f21,0.5988023952095809,True,-0.017964071856287345
8,17,"not_(less_than_or_equal(x[7],x[0]))",True,"and_(less_than_or_equal(pdiv(x[0],x[0]),pdiv(x[7],x[7])),greater_than_or_equal(sub(x[2],x[2]), sub(x[0],x[7])))",0.45508982035928147,0c866f95d3c400cff6c51bdae200239a,0.45508982035928147,False,0.0
8,17,"greater_than_or_equal(sub(pdiv(x[5],43.59),x[2]), x[5])",True,not_(x[6]),0.6347305389221557,b4068ba57b63c959651c969331c4b5cd,0.6407185628742516,True,0.005988023952095856
8,17,"greater_than_or_equal(mul(add(mul(x[5],add(x[5],x[3])),sub(x[7],sub(x[5],mul(x[5],x[5])))),add(x[5],x[2])), mul(x[7],pdiv(mul(x[5],x[5]),x[0])))",False,,,35f805f1a989cc0dd6873d381716b537,0.47904191616766467,False,0.0
8,17,"greater_than_or_equal(x[5], mul(mul(x[7],x[2]),add(x[7],add(pdiv(pdiv(x[7],mul(x[5],x[3])),x[5]),add(x[5],x[2])))))",False,,,7571615fe560617747d2026adb964a99,0.31137724550898205,False,0.0
8,17,"less_than_or_equal(add(mul(x[7],pdiv(x[5],x[5])),x[2]),add(sub(x[7],x[7]),pdiv(69.44,sub(x[3],x[3]))))",True,"less_than_or_equal(add(mul(x[7],pdiv(x[5],x[5])),x[2]),add(sub(x[7],x[7]),pdiv(69.44,sub(x[3],x[3]))))",0.19161676646706582,14c6e007ad625f3839f568e9ee8a86e1,0.19161676646706582,False,0.0
8,17,"not_(less_than_or_equal(pdiv(x[5],mul(x[2],x[7])),x[3]))",True,"not_(greater_than_or_equal(mul(x[7],add(x[5],x[7])), add(pdiv(mul(x[2],add(x[5],x[5])),x[2]),add(sub(x[7],x[7]),pdiv(x[5],x[3])))))",0.32335329341317365,6879d8556cd3538b7aad64e5d345873a,0.32335329341317365,False,0.0
8,17,"less_than_or_equal(add(add(x[7],x[2]),add(x[2],x[3])),add(add(x[5],pdiv(x[7],mul(x[3],add(x[5],mul(x[5],add(add(x[7],x[5]),mul(pdiv(x[3],x[3]),x[3]))))))),x[7]))",False,,,f14ac026e84ae322bb52064f7429abac,0.45508982035928147,False,0.0
8,17,"not_(less_than_or_equal(pdiv(x[5],x[5]),add(add(x[5],x[2]),x[5])))",True,"not_(less_than_or_equal(pdiv(x[5],x[5]),add(add(x[2],x[5]),x[5])))",0.5089820359281437,c8f07d9b2f7dcef7f4fa44aeef22dc71,0.5089820359281437,False,0.0
8,17,"not_(less_than_or_equal(pdiv(19.43,x[5]),x[5]))",True,"less_than_or_equal(x[2],x[2])",0.35928143712574845,bd082d42dcba8056510101f18394b575,0.35928143712574845,False,0.0
8,17,"greater_than_or_equal(x[5], mul(x[7],add(mul(x[5],add(x[2],x[3])),mul(x[5],x[7]))))",True,"greater_than_or_equal(x[5], mul(x[5],mul(x[7],add(x[7],add(x[3],x[2])))))",0.23952095808383234,a36622aa56e7fdbcf81c7d9c0cc68d12,0.23952095808383234,False,0.0
8,17,"greater_than_or_equal(pdiv(x[5],add(mul(mul(x[5],x[3]),x[0]),add(x[7],x[5]))), add(sub(x[2],x[5]),add(add(99.52,x[5]),mul(x[2],add(x[7],pdiv(add(x[2],add(x[7],x[0])),x[2]))))))",True,not_(x[6]),0.6347305389221557,b4068ba57b63c959651c969331c4b5cd,0.6407185628742516,True,0.005988023952095856
8,17,"greater_than_or_equal(add(x[2],x[0]), add(add(x[2],x[7]),add(x[2],x[5])))",True,not_(x[6]),0.6347305389221557,b4068ba57b63c959651c969331c4b5cd,0.6407185628742516,True,0.005988023952095856
8,17,"greater_than_or_equal(add(x[7],x[7]), add(x[5],add(x[2],mul(x[2],x[2]))))",False,,,3007949758636ef01c54589b9d34cc8e,0.592814371257485,False,0.0
8,17,"greater_than_or_equal(pdiv(sub(pdiv(sub(x[2],x[2]),x[5]),x[7]),x[0]), x[2])",True,"less_than_or_equal(mul(add(x[0],x[0]),add(x[2],x[5])),sub(add(x[2],x[3]),add(x[3],x[2])))",0.3892215568862275,c9704e311ac7e289734d4b5a1bdc086f,0.38323353293413176,True,-0.0059880239520957446
8,17,"greater_than_or_equal(x[5], mul(x[7],add(mul(x[7],add(x[2],x[5])),add(x[2],x[5]))))",True,"greater_than_or_equal(sub(pdiv(pdiv(x[5],x[7]),add(x[7],x[2])),add(add(x[5],x[2]),x[5])), mul(x[7],add(x[7],x[2])))",0.2694610778443114,0fba72d8c1e546a86109af2a73634272,0.2694610778443114,False,0.0
8,17,"greater_than_or_equal(pdiv(x[5],pdiv(x[3],x[5])), add(x[2],x[7]))",False,,,5c1137a67492eb78be531b32d0f6f810,0.437125748502994,False,0.0
8,17,"greater_than_or_equal(x[5], mul(x[7],add(add(sub(x[2],sub(x[0],x[3])),mul(x[5],add(x[7],x[2]))),mul(x[7],x[5]))))",True,"greater_than_or_equal(x[5], mul(x[7],add(sub(x[2],add(x[0],x[2])),add(x[7],add(x[5],x[7])))))",0.31137724550898205,6e98de14326f3bb9a002f700970b8c9a,0.2694610778443114,True,-0.041916167664670656
8,17,"greater_than_or_equal(sub(pdiv(x[5],x[7]),add(pdiv(pdiv(x[5],x[5]),add(x[5],x[2])),add(x[7],x[0]))), x[2])",False,,,c4e77101e10b72fcc0229009c16da7bf,0.41916167664670656,False,0.0
8,17,"not_(greater_than_or_equal(x[5], x[5]))",True,not_(x[6]),0.6347305389221557,b4068ba57b63c959651c969331c4b5cd,0.6407185628742516,True,0.005988023952095856
8,17,"greater_than_or_equal(pdiv(add(x[7],add(pdiv(add(x[0],x[2]),x[2]),x[5])),x[5]), x[2])",True,"less_than_or_equal(x[2],x[2])",0.35928143712574845,bd082d42dcba8056510101f18394b575,0.35928143712574845,False,0.0
8,17,"greater_than_or_equal(x[5], mul(add(mul(add(x[5],x[7]),mul(x[2],add(add(x[5],x[2]),x[5]))),mul(x[7],add(x[7],x[2]))),x[3]))",False,,,722b0797c0003812ae71ceb60b1d44cf,0.26347305389221554,False,0.0
8,17,"greater_than_or_equal(pdiv(add(pdiv(add(x[2],x[2]),x[3]),pdiv(x[5],x[7])),x[2]), x[7])",True,"less_than_or_equal(x[2],x[2])",0.35928143712574845,bd082d42dcba8056510101f18394b575,0.35928143712574845,False,0.0
8,17,"greater_than_or_equal(add(x[7],x[0]), x[2])",True,"not_(less_than_or_equal(x[7],sub(x[2],x[0])))",0.4131736526946108,2271b4d9c63c9a01924ea722c2fb8c3c,0.4131736526946108,False,0.0
8,17,"greater_than_or_equal(x[3], pdiv(sub(x[2],x[2]),add(x[2],x[0])))",True,"less_than_or_equal(pdiv(sub(x[0],x[0]),sub(x[0],x[2])),x[0])",0.38323353293413176,d0734af37aab8e9b6c733bcf8f431f61,0.38323353293413176,False,0.0
8,17,"less_than_or_equal(add(mul(x[7],pdiv(x[5],x[5])),x[7]),add(sub(x[7],x[7]),pdiv(64.44,x[7])))",True,"less_than_or_equal(x[2],x[2])",0.35928143712574845,bd082d42dcba8056510101f18394b575,0.35928143712574845,False,0.0
8,17,"greater_than_or_equal(x[2], x[7])",True,"less_than_or_equal(add(x[5],x[7]),add(x[5],x[2]))",0.5269461077844311,544b4f45aa71542bcadfaa9d165fdbeb,0.5269461077844311,False,0.0
8,17,"greater_than_or_equal(x[5], mul(x[7],x[3]))",True,"not_(less_than_or_equal(pdiv(x[5],x[3]),x[7]))",0.3413173652694611,e691e9faf9d6cf6a1c64f756c672a16e,0.3413173652694611,False,0.0
8,17,"greater_than_or_equal(sub(pdiv(x[5],x[7]),mul(x[7],add(x[5],add(sub(x[7],sub(sub(pdiv(mul(x[5],x[7]),add(x[2],x[2])),mul(pdiv(x[5],x[5]),add(x[7],pdiv(x[3],x[2])))),pdiv(x[5],x[7]))),pdiv(x[5],x[5]))))), x[5])",False,,,75cf3e188f744d64ee5f71dcc2466022,0.4251497005988024,False,0.0
8,17,"greater_than_or_equal(sub(pdiv(x[5],x[7]),mul(x[7],add(x[0],x[2]))), x[7])",False,,,a81bf42e6d9c8df67b2369ad6133b6be,0.25149700598802394,False,0.0
8,17,"greater_than_or_equal(sub(pdiv(x[5],x[7]),x[2]), x[5])",True,"greater_than_or_equal(x[5], mul(x[7],add(x[5],x[2])))",0.23353293413173648,49521aab13419e9d4582e656c37790ef,0.23353293413173648,False,0.0
8,17,"greater_than_or_equal(x[0], x[7])",True,"less_than_or_equal(x[7],x[0])",0.5449101796407185,be077d9307e8548c7420a3c3b9c6aaf2,0.5449101796407185,False,0.0
8,17,"greater_than_or_equal(sub(pdiv(pdiv(x[5],x[5]),add(x[7],x[2])),mul(x[7],x[5])), x[2])",False,,,0a865d9bcd107107f2b8147f02901e98,0.23353293413173648,False,0.0
8,17,"not_(less_than_or_equal(pdiv(x[5],x[5]),add(x[5],x[2])))",True,"not_(less_than_or_equal(pdiv(x[5],x[5]),add(x[5],x[2])))",0.2455089820359282,5825d6d8d32996f2f81bb41cc0bfa92f,0.2455089820359282,False,0.0
8,17,"not_(less_than_or_equal(pdiv(x[5],x[5]),add(x[2],x[7])))",True,"less_than_or_equal(add(mul(x[7],pdiv(x[5],x[5])),x[2]),add(sub(x[7],x[7]),pdiv(69.44,sub(x[3],x[3]))))",0.19161676646706582,14c6e007ad625f3839f568e9ee8a86e1,0.19161676646706582,False,0.0
8,17,"greater_than_or_equal(x[5], mul(x[7],add(59.99,x[3])))",True,not_(x[6]),0.6347305389221557,b4068ba57b63c959651c969331c4b5cd,0.6407185628742516,True,0.005988023952095856
8,17,"less_than_or_equal(x[7],x[3])",True,"greater_than_or_equal(x[3], x[7])",0.33532934131736525,176c0c35833bc4ae980b10cd773d9ebc,0.33532934131736525,False,0.0
8,17,"greater_than_or_equal(pdiv(x[5],add(x[5],x[7])), pdiv(x[5],x[3]))",True,"less_than_or_equal(add(add(x[7],x[5]),sub(x[2],x[3])),x[2])",0.5808383233532934,b9ec470daab482bf42854f3b768e4b80,0.5748502994011976,True,-0.005988023952095856
8,17,"not_(less_than_or_equal(pdiv(x[5],x[5]),add(add(x[2],mul(x[5],add(add(sub(x[7],sub(x[2],x[2])),x[0]),x[5]))),x[7])))",True,"not_(less_than_or_equal(pdiv(x[5],x[5]),add(x[5],add(x[7],mul(x[3],x[2])))))",0.34730538922155685,82603accb4a550e416a9af592d892b22,0.4011976047904192,True,0.05389221556886237
8,17,"greater_than_or_equal(x[5], mul(x[7],add(mul(x[7],add(x[2],x[5])),add(x[2],x[5]))))",True,"greater_than_or_equal(sub(pdiv(pdiv(x[5],x[7]),add(x[7],x[2])),add(add(x[5],x[2]),x[5])), mul(x[7],add(x[7],x[2])))",0.2694610778443114,0fba72d8c1e546a86109af2a73634272,0.2694610778443114,False,0.0
8,17,"greater_than_or_equal(pdiv(x[5],x[5]), add(add(x[7],x[0]),x[2]))",True,"greater_than_or_equal(pdiv(x[5],x[5]), add(add(x[7],x[0]),x[2]))",0.20359281437125754,2c8ba4c0896bdabce262eefb429de9c2,0.20359281437125754,False,0.0
8,17,"not_(less_than_or_equal(pdiv(x[5],x[5]),add(mul(x[5],add(x[2],x[2])),add(x[0],x[7]))))",False,,,a9c91a1bcf3359111e5269ae98c66683,0.23952095808383234,False,0.0
8,17,"greater_than_or_equal(sub(pdiv(x[5],x[3]),x[2]), x[5])",True,"not_(less_than_or_equal(pdiv(x[5],x[3]),add(x[5],x[2])))",0.33532934131736525,19e0b26b04f63034b8102da698d0b3b7,0.33532934131736525,False,0.0
8,17,"greater_than_or_equal(sub(add(mul(add(93.37,x[5]),x[5]),add(x[3],x[7])),x[5]), mul(x[7],mul(x[5],x[5])))",True,"less_than_or_equal(x[2],x[2])",0.35928143712574845,bd082d42dcba8056510101f18394b575,0.35928143712574845,False,0.0
8,17,"greater_than_or_equal(x[5], sub(x[7],add(add(mul(x[5],x[5]),x[3]),add(x[2],x[7]))))",True,"less_than_or_equal(x[2],x[2])",0.35928143712574845,bd082d42dcba8056510101f18394b575,0.35928143712574845,False,0.0
8,17,"greater_than_or_equal(x[5], mul(x[2],mul(add(sub(x[2],x[7]),sub(43.98,x[5])),add(x[5],x[2]))))",True,"greater_than_or_equal(pdiv(mul(x[5],x[2]),pdiv(x[2],x[5])), add(sub(x[7],x[7]),add(x[5],x[0])))",0.6107784431137724,ec48eb4aba9f475884bcf9e8f28adadc,0.6167664670658682,True,0.005988023952095856
8,17,"not_(greater_than_or_equal(pdiv(x[5],sub(x[5],x[7])), x[2]))",True,"greater_than_or_equal(x[7], x[5])",0.6107784431137724,793f9fa4aca1502cfe0a9ed6ab91b83c,0.6107784431137724,False,0.0
8,17,"not_(less_than_or_equal(pdiv(x[5],x[5]),mul(x[7],add(x[0],x[2]))))",True,"greater_than_or_equal(add(pdiv(x[3],x[3]),sub(x[3],mul(x[5],x[2]))), add(sub(x[7],x[7]),sub(x[0],x[3])))",0.3532934131736527,fe8764edc6b2890ba84f3173a5465f84,0.3532934131736527,False,0.0
8,17,"not_(less_than_or_equal(pdiv(x[5],x[7]),04.77))",True,"not_(less_than_or_equal(pdiv(x[5],04.61),x[7]))",0.5389221556886228,a7cacbe6ce22cd2e14b847dca3a88aa5,0.5449101796407185,True,0.0059880239520957446
8,17,"less_than_or_equal(x[2],mul(x[3],x[5]))",False,,,a51fef7da8dcd72a2ff88d773242a91b,0.45508982035928147,False,0.0
8,17,"greater_than_or_equal(sub(pdiv(x[5],x[7]),mul(x[7],add(x[0],x[5]))), pdiv(x[5],mul(x[2],x[2])))",False,,,6109a59f50edd8741f0d9eee3de844b0,0.5988023952095809,False,0.0
8,17,"not_(less_than_or_equal(pdiv(x[5],x[5]),add(x[2],sub(x[3],x[5]))))",True,"greater_than_or_equal(add(pdiv(x[3],x[3]),sub(x[5],x[3])), x[2])",0.3413173652694611,32c2a73a8ec945f9a936096109abdfc3,0.3413173652694611,False,0.0
8,17,"greater_than_or_equal(sub(pdiv(x[3],x[7]),x[7]), add(mul(sub(pdiv(x[5],x[7]),pdiv(x[7],x[5])),x[5]),x[2]))",False,,,7463a03b791e95cecc6eea434a543755,0.3772455089820359,False,0.0
8,17,"greater_than_or_equal(x[2], add(mul(mul(sub(x[5],x[7]),x[0]),add(x[0],x[5])),x[7]))",False,,,bad766ec7c9dd01ee204ce612b2ae801,0.5688622754491017,False,0.0
8,17,"less_than_or_equal(add(mul(mul(x[7],x[5]),x[7]),x[0]),x[5])",False,,,1e317cae3c1d7af8ed4467e7170b61c0,0.3532934131736527,False,0.0
8,17,"greater_than_or_equal(sub(pdiv(add(mul(add(x[0],x[5]),x[2]),add(x[7],x[0])),x[2]),x[0]), add(add(x[2],x[3]),add(x[2],x[5])))",False,,,9b5afcdbfe8e472a279ba689960ff75b,0.4131736526946108,False,0.0
8,17,"less_than_or_equal(pdiv(x[5],mul(x[7],pdiv(x[5],add(x[2],x[5])))),mul(x[7],add(x[7],x[2])))",False,,,a4baa3357277a3725ad2a92f873c2f22,0.6467065868263473,False,0.0
8,17,"greater_than_or_equal(pdiv(x[5],x[5]), x[7])",True,"less_than_or_equal(x[2],x[2])",0.35928143712574845,bd082d42dcba8056510101f18394b575,0.35928143712574845,False,0.0
8,17,"greater_than_or_equal(mul(add(x[5],x[7]),x[7]), x[5])",True,"not_(greater_than_or_equal(pdiv(x[5],x[7]), add(x[5],mul(x[7],pdiv(x[5],x[5])))))",0.7724550898203593,0030128647f99982f5296d7964088a85,0.7724550898203593,False,0.0
8,17,"greater_than_or_equal(x[5], mul(x[2],pdiv(x[5],x[7])))",True,"less_than_or_equal(pdiv(add(x[2],x[5]),sub(x[2],x[7])),mul(mul(x[2],x[3]),mul(x[5],x[7])))",0.4730538922155688,6a9a868ce645e54c16a03959cbdb37f6,0.4730538922155688,False,0.0
8,17,"greater_than_or_equal(x[5], mul(x[7],add(x[2],add(pdiv(mul(x[5],mul(x[3],add(x[5],x[2]))),x[2]),x[7]))))",False,,,90485dfebda107ae81043b04464d3acc,0.35928143712574845,False,0.0
8,17,"not_(less_than_or_equal(pdiv(94.99,add(pdiv(x[5],x[2]),x[3])),mul(x[7],pdiv(sub(mul(x[5],x[5]),x[5]),x[5]))))",True,"less_than_or_equal(x[2],x[2])",0.35928143712574845,bd082d42dcba8056510101f18394b575,0.35928143712574845,False,0.0
8,17,"not_(less_than_or_equal(pdiv(x[3],x[2]),mul(pdiv(x[7],add(x[5],x[3])),x[7])))",False,,,20fd5f149645cfbab904e6e25715c14f,0.3293413173652695,False,0.0
8,17,"greater_than_or_equal(pdiv(sub(mul(x[7],x[2]),mul(x[5],x[2])),mul(x[7],add(x[7],x[5]))), x[3])",False,,,5076ce7007300f02e4ad5c79e2f3cb43,0.652694610778443,False,0.0
8,17,"greater_than_or_equal(x[5], x[5])",True,"less_than_or_equal(x[2],x[2])",0.35928143712574845,bd082d42dcba8056510101f18394b575,0.35928143712574845,False,0.0
8,17,"greater_than_or_equal(x[5], x[5])",True,"less_than_or_equal(x[2],x[2])",0.35928143712574845,bd082d42dcba8056510101f18394b575,0.35928143712574845,False,0.0
8,17,"not_(less_than_or_equal(pdiv(x[5],x[5]),add(sub(add(x[2],mul(sub(pdiv(add(x[7],x[2]),x[5]),x[5]),add(x[7],x[3]))),add(pdiv(x[5],add(pdiv(add(x[2],x[5]),x[5]),mul(x[2],x[2]))),x[7])),x[7])))",False,,,f948d62996bdcd4e2d8bfc7e6a4e080a,0.3293413173652695,False,0.0
8,17,"greater_than_or_equal(x[5], mul(x[7],add(x[7],pdiv(x[7],x[7]))))",True,"greater_than_or_equal(x[5], mul(x[7],add(x[7],pdiv(69.44,sub(x[3],x[3])))))",0.33532934131736525,0f74d2b510468dfb01b807a5013ba7de,0.33532934131736525,False,0.0
8,17,"greater_than_or_equal(add(x[7],x[7]), add(x[0],add(sub(x[5],x[2]),add(pdiv(mul(x[5],x[5]),pdiv(x[3],x[7])),x[2]))))",False,,,c0cdaa3dd7515b00f356db12bc1a96c1,0.5748502994011976,False,0.0
8,17,"not_(less_than_or_equal(pdiv(pdiv(mul(x[5],x[7]),add(x[2],x[2])),add(pdiv(x[5],x[5]),add(x[7],x[2]))),x[0]))",False,,,c34e4c68ca3af077e59369b2fb2bb7e3,0.39520958083832336,False,0.0
8,17,"greater_than_or_equal(sub(pdiv(x[5],x[7]),x[3]), x[5])",True,"greater_than_or_equal(x[5], mul(x[7],add(x[5],x[3])))",0.3053892215568862,0947741ceb5018f757b589e69907d867,0.3053892215568862,False,0.0
8,17,"greater_than_or_equal(x[5], mul(x[5],x[5]))",True,"less_than_or_equal(x[2],x[2])",0.35928143712574845,bd082d42dcba8056510101f18394b575,0.35928143712574845,False,0.0
8,17,"greater_than_or_equal(sub(pdiv(sub(pdiv(x[2],x[5]),add(pdiv(x[5],x[5]),add(sub(x[2],x[7]),x[7]))),add(x[0],add(x[5],x[2]))),add(sub(x[7],sub(x[3],mul(x[5],x[7]))),add(x[2],x[7]))), x[2])",True,"not_(greater_than_or_equal(add(x[5],x[5]), x[2]))",0.6586826347305389,b67783c92e859390ea0a70f112223d2c,0.6586826347305389,False,0.0
8,17,"greater_than_or_equal(x[5], x[7])",True,"greater_than_or_equal(x[5], x[7])",0.3892215568862275,ca29d589a2290a0489371628a6b32bf4,0.3892215568862275,False,0.0
8,17,"greater_than_or_equal(x[5], mul(x[5],pdiv(x[2],x[5])))",True,"not_(not_(less_than_or_equal(x[2],x[5])))",0.34730538922155685,4af53f79d9ad2ffac455113b88a02dd4,0.3413173652694611,True,-0.0059880239520957446
8,17,"greater_than_or_equal(x[5], mul(x[5],mul(x[7],add(add(x[0],x[7]),x[5]))))",True,"greater_than_or_equal(x[5], mul(x[5],mul(x[7],add(add(x[0],x[7]),x[5]))))",0.2694610778443114,32764c8462bd39a3a50dc3dd7f73a0b0,0.2694610778443114,False,0.0
8,17,"greater_than_or_equal(x[7], pdiv(x[5],x[5]))",True,"greater_than_or_equal(x[3], pdiv(x[3],x[7]))",0.5988023952095809,544e9f57eeb7aee70ddd2795444ac73a,0.6047904191616766,True,0.0059880239520957446
8,17,"greater_than_or_equal(x[5], mul(x[7],add(x[5],pdiv(x[5],x[5]))))",True,"greater_than_or_equal(x[5], mul(x[7],add(x[5],pdiv(x[5],x[5]))))",0.33532934131736525,fa01caa917a58bbda28cb775016b8bd1,0.33532934131736525,False,0.0
8,17,"greater_than_or_equal(sub(pdiv(x[5],x[7]),x[2]), mul(x[7],add(sub(x[5],x[7]),x[7])))",False,,,b34a92233603d603e6109c907befaba2,0.27544910179640714,False,0.0
8,17,"greater_than_or_equal(add(pdiv(x[5],x[7]),x[0]), x[2])",True,"less_than_or_equal(sub(mul(x[2],x[7]),mul(x[0],x[7])),x[5])",0.34730538922155685,67e5c7a497be3e968ea5c2bd6433af6d,0.34730538922155685,False,0.0
8,17,"greater_than_or_equal(x[5], mul(x[7],add(x[5],add(x[2],mul(x[5],x[2])))))",False,,,63d6db81d5c86166a1d96bbc3a2c6665,0.20958083832335328,False,0.0
8,17,"greater_than_or_equal(pdiv(x[5],x[5]), add(x[2],x[7]))",True,"less_than_or_equal(add(mul(x[7],pdiv(x[5],x[5])),x[2]),add(sub(x[7],x[7]),pdiv(69.44,sub(x[3],x[3]))))",0.19161676646706582,14c6e007ad625f3839f568e9ee8a86e1,0.19161676646706582,False,0.0
8,17,"greater_than_or_equal(pdiv(sub(pdiv(add(x[2],x[2]),add(x[2],add(pdiv(pdiv(x[5],x[7]),add(x[5],mul(x[5],add(x[7],x[7])))),add(x[0],add(x[7],x[2]))))),add(sub(x[7],sub(x[3],mul(x[5],x[7]))),add(x[0],x[7]))),x[2]), add(x[2],x[3]))",False,,,eb3dccefe60504090119603b1667ac89,0.5389221556886228,False,0.0
8,17,"greater_than_or_equal(x[5], mul(04.70,x[2]))",False,,,7a7771a21f4adb5072cb3406bf8947ed,0.49101796407185627,False,0.0
8,17,"not_(less_than_or_equal(pdiv(x[5],x[2]),add(pdiv(x[5],add(x[5],x[3])),x[5])))",False,,,91e6446772eecdd73036e1009a11c30d,0.3053892215568862,False,0.0
8,17,"greater_than_or_equal(x[5], add(pdiv(x[5],x[5]),add(x[2],x[7])))",True,not_(x[6]),0.6347305389221557,b4068ba57b63c959651c969331c4b5cd,0.6407185628742516,True,0.005988023952095856
8,17,"less_than_or_equal(x[7],add(x[5],x[7]))",True,"less_than_or_equal(x[2],x[2])",0.35928143712574845,bd082d42dcba8056510101f18394b575,0.35928143712574845,False,0.0
8,17,"greater_than_or_equal(mul(x[2],mul(x[7],x[0])), x[2])",True,"greater_than_or_equal(pdiv(mul(x[5],x[2]),pdiv(x[2],x[5])), add(sub(x[7],x[7]),add(x[5],x[0])))",0.6107784431137724,ec48eb4aba9f475884bcf9e8f28adadc,0.6167664670658682,True,0.005988023952095856
8,17,"greater_than_or_equal(x[2], x[5])",True,"less_than_or_equal(x[5],x[2])",0.652694610778443,6fb17002302e404122653cf2c68db553,0.652694610778443,False,0.0
8,17,"greater_than_or_equal(x[7], add(pdiv(x[5],x[5]),add(x[2],pdiv(x[2],01.48))))",True,not_(x[6]),0.6347305389221557,b4068ba57b63c959651c969331c4b5cd,0.6407185628742516,True,0.005988023952095856
8,17,"not_(less_than_or_equal(pdiv(x[5],sub(x[7],pdiv(x[7],x[5]))),x[3]))",False,,,bbc3b5b5dbbfe66db4802d8c8a0de5c2,0.6706586826347305,False,0.0
8,17,"greater_than_or_equal(pdiv(x[5],sub(mul(x[5],x[7]),x[0])), x[2])",True,"not_(less_than_or_equal(mul(x[5],x[7]),x[0]))",0.4850299401197605,17afe641f69b309d4df546aa8f215556,0.47904191616766467,True,-0.005988023952095856
8,17,"greater_than_or_equal(pdiv(x[5],x[5]), x[2])",True,"not_(greater_than_or_equal(mul(x[7],x[2]), x[7]))",0.34730538922155685,f69cf4961d82af0c72c0014d2a401904,0.34730538922155685,False,0.0
8,17,"greater_than_or_equal(sub(pdiv(34.06,add(x[7],x[5])),x[5]), add(x[5],add(x[0],x[7])))",True,"less_than_or_equal(x[2],x[2])",0.35928143712574845,bd082d42dcba8056510101f18394b575,0.35928143712574845,False,0.0
8,17,"less_than_or_equal(mul(mul(x[5],add(x[0],x[5])),add(mul(x[5],x[5]),x[5])),add(x[5],mul(mul(x[7],add(x[7],x[5])),x[3])))",False,,,55dbc210dec834724d19adbf51b78a61,0.3413173652694611,False,0.0
8,17,"greater_than_or_equal(x[5], x[0])",True,"less_than_or_equal(x[0],x[5])",0.37125748502994016,cdcd6f1e6c091ac380f1476046586fe6,0.37125748502994016,False,0.0
8,17,"greater_than_or_equal(x[5], add(mul(x[7],pdiv(x[2],mul(x[7],add(add(sub(x[7],sub(x[7],x[5])),add(pdiv(x[5],add(x[5],x[2])),x[5])),mul(x[7],add(x[7],add(x[5],x[2]))))))),add(sub(x[7],x[7]),pdiv(x[5],x[3]))))",True,not_(x[6]),0.6347305389221557,b4068ba57b63c959651c969331c4b5cd,0.6407185628742516,True,0.005988023952095856
8,17,"greater_than_or_equal(pdiv(x[5],x[5]), add(add(x[7],x[0]),x[5]))",True,"greater_than_or_equal(pdiv(x[5],x[5]), add(add(x[7],x[0]),x[5]))",0.38323353293413176,e13aa23db313dd681eafce91776358ad,0.38323353293413176,False,0.0
8,17,"not_(greater_than_or_equal(mul(x[5],x[7]), x[2]))",True,"less_than_or_equal(x[7],pdiv(x[2],x[5]))",0.45508982035928147,d33cfc188406cf3750d6a42207b463ce,0.45508982035928147,False,0.0
8,17,"greater_than_or_equal(pdiv(x[5],x[5]), add(mul(x[2],x[5]),pdiv(x[5],add(x[2],x[5]))))",True,"not_(greater_than_or_equal(mul(x[5],add(x[5],x[2])), add(sub(x[7],x[7]),pdiv(x[5],x[5]))))",0.27544910179640714,66d1f1f84d146fdd572ef7ee95562584,0.27544910179640714,False,0.0
8,17,"greater_than_or_equal(x[5], mul(x[7],add(x[5],add(x[2],pdiv(pdiv(x[5],x[5]),add(pdiv(pdiv(mul(x[5],add(x[2],x[2])),x[5]),x[5]),x[5]))))))",True,"not_(less_than_or_equal(pdiv(x[5],mul(x[7],add(x[5],x[5]))),pdiv(pdiv(x[5],x[5]),x[5])))",0.4011976047904192,58aeb7a5a5652a59b3f81f1f504d0cb4,0.34730538922155685,True,-0.05389221556886237
8,17,"greater_than_or_equal(82.94, x[5])",True,"less_than_or_equal(x[2],x[2])",0.35928143712574845,bd082d42dcba8056510101f18394b575,0.35928143712574845,False,0.0
8,17,"greater_than_or_equal(x[0], x[3])",True,"or_(greater_than_or_equal(sub(x[0],x[5]), pdiv(x[3],x[5])),less_than_or_equal(sub(x[3],x[0]),sub(x[5],x[5])))",0.6227544910179641,2310ba51ba8c7f4263478bc24872fb4b,0.6227544910179641,False,0.0
8,17,"greater_than_or_equal(pdiv(x[5],x[5]), add(x[5],mul(x[5],mul(x[7],add(x[7],add(x[3],x[0]))))))",False,,,d59dffd608e2e78756b2a8597509acdb,0.28742514970059885,False,0.0
8,17,"or_(less_than_or_equal(pdiv(x[5],x[5]),pdiv(sub(pdiv(x[5],x[7]),x[2]),x[5])),or_(x[6],greater_than_or_equal(sub(x[7],x[5]), mul(x[5],x[5]))))",True,"less_than_or_equal(x[2],x[2])",0.35928143712574845,bd082d42dcba8056510101f18394b575,0.35928143712574845,False,0.0
8,17,"greater_than_or_equal(pdiv(x[5],x[5]), add(add(x[7],x[5]),mul(x[5],add(x[2],x[3]))))",False,,,0b8d0a5a14400c2ffd5cd8de1d582a19,0.5089820359281437,False,0.0
8,17,"not_(less_than_or_equal(pdiv(x[5],x[7]),add(mul(x[7],add(x[5],x[0])),pdiv(pdiv(x[7],add(x[0],sub(sub(x[5],x[5]),x[2]))),add(pdiv(x[2],x[2]),mul(x[5],sub(sub(x[5],mul(x[5],40.96)),x[7])))))))",False,,,a65e8be474bdbd6493e51678464a8cf0,0.40718562874251496,False,0.0
8,17,"not_(less_than_or_equal(pdiv(x[5],x[7]),add(mul(x[7],add(sub(mul(x[0],pdiv(pdiv(x[7],add(x[0],sub(pdiv(x[2],x[5]),x[2]))),add(pdiv(x[2],x[2]),mul(x[5],sub(sub(pdiv(x[5],x[5]),x[3]),x[7]))))),x[3]),x[7])),mul(x[7],x[5]))))",False,,,d908d8ebf5fc823eba411b114e329178,0.281437125748503,False,0.0
8,17,"greater_than_or_equal(sub(pdiv(x[5],x[2]),x[2]), mul(x[7],x[0]))",False,,,815b82d68911bb51263a201c6ccbca0e,0.3173652694610778,False,0.0
8,17,"greater_than_or_equal(x[5], mul(x[7],add(x[2],add(pdiv(mul(x[2],x[5]),mul(sub(sub(sub(x[2],x[5]),x[5]),x[2]),x[2])),x[5]))))",False,,,7a5de2943757fae50261578afb017c22,0.33532934131736525,False,0.0
8,17,"greater_than_or_equal(pdiv(x[5],add(x[2],pdiv(add(sub(x[2],x[5]),x[2]),sub(pdiv(x[5],x[2]),x[5])))), x[5])",True,"not_(less_than_or_equal(pdiv(x[5],x[2]),add(pdiv(x[5],add(x[5],x[5])),x[5])))",0.3293413173652695,85696fe440caa60ccbf4560eccd0d557,0.33532934131736525,True,0.0059880239520957446
8,17,"greater_than_or_equal(pdiv(x[5],add(mul(mul(x[5],x[3]),x[3]),add(x[7],x[0]))), mul(x[5],add(x[3],add(sub(x[3],x[7]),x[5]))))",False,,,d746dc46927ef2458fe7eb19dfb60f0e,0.4011976047904192,False,0.0
8,17,"greater_than_or_equal(x[5], mul(x[7],add(x[0],add(pdiv(pdiv(93.04,sub(x[3],mul(x[5],x[7]))),add(x[2],x[7])),x[2]))))",True,"greater_than_or_equal(x[5], pdiv(x[3],x[7]))",0.6646706586826348,7163cc140f7c1d8b5064283f255cf146,0.6646706586826348,False,0.0
8,17,"greater_than_or_equal(add(x[0],x[2]), add(x[7],add(x[5],x[7])))",True,"greater_than_or_equal(sub(sub(x[2],x[0]),mul(x[5],x[5])), add(x[5],x[7]))",0.6467065868263473,010fedbe01ea4f26283d817f98ba456b,0.6107784431137724,True,-0.03592814371257491
8,17,"greater_than_or_equal(x[5], mul(x[7],add(sub(x[2],x[5]),mul(x[7],add(x[5],x[7])))))",False,,,f3e404bfdf2935bdbd5e1f47f4fe4a64,0.31137724550898205,False,0.0
8,17,"greater_than_or_equal(pdiv(x[5],add(x[2],x[5])), mul(x[7],add(x[7],x[2])))",False,,,03cdbf78340266c3fe5244354fc41bd4,0.22754491017964074,False,0.0
8,17,"greater_than_or_equal(pdiv(add(sub(pdiv(x[5],x[7]),x[2]),x[5]),mul(x[5],x[5])), add(add(x[5],x[7]),x[0]))",False,,,95572f733d7f868bca55b45b6b13179b,0.28742514970059885,False,0.0
8,17,"greater_than_or_equal(pdiv(x[5],add(mul(pdiv(x[5],x[3]),x[3]),add(x[7],x[7]))), pdiv(x[5],x[5]))",True,not_(x[6]),0.6347305389221557,b4068ba57b63c959651c969331c4b5cd,0.6407185628742516,True,0.005988023952095856
8,17,"greater_than_or_equal(pdiv(x[5],sub(x[5],mul(x[7],add(mul(x[7],add(mul(x[7],add(add(add(mul(x[7],pdiv(pdiv(mul(x[3],add(x[2],x[7])),x[7]),pdiv(x[5],x[5]))),x[5]),x[2]),add(sub(x[7],add(pdiv(add(sub(x[2],x[5]),x[2]),sub(pdiv(x[5],x[2]),x[5])),x[5])),mul(add(add(x[5],x[2]),x[7]),mul(x[7],x[7]))))),x[7])),x[5])))), x[5])",False,,,e17692b75eda27ce51a95d83568921d9,0.26347305389221554,False,0.0
8,17,"greater_than_or_equal(x[5], mul(x[5],mul(x[7],add(sub(x[5],x[3]),x[5]))))",False,,,644fed7444277bce745f5eb26c1bfe20,0.3293413173652695,False,0.0
8,17,"greater_than_or_equal(pdiv(x[5],x[5]), add(x[7],mul(mul(x[3],x[7]),x[7])))",False,,,ff84bd6891839290c14ba195b5fbd152,0.2934131736526946,False,0.0
8,17,"greater_than_or_equal(pdiv(x[5],add(x[2],pdiv(x[5],x[5]))), mul(x[5],add(x[5],x[2])))",False,,,ba7c82f5c995be00f58eaffb39fe0cf1,0.29940119760479045,False,0.0
8,17,"greater_than_or_equal(x[3], x[5])",True,"less_than_or_equal(x[5],x[3])",0.5089820359281437,1d4d287fbe015bbb313f097e26f5bc37,0.5089820359281437,False,0.0
8,17,"greater_than_or_equal(x[5], mul(x[7],sub(x[5],mul(x[5],x[5]))))",True,"less_than_or_equal(x[2],x[2])",0.35928143712574845,bd082d42dcba8056510101f18394b575,0.35928143712574845,False,0.0
8,17,"not_(less_than_or_equal(42.04,x[5]))",True,"less_than_or_equal(x[2],x[2])",0.35928143712574845,bd082d42dcba8056510101f18394b575,0.35928143712574845,False,0.0
8,17,"greater_than_or_equal(sub(pdiv(x[5],95.29),x[5]), mul(x[5],x[5]))",True,not_(x[6]),0.6347305389221557,b4068ba57b63c959651c969331c4b5cd,0.6347305389221557,False,0.0
8,17,"less_than_or_equal(mul(x[7],add(x[0],x[5])),x[7])",True,"not_(less_than_or_equal(pdiv(x[5],x[5]),add(x[5],x[0])))",0.3053892215568862,00c19a3fd72854100569949b11521f0b,0.3053892215568862,False,0.0
8,17,"less_than_or_equal(sub(pdiv(x[5],x[7]),x[2]),x[5])",False,,,ddb8f2b80cae6cdf806f9c917c640108,0.7664670658682635,False,0.0
8,17,"greater_than_or_equal(mul(pdiv(x[3],x[7]),x[2]), add(mul(x[2],add(x[0],sub(x[5],x[5]))),add(x[7],x[2])))",False,,,34905fc7199499ee7d0d6e6ef1564e0e,0.46706586826347307,False,0.0
8,17,"greater_than_or_equal(add(mul(x[5],pdiv(x[5],x[2])),x[2]), add(sub(x[7],x[7]),pdiv(69.44,sub(x[3],x[2]))))",True,"not_(less_than_or_equal(pdiv(x[5],x[5]),add(x[2],sub(pdiv(x[3],x[2]),add(mul(x[2],x[7]),mul(x[2],x[3]))))))",0.6586826347305389,97992d1c6392ce2361e75a580fad0a69,0.6347305389221557,True,-0.0239520958083832
8,17,"greater_than_or_equal(sub(pdiv(x[5],x[7]),mul(x[7],add(pdiv(x[5],x[3]),mul(add(x[7],x[7]),x[7])))), x[7])",False,,,99d0714f8dfedfe2ed3e1f8d9855a8e2,0.28742514970059885,False,0.0
8,17,"greater_than_or_equal(sub(pdiv(x[0],x[7]),mul(x[7],x[2])), x[5])",True,"less_than_or_equal(x[7],pdiv(x[0],x[7]))",0.5029940119760479,37afef815a97697dfbf210f3b9ca92af,0.5209580838323353,True,0.017964071856287456
8,17,"greater_than_or_equal(pdiv(sub(pdiv(add(add(x[0],x[3]),x[5]),x[5]),x[5]),x[5]), add(sub(mul(x[5],add(x[0],x[7])),mul(add(x[2],add(x[3],x[7])),x[7])),mul(x[5],x[5])))",False,,,8f57ea7a777922fbf7ab261b1722c9c7,0.3293413173652695,False,0.0
8,17,"greater_than_or_equal(pdiv(x[5],x[5]), add(add(x[7],x[0]),x[7]))",False,,,46e87ceeea1941b223292e97af3ccd85,0.2694610778443114,False,0.0
8,17,"not_(less_than_or_equal(pdiv(98.56,x[7]),sub(x[5],add(pdiv(x[0],x[5]),add(x[2],x[7])))))",True,"less_than_or_equal(x[2],x[2])",0.35928143712574845,bd082d42dcba8056510101f18394b575,0.35928143712574845,False,0.0
8,17,"greater_than_or_equal(add(add(x[5],x[2]),x[5]), mul(x[7],add(x[0],x[2])))",True,"less_than_or_equal(x[2],x[2])",0.35928143712574845,bd082d42dcba8056510101f18394b575,0.35928143712574845,False,0.0
8,17,"greater_than_or_equal(pdiv(x[5],mul(add(add(x[5],x[2]),x[7]),mul(mul(add(x[7],x[7]),x[5]),x[5]))), add(x[5],x[7]))",True,"greater_than_or_equal(pdiv(x[5],mul(add(add(x[5],x[2]),x[7]),mul(mul(add(x[7],x[7]),x[5]),x[5]))), add(x[5],add(x[0],x[7])))",0.26347305389221554,5a8af6354f3659eac0807a15245fdae4,0.26347305389221554,False,0.0
8,17,"greater_than_or_equal(x[5], mul(x[7],x[0]))",True,"not_(less_than_or_equal(pdiv(x[5],x[0]),x[0]))",0.35928143712574845,5372ceb8b23ce5e1dd3bf5c2fc3a57aa,0.3413173652694611,True,-0.017964071856287345
8,17,"greater_than_or_equal(sub(pdiv(pdiv(x[5],x[5]),add(x[5],x[5])),x[5]), x[5])",True,"not_(less_than_or_equal(pdiv(x[5],x[5]),add(x[5],x[5])))",0.4491017964071856,2218a51fb25443ecfeb7d4f388f41f4b,0.4491017964071856,False,0.0
8,17,"greater_than_or_equal(pdiv(x[5],add(pdiv(add(x[2],x[7]),x[5]),add(x[2],x[5]))), add(x[2],x[2]))",False,,,a170625b4fca58d910b7a874d4041a90,0.41916167664670656,False,0.0
8,17,"greater_than_or_equal(pdiv(x[5],x[5]), add(x[5],x[5]))",True,"not_(less_than_or_equal(pdiv(x[5],x[5]),add(x[5],x[5])))",0.4491017964071856,2218a51fb25443ecfeb7d4f388f41f4b,0.4491017964071856,False,0.0
8,17,"greater_than_or_equal(sub(pdiv(x[5],x[7]),30.39), x[0])",True,not_(x[6]),0.6347305389221557,b4068ba57b63c959651c969331c4b5cd,0.6347305389221557,False,0.0
8,17,"not_(less_than_or_equal(pdiv(x[5],x[3]),pdiv(mul(x[5],x[5]),add(add(x[5],x[7]),x[0]))))",True,"less_than_or_equal(x[2],x[2])",0.35928143712574845,bd082d42dcba8056510101f18394b575,0.3652694610778443,True,0.005988023952095856
8,17,"greater_than_or_equal(pdiv(x[5],add(x[5],x[0])), mul(x[5],mul(add(pdiv(pdiv(x[2],add(x[5],x[3])),x[7]),x[5]),add(x[2],x[2]))))",False,,,4443e84af3e250a6a538845e927725d0,0.3532934131736527,False,0.0
8,17,"greater_than_or_equal(pdiv(x[5],x[5]), add(x[2],x[3]))",True,"not_(less_than_or_equal(pdiv(x[5],x[5]),add(x[2],x[3])))",0.2694610778443114,8e10ebf505ba211742b7164524309595,0.2694610778443114,False,0.0
8,17,"not_(less_than_or_equal(pdiv(98.56,x[7]),sub(x[5],sub(add(add(x[5],x[2]),x[5]),mul(add(mul(add(x[7],x[2]),x[5]),mul(x[2],x[3])),x[5])))))",True,"less_than_or_equal(x[2],x[2])",0.35928143712574845,bd082d42dcba8056510101f18394b575,0.35928143712574845,False,0.0
8,17,"greater_than_or_equal(pdiv(add(x[2],add(pdiv(mul(x[5],x[5]),pdiv(x[3],x[7])),x[2])),pdiv(pdiv(x[7],x[2]),x[2])), x[5])",False,,,7aff4401d5456845203683ca88a6a68f,0.6467065868263473,False,0.0
8,17,"greater_than_or_equal(x[5], mul(x[7],add(x[2],add(pdiv(mul(x[5],x[5]),x[0]),sub(sub(x[2],x[5]),mul(x[5],add(add(x[7],x[0]),x[2])))))))",True,"greater_than_or_equal(x[5], mul(x[7],add(x[2],add(pdiv(mul(x[5],x[5]),x[0]),sub(sub(x[2],x[5]),x[5])))))",0.23952095808383234,351b46acc3daf6a671a96f192f25618a,0.26347305389221554,True,0.0239520958083832
8,17,"not_(greater_than_or_equal(pdiv(x[5],x[7]), add(x[5],mul(x[5],add(x[2],pdiv(x[3],01.28))))))",True,"not_(greater_than_or_equal(x[5], mul(x[7],add(mul(x[5],add(x[3],x[2])),x[5]))))",0.7844311377245509,4dfd9b1977a8321c436800c26518ec6e,0.7904191616766467,True,0.005988023952095856
8,17,"not_(less_than_or_equal(pdiv(x[5],x[2]),add(pdiv(x[5],add(pdiv(pdiv(x[3],x[5]),x[7]),x[7])),mul(x[7],x[7]))))",False,,,a35d992b09f72f8d56fa46168ae40d51,0.29940119760479045,False,0.0
8,17,"not_(less_than_or_equal(add(x[3],x[2]),x[7]))",True,"greater_than_or_equal(add(x[2],x[3]), x[7])",0.38323353293413176,aafcd1b19f4b58b2ca7f6d61f9b20ed0,0.38323353293413176,False,0.0
8,17,"greater_than_or_equal(x[5], mul(x[7],add(add(sub(x[3],x[7]),add(pdiv(add(x[2],mul(x[2],x[7])),x[7]),add(x[2],x[7]))),x[2])))",False,,,e6bf6cedd05d5a509cfeea66e66153e2,0.37125748502994016,False,0.0
8,17,"greater_than_or_equal(sub(pdiv(x[5],x[7]),mul(x[7],mul(mul(mul(x[0],add(mul(03.99,add(pdiv(x[3],x[2]),x[3])),mul(x[7],pdiv(sub(mul(x[7],x[5]),x[5]),x[5])))),add(x[5],x[2])),mul(x[7],pdiv(mul(x[5],x[5]),x[0]))))), sub(sub(x[2],x[0]),mul(x[5],mul(sub(x[0],x[7]),x[3]))))",False,,,e8c5032fc9f0c9caaca7558b8877bbf1,0.2694610778443114,False,0.0
8,17,"greater_than_or_equal(x[5], mul(sub(x[7],add(sub(x[3],x[5]),x[5])),add(add(add(x[2],add(x[7],x[0])),x[2]),x[0])))",False,,,f10d7e37dde15e974c6f2fead1c1b2df,0.2934131736526946,False,0.0
8,17,"less_than_or_equal(add(mul(sub(mul(pdiv(x[5],x[5]),x[2]),add(sub(x[7],x[7]),pdiv(39.19,add(sub(add(pdiv(mul(x[5],x[5]),add(x[7],x[2])),x[3]),x[5]),add(x[3],add(sub(x[3],x[7]),x[5])))))),add(sub(x[7],x[3]),x[7])),sub(x[3],x[7])),add(mul(x[3],x[5]),pdiv(x[3],x[3])))",False,,,d4a78e9598544b6f32ee5d2aa9567a1f,0.562874251497006,False,0.0
8,17,"greater_than_or_equal(pdiv(sub(pdiv(add(x[2],x[2]),add(x[2],x[0])),x[7]),sub(add(add(sub(x[7],sub(x[7],x[5])),add(x[2],x[7])),x[3]),x[7])), mul(x[7],x[5]))",False,,,06f5822ede7a64126b4aed061bbbaa58,0.28742514970059885,False,0.0
8,17,"less_than_or_equal(sub(sub(pdiv(add(x[2],x[2]),add(x[2],x[0])),x[7]),x[7]),add(sub(x[7],sub(sub(mul(x[5],mul(x[5],add(x[2],x[7]))),add(mul(x[3],x[7]),add(x[5],x[7]))),add(x[3],x[7]))),x[2]))",True,"less_than_or_equal(sub(sub(x[3],x[5]),pdiv(x[7],mul(add(sub(x[7],x[7]),pdiv(x[5],x[2])),x[7]))),x[0])",0.3892215568862275,5918517f5c7939fc875812594d344b06,0.4491017964071856,True,0.05988023952095811
8,17,"greater_than_or_equal(pdiv(x[5],x[5]), add(add(x[7],x[0]),x[7]))",True,"greater_than_or_equal(pdiv(x[5],x[5]), add(add(x[7],x[0]),x[7]))",0.2694610778443114,46e87ceeea1941b223292e97af3ccd85,0.2694610778443114,False,0.0
8,17,"not_(less_than_or_equal(pdiv(x[5],x[2]),x[0]))",True,"greater_than_or_equal(mul(add(x[2],x[5]),sub(x[5],x[0])), mul(mul(x[0],x[7]),sub(x[5],x[7])))",0.38323353293413176,cf65da81ffb7a9d4ff3e042c0fa7a250,0.3652694610778443,True,-0.017964071856287456
8,17,"not_(less_than_or_equal(pdiv(x[5],x[5]),add(x[5],x[3])))",True,"not_(less_than_or_equal(pdiv(x[5],x[5]),add(x[5],x[3])))",0.49101796407185627,bb45d530dc44268633eeb136f814ec83,0.49101796407185627,False,0.0
8,17,"greater_than_or_equal(x[5], mul(x[5],mul(x[5],x[7])))",True,"less_than_or_equal(x[2],x[2])",0.35928143712574845,bd082d42dcba8056510101f18394b575,0.35928143712574845,False,0.0
8,17,"greater_than_or_equal(sub(pdiv(x[5],x[2]),x[2]), 30.93)",True,not_(x[6]),0.6347305389221557,b4068ba57b63c959651c969331c4b5cd,0.6407185628742516,True,0.005988023952095856
8,17,"greater_than_or_equal(pdiv(x[5],sub(mul(add(add(x[5],x[2]),x[7]),mul(x[7],x[7])),x[7])), x[5])",False,,,a35b2e12402a7dd67ccc4c34d2aa0b72,0.7724550898203593,False,0.0
8,17,"greater_than_or_equal(pdiv(x[7],x[0]), x[2])",True,"less_than_or_equal(pdiv(mul(x[2],x[0]),pdiv(x[3],x[2])),add(mul(x[2],x[7]),mul(x[7],pdiv(x[7],x[3]))))",0.3892215568862275,42c0762f7ef0dcb5439fff3a6949dcd1,0.37125748502994016,True,-0.017964071856287345
8,17,"not_(less_than_or_equal(pdiv(x[5],x[5]),add(x[5],pdiv(x[5],x[3]))))",False,,,a672489073c03c85d4f0ed8a89879762,0.6227544910179641,False,0.0
8,17,"greater_than_or_equal(pdiv(x[5],add(mul(x[2],x[2]),x[5])), x[5])",False,,,d2eac6ad9e7b44903c59a7a30c0ddb83,0.25149700598802394,False,0.0
8,17,"greater_than_or_equal(38.59, x[5])",True,"less_than_or_equal(x[2],x[2])",0.35928143712574845,bd082d42dcba8056510101f18394b575,0.35928143712574845,False,0.0
8,17,"not_(less_than_or_equal(x[5],mul(x[5],x[5])))",True,"not_(less_than_or_equal(pdiv(x[5],x[5]),x[5]))",0.31137724550898205,774eb80249c37c32f486ae194a31e639,0.3173652694610778,True,0.0059880239520957446
8,17,x[1],True,x[1],0.3652694610778443,8fe1a95217af65598a8b7fd872a69562,0.3652694610778443,False,0.0
8,17,"greater_than_or_equal(mul(x[7],add(x[5],x[7])), pdiv(x[5],x[0]))",False,,,140df86fb099e978029ba7892e2ab780,0.6467065868263473,False,0.0
8,17,"not_(less_than_or_equal(pdiv(x[5],x[5]),add(x[5],x[3])))",True,"not_(less_than_or_equal(pdiv(x[5],x[5]),add(x[5],x[3])))",0.49101796407185627,bb45d530dc44268633eeb136f814ec83,0.49101796407185627,False,0.0
8,17,"greater_than_or_equal(x[5], mul(x[5],x[7]))",True,"less_than_or_equal(x[2],x[2])",0.35928143712574845,bd082d42dcba8056510101f18394b575,0.35928143712574845,False,0.0
8,17,"greater_than_or_equal(add(x[5],mul(add(add(x[5],x[2]),x[7]),mul(mul(add(x[7],x[7]),x[5]),x[5]))), add(x[7],x[0]))",False,,,1c56d60d4798845930e9eac476a87772,0.3892215568862275,False,0.0
8,17,"greater_than_or_equal(pdiv(x[5],mul(add(add(x[5],x[2]),x[7]),mul(mul(add(x[7],x[7]),x[5]),x[5]))), add(x[5],add(x[0],x[0])))",False,,,7951bab88a3f047e61e3a964630bce68,0.27544910179640714,False,0.0
8,17,"greater_than_or_equal(x[5], mul(x[7],mul(mul(pdiv(x[7],x[3]),add(x[5],x[5])),add(sub(mul(add(x[2],x[3]),add(x[2],x[5])),x[7]),pdiv(x[5],x[5])))))",True,"greater_than_or_equal(x[5], mul(x[7],mul(mul(pdiv(x[7],x[3]),add(x[5],x[5])),add(sub(mul(add(x[2],x[3]),add(x[2],x[5])),x[7]),pdiv(x[5],x[5])))))",0.2455089820359282,b75261efdf8c88dde9e1290b3359a80f,0.2455089820359282,False,0.0
8,17,"greater_than_or_equal(pdiv(x[5],sub(pdiv(add(x[7],mul(x[2],pdiv(x[3],01.48))),mul(x[5],x[7])),add(x[2],x[7]))), x[2])",True,"greater_than_or_equal(pdiv(x[5],sub(pdiv(add(x[7],mul(x[2],pdiv(x[3],01.48))),mul(x[5],x[7])),add(x[2],x[7]))), x[2])",0.4610778443113772,bf1e1ffd0e8c9b74d6fd6f2f10f7b434,0.4610778443113772,False,0.0
8,17,"not_(less_than_or_equal(pdiv(x[5],x[2]),x[5]))",True,"not_(greater_than_or_equal(mul(x[7],x[2]), x[7]))",0.34730538922155685,f69cf4961d82af0c72c0014d2a401904,0.3532934131736527,True,0.005988023952095856
8,17,"greater_than_or_equal(x[7], mul(x[7],add(x[0],add(x[7],add(x[5],mul(x[5],add(x[2],pdiv(x[3],01.48))))))))",False,,,2a469d6190090f50ae5636b02537f70b,0.49101796407185627,False,0.0
8,17,"greater_than_or_equal(x[5], mul(x[7],add(mul(x[0],add(x[2],x[5])),add(x[2],x[5]))))",False,,,823accac80066a6713ff3f07b8cccea0,0.23353293413173648,False,0.0
8,17,"less_than_or_equal(add(mul(x[7],pdiv(x[5],x[5])),x[2]),add(sub(x[7],x[7]),pdiv(04.09,sub(x[7],mul(x[7],x[5])))))",True,"not_(greater_than_or_equal(mul(x[7],add(x[5],x[0])), add(sub(x[7],x[7]),pdiv(x[5],mul(x[5],x[5])))))",0.33532934131736525,e1cc0588d401b844227ffae87a1dfbdd,0.3293413173652695,True,-0.0059880239520957446
8,17,"greater_than_or_equal(x[5], pdiv(x[5],mul(x[7],add(49.48,x[0]))))",True,"less_than_or_equal(x[2],x[2])",0.35928143712574845,bd082d42dcba8056510101f18394b575,0.37125748502994016,True,0.011976047904191711
8,17,"greater_than_or_equal(sub(pdiv(x[5],x[7]),mul(x[7],add(x[0],x[2]))), add(x[7],x[5]))",True,"greater_than_or_equal(sub(pdiv(x[5],x[7]),mul(x[7],add(x[7],x[7]))), add(x[5],x[2]))",0.27544910179640714,f4a1b61f5d547d234714bee9745cd081,0.26347305389221554,True,-0.0119760479041916
8,17,"greater_than_or_equal(x[5], mul(x[7],pdiv(x[5],x[7])))",True,"greater_than_or_equal(x[5], mul(x[7],pdiv(x[5],x[7])))",0.37125748502994016,a8ae8c3a61e4406fb639b23f2622b25a,0.37125748502994016,False,0.0
8,17,"greater_than_or_equal(sub(add(x[0],add(x[2],x[7])),x[2]), x[5])",True,"less_than_or_equal(sub(mul(x[0],x[7]),sub(x[0],x[5])),add(x[0],x[7]))",0.5748502994011976,42009ae66b9240ade6f538ac3a4ae73d,0.6227544910179641,True,0.04790419161676651
8,17,"not_(less_than_or_equal(pdiv(x[3],mul(x[3],x[7])),x[5]))",True,"less_than_or_equal(x[2],x[2])",0.35928143712574845,bd082d42dcba8056510101f18394b575,0.35928143712574845,False,0.0
8,17,"not_(less_than_or_equal(pdiv(x[5],x[5]),x[0]))",True,"less_than_or_equal(x[2],x[2])",0.35928143712574845,bd082d42dcba8056510101f18394b575,0.3652694610778443,True,0.005988023952095856
8,17,"greater_than_or_equal(pdiv(x[5],add(x[2],x[2])), add(x[0],x[5]))",False,,,e2fd86577732e7099ff62423466c068c,0.25149700598802394,False,0.0
8,17,"less_than_or_equal(x[5],mul(x[2],x[2]))",True,"not_(less_than_or_equal(mul(x[2],x[2]),x[5]))",0.6646706586826348,a3aa230b14a86a2220e08ccdf8848095,0.6646706586826348,False,0.0
8,17,"greater_than_or_equal(pdiv(mul(sub(x[2],x[5]),add(add(x[5],x[0]),mul(x[3],x[7]))),pdiv(x[0],x[3])), add(add(x[5],x[7]),sub(x[7],x[5])))",False,,,629a1f80eb601d37f1541be1368b3ccf,0.3892215568862275,False,0.0
8,17,"greater_than_or_equal(sub(pdiv(x[5],pdiv(x[0],x[7])),add(x[0],x[5])), 24.45)",True,not_(x[6]),0.6347305389221557,b4068ba57b63c959651c969331c4b5cd,0.6407185628742516,True,0.005988023952095856
8,17,"greater_than_or_equal(sub(pdiv(x[5],mul(add(x[0],add(x[5],x[2])),add(sub(x[7],sub(29.79,sub(add(x[2],x[7]),x[2]))),add(x[2],x[3])))),add(pdiv(x[3],pdiv(x[7],add(x[2],x[7]))),pdiv(x[3],x[7]))), x[3])",True,not_(x[6]),0.6347305389221557,b4068ba57b63c959651c969331c4b5cd,0.6407185628742516,True,0.005988023952095856
8,17,"greater_than_or_equal(pdiv(x[3],x[7]), mul(x[7],mul(x[7],x[5])))",True,"greater_than_or_equal(pdiv(add(x[5],x[2]),sub(x[5],x[5])), mul(mul(x[5],x[7]),pdiv(x[7],x[3])))",0.3413173652694611,f65c24e134a734a89a26a00dcb1d98d5,0.3293413173652695,True,-0.0119760479041916
8,17,"greater_than_or_equal(sub(pdiv(mul(x[5],mul(x[7],add(x[7],x[5]))),x[3]),58.39), pdiv(x[5],add(x[2],x[7])))",True,"not_(not_(less_than_or_equal(91.64,pdiv(x[2],pdiv(x[3],x[0])))))",0.6586826347305389,9f39b412647a2bed42ce034a15293284,0.6586826347305389,False,0.0
8,17,"greater_than_or_equal(mul(x[7],mul(x[7],mul(mul(mul(57.97,add(pdiv(x[5],add(pdiv(x[5],x[2]),x[3])),mul(x[7],pdiv(sub(sub(x[5],x[5]),x[5]),x[5])))),add(x[5],x[2])),mul(x[7],pdiv(mul(x[5],x[5]),x[0]))))), sub(sub(x[2],x[0]),mul(x[5],x[5])))",False,,,3051074fc36279cd544fe2ecf1f31ef3,0.43113772455089816,False,0.0
8,17,"greater_than_or_equal(sub(pdiv(mul(mul(x[2],x[5]),x[3]),x[5]),x[5]), add(add(x[5],x[7]),x[0]))",False,,,e28b9c2af96d00928f5a62ba6f9d9253,0.6407185628742516,False,0.0
8,17,"greater_than_or_equal(sub(pdiv(x[5],x[7]),x[2]), x[5])",True,"greater_than_or_equal(x[5], mul(x[7],add(x[5],x[2])))",0.23353293413173648,49521aab13419e9d4582e656c37790ef,0.23353293413173648,False,0.0
8,17,"greater_than_or_equal(pdiv(x[2],add(x[2],x[0])), x[7])",True,"greater_than_or_equal(pdiv(x[2],add(x[2],x[0])), x[7])",0.281437125748503,c63fa9b89b1247d47ec6c150335a4676,0.281437125748503,False,0.0
8,17,"greater_than_or_equal(pdiv(x[2],add(x[2],x[0])), x[5])",False,,,22ed5060f5d4eadd107e701257eb95f4,0.3413173652694611,False,0.0
8,17,"greater_than_or_equal(x[5], mul(x[5],add(x[2],add(pdiv(mul(x[2],x[5]),x[0]),add(x[2],x[3])))))",False,,,e2784b1d94e4ffd39cebb950cfccf397,0.6107784431137724,False,0.0
8,17,"greater_than_or_equal(x[5], mul(x[7],add(x[5],add(x[2],mul(x[5],x[2])))))",True,"greater_than_or_equal(x[5], mul(x[7],add(x[5],add(x[2],mul(x[5],x[2])))))",0.20958083832335328,63d6db81d5c86166a1d96bbc3a2c6665,0.20958083832335328,False,0.0
8,17,"greater_than_or_equal(sub(pdiv(mul(x[5],x[5]),add(x[0],x[2])),mul(x[7],pdiv(mul(x[5],x[5]),x[0]))), sub(sub(x[2],x[0]),mul(x[5],x[5])))",False,,,dc9ef396ae640284d27eb2d60ef93df8,0.2694610778443114,False,0.0
8,17,"greater_than_or_equal(x[5], mul(mul(mul(add(pdiv(x[5],x[5]),x[3]),add(x[3],pdiv(x[3],mul(x[7],add(x[2],pdiv(x[2],x[0])))))),x[7]),pdiv(mul(x[5],x[5]),34.50)))",True,"less_than_or_equal(x[2],x[2])",0.35928143712574845,bd082d42dcba8056510101f18394b575,0.35928143712574845,False,0.0
8,17,"greater_than_or_equal(x[5], mul(x[7],mul(add(pdiv(x[7],x[7]),x[7]),x[2])))",False,,,2c5c307a5f5936efefc4d993ff68a8f1,0.29940119760479045,False,0.0
8,17,"not_(less_than_or_equal(pdiv(x[5],x[7]),add(x[7],mul(pdiv(pdiv(add(x[0],add(x[2],x[2])),x[2]),add(x[0],x[7])),x[7]))))",True,"greater_than_or_equal(x[5], mul(x[7],add(x[5],pdiv(x[5],x[5]))))",0.33532934131736525,fa01caa917a58bbda28cb775016b8bd1,0.40718562874251496,True,0.07185628742514971
8,17,"greater_than_or_equal(add(sub(mul(x[7],x[2]),mul(x[5],x[2])),x[5]), mul(x[7],add(x[5],mul(add(x[5],43.97),x[5]))))",True,"less_than_or_equal(mul(sub(30.95,x[2]),x[5]),mul(x[7],add(add(add(x[2],x[3]),pdiv(x[0],x[7])),x[2])))",0.6467065868263473,322944f1a81ee73855970d3a0b60a0dd,0.6407185628742516,True,-0.0059880239520957446
8,17,"greater_than_or_equal(x[5], mul(pdiv(add(add(pdiv(sub(x[2],x[2]),add(x[7],x[2])),x[3]),x[5]),x[5]),add(x[2],x[5])))",True,not_(x[6]),0.6347305389221557,b4068ba57b63c959651c969331c4b5cd,0.6407185628742516,True,0.005988023952095856
8,17,"greater_than_or_equal(pdiv(x[5],x[5]), add(x[5],add(x[5],x[2])))",True,"not_(less_than_or_equal(pdiv(x[5],x[5]),add(add(x[2],x[5]),x[5])))",0.5089820359281437,c8f07d9b2f7dcef7f4fa44aeef22dc71,0.5089820359281437,False,0.0
8,17,"less_than_or_equal(mul(mul(x[5],add(x[0],x[5])),add(mul(x[5],x[5]),x[2])),x[7])",False,,,ba13b154ed589fce679226736b837c20,0.40718562874251496,False,0.0
8,17,"greater_than_or_equal(sub(pdiv(x[5],x[5]),x[0]), x[3])",True,"greater_than_or_equal(pdiv(x[5],x[5]), add(x[0],x[3]))",0.3413173652694611,14660f9f17f29c43d7bf738e2d617b36,0.3413173652694611,False,0.0
8,17,"greater_than_or_equal(pdiv(pdiv(x[5],x[5]),add(pdiv(x[2],mul(x[5],x[7])),x[0])), x[2])",False,,,2e54cb8a2ba5a98fef1bd7e9890c24c1,0.3772455089820359,False,0.0
8,17,"greater_than_or_equal(pdiv(mul(x[7],x[5]),x[5]), add(x[0],x[7]))",False,,,2515a1653f5ea181e5a6f88733d6e2ba,0.38323353293413176,False,0.0
8,17,"not_(less_than_or_equal(add(x[5],x[5]),add(add(pdiv(sub(pdiv(x[5],x[7]),x[2]),x[5]),mul(x[5],x[5])),add(add(x[5],x[7]),x[0]))))",True,"not_(less_than_or_equal(mul(x[7],add(x[2],x[2])),add(x[5],x[5])))",0.6646706586826348,b98fd4b1abc55a8bd945f52cf650a117,0.6766467065868264,True,0.0119760479041916
8,17,"greater_than_or_equal(pdiv(x[5],x[5]), add(x[7],x[5]))",True,"not_(less_than_or_equal(pdiv(x[5],x[5]),add(x[7],x[5])))",0.32335329341317365,e44f6a949f00cb0bf86b1105d7c3453d,0.32335329341317365,False,0.0
8,17,"greater_than_or_equal(x[5], mul(x[7],add(x[5],x[2])))",True,"greater_than_or_equal(x[5], mul(x[7],add(x[5],x[2])))",0.23353293413173648,49521aab13419e9d4582e656c37790ef,0.23353293413173648,False,0.0
8,17,"greater_than_or_equal(x[5], mul(x[7],add(x[2],add(add(mul(x[5],x[5]),x[0]),sub(sub(x[2],sub(x[5],mul(x[7],add(x[7],add(pdiv(mul(x[5],x[5]),x[0]),add(sub(x[2],x[5]),x[2])))))),add(pdiv(mul(x[5],x[5]),pdiv(x[3],x[7])),x[2]))))))",False,,,39389ad1b6fb1636424b384eb6fd3a82,0.23952095808383234,False,0.0
8,17,"greater_than_or_equal(x[5], mul(49.93,add(x[2],x[2])))",True,"greater_than_or_equal(pdiv(mul(x[5],x[2]),pdiv(x[2],x[5])), add(sub(x[7],x[7]),add(x[5],x[0])))",0.6107784431137724,ec48eb4aba9f475884bcf9e8f28adadc,0.6167664670658682,True,0.005988023952095856
8,17,"less_than_or_equal(add(x[5],x[7]),x[2])",False,,,8ab50aa59a2767278dca8b76d2a3575f,0.6287425149700598,False,0.0
8,17,"greater_than_or_equal(pdiv(x[5],x[5]), add(pdiv(pdiv(x[7],add(mul(x[3],x[7]),add(x[5],x[2]))),add(sub(x[7],sub(x[5],mul(x[5],x[5]))),add(x[5],x[2]))),mul(x[7],pdiv(mul(x[5],x[5]),x[0]))))",False,,,abeeb1eacc5a77bec033094e9fd77940,0.34730538922155685,False,0.0
8,17,"not_(less_than_or_equal(pdiv(x[5],x[7]),add(x[7],pdiv(x[7],pdiv(x[0],x[3])))))",False,,,aabc712dce621cc263d781f937bd9e03,0.33532934131736525,False,0.0
8,17,"not_(less_than_or_equal(pdiv(x[5],x[5]),add(x[2],30.04)))",True,not_(x[6]),0.6347305389221557,b4068ba57b63c959651c969331c4b5cd,0.6407185628742516,True,0.005988023952095856
8,17,"greater_than_or_equal(pdiv(x[5],x[5]), add(x[7],x[7]))",True,"greater_than_or_equal(x[5], mul(x[7],add(x[5],x[5])))",0.2455089820359282,9545aae94dd0fcb8b281ddfedf2da4e6,0.2455089820359282,False,0.0
8,17,"not_(less_than_or_equal(pdiv(x[5],x[5]),add(x[2],x[3])))",True,"not_(less_than_or_equal(pdiv(x[5],x[5]),add(x[2],x[3])))",0.2694610778443114,8e10ebf505ba211742b7164524309595,0.2694610778443114,False,0.0
8,17,"greater_than_or_equal(x[5], mul(pdiv(pdiv(x[5],x[2]),add(x[3],sub(x[2],x[2]))),add(x[2],x[0])))",True,"greater_than_or_equal(pdiv(mul(x[5],x[2]),pdiv(x[2],x[5])), add(sub(x[7],x[7]),add(x[5],x[0])))",0.6107784431137724,ec48eb4aba9f475884bcf9e8f28adadc,0.6047904191616766,True,-0.0059880239520957446
8,17,"greater_than_or_equal(pdiv(sub(pdiv(add(x[5],x[7]),x[3]),x[3]),x[3]), x[7])",False,,,4fae0051e5888f818985cfceba4c6379,0.38323353293413176,False,0.0
8,17,"greater_than_or_equal(sub(x[7],pdiv(x[5],x[5])), x[5])",True,not_(x[6]),0.6347305389221557,b4068ba57b63c959651c969331c4b5cd,0.6407185628742516,True,0.005988023952095856
8,17,"greater_than_or_equal(x[5], mul(x[7],add(x[2],x[5])))",True,"greater_than_or_equal(x[5], mul(x[7],add(x[5],x[2])))",0.23353293413173648,49521aab13419e9d4582e656c37790ef,0.23353293413173648,False,0.0
8,17,"not_(less_than_or_equal(x[2],x[5]))",True,"less_than_or_equal(x[5],x[2])",0.652694610778443,6fb17002302e404122653cf2c68db553,0.652694610778443,False,0.0
8,17,"not_(less_than_or_equal(pdiv(x[5],x[5]),add(x[7],pdiv(x[5],x[7]))))",False,,,12baabdb3f6f9afdec81fe5e1729c48d,0.6826347305389222,False,0.0
8,17,"not_(greater_than_or_equal(pdiv(x[5],x[2]), x[5]))",True,"greater_than_or_equal(x[2], pdiv(x[5],x[5]))",0.652694610778443,38d04e9716d0d4822bf3dbdceea9aa84,0.652694610778443,False,0.0
8,17,"greater_than_or_equal(x[5], mul(mul(x[7],add(x[2],x[5])),add(x[7],add(x[5],mul(x[5],add(x[7],x[7]))))))",True,"greater_than_or_equal(sub(pdiv(x[5],x[7]),mul(add(x[2],add(add(x[7],x[2]),add(x[5],x[2]))),x[5])), mul(x[7],add(x[7],x[2])))",0.2694610778443114,cef55267e032e3ab941cf3ee919e87c5,0.2574850299401198,True,-0.0119760479041916
8,17,"less_than_or_equal(add(x[2],add(pdiv(mul(x[5],x[5]),x[0]),sub(sub(x[2],x[3]),x[2]))),add(pdiv(mul(x[5],x[5]),pdiv(x[5],x[7])),pdiv(add(pdiv(pdiv(x[7],x[2]),x[2]),x[5]),add(x[2],x[2]))))",False,,,342f9783813eff0882d1d330de84bbe9,0.281437125748503,False,0.0
8,17,"greater_than_or_equal(x[3], mul(add(x[7],x[5]),add(add(x[5],x[0]),mul(30.59,x[5]))))",False,,,aa6456aa61e0dcbc1673472fd012a4e5,0.652694610778443,False,0.0
8,17,"not_(less_than_or_equal(pdiv(pdiv(x[5],x[5]),add(x[7],x[5])),add(x[2],x[5])))",True,"not_(less_than_or_equal(pdiv(sub(pdiv(x[5],x[5]),add(x[5],x[2])),x[5]),mul(x[7],add(x[7],x[2]))))",0.27544910179640714,2570cc0caa1a7eac1036761f030e6c28,0.26347305389221554,True,-0.0119760479041916
8,17,"greater_than_or_equal(x[5], x[5])",True,"less_than_or_equal(x[2],x[2])",0.35928143712574845,bd082d42dcba8056510101f18394b575,0.35928143712574845,False,0.0
8,17,"greater_than_or_equal(sub(pdiv(x[5],x[7]),pdiv(x[5],x[5])), x[2])",True,"greater_than_or_equal(x[5], mul(x[7],add(x[2],pdiv(x[5],x[5]))))",0.33532934131736525,bb5c1caa2e30ec7ef07b22f884640315,0.33532934131736525,False,0.0
8,17,"less_than_or_equal(add(mul(x[5],x[0]),x[5]),90.43)",True,"less_than_or_equal(x[2],x[2])",0.35928143712574845,bd082d42dcba8056510101f18394b575,0.35928143712574845,False,0.0
8,17,"less_than_or_equal(add(add(x[7],x[2]),add(x[2],x[3])),x[7])",True,not_(x[6]),0.6347305389221557,b4068ba57b63c959651c969331c4b5cd,0.6407185628742516,True,0.005988023952095856
8,17,"not_(less_than_or_equal(pdiv(x[5],x[5]),add(x[2],pdiv(x[5],add(add(x[5],x[0]),sub(x[3],pdiv(x[5],x[5])))))))",False,,,a355a20c5d6c8d97fe0970fa898f2cf0,0.5209580838323353,False,0.0
8,17,"not_(less_than_or_equal(pdiv(x[5],x[7]),x[7]))",True,"not_(less_than_or_equal(x[5],mul(x[7],x[7])))",0.3532934131736527,6208c2f2bc232c7eeeb665b7dcc66661,0.3532934131736527,False,0.0
8,17,"greater_than_or_equal(x[5], mul(x[3],x[7]))",True,"not_(less_than_or_equal(pdiv(x[5],x[3]),x[7]))",0.3413173652694611,e691e9faf9d6cf6a1c64f756c672a16e,0.3413173652694611,False,0.0
8,17,"greater_than_or_equal(x[5], pdiv(sub(x[7],x[7]),add(x[5],add(x[3],x[7]))))",True,"less_than_or_equal(x[2],x[2])",0.35928143712574845,bd082d42dcba8056510101f18394b575,0.35928143712574845,False,0.0
8,17,"not_(less_than_or_equal(pdiv(x[5],x[5]),x[5]))",True,"not_(less_than_or_equal(pdiv(x[5],x[5]),x[5]))",0.31137724550898205,774eb80249c37c32f486ae194a31e639,0.31137724550898205,False,0.0
8,17,"and_(less_than_or_equal(x[7],x[7]),greater_than_or_equal(sub(x[7],pdiv(x[5],x[5])), mul(x[7],x[2])))",True,not_(x[6]),0.6347305389221557,b4068ba57b63c959651c969331c4b5cd,0.6407185628742516,True,0.005988023952095856
8,17,"not_(less_than_or_equal(pdiv(x[5],x[5]),add(x[3],x[0])))",True,"greater_than_or_equal(pdiv(x[5],x[5]), add(x[0],x[3]))",0.3413173652694611,14660f9f17f29c43d7bf738e2d617b36,0.3413173652694611,False,0.0
8,17,"less_than_or_equal(sub(pdiv(x[7],x[7]),x[0]),add(x[2],add(x[7],x[0])))",False,,,e04065fd6e8409427429a120f0f9c88f,0.7724550898203593,False,0.0
8,17,"not_(greater_than_or_equal(mul(x[7],x[5]), mul(x[5],x[5])))",True,"greater_than_or_equal(x[5], x[7])",0.3892215568862275,ca29d589a2290a0489371628a6b32bf4,0.3892215568862275,False,0.0
8,17,"greater_than_or_equal(pdiv(pdiv(x[3],x[7]),x[7]), add(mul(x[2],add(x[0],sub(mul(add(x[7],x[0]),add(x[0],x[5])),x[7]))),x[0]))",False,,,41dac04a8b9c9290a91ac6852dd87205,0.3173652694610778,False,0.0
8,17,"greater_than_or_equal(mul(x[5],add(add(pdiv(x[2],x[2]),mul(x[5],sub(sub(pdiv(x[5],x[5]),x[3]),x[7]))),x[3])), x[7])",False,,,fd61ab6c9ffd55a74d824b24ec1e2be4,0.34730538922155685,False,0.0
8,17,"not_(less_than_or_equal(x[5],mul(x[7],add(mul(x[7],add(x[5],x[0])),pdiv(sub(x[7],add(x[0],sub(pdiv(x[5],x[5]),x[5]))),pdiv(x[7],x[2]))))))",False,,,a0309921bc67a0670eb59ed1fae50300,0.34730538922155685,False,0.0
8,17,"greater_than_or_equal(pdiv(x[5],x[5]), add(add(x[5],add(x[5],x[2])),add(x[7],x[0])))",False,,,540ec2ce3991d1fe5704c9ee1882f7d6,0.5868263473053892,False,0.0
8,17,"greater_than_or_equal(pdiv(x[5],x[7]), x[0])",True,"not_(less_than_or_equal(pdiv(x[5],x[0]),x[0]))",0.35928143712574845,5372ceb8b23ce5e1dd3bf5c2fc3a57aa,0.3413173652694611,True,-0.017964071856287345
8,17,"greater_than_or_equal(x[7], add(mul(x[3],x[5]),pdiv(x[3],x[3])))",True,not_(x[6]),0.6347305389221557,b4068ba57b63c959651c969331c4b5cd,0.6407185628742516,True,0.005988023952095856
8,17,"greater_than_or_equal(sub(pdiv(x[5],x[7]),mul(x[7],add(x[0],x[5]))), sub(pdiv(x[5],x[7]),x[0]))",True,"greater_than_or_equal(sub(pdiv(x[0],x[7]),mul(x[0],mul(x[7],pdiv(x[5],x[5])))), add(x[5],x[2]))",0.5209580838323353,cf4001fac02c200e00593502b05291c0,0.5269461077844311,True,0.0059880239520957446
8,17,"greater_than_or_equal(x[5], mul(x[7],add(x[3],x[2])))",True,"not_(greater_than_or_equal(mul(x[7],add(x[3],x[2])), add(x[5],mul(sub(x[5],x[5]),sub(add(08.46,x[3]),add(pdiv(x[5],x[7]),sub(x[7],x[5])))))))",0.31137724550898205,e4f020371c9c4af4bedc99e9207ee51f,0.31137724550898205,False,0.0
8,17,"greater_than_or_equal(pdiv(x[5],x[5]), add(44.39,pdiv(x[5],add(x[5],x[2]))))",True,not_(x[6]),0.6347305389221557,b4068ba57b63c959651c969331c4b5cd,0.6407185628742516,True,0.005988023952095856
8,17,"not_(less_than_or_equal(pdiv(x[5],x[7]),add(add(x[2],add(x[7],x[0])),x[2])))",False,,,c65dc5b3abc480580a761fc65c0f65b3,0.2574850299401198,False,0.0
8,17,"greater_than_or_equal(pdiv(x[5],add(x[2],x[2])), add(x[0],x[7]))",True,"greater_than_or_equal(pdiv(x[5],add(x[2],x[2])), add(x[0],x[7]))",0.27544910179640714,3526b2907ab165c96d34bf1701229136,0.27544910179640714,False,0.0
8,17,"greater_than_or_equal(x[5], mul(x[5],mul(x[7],add(35.90,x[2]))))",True,"less_than_or_equal(mul(mul(x[7],x[7]),74.75),add(x[7],x[7]))",0.6227544910179641,83475aff34f9e2eb2174b5d809ea1882,0.6167664670658682,True,-0.005988023952095856
8,17,"greater_than_or_equal(pdiv(sub(pdiv(add(x[2],x[2]),add(x[2],x[0])),x[7]),sub(add(add(sub(x[7],sub(x[7],x[5])),add(x[2],x[5])),x[7]),sub(x[5],mul(x[5],x[3])))), add(x[2],add(x[7],x[0])))",False,,,7072cdeed175ae78b128536254c5cc99,0.26347305389221554,False,0.0
8,17,"greater_than_or_equal(sub(pdiv(x[7],mul(x[7],x[0])),x[7]), x[5])",False,,,8b6125fffaa3e6c6994a12421ad7e5ad,0.43113772455089816,False,0.0
8,17,"greater_than_or_equal(pdiv(x[5],x[5]), add(add(x[7],x[5]),x[5]))",True,"greater_than_or_equal(pdiv(x[5],x[5]), add(add(x[7],x[5]),mul(x[5],add(x[2],x[3]))))",0.5089820359281437,0b8d0a5a14400c2ffd5cd8de1d582a19,0.5389221556886228,True,0.029940119760479056
8,17,"not_(less_than_or_equal(pdiv(x[2],x[5]),add(add(x[5],x[0]),mul(x[3],x[7]))))",False,,,dd4cc03f3b67f70f1aabb21daef6f667,0.5748502994011976,False,0.0
8,17,"not_(less_than_or_equal(pdiv(x[5],x[5]),add(mul(x[2],pdiv(mul(add(x[7],add(sub(sub(x[5],x[7]),mul(x[7],x[2])),sub(x[0],x[5]))),add(x[7],x[2])),x[5])),mul(x[5],mul(x[7],add(x[7],mul(pdiv(x[3],x[5]),x[5])))))))",False,,,01b977f789be428c6f901376754ed289,0.34730538922155685,False,0.0
8,17,"greater_than_or_equal(sub(add(mul(x[7],add(x[5],x[2])),sub(x[3],mul(x[5],x[7]))),add(x[2],x[7])), x[2])",False,,,24656bfe10757fc225222ebaf9c322e7,0.4730538922155688,False,0.0
8,17,"greater_than_or_equal(pdiv(add(x[0],mul(x[5],x[5])),sub(pdiv(x[5],x[5]),add(x[2],x[3]))), x[3])",True,"greater_than_or_equal(pdiv(add(x[0],mul(x[5],x[5])),sub(pdiv(x[5],x[5]),add(x[2],x[3]))), x[3])",0.29940119760479045,a4cbf62ea4a35e8bbbef4d70c10e7563,0.29940119760479045,False,0.0
8,17,"not_(less_than_or_equal(pdiv(x[5],x[5]),add(x[3],x[2])))",True,"not_(less_than_or_equal(pdiv(x[5],x[5]),add(x[2],x[3])))",0.2694610778443114,8e10ebf505ba211742b7164524309595,0.2694610778443114,False,0.0
8,17,"greater_than_or_equal(x[5], mul(x[7],add(add(sub(x[2],x[7]),add(x[5],x[7])),x[2])))",False,,,884244d505af5ac033875410cbd98fe5,0.22155688622754488,False,0.0
8,17,"greater_than_or_equal(pdiv(pdiv(x[5],x[5]),add(pdiv(x[2],mul(x[0],x[5])),x[5])), add(x[7],mul(mul(x[3],x[7]),add(x[5],x[2]))))",False,,,35b9857841c3ec96407c547bb19c6ac7,0.2574850299401198,False,0.0
8,17,"greater_than_or_equal(pdiv(add(pdiv(x[5],sub(add(add(x[2],x[5]),x[5]),mul(x[2],add(x[5],x[2])))),x[5]),mul(x[7],add(x[7],x[2]))), x[7])",False,,,4b729119de9670a34c05c2b97ee734b4,0.32335329341317365,False,0.0
8,17,"greater_than_or_equal(pdiv(pdiv(x[5],x[5]),add(pdiv(x[2],mul(x[3],95.94)),x[0])), x[2])",True,"not_(less_than_or_equal(pdiv(x[3],x[5]),add(pdiv(x[2],30.95),mul(x[0],x[3]))))",0.34730538922155685,4ac8a53c24397a99907b64c745d162c5,0.3413173652694611,True,-0.0059880239520957446
8,17,"greater_than_or_equal(sub(pdiv(x[5],53.97),sub(add(add(x[2],x[5]),x[5]),mul(x[2],add(x[5],x[2])))), x[5])",True,not_(x[6]),0.6347305389221557,b4068ba57b63c959651c969331c4b5cd,0.6407185628742516,True,0.005988023952095856
8,17,"not_(less_than_or_equal(pdiv(x[5],sub(pdiv(add(x[7],mul(x[7],x[7])),x[7]),x[5])),x[5]))",True,"greater_than_or_equal(x[5], x[7])",0.3892215568862275,ca29d589a2290a0489371628a6b32bf4,0.3892215568862275,False,0.0
8,17,"greater_than_or_equal(sub(pdiv(99.29,mul(x[7],add(x[2],x[7]))),x[2]), add(x[2],x[3]))",True,"less_than_or_equal(x[2],x[2])",0.35928143712574845,bd082d42dcba8056510101f18394b575,0.35928143712574845,False,0.0
8,17,"greater_than_or_equal(x[5], mul(x[5],add(mul(03.99,add(pdiv(x[5],x[2]),x[7])),add(x[7],pdiv(sub(mul(x[5],x[5]),x[5]),x[5])))))",False,,,7aa27d3af5e62581fd78fd160849a0a9,0.6347305389221557,False,0.0
8,17,"greater_than_or_equal(x[5], mul(x[7],add(x[0],add(x[2],x[5]))))",True,"not_(less_than_or_equal(pdiv(x[5],add(add(pdiv(x[5],pdiv(x[2],x[2])),x[2]),x[0])),x[7]))",0.23353293413173648,0642bf057766d8c0e7cf90681e6afb02,0.23353293413173648,False,0.0
8,17,"greater_than_or_equal(pdiv(sub(pdiv(add(97.92,mul(x[7],add(x[7],x[5]))),mul(x[7],add(x[5],x[5]))),x[3]),x[3]), add(x[7],x[5]))",True,"less_than_or_equal(x[2],x[2])",0.35928143712574845,bd082d42dcba8056510101f18394b575,0.3652694610778443,True,0.005988023952095856
8,17,"greater_than_or_equal(x[5], add(x[2],x[2]))",True,"greater_than_or_equal(x[5], add(x[2],x[2]))",0.39520958083832336,ceb136f9325a6c3dff5e71a06e63c76f,0.39520958083832336,False,0.0
8,17,"greater_than_or_equal(x[5], mul(x[7],add(x[5],x[3])))",True,"greater_than_or_equal(x[5], mul(x[7],add(x[5],x[3])))",0.3053892215568862,0947741ceb5018f757b589e69907d867,0.3053892215568862,False,0.0
8,17,"greater_than_or_equal(sub(pdiv(x[5],x[2]),x[7]), x[7])",True,"less_than_or_equal(add(mul(x[7],pdiv(x[5],x[5])),x[7]),pdiv(x[5],x[2]))",0.281437125748503,093a4cacdf796d0d964230b08b8564b3,0.281437125748503,False,0.0
8,17,"not_(less_than_or_equal(pdiv(x[5],x[5]),add(add(x[2],mul(x[0],pdiv(mul(x[5],x[5]),add(pdiv(x[5],x[2]),sub(x[7],pdiv(x[3],pdiv(x[0],x[3]))))))),add(x[7],pdiv(add(x[7],pdiv(x[2],x[2])),mul(x[2],x[5]))))))",True,not_(x[6]),0.6347305389221557,b4068ba57b63c959651c969331c4b5cd,0.6407185628742516,True,0.005988023952095856
8,17,"greater_than_or_equal(sub(pdiv(x[5],x[7]),mul(x[7],sub(x[0],x[5]))), x[7])",False,,,6ce01efcb61f2b3e1968d8954a2c591b,0.3413173652694611,False,0.0
8,17,"greater_than_or_equal(pdiv(x[5],x[3]), 47.42)",True,"not_(not_(less_than_or_equal(91.64,pdiv(x[2],pdiv(x[3],x[0])))))",0.6586826347305389,9f39b412647a2bed42ce034a15293284,0.6586826347305389,False,0.0
8,17,"greater_than_or_equal(pdiv(add(add(x[7],x[0]),x[2]),x[2]), x[2])",True,"less_than_or_equal(x[2],x[2])",0.35928143712574845,bd082d42dcba8056510101f18394b575,0.35928143712574845,False,0.0
8,17,"greater_than_or_equal(sub(x[5],mul(x[7],x[0])), x[2])",False,,,beb3c56267340702370f916b272561da,0.3413173652694611,False,0.0
8,17,"greater_than_or_equal(pdiv(x[5],add(pdiv(add(add(x[2],x[5]),x[7]),x[5]),add(x[2],x[7]))), add(mul(x[3],x[7]),add(x[5],x[2])))",True,not_(x[6]),0.6347305389221557,b4068ba57b63c959651c969331c4b5cd,0.6407185628742516,True,0.005988023952095856
8,17,"greater_than_or_equal(sub(pdiv(x[5],x[7]),mul(x[7],add(x[0],x[5]))), x[2])",False,,,06a5bb1c95ebe2eded0a1bcdff3c1209,0.2574850299401198,False,0.0
8,17,"greater_than_or_equal(x[5], mul(pdiv(x[7],add(sub(x[3],x[7]),add(x[2],x[5]))),mul(x[7],add(x[7],x[2]))))",False,,,fa149cff1d58803cfb94352bc73a3f2c,0.3173652694610778,False,0.0
8,17,"greater_than_or_equal(x[5], sub(x[7],add(x[5],mul(x[7],add(x[5],add(x[2],mul(x[5],x[3])))))))",False,,,3971e24361f2a822025a1bf1128b3620,0.34730538922155685,False,0.0
8,17,"greater_than_or_equal(x[5], x[5])",True,"less_than_or_equal(x[2],x[2])",0.35928143712574845,bd082d42dcba8056510101f18394b575,0.35928143712574845,False,0.0
8,17,"greater_than_or_equal(sub(pdiv(x[2],x[7]),mul(x[7],add(x[0],x[5]))), x[7])",False,,,a34e5be638a494e871fe9fec5ea37a84,0.4011976047904192,False,0.0
8,17,"greater_than_or_equal(sub(pdiv(x[5],pdiv(x[3],pdiv(add(x[5],pdiv(x[7],mul(x[3],pdiv(x[5],mul(x[5],add(add(x[7],x[5]),x[7])))))),x[3]))),x[3]), x[3])",False,,,4ab62f9ecd21c8829782ae9beeb624a6,0.4610778443113772,False,0.0
8,17,"less_than_or_equal(add(add(x[7],x[2]),add(x[2],pdiv(x[2],x[5]))),mul(add(add(x[5],x[2]),x[7]),add(x[7],x[7])))",False,,,fd3e822db3df0259cbd105a1db28c748,0.6407185628742516,False,0.0
8,17,"greater_than_or_equal(x[5], mul(x[5],x[2]))",True,"not_(greater_than_or_equal(mul(x[7],x[2]), x[7]))",0.34730538922155685,f69cf4961d82af0c72c0014d2a401904,0.34730538922155685,False,0.0
8,17,"greater_than_or_equal(x[5], mul(x[7],add(pdiv(x[7],pdiv(mul(x[2],x[5]),x[0])),sub(sub(x[2],x[7]),add(x[2],mul(pdiv(x[7],mul(x[5],x[0])),sub(sub(x[2],x[2]),x[2])))))))",False,,,f44148c54baeb0a14c1356442b7d551e,0.281437125748503,False,0.0
8,17,"greater_than_or_equal(pdiv(x[2],x[5]), add(add(x[7],x[0]),x[2]))",False,,,c90685a6108394c40e28bcc49ed65d89,0.5089820359281437,False,0.0
8,17,"greater_than_or_equal(pdiv(x[5],x[5]), add(sub(x[7],x[0]),x[2]))",True,"less_than_or_equal(x[7],add(x[0],sub(pdiv(x[5],x[5]),x[2])))",0.25149700598802394,010020755dd2fe1d527c341fbb397fbf,0.25149700598802394,False,0.0
8,17,"not_(less_than_or_equal(pdiv(x[5],x[5]),add(x[2],x[0])))",True,"not_(less_than_or_equal(pdiv(x[5],x[5]),add(x[0],x[2])))",0.34730538922155685,c426607f0a92b79fd094d06b3453a190,0.34730538922155685,False,0.0
8,17,"greater_than_or_equal(x[5], mul(x[7],mul(add(pdiv(x[7],x[7]),x[7]),mul(x[5],add(add(x[7],pdiv(add(x[2],x[3]),mul(x[5],x[7]))),add(x[2],x[7]))))))",True,"less_than_or_equal(mul(pdiv(x[2],x[7]),mul(x[3],x[0])),mul(sub(x[0],x[7]),pdiv(x[3],x[0])))",0.6047904191616766,3dcd61327fdb33360e9b03a017985fb9,0.562874251497006,True,-0.041916167664670656
8,17,"greater_than_or_equal(pdiv(x[5],add(x[2],x[5])), x[7])",True,"greater_than_or_equal(x[5], mul(x[7],add(x[5],x[2])))",0.23353293413173648,49521aab13419e9d4582e656c37790ef,0.23353293413173648,False,0.0
8,17,"not_(less_than_or_equal(pdiv(x[5],x[2]),x[5]))",True,"not_(greater_than_or_equal(mul(x[7],x[2]), x[7]))",0.34730538922155685,f69cf4961d82af0c72c0014d2a401904,0.3532934131736527,True,0.005988023952095856
8,17,"greater_than_or_equal(add(add(x[5],mul(09.24,mul(add(x[0],add(x[5],x[2])),add(sub(x[7],sub(x[3],mul(x[5],x[7]))),add(x[2],x[7]))))),x[2]), add(x[2],x[3]))",False,,,90833b206e6bf46be93ac3b1b21ee44c,0.437125748502994,False,0.0
8,17,"greater_than_or_equal(pdiv(x[5],add(pdiv(x[5],x[5]),x[5])), x[3])",False,,,ea83a6832288a191aa87c6a4deaac0ad,0.5688622754491017,False,0.0
8,17,"greater_than_or_equal(x[5], mul(x[2],x[3]))",True,"greater_than_or_equal(add(mul(x[0],x[3]),pdiv(x[5],x[3])), x[2])",0.3293413173652695,f0c5da2fb3fda6018ebf0885b8c1ea67,0.3293413173652695,False,0.0
8,17,"greater_than_or_equal(pdiv(x[5],x[7]), sub(sub(pdiv(mul(x[5],x[7]),add(x[2],x[2])),sub(pdiv(x[5],x[5]),add(x[7],x[2]))),x[0]))",False,,,6dbf4f6f8f1e838ad7615652b52b2038,0.33532934131736525,False,0.0
8,17,"or_(greater_than_or_equal(pdiv(x[5],x[7]), mul(x[7],add(x[5],add(sub(x[5],add(add(x[7],x[0]),x[2])),x[0])))),greater_than_or_equal(x[2], x[3]))",True,"less_than_or_equal(x[2],x[2])",0.35928143712574845,bd082d42dcba8056510101f18394b575,0.35928143712574845,False,0.0
8,17,"not_(less_than_or_equal(pdiv(x[5],29.03),mul(x[5],x[5])))",True,"less_than_or_equal(mul(sub(30.95,x[2]),x[5]),mul(x[7],add(add(add(x[2],x[3]),pdiv(x[0],x[7])),x[2])))",0.6467065868263473,322944f1a81ee73855970d3a0b60a0dd,0.652694610778443,True,0.0059880239520957446
8,17,"not_(less_than_or_equal(pdiv(x[5],x[7]),add(x[5],mul(x[5],add(x[7],x[5])))))",False,,,6050d6d251a5a3431ff62831b7be63a8,0.26347305389221554,False,0.0
8,17,"greater_than_or_equal(x[5], mul(x[7],mul(add(mul(add(x[7],x[2]),x[2]),add(x[7],x[0])),x[2])))",False,,,d7418a72b8ed75eeffcdbf4ca6ad8d38,0.281437125748503,False,0.0
8,17,"greater_than_or_equal(sub(x[7],x[7]), mul(x[5],add(add(x[7],x[0]),x[2])))",True,not_(x[6]),0.6347305389221557,b4068ba57b63c959651c969331c4b5cd,0.6347305389221557,False,0.0
8,17,"greater_than_or_equal(x[5], mul(x[7],mul(add(pdiv(x[7],pdiv(add(mul(x[2],x[5]),x[5]),x[2])),add(x[7],x[0])),x[2])))",False,,,d93fa24783aceeb515761e0439917d48,0.3173652694610778,False,0.0
8,17,"greater_than_or_equal(x[5], mul(x[2],x[5]))",True,"not_(greater_than_or_equal(mul(x[7],x[2]), x[7]))",0.34730538922155685,f69cf4961d82af0c72c0014d2a401904,0.34730538922155685,False,0.0
8,17,"greater_than_or_equal(sub(pdiv(x[5],x[7]),x[0]), mul(sub(pdiv(x[7],add(x[2],x[5])),x[7]),pdiv(mul(x[5],x[5]),add(pdiv(x[5],add(x[3],x[7])),pdiv(89.84,pdiv(add(x[7],pdiv(add(x[7],pdiv(x[2],x[2])),mul(x[2],x[5]))),add(mul(x[0],24.40),x[0])))))))",True,"greater_than_or_equal(add(pdiv(x[3],x[3]),sub(x[5],x[3])), mul(pdiv(x[0],x[5]),mul(x[3],x[3])))",0.3413173652694611,20549abca100b155319252a5e0d92179,0.33532934131736525,True,-0.005988023952095856
8,17,"greater_than_or_equal(sub(pdiv(x[5],x[2]),x[5]), x[5])",True,"greater_than_or_equal(sub(pdiv(x[5],x[2]),x[5]), x[5])",0.2694610778443114,72989f9209d2ae9398572032465ff70a,0.2694610778443114,False,0.0
8,17,"greater_than_or_equal(pdiv(pdiv(x[5],x[5]),add(pdiv(x[2],mul(x[3],mul(x[7],pdiv(x[7],x[5])))),x[5])), x[2])",False,,,c97bc7b56709a3f94240856281e9aa1b,0.46706586826347307,False,0.0
8,17,"greater_than_or_equal(sub(pdiv(x[5],pdiv(x[5],sub(add(add(x[2],x[5]),x[5]),mul(x[2],add(x[5],x[2]))))),x[5]), mul(x[7],add(x[7],x[2])))",False,,,f104c8481bfd5f06a17ad1cead2dfce9,0.22754491017964074,False,0.0
8,17,"not_(less_than_or_equal(pdiv(pdiv(x[5],sub(x[5],x[7])),x[2]),add(add(x[5],x[2]),x[2])))",False,,,e6fa80b6a0d44104bd2e01f706028b1d,0.3772455089820359,False,0.0
8,17,"greater_than_or_equal(sub(pdiv(x[5],x[7]),x[5]), add(x[5],sub(pdiv(pdiv(x[5],x[7]),add(x[2],add(sub(x[5],mul(x[7],add(x[7],x[2]))),x[3]))),x[5])))",False,,,e9bd8c99abb53692b592a569ecb1e713,0.5748502994011976,False,0.0
8,17,"greater_than_or_equal(sub(x[0],x[5]), add(add(x[7],x[7]),x[2]))",True,not_(x[6]),0.6347305389221557,b4068ba57b63c959651c969331c4b5cd,0.6407185628742516,True,0.005988023952095856
8,17,"greater_than_or_equal(mul(pdiv(x[5],x[5]),x[2]), x[2])",True,"less_than_or_equal(x[2],x[2])",0.35928143712574845,bd082d42dcba8056510101f18394b575,0.35928143712574845,False,0.0
8,17,"greater_than_or_equal(x[5], mul(x[7],add(x[2],add(pdiv(mul(mul(mul(x[5],x[0]),sub(sub(x[2],x[2]),x[5])),x[5]),add(x[7],mul(x[7],x[7]))),add(x[0],add(x[5],x[2]))))))",True,"not_(less_than_or_equal(pdiv(x[5],x[7]),add(add(x[2],add(x[7],x[0])),x[2])))",0.2574850299401198,c65dc5b3abc480580a761fc65c0f65b3,0.23353293413173648,True,-0.02395209580838331
8,17,"greater_than_or_equal(x[5], mul(x[5],x[2]))",True,"not_(greater_than_or_equal(mul(x[7],x[2]), x[7]))",0.34730538922155685,f69cf4961d82af0c72c0014d2a401904,0.34730538922155685,False,0.0
8,17,"less_than_or_equal(mul(mul(x[5],add(x[0],x[0])),add(mul(x[5],mul(x[5],add(add(x[7],x[0]),x[2]))),x[0])),add(add(x[2],x[3]),add(x[2],x[5])))",True,"less_than_or_equal(x[0],mul(add(x[3],x[2]),pdiv(x[5],x[5])))",0.37125748502994016,a4b3109094a3eb1d4ea1563e85a80cc4,0.3652694610778443,True,-0.005988023952095856
8,17,"greater_than_or_equal(pdiv(mul(x[5],x[5]),add(x[5],x[2])), mul(x[7],pdiv(mul(x[5],x[5]),x[2])))",False,,,1aa72631d9506d6f773968a7aea65b84,0.45508982035928147,False,0.0
8,17,"greater_than_or_equal(sub(x[7],x[7]), add(x[5],x[7]))",True,not_(x[6]),0.6347305389221557,b4068ba57b63c959651c969331c4b5cd,0.6407185628742516,True,0.005988023952095856
8,17,"less_than_or_equal(mul(add(x[7],x[2]),x[3]),x[5])",True,"not_(less_than_or_equal(pdiv(x[5],x[3]),add(x[2],x[7])))",0.3293413173652695,63f56071f750897f33f7d388cfcbcfbd,0.3293413173652695,False,0.0
8,17,"greater_than_or_equal(add(sub(mul(x[7],x[2]),mul(x[5],x[2])),x[5]), mul(mul(x[5],x[0]),add(sub(x[7],sub(x[5],mul(x[5],x[5]))),mul(x[3],x[2]))))",True,"less_than_or_equal(x[2],x[2])",0.35928143712574845,bd082d42dcba8056510101f18394b575,0.35928143712574845,False,0.0
8,17,"greater_than_or_equal(sub(pdiv(x[5],x[5]),mul(x[5],04.64)), x[3])",False,,,77c102634330e4789efcca9f93e581da,0.6706586826347305,False,0.0
8,17,"not_(less_than_or_equal(pdiv(mul(x[5],add(add(x[5],x[2]),x[5])),mul(x[2],add(x[7],add(pdiv(x[3],x[5]),x[5])))),add(x[2],x[5])))",False,,,1a814aa5badf49d822ab439ee9ad0e8c,0.3293413173652695,False,0.0
8,17,"not_(less_than_or_equal(pdiv(pdiv(x[5],x[7]),add(x[5],x[5])),x[3]))",True,"not_(less_than_or_equal(pdiv(x[5],mul(x[7],add(x[5],x[5]))),x[3]))",0.33532934131736525,ba872fc2f84286a2b5673aa6ac92cbd8,0.33532934131736525,False,0.0
8,17,"and_(less_than_or_equal(x[5],x[7]),less_than_or_equal(sub(x[7],add(pdiv(pdiv(x[5],x[7]),add(x[5],mul(x[5],add(x[2],pdiv(x[3],01.48))))),mul(x[5],x[7]))),add(x[2],x[7])))",True,"greater_than_or_equal(x[7], x[5])",0.6107784431137724,793f9fa4aca1502cfe0a9ed6ab91b83c,0.6107784431137724,False,0.0
8,17,"greater_than_or_equal(x[5], mul(x[2],pdiv(x[7],x[7])))",True,"not_(not_(less_than_or_equal(x[2],x[5])))",0.34730538922155685,4af53f79d9ad2ffac455113b88a02dd4,0.34730538922155685,False,0.0
8,17,"greater_than_or_equal(x[5], mul(x[7],mul(add(x[3],add(pdiv(x[5],x[5]),x[5])),x[3])))",True,"not_(greater_than_or_equal(mul(x[7],add(x[3],x[3])), x[5]))",0.33532934131736525,21dfd395723705053ccbb05cf6fc70b7,0.3173652694610778,True,-0.017964071856287456
8,17,"not_(less_than_or_equal(pdiv(x[5],x[3]),x[2]))",True,"greater_than_or_equal(add(mul(x[0],x[3]),pdiv(x[5],x[3])), x[2])",0.3293413173652695,f0c5da2fb3fda6018ebf0885b8c1ea67,0.3293413173652695,False,0.0
8,17,"greater_than_or_equal(x[5], mul(x[7],add(x[5],x[2])))",True,"greater_than_or_equal(x[5], mul(x[7],add(x[5],x[2])))",0.23353293413173648,49521aab13419e9d4582e656c37790ef,0.23353293413173648,False,0.0
8,17,"not_(less_than_or_equal(sub(x[3],mul(x[5],x[7])),add(x[2],x[7])))",False,,,23af28fd73eecec685206f31c38a26c8,0.4970059880239521,False,0.0
8,17,"not_(greater_than_or_equal(01.48, mul(x[5],x[7])))",True,not_(x[6]),0.6347305389221557,b4068ba57b63c959651c969331c4b5cd,0.6407185628742516,True,0.005988023952095856
8,17,"less_than_or_equal(add(mul(mul(x[7],add(x[3],x[7])),x[2]),x[7]),add(mul(x[3],x[7]),add(x[5],x[2])))",False,,,f3aaf58dad0419952e74954976035e02,0.3413173652694611,False,0.0
8,17,"greater_than_or_equal(pdiv(x[5],x[5]), pdiv(x[5],x[2]))",False,,,6bfcfa4619606afbfb03b09dddb37dde,0.6287425149700598,False,0.0
8,17,"greater_than_or_equal(x[5], mul(x[7],mul(sub(x[7],x[7]),x[3])))",True,"less_than_or_equal(x[2],x[2])",0.35928143712574845,bd082d42dcba8056510101f18394b575,0.35928143712574845,False,0.0
8,17,"not_(less_than_or_equal(pdiv(x[5],x[7]),add(x[5],pdiv(x[7],x[3]))))",False,,,57ec35fd42e7a3678b3ba04d2472e746,0.3053892215568862,False,0.0
8,17,"greater_than_or_equal(add(x[7],pdiv(x[5],x[5])), mul(mul(x[5],x[7]),pdiv(x[7],x[3])))",False,,,f896d6357f719ae261a362c77ae9d219,0.3293413173652695,False,0.0
8,17,"greater_than_or_equal(x[5], mul(x[7],add(mul(x[7],add(x[2],x[5])),add(x[2],x[5]))))",True,"greater_than_or_equal(sub(pdiv(pdiv(x[5],x[7]),add(x[7],x[2])),add(add(x[5],x[2]),x[5])), mul(x[7],add(x[7],x[2])))",0.2694610778443114,0fba72d8c1e546a86109af2a73634272,0.2694610778443114,False,0.0
8,17,"greater_than_or_equal(pdiv(x[5],x[5]), add(x[7],x[5]))",True,"not_(less_than_or_equal(pdiv(x[5],x[5]),add(x[7],x[5])))",0.32335329341317365,e44f6a949f00cb0bf86b1105d7c3453d,0.32335329341317365,False,0.0
8,17,"not_(less_than_or_equal(pdiv(x[5],pdiv(x[5],x[3])),x[5]))",True,"not_(less_than_or_equal(x[3],x[5]))",0.49101796407185627,afe2b4bc33e70a8895f2048551a197b2,0.49101796407185627,False,0.0
8,17,"not_(less_than_or_equal(pdiv(x[5],x[7]),add(x[3],x[5])))",True,"greater_than_or_equal(x[5], mul(x[7],add(x[5],x[3])))",0.3053892215568862,0947741ceb5018f757b589e69907d867,0.3053892215568862,False,0.0
8,17,"not_(greater_than_or_equal(pdiv(x[5],x[2]), x[5]))",True,"greater_than_or_equal(x[2], pdiv(x[5],x[5]))",0.652694610778443,38d04e9716d0d4822bf3dbdceea9aa84,0.652694610778443,False,0.0
8,17,"not_(less_than_or_equal(pdiv(x[5],x[5]),add(pdiv(sub(x[5],add(x[7],x[2])),add(x[5],x[0])),sub(pdiv(x[5],x[5]),x[2]))))",False,,,d4a649c5f3361eee4a2432a8b64e96c5,0.5688622754491017,False,0.0
8,17,"greater_than_or_equal(sub(sub(92.49,x[5]),mul(x[7],add(x[5],x[7]))), pdiv(x[5],mul(x[5],add(x[2],x[2]))))",True,"less_than_or_equal(x[2],x[2])",0.35928143712574845,bd082d42dcba8056510101f18394b575,0.35928143712574845,False,0.0
8,17,"not_(less_than_or_equal(pdiv(39.45,mul(pdiv(mul(x[7],x[7]),04.65),x[5])),x[2]))",True,"less_than_or_equal(x[2],x[2])",0.35928143712574845,bd082d42dcba8056510101f18394b575,0.35928143712574845,False,0.0
8,17,"not_(less_than_or_equal(pdiv(x[5],x[7]),add(mul(x[5],x[7]),x[3])))",False,,,2f3cd3ac9959aee68f8a6aaeeeb22c8e,0.2934131736526946,False,0.0
8,17,"not_(greater_than_or_equal(pdiv(x[5],x[3]), x[3]))",True,"greater_than_or_equal(x[3], add(mul(x[0],x[5]),pdiv(x[5],x[3])))",0.6047904191616766,9e904070342b5c2eadd47a694881e018,0.6047904191616766,False,0.0
8,17,"less_than_or_equal(add(pdiv(x[5],x[3]),mul(x[2],mul(x[5],x[2]))),x[5])",True,not_(x[6]),0.6347305389221557,b4068ba57b63c959651c969331c4b5cd,0.6347305389221557,False,0.0
8,17,"not_(less_than_or_equal(mul(x[3],add(x[5],x[7])),pdiv(x[5],x[5])))",False,,,ec9a214b1ed8556f0ed7e3693e4f6a7c,0.6467065868263473,False,0.0
8,17,"greater_than_or_equal(pdiv(x[5],mul(x[7],add(x[5],mul(x[7],mul(x[7],add(x[2],x[5])))))), x[7])",False,,,b913ff8c0ecbd5648bed4bf668d68eee,0.2574850299401198,False,0.0
8,17,"less_than_or_equal(add(mul(x[7],pdiv(x[5],x[5])),x[2]),x[5])",True,"greater_than_or_equal(x[5], mul(x[7],add(x[2],pdiv(x[5],x[5]))))",0.33532934131736525,bb5c1caa2e30ec7ef07b22f884640315,0.3892215568862275,True,0.053892215568862256
8,17,"less_than_or_equal(x[0],mul(mul(x[0],add(mul(03.99,add(pdiv(93.98,mul(x[7],pdiv(x[5],00.99))),mul(x[5],add(x[2],pdiv(pdiv(pdiv(01.48,mul(x[5],x[7])),add(x[2],x[7])),x[2]))))),add(x[2],x[3]))),add(pdiv(x[3],pdiv(x[7],add(x[2],x[7]))),pdiv(x[3],x[7]))))",True,"greater_than_or_equal(96.14, mul(pdiv(x[0],x[3]),sub(mul(x[3],x[7]),sub(x[7],x[5]))))",0.33532934131736525,4ede27660e6f519d294db0f75337c522,0.33532934131736525,False,0.0
8,17,"greater_than_or_equal(sub(pdiv(x[5],x[7]),mul(mul(x[5],mul(x[7],add(pdiv(sub(add(x[2],sub(add(x[2],x[5]),mul(x[7],add(x[7],x[2])))),x[3]),x[5]),x[5]))),add(x[2],x[5]))), x[5])",False,,,0de155d30facfe895af166a7056ca748,0.23353293413173648,False,0.0
8,17,"less_than_or_equal(sub(pdiv(x[5],x[3]),x[2]),x[2])",False,,,d796c46fa9d2a5e3e07e806da81cfbb7,0.6467065868263473,False,0.0
8,17,"greater_than_or_equal(sub(pdiv(x[5],x[7]),mul(x[7],add(x[0],44.57))), x[3])",True,"greater_than_or_equal(x[5], mul(x[7],mul(add(sub(x[7],x[7]),x[7]),add(sub(67.44,x[0]),sub(pdiv(x[5],x[7]),x[3])))))",0.5748502994011976,f9fd89441ea09e8222bb716d0d846afc,0.5568862275449102,True,-0.017964071856287345
8,17,"less_than_or_equal(add(mul(x[7],pdiv(x[5],x[5])),x[2]),add(sub(x[7],x[7]),pdiv(69.44,sub(x[3],x[3]))))",True,"less_than_or_equal(add(mul(x[7],pdiv(x[5],x[5])),x[2]),add(sub(x[7],x[7]),pdiv(69.44,sub(x[3],x[3]))))",0.19161676646706582,14c6e007ad625f3839f568e9ee8a86e1,0.1428571428571429,True,-0.04875962360992292
8,18,"greater_than_or_equal(x[5], mul(x[7],add(mul(x[7],add(x[2],x[5])),add(x[3],x[5]))))",False,,,28c31cb532f54c01e34c05f8240b46f4,0.28742514970059885,False,0.0
8,18,"greater_than_or_equal(add(x[5],add(x[2],x[5])), mul(x[7],add(x[7],x[2])))",False,,,9c098afe882bc3063a9729133458a2a1,0.3413173652694611,False,0.0
8,18,"greater_than_or_equal(x[2], x[5])",True,"less_than_or_equal(x[5],x[2])",0.652694610778443,6fb17002302e404122653cf2c68db553,0.652694610778443,False,0.0
8,18,"greater_than_or_equal(x[5], x[3])",True,"less_than_or_equal(mul(sub(x[7],x[0]),pdiv(x[7],25.93)),pdiv(x[7],sub(mul(x[3],x[5]),mul(x[3],x[3]))))",0.5089820359281437,8ad7ccd0e2bcf51cfea619f1321f2792,0.5089820359281437,False,0.0
8,18,"greater_than_or_equal(pdiv(x[5],x[5]), add(x[7],92.04))",True,not_(x[6]),0.6347305389221557,b4068ba57b63c959651c969331c4b5cd,0.6407185628742516,True,0.005988023952095856
8,18,"greater_than_or_equal(sub(pdiv(x[2],x[0]),sub(x[5],x[0])), x[2])",False,,,092cb974bf01cb3897d7f6815e02a1dd,0.3652694610778443,False,0.0
8,18,"greater_than_or_equal(sub(pdiv(x[5],x[7]),mul(x[2],mul(x[7],add(sub(x[5],x[7]),x[7])))), mul(x[5],pdiv(x[2],x[5])))",False,,,5411d427317b1d6d526069dde0c7a9d7,0.29940119760479045,False,0.0
8,18,"greater_than_or_equal(x[5], pdiv(sub(x[7],x[7]),add(x[2],add(x[7],x[0]))))",True,"less_than_or_equal(x[2],x[2])",0.35928143712574845,bd082d42dcba8056510101f18394b575,0.35928143712574845,False,0.0
8,18,"not_(less_than_or_equal(pdiv(x[5],x[7]),mul(add(x[5],add(x[3],x[7])),mul(x[7],add(x[5],x[7])))))",False,,,565b60e8ea058b39e5bc6be0d3d25800,0.22155688622754488,False,0.0
8,18,"greater_than_or_equal(x[7], x[0])",True,"and_(less_than_or_equal(pdiv(x[0],x[0]),pdiv(x[7],x[7])),greater_than_or_equal(sub(x[2],x[2]), sub(x[0],x[7])))",0.45508982035928147,0c866f95d3c400cff6c51bdae200239a,0.45508982035928147,False,0.0
8,18,"greater_than_or_equal(38.34, x[7])",True,"less_than_or_equal(x[2],x[2])",0.35928143712574845,bd082d42dcba8056510101f18394b575,0.35928143712574845,False,0.0
8,18,"greater_than_or_equal(add(mul(x[7],pdiv(x[3],mul(add(x[7],x[5]),x[5]))),x[2]), add(sub(x[7],x[7]),pdiv(x[5],x[5])))",False,,,37c0d8b27f925e16fbe59682ebee2793,0.6586826347305389,False,0.0
8,18,"greater_than_or_equal(x[5], mul(add(x[5],x[7]),add(sub(x[7],x[7]),pdiv(63.44,x[7]))))",True,not_(x[6]),0.6347305389221557,b4068ba57b63c959651c969331c4b5cd,0.6407185628742516,True,0.005988023952095856
8,18,"not_(less_than_or_equal(x[5],mul(x[5],add(x[0],x[5]))))",True,"not_(less_than_or_equal(pdiv(x[5],x[5]),add(x[5],x[0])))",0.3053892215568862,00c19a3fd72854100569949b11521f0b,0.31137724550898205,True,0.005988023952095856
8,18,"not_(greater_than_or_equal(mul(x[5],x[3]), x[3]))",True,"not_(less_than_or_equal(pdiv(x[5],x[5]),x[5]))",0.31137724550898205,774eb80249c37c32f486ae194a31e639,0.3173652694610778,True,0.0059880239520957446
8,18,"not_(less_than_or_equal(pdiv(x[5],x[5]),add(x[5],x[2])))",True,"not_(less_than_or_equal(pdiv(x[5],x[5]),add(x[5],x[2])))",0.2455089820359282,5825d6d8d32996f2f81bb41cc0bfa92f,0.2455089820359282,False,0.0
8,18,"not_(less_than_or_equal(pdiv(x[5],x[5]),add(x[5],x[2])))",True,"not_(less_than_or_equal(pdiv(x[5],x[5]),add(x[5],x[2])))",0.2455089820359282,5825d6d8d32996f2f81bb41cc0bfa92f,0.2455089820359282,False,0.0
8,18,"greater_than_or_equal(pdiv(x[5],x[5]), add(x[5],x[2]))",True,"not_(less_than_or_equal(pdiv(x[5],x[5]),add(x[5],x[2])))",0.2455089820359282,5825d6d8d32996f2f81bb41cc0bfa92f,0.2455089820359282,False,0.0
8,18,"greater_than_or_equal(x[5], mul(x[7],add(x[5],x[7])))",True,"greater_than_or_equal(x[5], mul(x[7],add(x[7],x[5])))",0.22754491017964074,051dec5cdded21754165aaf5f887a47e,0.22754491017964074,False,0.0
8,18,"less_than_or_equal(add(mul(x[7],pdiv(x[2],pdiv(x[5],add(x[2],x[0])))),x[7]),x[7])",True,"greater_than_or_equal(pdiv(mul(x[5],x[2]),pdiv(x[2],x[5])), add(sub(x[7],x[7]),add(x[5],x[0])))",0.6107784431137724,ec48eb4aba9f475884bcf9e8f28adadc,0.6167664670658682,True,0.005988023952095856
8,18,"greater_than_or_equal(sub(pdiv(x[0],x[7]),add(x[7],add(x[5],x[2]))), add(sub(x[7],x[7]),pdiv(60.44,sub(x[3],71.65))))",False,,,11681bb6c8989ea48ede3ccc38149156,0.43113772455089816,False,0.0
8,18,"greater_than_or_equal(pdiv(x[0],mul(mul(mul(add(x[5],x[7]),pdiv(x[5],x[7])),add(x[2],x[7])),add(pdiv(pdiv(x[5],x[7]),add(x[5],mul(x[5],add(x[2],pdiv(x[3],01.48))))),mul(x[5],x[7])))), add(x[2],x[7]))",True,"less_than_or_equal(x[5],x[0])",0.6227544910179641,2aedc6e15176de9ec0c909a1a3b35796,0.6407185628742516,True,0.017964071856287456
8,18,"not_(less_than_or_equal(pdiv(x[5],add(x[2],x[5])),x[5]))",True,"not_(less_than_or_equal(pdiv(x[5],x[5]),add(x[5],x[2])))",0.2455089820359282,5825d6d8d32996f2f81bb41cc0bfa92f,0.25149700598802394,True,0.0059880239520957446
8,18,"greater_than_or_equal(x[5], mul(x[7],add(mul(19.79,mul(x[0],add(x[7],x[2]))),x[5])))",False,,,65ff5aed935f540e0e4d08692b2677ec,0.3053892215568862,False,0.0
8,18,"not_(less_than_or_equal(pdiv(pdiv(x[5],x[7]),add(x[7],x[5])),add(add(x[5],x[2]),x[5])))",False,,,2f76ddd02870dc39aae095f709876fbf,0.27544910179640714,False,0.0
8,18,"greater_than_or_equal(x[5], mul(add(mul(x[7],add(x[7],x[2])),x[3]),x[5]))",True,"greater_than_or_equal(sub(pdiv(x[5],x[5]),mul(x[7],add(x[7],x[2]))), x[3])",0.23952095808383234,28ec52dd7333cc1c240b9eacee8d6909,0.23952095808383234,False,0.0
8,18,"greater_than_or_equal(x[5], mul(x[5],mul(x[7],add(add(x[2],add(pdiv(x[3],x[2]),mul(x[5],sub(sub(pdiv(x[5],x[7]),x[3]),x[7])))),x[3]))))",False,,,8483bd4da7327fb20ed71591fc492369,0.41916167664670656,False,0.0
8,18,"not_(less_than_or_equal(pdiv(x[5],x[7]),add(mul(x[7],add(sub(mul(x[0],sub(pdiv(x[7],add(x[0],sub(pdiv(x[2],x[5]),x[0]))),x[7])),x[3]),mul(x[7],add(x[0],add(x[5],x[2]))))),add(sub(x[7],sub(x[3],mul(x[5],x[7]))),add(x[2],x[7])))))",False,,,f4b4737fdad655d81bd12b47c0ae4e52,0.2455089820359282,False,0.0
8,18,"greater_than_or_equal(x[5], mul(x[7],add(x[2],pdiv(pdiv(mul(x[5],x[5]),add(x[3],x[7])),x[5]))))",True,"greater_than_or_equal(x[5], mul(x[7],add(x[2],pdiv(pdiv(mul(x[5],x[5]),add(x[3],x[7])),x[5]))))",0.2574850299401198,0622edf844598a026ba8df456b8d1014,0.2574850299401198,False,0.0
8,18,"greater_than_or_equal(x[5], mul(x[7],add(mul(x[5],add(mul(x[7],mul(x[5],x[5])),x[3])),x[5])))",False,,,8c7499abcc85b0cd77ee6adb32b1131d,0.23952095808383234,False,0.0
8,18,"greater_than_or_equal(x[5], mul(x[5],mul(x[7],add(add(x[0],x[7]),x[3]))))",True,"greater_than_or_equal(x[5], mul(x[5],mul(x[7],add(x[7],add(x[3],x[0])))))",0.28742514970059885,4cb9e1e84c961d96ca8fc2362380b896,0.28742514970059885,False,0.0
8,18,"greater_than_or_equal(pdiv(x[5],mul(x[7],add(x[5],mul(x[2],x[5])))), x[5])",False,,,914b280a5f068fd40176c117026bcd7b,0.31137724550898205,False,0.0
8,18,"greater_than_or_equal(pdiv(x[5],x[5]), add(x[5],add(pdiv(sub(x[2],x[5]),mul(x[5],mul(x[7],add(x[7],mul(pdiv(x[3],x[5]),x[5]))))),add(x[2],x[5]))))",False,,,620f0e5229d0ee6aeaae82eebfb0406b,0.23952095808383234,False,0.0
8,18,"greater_than_or_equal(x[5], mul(x[2],x[5]))",True,"not_(greater_than_or_equal(mul(x[7],x[2]), x[7]))",0.34730538922155685,f69cf4961d82af0c72c0014d2a401904,0.34730538922155685,False,0.0
8,18,"greater_than_or_equal(x[5], mul(x[7],mul(add(mul(add(x[7],x[2]),x[2]),pdiv(x[7],x[0])),x[2])))",False,,,1b75c9a1a341997d822ef131003e741f,0.25149700598802394,False,0.0
8,18,"greater_than_or_equal(sub(add(x[5],x[2]),x[5]), x[5])",True,"less_than_or_equal(x[5],x[2])",0.652694610778443,6fb17002302e404122653cf2c68db553,0.652694610778443,False,0.0
8,18,"greater_than_or_equal(x[5], mul(x[2],sub(pdiv(x[5],x[7]),x[2])))",False,,,44ac51793f548ab2b785abb2f631b12d,0.4970059880239521,False,0.0
8,18,"less_than_or_equal(add(mul(x[7],pdiv(x[5],x[7])),pdiv(x[5],x[2])),x[5])",True,not_(x[6]),0.6347305389221557,b4068ba57b63c959651c969331c4b5cd,0.6347305389221557,False,0.0
8,18,x[6],True,x[6],0.3652694610778443,ff9750a95f856aee791afc16a7ee79d4,0.3652694610778443,False,0.0
8,18,"greater_than_or_equal(add(add(x[5],x[2]),x[5]), mul(mul(x[7],pdiv(x[5],x[5])),x[7]))",True,"less_than_or_equal(mul(sub(x[7],x[5]),x[7]),mul(add(sub(x[7],x[7]),pdiv(x[5],x[5])),add(x[5],x[2])))",0.3413173652694611,f75501d062c6cdbd131b44b427f8d504,0.3413173652694611,False,0.0
8,18,"greater_than_or_equal(x[5], mul(x[5],mul(x[7],add(sub(sub(sub(x[3],x[5]),x[5]),x[2]),add(sub(x[7],sub(x[5],mul(x[5],x[5]))),add(x[5],x[2]))))))",False,,,2160066b40ce3c2741bb6618d4344dec,0.34730538922155685,False,0.0
8,18,"greater_than_or_equal(x[5], mul(x[7],add(49.14,add(x[5],add(sub(x[7],sub(sub(x[5],x[7]),add(x[2],x[7]))),x[7])))))",True,not_(x[6]),0.6347305389221557,b4068ba57b63c959651c969331c4b5cd,0.6347305389221557,False,0.0
8,18,"not_(less_than_or_equal(pdiv(pdiv(x[5],x[5]),add(sub(x[3],mul(pdiv(add(x[5],x[7]),x[2]),add(x[2],x[3]))),add(pdiv(x[3],pdiv(x[7],add(x[2],x[7]))),pdiv(x[3],x[7])))),x[3]))",False,,,cf23f9725affa7f44019d64b5392ee65,0.5568862275449102,False,0.0
8,18,"greater_than_or_equal(x[5], mul(x[7],add(add(sub(x[2],x[7]),mul(x[7],add(x[5],x[7]))),x[2])))",False,,,9edd97d0d6306f38adaa098601b06b0a,0.2455089820359282,False,0.0
8,18,"greater_than_or_equal(pdiv(pdiv(x[5],x[5]),add(pdiv(x[2],mul(x[3],add(pdiv(x[5],x[3]),add(x[2],x[5])))),x[5])), mul(x[2],add(x[5],x[2])))",False,,,506a77e77e84addefa63ae3ae5056975,0.3053892215568862,False,0.0
8,18,"greater_than_or_equal(pdiv(x[5],x[5]), add(x[5],mul(x[0],mul(x[0],add(x[7],x[7])))))",False,,,0a887f7fa0b42041fa191687efc984bd,0.3173652694610778,False,0.0
8,18,"greater_than_or_equal(pdiv(x[5],mul(add(add(x[5],x[2]),x[7]),mul(mul(add(x[7],add(x[3],x[0])),add(x[7],x[7])),add(sub(sub(x[2],x[5]),sub(x[2],x[2])),x[0])))), x[7])",False,,,262ed880d0fb67d30c4be815d12b45a3,0.5688622754491017,False,0.0
8,18,"greater_than_or_equal(pdiv(x[5],x[5]), pdiv(add(x[7],x[0]),x[7]))",True,"less_than_or_equal(mul(add(x[0],x[0]),add(x[2],x[5])),sub(add(x[2],x[3]),add(x[3],x[2])))",0.3892215568862275,c9704e311ac7e289734d4b5a1bdc086f,0.3892215568862275,False,0.0
8,18,"greater_than_or_equal(x[5], add(x[7],x[2]))",True,"greater_than_or_equal(x[5], mul(x[7],add(x[2],pdiv(x[5],x[5]))))",0.33532934131736525,bb5c1caa2e30ec7ef07b22f884640315,0.3892215568862275,True,0.053892215568862256
8,18,"not_(less_than_or_equal(pdiv(x[5],x[5]),mul(x[7],add(x[5],x[5]))))",True,"not_(less_than_or_equal(pdiv(x[5],x[5]),mul(x[7],add(x[5],x[5]))))",0.2574850299401198,60772b7c6d008dbac48c1b7022ba9e21,0.2574850299401198,False,0.0
8,18,"greater_than_or_equal(x[5], x[3])",True,"less_than_or_equal(mul(sub(x[7],x[0]),pdiv(x[7],25.93)),pdiv(x[7],sub(mul(x[3],x[5]),mul(x[3],x[3]))))",0.5089820359281437,8ad7ccd0e2bcf51cfea619f1321f2792,0.5089820359281437,False,0.0
8,18,"not_(less_than_or_equal(pdiv(x[5],pdiv(sub(x[7],x[7]),add(x[5],add(x[3],x[7])))),mul(x[7],add(x[5],x[7]))))",True,"greater_than_or_equal(x[5], mul(x[5],mul(x[7],add(x[7],x[5]))))",0.28742514970059885,8155bcd3baa6acad2e4a23bec2295214,0.28742514970059885,False,0.0
8,18,"greater_than_or_equal(x[5], mul(pdiv(x[2],mul(x[7],x[0])),x[2]))",False,,,e9c362ba733fcb940bd34e4b1b6da712,0.38323353293413176,False,0.0
8,18,"greater_than_or_equal(pdiv(x[5],sub(x[5],mul(x[7],add(mul(x[3],add(mul(x[7],add(add(x[0],x[7]),pdiv(pdiv(mul(x[3],add(x[2],x[7])),mul(pdiv(pdiv(x[5],x[5]),x[5]),x[2])),mul(sub(x[7],add(pdiv(pdiv(sub(x[2],pdiv(sub(x[2],sub(pdiv(x[5],x[2]),x[5])),x[5])),mul(add(add(x[5],x[2]),x[7]),mul(x[7],x[7]))),add(79.83,x[5])),x[5])),add(x[2],x[3]))))),add(x[5],x[0]))),pdiv(pdiv(add(x[5],x[0]),sub(pdiv(x[5],x[5]),x[2])),add(pdiv(x[5],x[2]),mul(x[2],x[5]))))))), add(mul(x[0],24.40),x[0]))",False,,,2bf95a82cbf8161ee49c693986f9dac1,0.38323353293413176,False,0.0
8,18,"greater_than_or_equal(mul(x[7],x[3]), x[5])",True,"greater_than_or_equal(x[7], pdiv(x[5],x[3]))",0.6586826347305389,c4d62ee0d9ef954add009e50887aed2e,0.6586826347305389,False,0.0
8,18,"less_than_or_equal(mul(pdiv(pdiv(pdiv(x[5],x[5]),add(x[7],x[5])),add(x[2],x[5])),x[5]),add(x[7],x[2]))",False,,,a110ad962968ab5003a79d52c46ecef8,0.7305389221556886,False,0.0
8,18,"greater_than_or_equal(x[5], sub(x[7],add(x[0],add(x[2],x[5]))))",True,"less_than_or_equal(pdiv(sub(x[3],x[5]),pdiv(x[3],x[7])),pdiv(mul(x[2],x[2]),mul(x[2],x[7])))",0.35928143712574845,3eba99e58e85586bfc30d112b22229f7,0.3532934131736527,True,-0.0059880239520957446
8,18,"not_(less_than_or_equal(x[7],x[7]))",True,not_(x[6]),0.6347305389221557,b4068ba57b63c959651c969331c4b5cd,0.6407185628742516,True,0.005988023952095856
8,18,"greater_than_or_equal(x[5], pdiv(x[7],mul(mul(pdiv(x[5],mul(x[5],add(x[2],x[7]))),x[2]),x[5])))",True,"greater_than_or_equal(mul(x[2],x[5]), mul(x[7],add(x[7],x[2])))",0.4850299401197605,0a25eb3edf4c09d1e9859a9e9f538e33,0.5389221556886228,True,0.053892215568862256
8,18,"greater_than_or_equal(pdiv(x[5],mul(x[7],pdiv(x[2],add(x[7],x[0])))), x[2])",True,"less_than_or_equal(sub(mul(x[2],x[7]),mul(x[0],x[7])),pdiv(mul(x[7],x[5]),add(x[3],x[0])))",0.33532934131736525,3196da2bdbd782d607c6576ee8113934,0.3413173652694611,True,0.005988023952095856
8,18,"greater_than_or_equal(mul(add(mul(x[5],add(x[5],x[3])),sub(x[7],sub(x[3],mul(x[5],x[5])))),add(x[5],x[5])), mul(x[7],pdiv(mul(x[0],x[2]),x[7])))",False,,,5309545d0031e158484f64a443c0be37,0.437125748502994,False,0.0
8,18,"greater_than_or_equal(x[5], mul(x[7],add(add(sub(x[3],x[7]),add(x[5],x[2])),mul(x[5],x[0]))))",False,,,ee0756996b465b62277a628bf13b326f,0.27544910179640714,False,0.0
8,18,"not_(less_than_or_equal(pdiv(x[5],x[0]),x[5]))",True,"less_than_or_equal(x[2],x[2])",0.35928143712574845,bd082d42dcba8056510101f18394b575,0.3652694610778443,True,0.005988023952095856
8,18,"not_(less_than_or_equal(pdiv(45.04,pdiv(x[3],sub(add(x[2],x[7]),add(pdiv(pdiv(x[5],x[7]),add(x[5],mul(x[5],add(x[2],pdiv(x[3],01.48))))),mul(x[5],x[7]))))),add(x[2],x[7])))",False,,,807df4d2ed0f5b3c81754a12c29977e9,0.7245508982035929,False,0.0
8,18,"greater_than_or_equal(pdiv(x[5],add(x[2],pdiv(add(sub(x[2],x[5]),x[5]),x[5]))), x[7])",False,,,5c420b5bccd4de5cee4c8f0bc3f96434,0.31137724550898205,False,0.0
8,18,"greater_than_or_equal(pdiv(x[5],mul(x[7],add(sub(pdiv(x[5],x[2]),x[5]),x[5]))), mul(add(pdiv(x[5],x[2]),x[2]),mul(x[7],x[7])))",False,,,028173b93c7bee429f1c951553fe6727,0.37125748502994016,False,0.0
8,18,"less_than_or_equal(add(mul(x[7],pdiv(x[7],x[0])),sub(sub(x[2],x[2]),x[2])),add(pdiv(mul(x[5],x[5]),pdiv(x[3],x[7])),x[2]))",False,,,32bf86f46f6fe76ec19ef46c5c23ca85,0.3772455089820359,False,0.0
8,18,"greater_than_or_equal(x[5], mul(x[7],add(pdiv(x[7],pdiv(mul(x[2],x[5]),x[0])),sub(sub(x[2],x[7]),add(x[2],mul(pdiv(x[7],mul(x[2],x[5])),x[2]))))))",False,,,084a2bb8676a7ff8030d9c1672fb3b4a,0.35928143712574845,False,0.0
8,18,"greater_than_or_equal(pdiv(x[5],mul(pdiv(x[7],x[5]),add(x[5],x[2]))), x[5])",True,"greater_than_or_equal(x[5], mul(x[7],add(x[5],x[2])))",0.23353293413173648,49521aab13419e9d4582e656c37790ef,0.22754491017964074,True,-0.0059880239520957446
8,18,"less_than_or_equal(mul(add(x[5],x[7]),pdiv(x[5],x[5])),x[5])",True,not_(x[6]),0.6347305389221557,b4068ba57b63c959651c969331c4b5cd,0.6407185628742516,True,0.005988023952095856
8,18,"not_(less_than_or_equal(pdiv(x[5],x[5]),add(x[5],95.24)))",True,not_(x[6]),0.6347305389221557,b4068ba57b63c959651c969331c4b5cd,0.6407185628742516,True,0.005988023952095856
8,18,"greater_than_or_equal(add(mul(x[5],x[3]),x[3]), x[5])",False,,,6b233655c0a69f535e16e8a83205e666,0.43113772455089816,False,0.0
8,18,"greater_than_or_equal(x[5], mul(x[7],add(x[5],x[5])))",True,"greater_than_or_equal(x[5], mul(x[7],add(x[5],x[5])))",0.2455089820359282,9545aae94dd0fcb8b281ddfedf2da4e6,0.2455089820359282,False,0.0
8,18,"not_(less_than_or_equal(pdiv(x[5],x[5]),add(x[2],add(sub(x[3],mul(x[5],x[7])),add(x[2],x[7])))))",False,,,015ace4debb7634d9009f01fc251bd69,0.3772455089820359,False,0.0
8,18,"greater_than_or_equal(pdiv(x[5],x[5]), add(x[2],add(x[3],x[2])))",True,"not_(less_than_or_equal(pdiv(x[5],x[5]),add(x[2],add(x[2],x[3]))))",0.33532934131736525,8d48a8a308367a4669f562077e530f0e,0.33532934131736525,False,0.0
8,18,"not_(less_than_or_equal(mul(x[5],mul(x[5],x[0])),sub(x[2],x[2])))",True,"less_than_or_equal(mul(mul(x[3],x[3]),pdiv(x[7],sub(37.93,add(x[5],x[2])))),mul(x[0],x[0]))",0.6047904191616766,2b99e7e9b25541f2348cdeee1f65dbda,0.6107784431137724,True,0.0059880239520957446
8,18,"less_than_or_equal(add(add(x[7],x[5]),x[3]),x[3])",True,not_(x[6]),0.6347305389221557,b4068ba57b63c959651c969331c4b5cd,0.6407185628742516,True,0.005988023952095856
8,18,"greater_than_or_equal(x[5], mul(mul(mul(mul(x[7],pdiv(x[5],pdiv(sub(x[2],add(sub(x[7],x[7]),pdiv(69.44,sub(x[3],x[3])))),x[5]))),x[3]),mul(sub(x[2],sub(x[3],mul(x[5],04.19))),sub(x[2],add(x[2],x[3])))),add(pdiv(x[3],pdiv(x[7],add(x[2],x[7]))),pdiv(x[3],x[7]))))",False,,,f9b66da2b5c822c3492a0729246ea1f5,0.3173652694610778,False,0.0
8,18,"greater_than_or_equal(pdiv(sub(mul(mul(x[7],add(x[5],x[7])),pdiv(x[5],x[5])),x[5]),x[2]), add(sub(x[7],x[7]),pdiv(x[5],x[5])))",False,,,b964544c087b1d0912ad0e385a7b20c9,0.6586826347305389,False,0.0
8,18,"greater_than_or_equal(pdiv(x[5],x[5]), add(sub(x[2],add(x[0],x[7])),pdiv(x[7],x[2])))",False,,,9998b360d73630c0a77ed5975e26eba6,0.5149700598802396,False,0.0
8,18,"greater_than_or_equal(pdiv(x[5],add(x[3],add(x[7],add(x[5],x[0])))), pdiv(pdiv(add(x[5],mul(x[7],pdiv(x[5],x[5]))),x[2]),add(pdiv(x[5],x[2]),mul(x[2],x[5]))))",True,not_(x[6]),0.6347305389221557,b4068ba57b63c959651c969331c4b5cd,0.6407185628742516,True,0.005988023952095856
8,18,"greater_than_or_equal(x[5], mul(x[7],add(x[5],sub(x[5],mul(x[5],add(add(x[7],x[0]),x[2]))))))",True,"less_than_or_equal(x[2],x[2])",0.35928143712574845,bd082d42dcba8056510101f18394b575,0.35928143712574845,False,0.0
8,18,"greater_than_or_equal(x[5], mul(pdiv(x[5],x[2]),add(pdiv(mul(x[5],x[5]),x[0]),sub(sub(x[7],x[2]),mul(x[5],x[2])))))",False,,,a0359f8c872dbb848138edfda60aca67,0.6467065868263473,False,0.0
8,18,"greater_than_or_equal(x[5], mul(x[7],mul(mul(x[5],add(x[2],x[3])),mul(x[5],x[7]))))",True,"less_than_or_equal(sub(mul(add(x[2],x[5]),x[5]),x[5]),x[2])",0.34730538922155685,e607945e92f68a81dbf4ef62a3cc8fc9,0.35928143712574845,True,0.0119760479041916
8,18,"greater_than_or_equal(x[5], x[5])",True,"less_than_or_equal(x[2],x[2])",0.35928143712574845,bd082d42dcba8056510101f18394b575,0.35928143712574845,False,0.0
8,18,"greater_than_or_equal(pdiv(x[5],mul(x[7],add(x[7],add(pdiv(sub(add(x[2],sub(add(x[2],x[7]),mul(x[7],add(x[7],x[2])))),x[3]),x[5]),x[5])))), add(x[2],x[5]))",False,,,973539c60ce9c400ee51e81517290dd9,0.2694610778443114,False,0.0
8,18,"and_(greater_than_or_equal(pdiv(x[5],x[7]), mul(mul(x[5],mul(x[5],mul(x[7],mul(x[7],add(x[2],x[5]))))),x[7])),greater_than_or_equal(x[3], x[5]))",False,,,d89ed48e56c7d6f5843979d7fa06cf60,0.5089820359281437,False,0.0
8,18,"greater_than_or_equal(pdiv(x[5],add(pdiv(add(add(x[7],x[0]),add(pdiv(pdiv(x[5],x[5]),pdiv(x[5],x[2])),add(x[7],x[0]))),x[2]),x[0])), add(add(x[2],x[3]),add(x[2],x[5])))",True,not_(x[6]),0.6347305389221557,b4068ba57b63c959651c969331c4b5cd,0.6407185628742516,True,0.005988023952095856
8,18,"greater_than_or_equal(x[5], mul(x[7],mul(pdiv(pdiv(add(x[7],x[2]),x[5]),mul(x[5],mul(x[7],add(x[7],mul(pdiv(x[3],x[5]),x[5]))))),add(x[2],x[5]))))",False,,,6d84e842efcef1dc181182ac63fc4bd6,0.5808383233532934,False,0.0
8,18,"less_than_or_equal(mul(mul(x[5],add(x[0],x[5])),add(mul(x[5],x[5]),x[5])),add(x[5],mul(mul(x[7],add(x[7],x[5])),x[3])))",True,"less_than_or_equal(mul(mul(x[5],add(x[0],x[5])),add(mul(x[5],x[5]),x[5])),add(x[5],mul(mul(x[7],add(x[7],x[5])),x[3])))",0.3413173652694611,55dbc210dec834724d19adbf51b78a61,0.3413173652694611,False,0.0
8,18,"not_(less_than_or_equal(pdiv(x[5],x[5]),add(x[7],add(x[5],42.44))))",True,not_(x[6]),0.6347305389221557,b4068ba57b63c959651c969331c4b5cd,0.6407185628742516,True,0.005988023952095856
8,18,"greater_than_or_equal(pdiv(x[5],mul(x[2],x[3])), add(x[5],x[0]))",True,"not_(less_than_or_equal(pdiv(x[5],x[0]),x[0]))",0.35928143712574845,5372ceb8b23ce5e1dd3bf5c2fc3a57aa,0.34730538922155685,True,-0.0119760479041916
8,18,"greater_than_or_equal(pdiv(x[5],mul(x[7],add(x[5],add(x[2],x[3])))), x[5])",False,,,58da7749ad971c50469a0adc34fe5fa7,0.23952095808383234,False,0.0
8,18,"greater_than_or_equal(x[5], mul(add(mul(add(x[5],x[7]),mul(x[2],add(add(x[5],x[2]),x[5]))),sub(x[7],add(x[5],x[7]))),pdiv(x[7],add(x[2],x[5]))))",False,,,2d709bf7ac63f0dc6bd7fcdd182e2c5e,0.28742514970059885,False,0.0
8,18,"greater_than_or_equal(sub(pdiv(x[5],x[0]),mul(x[7],pdiv(x[5],x[5]))), x[2])",True,"not_(less_than_or_equal(pdiv(x[5],x[0]),add(x[7],x[2])))",0.281437125748503,f6a133dcb2f701e412c68591012d3594,0.281437125748503,False,0.0
8,18,"less_than_or_equal(x[0],x[7])",True,"and_(less_than_or_equal(pdiv(x[0],x[0]),pdiv(x[7],x[7])),greater_than_or_equal(sub(x[2],x[2]), sub(x[0],x[7])))",0.45508982035928147,0c866f95d3c400cff6c51bdae200239a,0.45508982035928147,False,0.0
8,18,"greater_than_or_equal(x[5], mul(x[7],add(x[7],add(x[3],x[3]))))",False,,,cec5d5289d6f776b769572ecc14037d2,0.35928143712574845,False,0.0
8,18,"greater_than_or_equal(pdiv(x[5],x[5]), add(add(mul(x[5],add(sub(add(x[2],add(x[7],x[7])),add(x[5],x[5])),x[3])),x[3]),add(x[7],x[5])))",False,,,9f61dadada6303c0e55315614a1b8afc,0.5209580838323353,False,0.0
8,18,"less_than_or_equal(add(mul(x[7],pdiv(x[5],sub(mul(x[2],pdiv(sub(x[7],x[7]),pdiv(x[2],sub(x[0],x[7])))),x[3]))),x[3]),add(x[2],add(x[7],x[0])))",True,"greater_than_or_equal(add(add(x[5],mul(09.24,mul(add(x[0],add(x[5],x[2])),add(sub(x[7],sub(x[3],mul(x[5],x[7]))),add(x[2],x[7]))))),x[2]), add(x[2],x[3]))",0.437125748502994,90833b206e6bf46be93ac3b1b21ee44c,0.43113772455089816,True,-0.005988023952095856
8,18,"not_(less_than_or_equal(pdiv(add(mul(x[5],add(x[7],mul(x[3],mul(sub(pdiv(x[0],x[3]),mul(x[5],04.19)),sub(x[2],add(x[2],x[3])))))),add(pdiv(x[3],pdiv(x[7],add(x[2],x[7]))),pdiv(x[3],x[7]))),x[3]),x[5]))",True,"less_than_or_equal(x[2],x[2])",0.35928143712574845,bd082d42dcba8056510101f18394b575,0.35928143712574845,False,0.0
8,18,"greater_than_or_equal(pdiv(x[5],sub(x[5],mul(x[7],add(mul(x[7],add(mul(x[0],add(add(mul(mul(x[7],pdiv(pdiv(mul(x[3],add(x[2],x[7])),x[0]),x[7])),pdiv(x[5],x[2])),x[5]),x[5])),x[5])),add(x[7],x[0]))))), x[2])",False,,,083433bc23f40a694bc4553cd86a097f,0.2574850299401198,False,0.0
8,18,"greater_than_or_equal(sub(x[5],add(x[2],x[2])), x[3])",False,,,b8a1ed2030473dbd089cb67f4fe2f95a,0.5329341317365269,False,0.0
8,18,"greater_than_or_equal(x[5], mul(add(x[2],x[0]),add(add(x[2],x[3]),add(x[2],x[5]))))",False,,,a7301e3f4b5eed590d7c62b78b04ba32,0.3532934131736527,False,0.0
8,18,"greater_than_or_equal(x[5], mul(x[7],mul(x[7],x[5])))",True,"less_than_or_equal(x[2],x[2])",0.35928143712574845,bd082d42dcba8056510101f18394b575,0.35928143712574845,False,0.0
8,18,"greater_than_or_equal(sub(pdiv(x[5],x[2]),x[5]), x[2])",True,"greater_than_or_equal(pdiv(x[5],pdiv(add(x[2],x[5]),x[5])), mul(x[5],x[2]))",0.28742514970059885,0803226314985e684579b7ad7da3df72,0.2934131736526946,True,0.0059880239520957446
8,18,"greater_than_or_equal(x[5], mul(x[7],add(x[7],sub(x[3],add(x[5],x[5])))))",True,"not_(less_than_or_equal(pdiv(x[5],x[3]),sub(x[7],mul(x[5],x[5]))))",0.3173652694610778,c53c257e9a859a5f74b1d9494c306dfd,0.32335329341317365,True,0.005988023952095856
8,18,"not_(less_than_or_equal(pdiv(x[5],x[7]),add(x[5],pdiv(x[3],x[7]))))",True,"greater_than_or_equal(x[5], mul(x[7],add(x[5],pdiv(x[3],x[7]))))",0.5029940119760479,be7e86660e7c73363d58a9badc8fd773,0.5029940119760479,False,0.0
8,18,"greater_than_or_equal(sub(mul(x[5],mul(x[7],add(x[7],x[5]))),x[3]), x[3])",False,,,57b3955ecadba348255415cf29e180a2,0.6586826347305389,False,0.0
8,18,"less_than_or_equal(x[5],x[7])",True,"greater_than_or_equal(x[7], x[5])",0.6107784431137724,793f9fa4aca1502cfe0a9ed6ab91b83c,0.6107784431137724,False,0.0
8,18,"greater_than_or_equal(pdiv(x[5],x[5]), x[5])",True,"less_than_or_equal(x[2],x[2])",0.35928143712574845,bd082d42dcba8056510101f18394b575,0.35928143712574845,False,0.0
8,18,"greater_than_or_equal(add(x[2],x[3]), x[5])",True,"not_(less_than_or_equal(add(x[3],x[2]),x[5]))",0.47904191616766467,b825dba74f3d69ce9f7220576782e147,0.47904191616766467,False,0.0
8,18,"greater_than_or_equal(x[5], mul(add(pdiv(add(x[5],x[7]),mul(x[2],add(add(x[5],x[2]),x[7]))),mul(x[7],add(x[7],x[2]))),x[3]))",False,,,78cdf09997d3ac5db80854a2c136fb88,0.6167664670658682,False,0.0
8,18,"greater_than_or_equal(sub(sub(mul(x[5],x[5]),add(x[0],x[2])),mul(x[2],pdiv(mul(x[5],x[5]),x[0]))), sub(sub(x[2],x[0]),mul(x[5],x[5])))",False,,,fae4873d6048337e6783884245261038,0.44311377245508987,False,0.0
8,18,"not_(greater_than_or_equal(pdiv(x[5],x[7]), add(x[5],mul(x[5],add(x[7],x[5])))))",False,,,17ecb6e4b2d7236ff37cbb55fbf7d2ab,0.7425149700598803,False,0.0
8,18,"greater_than_or_equal(pdiv(x[5],x[5]), add(mul(x[3],x[5]),pdiv(x[5],add(pdiv(x[5],mul(sub(add(add(sub(x[7],sub(x[7],x[5])),add(x[2],x[5])),x[7]),sub(x[5],mul(x[5],x[3]))),add(x[2],add(x[7],x[0])))),x[2]))))",False,,,4098a5cbc67f827ff2388c047e0cc01f,0.3652694610778443,False,0.0
8,18,"greater_than_or_equal(pdiv(sub(pdiv(add(x[2],x[2]),add(x[2],x[0])),x[7]),x[5]), add(x[5],x[2]))",False,,,f3b330dff849b52f645f3c6976db388f,0.29940119760479045,False,0.0
8,18,"greater_than_or_equal(sub(pdiv(x[5],x[2]),49.94), x[3])",True,not_(x[6]),0.6347305389221557,b4068ba57b63c959651c969331c4b5cd,0.6407185628742516,True,0.005988023952095856
8,18,"not_(less_than_or_equal(pdiv(x[5],x[5]),add(x[5],x[7])))",True,"not_(less_than_or_equal(pdiv(x[5],x[5]),add(x[7],x[5])))",0.32335329341317365,e44f6a949f00cb0bf86b1105d7c3453d,0.32335329341317365,False,0.0
8,18,"greater_than_or_equal(x[5], pdiv(x[7],add(x[5],add(x[5],add(x[0],x[7])))))",True,"greater_than_or_equal(x[5], sub(x[7],pdiv(x[5],pdiv(add(x[2],x[5]),x[5]))))",0.33532934131736525,084eb10daab79cd16eae9fb896fec938,0.3652694610778443,True,0.029940119760479056
8,18,"greater_than_or_equal(pdiv(x[5],sub(x[5],mul(x[7],add(mul(x[7],add(mul(x[7],add(add(add(mul(x[7],pdiv(pdiv(mul(x[3],add(x[2],x[7])),x[7]),pdiv(x[5],x[5]))),x[5]),x[2]),mul(sub(x[7],add(pdiv(add(sub(x[7],x[5]),x[2]),sub(pdiv(x[5],x[3]),x[5])),x[5])),mul(add(add(x[5],x[2]),x[7]),mul(x[7],x[7]))))),x[0])),x[5])))), x[7])",False,,,3188c6a0b67042d9cfa5b8ab77819b18,0.2455089820359282,False,0.0
8,18,"greater_than_or_equal(pdiv(x[5],x[5]), x[7])",True,"less_than_or_equal(x[2],x[2])",0.35928143712574845,bd082d42dcba8056510101f18394b575,0.35928143712574845,False,0.0
8,18,"greater_than_or_equal(x[5], sub(sub(add(x[7],x[7]),add(x[5],x[0])),pdiv(pdiv(add(x[5],x[0]),sub(pdiv(x[5],x[5]),x[2])),add(pdiv(x[5],x[2]),mul(x[2],x[5])))))",False,,,b58be2a970a59fbb2418deb5a9e02189,0.3772455089820359,False,0.0
8,18,"greater_than_or_equal(x[5], mul(x[7],add(mul(x[0],add(x[2],x[5])),add(add(pdiv(x[0],x[5]),add(x[7],x[2])),x[2]))))",False,,,db167df3c1eade15d351e4531c7a662d,0.2694610778443114,False,0.0
8,18,"greater_than_or_equal(sub(pdiv(x[5],x[2]),mul(x[5],mul(x[5],sub(add(x[7],x[0]),x[7])))), pdiv(mul(x[7],add(x[5],x[0])),pdiv(pdiv(add(x[5],x[0]),x[2]),sub(mul(x[5],x[2]),add(pdiv(x[5],x[2]),mul(x[2],mul(x[7],mul(x[0],x[7]))))))))",True,"less_than_or_equal(x[2],x[2])",0.35928143712574845,bd082d42dcba8056510101f18394b575,0.35928143712574845,False,0.0
8,18,"greater_than_or_equal(pdiv(x[7],x[2]), x[2])",True,"not_(less_than_or_equal(pdiv(x[7],x[2]),x[2]))",0.3413173652694611,48484676f604e2391c073c391231d763,0.3413173652694611,False,0.0
8,18,"greater_than_or_equal(pdiv(x[5],x[5]), x[5])",True,"less_than_or_equal(x[2],x[2])",0.35928143712574845,bd082d42dcba8056510101f18394b575,0.35928143712574845,False,0.0
8,18,"not_(less_than_or_equal(pdiv(add(x[2],x[3]),add(pdiv(add(x[3],x[7]),add(x[5],x[7])),pdiv(x[3],x[7]))),x[3]))",False,,,525123f8a4a7486b85bf00ae7fb84e73,0.652694610778443,False,0.0
8,18,"not_(less_than_or_equal(pdiv(pdiv(x[5],01.48),mul(x[5],x[7])),add(x[2],x[7])))",True,"not_(less_than_or_equal(pdiv(x[5],x[5]),add(pdiv(x[5],pdiv(pdiv(x[5],x[2]),x[5])),mul(x[7],add(pdiv(add(x[2],x[3]),pdiv(x[0],x[7])),x[2])))))",0.19161676646706582,1b6eaed22531c5d0cdf9bcc4e6023047,0.22155688622754488,True,0.029940119760479056
8,18,"not_(less_than_or_equal(pdiv(pdiv(mul(mul(sub(x[5],x[7]),x[2]),add(add(x[5],x[2]),x[2])),add(x[2],x[3])),add(pdiv(x[3],pdiv(x[7],add(x[2],x[7]))),pdiv(x[3],x[7]))),x[3]))",False,,,21c0f84d560e2eece1bf11d1c71152b4,0.6407185628742516,False,0.0
8,18,"greater_than_or_equal(pdiv(x[5],x[5]), add(add(pdiv(x[5],add(x[7],add(x[3],x[3]))),x[5]),add(x[2],x[2])))",False,,,d1c348a81cb05dc4740545b3d2094758,0.5868263473053892,False,0.0
8,18,"greater_than_or_equal(pdiv(x[5],add(mul(x[2],x[2]),x[5])), x[7])",False,,,eb49588f6230c524af771fc04b90cbed,0.29940119760479045,False,0.0
8,18,"greater_than_or_equal(pdiv(x[5],x[3]), x[3])",True,"greater_than_or_equal(add(mul(x[0],x[3]),pdiv(x[5],x[3])), x[3])",0.3892215568862275,df965f11e64c3c02cbf3b3975bf8e5c8,0.39520958083832336,True,0.005988023952095856
8,18,"greater_than_or_equal(x[5], mul(x[7],x[5]))",True,"less_than_or_equal(x[2],x[2])",0.35928143712574845,bd082d42dcba8056510101f18394b575,0.35928143712574845,False,0.0
8,18,"greater_than_or_equal(sub(pdiv(94.24,add(x[7],add(pdiv(x[3],x[3]),add(pdiv(pdiv(x[7],x[5]),add(x[2],x[7])),x[2])))),x[7]), pdiv(x[3],x[7]))",True,"not_(less_than_or_equal(pdiv(x[5],x[0]),x[0]))",0.35928143712574845,5372ceb8b23ce5e1dd3bf5c2fc3a57aa,0.3532934131736527,True,-0.0059880239520957446
8,18,"not_(greater_than_or_equal(x[7], pdiv(x[5],x[5])))",True,"not_(less_than_or_equal(pdiv(x[5],x[5]),add(pdiv(x[2],96.92),x[7])))",0.39520958083832336,db0e6c3409e9b2885c8014a7de8788af,0.39520958083832336,False,0.0
8,18,"less_than_or_equal(pdiv(mul(x[3],x[5]),x[3]),add(x[7],x[5]))",True,"less_than_or_equal(x[2],x[2])",0.35928143712574845,bd082d42dcba8056510101f18394b575,0.35928143712574845,False,0.0
8,18,"greater_than_or_equal(pdiv(x[5],x[5]), add(add(x[2],x[5]),x[5]))",True,"not_(less_than_or_equal(pdiv(x[5],x[5]),add(add(x[2],x[5]),x[5])))",0.5089820359281437,c8f07d9b2f7dcef7f4fa44aeef22dc71,0.5089820359281437,False,0.0
8,18,"not_(less_than_or_equal(69.19,x[3]))",True,"less_than_or_equal(x[2],x[2])",0.35928143712574845,bd082d42dcba8056510101f18394b575,0.35928143712574845,False,0.0
8,18,"greater_than_or_equal(sub(x[5],mul(x[3],x[7])), add(x[7],mul(pdiv(x[3],x[3]),x[7])))",False,,,bc9639b811fe342d7aef0b9bfee5b179,0.44311377245508987,False,0.0
8,18,"greater_than_or_equal(x[5], mul(x[5],mul(x[7],add(add(x[0],x[7]),x[7]))))",True,"less_than_or_equal(mul(mul(x[7],x[7]),add(x[5],x[5])),x[5])",0.2455089820359282,70c1a978a90304e47c9ea26f5d914234,0.23952095808383234,True,-0.005988023952095856
8,18,"greater_than_or_equal(sub(pdiv(x[5],x[0]),x[5]), x[7])",False,,,69148082693cd7519f07831ae13363d2,0.40718562874251496,False,0.0
8,18,"greater_than_or_equal(sub(pdiv(x[5],x[0]),mul(x[7],add(x[2],x[7]))), x[7])",False,,,2978c72a96e4309a020a9eb4bde95a1c,0.29940119760479045,False,0.0
8,18,"greater_than_or_equal(pdiv(x[5],x[5]), add(sub(x[7],x[0]),add(x[5],x[2])))",False,,,4dbf5920029c66ccd7c9e9eafba8598d,0.35928143712574845,False,0.0
8,18,"not_(less_than_or_equal(pdiv(x[5],x[7]),add(mul(sub(x[3],x[2]),x[2]),x[7])))",False,,,e9480f086fd8fbf7aa8f95af465d5692,0.32335329341317365,False,0.0
8,18,"greater_than_or_equal(pdiv(sub(pdiv(add(x[5],x[7]),x[3]),x[3]),x[3]), x[5])",False,,,e5f918cf076d71a06b7871dc1a2c9b30,0.4251497005988024,False,0.0
8,18,"greater_than_or_equal(pdiv(pdiv(x[5],x[5]),add(pdiv(x[2],mul(x[0],x[5])),x[5])), add(x[7],mul(mul(x[3],x[7]),add(x[5],x[3]))))",False,,,f12cecf349880fb1e308e326138aea98,0.281437125748503,False,0.0
8,18,"less_than_or_equal(19.01,x[5])",True,not_(x[6]),0.6347305389221557,b4068ba57b63c959651c969331c4b5cd,0.6407185628742516,True,0.005988023952095856
8,18,"less_than_or_equal(add(pdiv(x[7],pdiv(x[5],x[5])),x[2]),add(sub(x[7],x[7]),pdiv(69.44,add(x[3],x[3]))))",True,"less_than_or_equal(x[2],x[2])",0.35928143712574845,bd082d42dcba8056510101f18394b575,0.35928143712574845,False,0.0
8,18,"greater_than_or_equal(pdiv(add(mul(x[5],x[7]),x[3]),x[7]), x[7])",False,,,a10eaa2ae6301f334a2da875ac0b3f07,0.3652694610778443,False,0.0
8,18,"not_(less_than_or_equal(pdiv(x[5],x[7]),x[5]))",True,"not_(less_than_or_equal(pdiv(x[5],x[5]),add(pdiv(x[2],96.92),x[7])))",0.39520958083832336,db0e6c3409e9b2885c8014a7de8788af,0.4011976047904192,True,0.005988023952095856
8,18,"not_(less_than_or_equal(pdiv(pdiv(x[5],x[7]),add(x[5],x[7])),x[2]))",False,,,3f52ef68cff3ae8626bca51cd1226a6c,0.2934131736526946,False,0.0
8,18,"greater_than_or_equal(pdiv(x[5],pdiv(x[3],x[5])), add(x[5],x[2]))",True,"less_than_or_equal(mul(mul(x[7],x[7]),add(x[5],x[2])),mul(x[5],mul(mul(x[5],x[7]),pdiv(x[7],x[3]))))",0.4970059880239521,24235ded28d8f1f1b42d7ad86c0364e0,0.4970059880239521,False,0.0
8,18,"greater_than_or_equal(mul(add(mul(mul(x[7],x[2]),add(x[7],add(pdiv(pdiv(x[7],mul(x[7],mul(mul(add(x[0],add(x[2],x[5])),pdiv(x[5],x[5])),x[2]))),add(add(sub(mul(x[2],x[5]),mul(x[7],add(x[7],x[2]))),x[3]),x[5])),x[5]))),add(x[2],x[5])),x[5]), add(x[5],x[2]))",False,,,35f10c54bdf7e93013a71e21a2fa232b,0.6586826347305389,False,0.0
8,18,"greater_than_or_equal(x[7], pdiv(x[3],x[5]))",True,"greater_than_or_equal(x[5], pdiv(x[3],x[7]))",0.6646706586826348,7163cc140f7c1d8b5064283f255cf146,0.6646706586826348,False,0.0
8,18,"not_(greater_than_or_equal(pdiv(x[5],x[5]), add(x[3],x[2])))",True,"not_(less_than_or_equal(pdiv(x[5],x[5]),pdiv(pdiv(x[5],x[5]),add(x[2],x[3]))))",0.7305389221556886,6cc595cca105e3b24dc4e2431be003bd,0.7305389221556886,False,0.0
8,18,"greater_than_or_equal(x[5], mul(x[7],add(x[2],add(pdiv(mul(x[5],x[5]),x[0]),sub(sub(x[2],x[5]),mul(pdiv(pdiv(add(add(x[7],x[0]),x[2]),x[2]),x[2]),x[2]))))))",False,,,4327514e196f2309d8a6d5745f488d96,0.3173652694610778,False,0.0
8,18,"not_(less_than_or_equal(x[5],mul(x[5],x[5])))",True,"not_(less_than_or_equal(pdiv(x[5],x[5]),x[5]))",0.31137724550898205,774eb80249c37c32f486ae194a31e639,0.3173652694610778,True,0.0059880239520957446
8,18,"greater_than_or_equal(x[5], mul(x[7],add(sub(x[5],x[3]),x[7])))",False,,,d295c7284137420b393408a8e9bb5624,0.3173652694610778,False,0.0
8,18,"not_(less_than_or_equal(pdiv(x[5],mul(x[7],add(x[5],x[2]))),sub(x[3],mul(x[2],x[0]))))",False,,,09514ee2b2bb34f70abd0becd02d2650,0.3413173652694611,False,0.0
8,18,"greater_than_or_equal(sub(x[5],x[5]), add(add(x[7],add(add(x[5],x[7]),add(x[2],x[7]))),x[2]))",True,not_(x[6]),0.6347305389221557,b4068ba57b63c959651c969331c4b5cd,0.6407185628742516,True,0.005988023952095856
8,18,"greater_than_or_equal(mul(x[5],add(x[2],x[2])), add(x[0],x[5]))",True,"not_(less_than_or_equal(mul(x[5],add(x[2],x[2])),x[5]))",0.7485029940119761,125b0491de6ec7303e916bac5db1c9df,0.7305389221556886,True,-0.017964071856287456
8,18,"greater_than_or_equal(x[5], mul(mul(x[7],x[2]),add(x[7],add(pdiv(pdiv(x[7],mul(x[5],x[3])),x[5]),add(add(x[7],x[7]),add(x[5],x[5]))))))",False,,,f5cf2b8b12d3aed4e16e16bbe8b049a0,0.31137724550898205,False,0.0
8,18,"greater_than_or_equal(x[5], mul(x[7],add(x[5],x[2])))",True,"greater_than_or_equal(x[5], mul(x[7],add(x[5],x[2])))",0.23353293413173648,49521aab13419e9d4582e656c37790ef,0.23353293413173648,False,0.0
8,18,"greater_than_or_equal(x[5], mul(x[7],add(x[5],add(x[3],pdiv(add(x[2],x[2]),x[5])))))",True,"greater_than_or_equal(x[5], mul(x[7],add(x[7],add(x[3],x[7]))))",0.31137724550898205,92552161c5d20d1b9aa117454bb6ae16,0.3652694610778443,True,0.053892215568862256
8,18,"not_(less_than_or_equal(pdiv(x[5],x[5]),add(mul(x[5],mul(x[2],x[2])),sub(x[0],x[7]))))",True,"less_than_or_equal(x[2],x[2])",0.35928143712574845,bd082d42dcba8056510101f18394b575,0.35928143712574845,False,0.0
8,18,"greater_than_or_equal(x[5], mul(x[7],mul(add(mul(add(x[7],mul(add(x[5],add(x[7],x[0])),pdiv(x[5],x[5]))),add(x[2],x[3])),x[5]),x[5])))",True,"greater_than_or_equal(x[5], mul(x[7],add(mul(x[5],add(mul(x[7],mul(x[5],x[5])),x[3])),x[5])))",0.23952095808383234,8c7499abcc85b0cd77ee6adb32b1131d,0.23952095808383234,False,0.0
8,18,"greater_than_or_equal(x[2], x[0])",True,"less_than_or_equal(x[0],x[2])",0.44311377245508987,6600e71d16c18564dbde1ecda8fbf2a3,0.44311377245508987,False,0.0
8,18,"greater_than_or_equal(x[5], mul(x[7],add(x[2],add(pdiv(x[2],x[7]),add(mul(x[3],84.04),x[7])))))",True,"greater_than_or_equal(sub(pdiv(x[5],x[7]),mul(59.74,pdiv(x[3],pdiv(x[2],x[0])))), add(add(x[2],x[3]),add(x[2],x[5])))",0.6167664670658682,1fd25a18bf6ba29543e641c43e24da44,0.6347305389221557,True,0.017964071856287456
8,18,"greater_than_or_equal(sub(pdiv(x[5],x[7]),mul(x[7],add(x[0],mul(x[0],x[5])))), x[0])",False,,,2d102b3526f845765cd8bb2fbb91cf3a,0.32335329341317365,False,0.0
8,18,"greater_than_or_equal(pdiv(x[5],pdiv(pdiv(add(x[7],x[7]),x[5]),add(x[7],x[5]))), add(add(mul(x[7],pdiv(x[2],x[3])),add(x[2],x[5])),x[7]))",False,,,65e01782a824fa7433dfffc30a4c5c51,0.5568862275449102,False,0.0
8,18,"greater_than_or_equal(pdiv(x[5],add(x[5],x[0])), pdiv(pdiv(add(x[5],x[0]),sub(pdiv(x[5],x[5]),x[2])),add(pdiv(x[5],x[2]),mul(x[2],x[5]))))",False,,,2013ee01894c0a29a1efbfd8a980f55a,0.3053892215568862,False,0.0
8,18,"greater_than_or_equal(x[5], mul(x[7],add(x[2],x[5])))",True,"greater_than_or_equal(x[5], mul(x[7],add(x[5],x[2])))",0.23353293413173648,49521aab13419e9d4582e656c37790ef,0.23353293413173648,False,0.0
8,18,"greater_than_or_equal(pdiv(x[5],add(99.04,x[2])), x[2])",True,"greater_than_or_equal(pdiv(mul(x[5],x[2]),pdiv(x[2],x[5])), add(sub(x[7],x[7]),add(x[5],x[0])))",0.6107784431137724,ec48eb4aba9f475884bcf9e8f28adadc,0.6167664670658682,True,0.005988023952095856
8,18,"greater_than_or_equal(sub(pdiv(x[5],x[2]),x[7]), x[7])",True,"less_than_or_equal(add(mul(x[7],pdiv(x[5],x[5])),x[7]),pdiv(x[5],x[2]))",0.281437125748503,093a4cacdf796d0d964230b08b8564b3,0.281437125748503,False,0.0
8,18,"not_(less_than_or_equal(pdiv(x[5],x[5]),add(mul(x[5],add(x[2],x[2])),add(x[0],x[7]))))",True,"not_(less_than_or_equal(pdiv(x[5],x[5]),add(mul(x[5],add(x[2],x[2])),add(x[0],x[7]))))",0.23952095808383234,a9c91a1bcf3359111e5269ae98c66683,0.23952095808383234,False,0.0
8,18,"less_than_or_equal(x[7],pdiv(x[5],add(x[5],add(x[2],x[2]))))",True,"greater_than_or_equal(x[5], mul(x[7],add(add(sub(x[2],x[7]),add(x[5],x[7])),x[2])))",0.22155688622754488,884244d505af5ac033875410cbd98fe5,0.22155688622754488,False,0.0
8,18,"greater_than_or_equal(sub(pdiv(x[5],x[2]),mul(x[5],add(x[2],x[3]))), mul(x[5],pdiv(add(x[7],x[0]),x[2])))",False,,,cacb66009261f0a47addd95992b1c93c,0.21556886227544914,False,0.0
8,18,"greater_than_or_equal(pdiv(x[5],add(x[2],x[0])), add(x[0],mul(x[2],x[5])))",False,,,84a87341873626f868f85d361226a523,0.3413173652694611,False,0.0
8,18,"greater_than_or_equal(pdiv(x[5],mul(x[7],pdiv(x[5],mul(x[7],mul(x[7],add(x[2],x[5])))))), x[7])",True,"greater_than_or_equal(add(x[2],x[5]), pdiv(x[7],x[7]))",0.7544910179640718,3db16fa16df21b15852938a2c3f9a18b,0.7485029940119761,True,-0.0059880239520957446
8,18,"greater_than_or_equal(add(pdiv(add(x[5],x[5]),pdiv(x[3],x[7])),x[2]), pdiv(pdiv(x[7],x[2]),x[2]))",False,,,61aaed4de2e920372e52583979fefa8f,0.7125748502994012,False,0.0
8,18,"greater_than_or_equal(x[5], mul(x[7],add(pdiv(x[7],pdiv(mul(x[2],x[5]),x[0])),sub(sub(x[2],x[7]),add(x[2],mul(pdiv(x[7],mul(x[5],x[0])),sub(sub(x[2],x[2]),x[2])))))))",True,"greater_than_or_equal(x[5], mul(x[7],add(pdiv(x[7],pdiv(mul(x[2],x[5]),x[0])),sub(sub(x[2],x[7]),add(x[2],mul(pdiv(x[7],mul(x[5],x[0])),sub(sub(x[2],x[2]),x[2])))))))",0.281437125748503,f44148c54baeb0a14c1356442b7d551e,0.281437125748503,False,0.0
8,18,"less_than_or_equal(add(mul(mul(mul(pdiv(x[5],x[5]),x[2]),add(sub(x[7],x[7]),pdiv(69.44,sub(x[3],x[3])))),x[7]),add(x[5],x[7])),pdiv(x[5],x[5]))",False,,,b0fa1931ee4df3971f54f4f4ed73c672,0.3293413173652695,False,0.0
8,18,"greater_than_or_equal(sub(pdiv(x[5],x[7]),mul(mul(x[5],mul(x[7],add(pdiv(sub(add(x[2],x[7]),x[2]),x[5]),mul(x[7],add(x[7],x[2]))))),x[3])), x[5])",False,,,94ae08c10f23b26fe68d1f9589784b28,0.2574850299401198,False,0.0
8,18,"greater_than_or_equal(sub(sub(x[5],x[7]),x[7]), x[2])",False,,,38aec90d8c3f532da0c125e2d5a26593,0.5149700598802396,False,0.0
8,18,"not_(less_than_or_equal(pdiv(x[5],x[7]),add(add(x[2],add(x[7],x[5])),x[0])))",True,"not_(less_than_or_equal(pdiv(x[3],x[7]),add(x[7],pdiv(x[3],x[5]))))",0.3293413173652695,74dce5cb961f14b3bdac896efda7926c,0.29940119760479045,True,-0.029940119760479056
8,18,"greater_than_or_equal(x[5], mul(x[7],add(x[2],add(add(mul(x[5],x[0]),x[2]),x[0]))))",False,,,b163a6bfb1a5f8a5eaa589bdb0c222f3,0.23353293413173648,False,0.0
8,18,"greater_than_or_equal(sub(sub(x[5],x[3]),add(x[2],x[2])), x[5])",True,not_(x[6]),0.6347305389221557,b4068ba57b63c959651c969331c4b5cd,0.6407185628742516,True,0.005988023952095856
8,18,"greater_than_or_equal(sub(pdiv(x[5],x[2]),mul(x[7],x[2])), x[5])",False,,,2e4417624eb8ae8f61d2dba8d223b747,0.27544910179640714,False,0.0
8,18,"greater_than_or_equal(mul(pdiv(mul(mul(x[5],x[2]),x[2]),x[2]),x[2]), pdiv(pdiv(x[5],x[5]),add(x[2],x[3])))",True,"greater_than_or_equal(x[2], pdiv(x[5],x[5]))",0.652694610778443,38d04e9716d0d4822bf3dbdceea9aa84,0.6467065868263473,True,-0.0059880239520957446
8,18,"greater_than_or_equal(pdiv(sub(pdiv(add(x[2],x[2]),add(x[2],x[0])),19.34),x[5]), 60.44)",True,not_(x[6]),0.6347305389221557,b4068ba57b63c959651c969331c4b5cd,0.6407185628742516,True,0.005988023952095856
8,18,"less_than_or_equal(add(mul(x[7],pdiv(x[5],x[5])),x[2]),x[5])",True,"greater_than_or_equal(x[5], mul(x[7],add(x[2],pdiv(x[5],x[5]))))",0.33532934131736525,bb5c1caa2e30ec7ef07b22f884640315,0.3892215568862275,True,0.053892215568862256
8,18,"less_than_or_equal(sub(pdiv(x[5],mul(x[7],add(add(mul(x[5],mul(x[7],add(add(x[0],x[7]),x[5]))),mul(x[7],add(x[0],add(x[5],x[2])))),add(sub(x[7],sub(x[3],mul(x[5],x[7]))),add(x[2],x[7]))))),x[2]),add(x[2],x[3]))",False,,,4da4941aba5f0be66c9006c92470a1e4,0.6586826347305389,False,0.0
8,18,"greater_than_or_equal(x[7], 51.98)",True,not_(x[6]),0.6347305389221557,b4068ba57b63c959651c969331c4b5cd,0.6407185628742516,True,0.005988023952095856
8,18,"greater_than_or_equal(sub(pdiv(x[5],x[3]),x[2]), x[5])",True,"not_(less_than_or_equal(pdiv(x[5],x[3]),add(x[5],x[2])))",0.33532934131736525,19e0b26b04f63034b8102da698d0b3b7,0.33532934131736525,False,0.0
8,18,"not_(less_than_or_equal(pdiv(x[7],x[2]),x[5]))",True,"not_(less_than_or_equal(pdiv(x[7],x[2]),x[5]))",0.4131736526946108,6c7e6e07b7b12247ceef424eff5148c5,0.4131736526946108,False,0.0
8,18,"greater_than_or_equal(pdiv(x[5],x[5]), sub(x[7],mul(mul(x[0],x[7]),add(x[2],x[5]))))",True,"less_than_or_equal(x[2],x[2])",0.35928143712574845,bd082d42dcba8056510101f18394b575,0.35928143712574845,False,0.0
8,18,"greater_than_or_equal(x[5], mul(pdiv(x[5],x[7]),x[7]))",True,"greater_than_or_equal(x[5], mul(x[7],pdiv(x[5],x[7])))",0.37125748502994016,a8ae8c3a61e4406fb639b23f2622b25a,0.37125748502994016,False,0.0
8,18,"greater_than_or_equal(x[5], mul(x[7],mul(x[5],x[7])))",True,"less_than_or_equal(x[2],x[2])",0.35928143712574845,bd082d42dcba8056510101f18394b575,0.35928143712574845,False,0.0
8,18,"greater_than_or_equal(add(x[7],pdiv(x[5],x[5])), mul(add(x[5],x[2]),add(x[7],x[7])))",False,,,1986162e490e9563a0affd0ce4f9ae01,0.281437125748503,False,0.0
8,18,"greater_than_or_equal(x[5], x[7])",True,"greater_than_or_equal(x[5], x[7])",0.3892215568862275,ca29d589a2290a0489371628a6b32bf4,0.3892215568862275,False,0.0
8,18,"greater_than_or_equal(x[5], mul(x[7],add(sub(x[2],x[5]),mul(x[7],mul(add(mul(x[7],pdiv(x[5],x[5])),x[2]),add(sub(x[7],x[7]),pdiv(69.40,sub(x[3],x[3]))))))))",False,,,1e36a6896f6d474bed854cf7b91623b4,0.29940119760479045,False,0.0
8,18,"greater_than_or_equal(x[5], mul(add(pdiv(add(x[5],x[7]),mul(x[2],add(add(x[5],x[2]),x[5]))),mul(x[7],add(x[7],x[2]))),x[0]))",False,,,9614a34895bf69eca4abaa41c658cce6,0.45508982035928147,False,0.0
8,18,"less_than_or_equal(x[5],mul(mul(x[7],add(x[2],x[5])),add(x[7],add(x[5],sub(x[5],x[5])))))",False,,,bd9394fa4de622e60e4cd64fbbdd3fdf,0.7904191616766467,False,0.0
8,18,"greater_than_or_equal(pdiv(x[5],mul(x[7],add(x[5],mul(85.24,x[5])))), x[5])",False,,,764b2879264b832602c83ddbf1e6d0f0,0.6107784431137724,False,0.0
8,18,"not_(less_than_or_equal(x[5],mul(x[0],x[7])))",True,"not_(less_than_or_equal(pdiv(x[5],x[0]),x[0]))",0.35928143712574845,5372ceb8b23ce5e1dd3bf5c2fc3a57aa,0.34730538922155685,True,-0.0119760479041916
8,18,"greater_than_or_equal(pdiv(pdiv(x[3],x[7]),x[7]), add(mul(x[2],add(x[0],sub(mul(add(x[5],x[0]),add(x[0],x[5])),x[7]))),x[0]))",True,"not_(less_than_or_equal(pdiv(x[3],x[5]),add(pdiv(x[2],30.95),mul(x[0],x[7]))))",0.3293413173652695,c7c0dd835d3e14b67c28a47fcb18c6c1,0.3293413173652695,False,0.0
8,18,"not_(less_than_or_equal(pdiv(pdiv(x[5],sub(x[5],x[5])),x[2]),add(add(x[5],x[2]),x[2])))",False,,,9ae23d8c53ae47b46762ef0a21812476,0.27544910179640714,False,0.0
8,18,"less_than_or_equal(sub(pdiv(x[5],x[7]),x[2]),x[2])",True,"less_than_or_equal(x[5],mul(x[7],add(x[2],add(add(mul(x[5],x[5]),x[0]),sub(sub(x[2],x[0]),mul(x[5],x[5]))))))",0.7245508982035929,21e5acbb92db865ed482a16c5a791b96,0.7245508982035929,False,0.0
8,18,"not_(less_than_or_equal(mul(x[5],x[5]),add(mul(x[2],x[7]),add(x[7],add(sub(sub(x[5],x[7]),mul(x[7],x[2])),sub(x[0],x[5]))))))",True,"greater_than_or_equal(add(pdiv(x[3],69.14),x[5]), pdiv(x[0],x[5]))",0.4131736526946108,785faa5ff1d03ecbf2b21099b68e5b9d,0.4131736526946108,False,0.0
8,18,"not_(less_than_or_equal(pdiv(x[5],x[5]),mul(mul(x[5],add(x[2],x[2])),add(x[0],x[7]))))",False,,,1c0f7d47b13beb8d3ed0d3d1a10beece,0.32335329341317365,False,0.0
8,18,"greater_than_or_equal(x[7], x[0])",True,"and_(less_than_or_equal(pdiv(x[0],x[0]),pdiv(x[7],x[7])),greater_than_or_equal(sub(x[2],x[2]), sub(x[0],x[7])))",0.45508982035928147,0c866f95d3c400cff6c51bdae200239a,0.45508982035928147,False,0.0
8,18,"greater_than_or_equal(x[2], x[2])",True,"less_than_or_equal(x[2],x[2])",0.35928143712574845,bd082d42dcba8056510101f18394b575,0.35928143712574845,False,0.0
8,18,"greater_than_or_equal(x[5], mul(add(mul(add(94.74,x[2]),add(x[5],x[5])),mul(x[5],x[7])),x[0]))",True,"less_than_or_equal(mul(add(x[0],x[0]),add(x[2],x[5])),sub(add(x[2],x[3]),add(x[3],x[2])))",0.3892215568862275,c9704e311ac7e289734d4b5a1bdc086f,0.3892215568862275,False,0.0
8,18,"greater_than_or_equal(x[5], mul(x[5],mul(x[7],add(sub(x[5],x[7]),sub(x[5],x[0])))))",True,"less_than_or_equal(x[2],x[2])",0.35928143712574845,bd082d42dcba8056510101f18394b575,0.35928143712574845,False,0.0
8,18,"greater_than_or_equal(x[5], mul(mul(mul(add(x[5],x[3]),x[5]),x[5]),x[2]))",True,"not_(greater_than_or_equal(mul(x[7],x[2]), x[7]))",0.34730538922155685,f69cf4961d82af0c72c0014d2a401904,0.3532934131736527,True,0.005988023952095856
8,18,"greater_than_or_equal(x[5], x[7])",True,"greater_than_or_equal(x[5], x[7])",0.3892215568862275,ca29d589a2290a0489371628a6b32bf4,0.3892215568862275,False,0.0
8,18,"not_(less_than_or_equal(x[2],x[5]))",True,"less_than_or_equal(x[5],x[2])",0.652694610778443,6fb17002302e404122653cf2c68db553,0.652694610778443,False,0.0
8,18,"greater_than_or_equal(pdiv(x[5],x[5]), pdiv(add(x[7],x[0]),x[2]))",False,,,ec5968181116afa59cf07a06bbdc34cf,0.562874251497006,False,0.0
8,18,"greater_than_or_equal(x[5], mul(x[7],add(x[5],x[5])))",True,"greater_than_or_equal(x[5], mul(x[7],add(x[5],x[5])))",0.2455089820359282,9545aae94dd0fcb8b281ddfedf2da4e6,0.2455089820359282,False,0.0
8,18,"not_(less_than_or_equal(pdiv(x[5],x[7]),add(x[5],mul(x[3],x[2]))))",False,,,c1f317637b75dd2f6e9043c50d83a17b,0.31137724550898205,False,0.0
8,18,"greater_than_or_equal(x[5], mul(x[7],mul(mul(x[7],add(x[2],x[5])),add(x[2],x[5]))))",False,,,0640abff61d0425573a8233a4ae9d8de,0.23952095808383234,False,0.0
8,18,"less_than_or_equal(add(x[7],x[0]),x[7])",True,"less_than_or_equal(mul(add(x[0],x[0]),add(x[2],x[5])),sub(add(x[2],x[3]),add(x[3],x[2])))",0.3892215568862275,c9704e311ac7e289734d4b5a1bdc086f,0.3892215568862275,False,0.0
8,18,"greater_than_or_equal(x[5], mul(30.45,x[2]))",True,"greater_than_or_equal(pdiv(mul(x[5],x[2]),pdiv(x[2],x[5])), add(sub(x[7],x[7]),add(x[5],x[0])))",0.6107784431137724,ec48eb4aba9f475884bcf9e8f28adadc,0.6167664670658682,True,0.005988023952095856
8,18,"not_(less_than_or_equal(pdiv(x[2],mul(add(x[2],x[5]),add(x[2],x[2]))),add(x[0],x[7])))",False,,,09fd7bb1bad45d6461378fb892916d50,0.23952095808383234,False,0.0
8,18,"greater_than_or_equal(sub(x[5],mul(x[7],mul(x[7],add(x[0],x[2])))), add(x[7],x[5]))",True,not_(x[6]),0.6347305389221557,b4068ba57b63c959651c969331c4b5cd,0.6407185628742516,True,0.005988023952095856
8,18,"greater_than_or_equal(pdiv(pdiv(x[5],x[5]),add(pdiv(x[2],mul(x[0],x[5])),x[5])), add(x[3],mul(mul(x[5],pdiv(x[7],mul(x[7],mul(x[7],x[5])))),mul(x[2],x[5]))))",False,,,b9cb8d0bb049066e41850e6c64462c96,0.5988023952095809,False,0.0
8,18,"greater_than_or_equal(pdiv(pdiv(x[7],add(x[5],x[2])),add(sub(x[7],sub(x[5],mul(x[5],x[5]))),add(x[5],x[2]))), mul(x[7],pdiv(mul(x[2],x[5]),x[0])))",False,,,b0eff0622e99d7ae75371d3d4a6e011a,0.2455089820359282,False,0.0
8,18,"less_than_or_equal(add(mul(x[2],pdiv(x[5],x[5])),x[2]),add(sub(x[7],x[7]),pdiv(34.05,add(x[2],x[3]))))",True,"less_than_or_equal(x[2],x[2])",0.35928143712574845,bd082d42dcba8056510101f18394b575,0.35928143712574845,False,0.0
8,18,"greater_than_or_equal(x[5], mul(x[7],add(x[2],add(pdiv(mul(x[5],x[5]),x[5]),x[3]))))",True,"greater_than_or_equal(x[5], mul(x[7],add(x[7],add(x[3],x[7]))))",0.31137724550898205,92552161c5d20d1b9aa117454bb6ae16,0.281437125748503,True,-0.029940119760479056
8,18,"greater_than_or_equal(sub(pdiv(x[5],x[7]),mul(x[7],sub(pdiv(x[0],sub(sub(x[2],x[5]),mul(x[5],add(add(x[7],x[0]),x[2])))),x[2]))), x[2])",False,,,ff2d87b26cfcd9654a026621bac84c91,0.3413173652694611,False,0.0
8,18,"greater_than_or_equal(sub(sub(x[7],mul(x[5],add(x[3],x[7]))),x[5]), mul(x[7],mul(x[5],x[5])))",False,,,46f2f8a64e7aaba7d8d6b6ea039568d9,0.6826347305389222,False,0.0
8,18,"not_(less_than_or_equal(pdiv(x[5],x[5]),add(x[2],x[0])))",True,"not_(less_than_or_equal(pdiv(x[5],x[5]),add(x[0],x[2])))",0.34730538922155685,c426607f0a92b79fd094d06b3453a190,0.34730538922155685,False,0.0
8,18,"greater_than_or_equal(x[5], mul(x[5],mul(x[0],add(add(x[0],sub(sub(x[2],x[7]),add(x[2],mul(pdiv(x[7],mul(add(66.69,sub(x[2],x[2])),add(pdiv(mul(x[2],x[5]),pdiv(x[3],x[7])),x[2]))),pdiv(pdiv(x[7],x[2]),x[2]))))),x[5]))))",True,"not_(greater_than_or_equal(mul(add(x[5],x[5]),x[0]), add(sub(x[7],x[7]),pdiv(x[5],x[0]))))",0.37125748502994016,0a3e2c977030e8d0e2f3cfd881788b9d,0.37125748502994016,False,0.0
8,18,"greater_than_or_equal(x[3], mul(x[7],add(pdiv(x[7],pdiv(pdiv(x[2],x[5]),x[0])),x[7])))",False,,,548560de883b47617ac0618f6e4804cd,0.2934131736526946,False,0.0
8,18,"greater_than_or_equal(x[5], x[2])",True,"not_(not_(less_than_or_equal(x[2],x[5])))",0.34730538922155685,4af53f79d9ad2ffac455113b88a02dd4,0.34730538922155685,False,0.0
8,18,"greater_than_or_equal(sub(add(add(x[0],x[5]),x[5]),add(x[7],x[7])), add(x[5],x[0]))",True,"not_(less_than_or_equal(pdiv(x[5],mul(x[7],add(x[5],x[5]))),pdiv(pdiv(x[5],x[5]),x[5])))",0.4011976047904192,58aeb7a5a5652a59b3f81f1f504d0cb4,0.4011976047904192,False,0.0
8,18,"greater_than_or_equal(pdiv(x[5],x[5]), add(x[7],x[2]))",True,"less_than_or_equal(add(mul(x[7],pdiv(x[5],x[5])),x[2]),add(sub(x[7],x[7]),pdiv(69.44,sub(x[3],x[3]))))",0.19161676646706582,14c6e007ad625f3839f568e9ee8a86e1,0.19161676646706582,False,0.0
8,18,"greater_than_or_equal(sub(pdiv(x[5],x[7]),pdiv(x[0],add(x[2],x[3]))), x[7])",True,"greater_than_or_equal(sub(pdiv(x[5],x[7]),pdiv(x[0],add(x[2],x[3]))), x[7])",0.3053892215568862,05f677e3f485da5a6cf53b0edff24d4c,0.3053892215568862,False,0.0
8,18,"greater_than_or_equal(x[5], mul(x[7],add(pdiv(add(x[2],add(x[7],x[7])),add(x[5],x[5])),x[3])))",True,"greater_than_or_equal(x[5], mul(x[7],add(x[7],pdiv(69.44,sub(x[3],x[3])))))",0.33532934131736525,0f74d2b510468dfb01b807a5013ba7de,0.3652694610778443,True,0.029940119760479056
8,18,"greater_than_or_equal(x[5], mul(x[7],add(x[2],pdiv(pdiv(mul(x[5],x[5]),x[5]),pdiv(x[7],x[5])))))",False,,,592bd104864155759b1e30fd83361fe4,0.20359281437125754,False,0.0
8,18,"not_(less_than_or_equal(pdiv(x[5],x[2]),x[5]))",True,"not_(greater_than_or_equal(mul(x[7],x[2]), x[7]))",0.34730538922155685,f69cf4961d82af0c72c0014d2a401904,0.3532934131736527,True,0.005988023952095856
8,18,"greater_than_or_equal(x[5], mul(add(mul(add(x[5],pdiv(mul(x[7],add(x[0],x[2])),add(x[7],x[5]))),add(add(x[5],x[0]),mul(x[3],x[7]))),pdiv(x[0],x[3])),add(add(x[5],x[7]),sub(x[7],x[5]))))",False,,,9a7e693e1ab02996f1e4af96173861dd,0.29940119760479045,False,0.0
8,18,"not_(less_than_or_equal(pdiv(x[5],x[2]),x[5]))",True,"not_(greater_than_or_equal(mul(x[7],x[2]), x[7]))",0.34730538922155685,f69cf4961d82af0c72c0014d2a401904,0.3532934131736527,True,0.005988023952095856
8,18,"greater_than_or_equal(x[0], add(add(x[2],x[3]),add(x[2],x[5])))",True,not_(x[6]),0.6347305389221557,b4068ba57b63c959651c969331c4b5cd,0.6407185628742516,True,0.005988023952095856
8,18,"greater_than_or_equal(x[5], pdiv(x[5],mul(x[7],add(43.48,x[0]))))",True,"less_than_or_equal(x[2],x[2])",0.35928143712574845,bd082d42dcba8056510101f18394b575,0.37125748502994016,True,0.011976047904191711
8,18,"greater_than_or_equal(sub(add(mul(x[7],add(x[5],x[2])),sub(x[3],mul(x[5],x[7]))),mul(x[5],x[3])), x[2])",False,,,15a0004b3d6a39fe8c8cee902092f3da,0.437125748502994,False,0.0
8,18,"greater_than_or_equal(pdiv(x[5],x[5]), add(add(x[5],x[2]),49.94))",True,not_(x[6]),0.6347305389221557,b4068ba57b63c959651c969331c4b5cd,0.6407185628742516,True,0.005988023952095856
8,18,"not_(less_than_or_equal(pdiv(x[5],x[5]),mul(x[2],x[5])))",True,"less_than_or_equal(x[2],x[2])",0.35928143712574845,bd082d42dcba8056510101f18394b575,0.35928143712574845,False,0.0
8,18,"greater_than_or_equal(x[5], mul(x[5],mul(x[7],add(add(x[0],x[7]),x[5]))))",True,"greater_than_or_equal(x[5], mul(x[5],mul(x[7],add(add(x[0],x[7]),x[5]))))",0.2694610778443114,32764c8462bd39a3a50dc3dd7f73a0b0,0.2694610778443114,False,0.0
8,18,"greater_than_or_equal(x[5], mul(x[7],add(x[0],add(x[5],x[2]))))",True,"not_(less_than_or_equal(pdiv(x[5],add(add(pdiv(x[5],pdiv(x[2],x[2])),x[2]),x[0])),x[7]))",0.23353293413173648,0642bf057766d8c0e7cf90681e6afb02,0.23353293413173648,False,0.0
8,18,"greater_than_or_equal(x[5], mul(x[7],add(x[5],x[7])))",True,"greater_than_or_equal(x[5], mul(x[7],add(x[7],x[5])))",0.22754491017964074,051dec5cdded21754165aaf5f887a47e,0.22754491017964074,False,0.0
8,18,"or_(less_than_or_equal(pdiv(x[5],x[5]),pdiv(sub(pdiv(x[3],x[7]),x[2]),x[5])),or_(x[6],less_than_or_equal(x[7],add(x[2],x[5]))))",True,"less_than_or_equal(x[2],x[2])",0.35928143712574845,bd082d42dcba8056510101f18394b575,0.35928143712574845,False,0.0
8,18,"not_(less_than_or_equal(pdiv(pdiv(x[5],x[7]),add(90.93,mul(x[7],x[5]))),x[5]))",True,not_(x[6]),0.6347305389221557,b4068ba57b63c959651c969331c4b5cd,0.6347305389221557,False,0.0
8,18,"greater_than_or_equal(sub(x[5],mul(x[7],x[0])), x[2])",True,"greater_than_or_equal(sub(x[5],mul(x[7],x[0])), x[2])",0.3413173652694611,beb3c56267340702370f916b272561da,0.3413173652694611,False,0.0
8,18,"greater_than_or_equal(x[5], mul(x[7],mul(add(pdiv(x[7],pdiv(add(mul(x[2],x[5]),x[5]),x[2])),add(x[7],x[0])),x[2])))",True,"greater_than_or_equal(x[5], mul(x[7],mul(add(pdiv(x[7],pdiv(add(mul(x[2],x[5]),x[5]),x[2])),add(x[7],x[0])),x[2])))",0.3173652694610778,d93fa24783aceeb515761e0439917d48,0.3173652694610778,False,0.0
8,18,"greater_than_or_equal(sub(pdiv(x[5],x[7]),x[0]), add(x[0],mul(x[5],add(x[2],x[3]))))",False,,,dda6169f4f329aa19b0bc85d9a181c46,0.3053892215568862,False,0.0
8,18,"greater_than_or_equal(pdiv(33.05,x[7]), add(x[2],x[0]))",True,"less_than_or_equal(x[2],x[2])",0.35928143712574845,bd082d42dcba8056510101f18394b575,0.35928143712574845,False,0.0
8,18,"greater_than_or_equal(x[5], mul(x[7],add(add(sub(x[3],x[7]),add(x[5],x[2])),mul(x[2],x[5]))))",False,,,c03ff6b020f9a4ae4e8a75716d10d29e,0.27544910179640714,False,0.0
8,18,"greater_than_or_equal(pdiv(x[5],x[5]), add(x[5],x[5]))",True,"not_(less_than_or_equal(pdiv(x[5],x[5]),add(x[5],x[5])))",0.4491017964071856,2218a51fb25443ecfeb7d4f388f41f4b,0.4491017964071856,False,0.0
8,18,"greater_than_or_equal(x[5], mul(x[7],mul(add(pdiv(x[7],pdiv(add(mul(x[2],x[2]),x[5]),mul(x[5],x[5]))),add(x[0],x[2])),mul(x[7],pdiv(mul(x[5],x[5]),x[0])))))",False,,,fcef8410e6a3449c166fa088cb7aa734,0.281437125748503,False,0.0
8,18,"greater_than_or_equal(x[5], x[2])",True,"not_(not_(less_than_or_equal(x[2],x[5])))",0.34730538922155685,4af53f79d9ad2ffac455113b88a02dd4,0.34730538922155685,False,0.0
8,18,"greater_than_or_equal(x[5], mul(sub(x[7],add(sub(x[3],x[5]),x[5])),mul(add(add(x[2],add(x[7],x[0])),x[2]),x[0])))",True,"or_(less_than_or_equal(sub(x[2],x[5]),mul(x[3],x[2])),not_(greater_than_or_equal(x[5], x[3])))",0.38323353293413176,cc44f38a8b2fcefff95bcc01de90856f,0.3652694610778443,True,-0.017964071856287456
8,18,"greater_than_or_equal(x[5], mul(x[7],add(x[5],mul(x[5],add(x[5],add(x[0],x[7]))))))",False,,,71dedcaf09ad1938c67ac22a86570db6,0.26347305389221554,False,0.0
8,18,"greater_than_or_equal(sub(pdiv(x[5],x[7]),mul(x[7],mul(pdiv(x[5],x[3]),mul(add(x[7],x[7]),x[7])))), add(mul(x[7],add(x[2],x[5])),add(x[2],x[5])))",False,,,4dd655985505604aaa7287425d53b401,0.27544910179640714,False,0.0
8,18,"greater_than_or_equal(pdiv(x[5],add(x[2],add(x[5],x[2]))), x[5])",True,"not_(less_than_or_equal(pdiv(x[5],x[5]),add(x[2],add(x[2],x[5]))))",0.34730538922155685,c7722e98bc65b5a2448421c1eec80ac9,0.34730538922155685,False,0.0
8,18,"greater_than_or_equal(x[5], mul(add(mul(add(x[5],x[7]),mul(x[2],x[3])),x[7]),x[7]))",False,,,3acd53982745e31083f647aae9b19a8e,0.29940119760479045,False,0.0
8,18,"greater_than_or_equal(x[5], mul(mul(x[7],x[5]),x[5]))",True,"less_than_or_equal(x[2],x[2])",0.35928143712574845,bd082d42dcba8056510101f18394b575,0.35928143712574845,False,0.0
8,18,"greater_than_or_equal(pdiv(x[2],add(x[7],add(pdiv(mul(x[7],mul(mul(pdiv(x[3],x[5]),add(x[5],x[2])),x[5])),x[5]),pdiv(x[5],x[5])))), add(x[5],x[2]))",True,not_(x[6]),0.6347305389221557,b4068ba57b63c959651c969331c4b5cd,0.6407185628742516,True,0.005988023952095856
8,18,"greater_than_or_equal(x[5], mul(x[7],x[3]))",True,"not_(less_than_or_equal(pdiv(x[5],x[3]),x[7]))",0.3413173652694611,e691e9faf9d6cf6a1c64f756c672a16e,0.3413173652694611,False,0.0
8,18,"greater_than_or_equal(pdiv(x[5],x[5]), add(mul(x[2],x[5]),x[5]))",False,,,7f1c552431c0c46dd4efbf8ab3f863dd,0.2694610778443114,False,0.0
8,18,"greater_than_or_equal(pdiv(pdiv(x[3],add(x[5],x[5])),add(sub(mul(add(x[2],x[3]),add(x[2],x[5])),x[7]),pdiv(x[5],x[0]))), pdiv(mul(x[2],add(sub(x[7],x[7]),pdiv(x[5],x[5]))),mul(mul(x[5],x[7]),pdiv(x[7],x[3]))))",False,,,8f61d80f168db1712a01e4828f283faf,0.5688622754491017,False,0.0
8,18,"not_(less_than_or_equal(pdiv(x[5],x[7]),add(x[5],pdiv(x[5],mul(mul(x[7],add(x[5],x[7])),pdiv(mul(mul(x[5],x[5]),x[2]),add(sub(x[7],x[7]),pdiv(x[5],x[5]))))))))",True,"greater_than_or_equal(x[5], mul(x[7],add(x[2],pdiv(x[5],mul(x[5],add(pdiv(x[2],30.95),mul(x[0],x[7])))))))",0.6287425149700598,d8b77ebf09c26693d0a9da97b46289d2,0.6287425149700598,False,0.0
8,18,"greater_than_or_equal(pdiv(x[5],x[5]), add(add(add(x[7],sub(mul(add(x[2],x[3]),add(x[2],x[5])),x[7])),pdiv(x[5],x[5])),x[5]))",True,not_(x[6]),0.6347305389221557,b4068ba57b63c959651c969331c4b5cd,0.6407185628742516,True,0.005988023952095856
8,18,"greater_than_or_equal(x[5], mul(x[7],mul(mul(pdiv(x[0],x[3]),add(x[5],x[5])),pdiv(mul(x[7],x[7]),x[5]))))",False,,,723d57dac35a29e2d87175ddc90e0168,0.29940119760479045,False,0.0
8,18,"greater_than_or_equal(x[7], x[2])",True,"less_than_or_equal(pdiv(add(x[2],x[5]),sub(x[2],x[7])),mul(mul(x[2],x[3]),mul(x[5],x[7])))",0.4730538922155688,6a9a868ce645e54c16a03959cbdb37f6,0.4730538922155688,False,0.0
8,18,"greater_than_or_equal(sub(pdiv(x[5],x[7]),x[3]), x[5])",True,"greater_than_or_equal(x[5], mul(x[7],add(x[5],x[3])))",0.3053892215568862,0947741ceb5018f757b589e69907d867,0.3053892215568862,False,0.0
8,18,"not_(less_than_or_equal(pdiv(pdiv(x[2],x[5]),x[3]),mul(add(x[7],x[7]),x[7])))",False,,,20774fdaeb158035be0b16ec15b2ec25,0.39520958083832336,False,0.0
8,18,"not_(less_than_or_equal(pdiv(x[5],x[5]),add(x[2],sub(x[7],x[7]))))",True,"not_(greater_than_or_equal(mul(x[7],x[2]), x[7]))",0.34730538922155685,f69cf4961d82af0c72c0014d2a401904,0.34730538922155685,False,0.0
8,18,"less_than_or_equal(add(mul(x[7],pdiv(mul(mul(x[5],x[2]),add(x[7],x[2])),x[5])),mul(x[7],add(x[7],x[2]))),x[3])",False,,,449f24574a105e5c3d469a436f343118,0.2574850299401198,False,0.0
8,18,"greater_than_or_equal(x[5], mul(x[7],mul(add(pdiv(x[7],pdiv(add(mul(x[2],x[5]),x[5]),x[2])),add(x[0],pdiv(x[3],x[3]))),add(x[7],x[5]))))",True,"not_(less_than_or_equal(pdiv(x[3],x[7]),add(x[7],pdiv(x[3],x[5]))))",0.3293413173652695,74dce5cb961f14b3bdac896efda7926c,0.2934131736526946,True,-0.03592814371257491
8,18,"greater_than_or_equal(add(add(x[0],mul(x[5],x[5])),sub(pdiv(x[5],x[5]),add(x[5],add(x[2],x[0])))), add(add(x[2],x[3]),add(x[2],x[5])))",True,"greater_than_or_equal(add(mul(x[7],sub(x[0],x[7])),x[7]), add(x[5],x[2]))",0.6586826347305389,681d8fd5d491586fb67fc0cf65def18f,0.6347305389221557,True,-0.0239520958083832
8,18,"greater_than_or_equal(x[5], mul(mul(x[7],add(pdiv(x[5],x[7]),x[7])),mul(x[5],sub(x[2],x[5]))))",True,"less_than_or_equal(x[2],x[2])",0.35928143712574845,bd082d42dcba8056510101f18394b575,0.35928143712574845,False,0.0
8,18,"greater_than_or_equal(sub(pdiv(x[5],x[7]),x[2]), x[7])",True,"greater_than_or_equal(x[5], mul(x[7],add(x[7],x[2])))",0.2455089820359282,dbe0ded9608d153cce360999e2a5fae7,0.2455089820359282,False,0.0
8,18,"less_than_or_equal(x[2],add(x[3],x[7]))",True,"less_than_or_equal(add(mul(x[7],pdiv(x[7],x[5])),x[2]),add(sub(x[7],x[7]),pdiv(69.47,sub(x[3],sub(x[2],x[7])))))",0.3652694610778443,9f33a4477d9376aa33a038db62bf19e6,0.3652694610778443,False,0.0
8,18,"greater_than_or_equal(x[5], mul(x[5],mul(x[7],add(add(x[2],x[5]),mul(x[7],add(x[7],mul(x[2],mul(mul(x[5],x[2]),x[5]))))))))",False,,,3ad37746a49fcf30298af6ef2146e78a,0.23353293413173648,False,0.0
8,18,"greater_than_or_equal(x[5], mul(x[7],add(x[7],x[5])))",True,"greater_than_or_equal(x[5], mul(x[7],add(x[7],x[5])))",0.22754491017964074,051dec5cdded21754165aaf5f887a47e,0.22754491017964074,False,0.0
8,18,"greater_than_or_equal(x[0], mul(x[7],mul(add(pdiv(x[7],x[7]),x[7]),x[2])))",False,,,5fc777fba0a26c458045d9d683652832,0.4610778443113772,False,0.0
8,18,"greater_than_or_equal(mul(pdiv(x[5],x[5]),x[2]), x[2])",True,"less_than_or_equal(x[2],x[2])",0.35928143712574845,bd082d42dcba8056510101f18394b575,0.35928143712574845,False,0.0
8,18,"greater_than_or_equal(x[5], mul(x[7],mul(add(x[3],x[2]),x[7])))",False,,,f791eeb829f1730cea32e51c4f604b8e,0.31137724550898205,False,0.0
8,18,"greater_than_or_equal(sub(pdiv(add(pdiv(x[5],x[5]),x[5]),x[3]),x[3]), add(43.06,x[2]))",True,"not_(not_(less_than_or_equal(91.64,pdiv(x[2],pdiv(x[3],x[0])))))",0.6586826347305389,9f39b412647a2bed42ce034a15293284,0.6586826347305389,False,0.0
8,18,"less_than_or_equal(add(x[2],pdiv(pdiv(mul(x[5],x[5]),x[0]),sub(sub(x[2],x[3]),x[2]))),add(sub(mul(x[5],x[5]),pdiv(92.85,pdiv(pdiv(x[7],x[2]),x[2]))),x[5]))",False,,,1578d48784f1bf46672a7485d6db6c06,0.5748502994011976,False,0.0
8,18,"greater_than_or_equal(sub(x[7],x[7]), add(x[2],x[5]))",True,not_(x[6]),0.6347305389221557,b4068ba57b63c959651c969331c4b5cd,0.6407185628742516,True,0.005988023952095856
8,18,"greater_than_or_equal(x[5], mul(x[7],mul(add(sub(sub(x[2],x[3]),x[2]),add(pdiv(mul(x[5],x[5]),pdiv(x[5],x[7])),pdiv(add(pdiv(pdiv(x[7],x[2]),x[2]),x[5]),add(x[2],x[2])))),mul(x[5],x[5]))))",False,,,fc5385d7c503aa93be4175605c5c5dca,0.5209580838323353,False,0.0
8,18,"greater_than_or_equal(add(add(x[5],x[7]),pdiv(mul(mul(x[5],x[5]),x[2]),add(sub(x[7],x[7]),pdiv(x[5],x[5])))), mul(mul(x[5],x[7]),pdiv(x[7],x[3])))",True,"greater_than_or_equal(x[3], sub(x[7],x[3]))",0.3652694610778443,a7b9e31becf00bfd915f97221bdf1f72,0.33532934131736525,True,-0.029940119760479056
8,18,"greater_than_or_equal(pdiv(x[5],mul(x[7],mul(x[7],pdiv(x[5],x[5])))), 51.90)",True,"greater_than_or_equal(x[5], mul(x[7],mul(add(sub(x[7],x[7]),x[7]),add(sub(67.44,x[0]),sub(pdiv(x[5],x[7]),x[3])))))",0.5748502994011976,f9fd89441ea09e8222bb716d0d846afc,0.5688622754491017,True,-0.005988023952095856
8,18,"not_(less_than_or_equal(pdiv(x[5],x[5]),add(x[7],mul(mul(x[3],x[7]),x[7]))))",True,"greater_than_or_equal(pdiv(x[5],x[5]), add(x[7],mul(mul(x[3],x[7]),x[7])))",0.2934131736526946,ff84bd6891839290c14ba195b5fbd152,0.2934131736526946,False,0.0
8,18,"greater_than_or_equal(pdiv(x[5],sub(mul(x[0],pdiv(add(x[3],x[3]),x[5])),add(x[2],x[2]))), x[5])",False,,,bfa7668d51844c6fa2bd16c3f1d0b048,0.5449101796407185,False,0.0
8,18,"greater_than_or_equal(pdiv(x[5],x[5]), add(x[2],x[7]))",True,"less_than_or_equal(add(mul(x[7],pdiv(x[5],x[5])),x[2]),add(sub(x[7],x[7]),pdiv(69.44,sub(x[3],x[3]))))",0.19161676646706582,14c6e007ad625f3839f568e9ee8a86e1,0.19161676646706582,False,0.0
8,18,"not_(less_than_or_equal(x[5],x[5]))",True,not_(x[6]),0.6347305389221557,b4068ba57b63c959651c969331c4b5cd,0.6407185628742516,True,0.005988023952095856
8,18,"greater_than_or_equal(pdiv(pdiv(x[5],x[5]),add(pdiv(x[2],mul(x[0],x[5])),x[5])), add(x[7],mul(add(x[5],add(x[2],x[2])),x[0])))",False,,,5f94ea47bdd5a44d7b3df156b57588dc,0.29940119760479045,False,0.0
8,18,"greater_than_or_equal(sub(add(x[5],x[2]),mul(x[5],add(x[2],x[2]))), x[5])",False,,,6c953b09b3ad48bf8d593335b4498c41,0.43113772455089816,False,0.0
8,18,"greater_than_or_equal(sub(x[5],mul(x[7],x[0])), x[5])",True,"less_than_or_equal(mul(add(x[0],x[0]),add(x[2],x[5])),sub(add(x[2],x[3]),add(x[3],x[2])))",0.3892215568862275,c9704e311ac7e289734d4b5a1bdc086f,0.3892215568862275,False,0.0
8,18,"not_(greater_than_or_equal(x[5], x[2]))",True,"less_than_or_equal(x[5],x[2])",0.652694610778443,6fb17002302e404122653cf2c68db553,0.652694610778443,False,0.0
8,18,"greater_than_or_equal(pdiv(x[5],add(x[2],pdiv(add(sub(x[2],x[5]),x[2]),sub(pdiv(pdiv(x[5],x[5]),add(x[2],x[3])),add(x[5],x[0]))))), pdiv(pdiv(add(x[5],x[0]),sub(pdiv(x[5],x[5]),x[2])),add(pdiv(x[5],x[2]),mul(x[3],x[5]))))",False,,,a30a689b5f1c77569f87cb0dd7527796,0.5568862275449102,False,0.0
8,18,"not_(less_than_or_equal(pdiv(x[5],sub(add(add(sub(mul(x[2],x[5]),mul(x[2],add(x[7],add(pdiv(x[3],93.09),pdiv(x[5],x[7]))))),mul(x[7],add(pdiv(x[5],x[3]),mul(add(x[7],x[7]),x[7])))),x[7]),x[5])),x[5]))",False,,,81d5668c8d11cb2fe67c9414f227f07d,0.5748502994011976,False,0.0
8,18,"not_(less_than_or_equal(pdiv(x[5],x[5]),add(x[5],x[3])))",True,"not_(less_than_or_equal(pdiv(x[5],x[5]),add(x[5],x[3])))",0.49101796407185627,bb45d530dc44268633eeb136f814ec83,0.49101796407185627,False,0.0
8,18,"greater_than_or_equal(pdiv(x[7],add(x[5],x[3])), x[7])",True,"not_(less_than_or_equal(pdiv(x[5],x[5]),add(x[5],x[3])))",0.49101796407185627,bb45d530dc44268633eeb136f814ec83,0.49101796407185627,False,0.0
8,18,"not_(less_than_or_equal(pdiv(x[3],x[2]),mul(x[5],mul(x[7],add(add(sub(pdiv(pdiv(x[7],add(x[5],x[7])),x[2]),add(x[2],x[3])),add(pdiv(x[3],pdiv(x[7],add(x[2],x[7]))),pdiv(x[3],x[7]))),x[3])))))",False,,,1dce1d3aebef907bf3eebeb5efabda57,0.3173652694610778,False,0.0
8,18,"greater_than_or_equal(sub(pdiv(x[5],x[7]),pdiv(x[0],pdiv(x[2],x[3]))), x[7])",False,,,620d83e9008db2a44d2d1abfd4c74e0d,0.3413173652694611,False,0.0
8,18,"greater_than_or_equal(sub(add(x[5],x[7]),mul(x[7],add(x[7],x[2]))), x[7])",True,"greater_than_or_equal(x[5], mul(x[7],add(x[7],x[2])))",0.2455089820359282,dbe0ded9608d153cce360999e2a5fae7,0.2455089820359282,False,0.0
8,18,"greater_than_or_equal(pdiv(x[7],add(x[2],x[5])), x[2])",True,"not_(less_than_or_equal(pdiv(x[7],x[2]),add(x[5],x[2])))",0.40718562874251496,8ffa917118b10ef070e6bcd2c1e2fba4,0.40718562874251496,False,0.0
8,18,"greater_than_or_equal(sub(pdiv(pdiv(add(mul(x[7],add(x[5],x[2])),sub(x[3],mul(x[5],x[5]))),add(mul(x[2],x[0]),x[5])),x[5]),add(add(pdiv(x[7],add(x[7],x[3])),x[3]),x[3])), x[7])",False,,,695cc5c2a252001a73021b269a03f1c4,0.4730538922155688,False,0.0
8,18,"greater_than_or_equal(x[5], mul(x[7],add(x[3],x[2])))",True,"not_(greater_than_or_equal(mul(x[7],add(x[3],x[2])), add(x[5],mul(sub(x[5],x[5]),sub(add(08.46,x[3]),add(pdiv(x[5],x[7]),sub(x[7],x[5])))))))",0.31137724550898205,e4f020371c9c4af4bedc99e9207ee51f,0.31137724550898205,False,0.0
8,18,"not_(less_than_or_equal(pdiv(x[5],x[3]),x[7]))",True,"not_(less_than_or_equal(pdiv(x[5],x[3]),x[7]))",0.3413173652694611,e691e9faf9d6cf6a1c64f756c672a16e,0.3413173652694611,False,0.0
8,18,"greater_than_or_equal(00.99, mul(x[5],add(x[7],x[5])))",False,,,a6d9446fead7a593fba5a5ea89146e25,0.281437125748503,False,0.0
8,18,"not_(less_than_or_equal(pdiv(x[5],x[5]),add(sub(pdiv(x[5],x[7]),mul(x[7],add(x[0],x[2]))),x[7])))",False,,,0f465c3779a32223cdc8167baaebfa31,0.688622754491018,False,0.0
8,18,"greater_than_or_equal(add(sub(x[2],x[5]),mul(x[5],mul(x[7],add(x[7],mul(pdiv(x[3],x[5]),x[5]))))), add(x[2],x[5]))",True,not_(x[6]),0.6347305389221557,b4068ba57b63c959651c969331c4b5cd,0.6347305389221557,False,0.0
8,18,"greater_than_or_equal(x[5], mul(x[7],mul(add(pdiv(x[7],x[7]),x[7]),x[5])))",True,"greater_than_or_equal(pdiv(x[5],x[5]), add(x[7],mul(x[7],x[7])))",0.22155688622754488,6ebc9093742e2fb247866417bd7ae5cb,0.22155688622754488,False,0.0
8,18,"greater_than_or_equal(pdiv(x[5],x[5]), add(sub(x[5],x[5]),add(add(x[7],x[0]),x[2])))",True,"greater_than_or_equal(pdiv(x[5],x[5]), add(add(x[7],x[0]),x[2]))",0.20359281437125754,2c8ba4c0896bdabce262eefb429de9c2,0.20359281437125754,False,0.0
8,18,"greater_than_or_equal(pdiv(add(x[3],mul(x[5],x[5])),sub(pdiv(x[7],x[5]),add(98.90,add(x[7],x[5])))), add(sub(x[2],x[5]),x[7]))",True,"greater_than_or_equal(x[5], mul(x[7],add(x[7],pdiv(69.44,sub(x[3],x[3])))))",0.33532934131736525,0f74d2b510468dfb01b807a5013ba7de,0.39520958083832336,True,0.05988023952095811
8,18,"less_than_or_equal(add(mul(x[7],pdiv(x[5],x[5])),x[2]),add(sub(x[0],x[7]),add(69.44,sub(x[3],x[3]))))",True,"less_than_or_equal(x[2],x[2])",0.35928143712574845,bd082d42dcba8056510101f18394b575,0.35928143712574845,False,0.0
8,18,"greater_than_or_equal(pdiv(x[5],x[5]), add(x[5],add(x[2],x[7])))",True,"not_(less_than_or_equal(pdiv(x[5],x[5]),add(x[7],add(x[5],x[2]))))",0.43113772455089816,8cf561ba4c6eb87a09aeba55043ea0f9,0.43113772455089816,False,0.0
8,18,"not_(less_than_or_equal(pdiv(x[5],x[5]),x[7]))",True,"not_(less_than_or_equal(pdiv(x[5],x[5]),add(pdiv(x[2],96.92),x[7])))",0.39520958083832336,db0e6c3409e9b2885c8014a7de8788af,0.39520958083832336,False,0.0
8,18,"less_than_or_equal(pdiv(x[5],x[7]),pdiv(x[5],x[5]))",True,"greater_than_or_equal(x[7], x[5])",0.6107784431137724,793f9fa4aca1502cfe0a9ed6ab91b83c,0.6107784431137724,False,0.0
8,18,"greater_than_or_equal(x[5], mul(x[3],x[5]))",True,"less_than_or_equal(x[2],x[2])",0.35928143712574845,bd082d42dcba8056510101f18394b575,0.35928143712574845,False,0.0
8,18,"greater_than_or_equal(x[2], mul(x[5],mul(x[7],add(add(x[0],x[7]),x[3]))))",False,,,13e6982aac5b5a378ea7a28abf1bd0bd,0.4491017964071856,False,0.0
8,18,"greater_than_or_equal(pdiv(x[5],x[2]), pdiv(x[5],x[5]))",True,"not_(not_(less_than_or_equal(x[2],x[5])))",0.34730538922155685,4af53f79d9ad2ffac455113b88a02dd4,0.34730538922155685,False,0.0
8,18,"greater_than_or_equal(pdiv(x[5],add(pdiv(pdiv(x[5],x[5]),add(x[3],x[0])),sub(x[2],x[2]))), add(x[7],x[0]))",False,,,dab59ce79fd13a43a3f06ab84cadcbaf,0.5029940119760479,False,0.0
8,18,"less_than_or_equal(mul(add(x[5],x[5]),pdiv(x[5],x[5])),x[5])",True,not_(x[6]),0.6347305389221557,b4068ba57b63c959651c969331c4b5cd,0.6347305389221557,False,0.0
8,18,"greater_than_or_equal(pdiv(x[5],mul(pdiv(sub(x[5],add(x[2],x[2])),add(x[0],x[5])),x[5])), mul(x[5],add(add(pdiv(x[7],add(x[7],mul(pdiv(x[3],x[3]),x[7]))),x[3]),x[7])))",False,,,956c133117a1eb4fa24c463cc934c2b4,0.4131736526946108,False,0.0
8,18,"greater_than_or_equal(sub(add(x[5],x[2]),mul(x[7],add(x[0],x[5]))), x[7])",False,,,aeed5e82d02e4d08cf778728f9735850,0.3293413173652695,False,0.0
8,18,"not_(less_than_or_equal(pdiv(x[5],x[5]),add(x[5],x[2])))",True,"not_(less_than_or_equal(pdiv(x[5],x[5]),add(x[5],x[2])))",0.2455089820359282,5825d6d8d32996f2f81bb41cc0bfa92f,0.2455089820359282,False,0.0
8,18,"greater_than_or_equal(sub(pdiv(x[3],x[7]),x[7]), add(mul(x[2],x[5]),x[7]))",False,,,97ae396b388e9d2e78018286d74c6117,0.27544910179640714,False,0.0
8,18,"greater_than_or_equal(x[5], mul(x[7],add(x[2],x[7])))",True,"greater_than_or_equal(x[5], mul(x[7],add(x[7],x[2])))",0.2455089820359282,dbe0ded9608d153cce360999e2a5fae7,0.2455089820359282,False,0.0
8,18,"greater_than_or_equal(x[5], mul(x[7],add(add(sub(x[2],x[7]),add(sub(mul(x[7],pdiv(add(add(x[2],x[3]),add(pdiv(x[3],pdiv(x[7],add(x[2],x[7]))),pdiv(x[3],x[7]))),x[3])),x[5]),x[5])),add(x[2],x[5]))))",False,,,a3030efbde5a42a6fa14984f92eb0aee,0.4491017964071856,False,0.0
8,18,"greater_than_or_equal(pdiv(pdiv(x[5],x[5]),add(pdiv(x[2],mul(x[3],add(pdiv(x[5],sub(add(sub(x[2],pdiv(mul(x[5],mul(x[2],add(x[5],x[2]))),x[5])),mul(x[7],add(x[7],x[3]))),x[7])),x[7]))),add(x[7],x[2]))), x[7])",False,,,5390e7d6f292d7a4fdab682324331175,0.26347305389221554,False,0.0
8,18,"greater_than_or_equal(pdiv(add(pdiv(x[5],sub(add(add(x[2],x[5]),x[5]),mul(x[2],add(x[5],x[2])))),x[2]),sub(x[5],x[5])), pdiv(x[2],x[5]))",True,"not_(not_(less_than_or_equal(x[2],x[5])))",0.34730538922155685,4af53f79d9ad2ffac455113b88a02dd4,0.3413173652694611,True,-0.0059880239520957446
8,18,"not_(less_than_or_equal(pdiv(x[5],x[7]),add(x[2],x[7])))",True,"greater_than_or_equal(x[5], mul(x[7],add(x[7],x[2])))",0.2455089820359282,dbe0ded9608d153cce360999e2a5fae7,0.2455089820359282,False,0.0
8,18,"not_(less_than_or_equal(pdiv(pdiv(x[5],x[7]),add(x[7],x[7])),add(x[7],x[2])))",False,,,79b1bb8b7e3a129ccc7a8f401d662051,0.23353293413173648,False,0.0
8,18,"greater_than_or_equal(x[0], mul(pdiv(x[7],add(sub(x[3],x[7]),add(x[2],x[5]))),mul(x[2],add(add(x[5],x[2]),x[5]))))",False,,,0421300ecebd70608243aa127db728d6,0.47904191616766467,False,0.0
8,18,"greater_than_or_equal(pdiv(x[5],x[5]), add(add(x[2],mul(x[2],mul(sub(x[7],x[7]),pdiv(x[5],x[5])))),mul(mul(x[5],x[7]),pdiv(x[7],x[3]))))",False,,,6ab0b079c2751e9a5a32024dfd850737,0.2694610778443114,False,0.0
8,18,"greater_than_or_equal(pdiv(x[5],x[5]), add(x[0],add(add(x[2],x[3]),add(x[2],x[5]))))",False,,,922adb5b02bf705b91e4ba6f926a70c6,0.5808383233532934,False,0.0
8,18,"greater_than_or_equal(pdiv(x[5],x[5]), add(x[2],x[2]))",True,"not_(less_than_or_equal(pdiv(x[5],x[5]),add(x[2],x[2])))",0.25149700598802394,b1dd33075a09479c47bb17a355eef7af,0.25149700598802394,False,0.0
8,18,"greater_than_or_equal(x[7], add(x[5],x[2]))",True,"greater_than_or_equal(x[7], mul(add(x[2],x[5]),pdiv(x[7],x[7])))",0.6167664670658682,416dcf46c8881ba7fb0ffdc2f0629f37,0.6167664670658682,False,0.0
8,18,"greater_than_or_equal(pdiv(x[5],mul(x[3],x[7])), add(add(sub(x[2],sub(x[0],x[3])),mul(x[5],add(x[7],x[2]))),mul(x[7],x[5])))",False,,,12a72257d8d51bfe393495e44ac22e39,0.29940119760479045,False,0.0
8,18,"not_(less_than_or_equal(pdiv(x[5],x[7]),add(x[5],pdiv(x[7],add(add(pdiv(x[7],x[2]),add(x[2],x[3])),add(pdiv(x[3],pdiv(x[7],add(x[2],x[7]))),pdiv(x[3],x[7])))))))",False,,,53dab3f41150d610b41122fd73c431d2,0.3173652694610778,False,0.0
8,18,"less_than_or_equal(sub(sub(pdiv(add(x[2],x[7]),add(x[2],x[7])),x[7]),x[7]),add(sub(x[7],sub(sub(mul(x[5],mul(x[5],add(x[2],x[7]))),add(mul(x[3],x[7]),add(x[5],x[7]))),x[2])),add(x[5],x[5])))",True,"less_than_or_equal(x[2],x[2])",0.35928143712574845,bd082d42dcba8056510101f18394b575,0.3652694610778443,True,0.005988023952095856
8,18,"greater_than_or_equal(sub(pdiv(x[5],mul(x[7],add(x[5],x[2]))),sub(x[3],pdiv(x[5],x[7]))), add(x[2],x[7]))",False,,,5be15e126cd36e49a3f548147472f4b2,0.29940119760479045,False,0.0
8,18,"not_(less_than_or_equal(pdiv(x[5],x[5]),add(mul(x[5],add(x[2],x[3])),add(x[0],x[7]))))",False,,,652f88695d54970081522bcf84133d3b,0.281437125748503,False,0.0
8,18,"greater_than_or_equal(x[5], mul(x[7],add(x[2],pdiv(pdiv(mul(x[5],x[5]),add(x[5],x[7])),x[5]))))",False,,,04f11e2d35207fc24fb1cc789df684ef,0.26347305389221554,False,0.0
8,18,"greater_than_or_equal(pdiv(pdiv(x[5],mul(x[7],mul(mul(pdiv(90.09,pdiv(x[5],add(sub(mul(add(x[2],x[3]),add(x[2],x[5])),x[7]),pdiv(x[5],x[5])))),x[5]),x[2]))),add(sub(x[7],x[7]),pdiv(x[5],x[5]))), mul(mul(x[5],x[7]),pdiv(x[7],x[3])))",False,,,f148fc3899feea6337221c96c24a056c,0.3293413173652695,False,0.0
8,18,"less_than_or_equal(mul(x[5],add(x[7],x[2])),mul(x[7],x[5]))",True,"greater_than_or_equal(pdiv(mul(x[5],x[2]),pdiv(x[2],x[5])), add(sub(x[7],x[7]),add(x[5],x[0])))",0.6107784431137724,ec48eb4aba9f475884bcf9e8f28adadc,0.6107784431137724,False,0.0
8,18,"not_(less_than_or_equal(pdiv(x[5],x[5]),x[0]))",True,"less_than_or_equal(x[2],x[2])",0.35928143712574845,bd082d42dcba8056510101f18394b575,0.3652694610778443,True,0.005988023952095856
8,18,"greater_than_or_equal(sub(pdiv(pdiv(x[5],x[7]),add(x[7],x[2])),add(add(x[5],x[2]),x[5])), mul(x[7],add(93.94,x[5])))",True,"greater_than_or_equal(x[5], mul(x[7],mul(add(sub(x[7],x[7]),x[7]),add(sub(67.44,x[0]),sub(pdiv(x[5],x[7]),x[3])))))",0.5748502994011976,f9fd89441ea09e8222bb716d0d846afc,0.5449101796407185,True,-0.029940119760479056
8,18,"not_(less_than_or_equal(x[5],x[5]))",True,not_(x[6]),0.6347305389221557,b4068ba57b63c959651c969331c4b5cd,0.6407185628742516,True,0.005988023952095856
8,18,"greater_than_or_equal(pdiv(x[5],x[5]), add(x[7],30.46))",True,not_(x[6]),0.6347305389221557,b4068ba57b63c959651c969331c4b5cd,0.6407185628742516,True,0.005988023952095856
8,18,"not_(less_than_or_equal(pdiv(x[5],pdiv(add(x[2],x[5]),x[5])),add(x[7],x[2])))",False,,,93511222f6446c52b88e8f62b0ab5b94,0.437125748502994,False,0.0
8,18,"less_than_or_equal(add(mul(x[0],pdiv(x[5],x[5])),x[2]),add(sub(x[7],x[7]),pdiv(69.44,sub(x[3],x[3]))))",True,"not_(less_than_or_equal(pdiv(x[5],x[5]),add(x[0],x[2])))",0.34730538922155685,c426607f0a92b79fd094d06b3453a190,0.34730538922155685,False,0.0
8,18,"greater_than_or_equal(x[5], mul(sub(add(mul(x[5],add(x[2],x[5])),add(x[2],x[5])),x[5]),add(x[7],pdiv(pdiv(x[2],add(x[7],x[0])),x[2]))))",True,"greater_than_or_equal(x[5], mul(x[7],add(x[2],pdiv(x[5],mul(x[5],add(pdiv(x[2],30.95),mul(x[0],x[7])))))))",0.6287425149700598,d8b77ebf09c26693d0a9da97b46289d2,0.6227544910179641,True,-0.0059880239520957446
8,18,"greater_than_or_equal(x[5], mul(x[2],mul(add(pdiv(x[5],x[5]),x[3]),add(x[3],pdiv(29.45,x[2])))))",True,"greater_than_or_equal(pdiv(mul(x[5],x[2]),pdiv(x[2],x[5])), add(sub(x[7],x[7]),add(x[5],x[0])))",0.6107784431137724,ec48eb4aba9f475884bcf9e8f28adadc,0.6167664670658682,True,0.005988023952095856
8,18,"greater_than_or_equal(x[5], mul(x[7],add(pdiv(42.04,x[5]),pdiv(pdiv(sub(pdiv(add(x[2],x[2]),x[5]),x[7]),x[0]),x[5]))))",True,not_(x[6]),0.6347305389221557,b4068ba57b63c959651c969331c4b5cd,0.6407185628742516,True,0.005988023952095856
8,18,"greater_than_or_equal(x[5], x[2])",True,"not_(not_(less_than_or_equal(x[2],x[5])))",0.34730538922155685,4af53f79d9ad2ffac455113b88a02dd4,0.34730538922155685,False,0.0
8,18,"greater_than_or_equal(x[5], mul(x[7],add(x[2],x[2])))",True,"not_(greater_than_or_equal(mul(x[7],add(x[2],x[2])), x[5]))",0.27544910179640714,f7539509fdd5f9bf93cc165393e6bf21,0.27544910179640714,False,0.0
8,18,"greater_than_or_equal(x[5], add(sub(x[5],add(x[2],x[2])),x[3]))",False,,,5b4210b34b26b4cd1ec8db1512d8b0bc,0.6227544910179641,False,0.0
8,18,"greater_than_or_equal(pdiv(x[5],19.47), x[2])",True,"greater_than_or_equal(pdiv(mul(x[5],x[2]),pdiv(x[2],x[5])), add(sub(x[7],x[7]),add(x[5],x[0])))",0.6107784431137724,ec48eb4aba9f475884bcf9e8f28adadc,0.6167664670658682,True,0.005988023952095856
8,18,"not_(less_than_or_equal(pdiv(x[5],x[2]),add(pdiv(x[5],add(pdiv(pdiv(mul(mul(x[5],x[7]),x[7]),mul(add(x[7],x[2]),mul(x[7],x[5]))),x[2]),x[0])),x[7])))",False,,,1dda4d98b9bf196eb5185eb4b4d1b022,0.28742514970059885,False,0.0
8,18,"greater_than_or_equal(sub(pdiv(pdiv(x[5],x[5]),x[7]),x[7]), x[3])",False,,,2acb0e54c4fe677e694dbb280bb03833,0.31137724550898205,False,0.0
8,18,"greater_than_or_equal(x[5], mul(x[7],add(add(sub(x[2],x[7]),add(x[5],x[7])),mul(x[7],add(mul(x[7],add(mul(x[7],add(add(x[0],x[7]),pdiv(pdiv(mul(x[3],add(x[2],x[7])),x[7]),pdiv(x[5],x[5])))),x[5])),x[2])))))",True,"greater_than_or_equal(sub(pdiv(x[5],x[7]),mul(x[7],add(x[7],x[7]))), add(x[5],x[2]))",0.27544910179640714,f4a1b61f5d547d234714bee9745cd081,0.2455089820359282,True,-0.029940119760478945
8,18,"greater_than_or_equal(pdiv(x[5],sub(x[5],x[2])), add(x[2],58.94))",True,not_(x[6]),0.6347305389221557,b4068ba57b63c959651c969331c4b5cd,0.6467065868263473,True,0.0119760479041916
8,18,"greater_than_or_equal(pdiv(x[5],add(x[2],x[5])), x[7])",True,"greater_than_or_equal(x[5], mul(x[7],add(x[5],x[2])))",0.23353293413173648,49521aab13419e9d4582e656c37790ef,0.23353293413173648,False,0.0
8,18,"greater_than_or_equal(sub(pdiv(x[5],x[7]),mul(x[7],x[2])), x[5])",False,,,afa8642512968d1b4535f7b1d2fb82d9,0.23952095808383234,False,0.0
8,18,"not_(less_than_or_equal(pdiv(pdiv(x[5],x[5]),add(sub(x[3],mul(x[5],x[7])),add(x[2],x[7]))),x[2]))",True,"not_(less_than_or_equal(pdiv(pdiv(x[5],x[5]),add(sub(x[3],mul(x[5],x[7])),add(x[2],x[7]))),x[2]))",0.3173652694610778,4190ff1a1f9c96ffd2ac9acc6d49819f,0.3173652694610778,False,0.0
8,18,"less_than_or_equal(add(mul(mul(x[7],add(x[3],x[7])),x[2]),add(x[5],x[2])),add(sub(x[7],x[7]),pdiv(x[5],x[5])))",False,,,a06bf9393f099af7cf1e705bc66f92b1,0.22754491017964074,False,0.0
8,18,"greater_than_or_equal(x[5], mul(x[7],add(x[7],x[5])))",True,"greater_than_or_equal(x[5], mul(x[7],add(x[7],x[5])))",0.22754491017964074,051dec5cdded21754165aaf5f887a47e,0.22754491017964074,False,0.0
8,18,"greater_than_or_equal(pdiv(x[5],mul(pdiv(add(add(x[7],35.40),x[2]),mul(x[7],x[5])),x[2])), x[0])",True,"less_than_or_equal(mul(add(x[0],x[0]),add(x[2],x[5])),sub(add(x[2],x[3]),add(x[3],x[2])))",0.3892215568862275,c9704e311ac7e289734d4b5a1bdc086f,0.38323353293413176,True,-0.0059880239520957446
8,18,"greater_than_or_equal(sub(pdiv(pdiv(x[5],add(x[7],add(x[3],x[3]))),x[5]),add(x[0],x[2])), x[5])",False,,,8629d912ce8ed5240b1f679d515e5bbe,0.40718562874251496,False,0.0
8,18,"greater_than_or_equal(pdiv(x[5],x[5]), add(add(x[7],x[0]),x[2]))",True,"greater_than_or_equal(pdiv(x[5],x[5]), add(add(x[7],x[0]),x[2]))",0.20359281437125754,2c8ba4c0896bdabce262eefb429de9c2,0.20359281437125754,False,0.0
8,18,"less_than_or_equal(add(mul(x[3],pdiv(x[5],x[5])),x[2]),add(sub(x[7],x[7]),pdiv(69.44,sub(x[3],x[5]))))",True,"not_(less_than_or_equal(x[3],x[5]))",0.49101796407185627,afe2b4bc33e70a8895f2048551a197b2,0.49101796407185627,False,0.0
8,18,"greater_than_or_equal(x[5], mul(sub(x[7],add(sub(x[3],mul(mul(x[3],x[5]),x[3])),mul(sub(x[2],sub(x[3],mul(x[5],04.19))),sub(x[2],add(x[2],x[3]))))),add(pdiv(x[3],pdiv(x[7],add(x[2],x[7]))),pdiv(x[3],x[7]))))",False,,,ee5176f99f416ce2e6c483290e4efbf2,0.5748502994011976,False,0.0
8,18,"greater_than_or_equal(sub(pdiv(x[5],x[7]),x[2]), mul(x[7],add(79.49,x[5])))",False,,,a4af92dd0989249e6bba1ea30863b487,0.5868263473053892,False,0.0
8,18,"greater_than_or_equal(add(x[7],x[7]), add(x[2],x[0]))",False,,,3d4bdad3e3a4b010a34c6a379e170020,0.4850299401197605,False,0.0
8,18,"less_than_or_equal(add(mul(x[7],pdiv(x[5],x[5])),x[2]),add(sub(x[7],x[7]),pdiv(69.44,sub(x[3],x[3]))))",True,"less_than_or_equal(add(mul(x[7],pdiv(x[5],x[5])),x[2]),add(sub(x[7],x[7]),pdiv(69.44,sub(x[3],x[3]))))",0.19161676646706582,14c6e007ad625f3839f568e9ee8a86e1,0.1428571428571429,True,-0.04875962360992292
8,19,"greater_than_or_equal(x[5], mul(x[7],mul(x[7],x[5])))",True,"less_than_or_equal(x[2],x[2])",0.35928143712574845,bd082d42dcba8056510101f18394b575,0.35928143712574845,False,0.0
8,19,"greater_than_or_equal(sub(pdiv(x[5],x[0]),mul(x[7],add(x[2],pdiv(add(x[5],x[2]),add(x[7],x[7]))))), add(x[5],x[5]))",False,,,47db09cb7323952c5ff459e52ac51709,0.5508982035928144,False,0.0
8,19,"not_(less_than_or_equal(pdiv(x[5],x[7]),add(x[5],mul(x[5],add(x[7],x[5])))))",True,"not_(less_than_or_equal(pdiv(x[5],x[7]),add(x[5],mul(x[5],add(x[7],x[5])))))",0.26347305389221554,6050d6d251a5a3431ff62831b7be63a8,0.26347305389221554,False,0.0
8,19,"greater_than_or_equal(sub(pdiv(pdiv(x[5],x[7]),x[7]),mul(add(x[5],add(x[7],x[0])),pdiv(x[5],pdiv(pdiv(add(x[2],x[3]),x[5]),x[5])))), add(x[2],x[5]))",False,,,0a3991074de968b032cf316a167a3e86,0.21556886227544914,False,0.0
8,19,"greater_than_or_equal(pdiv(pdiv(x[5],x[5]),add(pdiv(x[2],mul(x[3],add(pdiv(x[5],x[3]),add(x[2],add(mul(x[5],x[5]),add(x[5],x[2])))))),add(x[7],x[0]))), x[2])",False,,,aa8aae40150de5776c6269eda97a1e9e,0.3173652694610778,False,0.0
8,19,"not_(less_than_or_equal(pdiv(x[5],mul(x[2],pdiv(x[5],x[2]))),x[5]))",False,,,815d241b57f7b16cea9a6f9e7fcb639d,0.3293413173652695,False,0.0
8,19,"less_than_or_equal(add(mul(mul(x[7],add(x[5],mul(x[2],mul(x[7],x[2])))),x[5]),sub(add(add(x[5],x[2]),x[5]),mul(x[7],add(x[7],x[2])))),x[3])",False,,,c073788a588b9c1c5882bc777db30c02,0.6287425149700598,False,0.0
8,19,"greater_than_or_equal(x[0], x[7])",True,"less_than_or_equal(x[7],x[0])",0.5449101796407185,be077d9307e8548c7420a3c3b9c6aaf2,0.5449101796407185,False,0.0
8,19,"greater_than_or_equal(pdiv(x[5],pdiv(x[5],sub(add(add(x[2],x[5]),x[5]),mul(x[2],add(x[5],x[2]))))), x[5])",True,"not_(greater_than_or_equal(mul(x[7],x[2]), x[7]))",0.34730538922155685,f69cf4961d82af0c72c0014d2a401904,0.34730538922155685,False,0.0
8,19,"greater_than_or_equal(sub(pdiv(x[7],x[3]),add(mul(x[5],add(mul(x[7],mul(x[5],x[5])),x[3])),x[5])), add(x[5],x[2]))",False,,,663d27536c44b5f8464e676a308d859b,0.6586826347305389,False,0.0
8,19,"greater_than_or_equal(x[5], mul(x[5],add(x[2],x[0])))",True,"not_(less_than_or_equal(pdiv(x[5],x[5]),add(x[0],x[2])))",0.34730538922155685,c426607f0a92b79fd094d06b3453a190,0.34730538922155685,False,0.0
8,19,"greater_than_or_equal(pdiv(x[5],mul(x[7],sub(x[2],mul(x[2],mul(x[3],add(x[2],x[5])))))), x[2])",False,,,f232d4ad17bb4ac5cc5490c1e608ba7f,0.3173652694610778,False,0.0
8,19,"not_(less_than_or_equal(pdiv(x[5],mul(x[2],x[7])),sub(add(x[3],x[7]),mul(x[7],add(x[5],x[5])))))",True,"greater_than_or_equal(add(mul(x[0],x[3]),pdiv(x[5],x[3])), x[2])",0.3293413173652695,f0c5da2fb3fda6018ebf0885b8c1ea67,0.33532934131736525,True,0.0059880239520957446
8,19,"greater_than_or_equal(pdiv(x[5],mul(pdiv(pdiv(mul(x[5],add(x[5],x[2])),x[5]),mul(x[5],mul(x[7],add(x[7],mul(pdiv(x[3],x[5]),x[5]))))),add(x[2],x[5]))), x[5])",False,,,9a272549663e864cccc758121addb8a3,0.6167664670658682,False,0.0
8,19,"greater_than_or_equal(pdiv(pdiv(x[5],x[5]),add(pdiv(x[2],mul(x[0],x[5])),x[5])), add(x[7],mul(mul(x[3],x[7]),add(x[5],x[3]))))",True,"greater_than_or_equal(pdiv(pdiv(x[5],x[5]),add(pdiv(x[2],mul(x[0],x[5])),x[5])), add(x[7],mul(mul(x[3],x[7]),add(x[5],x[3]))))",0.281437125748503,f12cecf349880fb1e308e326138aea98,0.281437125748503,False,0.0
8,19,"less_than_or_equal(mul(x[7],x[2]),x[5])",True,"less_than_or_equal(sub(mul(x[2],x[7]),mul(x[0],x[7])),x[5])",0.34730538922155685,67e5c7a497be3e968ea5c2bd6433af6d,0.33532934131736525,True,-0.0119760479041916
8,19,"greater_than_or_equal(pdiv(x[5],x[5]), add(x[2],x[3]))",True,"not_(less_than_or_equal(pdiv(x[5],x[5]),add(x[2],x[3])))",0.2694610778443114,8e10ebf505ba211742b7164524309595,0.2694610778443114,False,0.0
8,19,"greater_than_or_equal(x[5], mul(x[7],add(x[5],x[2])))",True,"greater_than_or_equal(x[5], mul(x[7],add(x[5],x[2])))",0.23353293413173648,49521aab13419e9d4582e656c37790ef,0.23353293413173648,False,0.0
8,19,"less_than_or_equal(x[2],x[7])",True,"less_than_or_equal(pdiv(add(x[2],x[5]),sub(x[2],x[7])),mul(mul(x[2],x[3]),mul(x[5],x[7])))",0.4730538922155688,6a9a868ce645e54c16a03959cbdb37f6,0.4730538922155688,False,0.0
8,19,"not_(less_than_or_equal(pdiv(add(mul(x[5],add(x[0],mul(x[3],mul(sub(pdiv(x[0],x[3]),mul(x[5],74.92)),x[7])))),add(x[7],x[5])),x[3]),x[3]))",False,,,a03e43cf435e28ca521c8c78520920bc,0.592814371257485,False,0.0
8,19,"greater_than_or_equal(x[5], mul(x[7],pdiv(x[5],x[5])))",True,"greater_than_or_equal(x[5], x[7])",0.3892215568862275,ca29d589a2290a0489371628a6b32bf4,0.3892215568862275,False,0.0
8,19,not_(x[6]),True,not_(x[6]),0.6347305389221557,b4068ba57b63c959651c969331c4b5cd,0.6347305389221557,False,0.0
8,19,"greater_than_or_equal(pdiv(x[5],mul(x[7],add(add(mul(x[7],add(mul(x[7],add(mul(x[0],add(add(mul(mul(x[7],pdiv(pdiv(mul(x[3],add(x[2],x[7])),x[0]),x[7])),pdiv(x[5],x[2])),x[5]),x[5])),x[5])),add(x[7],x[0]))),x[2]),x[0]))), add(add(x[2],x[3]),add(x[2],x[2])))",False,,,6399add0b463406367398e59939c7d68,0.2574850299401198,False,0.0
8,19,"greater_than_or_equal(pdiv(x[5],sub(97.94,mul(x[7],add(x[2],x[5])))), x[7])",True,not_(x[6]),0.6347305389221557,b4068ba57b63c959651c969331c4b5cd,0.6407185628742516,True,0.005988023952095856
8,19,"greater_than_or_equal(pdiv(x[5],x[5]), add(add(x[3],x[7]),add(x[7],x[3])))",False,,,7a3ff11776189570a2ad293d87b02723,0.5568862275449102,False,0.0
8,19,"not_(greater_than_or_equal(x[5], x[0]))",True,"less_than_or_equal(x[5],x[0])",0.6227544910179641,2aedc6e15176de9ec0c909a1a3b35796,0.6287425149700598,True,0.0059880239520957446
8,19,"greater_than_or_equal(add(add(x[5],x[2]),pdiv(x[7],pdiv(x[7],pdiv(x[5],x[5])))), x[7])",True,"less_than_or_equal(x[2],x[2])",0.35928143712574845,bd082d42dcba8056510101f18394b575,0.35928143712574845,False,0.0
8,19,"greater_than_or_equal(x[5], mul(add(mul(add(x[5],x[7]),mul(x[2],pdiv(add(x[0],x[2]),x[5]))),sub(x[7],add(x[5],x[7]))),pdiv(x[7],add(x[0],mul(x[7],pdiv(x[5],x[5]))))))",True,"less_than_or_equal(sub(mul(x[2],x[7]),mul(x[0],x[7])),pdiv(mul(x[5],x[5]),x[2]))",0.3293413173652695,728ffee2abc77e0846cebcc45c7c0782,0.3293413173652695,False,0.0
8,19,"greater_than_or_equal(sub(pdiv(x[5],x[2]),x[5]), x[7])",True,"greater_than_or_equal(sub(pdiv(x[5],x[2]),x[5]), x[7])",0.28742514970059885,47b4fe2dd58d80bf9d00986d668e65e9,0.28742514970059885,False,0.0
8,19,"not_(less_than_or_equal(pdiv(x[5],add(x[2],x[7])),add(x[2],x[7])))",False,,,080245d0c5557c2b7fe695c6972120c2,0.2694610778443114,False,0.0
8,19,"greater_than_or_equal(x[5], mul(x[5],x[5]))",True,"less_than_or_equal(x[2],x[2])",0.35928143712574845,bd082d42dcba8056510101f18394b575,0.35928143712574845,False,0.0
8,19,"less_than_or_equal(add(mul(mul(x[7],add(x[3],x[7])),x[2]),add(x[5],x[2])),add(sub(x[7],x[7]),pdiv(x[5],x[5])))",True,"less_than_or_equal(add(mul(mul(x[7],add(x[3],x[7])),x[2]),add(x[5],x[2])),add(sub(x[7],x[7]),pdiv(x[5],x[5])))",0.22754491017964074,a06bf9393f099af7cf1e705bc66f92b1,0.22754491017964074,False,0.0
8,19,"greater_than_or_equal(x[5], add(x[2],x[2]))",True,"greater_than_or_equal(x[5], add(x[2],x[2]))",0.39520958083832336,ceb136f9325a6c3dff5e71a06e63c76f,0.39520958083832336,False,0.0
8,19,"less_than_or_equal(sub(pdiv(x[5],x[2]),x[0]),x[5])",False,,,acd9b903f92bb6b4d881332c06fb7f7b,0.6706586826347305,False,0.0
8,19,"greater_than_or_equal(add(92.06,add(x[5],x[7])), x[0])",True,"less_than_or_equal(x[2],x[2])",0.35928143712574845,bd082d42dcba8056510101f18394b575,0.35928143712574845,False,0.0
8,19,"not_(less_than_or_equal(pdiv(x[5],x[5]),add(mul(x[5],add(x[2],x[5])),mul(x[2],x[5]))))",True,"greater_than_or_equal(pdiv(x[5],x[5]), add(x[5],mul(x[5],mul(x[2],add(x[2],x[5])))))",0.28742514970059885,0ad01c0fde70f71d08168ee92373ecda,0.28742514970059885,False,0.0
8,19,"less_than_or_equal(add(mul(x[7],pdiv(x[5],x[5])),x[2]),add(sub(x[7],x[7]),pdiv(69.40,sub(x[3],add(x[2],x[5])))))",True,"greater_than_or_equal(x[3], add(x[5],x[2]))",0.5688622754491017,3b95d43c6b1291e78b2ed83052bed275,0.5688622754491017,False,0.0
8,19,"greater_than_or_equal(x[5], mul(x[5],mul(x[7],add(x[3],x[7]))))",True,"greater_than_or_equal(sub(pdiv(pdiv(x[5],x[5]),x[7]),x[7]), x[3])",0.31137724550898205,2acb0e54c4fe677e694dbb280bb03833,0.31137724550898205,False,0.0
8,19,"greater_than_or_equal(x[2], x[0])",True,"less_than_or_equal(x[0],x[2])",0.44311377245508987,6600e71d16c18564dbde1ecda8fbf2a3,0.44311377245508987,False,0.0
8,19,"greater_than_or_equal(x[5], mul(x[7],mul(add(pdiv(x[5],sub(pdiv(x[5],x[7]),x[5])),add(x[2],x[5])),x[7])))",True,"greater_than_or_equal(x[5], mul(x[7],add(mul(x[5],x[5]),x[7])))",0.22754491017964074,f88292475aa3ad5b7cf26090c3cdc424,0.22754491017964074,False,0.0
8,19,"greater_than_or_equal(x[7], sub(x[3],x[0]))",False,,,d82ea6fefb854526e1e50fe64bafe53b,0.6467065868263473,False,0.0
8,19,"greater_than_or_equal(x[3], mul(x[7],add(x[7],x[2])))",True,"greater_than_or_equal(add(pdiv(x[3],x[7]),sub(x[7],x[2])), add(x[7],x[7]))",0.2694610778443114,023f7e197519d8190b2d025d2b6f3f86,0.2694610778443114,False,0.0
8,19,"greater_than_or_equal(pdiv(x[5],x[5]), add(pdiv(add(x[2],x[5]),x[5]),add(x[5],x[2])))",True,not_(x[6]),0.6347305389221557,b4068ba57b63c959651c969331c4b5cd,0.6407185628742516,True,0.005988023952095856
8,19,"not_(less_than_or_equal(pdiv(pdiv(x[5],01.97),x[5]),add(x[7],x[5])))",False,,,82d0f0c634687de6a61f6548a817b0b0,0.5508982035928144,False,0.0
8,19,"greater_than_or_equal(pdiv(x[3],mul(x[5],x[7])), add(x[2],x[7]))",False,,,1de9324774236c86a4c185bc39a4e9c4,0.2934131736526946,False,0.0
8,19,"not_(greater_than_or_equal(add(x[2],x[3]), add(x[2],x[5])))",True,"not_(greater_than_or_equal(mul(x[3],x[7]), mul(x[5],x[7])))",0.49101796407185627,412103f357976d5446a7df187265a720,0.49101796407185627,False,0.0
8,19,"greater_than_or_equal(pdiv(pdiv(x[5],x[5]),add(pdiv(pdiv(mul(mul(x[0],x[5]),x[5]),add(x[7],mul(mul(x[5],add(x[2],x[2])),x[2]))),sub(pdiv(pdiv(x[5],x[7]),add(x[7],x[5])),add(add(x[5],x[2]),x[5]))),x[5])), x[5])",False,,,631246f0e2fef5c51f9cfe33c83bfb39,0.3652694610778443,False,0.0
8,19,"greater_than_or_equal(x[5], mul(x[7],mul(add(pdiv(x[7],x[7]),x[7]),x[0])))",False,,,a69474cb8842fdde3bf58917bdf46d23,0.33532934131736525,False,0.0
8,19,"greater_than_or_equal(sub(pdiv(x[7],x[7]),x[7]), add(mul(x[2],x[5]),mul(x[2],add(sub(x[7],sub(x[3],mul(x[5],x[7]))),add(x[2],x[7])))))",False,,,8f62efc8d183922e39778e98178230a1,0.19161676646706582,False,0.0
8,19,"greater_than_or_equal(x[5], mul(x[2],pdiv(x[3],x[5])))",False,,,b3eeb2f4335859be70261f23f9973c58,0.3892215568862275,False,0.0
8,19,"greater_than_or_equal(x[5], mul(x[7],add(x[0],x[5])))",True,"greater_than_or_equal(sub(pdiv(x[5],x[7]),x[0]), x[5])",0.281437125748503,398ddcc29f5ec071f51fa23d31620cd7,0.281437125748503,False,0.0
8,19,"not_(less_than_or_equal(mul(x[5],x[5]),add(x[3],x[2])))",False,,,f258b46dc5943a5166245263b3912e93,0.592814371257485,False,0.0
8,19,"greater_than_or_equal(pdiv(x[5],sub(x[5],mul(x[7],x[5]))), x[7])",True,"less_than_or_equal(x[2],x[2])",0.35928143712574845,bd082d42dcba8056510101f18394b575,0.35928143712574845,False,0.0
8,19,"greater_than_or_equal(x[5], x[5])",True,"less_than_or_equal(x[2],x[2])",0.35928143712574845,bd082d42dcba8056510101f18394b575,0.35928143712574845,False,0.0
8,19,"greater_than_or_equal(pdiv(x[5],mul(x[3],x[7])), add(add(sub(x[2],sub(x[0],x[7])),add(x[5],x[5])),x[3]))",False,,,fb01c557a156c254d3833197070ab70d,0.29940119760479045,False,0.0
8,19,"greater_than_or_equal(add(x[7],pdiv(x[5],x[5])), mul(add(x[5],x[2]),add(x[5],x[3])))",False,,,848caa4f0aaac827816e48f30f8492fe,0.3413173652694611,False,0.0
8,19,"greater_than_or_equal(sub(pdiv(x[5],x[0]),mul(x[7],add(x[2],x[5]))), x[2])",False,,,8103992e70d71d3e8865f9cd341a19f9,0.3173652694610778,False,0.0
8,19,"not_(less_than_or_equal(pdiv(x[5],x[7]),add(x[5],mul(x[3],x[7]))))",False,,,c288197d5291f51d0db62e8ca5e3e812,0.2694610778443114,False,0.0
8,19,"not_(less_than_or_equal(pdiv(x[5],x[7]),add(x[5],mul(pdiv(mul(x[5],x[5]),x[5]),pdiv(x[7],x[5])))))",True,"greater_than_or_equal(x[5], mul(x[7],add(x[7],x[5])))",0.22754491017964074,051dec5cdded21754165aaf5f887a47e,0.22754491017964074,False,0.0
8,19,"greater_than_or_equal(x[5], mul(x[7],add(x[2],add(x[5],add(x[7],x[5])))))",True,"greater_than_or_equal(x[5], mul(x[7],add(x[5],pdiv(x[5],x[5]))))",0.33532934131736525,fa01caa917a58bbda28cb775016b8bd1,0.3173652694610778,True,-0.017964071856287456
8,19,"not_(less_than_or_equal(pdiv(pdiv(x[5],mul(x[5],x[7])),x[5]),add(add(34.49,x[2]),x[5])))",False,,,47c68e1b2172cb98425dc38c77ea8ad7,0.592814371257485,False,0.0
8,19,"greater_than_or_equal(pdiv(x[5],mul(x[5],mul(mul(x[3],x[5]),x[5]))), x[5])",True,"less_than_or_equal(x[2],x[2])",0.35928143712574845,bd082d42dcba8056510101f18394b575,0.35928143712574845,False,0.0
8,19,"less_than_or_equal(sub(pdiv(x[5],x[7]),pdiv(x[0],pdiv(x[2],x[3]))),x[3])",False,,,4cb679e9ddf9da5d8085e298deb40940,0.6706586826347305,False,0.0
8,19,"greater_than_or_equal(pdiv(x[5],x[3]), x[5])",True,"less_than_or_equal(x[2],x[2])",0.35928143712574845,bd082d42dcba8056510101f18394b575,0.35928143712574845,False,0.0
8,19,"greater_than_or_equal(x[5], mul(x[7],add(pdiv(x[5],x[2]),mul(x[5],add(x[2],x[3])))))",False,,,13e57b6669f2e5344de3cdc63022bbaf,0.5029940119760479,False,0.0
8,19,"greater_than_or_equal(sub(x[5],x[7]), x[5])",True,not_(x[6]),0.6347305389221557,b4068ba57b63c959651c969331c4b5cd,0.6407185628742516,True,0.005988023952095856
8,19,"greater_than_or_equal(x[5], add(x[0],add(x[5],x[2])))",True,"greater_than_or_equal(pdiv(mul(x[5],x[2]),pdiv(x[2],x[5])), add(sub(x[7],x[7]),add(x[5],x[0])))",0.6107784431137724,ec48eb4aba9f475884bcf9e8f28adadc,0.6167664670658682,True,0.005988023952095856
8,19,"greater_than_or_equal(pdiv(pdiv(x[5],x[5]),add(pdiv(x[2],mul(x[2],x[5])),x[5])), mul(x[2],add(x[5],x[2])))",False,,,323b5baa9272309b613295dcd93f1fa6,0.27544910179640714,False,0.0
8,19,"greater_than_or_equal(pdiv(x[5],add(x[2],x[2])), add(x[5],x[7]))",False,,,b64ab0a5539702601c1b29784a95cc58,0.28742514970059885,False,0.0
8,19,"greater_than_or_equal(x[5], mul(x[7],add(x[5],add(mul(x[7],add(x[5],x[2])),pdiv(x[5],x[3])))))",True,"greater_than_or_equal(add(pdiv(x[3],x[7]),sub(x[5],add(x[3],add(sub(x[3],x[7]),pdiv(x[0],x[0]))))), x[5])",0.3772455089820359,322d5b28da3046879a22f5d101e8b0c4,0.3772455089820359,False,0.0
8,19,"greater_than_or_equal(x[7], x[0])",True,"and_(less_than_or_equal(pdiv(x[0],x[0]),pdiv(x[7],x[7])),greater_than_or_equal(sub(x[2],x[2]), sub(x[0],x[7])))",0.45508982035928147,0c866f95d3c400cff6c51bdae200239a,0.45508982035928147,False,0.0
8,19,"greater_than_or_equal(pdiv(x[5],x[5]), add(pdiv(pdiv(x[5],add(x[2],pdiv(add(sub(x[2],x[5]),x[5]),x[5]))),x[7]),pdiv(x[5],x[5])))",True,not_(x[6]),0.6347305389221557,b4068ba57b63c959651c969331c4b5cd,0.6347305389221557,False,0.0
8,19,"greater_than_or_equal(pdiv(x[5],x[5]), x[5])",True,"less_than_or_equal(x[2],x[2])",0.35928143712574845,bd082d42dcba8056510101f18394b575,0.35928143712574845,False,0.0
8,19,"greater_than_or_equal(x[5], mul(x[7],mul(add(mul(add(x[7],mul(add(x[3],92.09),pdiv(x[3],x[5]))),add(x[7],x[2])),x[2]),add(x[7],x[0]))))",False,,,5e8e7a311132e316102e829ee9013716,0.562874251497006,False,0.0
8,19,"greater_than_or_equal(x[5], mul(x[7],mul(add(pdiv(x[7],x[7]),sub(x[3],x[0])),x[2])))",False,,,03e17f4612ef7fecb373f6ac6eb756aa,0.32335329341317365,False,0.0
8,19,"greater_than_or_equal(x[5], mul(x[7],add(x[2],x[2])))",True,"not_(greater_than_or_equal(mul(x[7],add(x[2],x[2])), x[5]))",0.27544910179640714,f7539509fdd5f9bf93cc165393e6bf21,0.27544910179640714,False,0.0
8,19,"greater_than_or_equal(x[5], add(x[7],add(x[2],x[7])))",True,"greater_than_or_equal(sub(sub(x[5],x[7]),x[7]), x[2])",0.5149700598802396,38aec90d8c3f532da0c125e2d5a26593,0.5149700598802396,False,0.0
8,19,"greater_than_or_equal(x[5], mul(x[5],mul(x[2],x[7])))",True,"less_than_or_equal(x[2],x[2])",0.35928143712574845,bd082d42dcba8056510101f18394b575,0.35928143712574845,False,0.0
8,19,"greater_than_or_equal(49.24, mul(mul(mul(x[7],add(x[2],x[5])),add(x[2],x[5])),x[5]))",True,"less_than_or_equal(x[2],x[2])",0.35928143712574845,bd082d42dcba8056510101f18394b575,0.35928143712574845,False,0.0
8,19,"less_than_or_equal(add(mul(mul(x[7],add(x[3],x[7])),x[2]),add(x[5],79.40)),x[7])",True,not_(x[6]),0.6347305389221557,b4068ba57b63c959651c969331c4b5cd,0.6407185628742516,True,0.005988023952095856
8,19,"greater_than_or_equal(x[5], mul(x[7],add(sub(19.77,add(sub(x[7],x[7]),pdiv(x[5],x[5]))),mul(mul(x[5],x[7]),pdiv(x[7],x[3])))))",True,not_(x[6]),0.6347305389221557,b4068ba57b63c959651c969331c4b5cd,0.6347305389221557,False,0.0
8,19,"greater_than_or_equal(pdiv(x[5],sub(x[5],mul(x[7],add(mul(x[7],add(mul(x[7],add(add(add(mul(x[7],pdiv(pdiv(mul(x[3],add(x[2],x[7])),x[7]),pdiv(x[5],x[5]))),x[5]),x[2]),mul(sub(x[7],add(pdiv(add(sub(x[7],x[5]),x[2]),sub(pdiv(x[5],x[3]),x[5])),x[5])),mul(add(add(x[5],x[2]),x[7]),mul(x[7],x[7]))))),x[5])),x[5])))), x[2])",False,,,732d1cb65020f69df4ffb3db9bf820c5,0.26347305389221554,False,0.0
8,19,"greater_than_or_equal(pdiv(x[5],x[5]), add(pdiv(sub(x[5],x[7]),pdiv(x[7],x[7])),add(x[2],x[7])))",True,"not_(less_than_or_equal(pdiv(x[5],x[5]),add(x[5],x[2])))",0.2455089820359282,5825d6d8d32996f2f81bb41cc0bfa92f,0.2455089820359282,False,0.0
8,19,"not_(less_than_or_equal(pdiv(sub(mul(x[7],mul(add(x[5],add(x[2],sub(pdiv(x[5],x[7]),x[2]))),mul(x[7],pdiv(sub(x[5],94.74),sub(pdiv(x[2],x[5]),x[7]))))),pdiv(x[5],x[5])),x[5]),x[2]))",True,"less_than_or_equal(x[2],mul(x[5],x[7]))",0.5449101796407185,d608af957328a82c144b0b72c2090c46,0.5389221556886228,True,-0.0059880239520957446
8,19,"less_than_or_equal(x[7],mul(add(x[5],x[5]),x[7]))",True,"less_than_or_equal(pdiv(x[5],x[5]),add(x[5],x[5]))",0.5508982035928144,0ed9dd992eb33d4d0eeefaaaf3694dfd,0.5508982035928144,False,0.0
8,19,"less_than_or_equal(pdiv(add(x[5],x[2]),x[2]),add(mul(pdiv(x[3],add(pdiv(x[3],pdiv(x[7],add(x[2],x[7]))),pdiv(x[3],x[7]))),x[3]),x[5]))",True,"not_(less_than_or_equal(pdiv(x[7],x[5]),pdiv(pdiv(pdiv(x[5],x[5]),x[5]),x[2])))",0.6287425149700598,8c2dad1809a03cc967a05f5c635295c1,0.6347305389221557,True,0.005988023952095856
8,19,"not_(less_than_or_equal(pdiv(pdiv(x[5],sub(x[5],x[5])),x[2]),add(mul(mul(mul(x[7],add(x[7],add(pdiv(sub(add(x[2],sub(add(x[2],x[7]),mul(x[7],add(x[7],x[2])))),x[3]),x[5]),x[5]))),add(x[2],x[5])),x[5]),add(x[5],x[2]))))",False,,,054d00fe878b6af10a415745c8c7d79c,0.26347305389221554,False,0.0
8,19,"not_(less_than_or_equal(pdiv(x[7],mul(x[7],mul(pdiv(x[5],x[3]),mul(add(x[7],x[7]),x[7])))),add(mul(x[7],add(x[2],x[5])),add(x[2],x[5]))))",True,"greater_than_or_equal(pdiv(x[3],mul(add(x[5],x[2]),add(sub(x[7],x[0]),pdiv(x[5],x[5])))), mul(mul(x[5],x[7]),pdiv(x[7],x[3])))",0.32335329341317365,5c719acd185597121a8a30cda7698e4f,0.28742514970059885,True,-0.0359281437125748
8,19,"greater_than_or_equal(sub(pdiv(x[5],x[5]),x[7]), add(x[3],x[5]))",True,"less_than_or_equal(x[5],sub(sub(pdiv(x[5],x[5]),x[3]),x[7]))",0.5329341317365269,76bda5b2d6cfb81760813f25a9e449b0,0.5329341317365269,False,0.0
8,19,"not_(less_than_or_equal(pdiv(x[5],x[7]),mul(add(x[7],x[7]),x[7])))",False,,,9ee2fef979dcce30aed7a7497040a352,0.27544910179640714,False,0.0
8,19,"greater_than_or_equal(x[5], mul(x[7],mul(add(pdiv(x[5],add(x[3],x[7])),mul(x[7],add(x[5],x[7]))),pdiv(x[5],x[5]))))",True,"greater_than_or_equal(x[5], mul(x[7],add(x[7],mul(x[5],add(sub(x[7],sub(x[3],mul(x[5],x[7]))),x[7])))))",0.23952095808383234,18cad608e665b53f32bea4898674e82a,0.2574850299401198,True,0.017964071856287456
8,19,"greater_than_or_equal(x[5], mul(x[7],add(x[7],add(mul(x[7],add(x[5],x[5])),mul(x[5],add(x[0],add(x[5],51.90)))))))",True,not_(x[6]),0.6347305389221557,b4068ba57b63c959651c969331c4b5cd,0.6287425149700598,True,-0.005988023952095856
8,19,"greater_than_or_equal(x[3], add(x[5],x[2]))",True,"greater_than_or_equal(x[3], add(x[5],x[2]))",0.5688622754491017,3b95d43c6b1291e78b2ed83052bed275,0.5688622754491017,False,0.0
8,19,"greater_than_or_equal(x[5], mul(x[7],mul(add(x[0],add(x[7],x[7])),x[5])))",True,"less_than_or_equal(mul(mul(x[7],x[7]),add(x[5],x[5])),x[5])",0.2455089820359282,70c1a978a90304e47c9ea26f5d914234,0.23952095808383234,True,-0.005988023952095856
8,19,"greater_than_or_equal(sub(pdiv(x[5],x[7]),x[5]), mul(x[2],pdiv(pdiv(mul(x[2],x[2]),sub(x[5],x[5])),pdiv(x[2],x[5]))))",False,,,0577c476e94dac5276a0ca918923606e,0.2455089820359282,False,0.0
8,19,"greater_than_or_equal(pdiv(x[2],x[5]), sub(add(add(x[2],x[5]),43.15),add(x[5],x[2])))",True,"less_than_or_equal(mul(sub(30.95,x[2]),x[5]),mul(x[7],add(add(add(x[2],x[3]),pdiv(x[0],x[7])),x[2])))",0.6467065868263473,322944f1a81ee73855970d3a0b60a0dd,0.652694610778443,True,0.0059880239520957446
8,19,"greater_than_or_equal(pdiv(x[5],x[5]), x[7])",True,"less_than_or_equal(x[2],x[2])",0.35928143712574845,bd082d42dcba8056510101f18394b575,0.35928143712574845,False,0.0
8,19,"greater_than_or_equal(pdiv(x[5],mul(x[7],add(x[5],add(x[2],x[3])))), x[5])",True,"greater_than_or_equal(pdiv(x[5],mul(x[7],add(x[5],add(x[2],x[3])))), x[5])",0.23952095808383234,58da7749ad971c50469a0adc34fe5fa7,0.23952095808383234,False,0.0
8,19,"less_than_or_equal(add(mul(x[7],pdiv(mul(mul(x[5],x[2]),add(x[7],x[2])),x[5])),mul(add(sub(pdiv(x[5],x[2]),x[7]),x[7]),x[5])),x[5])",False,,,83237f9f3e9a8f361482a30d36b1995f,0.592814371257485,False,0.0
8,19,"less_than_or_equal(mul(pdiv(x[7],x[2]),x[3]),x[5])",False,,,8e422ec081959e05a5fef1259d904368,0.5089820359281437,False,0.0
8,19,"greater_than_or_equal(x[5], mul(x[7],add(pdiv(x[7],pdiv(pdiv(x[2],x[5]),x[0])),sub(sub(x[2],x[7]),add(x[5],x[7])))))",False,,,1a694c6a4d250def2128be0884a1c068,0.3413173652694611,False,0.0
8,19,"not_(less_than_or_equal(pdiv(x[5],x[7]),mul(add(x[5],add(x[3],x[7])),mul(x[7],add(x[2],mul(pdiv(x[7],mul(x[5],x[0])),sub(sub(x[2],sub(pdiv(x[2],x[5]),mul(x[7],add(x[7],x[5])))),x[5])))))))",False,,,398359f16fee0b956e151a7e2d93bc40,0.281437125748503,False,0.0
8,19,"greater_than_or_equal(sub(pdiv(x[5],x[5]),x[5]), x[3])",True,"not_(less_than_or_equal(pdiv(x[5],x[5]),add(x[5],x[3])))",0.49101796407185627,bb45d530dc44268633eeb136f814ec83,0.49101796407185627,False,0.0
8,19,"greater_than_or_equal(x[5], mul(x[7],add(x[7],x[0])))",True,"greater_than_or_equal(x[5], mul(x[7],add(x[7],x[0])))",0.3173652694610778,3462a3e37c5ec6d1948caca7de548540,0.3173652694610778,False,0.0
8,19,"greater_than_or_equal(sub(pdiv(x[5],x[0]),x[7]), x[5])",True,"greater_than_or_equal(sub(pdiv(x[5],x[0]),x[5]), x[7])",0.40718562874251496,69148082693cd7519f07831ae13363d2,0.40718562874251496,False,0.0
8,19,"greater_than_or_equal(x[5], mul(x[7],add(add(x[7],pdiv(x[5],x[5])),x[2])))",True,"not_(less_than_or_equal(pdiv(x[3],x[7]),add(x[7],pdiv(x[3],x[5]))))",0.3293413173652695,74dce5cb961f14b3bdac896efda7926c,0.35928143712574845,True,0.029940119760478945
8,19,"not_(less_than_or_equal(pdiv(x[5],x[2]),add(x[5],sub(add(x[2],x[0]),add(add(x[2],x[3]),add(x[2],x[5]))))))",True,"less_than_or_equal(x[2],x[2])",0.35928143712574845,bd082d42dcba8056510101f18394b575,0.35928143712574845,False,0.0
8,19,"greater_than_or_equal(pdiv(x[5],x[5]), add(x[7],x[2]))",True,"less_than_or_equal(add(mul(x[7],pdiv(x[5],x[5])),x[2]),add(sub(x[7],x[7]),pdiv(69.44,sub(x[3],x[3]))))",0.19161676646706582,14c6e007ad625f3839f568e9ee8a86e1,0.19161676646706582,False,0.0
8,19,"greater_than_or_equal(x[5], mul(x[7],add(x[5],x[3])))",True,"greater_than_or_equal(x[5], mul(x[7],add(x[5],x[3])))",0.3053892215568862,0947741ceb5018f757b589e69907d867,0.3053892215568862,False,0.0
8,19,"greater_than_or_equal(x[0], mul(x[7],add(pdiv(x[7],pdiv(pdiv(x[2],x[5]),x[0])),x[7])))",True,"less_than_or_equal(mul(mul(x[7],x[7]),add(pdiv(x[5],x[5]),add(x[5],x[2]))),x[0])",0.49101796407185627,72f66bbb110430f6ad8cbc02dd618010,0.4970059880239521,True,0.005988023952095856
8,19,"not_(less_than_or_equal(pdiv(x[5],x[7]),mul(add(x[5],add(x[3],24.25)),x[0])))",True,"greater_than_or_equal(x[5], mul(x[7],add(mul(19.79,mul(x[0],add(x[7],x[2]))),x[5])))",0.3053892215568862,65ff5aed935f540e0e4d08692b2677ec,0.3652694610778443,True,0.05988023952095811
8,19,"greater_than_or_equal(pdiv(sub(mul(x[2],x[5]),x[5]),x[5]), x[2])",True,not_(x[6]),0.6347305389221557,b4068ba57b63c959651c969331c4b5cd,0.6347305389221557,False,0.0
8,19,"greater_than_or_equal(pdiv(x[5],mul(x[7],add(x[3],mul(x[5],add(x[7],x[2]))))), sub(pdiv(add(x[7],x[2]),x[5]),x[5]))",False,,,905fb7bac688e66b99e838507f02d82f,0.3173652694610778,False,0.0
8,19,"greater_than_or_equal(sub(pdiv(x[5],x[7]),mul(x[3],add(add(x[7],x[0]),x[2]))), x[0])",False,,,9d3129770b92d8e11e4a8c6e2c0fa7f1,0.29940119760479045,False,0.0
8,19,"greater_than_or_equal(x[5], mul(x[0],mul(x[5],mul(x[7],add(pdiv(sub(add(x[2],x[7]),x[2]),x[5]),mul(x[7],add(x[7],x[5])))))))",False,,,ec1d69adf9d7805780afbffd75e9e1d9,0.32335329341317365,False,0.0
8,19,"greater_than_or_equal(add(x[7],x[5]), x[0])",True,"less_than_or_equal(x[2],x[2])",0.35928143712574845,bd082d42dcba8056510101f18394b575,0.37125748502994016,True,0.011976047904191711
8,19,"greater_than_or_equal(sub(pdiv(x[5],x[7]),x[0]), add(x[0],mul(add(mul(pdiv(x[5],x[5]),x[5]),x[2]),add(sub(x[7],x[7]),pdiv(93.22,x[5])))))",True,not_(x[6]),0.6347305389221557,b4068ba57b63c959651c969331c4b5cd,0.6407185628742516,True,0.005988023952095856
8,19,"greater_than_or_equal(x[5], mul(x[7],add(x[2],pdiv(x[5],x[2]))))",True,"greater_than_or_equal(x[5], mul(x[7],add(x[2],add(pdiv(mul(x[5],mul(x[7],add(x[5],x[2]))),x[2]),x[7]))))",0.34730538922155685,45a3bfc9262a1c3de1cb0b4c6ae02999,0.49101796407185627,True,0.14371257485029942
8,19,"not_(less_than_or_equal(pdiv(x[5],x[2]),pdiv(mul(x[5],x[5]),add(x[3],x[7]))))",False,,,6be7cee84c88608034c399d38af68b97,0.3413173652694611,False,0.0
8,19,"greater_than_or_equal(mul(x[7],x[3]), x[5])",True,"greater_than_or_equal(x[7], pdiv(x[5],x[3]))",0.6586826347305389,c4d62ee0d9ef954add009e50887aed2e,0.6586826347305389,False,0.0
8,19,"less_than_or_equal(x[0],x[7])",True,"and_(less_than_or_equal(pdiv(x[0],x[0]),pdiv(x[7],x[7])),greater_than_or_equal(sub(x[2],x[2]), sub(x[0],x[7])))",0.45508982035928147,0c866f95d3c400cff6c51bdae200239a,0.45508982035928147,False,0.0
8,19,"greater_than_or_equal(19.44, x[5])",True,"less_than_or_equal(x[2],x[2])",0.35928143712574845,bd082d42dcba8056510101f18394b575,0.35928143712574845,False,0.0
8,19,"greater_than_or_equal(x[5], mul(x[7],add(add(mul(x[7],add(add(mul(add(x[7],x[2]),x[2]),pdiv(x[7],x[0])),x[2])),x[0]),add(add(x[2],x[3]),add(x[2],x[5])))))",True,"greater_than_or_equal(sub(pdiv(x[5],x[7]),add(x[5],pdiv(add(mul(pdiv(x[2],x[5]),add(x[2],x[5])),x[7]),pdiv(x[5],x[5])))), x[5])",0.3652694610778443,277e57b48c2ba30f5693c21858757cda,0.37125748502994016,True,0.005988023952095856
8,19,"greater_than_or_equal(x[5], mul(x[7],add(x[5],x[0])))",True,"greater_than_or_equal(sub(pdiv(x[5],x[7]),x[0]), x[5])",0.281437125748503,398ddcc29f5ec071f51fa23d31620cd7,0.281437125748503,False,0.0
8,19,"greater_than_or_equal(pdiv(x[0],x[5]), add(add(x[7],x[2]),pdiv(x[5],add(x[7],x[5]))))",True,"less_than_or_equal(x[5],x[0])",0.6227544910179641,2aedc6e15176de9ec0c909a1a3b35796,0.6287425149700598,True,0.0059880239520957446
8,19,"greater_than_or_equal(x[5], mul(sub(x[5],x[5]),x[5]))",True,"less_than_or_equal(x[2],x[2])",0.35928143712574845,bd082d42dcba8056510101f18394b575,0.35928143712574845,False,0.0
8,19,"greater_than_or_equal(sub(x[3],x[2]), mul(add(pdiv(x[7],pdiv(x[5],x[2])),x[5]),x[5]))",False,,,aba319871f100fde8321333095f1d00c,0.437125748502994,False,0.0
8,19,"greater_than_or_equal(x[5], mul(x[7],add(x[7],sub(x[5],add(sub(pdiv(x[3],x[5]),x[5]),add(x[2],x[5]))))))",False,,,adccfaa4d3209431e2132e2ef5583e7b,0.37125748502994016,False,0.0
8,19,"less_than_or_equal(pdiv(x[5],mul(x[2],x[2])),sub(x[3],mul(mul(mul(x[7],add(x[2],x[7])),x[2]),add(x[2],x[3]))))",False,,,f024f213b44147687fab3ce35e58fb0c,0.6347305389221557,False,0.0
8,19,"greater_than_or_equal(sub(pdiv(x[5],add(pdiv(pdiv(x[5],x[5]),add(mul(add(x[2],49.14),x[3]),x[5])),x[5])),add(x[2],x[5])), x[5])",False,,,dac992f7d66414c6e8855e633d3f1fe7,0.5808383233532934,False,0.0
8,19,"not_(less_than_or_equal(pdiv(x[5],x[5]),x[3]))",True,"not_(less_than_or_equal(pdiv(x[5],x[5]),x[3]))",0.3413173652694611,05e1f3d74f96ed02168c5462d1f8f406,0.3413173652694611,False,0.0
8,19,"greater_than_or_equal(mul(x[7],mul(x[2],add(sub(x[7],x[7]),pdiv(x[5],x[5])))), mul(mul(x[5],x[7]),pdiv(x[7],x[3])))",True,"greater_than_or_equal(x[3], mul(pdiv(pdiv(mul(x[7],add(x[5],x[5])),add(x[2],x[0])),x[5]),x[5]))",0.5688622754491017,02521e4135ea58a1ebd24f7bdbc2d0e1,0.5089820359281437,True,-0.059880239520958
8,19,"greater_than_or_equal(x[5], x[5])",True,"less_than_or_equal(x[2],x[2])",0.35928143712574845,bd082d42dcba8056510101f18394b575,0.35928143712574845,False,0.0
8,19,"not_(less_than_or_equal(pdiv(mul(pdiv(x[7],add(sub(x[2],x[7]),add(x[2],x[7]))),x[2]),add(x[5],x[3])),add(pdiv(x[3],pdiv(add(41.96,pdiv(x[3],x[7])),x[3])),x[5])))",False,,,8bc5dc62a7dc611f62c38d57fd8e5777,0.652694610778443,False,0.0
8,19,"greater_than_or_equal(pdiv(pdiv(x[5],x[5]),add(pdiv(x[2],mul(x[0],x[5])),x[5])), add(x[7],x[2]))",False,,,0707fc5be07fe80ea3a35858e93461bf,0.31137724550898205,False,0.0
8,19,"greater_than_or_equal(x[5], mul(x[5],x[3]))",True,"less_than_or_equal(x[2],x[2])",0.35928143712574845,bd082d42dcba8056510101f18394b575,0.35928143712574845,False,0.0
8,19,"greater_than_or_equal(sub(pdiv(x[5],x[2]),x[5]), x[2])",True,"greater_than_or_equal(pdiv(x[5],pdiv(add(x[2],x[5]),x[5])), mul(x[5],x[2]))",0.28742514970059885,0803226314985e684579b7ad7da3df72,0.2934131736526946,True,0.0059880239520957446
8,19,"greater_than_or_equal(x[5], mul(x[7],add(pdiv(mul(mul(mul(x[5],x[0]),sub(sub(x[2],x[2]),x[5])),x[5]),mul(x[7],mul(x[7],x[7]))),add(x[0],add(x[5],x[2])))))",False,,,409afc21cc2375f1f190d33569f7d427,0.2455089820359282,False,0.0
8,19,"not_(less_than_or_equal(pdiv(x[5],x[5]),add(x[5],x[2])))",True,"not_(less_than_or_equal(pdiv(x[5],x[5]),add(x[5],x[2])))",0.2455089820359282,5825d6d8d32996f2f81bb41cc0bfa92f,0.2455089820359282,False,0.0
8,19,"greater_than_or_equal(x[5], x[3])",True,"less_than_or_equal(mul(sub(x[7],x[0]),pdiv(x[7],25.93)),pdiv(x[7],sub(mul(x[3],x[5]),mul(x[3],x[3]))))",0.5089820359281437,8ad7ccd0e2bcf51cfea619f1321f2792,0.5089820359281437,False,0.0
8,19,"greater_than_or_equal(pdiv(add(pdiv(x[5],sub(add(add(x[2],x[5]),x[5]),mul(x[2],add(x[5],x[2])))),add(mul(19.79,mul(x[0],add(x[7],x[2]))),x[5])),mul(x[5],mul(x[7],02.39))), x[5])",False,,,d9000b4e1b27c49f8f1e31dca35bb96c,0.3772455089820359,False,0.0
8,19,"not_(less_than_or_equal(pdiv(x[0],sub(x[7],x[7])),pdiv(69.40,add(x[3],x[3]))))",True,not_(x[6]),0.6347305389221557,b4068ba57b63c959651c969331c4b5cd,0.6407185628742516,True,0.005988023952095856
8,19,"greater_than_or_equal(x[5], mul(x[7],add(sub(x[2],x[5]),mul(x[7],mul(add(mul(84.59,mul(x[2],x[3])),pdiv(x[7],add(x[5],x[0]))),pdiv(pdiv(add(x[5],x[0]),sub(pdiv(x[5],x[5]),x[2])),add(pdiv(x[5],x[2]),mul(x[2],x[5]))))))))",False,,,113494697f34129443dc2f0afc04ac51,0.3053892215568862,False,0.0
8,19,"not_(less_than_or_equal(pdiv(x[5],add(x[2],x[0])),add(add(x[2],x[3]),add(x[2],x[5]))))",True,"greater_than_or_equal(pdiv(x[5],add(x[2],x[0])), add(add(x[2],x[3]),add(x[2],x[5])))",0.3652694610778443,f2144ca96bf7cbdc9caaa67a89b7bab4,0.3652694610778443,False,0.0
8,19,"greater_than_or_equal(sub(pdiv(x[5],x[2]),mul(x[5],add(x[2],x[3]))), mul(x[5],pdiv(add(x[5],mul(x[7],add(x[2],x[7]))),x[7])))",False,,,df66234777a71a8f394994f312a2a0bd,0.3652694610778443,False,0.0
8,19,"greater_than_or_equal(sub(x[5],mul(x[7],mul(pdiv(x[2],x[7]),x[2]))), x[7])",False,,,39d72d25574341392ba45d5cbac76d8c,0.3413173652694611,False,0.0
8,19,"greater_than_or_equal(sub(x[7],x[2]), x[5])",True,"greater_than_or_equal(x[7], mul(add(x[2],x[5]),pdiv(x[7],x[7])))",0.6167664670658682,416dcf46c8881ba7fb0ffdc2f0629f37,0.6167664670658682,False,0.0
8,19,"greater_than_or_equal(sub(pdiv(x[5],x[7]),mul(x[3],x[7])), add(x[2],pdiv(pdiv(mul(x[5],x[5]),add(x[3],x[7])),x[5])))",True,"greater_than_or_equal(sub(pdiv(x[5],x[7]),mul(x[7],add(x[7],x[7]))), add(x[5],x[2]))",0.27544910179640714,f4a1b61f5d547d234714bee9745cd081,0.25149700598802394,True,-0.0239520958083832
8,19,"greater_than_or_equal(pdiv(x[5],x[7]), sub(x[5],mul(x[5],x[5])))",True,"less_than_or_equal(x[2],x[2])",0.35928143712574845,bd082d42dcba8056510101f18394b575,0.35928143712574845,False,0.0
8,19,"greater_than_or_equal(pdiv(33.95,x[7]), pdiv(sub(pdiv(x[5],x[7]),add(x[5],x[7])),x[2]))",True,"less_than_or_equal(x[2],x[2])",0.35928143712574845,bd082d42dcba8056510101f18394b575,0.35928143712574845,False,0.0
8,19,"and_(less_than_or_equal(x[2],x[3]),greater_than_or_equal(x[2], x[3]))",True,not_(x[6]),0.6347305389221557,b4068ba57b63c959651c969331c4b5cd,0.6407185628742516,True,0.005988023952095856
8,19,"less_than_or_equal(add(mul(x[7],pdiv(x[5],x[5])),x[2]),add(sub(x[7],x[2]),x[2]))",True,"greater_than_or_equal(pdiv(mul(x[5],x[2]),pdiv(x[2],x[5])), add(sub(x[7],x[7]),add(x[5],x[0])))",0.6107784431137724,ec48eb4aba9f475884bcf9e8f28adadc,0.6167664670658682,True,0.005988023952095856
8,19,"greater_than_or_equal(x[5], add(x[7],x[2]))",True,"greater_than_or_equal(x[5], mul(x[7],add(x[2],pdiv(x[5],x[5]))))",0.33532934131736525,bb5c1caa2e30ec7ef07b22f884640315,0.3892215568862275,True,0.053892215568862256
8,19,"not_(less_than_or_equal(pdiv(x[5],add(x[2],mul(mul(x[5],mul(x[7],add(x[3],x[2]))),x[7]))),pdiv(x[5],x[5])))",False,,,647d7be3000ac69f48af2530bda3fda3,0.31137724550898205,False,0.0
8,19,"greater_than_or_equal(00.95, mul(x[5],add(x[7],x[5])))",True,"greater_than_or_equal(00.99, mul(x[5],add(x[7],x[5])))",0.281437125748503,a6d9446fead7a593fba5a5ea89146e25,0.281437125748503,False,0.0
8,19,"greater_than_or_equal(pdiv(x[5],mul(pdiv(x[7],x[5]),add(x[5],x[2]))), x[5])",True,"greater_than_or_equal(x[5], mul(x[7],add(x[5],x[2])))",0.23353293413173648,49521aab13419e9d4582e656c37790ef,0.22754491017964074,True,-0.0059880239520957446
8,19,"less_than_or_equal(x[5],mul(x[7],add(x[7],mul(pdiv(x[3],x[5]),x[5]))))",False,,,bf0760735daa177b083a71489ec36f2e,0.688622754491018,False,0.0
8,19,"greater_than_or_equal(x[5], mul(x[7],add(add(sub(x[2],x[7]),add(x[3],sub(x[5],mul(x[5],x[5])))),add(pdiv(x[5],x[2]),sub(x[7],pdiv(x[3],pdiv(x[0],x[3])))))))",False,,,56b8acba544507cf48bc768377e52830,0.5089820359281437,False,0.0
8,19,"greater_than_or_equal(add(x[7],x[5]), add(mul(x[2],mul(x[7],x[2])),sub(x[2],x[3])))",True,"greater_than_or_equal(add(pdiv(x[3],x[7]),sub(x[5],add(x[3],x[0]))), sub(pdiv(x[7],add(x[5],x[5])),add(sub(x[7],x[0]),pdiv(add(pdiv(x[7],add(x[5],x[2])),mul(sub(x[7],sub(x[5],mul(x[5],x[5]))),add(add(x[5],sub(x[3],x[7])),pdiv(x[3],pdiv(x[5],x[3]))))),x[2]))))",0.3532934131736527,74f8248f50f984913be2811137cb773c,0.3532934131736527,False,0.0
8,19,"greater_than_or_equal(pdiv(sub(x[2],x[7]),pdiv(x[5],x[5])), add(x[2],x[0]))",True,not_(x[6]),0.6347305389221557,b4068ba57b63c959651c969331c4b5cd,0.6407185628742516,True,0.005988023952095856
8,19,"greater_than_or_equal(pdiv(x[5],x[3]), x[7])",True,"not_(less_than_or_equal(pdiv(x[5],x[3]),x[7]))",0.3413173652694611,e691e9faf9d6cf6a1c64f756c672a16e,0.3413173652694611,False,0.0
8,19,"greater_than_or_equal(x[5], mul(x[7],mul(x[7],x[5])))",True,"less_than_or_equal(x[2],x[2])",0.35928143712574845,bd082d42dcba8056510101f18394b575,0.35928143712574845,False,0.0
8,19,"greater_than_or_equal(x[5], mul(pdiv(x[5],x[5]),x[2]))",True,"not_(not_(less_than_or_equal(x[2],x[5])))",0.34730538922155685,4af53f79d9ad2ffac455113b88a02dd4,0.34730538922155685,False,0.0
8,19,"not_(less_than_or_equal(pdiv(x[5],x[5]),add(mul(x[5],add(x[7],x[2])),add(x[2],x[2]))))",False,,,7dd04de0f09dcb78fab13d4ca363e3e0,0.18562874251497008,False,0.0
8,19,"greater_than_or_equal(pdiv(x[5],x[5]), sub(x[0],x[7]))",True,"less_than_or_equal(x[2],x[2])",0.35928143712574845,bd082d42dcba8056510101f18394b575,0.35928143712574845,False,0.0
8,19,"greater_than_or_equal(x[5], mul(sub(mul(add(x[7],x[5]),x[3]),x[3]),add(pdiv(pdiv(x[7],x[5]),add(x[2],x[7])),x[2])))",False,,,853bd7859e06069f03ea094d57fbb710,0.3772455089820359,False,0.0
8,19,"greater_than_or_equal(pdiv(x[5],x[5]), add(x[5],x[2]))",True,"not_(less_than_or_equal(pdiv(x[5],x[5]),add(x[5],x[2])))",0.2455089820359282,5825d6d8d32996f2f81bb41cc0bfa92f,0.2455089820359282,False,0.0
8,19,"greater_than_or_equal(x[5], mul(x[7],pdiv(x[5],x[5])))",True,"greater_than_or_equal(x[5], x[7])",0.3892215568862275,ca29d589a2290a0489371628a6b32bf4,0.3892215568862275,False,0.0
8,19,"greater_than_or_equal(add(mul(34.89,pdiv(add(pdiv(pdiv(x[7],x[5]),add(x[2],x[7])),x[2]),x[7])),pdiv(x[3],x[7])), x[3])",True,"less_than_or_equal(x[2],x[2])",0.35928143712574845,bd082d42dcba8056510101f18394b575,0.35928143712574845,False,0.0
8,19,"greater_than_or_equal(pdiv(pdiv(x[5],x[5]),x[7]), add(x[7],x[5]))",True,"greater_than_or_equal(x[5], mul(x[5],mul(x[7],add(x[7],x[5]))))",0.28742514970059885,8155bcd3baa6acad2e4a23bec2295214,0.28742514970059885,False,0.0
8,19,"greater_than_or_equal(pdiv(x[5],x[3]), x[5])",True,"less_than_or_equal(x[2],x[2])",0.35928143712574845,bd082d42dcba8056510101f18394b575,0.35928143712574845,False,0.0
8,19,"less_than_or_equal(pdiv(x[5],x[2]),x[5])",True,"greater_than_or_equal(x[2], pdiv(x[5],x[5]))",0.652694610778443,38d04e9716d0d4822bf3dbdceea9aa84,0.6467065868263473,True,-0.0059880239520957446
8,19,"not_(less_than_or_equal(pdiv(x[2],mul(add(x[2],x[5]),add(x[7],x[2]))),add(x[0],x[7])))",False,,,8271477a66cbe6405e42d80f90f8a137,0.38323353293413176,False,0.0
8,19,"greater_than_or_equal(x[5], mul(add(mul(x[7],add(x[5],x[2])),pdiv(x[5],pdiv(x[7],x[5]))),x[2]))",False,,,83a28d0177a494903f51e95727243483,0.3532934131736527,False,0.0
8,19,"greater_than_or_equal(x[3], mul(add(x[2],x[5]),add(x[2],x[2])))",False,,,4d622088b05deef081b9af6bef4530e6,0.34730538922155685,False,0.0
8,19,"less_than_or_equal(x[0],x[5])",True,"less_than_or_equal(x[0],x[5])",0.37125748502994016,cdcd6f1e6c091ac380f1476046586fe6,0.37125748502994016,False,0.0
8,19,"not_(less_than_or_equal(pdiv(45.04,pdiv(x[2],x[5])),mul(pdiv(x[7],x[5]),add(x[5],x[2]))))",False,,,9cfba0b180ed26e60c347e9f9301dd11,0.33532934131736525,False,0.0
8,19,"greater_than_or_equal(sub(pdiv(x[5],x[5]),mul(x[7],add(x[7],x[5]))), add(x[0],add(x[5],x[2])))",False,,,ded8b4664187a63038205bfdde35ad6e,0.4491017964071856,False,0.0
8,19,"greater_than_or_equal(00.39, mul(sub(add(add(x[2],x[5]),x[5]),mul(x[2],add(x[5],x[2]))),mul(x[7],x[7])))",True,"not_(less_than_or_equal(pdiv(x[5],x[7]),add(x[5],mul(x[5],x[5]))))",0.26347305389221554,a9ce28fe5af581c3f664a5416d77d344,0.2574850299401198,True,-0.0059880239520957446
8,19,"greater_than_or_equal(pdiv(x[5],x[5]), add(add(x[5],x[2]),49.99))",True,not_(x[6]),0.6347305389221557,b4068ba57b63c959651c969331c4b5cd,0.6407185628742516,True,0.005988023952095856
8,19,"greater_than_or_equal(x[2], x[5])",True,"less_than_or_equal(x[5],x[2])",0.652694610778443,6fb17002302e404122653cf2c68db553,0.652694610778443,False,0.0
8,19,x[6],True,x[6],0.3652694610778443,ff9750a95f856aee791afc16a7ee79d4,0.3652694610778443,False,0.0
8,19,"greater_than_or_equal(add(x[7],x[7]), add(mul(19.79,mul(x[0],add(x[7],x[2]))),x[5]))",False,,,9c7fb429cb7f798de36fc786d288f25b,0.5269461077844311,False,0.0
8,19,"greater_than_or_equal(x[5], mul(x[5],mul(x[7],add(x[7],mul(pdiv(x[3],x[5]),x[5])))))",True,"greater_than_or_equal(sub(pdiv(pdiv(x[5],x[5]),x[7]),x[7]), x[3])",0.31137724550898205,2acb0e54c4fe677e694dbb280bb03833,0.31137724550898205,False,0.0
8,19,"greater_than_or_equal(x[5], mul(x[7],pdiv(x[5],x[2])))",True,"not_(less_than_or_equal(pdiv(x[5],x[7]),pdiv(x[5],x[2])))",0.5149700598802396,56ae304ea3217f9806c983a7d04e7a58,0.5089820359281437,True,-0.005988023952095856
8,19,"greater_than_or_equal(x[5], mul(x[7],pdiv(x[5],x[7])))",True,"greater_than_or_equal(x[5], mul(x[7],pdiv(x[5],x[7])))",0.37125748502994016,a8ae8c3a61e4406fb639b23f2622b25a,0.37125748502994016,False,0.0
8,19,"not_(less_than_or_equal(x[5],mul(x[5],x[5])))",True,"not_(less_than_or_equal(pdiv(x[5],x[5]),x[5]))",0.31137724550898205,774eb80249c37c32f486ae194a31e639,0.3173652694610778,True,0.0059880239520957446
8,19,"not_(less_than_or_equal(pdiv(x[5],07.93),add(x[2],x[2])))",True,"greater_than_or_equal(pdiv(mul(x[5],x[2]),pdiv(x[2],x[5])), add(sub(x[7],x[7]),add(x[5],x[0])))",0.6107784431137724,ec48eb4aba9f475884bcf9e8f28adadc,0.6047904191616766,True,-0.0059880239520957446
8,19,"greater_than_or_equal(x[5], mul(x[7],add(pdiv(x[7],pdiv(mul(x[2],x[5]),x[0])),sub(sub(x[2],x[3]),add(x[2],mul(pdiv(x[7],x[7]),x[2]))))))",False,,,c887b8112b04eff385dc6554aee63c8b,0.3413173652694611,False,0.0
8,19,"greater_than_or_equal(pdiv(x[5],mul(x[3],x[7])), add(sub(sub(x[5],sub(x[0],x[3])),mul(x[7],add(mul(x[5],sub(sub(sub(sub(x[2],x[2]),x[2]),x[5]),mul(x[7],add(x[7],x[5])))),x[5]))),x[2]))",False,,,29b3b0590cb7b4611511d1a0ef968e62,0.28742514970059885,False,0.0
8,19,"greater_than_or_equal(sub(pdiv(x[5],x[0]),mul(x[7],pdiv(x[3],add(x[5],x[7])))), x[0])",True,"greater_than_or_equal(add(pdiv(x[3],x[3]),sub(x[5],x[3])), mul(pdiv(x[0],x[5]),mul(x[3],x[3])))",0.3413173652694611,20549abca100b155319252a5e0d92179,0.34730538922155685,True,0.0059880239520957446
8,19,"greater_than_or_equal(x[5], pdiv(x[7],pdiv(add(mul(add(x[7],x[2]),x[2]),pdiv(pdiv(add(x[3],x[7]),add(x[7],x[3])),x[3])),x[3])))",True,"not_(less_than_or_equal(pdiv(x[5],x[3]),sub(x[7],x[5])))",0.32335329341317365,5b4f18d03d5f800a07746c60798a024e,0.33532934131736525,True,0.0119760479041916
8,19,"greater_than_or_equal(x[3], mul(x[7],add(pdiv(x[7],pdiv(pdiv(x[2],x[5]),x[0])),x[7])))",True,"greater_than_or_equal(x[3], mul(x[7],add(pdiv(x[7],pdiv(pdiv(x[2],x[5]),x[0])),x[7])))",0.2934131736526946,548560de883b47617ac0618f6e4804cd,0.2934131736526946,False,0.0
8,19,"not_(less_than_or_equal(x[2],x[3]))",True,"not_(less_than_or_equal(pdiv(x[5],x[5]),add(x[2],sub(pdiv(x[3],x[2]),add(mul(x[2],x[7]),mul(x[2],x[3]))))))",0.6586826347305389,97992d1c6392ce2361e75a580fad0a69,0.6347305389221557,True,-0.0239520958083832
8,19,"greater_than_or_equal(x[5], mul(x[7],add(add(sub(sub(pdiv(x[7],add(sub(mul(x[7],x[2]),pdiv(pdiv(x[5],x[7]),add(x[3],x[5]))),x[5])),x[5]),x[3]),x[5]),add(x[5],x[2]))))",False,,,7b65ed7b5132832aa544c59916cb71e0,0.23353293413173648,False,0.0
8,19,"not_(greater_than_or_equal(pdiv(x[5],x[3]), x[7]))",True,"greater_than_or_equal(x[7], pdiv(x[5],x[3]))",0.6586826347305389,c4d62ee0d9ef954add009e50887aed2e,0.6586826347305389,False,0.0
8,19,"greater_than_or_equal(pdiv(x[5],add(x[2],x[2])), x[7])",True,"not_(greater_than_or_equal(mul(x[7],add(x[2],x[2])), x[5]))",0.27544910179640714,f7539509fdd5f9bf93cc165393e6bf21,0.27544910179640714,False,0.0
8,19,"greater_than_or_equal(sub(pdiv(x[5],x[5]),x[7]), x[2])",True,"less_than_or_equal(add(mul(x[7],pdiv(x[5],x[5])),x[2]),add(sub(x[7],x[7]),pdiv(69.44,sub(x[3],x[3]))))",0.19161676646706582,14c6e007ad625f3839f568e9ee8a86e1,0.19161676646706582,False,0.0
8,19,"greater_than_or_equal(x[5], mul(x[7],add(mul(x[3],x[7]),x[7])))",False,,,fc9428bb97d2e473e541cab72ff50879,0.27544910179640714,False,0.0
8,19,"greater_than_or_equal(sub(pdiv(x[5],pdiv(x[5],pdiv(add(add(sub(pdiv(x[5],x[5]),mul(sub(x[5],x[5]),sub(x[5],x[5]))),x[7]),mul(x[3],pdiv(x[5],mul(05.86,x[5])))),x[7]))),x[3]), x[3])",True,"less_than_or_equal(x[2],x[2])",0.35928143712574845,bd082d42dcba8056510101f18394b575,0.35928143712574845,False,0.0
8,19,"greater_than_or_equal(add(sub(x[2],x[5]),x[5]), x[5])",True,"less_than_or_equal(x[5],x[2])",0.652694610778443,6fb17002302e404122653cf2c68db553,0.652694610778443,False,0.0
8,19,"greater_than_or_equal(pdiv(x[5],add(x[2],pdiv(pdiv(x[5],x[5]),add(x[7],x[3])))), x[5])",False,,,29e7b7a0c353c7434430746f49b457bf,0.6287425149700598,False,0.0
8,19,"greater_than_or_equal(x[7], mul(x[5],mul(x[2],add(add(x[2],x[5]),mul(x[7],add(x[7],mul(x[2],mul(mul(x[5],x[2]),x[5]))))))))",False,,,ce5c98b62e54773198e2d3af2b5bb930,0.33532934131736525,False,0.0
8,19,"not_(less_than_or_equal(pdiv(x[5],x[7]),add(mul(add(mul(add(sub(mul(x[0],sub(pdiv(x[7],add(x[0],sub(pdiv(x[2],x[5]),x[0]))),x[7])),sub(sub(mul(x[7],add(x[0],add(x[5],x[2]))),add(sub(x[7],add(x[3],mul(x[5],x[7]))),add(x[2],x[7]))),x[2])),add(x[2],x[3])),add(pdiv(x[3],pdiv(x[7],add(x[2],x[7]))),pdiv(x[3],x[7]))),x[3]),x[5]),x[5])))",False,,,fc5cc77bab5531494a2cba42ae644bc0,0.37125748502994016,False,0.0
8,19,"not_(less_than_or_equal(pdiv(x[5],x[7]),add(x[7],add(x[5],x[2]))))",True,"not_(less_than_or_equal(pdiv(x[3],x[7]),add(x[7],pdiv(x[3],x[5]))))",0.3293413173652695,74dce5cb961f14b3bdac896efda7926c,0.281437125748503,True,-0.04790419161676651
8,19,"greater_than_or_equal(x[5], mul(x[2],x[5]))",True,"not_(greater_than_or_equal(mul(x[7],x[2]), x[7]))",0.34730538922155685,f69cf4961d82af0c72c0014d2a401904,0.34730538922155685,False,0.0
8,19,"greater_than_or_equal(pdiv(45.47,x[2]), add(sub(x[7],sub(add(x[2],x[0]),x[2])),pdiv(mul(x[7],add(x[5],x[0])),pdiv(pdiv(add(x[5],x[0]),x[2]),x[5]))))",True,"greater_than_or_equal(pdiv(pdiv(93.09,add(x[0],x[2])),x[3]), mul(add(x[3],x[5]),x[5]))",0.3652694610778443,6bb8d5060871277e9a414636c648605b,0.3652694610778443,False,0.0
8,19,"greater_than_or_equal(pdiv(x[2],pdiv(pdiv(pdiv(x[5],01.48),mul(x[5],x[7])),add(x[2],mul(sub(pdiv(add(x[5],x[5]),add(x[7],x[2])),x[5]),mul(x[5],mul(x[7],add(x[7],mul(pdiv(x[3],x[5]),x[5])))))))), add(x[2],x[5]))",True,"less_than_or_equal(add(pdiv(84.59,mul(x[2],add(pdiv(x[3],mul(x[7],add(x[7],add(x[5],x[2])))),add(sub(add(add(x[5],x[5]),x[5]),mul(x[7],add(x[0],x[2]))),sub(x[5],mul(x[5],add(x[2],x[5]))))))),x[5]),add(x[5],x[2]))",0.652694610778443,4e16369b5335a4e17b5c7135d65871f1,0.652694610778443,False,0.0
8,19,"less_than_or_equal(sub(pdiv(x[5],x[2]),mul(x[5],add(x[2],x[7]))),pdiv(x[5],x[5]))",False,,,dbee074bac8c4ca07cf3a9055b388cc6,0.6766467065868264,False,0.0
8,19,"greater_than_or_equal(pdiv(x[5],x[5]), add(x[2],x[3]))",True,"not_(less_than_or_equal(pdiv(x[5],x[5]),add(x[2],x[3])))",0.2694610778443114,8e10ebf505ba211742b7164524309595,0.2694610778443114,False,0.0
8,19,"greater_than_or_equal(x[5], x[7])",True,"greater_than_or_equal(x[5], x[7])",0.3892215568862275,ca29d589a2290a0489371628a6b32bf4,0.3892215568862275,False,0.0
8,19,"greater_than_or_equal(pdiv(x[5],add(x[2],x[5])), mul(x[7],add(x[5],x[2])))",True,"greater_than_or_equal(x[5], mul(mul(x[7],add(x[2],x[5])),add(x[2],x[5])))",0.19161676646706582,62389eccbd0ced0ad04dca28fa26521d,0.19161676646706582,False,0.0
8,19,"greater_than_or_equal(x[5], mul(x[5],mul(x[2],x[7])))",True,"less_than_or_equal(x[2],x[2])",0.35928143712574845,bd082d42dcba8056510101f18394b575,0.35928143712574845,False,0.0
8,19,"greater_than_or_equal(sub(pdiv(x[5],x[7]),add(sub(sub(pdiv(x[7],mul(x[7],add(x[5],x[7]))),x[2]),add(x[2],x[3])),add(pdiv(x[3],pdiv(x[7],add(x[2],x[7]))),pdiv(x[3],x[7])))), x[3])",False,,,5130cb49a269fbe5973419298c7e8051,0.5988023952095809,False,0.0
8,19,"greater_than_or_equal(x[3], mul(x[7],add(x[2],pdiv(pdiv(mul(x[5],add(x[3],x[3])),x[7]),x[5]))))",True,not_(x[6]),0.6347305389221557,b4068ba57b63c959651c969331c4b5cd,0.6407185628742516,True,0.005988023952095856
8,19,"not_(less_than_or_equal(pdiv(x[5],x[7]),add(add(x[5],add(x[3],x[7])),mul(x[7],add(x[5],x[7])))))",True,"greater_than_or_equal(x[5], mul(x[7],add(x[5],pdiv(x[5],x[5]))))",0.33532934131736525,fa01caa917a58bbda28cb775016b8bd1,0.3532934131736527,True,0.017964071856287456
8,19,"greater_than_or_equal(sub(pdiv(x[5],x[7]),mul(x[7],add(x[0],x[2]))), x[2])",False,,,786b485a2325fc0d63d7adff7138bb3f,0.28742514970059885,False,0.0
8,19,"greater_than_or_equal(x[5], mul(x[2],sub(pdiv(x[5],x[7]),x[2])))",True,"greater_than_or_equal(x[5], mul(x[2],sub(pdiv(x[5],x[7]),x[2])))",0.4970059880239521,44ac51793f548ab2b785abb2f631b12d,0.4970059880239521,False,0.0
8,19,"less_than_or_equal(add(x[3],x[2]),pdiv(pdiv(x[5],x[5]),add(x[2],x[3])))",True,"not_(less_than_or_equal(pdiv(x[5],x[5]),add(x[2],x[3])))",0.2694610778443114,8e10ebf505ba211742b7164524309595,0.2694610778443114,False,0.0
8,19,"greater_than_or_equal(pdiv(x[5],mul(pdiv(x[7],x[5]),add(x[5],add(x[2],x[2])))), 55.91)",True,not_(x[6]),0.6347305389221557,b4068ba57b63c959651c969331c4b5cd,0.6407185628742516,True,0.005988023952095856
8,19,"greater_than_or_equal(sub(pdiv(x[5],x[2]),x[5]), x[5])",True,"greater_than_or_equal(sub(pdiv(x[5],x[2]),x[5]), x[5])",0.2694610778443114,72989f9209d2ae9398572032465ff70a,0.2694610778443114,False,0.0
8,19,"greater_than_or_equal(pdiv(x[5],x[5]), add(x[7],x[5]))",True,"not_(less_than_or_equal(pdiv(x[5],x[5]),add(x[7],x[5])))",0.32335329341317365,e44f6a949f00cb0bf86b1105d7c3453d,0.32335329341317365,False,0.0
8,19,"not_(less_than_or_equal(pdiv(x[5],x[7]),add(x[5],mul(x[5],add(add(x[7],x[0]),x[2])))))",False,,,40d19945513b721f8a7891f4912df659,0.23353293413173648,False,0.0
8,19,"greater_than_or_equal(add(pdiv(x[3],x[3]),add(pdiv(pdiv(x[7],x[5]),add(x[5],x[7])),x[2])), mul(sub(pdiv(x[3],x[7]),x[3]),x[5]))",False,,,96f2c08745dc60eb04952200c5c260fc,0.44311377245508987,False,0.0
8,19,"not_(less_than_or_equal(pdiv(x[5],x[5]),mul(x[7],add(x[5],x[0]))))",False,,,7c95633b720254058803caa0459287d6,0.3413173652694611,False,0.0
8,19,"greater_than_or_equal(x[5], mul(mul(x[7],x[2]),add(x[7],add(pdiv(pdiv(x[7],mul(x[5],x[5])),x[7]),x[7]))))",False,,,a00142305d1ead1693bf5e82a35ffcd4,0.3293413173652695,False,0.0
8,19,"greater_than_or_equal(pdiv(x[5],x[3]), x[5])",True,"less_than_or_equal(x[2],x[2])",0.35928143712574845,bd082d42dcba8056510101f18394b575,0.35928143712574845,False,0.0
8,19,"greater_than_or_equal(x[5], mul(x[7],pdiv(x[0],add(add(x[2],x[3]),add(x[2],x[5])))))",True,"greater_than_or_equal(add(pdiv(x[3],x[3]),sub(x[5],x[3])), mul(pdiv(x[0],x[5]),mul(x[3],x[3])))",0.3413173652694611,20549abca100b155319252a5e0d92179,0.33532934131736525,True,-0.005988023952095856
8,19,"greater_than_or_equal(add(x[5],x[5]), add(add(x[7],x[0]),x[5]))",True,"not_(less_than_or_equal(x[5],mul(add(x[0],x[7]),pdiv(x[5],x[5]))))",0.3772455089820359,0f7386cc457ca3b9686048078d9e826b,0.3772455089820359,False,0.0
8,19,"greater_than_or_equal(pdiv(x[5],add(x[5],x[0])), pdiv(pdiv(mul(x[5],x[0]),sub(pdiv(x[5],sub(pdiv(x[2],add(pdiv(x[5],x[2]),mul(x[2],44.24))),mul(add(x[5],x[7]),x[5]))),mul(x[5],x[5]))),x[0]))",True,"less_than_or_equal(x[2],x[2])",0.35928143712574845,bd082d42dcba8056510101f18394b575,0.35928143712574845,False,0.0
8,19,"greater_than_or_equal(pdiv(add(sub(x[2],x[0]),add(x[5],x[7])),x[2]), add(x[2],x[3]))",True,"less_than_or_equal(add(add(x[7],x[2]),pdiv(x[3],x[3])),add(pdiv(x[5],pdiv(mul(x[2],x[7]),30.44)),add(x[7],mul(x[5],x[2]))))",0.3532934131736527,8b22474e90c54ae8a74a0d0752426450,0.35928143712574845,True,0.0059880239520957446
8,19,"greater_than_or_equal(x[5], mul(x[7],add(x[7],add(pdiv(x[2],x[5]),add(x[5],add(x[2],x[2]))))))",True,"greater_than_or_equal(x[5], mul(x[7],add(x[5],pdiv(x[5],x[5]))))",0.33532934131736525,fa01caa917a58bbda28cb775016b8bd1,0.3413173652694611,True,0.005988023952095856
8,19,"greater_than_or_equal(mul(mul(x[7],x[2]),x[5]), sub(add(add(x[5],x[2]),x[5]),mul(x[7],add(x[7],x[2]))))",False,,,c69b39b8f67c3fbcdade587618b04515,0.6646706586826348,False,0.0
8,19,"less_than_or_equal(sub(pdiv(pdiv(x[5],x[5]),add(add(add(mul(x[0],mul(x[0],add(x[7],x[7]))),x[5]),x[5]),add(x[5],add(x[0],x[0])))),sub(pdiv(add(x[2],x[2]),add(x[2],x[0])),x[7])),sub(add(add(sub(x[7],sub(x[7],x[5])),add(x[2],x[5])),x[7]),sub(x[5],mul(x[5],x[5]))))",False,,,3a96bc0625f59efa0c32f0b1438c3b6d,0.3293413173652695,False,0.0
8,19,"greater_than_or_equal(sub(pdiv(add(add(pdiv(x[5],sub(add(add(x[2],x[5]),x[5]),mul(x[2],add(x[5],x[2])))),x[5]),mul(x[7],add(x[7],x[2]))),x[7]),x[5]), x[5])",True,"less_than_or_equal(x[2],x[2])",0.35928143712574845,bd082d42dcba8056510101f18394b575,0.35928143712574845,False,0.0
8,19,"greater_than_or_equal(pdiv(x[5],sub(x[5],mul(x[7],add(mul(sub(sub(add(mul(x[0],add(add(mul(mul(x[7],pdiv(pdiv(mul(pdiv(x[7],x[2]),x[7]),x[0]),x[7])),pdiv(x[5],x[2])),x[5]),x[5])),x[5]),add(x[7],add(x[5],x[2]))),x[5]),sub(x[7],add(x[5],x[7]))),pdiv(x[7],add(x[2],x[5])))))), x[7])",False,,,28b674b72f7aad3ad0a222347ae64e5b,0.3173652694610778,False,0.0
8,19,"greater_than_or_equal(x[5], mul(add(mul(add(x[5],x[7]),mul(x[2],add(x[0],x[2]))),x[0]),add(add(x[2],x[3]),add(x[2],x[5]))))",False,,,7f28141afcc78f846e7b31e47a91b11f,0.281437125748503,False,0.0
8,19,"greater_than_or_equal(x[5], mul(x[7],pdiv(sub(pdiv(x[5],x[7]),x[2]),x[5])))",False,,,71e11deb102790e122227ab558b6b346,0.8023952095808383,False,0.0
8,19,"greater_than_or_equal(x[2], x[7])",True,"less_than_or_equal(add(x[5],x[7]),add(x[5],x[2]))",0.5269461077844311,544b4f45aa71542bcadfaa9d165fdbeb,0.5269461077844311,False,0.0
8,19,"greater_than_or_equal(mul(x[7],add(x[5],mul(x[5],add(x[7],x[5])))), add(x[0],add(x[5],x[2])))",False,,,a8773cef31fd1b1b8333b5a3a5fe28d5,0.6946107784431137,False,0.0
8,19,"not_(less_than_or_equal(pdiv(pdiv(x[3],mul(x[7],add(x[5],x[2]))),sub(x[3],mul(x[5],x[7]))),add(x[2],x[7])))",False,,,5f30abc9a83fd9cfedcc570821a8fd71,0.32335329341317365,False,0.0
8,19,"greater_than_or_equal(x[5], mul(x[7],add(x[7],add(x[2],x[7]))))",True,"greater_than_or_equal(x[5], mul(x[7],add(x[7],add(x[3],x[2]))))",0.2934131736526946,1af7bd2c0e59084ce1038d0fa1df9be2,0.27544910179640714,True,-0.017964071856287456
8,19,"greater_than_or_equal(sub(pdiv(x[5],x[3]),mul(x[7],x[5])), mul(pdiv(mul(x[0],x[7]),add(x[5],x[2])),add(sub(x[7],sub(x[5],mul(x[5],x[5]))),add(x[5],x[2]))))",False,,,c3c25125fcd2421f88a376482dae131a,0.3173652694610778,False,0.0
8,19,"greater_than_or_equal(x[7], add(add(x[7],add(mul(x[7],add(add(x[0],x[7]),pdiv(pdiv(mul(x[3],add(x[2],x[7])),x[7]),pdiv(x[5],x[5])))),x[5])),x[2]))",True,not_(x[6]),0.6347305389221557,b4068ba57b63c959651c969331c4b5cd,0.6407185628742516,True,0.005988023952095856
8,19,"less_than_or_equal(x[5],mul(x[7],add(add(pdiv(x[2],x[7]),add(x[5],x[7])),mul(sub(pdiv(x[5],x[7]),x[0]),add(x[0],mul(x[5],add(x[2],x[3])))))))",False,,,3533a1c9315f1fe7b8de5ff38dcd8b8b,0.4970059880239521,False,0.0
8,19,"greater_than_or_equal(pdiv(add(add(x[2],x[3]),add(pdiv(x[3],pdiv(x[7],add(x[2],x[7]))),pdiv(x[3],x[7]))),x[3]), x[5])",True,"less_than_or_equal(x[2],x[2])",0.35928143712574845,bd082d42dcba8056510101f18394b575,0.35928143712574845,False,0.0
8,19,"greater_than_or_equal(x[5], mul(x[7],add(add(sub(x[2],x[7]),mul(x[7],add(x[5],x[7]))),x[5])))",False,,,8fd295be4c3bdf7b819b515f67093959,0.21556886227544914,False,0.0
8,19,"greater_than_or_equal(pdiv(add(x[2],x[7]),pdiv(x[5],x[5])), mul(mul(x[5],x[7]),pdiv(x[7],x[3])))",True,"greater_than_or_equal(pdiv(add(x[5],x[2]),sub(x[5],x[5])), mul(mul(x[5],x[7]),pdiv(x[7],x[3])))",0.3413173652694611,f65c24e134a734a89a26a00dcb1d98d5,0.3652694610778443,True,0.0239520958083832
8,19,"greater_than_or_equal(x[5], mul(x[7],add(39.30,mul(x[2],x[5]))))",True,not_(x[6]),0.6347305389221557,b4068ba57b63c959651c969331c4b5cd,0.6347305389221557,False,0.0
8,19,"greater_than_or_equal(x[5], mul(mul(mul(mul(x[3],sub(x[5],pdiv(sub(x[2],add(sub(x[7],x[7]),pdiv(25.90,x[2]))),x[7]))),x[5]),x[5]),add(x[2],x[5])))",False,,,3719a2e22471b3af2915bdc5c4e8c0e5,0.652694610778443,False,0.0
8,19,"greater_than_or_equal(sub(pdiv(add(add(sub(x[5],sub(add(add(x[2],x[5]),x[5]),mul(x[2],add(x[5],x[2])))),x[5]),mul(x[7],x[0])),x[7]),x[3]), x[3])",False,,,1fde0ea55fa708bbae0eb472cd9f7a96,0.688622754491018,False,0.0
8,19,"greater_than_or_equal(x[5], mul(x[7],add(add(mul(x[3],x[7]),add(x[5],x[2])),mul(x[5],x[0]))))",True,"greater_than_or_equal(sub(pdiv(x[5],x[7]),mul(x[7],add(x[7],x[7]))), add(x[5],x[2]))",0.27544910179640714,f4a1b61f5d547d234714bee9745cd081,0.25149700598802394,True,-0.0239520958083832
8,19,"greater_than_or_equal(x[5], mul(x[7],x[3]))",True,"not_(less_than_or_equal(pdiv(x[5],x[3]),x[7]))",0.3413173652694611,e691e9faf9d6cf6a1c64f756c672a16e,0.3413173652694611,False,0.0
8,19,"greater_than_or_equal(pdiv(x[7],mul(pdiv(x[7],x[5]),add(x[5],x[7]))), add(x[5],x[5]))",False,,,cb31cacac2845093e5b07cfd0092ca92,0.5568862275449102,False,0.0
8,19,"greater_than_or_equal(x[5], mul(x[2],x[5]))",True,"not_(greater_than_or_equal(mul(x[7],x[2]), x[7]))",0.34730538922155685,f69cf4961d82af0c72c0014d2a401904,0.34730538922155685,False,0.0
8,19,"greater_than_or_equal(x[5], mul(add(mul(add(pdiv(sub(x[7],add(x[2],x[5])),x[2]),pdiv(pdiv(mul(x[5],sub(x[3],x[3])),x[7]),x[5])),x[2]),x[3]),mul(x[5],x[7])))",False,,,2f08b1571f4b4151dd1e837b401257ab,0.37125748502994016,False,0.0
8,19,"greater_than_or_equal(pdiv(add(mul(x[2],x[5]),mul(x[7],add(x[7],x[2]))),x[3]), x[5])",False,,,38d4010425e6159967227a405913b356,0.6167664670658682,False,0.0
8,19,"greater_than_or_equal(pdiv(x[5],x[5]), add(mul(add(x[3],sub(x[5],mul(x[5],x[5]))),add(pdiv(x[5],x[2]),sub(x[7],pdiv(x[3],pdiv(x[0],x[3]))))),add(x[7],pdiv(add(x[7],pdiv(x[2],x[2])),mul(x[2],x[5])))))",True,not_(x[6]),0.6347305389221557,b4068ba57b63c959651c969331c4b5cd,0.6407185628742516,True,0.005988023952095856
8,19,"greater_than_or_equal(pdiv(x[5],x[5]), add(sub(x[2],x[5]),x[3]))",True,"greater_than_or_equal(add(pdiv(x[3],x[3]),sub(x[5],x[3])), x[2])",0.3413173652694611,32c2a73a8ec945f9a936096109abdfc3,0.3413173652694611,False,0.0
8,19,"not_(less_than_or_equal(pdiv(pdiv(x[5],x[5]),add(sub(x[3],mul(sub(mul(mul(sub(x[7],add(pdiv(add(sub(x[7],x[5]),x[2]),sub(pdiv(x[5],x[3]),x[5])),x[5])),mul(add(pdiv(x[5],x[2]),x[7]),mul(x[7],x[7]))),x[0]),x[5]),x[7])),pdiv(x[7],x[7]))),add(x[2],x[7])))",False,,,28022669e847b1c2b76c30bee710b016,0.28742514970059885,False,0.0
8,19,"greater_than_or_equal(pdiv(x[5],sub(x[5],mul(x[7],add(mul(x[7],add(mul(x[7],add(add(add(mul(x[7],pdiv(pdiv(mul(x[3],add(x[2],x[7])),x[7]),pdiv(x[5],x[5]))),x[3]),x[5]),x[7])),add(x[2],x[7]))),x[2])))), add(x[2],x[3]))",False,,,aa1f47b012bf8bb3b73a0ac2faea265b,0.25149700598802394,False,0.0
8,19,"greater_than_or_equal(pdiv(x[7],add(x[0],add(x[5],x[2]))), add(sub(sub(add(sub(x[3],mul(x[5],04.19)),sub(x[2],add(x[2],x[3]))),add(pdiv(x[3],pdiv(x[7],add(x[2],x[7]))),pdiv(x[3],x[7]))),x[3]),x[5]))",True,"less_than_or_equal(x[2],x[2])",0.35928143712574845,bd082d42dcba8056510101f18394b575,0.35928143712574845,False,0.0
8,19,"greater_than_or_equal(x[5], mul(x[5],x[0]))",True,"less_than_or_equal(x[2],x[2])",0.35928143712574845,bd082d42dcba8056510101f18394b575,0.35928143712574845,False,0.0
8,19,"and_(greater_than_or_equal(x[5], mul(x[0],x[7])),greater_than_or_equal(sub(x[2],x[5]), add(x[2],x[0])))",True,not_(x[6]),0.6347305389221557,b4068ba57b63c959651c969331c4b5cd,0.6347305389221557,False,0.0
8,19,"greater_than_or_equal(sub(pdiv(x[5],x[2]),mul(x[5],add(x[2],x[3]))), mul(x[5],pdiv(add(x[0],x[0]),x[3])))",False,,,76cad7c6b9d8f418723db6715c291cd0,0.2934131736526946,False,0.0
8,19,"greater_than_or_equal(mul(add(x[5],x[3]),add(x[7],x[7])), add(x[5],x[5]))",False,,,9ad34022cf615fe203059d609ac361b5,0.6946107784431137,False,0.0
8,19,"less_than_or_equal(add(mul(mul(x[7],add(x[3],x[7])),x[2]),add(x[5],x[2])),pdiv(x[5],sub(add(x[5],x[2]),add(sub(x[7],x[7]),pdiv(x[5],x[5])))))",False,,,8829c70bf9973585439c4da0d4800fb7,0.6946107784431137,False,0.0
8,19,"not_(less_than_or_equal(pdiv(x[5],pdiv(x[5],x[7])),x[5]))",True,"greater_than_or_equal(x[7], x[5])",0.6107784431137724,793f9fa4aca1502cfe0a9ed6ab91b83c,0.6107784431137724,False,0.0
8,19,"greater_than_or_equal(pdiv(x[5],add(x[2],x[0])), pdiv(x[0],mul(x[2],x[5])))",False,,,9b9daf64d0580deba9df57aeae07a346,0.46706586826347307,False,0.0
8,19,"greater_than_or_equal(add(add(x[2],x[2]),x[3]), pdiv(pdiv(x[5],x[5]),mul(mul(x[2],add(sub(x[7],add(pdiv(add(sub(x[2],x[5]),x[2]),sub(pdiv(x[5],x[2]),x[5])),x[5])),mul(add(add(x[5],x[2]),x[7]),mul(x[7],x[7])))),x[7])))",False,,,ea84b47e0e87863f7045a9d8da8f4f84,0.3892215568862275,False,0.0
8,19,"greater_than_or_equal(sub(x[5],pdiv(x[5],x[5])), add(pdiv(x[2],mul(x[0],x[5])),x[5]))",True,not_(x[6]),0.6347305389221557,b4068ba57b63c959651c969331c4b5cd,0.6407185628742516,True,0.005988023952095856
8,19,"greater_than_or_equal(x[5], mul(x[3],add(x[2],add(pdiv(mul(x[5],x[5]),x[0]),sub(x[5],x[5])))))",False,,,da02e2716d89ca1da65b692d04f429b0,0.4610778443113772,False,0.0
8,19,"greater_than_or_equal(x[5], mul(add(mul(add(x[5],x[7]),mul(x[2],add(add(x[5],x[2]),x[5]))),sub(x[7],add(x[5],x[7]))),pdiv(x[7],add(sub(x[2],x[5]),mul(x[5],x[5])))))",False,,,1b33907201fc3158f732486b0f3017ad,0.4251497005988024,False,0.0
8,19,"not_(greater_than_or_equal(x[5], x[5]))",True,not_(x[6]),0.6347305389221557,b4068ba57b63c959651c969331c4b5cd,0.6407185628742516,True,0.005988023952095856
8,19,"greater_than_or_equal(x[5], mul(x[2],x[5]))",True,"not_(greater_than_or_equal(mul(x[7],x[2]), x[7]))",0.34730538922155685,f69cf4961d82af0c72c0014d2a401904,0.34730538922155685,False,0.0
8,19,"greater_than_or_equal(pdiv(x[5],sub(x[5],mul(add(x[5],mul(x[3],add(mul(x[7],add(add(x[0],pdiv(x[2],pdiv(mul(x[3],add(x[2],x[7])),mul(pdiv(pdiv(x[5],x[5]),x[5]),x[2])))),mul(sub(x[7],add(pdiv(pdiv(sub(x[2],pdiv(sub(x[2],pdiv(x[5],x[5])),mul(x[7],add(x[5],x[5])))),x[3]),x[3]),add(pdiv(pdiv(x[7],x[5]),add(x[2],x[7])),x[2]))),x[7]))),pdiv(x[3],x[7])))),x[3]))), x[5])",False,,,20deac69fec5c470b30cc6108ee1090e,0.49101796407185627,False,0.0
8,19,"greater_than_or_equal(x[0], mul(x[7],mul(sub(mul(x[7],add(x[5],x[2])),add(x[7],x[7])),add(x[5],x[5]))))",True,"less_than_or_equal(x[2],x[2])",0.35928143712574845,bd082d42dcba8056510101f18394b575,0.35928143712574845,False,0.0
8,19,"greater_than_or_equal(84.04, x[7])",True,"less_than_or_equal(x[2],x[2])",0.35928143712574845,bd082d42dcba8056510101f18394b575,0.35928143712574845,False,0.0
8,19,"less_than_or_equal(x[7],x[3])",True,"greater_than_or_equal(x[3], x[7])",0.33532934131736525,176c0c35833bc4ae980b10cd773d9ebc,0.33532934131736525,False,0.0
8,19,"not_(less_than_or_equal(pdiv(x[5],x[7]),add(mul(x[7],add(mul(add(x[5],x[7]),mul(x[2],x[3])),x[7])),x[7])))",True,"greater_than_or_equal(x[5], mul(x[7],add(x[7],x[5])))",0.22754491017964074,051dec5cdded21754165aaf5f887a47e,0.23353293413173648,True,0.0059880239520957446
8,19,"not_(less_than_or_equal(pdiv(x[5],x[7]),add(x[5],pdiv(sub(sub(add(add(pdiv(x[7],x[2]),add(x[2],x[3])),mul(pdiv(x[3],pdiv(x[7],add(x[2],x[7]))),pdiv(x[3],x[7]))),x[3]),x[5]),x[5]))))",False,,,ad1ce594276c85d318085809bbb7c5c2,0.6107784431137724,False,0.0
8,19,"greater_than_or_equal(x[5], mul(x[2],x[5]))",True,"not_(greater_than_or_equal(mul(x[7],x[2]), x[7]))",0.34730538922155685,f69cf4961d82af0c72c0014d2a401904,0.34730538922155685,False,0.0
8,19,"greater_than_or_equal(x[5], mul(x[5],x[5]))",True,"less_than_or_equal(x[2],x[2])",0.35928143712574845,bd082d42dcba8056510101f18394b575,0.35928143712574845,False,0.0
8,19,"greater_than_or_equal(sub(pdiv(x[5],x[2]),mul(x[7],add(add(x[0],x[7]),x[5]))), mul(x[5],mul(x[7],x[7])))",False,,,61bc5f4ba7551b392350a53aab1c7c7b,0.26347305389221554,False,0.0
8,19,"greater_than_or_equal(pdiv(x[5],x[5]), pdiv(x[2],x[5]))",True,"not_(not_(less_than_or_equal(x[2],x[5])))",0.34730538922155685,4af53f79d9ad2ffac455113b88a02dd4,0.3413173652694611,True,-0.0059880239520957446
8,19,"greater_than_or_equal(x[5], mul(add(mul(add(x[5],pdiv(x[2],x[2])),mul(x[7],add(x[7],x[2]))),x[3]),x[5]))",False,,,c1df4ca96e06a2f82fe3fe9b726296ef,0.2574850299401198,False,0.0
8,19,"greater_than_or_equal(x[5], x[2])",True,"not_(not_(less_than_or_equal(x[2],x[5])))",0.34730538922155685,4af53f79d9ad2ffac455113b88a02dd4,0.34730538922155685,False,0.0
8,19,"greater_than_or_equal(x[5], mul(x[7],add(x[5],x[2])))",True,"greater_than_or_equal(x[5], mul(x[7],add(x[5],x[2])))",0.23353293413173648,49521aab13419e9d4582e656c37790ef,0.23353293413173648,False,0.0
8,19,"not_(less_than_or_equal(pdiv(x[5],x[7]),add(mul(x[7],add(sub(mul(x[0],sub(pdiv(x[7],add(x[0],sub(pdiv(x[2],x[5]),x[0]))),x[7])),x[5]),mul(x[7],add(x[0],add(x[5],x[2]))))),add(sub(x[7],sub(x[3],mul(x[5],sub(sub(add(sub(sub(x[7],x[2]),add(x[2],x[3])),add(pdiv(x[3],pdiv(x[7],add(x[2],x[7]))),pdiv(x[3],x[7]))),x[3]),x[5])))),x[5]))))",False,,,a7cc5116348d0771856771ffab6b327e,0.32335329341317365,False,0.0
8,19,"greater_than_or_equal(sub(pdiv(x[3],x[5]),x[5]), add(x[2],x[5]))",True,"not_(less_than_or_equal(pdiv(x[3],add(add(x[5],x[2]),x[3])),x[5]))",0.5269461077844311,e3846c8270f778f7a8bd2b6c9d115df6,0.5149700598802396,True,-0.011976047904191489
8,19,"greater_than_or_equal(x[5], mul(mul(x[2],add(x[5],x[7])),x[2]))",False,,,ec5e8c21952a0d7a10ef0a49bb92f619,0.281437125748503,False,0.0
8,19,"greater_than_or_equal(x[5], mul(x[7],mul(mul(pdiv(x[0],x[3]),add(x[5],x[5])),pdiv(mul(x[7],x[7]),x[5]))))",True,"greater_than_or_equal(x[5], mul(x[7],mul(mul(pdiv(x[0],x[3]),add(x[5],x[5])),pdiv(mul(x[7],x[7]),x[5]))))",0.29940119760479045,723d57dac35a29e2d87175ddc90e0168,0.29940119760479045,False,0.0
8,19,"greater_than_or_equal(x[5], mul(x[7],mul(90.91,x[2])))",True,"not_(less_than_or_equal(pdiv(x[5],x[7]),mul(add(x[2],x[2]),89.74)))",0.6047904191616766,b43cb00a20044ea1c11cc702bd218446,0.5988023952095809,True,-0.0059880239520957446
8,19,"greater_than_or_equal(x[5], mul(x[7],add(x[2],pdiv(x[7],pdiv(x[7],x[3])))))",True,"not_(greater_than_or_equal(mul(x[7],add(x[3],x[2])), add(x[5],mul(sub(x[5],x[5]),sub(add(08.46,x[3]),add(pdiv(x[5],x[7]),sub(x[7],x[5])))))))",0.31137724550898205,e4f020371c9c4af4bedc99e9207ee51f,0.31137724550898205,False,0.0
8,19,"greater_than_or_equal(pdiv(pdiv(x[5],x[5]),add(add(x[2],pdiv(pdiv(mul(x[5],x[5]),add(x[3],x[7])),x[5])),mul(x[7],mul(sub(mul(x[5],x[3]),x[5]),add(x[5],x[2]))))), x[5])",False,,,6ceb40d40d7f1f186e0a23f696e252eb,0.38323353293413176,False,0.0
8,19,"greater_than_or_equal(x[5], mul(x[0],add(mul(x[0],add(x[5],add(sub(x[5],x[5]),add(add(x[7],x[0]),x[2])))),x[0])))",False,,,d8e9f5be77eb497540d2e3ce5a4a2953,0.3652694610778443,False,0.0
8,19,"greater_than_or_equal(pdiv(x[5],x[2]), x[5])",True,"not_(greater_than_or_equal(mul(x[7],x[2]), x[7]))",0.34730538922155685,f69cf4961d82af0c72c0014d2a401904,0.34730538922155685,False,0.0
8,19,"greater_than_or_equal(x[5], mul(x[7],add(x[0],pdiv(pdiv(mul(x[5],x[5]),add(x[5],x[7])),mul(x[5],94.25)))))",True,"not_(less_than_or_equal(pdiv(x[5],x[0]),x[0]))",0.35928143712574845,5372ceb8b23ce5e1dd3bf5c2fc3a57aa,0.34730538922155685,True,-0.0119760479041916
8,19,"not_(less_than_or_equal(pdiv(x[5],x[2]),add(pdiv(pdiv(x[5],pdiv(pdiv(mul(x[5],mul(x[7],mul(x[5],x[5]))),x[3]),x[5])),add(x[5],x[2])),x[5])))",False,,,ebfe9a1fd1e7ffb48536fa4e07984d28,0.5868263473053892,False,0.0
8,19,"greater_than_or_equal(x[5], mul(x[7],add(add(sub(x[3],x[7]),add(x[5],x[2])),mul(x[5],x[2]))))",True,"greater_than_or_equal(x[5], mul(x[7],add(add(sub(x[3],x[7]),add(x[5],x[2])),mul(x[2],x[5]))))",0.27544910179640714,c03ff6b020f9a4ae4e8a75716d10d29e,0.27544910179640714,False,0.0
8,19,"greater_than_or_equal(x[5], mul(x[5],x[3]))",True,"less_than_or_equal(x[2],x[2])",0.35928143712574845,bd082d42dcba8056510101f18394b575,0.35928143712574845,False,0.0
8,19,"greater_than_or_equal(x[5], pdiv(x[7],add(add(sub(x[3],x[7]),add(x[5],x[2])),mul(x[2],x[5]))))",False,,,7a747de0aac5cfe8d7219e0b2da7d53a,0.4011976047904192,False,0.0
8,19,"greater_than_or_equal(x[5], mul(add(sub(pdiv(x[5],add(x[2],x[5])),x[5]),add(add(pdiv(x[2],x[2]),add(x[7],x[0])),x[2])),x[0]))",False,,,0da5d5815e4c04349d050e92196396e4,0.39520958083832336,False,0.0
8,19,not_(x[6]),True,not_(x[6]),0.6347305389221557,b4068ba57b63c959651c969331c4b5cd,0.6347305389221557,False,0.0
8,19,"greater_than_or_equal(x[5], mul(x[2],x[5]))",True,"not_(greater_than_or_equal(mul(x[7],x[2]), x[7]))",0.34730538922155685,f69cf4961d82af0c72c0014d2a401904,0.34730538922155685,False,0.0
8,19,"greater_than_or_equal(x[5], mul(x[5],mul(x[7],add(add(x[7],add(x[7],x[5])),mul(add(mul(x[3],x[7]),add(x[5],x[2])),add(sub(x[7],sub(x[5],mul(x[5],x[5]))),add(x[5],x[2])))))))",False,,,8f427dc888ad32a7be1f3b4298c06e17,0.2694610778443114,False,0.0
8,19,"greater_than_or_equal(pdiv(x[5],add(x[2],pdiv(add(pdiv(x[7],x[0]),x[2]),x[0]))), sub(add(x[2],x[3]),add(x[2],x[5])))",False,,,f7de11f9d52221217994a98f2e40f196,0.4131736526946108,False,0.0
8,19,"greater_than_or_equal(x[5], mul(x[5],mul(x[7],add(add(x[0],x[7]),x[2]))))",False,,,5d704af1b1596c008eb3ce1ecfa0e273,0.281437125748503,False,0.0
8,19,"greater_than_or_equal(pdiv(x[5],add(x[2],pdiv(add(sub(x[2],x[5]),x[5]),x[5]))), x[7])",True,"greater_than_or_equal(pdiv(x[5],add(x[2],pdiv(add(sub(x[2],x[5]),x[5]),x[5]))), x[7])",0.31137724550898205,5c420b5bccd4de5cee4c8f0bc3f96434,0.31137724550898205,False,0.0
8,19,"not_(greater_than_or_equal(pdiv(x[5],pdiv(x[5],add(x[2],x[5]))), x[5]))",True,not_(x[6]),0.6347305389221557,b4068ba57b63c959651c969331c4b5cd,0.6407185628742516,True,0.005988023952095856
8,19,"greater_than_or_equal(sub(pdiv(x[7],x[5]),x[5]), x[2])",True,"not_(less_than_or_equal(pdiv(x[7],x[5]),add(x[5],x[2])))",0.5209580838323353,330fc634ea36064ef3797fa341995bd5,0.5209580838323353,False,0.0
8,19,"less_than_or_equal(pdiv(x[5],mul(x[7],add(mul(mul(add(pdiv(sub(add(x[7],sub(add(x[2],x[7]),mul(x[7],add(x[7],x[2])))),x[3]),x[5]),x[5]),add(pdiv(x[5],mul(x[7],add(x[2],x[7]))),x[5])),x[5]),x[2]))),add(sub(x[7],x[7]),pdiv(x[5],x[5])))",False,,,5f8d92543e63cb35db19f34848b559c3,0.4850299401197605,False,0.0
8,19,"greater_than_or_equal(pdiv(x[5],x[5]), add(x[5],x[2]))",True,"not_(less_than_or_equal(pdiv(x[5],x[5]),add(x[5],x[2])))",0.2455089820359282,5825d6d8d32996f2f81bb41cc0bfa92f,0.2455089820359282,False,0.0
8,19,"greater_than_or_equal(sub(pdiv(pdiv(x[5],x[5]),x[7]),x[7]), sub(x[5],mul(x[5],x[5])))",False,,,10eaafa9dc07867535631e2e40a35942,0.39520958083832336,False,0.0
8,19,"greater_than_or_equal(x[5], mul(pdiv(pdiv(mul(add(mul(add(x[7],mul(add(x[5],add(x[7],x[0])),pdiv(x[5],x[5]))),pdiv(x[2],x[3])),x[5]),x[5]),add(x[2],x[5])),x[5]),add(x[5],x[2])))",True,"greater_than_or_equal(pdiv(mul(x[5],x[2]),pdiv(x[2],x[5])), add(sub(x[7],x[7]),add(x[5],x[0])))",0.6107784431137724,ec48eb4aba9f475884bcf9e8f28adadc,0.6167664670658682,True,0.005988023952095856
8,19,"greater_than_or_equal(x[5], mul(x[7],sub(pdiv(mul(x[5],x[5]),x[2]),add(sub(x[7],x[7]),pdiv(x[5],x[5])))))",False,,,f757cef54cf59a9d916dcfe5ed7b4841,0.43113772455089816,False,0.0
8,19,"greater_than_or_equal(pdiv(x[5],mul(x[7],add(x[5],x[5]))), x[5])",True,"not_(less_than_or_equal(pdiv(x[5],x[5]),mul(x[7],add(x[5],x[5]))))",0.2574850299401198,60772b7c6d008dbac48c1b7022ba9e21,0.2574850299401198,False,0.0
8,19,"greater_than_or_equal(x[5], mul(add(mul(add(x[5],sub(x[5],add(x[2],x[2]))),sub(mul(x[5],x[5]),x[2])),add(sub(x[7],x[7]),pdiv(x[5],x[5]))),mul(mul(x[5],x[7]),pdiv(x[7],x[3]))))",False,,,a8ea4e79a60bdd09890e203d260a3466,0.2934131736526946,False,0.0
8,19,"not_(less_than_or_equal(pdiv(x[5],79.30),x[0]))",True,"less_than_or_equal(mul(add(x[0],x[0]),add(x[2],x[5])),sub(add(x[2],x[3]),add(x[3],x[2])))",0.3892215568862275,c9704e311ac7e289734d4b5a1bdc086f,0.39520958083832336,True,0.005988023952095856
8,19,"greater_than_or_equal(pdiv(x[5],x[3]), x[5])",True,"less_than_or_equal(x[2],x[2])",0.35928143712574845,bd082d42dcba8056510101f18394b575,0.35928143712574845,False,0.0
8,19,"greater_than_or_equal(x[5], mul(x[7],add(x[5],x[2])))",True,"greater_than_or_equal(x[5], mul(x[7],add(x[5],x[2])))",0.23353293413173648,49521aab13419e9d4582e656c37790ef,0.23353293413173648,False,0.0
8,19,"greater_than_or_equal(mul(pdiv(x[3],x[7]),pdiv(x[0],pdiv(x[2],add(add(sub(x[3],mul(x[5],x[7])),add(x[2],x[7])),x[2])))), add(x[2],x[3]))",False,,,0f8e192795a9dd36edeaf3a7b95f12a4,0.5089820359281437,False,0.0
8,19,"greater_than_or_equal(x[5], x[2])",True,"not_(not_(less_than_or_equal(x[2],x[5])))",0.34730538922155685,4af53f79d9ad2ffac455113b88a02dd4,0.34730538922155685,False,0.0
8,19,"greater_than_or_equal(pdiv(x[5],add(x[2],x[5])), x[3])",True,"not_(less_than_or_equal(pdiv(x[5],x[3]),add(x[5],x[2])))",0.33532934131736525,19e0b26b04f63034b8102da698d0b3b7,0.33532934131736525,False,0.0
8,19,"greater_than_or_equal(pdiv(x[7],pdiv(x[5],x[5])), x[2])",True,"less_than_or_equal(pdiv(add(x[2],x[5]),sub(x[2],x[7])),mul(mul(x[2],x[3]),mul(x[5],x[7])))",0.4730538922155688,6a9a868ce645e54c16a03959cbdb37f6,0.4730538922155688,False,0.0
8,19,"greater_than_or_equal(pdiv(x[5],add(x[5],x[0])), pdiv(pdiv(add(x[5],add(x[5],x[5])),add(sub(x[5],x[5]),add(add(x[7],x[0]),x[2]))),x[0]))",True,"less_than_or_equal(mul(add(x[0],x[0]),add(x[2],x[5])),sub(add(x[2],x[3]),add(x[3],x[2])))",0.3892215568862275,c9704e311ac7e289734d4b5a1bdc086f,0.3892215568862275,False,0.0
8,19,"greater_than_or_equal(sub(pdiv(x[5],x[7]),x[5]), mul(x[7],add(x[7],x[5])))",False,,,bd60c72475b288ea9487852ed6852c02,0.2455089820359282,False,0.0
8,19,"greater_than_or_equal(x[2], mul(x[7],add(sub(x[5],x[7]),x[7])))",True,"less_than_or_equal(x[7],pdiv(x[2],x[5]))",0.45508982035928147,d33cfc188406cf3750d6a42207b463ce,0.45508982035928147,False,0.0
8,19,"not_(less_than_or_equal(pdiv(x[3],x[2]),mul(x[5],mul(add(x[5],x[7]),x[5]))))",False,,,b68faf0e291fa84f6950a1c8960a4450,0.31137724550898205,False,0.0
8,19,"greater_than_or_equal(x[5], mul(x[7],x[7]))",True,"not_(less_than_or_equal(x[5],mul(x[7],x[7])))",0.3532934131736527,6208c2f2bc232c7eeeb665b7dcc66661,0.3532934131736527,False,0.0
8,19,"not_(less_than_or_equal(pdiv(pdiv(pdiv(mul(x[7],add(x[7],x[5])),add(add(x[5],add(x[3],x[7])),add(x[5],x[2]))),sub(x[3],mul(x[5],x[7]))),add(x[2],x[7])),x[2]))",False,,,33fb14d52812ed4eb09c6ba911b2beb9,0.3892215568862275,False,0.0
8,19,"not_(greater_than_or_equal(mul(x[5],x[3]), x[3]))",True,"not_(less_than_or_equal(pdiv(x[5],x[5]),x[5]))",0.31137724550898205,774eb80249c37c32f486ae194a31e639,0.3173652694610778,True,0.0059880239520957446
8,19,"greater_than_or_equal(x[5], mul(pdiv(x[5],x[7]),add(x[3],x[5])))",True,"less_than_or_equal(mul(mul(x[7],x[7]),add(x[5],x[2])),mul(sub(x[0],73.99),sub(add(x[3],x[5]),x[7])))",0.652694610778443,721b1938d3052e0a206dd8bb4c7199f3,0.652694610778443,False,0.0
8,19,"greater_than_or_equal(pdiv(pdiv(x[5],x[5]),add(pdiv(x[2],mul(x[3],add(pdiv(x[5],x[3]),add(mul(pdiv(x[5],x[5]),mul(x[2],add(mul(mul(x[2],x[5]),pdiv(x[7],add(x[7],x[2]))),x[7]))),x[5])))),x[5])), add(x[2],x[5]))",False,,,b5b6b42124a393b26ba70b33d73f570b,0.26347305389221554,False,0.0
8,19,"greater_than_or_equal(sub(x[5],mul(pdiv(x[7],x[5]),x[7])), pdiv(x[5],x[7]))",True,not_(x[6]),0.6347305389221557,b4068ba57b63c959651c969331c4b5cd,0.6407185628742516,True,0.005988023952095856
8,19,"greater_than_or_equal(pdiv(x[5],x[5]), add(x[5],add(x[5],x[2])))",True,"not_(less_than_or_equal(pdiv(x[5],x[5]),add(add(x[2],x[5]),x[5])))",0.5089820359281437,c8f07d9b2f7dcef7f4fa44aeef22dc71,0.5089820359281437,False,0.0
8,19,"greater_than_or_equal(x[5], mul(x[7],add(pdiv(x[7],pdiv(mul(x[2],x[5]),x[0])),sub(sub(x[2],x[7]),add(x[5],x[2])))))",False,,,27d325002491188a0ac2f568e57826d8,0.3532934131736527,False,0.0
8,19,"greater_than_or_equal(pdiv(x[7],x[5]), add(x[0],pdiv(x[7],mul(x[2],x[5]))))",True,"not_(less_than_or_equal(pdiv(x[7],x[5]),pdiv(pdiv(pdiv(x[5],x[5]),x[5]),x[2])))",0.6287425149700598,8c2dad1809a03cc967a05f5c635295c1,0.6287425149700598,False,0.0
8,19,"greater_than_or_equal(x[3], add(x[2],add(x[7],x[0])))",False,,,73f096ea5341bf206229b134b5bfea62,0.45508982035928147,False,0.0
8,19,"greater_than_or_equal(sub(pdiv(x[5],x[3]),x[2]), x[5])",True,"not_(less_than_or_equal(pdiv(x[5],x[3]),add(x[5],x[2])))",0.33532934131736525,19e0b26b04f63034b8102da698d0b3b7,0.33532934131736525,False,0.0
8,19,"less_than_or_equal(add(mul(x[7],x[2]),sub(pdiv(add(x[7],x[2]),x[0]),04.69)),x[5])",False,,,4b15e854d676471c8ff1608ea395eedc,0.28742514970059885,False,0.0
8,19,"greater_than_or_equal(x[5], mul(x[5],mul(x[7],add(sub(sub(sub(x[3],x[5]),x[5]),sub(19.01,x[5])),mul(x[5],x[5])))))",True,"less_than_or_equal(x[2],x[2])",0.35928143712574845,bd082d42dcba8056510101f18394b575,0.35928143712574845,False,0.0
8,19,"not_(less_than_or_equal(pdiv(x[5],x[7]),add(add(x[2],add(x[7],sub(pdiv(x[5],x[7]),x[2]))),x[7])))",True,not_(x[6]),0.6347305389221557,b4068ba57b63c959651c969331c4b5cd,0.6407185628742516,True,0.005988023952095856
8,19,"greater_than_or_equal(x[5], x[5])",True,"less_than_or_equal(x[2],x[2])",0.35928143712574845,bd082d42dcba8056510101f18394b575,0.35928143712574845,False,0.0
8,19,"greater_than_or_equal(x[5], mul(x[7],add(x[5],add(pdiv(x[2],x[5]),add(add(x[7],x[0]),x[5])))))",True,"greater_than_or_equal(sub(pdiv(x[5],x[7]),add(x[5],pdiv(add(mul(pdiv(x[2],x[5]),add(x[2],x[5])),x[7]),pdiv(x[5],x[5])))), x[5])",0.3652694610778443,277e57b48c2ba30f5693c21858757cda,0.37125748502994016,True,0.005988023952095856
8,19,"greater_than_or_equal(x[5], mul(x[2],x[5]))",True,"not_(greater_than_or_equal(mul(x[7],x[2]), x[7]))",0.34730538922155685,f69cf4961d82af0c72c0014d2a401904,0.34730538922155685,False,0.0
8,19,"greater_than_or_equal(x[5], mul(x[7],add(mul(x[7],add(x[2],x[2])),x[7])))",True,"greater_than_or_equal(x[5], mul(x[7],add(mul(x[7],x[7]),add(x[2],x[2]))))",0.23353293413173648,ae7ff5193a8a0ebf846f36ddb3e6b106,0.22754491017964074,True,-0.0059880239520957446
8,19,"greater_than_or_equal(pdiv(x[5],x[5]), add(sub(pdiv(add(x[3],x[5]),x[5]),add(x[7],x[2])),x[2]))",True,"greater_than_or_equal(x[5], pdiv(x[3],x[7]))",0.6646706586826348,7163cc140f7c1d8b5064283f255cf146,0.6586826347305389,True,-0.005988023952095856
8,19,"greater_than_or_equal(pdiv(x[5],x[5]), add(add(x[2],mul(x[2],mul(sub(x[7],x[7]),pdiv(x[5],x[5])))),mul(mul(x[7],x[2]),sub(pdiv(add(x[7],x[2]),x[5]),x[5]))))",False,,,b2764a6f3ef5bc579589eb89668b6cf5,0.2934131736526946,False,0.0
8,19,"greater_than_or_equal(sub(pdiv(x[5],x[7]),mul(mul(x[5],mul(x[5],x[5])),mul(x[5],add(x[0],add(x[5],x[2]))))), add(sub(x[7],sub(x[3],mul(x[5],x[7]))),add(x[2],x[7])))",False,,,afb252b62384232ac1ff5e2f63985c0b,0.2694610778443114,False,0.0
8,19,"greater_than_or_equal(x[5], mul(x[7],add(x[7],add(pdiv(sub(add(x[2],x[7]),x[2]),x[5]),mul(x[7],add(x[7],x[2]))))))",True,"greater_than_or_equal(x[5], mul(x[7],add(x[7],pdiv(69.44,sub(x[3],x[3])))))",0.33532934131736525,0f74d2b510468dfb01b807a5013ba7de,0.3293413173652695,True,-0.0059880239520957446
8,19,"greater_than_or_equal(x[5], mul(x[7],add(mul(add(x[5],x[7]),mul(x[2],x[3])),x[7])))",True,"greater_than_or_equal(x[5], mul(add(mul(add(x[5],x[7]),mul(x[2],x[3])),x[7]),x[7]))",0.29940119760479045,3acd53982745e31083f647aae9b19a8e,0.29940119760479045,False,0.0
8,19,"less_than_or_equal(x[5],add(add(x[5],x[2]),x[5]))",True,"less_than_or_equal(x[2],x[2])",0.35928143712574845,bd082d42dcba8056510101f18394b575,0.35928143712574845,False,0.0
8,19,"greater_than_or_equal(x[5], x[7])",True,"greater_than_or_equal(x[5], x[7])",0.3892215568862275,ca29d589a2290a0489371628a6b32bf4,0.3892215568862275,False,0.0
8,19,"greater_than_or_equal(x[5], mul(mul(x[7],add(x[5],x[2])),add(x[5],x[3])))",True,"greater_than_or_equal(sub(pdiv(x[5],x[5]),mul(x[7],add(x[7],x[2]))), x[3])",0.23952095808383234,28ec52dd7333cc1c240b9eacee8d6909,0.2455089820359282,True,0.005988023952095856
8,19,"not_(less_than_or_equal(pdiv(x[5],x[7]),add(x[5],mul(x[2],add(x[7],x[5])))))",False,,,5eced4cbd438e2dc048143ff8d01294d,0.22155688622754488,False,0.0
8,19,"not_(less_than_or_equal(pdiv(x[5],mul(add(x[7],x[5]),x[5])),x[2]))",True,"not_(less_than_or_equal(pdiv(x[5],add(x[2],x[2])),mul(x[5],x[5])))",0.32335329341317365,3fddbd4dc60a7c93921f62a065786c93,0.32335329341317365,False,0.0
8,19,"greater_than_or_equal(x[5], mul(x[3],add(add(x[3],pdiv(x[0],x[5])),x[5])))",False,,,5082404a35578300cf9f2ee3d653ef95,0.5089820359281437,False,0.0
8,19,"greater_than_or_equal(x[5], add(mul(x[7],add(x[7],x[2])),x[3]))",False,,,a908e807e5a192c7ed6498807c83500f,0.45508982035928147,False,0.0
8,19,"greater_than_or_equal(x[5], mul(mul(x[3],mul(add(pdiv(x[7],x[7]),x[7]),x[5])),add(x[2],x[0])))",False,,,f0a2fc85451b4e7d803c502c1efbb77d,0.3293413173652695,False,0.0
8,19,"not_(less_than_or_equal(pdiv(x[5],x[3]),x[7]))",True,"not_(less_than_or_equal(pdiv(x[5],x[3]),x[7]))",0.3413173652694611,e691e9faf9d6cf6a1c64f756c672a16e,0.3413173652694611,False,0.0
8,19,"greater_than_or_equal(x[5], mul(mul(mul(mul(x[7],pdiv(x[5],x[0])),x[2]),add(sub(x[7],x[7]),pdiv(69.44,sub(x[3],x[3])))),x[5]))",False,,,36bf4b8d8a0c827e657da2bc8a03daaa,0.26347305389221554,False,0.0
8,19,"greater_than_or_equal(pdiv(x[5],add(x[3],x[5])), x[5])",True,"not_(less_than_or_equal(pdiv(x[5],x[5]),add(x[5],x[3])))",0.49101796407185627,bb45d530dc44268633eeb136f814ec83,0.49101796407185627,False,0.0
8,19,"greater_than_or_equal(pdiv(x[5],x[5]), add(x[2],x[2]))",True,"not_(less_than_or_equal(pdiv(x[5],x[5]),add(x[2],x[2])))",0.25149700598802394,b1dd33075a09479c47bb17a355eef7af,0.25149700598802394,False,0.0
8,19,"not_(less_than_or_equal(pdiv(x[5],x[7]),add(add(x[2],add(x[7],x[7])),x[7])))",True,"not_(less_than_or_equal(pdiv(x[3],x[7]),add(x[7],pdiv(x[3],x[5]))))",0.3293413173652695,74dce5cb961f14b3bdac896efda7926c,0.3053892215568862,True,-0.02395209580838331
8,19,"greater_than_or_equal(sub(pdiv(x[3],x[5]),x[0]), x[7])",False,,,01fd544202a18926dbf6585bf853ca05,0.33532934131736525,False,0.0
8,19,"greater_than_or_equal(pdiv(pdiv(x[7],add(x[5],x[2])),add(sub(x[7],sub(x[5],mul(x[5],x[5]))),add(x[5],x[2]))), mul(x[7],pdiv(mul(x[2],x[5]),x[0])))",True,"greater_than_or_equal(pdiv(pdiv(x[7],add(x[5],x[2])),add(sub(x[7],sub(x[5],mul(x[5],x[5]))),add(x[5],x[2]))), mul(x[7],pdiv(mul(x[2],x[5]),x[0])))",0.2455089820359282,b0eff0622e99d7ae75371d3d4a6e011a,0.2455089820359282,False,0.0
8,19,"greater_than_or_equal(pdiv(x[5],x[5]), add(x[7],x[2]))",True,"less_than_or_equal(add(mul(x[7],pdiv(x[5],x[5])),x[2]),add(sub(x[7],x[7]),pdiv(69.44,sub(x[3],x[3]))))",0.19161676646706582,14c6e007ad625f3839f568e9ee8a86e1,0.19161676646706582,False,0.0
8,19,"less_than_or_equal(x[5],mul(sub(pdiv(add(x[7],x[2]),x[5]),x[5]),add(x[7],x[3])))",False,,,ef5cbff17f768db859dd6c3045af056b,0.5449101796407185,False,0.0
8,19,"greater_than_or_equal(x[2], mul(x[7],add(x[5],x[5])))",True,"less_than_or_equal(add(mul(x[7],add(x[5],x[5])),x[5]),add(x[5],x[2]))",0.5209580838323353,c65fe234c6169ba85d5ae97ad8c96392,0.5209580838323353,False,0.0
8,19,"greater_than_or_equal(x[5], mul(x[7],add(add(sub(x[2],x[7]),add(x[7],pdiv(add(x[5],x[5]),add(x[7],x[2])))),x[5])))",True,"not_(less_than_or_equal(pdiv(x[5],04.61),x[7]))",0.5389221556886228,a7cacbe6ce22cd2e14b847dca3a88aa5,0.5329341317365269,True,-0.005988023952095856
8,19,"not_(less_than_or_equal(pdiv(pdiv(x[5],01.48),mul(x[5],x[7])),add(x[2],x[5])))",False,,,cdd9fc6a504c2aeb45792a4625465ee0,0.22754491017964074,False,0.0
8,19,"greater_than_or_equal(pdiv(sub(pdiv(add(x[5],add(x[2],x[5])),x[7]),add(x[0],x[2])),x[7]), add(mul(x[3],x[5]),pdiv(x[3],x[3])))",False,,,af6f8698722a05c71476817c1ee636ec,0.33532934131736525,False,0.0
8,19,"greater_than_or_equal(pdiv(x[2],x[2]), add(x[2],x[0]))",True,"not_(less_than_or_equal(pdiv(x[5],x[5]),add(x[0],x[2])))",0.34730538922155685,c426607f0a92b79fd094d06b3453a190,0.34730538922155685,False,0.0
8,19,"not_(less_than_or_equal(pdiv(x[5],x[5]),add(mul(x[3],mul(x[7],add(x[5],pdiv(x[5],x[7])))),x[0])))",False,,,0a092020bcc25c49c8ed79a681df35f2,0.34730538922155685,False,0.0
8,19,"greater_than_or_equal(pdiv(x[5],mul(x[2],add(x[7],add(pdiv(sub(add(x[2],sub(add(x[2],x[7]),mul(x[7],add(x[7],x[2])))),x[3]),x[5]),x[5])))), add(x[2],x[5]))",False,,,79d79756b1eaa802e417d8a4fd1418bd,0.29940119760479045,False,0.0
8,19,"greater_than_or_equal(x[5], mul(x[3],add(x[0],x[7])))",False,,,9c4eb66d47f872f22af56eb067a74fde,0.33532934131736525,False,0.0
8,19,"not_(less_than_or_equal(pdiv(x[5],x[5]),add(mul(x[5],add(x[2],x[7])),add(x[0],add(x[5],x[2])))))",False,,,c1ac9e1dbee849c6c1a4b0db45d0955d,0.45508982035928147,False,0.0
8,19,"greater_than_or_equal(x[5], mul(add(x[5],x[5]),x[7]))",True,"greater_than_or_equal(x[5], mul(x[7],add(x[5],x[5])))",0.2455089820359282,9545aae94dd0fcb8b281ddfedf2da4e6,0.2455089820359282,False,0.0
8,19,"not_(less_than_or_equal(pdiv(x[5],x[5]),add(mul(x[5],add(x[7],x[2])),add(x[2],x[2]))))",True,"not_(less_than_or_equal(pdiv(x[5],x[5]),add(mul(x[5],add(x[7],x[2])),add(x[2],x[2]))))",0.18562874251497008,7dd04de0f09dcb78fab13d4ca363e3e0,0.2857142857142857,True,0.10008554319931562
8,20,"greater_than_or_equal(pdiv(add(sub(x[3],mul(x[5],x[7])),add(x[2],x[7])),x[2]), add(x[2],x[3]))",True,"less_than_or_equal(x[2],x[2])",0.35928143712574845,bd082d42dcba8056510101f18394b575,0.35928143712574845,False,0.0
8,20,"greater_than_or_equal(sub(add(x[5],x[7]),mul(mul(x[5],mul(x[5],x[5])),mul(x[5],add(x[0],add(x[5],x[2]))))), add(sub(90.91,x[2]),add(x[5],x[7])))",True,not_(x[6]),0.6347305389221557,b4068ba57b63c959651c969331c4b5cd,0.6407185628742516,True,0.005988023952095856
8,20,"greater_than_or_equal(x[5], mul(x[5],x[2]))",True,"not_(greater_than_or_equal(mul(x[7],x[2]), x[7]))",0.34730538922155685,f69cf4961d82af0c72c0014d2a401904,0.34730538922155685,False,0.0
8,20,"less_than_or_equal(sub(pdiv(pdiv(x[5],x[5]),add(add(add(mul(x[0],pdiv(x[5],x[5])),add(x[7],x[7])),mul(x[5],x[7])),add(x[2],x[7]))),x[2]),add(x[2],x[3]))",False,,,670cc9ec0a2fcfc79de0b091ba99bfc8,0.5868263473053892,False,0.0
8,20,"greater_than_or_equal(pdiv(x[5],x[5]), x[7])",True,"less_than_or_equal(x[2],x[2])",0.35928143712574845,bd082d42dcba8056510101f18394b575,0.35928143712574845,False,0.0
8,20,"greater_than_or_equal(x[5], mul(x[7],add(x[5],add(x[2],x[5]))))",True,"greater_than_or_equal(x[5], mul(x[7],add(x[5],add(x[2],x[5]))))",0.27544910179640714,b273e6241ac446c8ee6db4bc01755f47,0.27544910179640714,False,0.0
8,20,"greater_than_or_equal(pdiv(x[5],add(x[2],19.39)), x[0])",True,"less_than_or_equal(mul(add(x[0],x[0]),add(x[2],x[5])),sub(add(x[2],x[3]),add(x[3],x[2])))",0.3892215568862275,c9704e311ac7e289734d4b5a1bdc086f,0.3892215568862275,False,0.0
8,20,"greater_than_or_equal(x[3], x[5])",True,"less_than_or_equal(x[5],x[3])",0.5089820359281437,1d4d287fbe015bbb313f097e26f5bc37,0.5089820359281437,False,0.0
8,20,"greater_than_or_equal(sub(pdiv(x[5],x[0]),mul(x[7],add(x[2],x[5]))), pdiv(x[7],x[2]))",False,,,f27b60455cef06c4e51c43cafdfef801,0.5808383233532934,False,0.0
8,20,"greater_than_or_equal(x[5], mul(pdiv(sub(pdiv(x[3],x[5]),x[0]),x[7]),x[2]))",False,,,a4e01c3458eba6cd4fadfb3f0667e843,0.5149700598802396,False,0.0
8,20,"less_than_or_equal(mul(x[3],x[7]),pdiv(x[5],x[5]))",True,"less_than_or_equal(x[2],x[2])",0.35928143712574845,bd082d42dcba8056510101f18394b575,0.35928143712574845,False,0.0
8,20,"greater_than_or_equal(x[2], x[7])",True,"less_than_or_equal(add(x[5],x[7]),add(x[5],x[2]))",0.5269461077844311,544b4f45aa71542bcadfaa9d165fdbeb,0.5269461077844311,False,0.0
8,20,"greater_than_or_equal(sub(pdiv(pdiv(add(mul(x[7],x[7]),mul(add(x[5],add(x[7],x[0])),pdiv(x[5],pdiv(pdiv(add(add(pdiv(x[5],x[3]),x[5]),x[3]),x[5]),x[3])))),x[5]),add(x[5],x[2])),x[5]), x[5])",False,,,4abf43786cb61444437d6dbf92feed28,0.5868263473053892,False,0.0
8,20,"not_(greater_than_or_equal(x[5], sub(add(add(x[5],x[2]),x[5]),mul(x[7],add(x[7],x[2])))))",False,,,9cd76884d1867462050a4aa1df4f7999,0.34730538922155685,False,0.0
8,20,"greater_than_or_equal(sub(pdiv(x[2],x[2]),mul(x[7],x[7])), pdiv(x[5],x[5]))",True,not_(x[6]),0.6347305389221557,b4068ba57b63c959651c969331c4b5cd,0.6407185628742516,True,0.005988023952095856
8,20,"greater_than_or_equal(pdiv(x[5],add(x[2],x[2])), pdiv(x[3],mul(x[5],pdiv(add(x[7],x[0]),x[2]))))",False,,,055dd601cdbf24490cb46c41835e34fb,0.4131736526946108,False,0.0
8,20,"greater_than_or_equal(pdiv(x[5],x[5]), add(x[3],x[5]))",True,"not_(less_than_or_equal(pdiv(x[5],x[5]),add(x[5],x[3])))",0.49101796407185627,bb45d530dc44268633eeb136f814ec83,0.49101796407185627,False,0.0
8,20,"greater_than_or_equal(x[5], mul(x[7],x[5]))",True,"less_than_or_equal(x[2],x[2])",0.35928143712574845,bd082d42dcba8056510101f18394b575,0.35928143712574845,False,0.0
8,20,"greater_than_or_equal(x[5], mul(add(mul(x[7],add(x[5],add(x[2],x[5]))),x[7]),sub(x[5],mul(x[5],x[5]))))",False,,,fd9f3e76b6c06a76a7047f934380d343,0.3413173652694611,False,0.0
8,20,"greater_than_or_equal(sub(pdiv(x[5],x[5]),add(x[2],x[3])), x[5])",True,"not_(less_than_or_equal(pdiv(x[5],x[5]),add(x[2],add(x[5],mul(pdiv(x[5],x[5]),x[3])))))",0.5149700598802396,13a7fe0d2bb7255ff1d43121bd9c5733,0.5149700598802396,False,0.0
8,20,"greater_than_or_equal(x[5], mul(x[2],x[5]))",True,"not_(greater_than_or_equal(mul(x[7],x[2]), x[7]))",0.34730538922155685,f69cf4961d82af0c72c0014d2a401904,0.34730538922155685,False,0.0
8,20,"greater_than_or_equal(pdiv(x[5],pdiv(x[5],mul(x[7],add(85.24,x[5])))), x[5])",True,"less_than_or_equal(x[2],x[2])",0.35928143712574845,bd082d42dcba8056510101f18394b575,0.35928143712574845,False,0.0
8,20,"greater_than_or_equal(pdiv(x[5],x[7]), sub(x[5],mul(pdiv(mul(x[5],add(x[7],x[2])),x[3]),x[5])))",True,"less_than_or_equal(x[2],x[2])",0.35928143712574845,bd082d42dcba8056510101f18394b575,0.35928143712574845,False,0.0
8,20,"greater_than_or_equal(sub(pdiv(x[5],x[7]),mul(x[7],x[5])), add(mul(add(mul(x[7],add(x[7],x[2])),x[3]),x[5]),x[5]))",True,"not_(less_than_or_equal(pdiv(x[5],x[7]),add(x[5],mul(x[5],add(x[2],pdiv(x[3],x[3]))))))",0.2694610778443114,3666d2adeb78fa43d08db5780c1835ec,0.2694610778443114,False,0.0
8,20,"greater_than_or_equal(pdiv(x[5],sub(x[5],mul(x[7],add(mul(x[5],add(mul(x[3],sub(add(add(mul(x[7],pdiv(pdiv(mul(x[3],add(x[2],x[3])),x[7]),pdiv(x[5],x[5]))),x[5]),x[2]),mul(sub(x[7],add(pdiv(add(sub(x[7],x[5]),x[2]),sub(pdiv(x[5],x[3]),x[5])),x[5])),mul(add(add(x[5],x[2]),pdiv(x[0],sub(add(x[2],x[5]),x[3]))),x[7])))),x[7])),add(x[7],x[5]))))), x[3])",True,"greater_than_or_equal(x[5], mul(x[7],add(x[7],add(x[5],x[5]))))",0.31137724550898205,a038f8d3b10c3c815b439c1f1dfae0a8,0.3173652694610778,True,0.0059880239520957446
8,20,"greater_than_or_equal(add(x[5],x[5]), x[2])",True,"less_than_or_equal(sub(mul(x[2],x[7]),mul(x[0],x[7])),pdiv(mul(x[7],x[5]),add(x[3],x[0])))",0.33532934131736525,3196da2bdbd782d607c6576ee8113934,0.3413173652694611,True,0.005988023952095856
8,20,"greater_than_or_equal(pdiv(x[5],x[5]), mul(x[7],add(add(pdiv(x[2],x[7]),add(x[5],x[7])),x[2])))",False,,,eaacc94abf022e7fc367df632e28c6c8,0.20359281437125754,False,0.0
8,20,"greater_than_or_equal(x[5], add(pdiv(sub(48.89,add(x[7],add(x[2],x[7]))),pdiv(add(x[7],x[2]),x[5])),x[5]))",True,not_(x[6]),0.6347305389221557,b4068ba57b63c959651c969331c4b5cd,0.6407185628742516,True,0.005988023952095856
8,20,"greater_than_or_equal(pdiv(pdiv(x[7],mul(x[7],add(x[0],pdiv(x[3],x[3])))),add(mul(x[7],add(x[7],x[2])),x[3])), x[5])",False,,,51f01bfa4eca7c31e6d09e3180366de1,0.2694610778443114,False,0.0
8,20,"greater_than_or_equal(sub(pdiv(x[5],x[5]),x[5]), add(pdiv(pdiv(mul(mul(x[0],x[5]),x[5]),add(x[7],mul(mul(x[3],x[7]),add(x[5],x[3])))),x[5]),add(x[2],x[5])))",True,"greater_than_or_equal(sub(pdiv(x[5],x[5]),add(x[5],x[0])), add(x[5],x[2]))",0.562874251497006,2d3abe148438c49dee2950c7f30a0cc1,0.5688622754491017,True,0.0059880239520957446
8,20,"greater_than_or_equal(x[5], add(x[2],x[0]))",True,"not_(less_than_or_equal(sub(x[5],x[2]),x[0]))",0.3892215568862275,322f7ffc4e786ca792193bc38ba2a6c3,0.3892215568862275,False,0.0
8,20,"greater_than_or_equal(x[5], mul(x[7],add(x[5],x[3])))",True,"greater_than_or_equal(x[5], mul(x[7],add(x[5],x[3])))",0.3053892215568862,0947741ceb5018f757b589e69907d867,0.3053892215568862,False,0.0
8,20,"greater_than_or_equal(pdiv(x[3],sub(x[5],add(pdiv(x[2],mul(x[3],add(pdiv(x[5],x[3]),add(mul(pdiv(x[5],x[2]),mul(x[2],add(mul(mul(x[2],mul(x[7],x[2])),x[5]),pdiv(x[5],mul(x[7],add(x[3],x[2])))))),x[7])))),pdiv(x[5],x[5])))), mul(mul(x[5],x[7]),pdiv(x[7],x[3])))",True,not_(x[6]),0.6347305389221557,b4068ba57b63c959651c969331c4b5cd,0.6407185628742516,True,0.005988023952095856
8,20,"greater_than_or_equal(pdiv(x[5],mul(pdiv(x[7],x[5]),add(x[5],x[7]))), add(x[7],x[2]))",True,"greater_than_or_equal(x[5], mul(x[7],add(x[7],pdiv(69.44,sub(x[3],x[3])))))",0.33532934131736525,0f74d2b510468dfb01b807a5013ba7de,0.29940119760479045,True,-0.0359281437125748
8,20,"greater_than_or_equal(pdiv(x[5],mul(x[7],sub(x[2],mul(x[2],mul(x[3],add(x[2],x[5])))))), x[0])",False,,,eb995c2cc7e1035be58ebafe9821d612,0.32335329341317365,False,0.0
8,20,"greater_than_or_equal(pdiv(x[5],x[5]), pdiv(x[5],x[5]))",True,"less_than_or_equal(x[2],x[2])",0.35928143712574845,bd082d42dcba8056510101f18394b575,0.35928143712574845,False,0.0
8,20,"or_(less_than_or_equal(pdiv(x[5],x[7]),mul(add(x[5],add(x[3],x[7])),mul(x[7],add(x[2],mul(pdiv(x[7],mul(x[5],x[0])),sub(sub(x[2],sub(pdiv(x[2],x[7]),x[0])),x[7])))))),less_than_or_equal(pdiv(x[5],x[5]),add(x[2],x[3])))",True,"not_(less_than_or_equal(pdiv(x[5],x[5]),pdiv(pdiv(x[5],x[5]),add(x[2],x[3]))))",0.7305389221556886,6cc595cca105e3b24dc4e2431be003bd,0.7305389221556886,False,0.0
8,20,"greater_than_or_equal(x[5], mul(x[3],x[7]))",True,"not_(less_than_or_equal(pdiv(x[5],x[3]),x[7]))",0.3413173652694611,e691e9faf9d6cf6a1c64f756c672a16e,0.3413173652694611,False,0.0
8,20,"greater_than_or_equal(sub(pdiv(30.40,x[2]),x[5]), x[5])",True,"less_than_or_equal(pdiv(sub(x[0],x[0]),sub(x[0],x[2])),x[0])",0.38323353293413176,d0734af37aab8e9b6c733bcf8f431f61,0.3772455089820359,True,-0.005988023952095856
8,20,"greater_than_or_equal(pdiv(x[5],mul(x[7],pdiv(x[0],add(x[2],x[3])))), x[7])",True,"not_(less_than_or_equal(pdiv(x[5],x[0]),x[0]))",0.35928143712574845,5372ceb8b23ce5e1dd3bf5c2fc3a57aa,0.34730538922155685,True,-0.0119760479041916
8,20,"greater_than_or_equal(x[5], mul(x[7],add(add(sub(pdiv(pdiv(x[7],mul(x[7],add(x[5],x[7]))),x[5]),mul(x[5],x[2])),x[5]),x[7])))",True,"not_(less_than_or_equal(pdiv(x[5],mul(x[7],add(x[5],x[5]))),pdiv(pdiv(x[5],x[5]),x[5])))",0.4011976047904192,58aeb7a5a5652a59b3f81f1f504d0cb4,0.5089820359281437,True,0.10778443113772451
8,20,"greater_than_or_equal(pdiv(add(mul(x[5],mul(x[7],add(sub(x[2],x[5]),mul(x[7],add(x[7],mul(x[2],mul(mul(mul(pdiv(x[7],x[5]),add(x[5],x[2])),sub(x[7],x[5])),mul(x[7],add(x[7],mul(pdiv(x[3],x[5]),x[5])))))))))),add(x[2],x[5])),x[5]), add(x[5],x[2]))",False,,,e4477142edd4f9402c8757b1bbf54c47,0.3532934131736527,False,0.0
8,20,"greater_than_or_equal(x[5], mul(x[7],mul(add(pdiv(x[5],add(x[3],x[7])),mul(x[7],add(add(sub(x[7],mul(mul(x[7],x[2]),x[7])),add(x[5],add(x[2],mul(x[5],x[2])))),pdiv(x[5],x[7])))),mul(x[7],add(x[7],x[7])))))",False,,,ea120ab0baf9a9b4ff25b139f22866a0,0.23952095808383234,False,0.0
8,20,"greater_than_or_equal(sub(pdiv(pdiv(x[5],x[5]),x[5]),x[2]), add(sub(x[7],x[7]),pdiv(x[5],x[5])))",True,"greater_than_or_equal(pdiv(x[5],x[5]), add(mul(x[2],x[5]),x[5]))",0.2694610778443114,7f1c552431c0c46dd4efbf8ab3f863dd,0.27544910179640714,True,0.0059880239520957446
8,20,"greater_than_or_equal(x[5], mul(x[2],x[2]))",True,"less_than_or_equal(pdiv(mul(x[2],x[2]),x[5]),pdiv(x[7],x[7]))",0.3293413173652695,22afa71d30776c90154a85fa7bb55d4a,0.33532934131736525,True,0.0059880239520957446
8,20,"greater_than_or_equal(x[5], mul(x[7],add(add(x[2],add(pdiv(x[5],sub(pdiv(x[5],x[7]),x[5])),add(x[2],x[5]))),x[7])))",True,"greater_than_or_equal(sub(pdiv(x[5],x[7]),add(x[5],pdiv(add(mul(pdiv(x[2],x[5]),add(x[2],x[5])),x[7]),pdiv(x[5],x[5])))), x[5])",0.3652694610778443,277e57b48c2ba30f5693c21858757cda,0.3652694610778443,False,0.0
8,20,"greater_than_or_equal(pdiv(x[5],mul(x[3],x[2])), x[7])",True,"not_(greater_than_or_equal(mul(x[7],add(x[5],x[7])), add(pdiv(mul(x[2],add(x[5],x[5])),x[2]),add(sub(x[7],x[7]),pdiv(x[5],x[3])))))",0.32335329341317365,6879d8556cd3538b7aad64e5d345873a,0.32335329341317365,False,0.0
8,20,"greater_than_or_equal(x[5], mul(add(mul(x[7],add(x[7],x[2])),x[5]),add(x[7],x[2])))",True,"not_(less_than_or_equal(pdiv(x[5],x[7]),mul(pdiv(add(add(pdiv(x[2],37.90),pdiv(x[0],x[7])),add(x[7],pdiv(x[3],x[7]))),x[3]),x[7])))",0.3413173652694611,c3603a2cdcf531c222f67626eea1b528,0.2694610778443114,True,-0.07185628742514971
8,20,"less_than_or_equal(pdiv(x[5],mul(add(mul(add(x[3],mul(x[3],x[5])),x[5]),add(x[2],x[5])),x[5])),add(x[5],x[2]))",False,,,8db734ed9920be84a43366d2ae971813,0.6467065868263473,False,0.0
8,20,"greater_than_or_equal(sub(pdiv(x[5],x[3]),x[7]), add(add(sub(x[2],x[7]),add(x[5],x[7])),x[2]))",False,,,0f14b841f57637913d9128de8e287b29,0.45508982035928147,False,0.0
8,20,"greater_than_or_equal(x[5], mul(x[5],mul(x[7],add(x[7],x[5]))))",True,"greater_than_or_equal(x[5], mul(x[5],mul(x[7],add(x[7],x[5]))))",0.28742514970059885,8155bcd3baa6acad2e4a23bec2295214,0.28742514970059885,False,0.0
8,20,"greater_than_or_equal(mul(add(mul(x[7],add(x[3],x[5])),mul(add(x[7],x[5]),x[5])),x[2]), add(sub(x[7],x[7]),pdiv(x[5],x[5])))",False,,,8d94e65f433d4e0e4e7085d0b5aa37c5,0.7065868263473054,False,0.0
8,20,"not_(less_than_or_equal(50.94,x[7]))",True,"less_than_or_equal(x[2],x[2])",0.35928143712574845,bd082d42dcba8056510101f18394b575,0.35928143712574845,False,0.0
8,20,"not_(less_than_or_equal(x[5],add(x[2],x[0])))",True,"not_(less_than_or_equal(sub(x[5],x[2]),x[0]))",0.3892215568862275,322f7ffc4e786ca792193bc38ba2a6c3,0.3892215568862275,False,0.0
8,20,"greater_than_or_equal(x[5], add(add(x[7],x[0]),x[3]))",False,,,dad24ac89929e6367ddf8dc6a9b5e01e,0.5568862275449102,False,0.0
8,20,"greater_than_or_equal(pdiv(x[5],x[5]), add(sub(39.23,x[5]),sub(add(sub(x[5],mul(x[5],x[5])),add(x[7],x[2])),x[3])))",True,not_(x[6]),0.6347305389221557,b4068ba57b63c959651c969331c4b5cd,0.6407185628742516,True,0.005988023952095856
8,20,"greater_than_or_equal(sub(pdiv(92.43,mul(x[2],add(sub(x[3],mul(x[5],x[7])),mul(x[2],x[7])))),x[2]), add(x[2],x[3]))",True,"less_than_or_equal(x[5],add(x[2],pdiv(x[3],x[7])))",0.3652694610778443,70430bce551a52763028b368e1b0a6fb,0.3652694610778443,False,0.0
8,20,"greater_than_or_equal(x[5], mul(x[7],add(x[5],x[7])))",True,"greater_than_or_equal(x[5], mul(x[7],add(x[7],x[5])))",0.22754491017964074,051dec5cdded21754165aaf5f887a47e,0.22754491017964074,False,0.0
8,20,"greater_than_or_equal(pdiv(pdiv(x[5],x[5]),add(x[7],mul(mul(x[0],x[5]),x[5]))), add(x[7],mul(mul(x[3],x[3]),mul(x[5],add(x[5],x[2])))))",False,,,39a423342187df2340f7f75293b1aa48,0.33532934131736525,False,0.0
8,20,"greater_than_or_equal(pdiv(x[5],x[5]), x[3])",True,"less_than_or_equal(x[2],x[2])",0.35928143712574845,bd082d42dcba8056510101f18394b575,0.35928143712574845,False,0.0
8,20,"greater_than_or_equal(x[5], mul(x[5],mul(x[7],add(sub(sub(sub(x[3],x[5]),x[5]),pdiv(x[2],x[7])),add(mul(x[3],x[5]),pdiv(x[3],x[3]))))))",True,"greater_than_or_equal(x[5], mul(add(mul(add(pdiv(sub(x[7],add(x[2],x[5])),x[2]),pdiv(pdiv(mul(x[5],sub(x[3],x[3])),x[7]),x[5])),x[2]),x[3]),mul(x[5],x[7])))",0.37125748502994016,2f08b1571f4b4151dd1e837b401257ab,0.3652694610778443,True,-0.005988023952095856
8,20,"not_(less_than_or_equal(pdiv(x[5],x[5]),add(x[5],mul(01.48,mul(x[5],x[7])))))",False,,,b4ff465b26af689d919b2cac8a388e24,0.29940119760479045,False,0.0
8,20,"not_(less_than_or_equal(pdiv(pdiv(x[7],add(49.94,x[3])),x[5]),x[5]))",False,,,8141089f86106ec7a5fb82581a85097f,0.6766467065868264,False,0.0
8,20,"greater_than_or_equal(x[5], mul(x[0],mul(x[5],mul(mul(mul(add(pdiv(sub(74.04,x[3]),x[7]),x[7]),add(x[7],x[5])),x[3]),x[5]))))",False,,,dc68c3418b49794e7fa3377a576c8f49,0.41916167664670656,False,0.0
8,20,"not_(less_than_or_equal(pdiv(pdiv(x[5],01.48),mul(mul(mul(x[7],add(x[2],x[5])),x[7]),x[2])),add(x[2],x[3])))",False,,,4e414414b2b1c4a5cc10b9c3a4b1216a,0.27544910179640714,False,0.0
8,20,"less_than_or_equal(x[7],x[3])",True,"greater_than_or_equal(x[3], x[7])",0.33532934131736525,176c0c35833bc4ae980b10cd773d9ebc,0.33532934131736525,False,0.0
8,20,"greater_than_or_equal(sub(pdiv(x[5],x[2]),sub(x[7],98.97)), x[5])",True,"less_than_or_equal(x[2],x[2])",0.35928143712574845,bd082d42dcba8056510101f18394b575,0.35928143712574845,False,0.0
8,20,"greater_than_or_equal(pdiv(pdiv(x[5],x[5]),add(pdiv(x[2],x[3]),pdiv(sub(add(add(sub(mul(x[2],x[5]),mul(x[7],add(x[7],x[2]))),x[3]),x[5]),x[5]),add(x[2],x[5])))), x[5])",False,,,19d565169f37c8b541e37d1f1056b112,0.3532934131736527,False,0.0
8,20,"not_(less_than_or_equal(pdiv(x[5],x[5]),add(mul(x[5],add(x[7],x[2])),add(x[2],x[3]))))",False,,,768b16edf980ae6270bfb7172301b187,0.34730538922155685,False,0.0
8,20,"greater_than_or_equal(x[3], mul(x[7],add(x[7],x[5])))",True,"greater_than_or_equal(x[3], mul(x[7],add(x[7],x[5])))",0.3053892215568862,9af4a352110c6b25ae9e2ae6a13db1f4,0.3053892215568862,False,0.0
8,20,"greater_than_or_equal(sub(pdiv(x[5],x[2]),x[5]), x[7])",True,"greater_than_or_equal(sub(pdiv(x[5],x[2]),x[5]), x[7])",0.28742514970059885,47b4fe2dd58d80bf9d00986d668e65e9,0.28742514970059885,False,0.0
8,20,"less_than_or_equal(x[0],x[2])",True,"less_than_or_equal(x[0],x[2])",0.44311377245508987,6600e71d16c18564dbde1ecda8fbf2a3,0.44311377245508987,False,0.0
8,20,"greater_than_or_equal(sub(add(x[3],x[7]),mul(x[7],add(x[7],add(x[7],x[3])))), x[2])",False,,,9c7f28ed582bac9325cf0213659d7cfe,0.2694610778443114,False,0.0
8,20,"not_(less_than_or_equal(mul(x[5],mul(add(x[7],x[2]),x[5])),x[2]))",False,,,3eca6a7c65a46df46d885f3d3413383c,0.6047904191616766,False,0.0
8,20,"greater_than_or_equal(pdiv(mul(mul(x[7],add(x[5],x[5])),x[3]),x[5]), add(x[5],x[2]))",False,,,22aea55f5c2b2c7f885d5608e2dd1853,0.652694610778443,False,0.0
8,20,"not_(less_than_or_equal(pdiv(x[5],x[2]),pdiv(mul(x[5],x[5]),add(sub(pdiv(x[7],pdiv(pdiv(x[5],x[7]),pdiv(sub(pdiv(x[5],x[7]),add(x[5],x[7])),x[2]))),x[2]),add(x[0],x[7])))))",False,,,1a4609e0a162611ae939ce453f96f4b8,0.3532934131736527,False,0.0
8,20,"greater_than_or_equal(pdiv(41.41,x[3]), mul(x[5],x[7]))",True,"less_than_or_equal(x[2],x[2])",0.35928143712574845,bd082d42dcba8056510101f18394b575,0.35928143712574845,False,0.0
8,20,"greater_than_or_equal(x[5], sub(x[7],pdiv(add(mul(x[7],x[3]),add(x[2],pdiv(pdiv(mul(x[3],x[7]),add(x[7],x[7])),add(x[3],x[2])))),x[5])))",True,"less_than_or_equal(x[2],x[2])",0.35928143712574845,bd082d42dcba8056510101f18394b575,0.35928143712574845,False,0.0
8,20,"greater_than_or_equal(x[5], mul(x[3],x[3]))",True,"greater_than_or_equal(add(mul(x[0],x[3]),pdiv(x[5],x[3])), x[3])",0.3892215568862275,df965f11e64c3c02cbf3b3975bf8e5c8,0.39520958083832336,True,0.005988023952095856
8,20,"greater_than_or_equal(add(pdiv(x[5],x[5]),add(x[7],x[2])), x[7])",True,"less_than_or_equal(x[2],x[2])",0.35928143712574845,bd082d42dcba8056510101f18394b575,0.35928143712574845,False,0.0
8,20,"greater_than_or_equal(x[7], x[5])",True,"greater_than_or_equal(x[7], x[5])",0.6107784431137724,793f9fa4aca1502cfe0a9ed6ab91b83c,0.6107784431137724,False,0.0
8,20,"greater_than_or_equal(x[5], add(x[3],x[5]))",True,not_(x[6]),0.6347305389221557,b4068ba57b63c959651c969331c4b5cd,0.6347305389221557,False,0.0
8,20,"greater_than_or_equal(pdiv(x[7],x[2]), x[2])",True,"not_(less_than_or_equal(pdiv(x[7],x[2]),x[2]))",0.3413173652694611,48484676f604e2391c073c391231d763,0.3413173652694611,False,0.0
8,20,"greater_than_or_equal(pdiv(x[5],mul(x[7],add(x[5],57.49))), x[5])",True,not_(x[6]),0.6347305389221557,b4068ba57b63c959651c969331c4b5cd,0.6227544910179641,True,-0.0119760479041916
8,20,"greater_than_or_equal(sub(x[7],x[7]), add(x[7],x[5]))",True,not_(x[6]),0.6347305389221557,b4068ba57b63c959651c969331c4b5cd,0.6407185628742516,True,0.005988023952095856
8,20,"greater_than_or_equal(x[5], mul(x[7],add(add(sub(sub(pdiv(x[7],add(sub(mul(x[7],88.97),x[7]),add(x[3],x[5]))),x[5]),x[5]),x[3]),x[5])))",True,"less_than_or_equal(pdiv(sub(x[3],x[5]),pdiv(x[2],x[2])),x[5])",0.3652694610778443,8f63ec6eb4b45627ddab1b215f2fa10a,0.3173652694610778,True,-0.04790419161676651
8,20,"not_(less_than_or_equal(add(x[5],x[7]),x[7]))",True,"less_than_or_equal(x[2],x[2])",0.35928143712574845,bd082d42dcba8056510101f18394b575,0.3652694610778443,True,0.005988023952095856
8,20,"greater_than_or_equal(x[5], add(x[2],add(x[7],x[7])))",True,"greater_than_or_equal(sub(sub(x[5],x[7]),x[7]), x[2])",0.5149700598802396,38aec90d8c3f532da0c125e2d5a26593,0.5149700598802396,False,0.0
8,20,"greater_than_or_equal(pdiv(x[0],add(pdiv(add(add(x[7],x[2]),x[5]),sub(add(add(x[2],x[5]),x[5]),mul(x[2],add(x[5],x[2])))),mul(x[7],x[7]))), add(x[7],x[2]))",True,"less_than_or_equal(mul(pdiv(x[2],x[7]),mul(x[3],x[0])),mul(sub(x[0],x[7]),pdiv(x[3],x[0])))",0.6047904191616766,3dcd61327fdb33360e9b03a017985fb9,0.5988023952095809,True,-0.0059880239520957446
8,20,"greater_than_or_equal(70.53, x[5])",True,"less_than_or_equal(x[2],x[2])",0.35928143712574845,bd082d42dcba8056510101f18394b575,0.35928143712574845,False,0.0
8,20,"not_(less_than_or_equal(x[0],x[7]))",True,"less_than_or_equal(x[7],x[0])",0.5449101796407185,be077d9307e8548c7420a3c3b9c6aaf2,0.5449101796407185,False,0.0
8,20,"greater_than_or_equal(sub(pdiv(pdiv(mul(x[3],mul(x[7],x[5])),mul(pdiv(mul(sub(mul(x[7],add(x[7],x[2])),add(sub(x[7],sub(x[5],mul(x[5],x[5]))),add(x[5],x[3]))),pdiv(x[5],01.48)),mul(x[5],x[7])),add(x[2],x[5]))),x[7]),x[2]), add(x[2],x[3]))",True,not_(x[6]),0.6347305389221557,b4068ba57b63c959651c969331c4b5cd,0.6407185628742516,True,0.005988023952095856
8,20,"greater_than_or_equal(pdiv(x[5],add(x[2],mul(x[5],add(x[0],add(x[5],x[2]))))), add(sub(x[7],sub(x[3],mul(x[5],x[7]))),add(x[2],x[7])))",False,,,d8035742a67564ab02c00357bdddd805,0.2934131736526946,False,0.0
8,20,"not_(less_than_or_equal(pdiv(x[5],x[7]),add(x[5],mul(x[7],add(x[7],x[5])))))",True,"greater_than_or_equal(sub(pdiv(x[5],x[7]),x[5]), mul(x[7],add(x[7],x[5])))",0.2455089820359282,bd60c72475b288ea9487852ed6852c02,0.2455089820359282,False,0.0
8,20,"not_(less_than_or_equal(pdiv(x[5],add(add(add(x[5],mul(x[5],add(x[7],x[5]))),add(x[0],add(x[5],x[2]))),add(sub(x[7],sub(x[3],mul(x[5],x[7]))),add(x[2],x[7])))),x[2]))",False,,,3664331af3b65b701909fed4e50f7e11,0.32335329341317365,False,0.0
8,20,"not_(less_than_or_equal(pdiv(x[5],x[7]),add(x[5],mul(x[5],add(x[7],x[5])))))",True,"not_(less_than_or_equal(pdiv(x[5],x[7]),add(x[5],mul(x[5],add(x[7],x[5])))))",0.26347305389221554,6050d6d251a5a3431ff62831b7be63a8,0.26347305389221554,False,0.0
8,20,"greater_than_or_equal(x[5], mul(x[5],mul(x[7],x[0])))",True,"less_than_or_equal(x[2],x[2])",0.35928143712574845,bd082d42dcba8056510101f18394b575,0.35928143712574845,False,0.0
8,20,"greater_than_or_equal(x[5], mul(mul(x[5],mul(x[3],add(add(x[0],x[7]),mul(add(x[5],x[5]),x[5])))),x[7]))",False,,,0894d9f4b58f33313bf604385fb35230,0.33532934131736525,False,0.0
8,20,"greater_than_or_equal(x[5], x[7])",True,"greater_than_or_equal(x[5], x[7])",0.3892215568862275,ca29d589a2290a0489371628a6b32bf4,0.3892215568862275,False,0.0
8,20,"greater_than_or_equal(x[5], mul(x[5],mul(x[7],x[5])))",True,"less_than_or_equal(x[2],x[2])",0.35928143712574845,bd082d42dcba8056510101f18394b575,0.35928143712574845,False,0.0
8,20,"greater_than_or_equal(x[5], mul(x[7],add(x[5],x[7])))",True,"greater_than_or_equal(x[5], mul(x[7],add(x[7],x[5])))",0.22754491017964074,051dec5cdded21754165aaf5f887a47e,0.22754491017964074,False,0.0
8,20,"not_(less_than_or_equal(pdiv(x[5],x[5]),add(mul(x[3],mul(x[7],add(x[5],pdiv(x[5],x[7])))),x[0])))",True,"not_(less_than_or_equal(pdiv(x[5],x[5]),add(mul(x[3],mul(x[7],add(x[5],pdiv(x[5],x[7])))),x[0])))",0.34730538922155685,0a092020bcc25c49c8ed79a681df35f2,0.34730538922155685,False,0.0
8,20,"greater_than_or_equal(x[5], mul(x[7],mul(add(pdiv(mul(mul(sub(pdiv(x[5],x[7]),x[5]),add(x[2],x[5])),x[7]),sub(x[5],mul(x[5],x[5]))),add(x[7],x[2])),x[3])))",False,,,e0dc50931778b2dc0e4dc14455132d1c,0.2934131736526946,False,0.0
8,20,"not_(less_than_or_equal(x[5],add(mul(pdiv(x[5],x[7]),sub(x[5],mul(x[5],x[5]))),add(x[7],x[2]))))",False,,,f6bc426c835ba0386673373794c60220,0.6287425149700598,False,0.0
8,20,"less_than_or_equal(sub(pdiv(x[5],pdiv(pdiv(x[5],x[5]),mul(x[5],x[7]))),x[2]),add(x[0],add(x[5],add(x[2],x[2]))))",True,"less_than_or_equal(x[2],x[2])",0.35928143712574845,bd082d42dcba8056510101f18394b575,0.35928143712574845,False,0.0
8,20,"greater_than_or_equal(sub(pdiv(x[7],x[7]),x[2]), mul(x[7],x[2]))",True,"not_(less_than_or_equal(pdiv(pdiv(x[5],sub(x[5],x[5])),x[2]),add(add(x[5],x[2]),x[2])))",0.27544910179640714,9ae23d8c53ae47b46762ef0a21812476,0.2934131736526946,True,0.017964071856287456
8,20,"greater_than_or_equal(sub(pdiv(x[5],x[7]),add(mul(x[2],x[5]),mul(x[2],add(sub(x[7],sub(x[3],mul(x[5],x[7]))),add(x[2],x[7]))))), x[2])",False,,,0766654dfd99c30077fc74379f1965dd,0.20958083832335328,False,0.0
8,20,"greater_than_or_equal(x[5], x[7])",True,"greater_than_or_equal(x[5], x[7])",0.3892215568862275,ca29d589a2290a0489371628a6b32bf4,0.3892215568862275,False,0.0
8,20,"greater_than_or_equal(x[5], mul(add(x[5],x[5]),mul(x[7],add(x[5],x[2]))))",True,"greater_than_or_equal(pdiv(x[5],add(x[2],x[5])), mul(x[7],add(x[5],x[5])))",0.2455089820359282,308816d3187c3a2d2f8f96129c026db1,0.2455089820359282,False,0.0
8,20,"greater_than_or_equal(pdiv(pdiv(x[7],add(x[5],x[2])),add(x[5],add(mul(mul(x[7],pdiv(pdiv(mul(pdiv(x[7],x[2]),x[7]),x[0]),x[7])),pdiv(x[5],x[2])),x[5]))), x[0])",False,,,66e36a61185ef68f07635494dd245e8c,0.3772455089820359,False,0.0
8,20,"greater_than_or_equal(x[5], x[7])",True,"greater_than_or_equal(x[5], x[7])",0.3892215568862275,ca29d589a2290a0489371628a6b32bf4,0.3892215568862275,False,0.0
8,20,"greater_than_or_equal(pdiv(x[5],add(x[2],x[5])), mul(x[7],add(x[5],x[0])))",True,"not_(greater_than_or_equal(mul(x[7],add(x[5],x[2])), add(sub(x[7],x[7]),pdiv(x[5],mul(pdiv(x[5],x[5]),add(x[5],x[0]))))))",0.26347305389221554,66e40e71530f573a8faa31d43ae76d5d,0.26347305389221554,False,0.0
8,20,"greater_than_or_equal(x[5], mul(x[7],add(x[5],add(add(x[7],x[0]),x[2]))))",True,"not_(less_than_or_equal(pdiv(x[3],x[7]),add(x[7],pdiv(x[3],x[5]))))",0.3293413173652695,74dce5cb961f14b3bdac896efda7926c,0.29940119760479045,True,-0.029940119760479056
8,20,"greater_than_or_equal(pdiv(x[5],x[5]), add(sub(add(x[2],pdiv(x[2],add(x[7],x[7]))),add(x[5],x[5])),x[3]))",False,,,864d81ebfe2eb2b363c27ea5240fb4c4,0.4251497005988024,False,0.0
8,20,"less_than_or_equal(add(mul(mul(x[7],add(x[3],x[7])),x[2]),add(43.51,x[7])),x[2])",True,not_(x[6]),0.6347305389221557,b4068ba57b63c959651c969331c4b5cd,0.6407185628742516,True,0.005988023952095856
8,20,"greater_than_or_equal(pdiv(x[5],add(x[7],pdiv(x[5],x[5]))), mul(mul(x[5],x[7]),pdiv(x[7],x[3])))",False,,,f7f6a253fce79d4df78720b8db52646b,0.27544910179640714,False,0.0
8,20,"greater_than_or_equal(x[5], mul(x[5],mul(x[7],add(add(x[0],x[7]),add(x[5],add(x[2],x[0]))))))",False,,,76c2eebb4e4fb55ee523aa9731a98db8,0.25149700598802394,False,0.0
8,20,"not_(less_than_or_equal(pdiv(x[5],x[7]),sub(x[5],mul(x[2],add(x[7],x[5])))))",True,"less_than_or_equal(x[2],x[2])",0.35928143712574845,bd082d42dcba8056510101f18394b575,0.35928143712574845,False,0.0
8,20,"greater_than_or_equal(x[5], x[5])",True,"less_than_or_equal(x[2],x[2])",0.35928143712574845,bd082d42dcba8056510101f18394b575,0.35928143712574845,False,0.0
8,20,"greater_than_or_equal(x[5], x[5])",True,"less_than_or_equal(x[2],x[2])",0.35928143712574845,bd082d42dcba8056510101f18394b575,0.35928143712574845,False,0.0
8,20,"greater_than_or_equal(pdiv(x[5],x[5]), add(mul(add(x[2],x[7]),add(x[2],pdiv(pdiv(mul(x[5],x[5]),x[5]),pdiv(x[7],x[5])))),mul(x[7],mul(x[5],x[5]))))",False,,,60cc3ba67f9494fa4d837f15652520d2,0.3053892215568862,False,0.0
8,20,"not_(less_than_or_equal(pdiv(x[5],x[7]),mul(add(x[5],add(x[3],x[7])),mul(x[7],add(x[2],mul(pdiv(x[7],mul(x[5],mul(sub(sub(sub(x[2],sub(pdiv(x[2],x[5]),mul(x[7],add(x[7],x[5])))),x[5]),mul(x[7],add(mul(x[7],add(mul(x[7],add(add(add(mul(x[7],pdiv(pdiv(mul(x[3],add(x[2],x[7])),x[7]),pdiv(x[5],x[5]))),x[3]),x[5]),x[7])),add(x[2],x[7]))),x[2]))),add(x[2],x[3])))),add(pdiv(x[3],pdiv(x[7],add(x[2],x[7]))),pdiv(x[3],x[7]))))))))",True,"greater_than_or_equal(add(x[3],x[7]), mul(add(sub(x[7],x[7]),x[7]),add(sub(sub(x[2],x[5]),sub(x[2],x[2])),add(x[7],x[0]))))",0.34730538922155685,9da78926604c77c2eed451997f16983b,0.34730538922155685,False,0.0
8,20,"greater_than_or_equal(x[5], x[5])",True,"less_than_or_equal(x[2],x[2])",0.35928143712574845,bd082d42dcba8056510101f18394b575,0.35928143712574845,False,0.0
8,20,"greater_than_or_equal(x[0], mul(x[0],x[7]))",True,"less_than_or_equal(x[2],x[2])",0.35928143712574845,bd082d42dcba8056510101f18394b575,0.35928143712574845,False,0.0
8,20,"greater_than_or_equal(x[5], mul(x[5],mul(x[7],sub(x[7],mul(pdiv(x[3],x[5]),x[5])))))",True,"less_than_or_equal(x[2],x[2])",0.35928143712574845,bd082d42dcba8056510101f18394b575,0.35928143712574845,False,0.0
8,20,"not_(less_than_or_equal(pdiv(x[5],x[7]),add(mul(x[7],add(sub(mul(x[0],sub(pdiv(x[7],add(x[0],sub(pdiv(x[2],x[5]),x[0]))),x[7])),x[5]),mul(x[7],add(x[0],add(x[5],x[2]))))),add(sub(x[7],sub(x[3],mul(x[5],sub(sub(add(sub(sub(x[7],x[2]),add(x[2],x[3])),add(pdiv(x[3],pdiv(x[7],add(x[2],x[7]))),pdiv(x[3],x[7]))),x[3]),x[5])))),x[2]))))",False,,,075b135598c9311053b76c585d55fe5d,0.31137724550898205,False,0.0
8,20,"greater_than_or_equal(x[5], mul(x[7],add(add(sub(x[2],x[7]),add(x[5],add(x[2],x[2]))),x[5])))",False,,,39454f0ee9910ddccb0671c7f19093be,0.28742514970059885,False,0.0
8,20,"greater_than_or_equal(x[5], mul(x[7],add(x[5],79.44)))",True,not_(x[6]),0.6347305389221557,b4068ba57b63c959651c969331c4b5cd,0.6407185628742516,True,0.005988023952095856
8,20,"less_than_or_equal(add(mul(x[7],x[7]),74.77),sub(x[7],x[7]))",True,not_(x[6]),0.6347305389221557,b4068ba57b63c959651c969331c4b5cd,0.6407185628742516,True,0.005988023952095856
8,20,"greater_than_or_equal(sub(pdiv(x[0],x[2]),pdiv(x[7],add(add(x[0],x[7]),x[5]))), mul(x[5],mul(x[7],x[7])))",False,,,53e56121e2e715e8239961fdb5a7f432,0.4970059880239521,False,0.0
8,20,"greater_than_or_equal(x[5], mul(x[7],add(x[2],add(x[2],x[3]))))",False,,,5a60858377591daa9684d1c01d7ca4e3,0.27544910179640714,False,0.0
8,20,"greater_than_or_equal(sub(pdiv(add(add(x[7],x[7]),add(mul(x[2],x[5]),mul(x[2],add(sub(x[7],sub(x[3],mul(x[5],x[7]))),add(pdiv(sub(x[7],x[5]),x[5]),mul(x[5],add(x[0],add(x[5],x[2])))))))),add(sub(x[7],sub(x[3],mul(x[5],x[7]))),add(x[2],x[7]))),x[2]), add(x[2],x[3]))",False,,,8d2eacc05d3f42ab07e6656d5d3c1fe3,0.37125748502994016,False,0.0
8,20,"greater_than_or_equal(add(x[5],mul(x[3],x[7])), add(sub(sub(x[5],sub(x[0],x[3])),mul(x[7],add(mul(x[5],sub(sub(add(sub(x[2],x[2]),x[2]),x[5]),mul(x[7],add(x[7],x[5])))),x[5]))),x[2]))",True,"greater_than_or_equal(x[0], add(x[2],x[3]))",0.6287425149700598,4ed22bab75692b804df38b56926cc8d6,0.6167664670658682,True,-0.0119760479041916
8,20,"greater_than_or_equal(pdiv(add(mul(x[7],add(x[7],x[0])),add(x[0],mul(x[5],add(x[2],x[3])))),x[0]), add(x[7],x[5]))",False,,,aa73a6499311eac11fcf23a52b581b3b,0.4251497005988024,False,0.0
8,20,"less_than_or_equal(add(mul(add(x[5],x[7]),mul(x[2],x[3])),x[7]),x[2])",False,,,9b59c02c33d88fd79160e0892b2760bb,0.562874251497006,False,0.0
8,20,"not_(less_than_or_equal(pdiv(x[5],x[7]),add(mul(x[2],x[5]),mul(x[7],mul(add(pdiv(x[7],sub(pdiv(x[5],x[7]),x[5])),add(x[2],x[5])),x[7])))))",True,"greater_than_or_equal(x[5], mul(x[7],add(mul(x[5],x[5]),x[7])))",0.22754491017964074,f88292475aa3ad5b7cf26090c3cdc424,0.22754491017964074,False,0.0
8,20,"greater_than_or_equal(x[5], mul(add(x[7],x[7]),x[7]))",True,"greater_than_or_equal(x[5], mul(x[7],add(x[7],x[7])))",0.26347305389221554,94282a7a6b76cc442b45c7114793e867,0.26347305389221554,False,0.0
8,20,"not_(less_than_or_equal(pdiv(x[5],x[7]),add(add(x[2],add(mul(x[7],add(x[7],x[2])),x[3])),x[5])))",True,"greater_than_or_equal(x[5], mul(x[7],add(x[7],add(x[3],x[7]))))",0.31137724550898205,92552161c5d20d1b9aa117454bb6ae16,0.3173652694610778,True,0.0059880239520957446
8,20,"greater_than_or_equal(sub(pdiv(add(mul(x[5],add(x[7],pdiv(x[7],x[2]))),x[2]),x[5]),x[5]), x[5])",False,,,acc6436f50e6b298d587e07730bd62df,0.40718562874251496,False,0.0
8,20,"not_(less_than_or_equal(pdiv(x[7],x[2]),x[5]))",True,"not_(less_than_or_equal(pdiv(x[7],x[2]),x[5]))",0.4131736526946108,6c7e6e07b7b12247ceef424eff5148c5,0.4131736526946108,False,0.0
8,20,"greater_than_or_equal(x[5], mul(x[7],add(add(sub(x[5],mul(59.47,x[5])),add(x[2],x[3])),x[0])))",True,"not_(less_than_or_equal(pdiv(x[5],x[7]),pdiv(x[3],13.22)))",0.3532934131736527,88f003d3dcd498e17871429f18988b29,0.3532934131736527,False,0.0
8,20,"greater_than_or_equal(x[5], mul(x[7],add(pdiv(x[7],add(x[5],add(sub(x[2],add(x[2],x[3])),add(pdiv(x[3],pdiv(x[7],add(x[2],x[7]))),pdiv(x[3],x[7]))))),x[3])))",False,,,a640c64a1997e7e6d659e19d8dec0196,0.3293413173652695,False,0.0
8,20,"greater_than_or_equal(x[5], mul(x[5],x[7]))",True,"less_than_or_equal(x[2],x[2])",0.35928143712574845,bd082d42dcba8056510101f18394b575,0.35928143712574845,False,0.0
8,20,"greater_than_or_equal(x[0], mul(x[5],x[7]))",True,"less_than_or_equal(x[7],pdiv(x[0],x[7]))",0.5029940119760479,37afef815a97697dfbf210f3b9ca92af,0.5149700598802396,True,0.011976047904191711
8,20,"not_(less_than_or_equal(pdiv(x[5],add(x[2],mul(mul(x[5],mul(x[7],add(x[3],x[2]))),x[5]))),x[7]))",False,,,82221e2856ba553ccee4458e8c1efc00,0.27544910179640714,False,0.0
8,20,"not_(less_than_or_equal(pdiv(x[7],pdiv(93.22,x[5])),x[7]))",True,not_(x[6]),0.6347305389221557,b4068ba57b63c959651c969331c4b5cd,0.6407185628742516,True,0.005988023952095856
8,20,"greater_than_or_equal(x[5], mul(x[5],mul(x[7],x[5])))",True,"less_than_or_equal(x[2],x[2])",0.35928143712574845,bd082d42dcba8056510101f18394b575,0.35928143712574845,False,0.0
8,20,"greater_than_or_equal(x[5], mul(x[7],add(add(sub(x[3],x[7]),add(x[5],95.19)),pdiv(mul(x[5],x[7]),add(x[2],x[7])))))",True,not_(x[6]),0.6347305389221557,b4068ba57b63c959651c969331c4b5cd,0.6407185628742516,True,0.005988023952095856
8,20,"greater_than_or_equal(x[5], mul(x[7],add(x[2],mul(pdiv(add(x[2],pdiv(pdiv(mul(x[5],x[5]),x[5]),pdiv(x[7],x[5]))),mul(x[7],mul(x[5],x[5]))),x[3]))))",False,,,c6baf6e1267aa2eaf63ea3925baa4630,0.652694610778443,False,0.0
8,20,"greater_than_or_equal(x[7], x[2])",True,"less_than_or_equal(pdiv(add(x[2],x[5]),sub(x[2],x[7])),mul(mul(x[2],x[3]),mul(x[5],x[7])))",0.4730538922155688,6a9a868ce645e54c16a03959cbdb37f6,0.4730538922155688,False,0.0
8,20,"less_than_or_equal(add(mul(47.44,mul(x[7],add(x[5],x[7]))),x[5]),mul(x[5],x[5]))",True,not_(x[6]),0.6347305389221557,b4068ba57b63c959651c969331c4b5cd,0.6407185628742516,True,0.005988023952095856
8,20,"not_(greater_than_or_equal(pdiv(x[5],x[7]), mul(add(x[5],add(x[3],x[7])),mul(x[7],add(x[2],mul(pdiv(x[7],mul(x[5],x[0])),sub(sub(x[2],sub(pdiv(x[2],x[5]),mul(x[7],add(x[7],x[5])))),x[5])))))))",False,,,4ac3bd32277f1f2126e90e1d71e20322,0.718562874251497,False,0.0
8,20,"greater_than_or_equal(x[5], mul(add(mul(add(x[5],x[7]),mul(x[2],pdiv(add(x[0],x[5]),sub(x[5],x[7])))),add(x[5],x[7])),pdiv(x[7],add(x[0],mul(x[7],pdiv(x[5],x[5]))))))",False,,,c27f946f5a72e785dedf5306bcc0ac93,0.5209580838323353,False,0.0
8,20,"greater_than_or_equal(pdiv(x[5],add(x[2],x[2])), x[5])",True,"not_(less_than_or_equal(pdiv(x[5],x[5]),add(x[2],x[2])))",0.25149700598802394,b1dd33075a09479c47bb17a355eef7af,0.25149700598802394,False,0.0
8,20,"not_(less_than_or_equal(pdiv(mul(x[7],add(x[7],x[2])),x[7]),x[5]))",True,"not_(less_than_or_equal(pdiv(x[7],pdiv(x[5],pdiv(add(x[2],x[5]),x[5]))),x[5]))",0.5508982035928144,cbce40b0a97fa22123e726dc7d433003,0.6107784431137724,True,0.059880239520958
8,20,"greater_than_or_equal(sub(pdiv(x[5],x[3]),x[2]), x[7])",True,"not_(less_than_or_equal(pdiv(x[5],x[3]),add(x[2],x[7])))",0.3293413173652695,63f56071f750897f33f7d388cfcbcfbd,0.3293413173652695,False,0.0
8,20,"greater_than_or_equal(pdiv(x[3],x[3]), add(add(x[7],x[0]),x[2]))",True,"greater_than_or_equal(pdiv(x[5],x[5]), add(add(x[7],x[0]),x[2]))",0.20359281437125754,2c8ba4c0896bdabce262eefb429de9c2,0.20359281437125754,False,0.0
8,20,"greater_than_or_equal(pdiv(x[5],add(x[2],x[5])), x[7])",True,"greater_than_or_equal(x[5], mul(x[7],add(x[5],x[2])))",0.23353293413173648,49521aab13419e9d4582e656c37790ef,0.23353293413173648,False,0.0
8,20,"greater_than_or_equal(pdiv(x[5],add(x[2],x[3])), mul(x[5],add(x[7],x[2])))",False,,,d23f85ad4bcfdd857d8f4d78682631ec,0.2694610778443114,False,0.0
8,20,"greater_than_or_equal(pdiv(x[7],pdiv(x[5],x[5])), x[5])",True,"greater_than_or_equal(x[7], x[5])",0.6107784431137724,793f9fa4aca1502cfe0a9ed6ab91b83c,0.6107784431137724,False,0.0
8,20,"greater_than_or_equal(x[5], mul(x[7],add(x[5],x[2])))",True,"greater_than_or_equal(x[5], mul(x[7],add(x[5],x[2])))",0.23353293413173648,49521aab13419e9d4582e656c37790ef,0.23353293413173648,False,0.0
8,20,"not_(less_than_or_equal(pdiv(mul(mul(x[7],add(x[2],x[5])),x[5]),x[3]),x[5]))",False,,,43995854dff817606244d2dd86cc0b03,0.7065868263473054,False,0.0
8,20,"greater_than_or_equal(x[5], mul(mul(sub(mul(x[2],add(x[7],add(pdiv(pdiv(x[7],mul(x[5],x[5])),x[7]),x[7]))),add(x[5],add(x[3],x[7]))),mul(x[7],add(x[5],x[7]))),pdiv(x[5],x[5])))",False,,,2e58382518f3531d6721e8da7a99f157,0.34730538922155685,False,0.0
8,20,"not_(less_than_or_equal(pdiv(x[5],add(x[2],mul(mul(x[5],mul(x[7],add(x[3],x[2]))),x[7]))),pdiv(x[7],x[5])))",False,,,7ea6dbd6dc62242d885292423e99c7ff,0.2694610778443114,False,0.0
8,20,"greater_than_or_equal(sub(pdiv(x[5],x[7]),x[5]), x[5])",True,"greater_than_or_equal(x[5], mul(x[7],add(x[5],x[5])))",0.2455089820359282,9545aae94dd0fcb8b281ddfedf2da4e6,0.2455089820359282,False,0.0
8,20,"greater_than_or_equal(x[5], mul(x[7],add(x[2],x[7])))",True,"greater_than_or_equal(x[5], mul(x[7],add(x[7],x[2])))",0.2455089820359282,dbe0ded9608d153cce360999e2a5fae7,0.2455089820359282,False,0.0
8,20,"greater_than_or_equal(pdiv(x[5],x[5]), add(sub(x[5],x[5]),pdiv(x[7],add(x[7],x[5]))))",True,"less_than_or_equal(x[2],x[2])",0.35928143712574845,bd082d42dcba8056510101f18394b575,0.35928143712574845,False,0.0
8,20,"greater_than_or_equal(x[5], mul(x[7],add(pdiv(mul(mul(mul(x[5],sub(sub(sub(sub(x[2],x[2]),x[5]),x[5]),mul(x[7],mul(x[7],x[7])))),add(x[0],mul(sub(mul(x[2],add(sub(x[7],sub(x[3],mul(x[5],x[7]))),add(x[2],x[7]))),x[2]),add(x[2],x[3])))),add(pdiv(x[3],pdiv(x[7],add(x[2],x[7]))),pdiv(x[3],x[7]))),x[3]),x[5])))",True,"less_than_or_equal(x[2],x[2])",0.35928143712574845,bd082d42dcba8056510101f18394b575,0.35928143712574845,False,0.0
8,20,"greater_than_or_equal(x[5], mul(x[5],mul(x[2],x[5])))",True,"less_than_or_equal(x[2],x[2])",0.35928143712574845,bd082d42dcba8056510101f18394b575,0.35928143712574845,False,0.0
8,20,"greater_than_or_equal(sub(pdiv(x[5],mul(x[5],add(x[7],add(x[7],mul(pdiv(x[3],x[5]),x[5]))))),add(x[2],x[5])), x[5])",False,,,802906fbb70e72ca4472813c71b7d07f,0.4730538922155688,False,0.0
8,20,"greater_than_or_equal(pdiv(add(pdiv(add(x[2],x[5]),mul(x[7],pdiv(x[5],x[2]))),x[5]),x[2]), x[5])",True,"less_than_or_equal(x[2],x[2])",0.35928143712574845,bd082d42dcba8056510101f18394b575,0.35928143712574845,False,0.0
8,20,"not_(less_than_or_equal(pdiv(x[3],x[7]),add(x[5],mul(x[5],add(add(x[7],x[0]),x[2])))))",True,"greater_than_or_equal(sub(pdiv(x[3],x[7]),mul(x[5],add(x[2],x[5]))), x[5])",0.3293413173652695,cdea426fb8729e21fdc10ebd1a9b5272,0.32335329341317365,True,-0.005988023952095856
8,20,"greater_than_or_equal(pdiv(x[5],mul(x[3],x[7])), add(sub(sub(x[5],sub(x[0],x[3])),mul(x[7],add(mul(x[5],sub(sub(sub(sub(x[2],x[2]),x[2]),x[5]),mul(x[7],add(x[7],x[5])))),x[5]))),x[2]))",True,"greater_than_or_equal(pdiv(x[5],mul(x[3],x[7])), add(sub(sub(x[5],sub(x[0],x[3])),mul(x[7],add(mul(x[5],sub(sub(sub(sub(x[2],x[2]),x[2]),x[5]),mul(x[7],add(x[7],x[5])))),x[5]))),x[2]))",0.28742514970059885,29b3b0590cb7b4611511d1a0ef968e62,0.28742514970059885,False,0.0
8,20,"greater_than_or_equal(add(sub(x[7],x[7]),pdiv(x[5],x[5])), mul(mul(x[5],x[7]),pdiv(x[7],x[3])))",True,"greater_than_or_equal(pdiv(add(x[5],x[2]),sub(x[5],x[5])), mul(mul(x[5],x[7]),pdiv(x[7],x[3])))",0.3413173652694611,f65c24e134a734a89a26a00dcb1d98d5,0.3413173652694611,False,0.0
8,20,"greater_than_or_equal(x[5], mul(x[7],add(mul(x[0],add(x[2],x[5])),add(add(pdiv(x[0],x[5]),add(x[7],x[2])),x[5]))))",True,"not_(less_than_or_equal(pdiv(x[5],x[7]),mul(pdiv(add(add(pdiv(x[2],37.90),pdiv(x[0],x[7])),add(x[7],pdiv(x[3],x[7]))),x[3]),x[7])))",0.3413173652694611,c3603a2cdcf531c222f67626eea1b528,0.3173652694610778,True,-0.02395209580838331
8,20,"less_than_or_equal(mul(x[5],x[7]),x[5])",True,"less_than_or_equal(x[2],x[2])",0.35928143712574845,bd082d42dcba8056510101f18394b575,0.35928143712574845,False,0.0
8,20,"greater_than_or_equal(x[5], mul(x[7],add(add(sub(x[2],pdiv(sub(mul(x[5],x[2]),mul(x[7],add(add(sub(sub(pdiv(x[7],add(sub(mul(x[7],x[2]),pdiv(pdiv(x[5],x[7]),add(x[3],x[5]))),x[5])),x[5]),x[3]),x[5]),add(x[5],x[2])))),x[5])),x[5]),pdiv(x[5],x[5]))))",False,,,ae01c23c648487d416b05588c2d930be,0.2574850299401198,False,0.0
8,20,"greater_than_or_equal(00.39, mul(sub(add(add(x[0],x[7]),add(x[0],x[2])),x[2]),x[2]))",False,,,82b5506a790e775dda4b1beea86433ff,0.23952095808383234,False,0.0
8,20,"greater_than_or_equal(sub(pdiv(x[5],x[2]),pdiv(x[5],x[5])), mul(x[2],add(x[5],x[2])))",False,,,a18d5c9b7d2531cbe7641f0ebf0351d4,0.32335329341317365,False,0.0
8,20,"not_(less_than_or_equal(pdiv(x[5],x[5]),x[7]))",True,"not_(less_than_or_equal(pdiv(x[5],x[5]),add(pdiv(x[2],96.92),x[7])))",0.39520958083832336,db0e6c3409e9b2885c8014a7de8788af,0.39520958083832336,False,0.0
8,20,"greater_than_or_equal(add(x[5],sub(x[5],mul(x[7],add(mul(sub(sub(add(mul(x[0],add(add(mul(mul(x[7],pdiv(pdiv(sub(pdiv(x[7],x[2]),x[7]),x[0]),x[7])),pdiv(x[5],x[2])),x[5]),x[5])),x[5]),add(x[7],add(x[5],x[5]))),x[5]),sub(x[7],add(x[5],x[7]))),pdiv(x[3],mul(mul(pdiv(sub(x[5],x[2]),x[5]),add(x[2],x[5])),x[5])))))), add(x[5],x[2]))",False,,,f45fc01e40949d54a41322d7e46b0c2e,0.5508982035928144,False,0.0
8,20,"less_than_or_equal(mul(mul(x[3],add(pdiv(x[5],x[3]),add(x[2],add(mul(x[5],x[5]),add(x[5],add(x[5],x[7])))))),x[0]),x[2])",False,,,228be565baccd07040e1df55851fa8b0,0.4131736526946108,False,0.0
8,20,"greater_than_or_equal(pdiv(pdiv(x[5],x[5]),add(pdiv(pdiv(pdiv(x[5],mul(x[2],pdiv(add(sub(x[2],x[5]),x[5]),x[5]))),x[7]),pdiv(x[5],x[5])),x[3])), x[2])",False,,,0bab6184486c8147cdbf383d8a7fd7a1,0.6407185628742516,False,0.0
8,20,"not_(less_than_or_equal(pdiv(x[5],x[7]),add(x[5],x[2])))",True,"greater_than_or_equal(x[5], mul(x[7],add(x[5],x[2])))",0.23353293413173648,49521aab13419e9d4582e656c37790ef,0.23353293413173648,False,0.0
8,20,"greater_than_or_equal(x[5], mul(x[5],add(x[5],x[2])))",True,"not_(less_than_or_equal(pdiv(x[5],x[5]),add(x[5],x[2])))",0.2455089820359282,5825d6d8d32996f2f81bb41cc0bfa92f,0.2455089820359282,False,0.0
8,20,"greater_than_or_equal(x[5], mul(x[7],add(x[5],04.69)))",True,"greater_than_or_equal(x[5], mul(x[7],mul(add(sub(x[7],x[7]),x[7]),add(sub(67.44,x[0]),sub(pdiv(x[5],x[7]),x[3])))))",0.5748502994011976,f9fd89441ea09e8222bb716d0d846afc,0.562874251497006,True,-0.0119760479041916
8,20,"less_than_or_equal(add(mul(x[7],x[2]),sub(pdiv(add(x[7],x[2]),x[0]),x[2])),sub(x[5],x[3]))",False,,,a6bb86f7d5456f2320ea925b38ffc3e7,0.6407185628742516,False,0.0
8,20,"greater_than_or_equal(x[5], mul(x[5],mul(x[7],add(add(x[2],x[5]),mul(x[7],add(x[7],mul(x[2],mul(mul(x[5],x[2]),x[5]))))))))",True,"greater_than_or_equal(x[5], mul(x[5],mul(x[7],add(add(x[2],x[5]),mul(x[7],add(x[7],mul(x[2],mul(mul(x[5],x[2]),x[5]))))))))",0.23353293413173648,3ad37746a49fcf30298af6ef2146e78a,0.23353293413173648,False,0.0
8,20,"greater_than_or_equal(sub(pdiv(x[5],x[7]),pdiv(x[5],mul(mul(add(mul(add(x[5],x[7]),x[2]),x[5]),x[7]),sub(x[5],mul(x[5],x[5]))))), add(x[7],x[2]))",True,not_(x[6]),0.6347305389221557,b4068ba57b63c959651c969331c4b5cd,0.6467065868263473,True,0.0119760479041916
8,20,"less_than_or_equal(x[3],mul(add(x[5],add(x[7],mul(x[5],x[2]))),pdiv(x[5],x[7])))",True,"less_than_or_equal(pdiv(sub(x[3],x[5]),pdiv(x[2],x[2])),x[5])",0.3652694610778443,8f63ec6eb4b45627ddab1b215f2fa10a,0.34730538922155685,True,-0.017964071856287456
8,20,"greater_than_or_equal(sub(pdiv(x[5],add(sub(x[5],x[7]),mul(x[2],mul(x[7],add(add(x[0],x[7]),x[5]))))),mul(x[5],mul(x[7],x[7]))), x[0])",False,,,798449d9930c71353c5bfc4fff9d1ec9,0.3532934131736527,False,0.0
8,20,"greater_than_or_equal(x[2], mul(35.95,x[2]))",True,"greater_than_or_equal(pdiv(mul(x[5],x[2]),pdiv(x[2],x[5])), add(sub(x[7],x[7]),add(x[5],x[0])))",0.6107784431137724,ec48eb4aba9f475884bcf9e8f28adadc,0.6167664670658682,True,0.005988023952095856
8,20,"greater_than_or_equal(x[5], mul(x[5],mul(x[7],add(sub(sub(sub(x[3],x[5]),x[5]),sub(19.01,x[5])),mul(x[5],x[2])))))",True,"less_than_or_equal(x[2],x[2])",0.35928143712574845,bd082d42dcba8056510101f18394b575,0.35928143712574845,False,0.0
8,20,"greater_than_or_equal(x[3], mul(x[7],mul(x[7],x[7])))",True,"greater_than_or_equal(pdiv(pdiv(x[3],x[7]),x[7]), x[7])",0.33532934131736525,2a5f263975eb2c00720231394b71babf,0.33532934131736525,False,0.0
8,20,"greater_than_or_equal(x[5], mul(x[7],add(add(sub(x[2],x[7]),mul(x[5],x[5])),x[2])))",False,,,2776684c3af8f37e28f4130cecf4f6c8,0.3053892215568862,False,0.0
8,20,"greater_than_or_equal(pdiv(x[5],x[5]), add(x[5],x[5]))",True,"not_(less_than_or_equal(pdiv(x[5],x[5]),add(x[5],x[5])))",0.4491017964071856,2218a51fb25443ecfeb7d4f388f41f4b,0.4491017964071856,False,0.0
8,20,"greater_than_or_equal(x[5], mul(x[7],add(x[2],pdiv(x[7],pdiv(x[5],add(x[2],x[7]))))))",False,,,5f243721629fd173a761da2d9aa7d4ca,0.25149700598802394,False,0.0
8,20,"not_(less_than_or_equal(pdiv(x[3],x[7]),add(x[2],x[7])))",True,"greater_than_or_equal(add(pdiv(x[3],x[7]),sub(x[7],x[2])), add(x[7],x[7]))",0.2694610778443114,023f7e197519d8190b2d025d2b6f3f86,0.2694610778443114,False,0.0
8,20,"not_(less_than_or_equal(pdiv(x[5],add(x[0],x[7])),add(x[2],x[7])))",False,,,591d6d38ad00c505074946e66a10e0ac,0.27544910179640714,False,0.0
8,20,"greater_than_or_equal(x[5], mul(x[7],add(add(sub(x[2],x[7]),add(x[5],x[7])),x[2])))",True,"greater_than_or_equal(x[5], mul(x[7],add(add(sub(x[2],x[7]),add(x[5],x[7])),x[2])))",0.22155688622754488,884244d505af5ac033875410cbd98fe5,0.22155688622754488,False,0.0
8,20,"greater_than_or_equal(sub(pdiv(add(add(pdiv(x[5],sub(add(add(x[2],x[5]),x[5]),mul(x[2],add(x[5],x[2])))),x[5]),mul(x[7],add(x[7],x[5]))),x[7]),x[5]), x[3])",True,"not_(less_than_or_equal(pdiv(x[5],x[0]),x[0]))",0.35928143712574845,5372ceb8b23ce5e1dd3bf5c2fc3a57aa,0.3532934131736527,True,-0.0059880239520957446
8,20,"greater_than_or_equal(pdiv(x[5],x[5]), add(add(x[2],mul(x[2],mul(sub(x[7],x[7]),mul(x[5],x[5])))),mul(mul(x[7],x[2]),sub(pdiv(add(x[7],x[2]),x[5]),x[5]))))",True,"greater_than_or_equal(pdiv(x[5],x[5]), add(add(x[2],mul(x[2],mul(sub(x[7],x[7]),pdiv(x[5],x[5])))),mul(mul(x[7],x[2]),sub(pdiv(add(x[7],x[2]),x[5]),x[5]))))",0.2934131736526946,b2764a6f3ef5bc579589eb89668b6cf5,0.2934131736526946,False,0.0
8,20,"not_(less_than_or_equal(pdiv(pdiv(x[5],x[5]),x[5]),51.90))",True,"less_than_or_equal(mul(sub(30.95,x[2]),x[5]),mul(x[7],add(add(add(x[2],x[3]),pdiv(x[0],x[7])),x[2])))",0.6467065868263473,322944f1a81ee73855970d3a0b60a0dd,0.6467065868263473,False,0.0
8,20,"not_(less_than_or_equal(pdiv(x[5],mul(x[2],x[7])),sub(add(x[3],x[7]),mul(x[7],add(x[3],mul(x[7],add(x[5],x[2])))))))",False,,,6651b2c42c2e19b951bd39778ad4d716,0.33532934131736525,False,0.0
8,20,"not_(less_than_or_equal(pdiv(x[5],x[7]),add(x[5],mul(sub(x[0],x[7]),x[3]))))",True,"less_than_or_equal(x[2],x[2])",0.35928143712574845,bd082d42dcba8056510101f18394b575,0.35928143712574845,False,0.0
8,20,"less_than_or_equal(add(mul(x[7],pdiv(x[5],x[5])),x[3]),add(sub(x[7],x[7]),pdiv(69.24,mul(add(mul(x[7],add(x[2],x[5])),add(x[2],x[5])),x[5]))))",True,"less_than_or_equal(x[2],x[2])",0.35928143712574845,bd082d42dcba8056510101f18394b575,0.35928143712574845,False,0.0
8,20,"greater_than_or_equal(sub(pdiv(pdiv(mul(x[2],pdiv(add(x[2],add(sub(x[3],mul(x[5],x[7])),add(x[2],x[7]))),x[2])),add(x[2],x[3])),add(pdiv(x[3],pdiv(x[7],add(x[2],x[7]))),pdiv(x[3],x[7]))),x[3]), x[5])",False,,,7ef26c9cc1d3e5e8417e05f74e4f8acd,0.6227544910179641,False,0.0
8,20,"greater_than_or_equal(x[5], mul(x[7],add(x[5],add(add(mul(x[7],add(x[2],x[5])),add(x[3],x[5])),x[5]))))",True,"greater_than_or_equal(x[5], mul(x[7],add(x[5],add(pdiv(x[3],x[3]),add(x[7],x[5])))))",0.4610778443113772,e97708e5954a1048f0312418f577bc20,0.4251497005988024,True,-0.0359281437125748
8,20,"greater_than_or_equal(00.95, mul(x[5],add(add(mul(x[5],add(x[0],add(x[5],x[2]))),add(sub(x[7],sub(x[3],mul(x[5],x[7]))),add(x[2],x[7]))),x[2])))",False,,,8eec074ae83cc5e2deae15b77817e952,0.2934131736526946,False,0.0
8,20,"greater_than_or_equal(sub(pdiv(x[5],x[5]),x[3]), x[0])",True,"greater_than_or_equal(pdiv(x[5],x[5]), add(x[0],x[3]))",0.3413173652694611,14660f9f17f29c43d7bf738e2d617b36,0.3413173652694611,False,0.0
8,20,"greater_than_or_equal(x[5], mul(x[7],sub(add(add(x[7],sub(x[7],mul(mul(x[2],mul(x[5],x[5])),mul(x[5],add(x[0],add(x[5],x[2])))))),add(sub(x[7],sub(x[3],mul(x[5],x[7]))),add(x[2],x[7]))),x[2])))",False,,,480b12cb8fa1cd31381158d435e1a51a,0.29940119760479045,False,0.0
8,20,"greater_than_or_equal(x[5], mul(x[7],add(pdiv(mul(mul(mul(x[5],x[0]),sub(sub(x[2],mul(pdiv(x[5],x[5]),mul(x[7],mul(x[7],x[7])))),add(x[0],add(x[5],sub(x[3],mul(x[5],add(sub(add(x[2],x[7]),x[2]),add(x[2],x[3])))))))),add(pdiv(x[3],pdiv(x[7],add(x[2],x[7]))),pdiv(x[3],x[7]))),x[3]),x[5])))",True,"not_(less_than_or_equal(pdiv(x[5],x[5]),add(x[2],mul(x[7],x[0]))))",0.3293413173652695,1ab369f1c9c900ba68f0c77139376ac8,0.3413173652694611,True,0.0119760479041916
8,20,"greater_than_or_equal(x[5], mul(x[7],add(x[5],x[2])))",True,"greater_than_or_equal(x[5], mul(x[7],add(x[5],x[2])))",0.23353293413173648,49521aab13419e9d4582e656c37790ef,0.23353293413173648,False,0.0
8,20,"greater_than_or_equal(pdiv(add(x[7],x[2]),mul(x[2],pdiv(x[3],x[5]))), x[5])",True,"less_than_or_equal(x[2],x[2])",0.35928143712574845,bd082d42dcba8056510101f18394b575,0.35928143712574845,False,0.0
8,20,"greater_than_or_equal(x[5], x[2])",True,"not_(not_(less_than_or_equal(x[2],x[5])))",0.34730538922155685,4af53f79d9ad2ffac455113b88a02dd4,0.34730538922155685,False,0.0
8,20,"greater_than_or_equal(sub(add(x[5],x[7]),mul(x[0],add(x[7],x[2]))), x[7])",True,"less_than_or_equal(x[0],x[5])",0.37125748502994016,cdcd6f1e6c091ac380f1476046586fe6,0.3413173652694611,True,-0.029940119760479056
8,20,"greater_than_or_equal(add(x[7],pdiv(x[5],add(pdiv(mul(add(x[5],x[2]),sub(x[5],x[3])),mul(x[5],add(x[7],x[2]))),mul(x[7],x[5])))), x[5])",False,,,ed6a465177e880e84a958177d054cd74,0.5329341317365269,False,0.0
8,20,"greater_than_or_equal(pdiv(x[5],x[5]), add(x[2],x[2]))",True,"not_(less_than_or_equal(pdiv(x[5],x[5]),add(x[2],x[2])))",0.25149700598802394,b1dd33075a09479c47bb17a355eef7af,0.25149700598802394,False,0.0
8,20,"greater_than_or_equal(add(x[5],x[7]), x[2])",True,"less_than_or_equal(mul(pdiv(x[5],x[5]),add(x[2],sub(x[5],x[5]))),add(x[5],x[7]))",0.37125748502994016,8333158308c3f8dab75290a9ccb65096,0.37125748502994016,False,0.0
8,20,"greater_than_or_equal(pdiv(x[5],add(x[2],pdiv(add(sub(x[2],x[5]),x[5]),x[5]))), x[7])",True,"greater_than_or_equal(pdiv(x[5],add(x[2],pdiv(add(sub(x[2],x[5]),x[5]),x[5]))), x[7])",0.31137724550898205,5c420b5bccd4de5cee4c8f0bc3f96434,0.31137724550898205,False,0.0
8,20,"greater_than_or_equal(sub(pdiv(x[2],x[5]),x[5]), x[5])",False,,,8b8b5e67547a0363aca02653b06f1654,0.5808383233532934,False,0.0
8,20,"not_(less_than_or_equal(pdiv(x[5],x[7]),add(x[2],x[2])))",True,"not_(greater_than_or_equal(mul(x[7],add(x[2],x[2])), x[5]))",0.27544910179640714,f7539509fdd5f9bf93cc165393e6bf21,0.27544910179640714,False,0.0
8,20,"greater_than_or_equal(x[7], x[2])",True,"less_than_or_equal(pdiv(add(x[2],x[5]),sub(x[2],x[7])),mul(mul(x[2],x[3]),mul(x[5],x[7])))",0.4730538922155688,6a9a868ce645e54c16a03959cbdb37f6,0.4730538922155688,False,0.0
8,20,"greater_than_or_equal(pdiv(x[5],x[3]), x[7])",True,"not_(less_than_or_equal(pdiv(x[5],x[3]),x[7]))",0.3413173652694611,e691e9faf9d6cf6a1c64f756c672a16e,0.3413173652694611,False,0.0
8,20,"not_(less_than_or_equal(pdiv(x[5],x[7]),pdiv(add(x[5],add(x[3],x[7])),mul(x[7],add(x[2],mul(pdiv(x[7],mul(x[5],x[0])),sub(sub(x[0],sub(pdiv(x[2],x[7]),mul(x[7],add(x[0],x[5])))),add(pdiv(pdiv(mul(mul(x[5],add(x[5],x[2])),49.94),x[3]),x[5]),x[5]))))))))",True,"less_than_or_equal(x[2],x[2])",0.35928143712574845,bd082d42dcba8056510101f18394b575,0.35928143712574845,False,0.0
8,20,"greater_than_or_equal(x[5], mul(x[7],add(x[5],x[3])))",True,"greater_than_or_equal(x[5], mul(x[7],add(x[5],x[3])))",0.3053892215568862,0947741ceb5018f757b589e69907d867,0.3053892215568862,False,0.0
8,20,"greater_than_or_equal(x[5], x[5])",True,"less_than_or_equal(x[2],x[2])",0.35928143712574845,bd082d42dcba8056510101f18394b575,0.35928143712574845,False,0.0
8,20,"and_(greater_than_or_equal(x[5], x[5]),greater_than_or_equal(sub(x[7],x[2]), sub(pdiv(add(x[7],x[2]),x[5]),x[5])))",False,,,f4e58d49ed51ae4a0180a9bf05022efc,0.5029940119760479,False,0.0
8,20,"greater_than_or_equal(pdiv(x[5],mul(x[7],add(x[3],mul(x[5],add(x[2],add(x[2],x[2])))))), x[5])",False,,,741f65768a779354b025b6f63b071474,0.281437125748503,False,0.0
8,20,"greater_than_or_equal(pdiv(x[5],pdiv(x[7],add(add(x[5],x[2]),add(x[7],x[7])))), add(x[5],x[5]))",True,"less_than_or_equal(x[2],x[2])",0.35928143712574845,bd082d42dcba8056510101f18394b575,0.35928143712574845,False,0.0
8,20,"greater_than_or_equal(x[5], mul(x[7],add(mul(x[7],add(mul(x[7],add(mul(x[0],add(add(mul(mul(x[7],pdiv(pdiv(mul(x[3],add(x[2],x[7])),x[0]),x[2])),pdiv(x[5],x[2])),x[5]),x[5])),x[5])),add(x[7],x[0]))),x[2])))",False,,,5390c2fcc090e4ea7b329fc04682b103,0.23353293413173648,False,0.0
8,20,"not_(less_than_or_equal(pdiv(x[5],x[7]),add(x[5],mul(x[5],pdiv(x[0],add(add(x[2],x[3]),add(x[2],x[5])))))))",False,,,e8fcb2c30aa5fad33b4c28411b6aab41,0.37125748502994016,False,0.0
8,20,"greater_than_or_equal(sub(pdiv(x[5],x[7]),20.59), x[5])",True,not_(x[6]),0.6347305389221557,b4068ba57b63c959651c969331c4b5cd,0.6347305389221557,False,0.0
8,20,"not_(less_than_or_equal(pdiv(x[3],x[7]),pdiv(x[2],x[0])))",False,,,2fa7bd68816955fc142c3e71574980bd,0.2934131736526946,False,0.0
8,20,"not_(less_than_or_equal(pdiv(x[5],x[2]),add(x[5],sub(add(x[5],mul(x[2],add(x[7],x[5]))),add(x[0],add(x[5],x[2]))))))",True,"not_(less_than_or_equal(pdiv(pdiv(pdiv(x[2],x[2]),x[5]),add(x[2],x[2])),mul(x[5],x[5])))",0.33532934131736525,12d175981c4ec5803629683651b72e04,0.3293413173652695,True,-0.0059880239520957446
8,20,"greater_than_or_equal(pdiv(x[5],x[5]), add(sub(x[5],x[2]),x[7]))",False,,,dc2d281f4a248e0f07010572fa6a487b,0.34730538922155685,False,0.0
8,20,"less_than_or_equal(sub(pdiv(x[5],x[0]),mul(x[5],add(x[5],x[2]))),x[5])",False,,,2089cb7e1d734d06db7b17a7146f7a66,0.5568862275449102,False,0.0
8,20,"greater_than_or_equal(pdiv(x[5],x[7]), add(x[2],x[5]))",True,"greater_than_or_equal(x[5], mul(x[7],add(x[5],x[2])))",0.23353293413173648,49521aab13419e9d4582e656c37790ef,0.23353293413173648,False,0.0
8,20,"not_(less_than_or_equal(pdiv(pdiv(pdiv(mul(x[7],add(x[7],x[5])),add(add(x[5],add(add(x[5],x[5]),x[5])),x[2])),sub(x[3],mul(x[5],pdiv(sub(add(x[2],x[7]),x[2]),add(x[2],x[3]))))),add(pdiv(x[3],pdiv(x[7],add(x[2],x[7]))),pdiv(x[3],x[7]))),x[3]))",False,,,199a03a4d8302545486b9c643eaf0076,0.6467065868263473,False,0.0
8,20,"not_(less_than_or_equal(pdiv(x[5],x[5]),add(pdiv(x[0],04.69),x[5])))",False,,,9c730f98d194f5b8b7cb9957b0ea75e8,0.3173652694610778,False,0.0
8,20,"less_than_or_equal(mul(x[7],x[2]),x[5])",True,"less_than_or_equal(sub(mul(x[2],x[7]),mul(x[0],x[7])),x[5])",0.34730538922155685,67e5c7a497be3e968ea5c2bd6433af6d,0.33532934131736525,True,-0.0119760479041916
8,20,"greater_than_or_equal(x[5], mul(sub(mul(add(mul(x[7],add(x[2],x[2])),sub(add(add(x[5],x[2]),x[5]),mul(x[7],add(x[7],x[2])))),x[3]),x[5]),x[5]))",True,"not_(less_than_or_equal(pdiv(x[5],x[5]),mul(x[2],add(sub(x[7],x[7]),add(pdiv(pdiv(x[3],sub(mul(x[3],x[5]),x[5])),x[3]),add(x[7],x[0]))))))",0.35928143712574845,77e2471a5ac83931e3439de62f3a457a,0.3532934131736527,True,-0.0059880239520957446
8,20,"greater_than_or_equal(mul(x[7],add(x[0],x[5])), x[5])",False,,,67dae4b46a1995730a3e526ff7e92599,0.688622754491018,False,0.0
8,20,"not_(greater_than_or_equal(mul(94.94,mul(add(mul(x[5],add(mul(x[7],mul(x[5],x[5])),x[3])),x[5]),add(x[5],x[2]))), x[5]))",True,not_(x[6]),0.6347305389221557,b4068ba57b63c959651c969331c4b5cd,0.6407185628742516,True,0.005988023952095856
8,20,"greater_than_or_equal(x[2], x[5])",True,"less_than_or_equal(x[5],x[2])",0.652694610778443,6fb17002302e404122653cf2c68db553,0.652694610778443,False,0.0
8,20,"greater_than_or_equal(x[7], add(mul(sub(x[5],x[7]),mul(x[2],add(x[0],x[2]))),x[0]))",True,"and_(less_than_or_equal(pdiv(x[0],x[0]),pdiv(x[7],x[7])),greater_than_or_equal(sub(x[2],x[2]), sub(x[0],x[7])))",0.45508982035928147,0c866f95d3c400cff6c51bdae200239a,0.4730538922155688,True,0.017964071856287345
8,20,"greater_than_or_equal(x[5], mul(pdiv(mul(add(x[7],x[5]),x[5]),x[2]),add(sub(x[7],x[7]),pdiv(x[5],x[5]))))",True,"less_than_or_equal(add(x[5],x[7]),x[2])",0.6287425149700598,8ab50aa59a2767278dca8b76d2a3575f,0.6227544910179641,True,-0.0059880239520957446
8,20,"greater_than_or_equal(sub(pdiv(x[3],x[7]),mul(sub(add(pdiv(pdiv(x[7],pdiv(add(x[7],x[2]),x[5])),x[5]),add(x[7],x[3])),add(pdiv(x[5],add(pdiv(add(x[2],x[5]),x[5]),mul(x[2],x[2]))),x[7])),x[7])), add(sub(x[7],sub(mul(x[7],x[0]),sub(pdiv(x[5],x[7]),x[3]))),x[7]))",False,,,ec65fa2b4f5d2eef49452160ba671eeb,0.5029940119760479,False,0.0
8,20,"greater_than_or_equal(pdiv(x[5],x[5]), add(pdiv(sub(x[5],x[7]),pdiv(x[5],x[7])),x[2]))",True,"greater_than_or_equal(pdiv(pdiv(x[5],x[5]),add(x[5],x[0])), x[2])",0.3413173652694611,5005b0c334820b72e1246e09cfc64254,0.34730538922155685,True,0.0059880239520957446
8,20,"not_(less_than_or_equal(pdiv(x[5],x[5]),add(add(x[2],mul(pdiv(add(sub(x[3],pdiv(x[5],x[5])),add(x[7],x[3])),add(pdiv(x[5],add(pdiv(add(x[2],x[5]),x[5]),mul(x[2],x[2]))),x[7])),x[7])),add(sub(x[7],sub(mul(x[7],x[0]),sub(pdiv(x[5],x[7]),x[3]))),x[7]))))",False,,,dabf3243a447ac3e14c61b1cc01b7581,0.652694610778443,False,0.0
8,20,"greater_than_or_equal(pdiv(x[5],x[5]), x[7])",True,"less_than_or_equal(x[2],x[2])",0.35928143712574845,bd082d42dcba8056510101f18394b575,0.35928143712574845,False,0.0
8,20,"greater_than_or_equal(pdiv(x[5],x[5]), add(x[7],mul(x[3],x[7])))",True,"greater_than_or_equal(sub(pdiv(x[5],x[7]),mul(add(mul(pdiv(add(x[5],sub(x[2],add(x[5],x[2]))),x[5]),mul(x[7],add(x[7],x[2]))),x[3]),x[5])), x[5])",0.2694610778443114,9022f1cd2d01e29089d46d7d7fad78c5,0.2694610778443114,False,0.0
8,20,"greater_than_or_equal(x[5], mul(x[7],pdiv(x[2],x[2])))",True,"greater_than_or_equal(x[5], x[7])",0.3892215568862275,ca29d589a2290a0489371628a6b32bf4,0.3892215568862275,False,0.0
8,20,"greater_than_or_equal(sub(add(add(x[0],x[0]),x[2]),x[0]), x[5])",True,"greater_than_or_equal(x[2], sub(x[5],x[0]))",0.6107784431137724,7e99b1ef0b7d58ba53fb303bf54c4414,0.6107784431137724,False,0.0
8,20,"greater_than_or_equal(x[5], mul(x[5],mul(x[7],add(x[7],x[7]))))",True,"less_than_or_equal(mul(mul(x[7],x[7]),add(x[5],x[5])),x[5])",0.2455089820359282,70c1a978a90304e47c9ea26f5d914234,0.2455089820359282,False,0.0
8,20,"greater_than_or_equal(pdiv(x[5],x[5]), x[7])",True,"less_than_or_equal(x[2],x[2])",0.35928143712574845,bd082d42dcba8056510101f18394b575,0.35928143712574845,False,0.0
8,20,"greater_than_or_equal(x[5], mul(x[7],add(add(sub(x[5],x[5]),mul(add(x[7],x[0]),x[2])),x[3])))",False,,,7078d7214dcc9b9838d0e60e25f7c896,0.28742514970059885,False,0.0
8,20,"greater_than_or_equal(pdiv(add(mul(add(mul(x[7],add(x[7],x[2])),x[3]),x[5]),x[5]),add(x[2],x[5])), x[5])",False,,,37af505df3e8d2883591bb409b12ff0f,0.3532934131736527,False,0.0
8,20,"greater_than_or_equal(sub(pdiv(x[5],x[2]),mul(x[5],add(x[2],x[3]))), mul(x[2],pdiv(add(x[2],x[0]),x[3])))",False,,,de2f554cfdb54fa3dc9fbfb55a675cc8,0.29940119760479045,False,0.0
8,20,"greater_than_or_equal(x[3], sub(x[7],add(mul(x[7],add(x[2],x[2])),x[7])))",True,"less_than_or_equal(x[2],x[2])",0.35928143712574845,bd082d42dcba8056510101f18394b575,0.35928143712574845,False,0.0
8,20,"greater_than_or_equal(sub(pdiv(x[5],pdiv(x[5],pdiv(add(add(sub(pdiv(x[5],x[5]),mul(sub(mul(add(x[5],sub(x[5],x[5])),x[7]),mul(x[3],pdiv(x[5],mul(05.96,x[5])))),x[7])),x[3]),x[3]),x[3]))),x[7]), x[3])",True,"less_than_or_equal(x[2],x[2])",0.35928143712574845,bd082d42dcba8056510101f18394b575,0.35928143712574845,False,0.0
8,20,"not_(less_than_or_equal(pdiv(x[5],mul(add(x[7],x[5]),x[5])),49.89))",True,not_(x[6]),0.6347305389221557,b4068ba57b63c959651c969331c4b5cd,0.6407185628742516,True,0.005988023952095856
8,20,"greater_than_or_equal(pdiv(x[5],add(x[2],x[7])), add(pdiv(sub(pdiv(add(x[7],x[2]),x[0]),04.69),x[5]),pdiv(x[5],add(pdiv(add(x[2],x[5]),x[5]),mul(x[2],x[2])))))",True,"less_than_or_equal(add(mul(x[7],x[2]),sub(pdiv(add(x[7],x[2]),x[0]),04.69)),x[5])",0.28742514970059885,4b15e854d676471c8ff1608ea395eedc,0.2934131736526946,True,0.0059880239520957446
8,20,"less_than_or_equal(add(mul(x[5],x[7]),x[2]),x[5])",True,"not_(less_than_or_equal(pdiv(x[5],add(x[2],x[7])),add(x[2],x[7])))",0.2694610778443114,080245d0c5557c2b7fe695c6972120c2,0.3053892215568862,True,0.0359281437125748
8,20,"greater_than_or_equal(sub(pdiv(add(mul(x[2],x[5]),x[2]),x[5]),x[5]), x[5])",False,,,48158513250b31b996baeea9cb90408b,0.592814371257485,False,0.0
8,20,"greater_than_or_equal(x[7], mul(add(x[5],x[2]),add(add(x[2],x[5]),mul(x[7],add(x[7],pdiv(add(sub(x[5],x[3]),x[3]),add(pdiv(pdiv(x[7],x[5]),add(x[2],x[7])),x[2])))))))",False,,,dbc29dc55e41ff44e525a14b0ba7b05b,0.6107784431137724,False,0.0
8,20,"greater_than_or_equal(00.39, mul(x[2],pdiv(x[7],x[7])))",False,,,621fbdf2c2c18830d941ca3b099f6905,0.2934131736526946,False,0.0
8,20,"less_than_or_equal(x[5],mul(x[7],add(x[5],sub(add(add(x[2],x[5]),x[5]),mul(x[2],add(x[5],x[2]))))))",False,,,e441cef64087043e1741a80769185aa9,0.6586826347305389,False,0.0
8,20,"not_(less_than_or_equal(pdiv(x[5],x[5]),add(x[5],sub(x[7],mul(x[2],x[3])))))",False,,,b1c86311a78301fa6a68e102a7f0060f,0.31137724550898205,False,0.0
8,20,"not_(less_than_or_equal(pdiv(x[5],x[7]),add(mul(x[7],add(mul(add(x[7],add(49.94,x[3])),x[5]),x[5])),mul(x[2],x[5]))))",True,"not_(less_than_or_equal(pdiv(x[5],04.61),x[7]))",0.5389221556886228,a7cacbe6ce22cd2e14b847dca3a88aa5,0.5089820359281437,True,-0.029940119760479056
8,20,"greater_than_or_equal(x[3], mul(x[7],add(pdiv(x[7],pdiv(pdiv(x[2],x[5]),x[0])),x[7])))",True,"greater_than_or_equal(x[3], mul(x[7],add(pdiv(x[7],pdiv(pdiv(x[2],x[5]),x[0])),x[7])))",0.2934131736526946,548560de883b47617ac0618f6e4804cd,0.2934131736526946,False,0.0
8,20,"greater_than_or_equal(sub(pdiv(x[7],x[7]),sub(mul(add(mul(x[7],x[5]),mul(x[2],add(sub(x[7],sub(x[3],mul(x[5],x[7]))),add(x[2],x[7])))),x[2]),add(x[2],x[3]))), add(pdiv(x[3],pdiv(x[7],add(x[2],x[7]))),pdiv(x[3],x[7])))",False,,,ef17b3b316f7f840023b8655cc818588,0.5988023952095809,False,0.0
8,20,"greater_than_or_equal(x[5], mul(mul(x[7],x[2]),add(x[5],add(pdiv(pdiv(x[7],mul(x[5],x[5])),x[7]),x[7]))))",False,,,7f77b4f110d7c861c1335acf5d3fae0d,0.33532934131736525,False,0.0
8,20,"greater_than_or_equal(x[5], mul(x[7],add(x[5],add(pdiv(x[2],x[5]),add(x[5],sub(pdiv(mul(mul(x[7],x[5]),mul(x[2],pdiv(pdiv(mul(x[2],x[2]),sub(x[5],x[5])),pdiv(x[2],x[5])))),x[5]),add(x[5],x[2])))))))",False,,,72c119239764dbbf8704221584044c3a,0.2455089820359282,False,0.0
8,20,"greater_than_or_equal(add(x[2],x[2]), x[0])",True,"and_(greater_than_or_equal(pdiv(x[0],x[0]), pdiv(x[2],x[2])),greater_than_or_equal(mul(x[2],x[5]), sub(x[0],x[2])))",0.4011976047904192,9e26a81594e7ca0437579a52ec3393ab,0.3772455089820359,True,-0.02395209580838331
8,20,"greater_than_or_equal(pdiv(x[5],add(x[2],add(x[3],x[2]))), x[7])",True,"greater_than_or_equal(x[5], mul(x[7],add(x[2],add(x[2],x[3]))))",0.27544910179640714,5a60858377591daa9684d1c01d7ca4e3,0.27544910179640714,False,0.0
8,20,"greater_than_or_equal(pdiv(x[5],pdiv(x[5],mul(pdiv(add(x[2],x[5]),x[5]),mul(x[2],x[2])))), x[7])",False,,,ef62f39f5627206b89acd9519d864d1a,0.6287425149700598,False,0.0
8,20,"less_than_or_equal(add(mul(x[7],x[2]),sub(pdiv(add(x[7],x[2]),x[0]),04.69)),x[5])",True,"less_than_or_equal(add(mul(x[7],x[2]),sub(pdiv(add(x[7],x[2]),x[0]),04.69)),x[5])",0.28742514970059885,4b15e854d676471c8ff1608ea395eedc,0.28742514970059885,False,0.0
8,20,"not_(less_than_or_equal(pdiv(x[5],x[5]),add(mul(x[5],x[5]),x[5])))",True,"not_(less_than_or_equal(pdiv(x[5],x[5]),add(mul(x[5],x[5]),x[5])))",0.3772455089820359,85004d30cad8675ea748791609909266,0.3772455089820359,False,0.0
8,20,"greater_than_or_equal(x[5], mul(x[7],mul(mul(pdiv(x[0],x[3]),add(x[5],x[5])),pdiv(mul(x[7],x[7]),add(x[2],mul(mul(mul(x[2],x[5]),x[5]),pdiv(x[5],x[5])))))))",False,,,c50129983a0f943ea46fa56242a776ee,0.3173652694610778,False,0.0
8,20,"greater_than_or_equal(x[5], mul(x[7],add(mul(x[0],pdiv(x[5],x[7])),x[5])))",True,"greater_than_or_equal(x[3], mul(add(x[7],x[0]),x[3]))",0.31137724550898205,f5bf9aebb388af6a7cbda4724b01f693,0.31137724550898205,False,0.0
8,20,"greater_than_or_equal(x[5], mul(x[7],add(x[2],x[5])))",True,"greater_than_or_equal(x[5], mul(x[7],add(x[5],x[2])))",0.23353293413173648,49521aab13419e9d4582e656c37790ef,0.23353293413173648,False,0.0
8,20,"not_(greater_than_or_equal(x[5], x[5]))",True,not_(x[6]),0.6347305389221557,b4068ba57b63c959651c969331c4b5cd,0.6407185628742516,True,0.005988023952095856
8,20,"not_(less_than_or_equal(pdiv(x[5],x[5]),add(mul(x[5],sub(x[7],x[2])),add(x[2],x[7]))))",False,,,1d81f166484599d01990d05e41702ab9,0.20958083832335328,False,0.0
8,20,"less_than_or_equal(add(add(x[0],add(x[5],x[2])),add(sub(pdiv(add(sub(x[3],mul(x[5],x[7])),mul(x[2],x[7])),x[2]),add(x[2],x[3])),add(pdiv(x[3],pdiv(x[7],add(x[2],x[7]))),pdiv(x[3],x[7])))),x[3])",False,,,45694c0015e4c6dc70662725f1954b68,0.6287425149700598,False,0.0
8,20,"greater_than_or_equal(pdiv(x[5],x[5]), add(x[7],pdiv(sub(pdiv(x[5],x[7]),x[5]),mul(x[7],add(x[7],x[5])))))",False,,,db286eee11c5adeb88a430748528c45f,0.7485029940119761,False,0.0
8,20,"greater_than_or_equal(pdiv(x[7],add(x[2],x[7])), x[7])",True,"less_than_or_equal(add(mul(x[7],pdiv(x[5],x[5])),x[2]),add(sub(x[7],x[7]),pdiv(69.44,sub(x[3],x[3]))))",0.19161676646706582,14c6e007ad625f3839f568e9ee8a86e1,0.19161676646706582,False,0.0
8,20,"not_(less_than_or_equal(pdiv(x[5],add(x[0],x[5])),mul(x[7],x[5])))",True,"not_(less_than_or_equal(pdiv(x[5],x[5]),mul(x[7],add(x[5],x[0]))))",0.3413173652694611,7c95633b720254058803caa0459287d6,0.3413173652694611,False,0.0
8,20,"greater_than_or_equal(x[5], mul(x[5],mul(add(add(add(add(x[7],pdiv(pdiv(mul(x[3],add(x[2],x[7])),x[7]),pdiv(x[5],x[5]))),x[5]),x[2]),mul(sub(x[7],mul(pdiv(add(sub(x[7],x[5]),x[2]),sub(pdiv(x[5],x[3]),x[5])),x[5])),mul(add(add(sub(pdiv(x[2],x[7]),mul(x[7],x[7])),x[5]),x[5]),x[2]))),add(sub(x[7],x[7]),pdiv(x[5],x[3])))))",False,,,edc3f1d4a7b25ffafb60b27c6faa5377,0.6347305389221557,False,0.0
8,20,"not_(less_than_or_equal(add(x[5],x[7]),sub(x[5],mul(x[5],add(add(x[5],x[2]),add(mul(pdiv(x[5],x[2]),x[5]),add(x[3],sub(mul(x[5],add(x[7],x[2])),x[2]))))))))",True,"less_than_or_equal(x[2],x[2])",0.35928143712574845,bd082d42dcba8056510101f18394b575,0.35928143712574845,False,0.0
8,20,"greater_than_or_equal(sub(pdiv(x[5],x[2]),x[7]), x[3])",False,,,6957765b800ac88956a92bec4e7e228e,0.33532934131736525,False,0.0
8,20,"not_(less_than_or_equal(pdiv(x[5],x[7]),add(x[5],mul(pdiv(x[5],x[7]),add(x[5],mul(x[5],add(x[7],mul(add(add(x[0],add(x[5],x[2])),add(sub(x[7],sub(x[3],mul(x[5],x[7]))),add(x[2],x[7]))),x[2]))))))))",False,,,5bc9a80b9963c98b5cd41ff90413b3b0,0.46706586826347307,False,0.0
8,20,"not_(less_than_or_equal(pdiv(mul(x[5],x[5]),x[5]),pdiv(x[7],x[5])))",True,"greater_than_or_equal(mul(x[5],x[5]), x[7])",0.4850299401197605,ad43859d81ce0cbf83f9fb11606e3f7d,0.4850299401197605,False,0.0
8,20,"greater_than_or_equal(pdiv(pdiv(x[5],x[5]),add(pdiv(x[2],mul(x[0],x[5])),x[5])), add(x[7],mul(mul(x[3],x[2]),add(x[5],x[3]))))",False,,,53da307ae64cc802fc29390134b0d71a,0.2694610778443114,False,0.0
8,20,"greater_than_or_equal(sub(pdiv(x[7],x[7]),x[7]), add(mul(x[2],x[5]),mul(x[2],mul(sub(x[7],add(x[3],mul(x[5],x[7]))),add(x[2],x[7])))))",False,,,df89c38617f414edf66c65957ae82e6a,0.32335329341317365,False,0.0
8,20,"less_than_or_equal(x[5],x[3])",True,"less_than_or_equal(x[5],x[3])",0.5089820359281437,1d4d287fbe015bbb313f097e26f5bc37,0.5089820359281437,False,0.0
8,20,"not_(less_than_or_equal(pdiv(mul(x[7],add(x[5],x[5])),x[5]),x[2]))",False,,,2cd91d7c4f9e624085525800ab5d7c53,0.437125748502994,False,0.0
8,20,"greater_than_or_equal(pdiv(x[5],x[5]), add(42.59,x[5]))",True,not_(x[6]),0.6347305389221557,b4068ba57b63c959651c969331c4b5cd,0.6407185628742516,True,0.005988023952095856
8,20,"greater_than_or_equal(pdiv(x[5],sub(x[5],mul(x[7],add(mul(x[7],add(mul(x[7],add(add(add(pdiv(x[3],pdiv(pdiv(mul(x[3],add(x[2],x[7])),x[7]),pdiv(x[5],x[5]))),x[3]),x[5]),x[2])),add(x[2],x[7]))),x[2])))), x[5])",True,"greater_than_or_equal(x[5], mul(x[7],add(x[7],add(x[3],x[2]))))",0.2934131736526946,1af7bd2c0e59084ce1038d0fa1df9be2,0.23353293413173648,True,-0.05988023952095811
8,20,"greater_than_or_equal(pdiv(x[5],add(x[2],add(x[2],x[3]))), add(pdiv(mul(x[3],x[7]),add(x[2],x[7])),pdiv(x[3],x[7])))",False,,,ee0b4e1e469a0fc0e1d4a8f542796318,0.6287425149700598,False,0.0
8,20,"greater_than_or_equal(x[5], mul(x[7],add(x[5],x[7])))",True,"greater_than_or_equal(x[5], mul(x[7],add(x[7],x[5])))",0.22754491017964074,051dec5cdded21754165aaf5f887a47e,0.22754491017964074,False,0.0
8,20,"not_(greater_than_or_equal(mul(x[5],pdiv(pdiv(x[5],x[7]),add(x[5],mul(x[2],add(x[7],x[5]))))), add(x[0],add(x[5],x[2]))))",False,,,eb66869b4fb9a2cece812f44e2ec645b,0.718562874251497,False,0.0
8,20,"not_(less_than_or_equal(x[3],x[7]))",True,"greater_than_or_equal(x[3], x[7])",0.33532934131736525,176c0c35833bc4ae980b10cd773d9ebc,0.33532934131736525,False,0.0
8,20,"not_(less_than_or_equal(pdiv(x[2],mul(add(x[2],x[2]),x[2])),x[5]))",True,"not_(less_than_or_equal(pdiv(x[5],add(x[2],x[2])),mul(x[5],x[5])))",0.32335329341317365,3fddbd4dc60a7c93921f62a065786c93,0.3173652694610778,True,-0.005988023952095856
8,20,"not_(less_than_or_equal(pdiv(x[5],x[7]),add(add(x[5],add(x[3],add(x[7],x[7]))),add(x[5],pdiv(add(x[7],x[2]),add(x[0],x[7]))))))",True,"not_(less_than_or_equal(pdiv(x[5],04.61),x[7]))",0.5389221556886228,a7cacbe6ce22cd2e14b847dca3a88aa5,0.5209580838323353,True,-0.017964071856287456
8,20,"greater_than_or_equal(pdiv(x[2],mul(x[5],x[5])), add(x[5],add(x[0],x[7])))",False,,,c28623cb278fa20c31155d0010f679e9,0.5029940119760479,False,0.0
8,20,"less_than_or_equal(x[3],mul(x[5],x[5]))",True,"less_than_or_equal(pdiv(x[3],x[5]),x[5])",0.6287425149700598,a6fb1268003a290d4c90eb45635e0375,0.6287425149700598,False,0.0
8,20,"greater_than_or_equal(pdiv(x[5],sub(x[7],x[3])), 95.24)",False,,,ba19007e087effce903fa62d3564e852,0.6167664670658682,False,0.0
8,20,"greater_than_or_equal(pdiv(x[5],mul(pdiv(x[7],x[5]),add(x[2],mul(sub(sub(x[0],x[2]),mul(x[3],add(x[2],x[5]))),x[2])))), x[5])",False,,,20693e2225938853291f8637dc69bfd9,0.2455089820359282,False,0.0
8,20,"greater_than_or_equal(sub(add(x[5],x[7]),add(mul(x[2],x[5]),mul(x[2],add(sub(x[7],sub(x[3],mul(x[0],x[7]))),add(x[2],x[7]))))), x[2])",False,,,fd6590c204bc3e8953075d7b852ddafd,0.33532934131736525,False,0.0
8,20,"greater_than_or_equal(sub(pdiv(x[7],x[7]),x[7]), mul(x[7],add(x[7],x[2])))",True,"not_(less_than_or_equal(pdiv(x[5],x[7]),add(x[5],mul(x[5],add(add(x[7],x[0]),x[2])))))",0.23353293413173648,40d19945513b721f8a7891f4912df659,0.20958083832335328,True,-0.0239520958083832
8,20,"greater_than_or_equal(x[5], mul(x[7],add(x[5],x[2])))",True,"greater_than_or_equal(x[5], mul(x[7],add(x[5],x[2])))",0.23353293413173648,49521aab13419e9d4582e656c37790ef,0.23353293413173648,False,0.0
8,20,"greater_than_or_equal(x[5], mul(x[7],add(x[5],add(mul(pdiv(x[3],x[5]),x[5]),add(x[2],x[5])))))",True,"greater_than_or_equal(x[5], mul(x[7],add(x[5],pdiv(x[5],x[5]))))",0.33532934131736525,fa01caa917a58bbda28cb775016b8bd1,0.3772455089820359,True,0.041916167664670656
8,20,"greater_than_or_equal(x[5], mul(sub(mul(x[7],add(x[2],x[7])),x[5]),x[5]))",True,"greater_than_or_equal(x[5], mul(x[5],mul(x[7],add(sub(sub(sub(x[3],x[5]),x[5]),x[2]),add(sub(x[7],sub(x[5],mul(x[5],x[5]))),add(x[5],x[2]))))))",0.34730538922155685,2160066b40ce3c2741bb6618d4344dec,0.34730538922155685,False,0.0
8,20,"greater_than_or_equal(x[5], mul(x[5],add(x[7],x[0])))",True,"greater_than_or_equal(x[3], mul(add(x[7],x[0]),x[3]))",0.31137724550898205,f5bf9aebb388af6a7cbda4724b01f693,0.31137724550898205,False,0.0
8,20,"not_(greater_than_or_equal(pdiv(x[5],x[5]), add(64.50,x[2])))",True,"less_than_or_equal(x[2],x[2])",0.35928143712574845,bd082d42dcba8056510101f18394b575,0.35928143712574845,False,0.0
8,20,"greater_than_or_equal(x[5], mul(x[7],add(add(sub(x[2],x[7]),add(x[5],add(x[2],x[3]))),x[5])))",False,,,50e96eff18c9b516d5cd13739ef81d99,0.33532934131736525,False,0.0
8,20,"greater_than_or_equal(x[5], mul(x[7],add(add(sub(x[2],x[2]),add(x[5],x[7])),x[2])))",True,"not_(less_than_or_equal(pdiv(x[3],x[7]),add(x[7],pdiv(x[3],x[5]))))",0.3293413173652695,74dce5cb961f14b3bdac896efda7926c,0.281437125748503,True,-0.04790419161676651
8,20,"greater_than_or_equal(pdiv(x[0],sub(x[5],mul(x[7],add(mul(x[7],add(mul(x[7],add(add(add(add(x[7],pdiv(pdiv(mul(x[3],add(x[2],x[7])),x[7]),pdiv(x[5],x[5]))),x[3]),x[5]),x[7])),add(x[2],x[7]))),x[2])))), add(pdiv(pdiv(x[3],add(pdiv(x[3],pdiv(x[7],add(x[2],x[7]))),pdiv(x[3],x[7]))),x[3]),x[5]))",False,,,cefd8d1be21777210df4fcddc6918571,0.5868263473053892,False,0.0
8,20,"greater_than_or_equal(x[5], mul(add(mul(add(x[7],x[5]),mul(x[2],add(x[7],x[5]))),add(x[0],add(x[5],x[2]))),add(sub(x[7],sub(x[3],x[5])),mul(x[7],sub(x[2],x[7])))))",False,,,1d4063424f31e6385a863a48e9c9dcfb,0.29940119760479045,False,0.0
8,20,"not_(less_than_or_equal(pdiv(x[5],x[7]),sub(x[3],x[3])))",True,"less_than_or_equal(x[2],x[2])",0.35928143712574845,bd082d42dcba8056510101f18394b575,0.3652694610778443,True,0.005988023952095856
8,20,"greater_than_or_equal(sub(pdiv(x[7],add(mul(x[7],mul(mul(x[2],x[5]),mul(x[2],mul(sub(x[7],sub(x[3],mul(x[5],x[7]))),add(x[2],x[3]))))),x[2])),add(x[2],x[3])), add(pdiv(x[3],pdiv(x[7],add(x[2],x[7]))),pdiv(x[3],x[7])))",False,,,331a0058341665cf03fb8a9bd608d4e7,0.562874251497006,False,0.0
8,20,"greater_than_or_equal(sub(pdiv(pdiv(x[5],x[7]),x[7]),mul(add(x[5],add(x[7],x[0])),pdiv(x[5],pdiv(pdiv(add(x[2],x[3]),x[5]),x[5])))), add(x[2],x[5]))",True,"greater_than_or_equal(sub(pdiv(pdiv(x[5],x[7]),x[7]),mul(add(x[5],add(x[7],x[0])),pdiv(x[5],pdiv(pdiv(add(x[2],x[3]),x[5]),x[5])))), add(x[2],x[5]))",0.21556886227544914,0a3991074de968b032cf316a167a3e86,0.21556886227544914,False,0.0
8,20,"greater_than_or_equal(x[5], x[3])",True,"less_than_or_equal(mul(sub(x[7],x[0]),pdiv(x[7],25.93)),pdiv(x[7],sub(mul(x[3],x[5]),mul(x[3],x[3]))))",0.5089820359281437,8ad7ccd0e2bcf51cfea619f1321f2792,0.5089820359281437,False,0.0
8,20,"greater_than_or_equal(x[5], mul(mul(x[7],add(x[7],x[2])),add(x[5],x[5])))",True,"greater_than_or_equal(x[5], mul(x[7],add(pdiv(x[7],sub(x[3],sub(pdiv(x[3],mul(x[7],add(x[7],x[2]))),x[3]))),x[5])))",0.22155688622754488,3d8079df8b8965df5019ae28ea17d3ad,0.21556886227544914,True,-0.0059880239520957446
8,20,"greater_than_or_equal(sub(x[5],x[2]), x[5])",True,"greater_than_or_equal(pdiv(mul(x[5],x[2]),pdiv(x[2],x[5])), add(sub(x[7],x[7]),add(x[5],x[0])))",0.6107784431137724,ec48eb4aba9f475884bcf9e8f28adadc,0.6167664670658682,True,0.005988023952095856
8,20,"greater_than_or_equal(sub(pdiv(pdiv(x[5],x[5]),x[7]),x[2]), x[5])",True,"not_(greater_than_or_equal(mul(x[7],add(x[5],x[2])), add(sub(x[7],x[7]),pdiv(x[5],x[5]))))",0.2934131736526946,0626717d313f6c0bc6513f2ca4ff096e,0.2934131736526946,False,0.0
8,20,"greater_than_or_equal(sub(x[7],add(x[2],09.84)), x[3])",True,not_(x[6]),0.6347305389221557,b4068ba57b63c959651c969331c4b5cd,0.6407185628742516,True,0.005988023952095856
8,20,"greater_than_or_equal(pdiv(x[2],add(x[7],x[0])), x[2])",True,"greater_than_or_equal(x[3], mul(add(x[7],x[0]),x[3]))",0.31137724550898205,f5bf9aebb388af6a7cbda4724b01f693,0.31137724550898205,False,0.0
8,20,"greater_than_or_equal(x[5], mul(x[7],add(mul(x[0],add(x[2],x[5])),add(add(pdiv(x[0],x[5]),add(x[7],x[5])),x[3]))))",True,"greater_than_or_equal(sub(pdiv(x[5],x[7]),add(x[5],pdiv(add(mul(pdiv(x[2],x[5]),add(x[2],x[5])),x[7]),pdiv(x[5],x[5])))), x[5])",0.3652694610778443,277e57b48c2ba30f5693c21858757cda,0.3532934131736527,True,-0.0119760479041916
8,20,"greater_than_or_equal(x[5], mul(x[7],add(x[5],mul(mul(pdiv(pdiv(x[0],x[5]),x[7]),pdiv(x[5],x[5])),x[5]))))",False,,,5e6dd36bc6c436d68573a4f95116cb85,0.32335329341317365,False,0.0
8,20,"greater_than_or_equal(pdiv(59.48,x[5]), x[5])",True,"less_than_or_equal(x[2],x[2])",0.35928143712574845,bd082d42dcba8056510101f18394b575,0.35928143712574845,False,0.0
8,20,"greater_than_or_equal(sub(pdiv(x[7],x[5]),mul(x[7],mul(x[5],x[5]))), x[3])",False,,,ecfc871d31e1cf39f9ffa3f79761f2b3,0.5329341317365269,False,0.0
8,20,"not_(less_than_or_equal(pdiv(x[5],x[7]),add(x[5],mul(pdiv(mul(x[5],x[5]),x[5]),pdiv(x[5],x[2])))))",True,"greater_than_or_equal(pdiv(mul(x[5],x[5]),add(x[5],x[2])), mul(x[7],pdiv(mul(x[5],x[5]),x[2])))",0.45508982035928147,1aa72631d9506d6f773968a7aea65b84,0.45508982035928147,False,0.0
8,20,"greater_than_or_equal(x[5], mul(x[5],x[5]))",True,"less_than_or_equal(x[2],x[2])",0.35928143712574845,bd082d42dcba8056510101f18394b575,0.35928143712574845,False,0.0
8,20,"not_(or_(less_than_or_equal(x[7],pdiv(x[5],mul(mul(x[2],add(sub(x[7],x[5]),x[2])),x[5]))),and_(x[6],greater_than_or_equal(mul(x[7],pdiv(x[7],add(x[2],x[5]))), x[7]))))",False,,,7e0a5eed5682753b48e009db35ab4fd3,0.4131736526946108,False,0.0
8,20,"greater_than_or_equal(pdiv(x[5],mul(x[7],add(x[5],add(x[2],30.45)))), x[2])",False,,,bf073e6e0f37765543641da37b15910f,0.5209580838323353,False,0.0
8,20,"greater_than_or_equal(pdiv(x[7],x[5]), add(x[2],x[5]))",True,"not_(less_than_or_equal(pdiv(x[7],x[5]),add(x[5],x[2])))",0.5209580838323353,330fc634ea36064ef3797fa341995bd5,0.5209580838323353,False,0.0
8,20,"greater_than_or_equal(pdiv(x[5],x[5]), add(x[7],x[7]))",True,"greater_than_or_equal(x[5], mul(x[7],add(x[5],x[5])))",0.2455089820359282,9545aae94dd0fcb8b281ddfedf2da4e6,0.2455089820359282,False,0.0
8,20,"greater_than_or_equal(pdiv(x[5],add(x[3],x[7])), mul(x[7],pdiv(x[5],x[7])))",True,"not_(less_than_or_equal(pdiv(x[5],x[5]),add(x[3],x[7])))",0.3053892215568862,f67f6bf2e1ea1a89d765b78348c25a54,0.3053892215568862,False,0.0
8,20,"greater_than_or_equal(x[5], mul(x[7],mul(pdiv(x[5],x[5]),sub(sub(x[2],sub(x[5],mul(x[7],add(x[7],add(pdiv(mul(x[5],pdiv(60.69,sub(x[5],x[2]))),add(pdiv(mul(x[5],x[5]),pdiv(x[3],x[7])),x[2])),pdiv(pdiv(x[7],x[2]),x[2])))))),x[5]))))",False,,,ea6992e1369fc02380b8e6678ab31c79,0.6586826347305389,False,0.0
8,20,"greater_than_or_equal(x[7], mul(x[7],mul(add(pdiv(x[5],sub(pdiv(pdiv(mul(x[7],mul(x[3],x[7])),add(x[2],pdiv(pdiv(sub(x[5],x[5]),add(x[3],x[7])),x[5]))),mul(x[7],mul(x[5],x[5]))),x[3])),x[5]),add(x[5],x[2]))))",False,,,40cd8d360f54867cb6a82d7322ae9b1d,0.4011976047904192,False,0.0
8,20,"greater_than_or_equal(add(mul(add(x[7],mul(x[7],add(x[5],x[7]))),pdiv(x[5],x[5])),x[5]), x[2])",True,"greater_than_or_equal(x[5], mul(x[7],sub(x[2],add(sub(x[7],x[7]),x[7]))))",0.34730538922155685,fdd3289d4c2f5a78cb7698e14a9948c1,0.37125748502994016,True,0.02395209580838331
8,20,"greater_than_or_equal(pdiv(x[3],mul(x[7],add(x[5],add(x[5],x[2])))), add(sub(x[7],sub(x[3],mul(x[5],x[7]))),add(x[2],x[7])))",False,,,a16c8d777ccb853321500c2ca582b9eb,0.3053892215568862,False,0.0
8,20,"greater_than_or_equal(x[5], mul(x[5],add(pdiv(mul(mul(mul(x[5],x[0]),sub(sub(x[2],x[2]),x[5])),x[5]),mul(x[7],mul(x[7],x[7]))),add(x[0],add(x[3],x[3])))))",False,,,e223990a766811eb0c9c6b33cada6137,0.44311377245508987,False,0.0
8,20,"less_than_or_equal(pdiv(x[5],mul(x[7],add(x[5],add(x[2],x[3])))),x[5])",False,,,071807eaf36833bf9af765a93f27ac5b,0.7544910179640718,False,0.0
8,20,"greater_than_or_equal(x[5], mul(x[7],add(mul(add(x[5],x[7]),mul(x[2],x[3])),x[7])))",True,"greater_than_or_equal(x[5], mul(add(mul(add(x[5],x[7]),mul(x[2],x[3])),x[7]),x[7]))",0.29940119760479045,3acd53982745e31083f647aae9b19a8e,0.29940119760479045,False,0.0
8,20,"greater_than_or_equal(x[5], mul(add(mul(add(x[5],x[7]),mul(x[2],pdiv(add(x[0],x[5]),x[5]))),x[5]),x[3]))",False,,,6e178715ad7e6678794016d921034316,0.3293413173652695,False,0.0
8,20,"greater_than_or_equal(pdiv(x[5],x[2]), x[5])",True,"not_(greater_than_or_equal(mul(x[7],x[2]), x[7]))",0.34730538922155685,f69cf4961d82af0c72c0014d2a401904,0.34730538922155685,False,0.0
8,20,"greater_than_or_equal(pdiv(x[5],x[5]), pdiv(x[5],add(x[7],x[2])))",True,"not_(less_than_or_equal(pdiv(x[7],pdiv(x[5],pdiv(add(x[2],x[5]),x[5]))),x[5]))",0.5508982035928144,cbce40b0a97fa22123e726dc7d433003,0.6107784431137724,True,0.059880239520958
8,20,"not_(less_than_or_equal(x[3],mul(x[5],add(mul(x[5],sub(x[7],x[2])),x[5]))))",False,,,07ca40f4d28f9b9de170e8924a927a1b,0.37125748502994016,False,0.0
8,20,"greater_than_or_equal(pdiv(x[5],add(x[7],add(x[2],x[2]))), x[5])",True,"not_(less_than_or_equal(pdiv(x[5],x[5]),add(mul(x[2],pdiv(mul(add(x[7],add(x[3],x[2])),x[7]),mul(x[7],x[2]))),sub(x[2],x[3]))))",0.2455089820359282,1c296f51222749b127710200c19a9508,0.2455089820359282,False,0.0
8,20,"not_(greater_than_or_equal(pdiv(x[5],x[5]), x[5]))",True,not_(x[6]),0.6347305389221557,b4068ba57b63c959651c969331c4b5cd,0.6407185628742516,True,0.005988023952095856
8,20,"not_(less_than_or_equal(pdiv(x[5],x[7]),add(x[5],mul(x[2],add(x[7],add(x[5],x[2]))))))",True,"greater_than_or_equal(x[5], mul(x[7],add(x[5],add(x[2],mul(x[5],x[2])))))",0.20958083832335328,63d6db81d5c86166a1d96bbc3a2c6665,0.20958083832335328,False,0.0
8,20,"less_than_or_equal(x[5],mul(x[5],x[7]))",True,"greater_than_or_equal(x[3], pdiv(x[3],x[7]))",0.5988023952095809,544e9f57eeb7aee70ddd2795444ac73a,0.5988023952095809,False,0.0
8,20,"not_(less_than_or_equal(pdiv(add(mul(mul(x[5],mul(x[7],add(pdiv(sub(add(x[2],x[7]),x[2]),x[5]),mul(x[7],add(x[7],x[5]))))),x[3]),x[5]),x[5]),x[7]))",True,"less_than_or_equal(x[2],x[2])",0.35928143712574845,bd082d42dcba8056510101f18394b575,0.35928143712574845,False,0.0
8,20,"greater_than_or_equal(sub(pdiv(x[5],x[2]),x[7]), x[2])",True,"greater_than_or_equal(pdiv(x[5],x[5]), add(add(x[2],mul(x[2],mul(sub(x[7],x[7]),pdiv(x[5],x[5])))),mul(mul(x[7],x[2]),sub(pdiv(add(x[7],x[2]),x[5]),x[5]))))",0.2934131736526946,b2764a6f3ef5bc579589eb89668b6cf5,0.29940119760479045,True,0.005988023952095856
8,20,"not_(less_than_or_equal(pdiv(x[5],add(x[2],x[7])),add(x[2],x[5])))",False,,,b7cfdda3b7c9a73a0fca213dd30831b4,0.29940119760479045,False,0.0
8,20,"greater_than_or_equal(x[5], mul(add(mul(add(x[5],pdiv(x[2],x[2])),mul(x[7],add(x[5],x[5]))),x[2]),add(sub(x[7],x[7]),pdiv(x[5],x[5]))))",False,,,4d7ea8538cfe0c88dabafc09013f7f23,0.47904191616766467,False,0.0
8,20,"greater_than_or_equal(pdiv(x[5],add(x[3],x[7])), add(sub(sub(x[5],sub(44.79,sub(add(mul(x[5],sub(sub(x[7],x[2]),x[2])),x[2]),x[5]))),mul(x[7],add(x[7],x[5]))),x[5]))",True,"less_than_or_equal(x[2],x[2])",0.35928143712574845,bd082d42dcba8056510101f18394b575,0.35928143712574845,False,0.0
8,20,"not_(less_than_or_equal(pdiv(x[5],x[7]),add(x[5],mul(x[3],x[7]))))",True,"not_(less_than_or_equal(pdiv(x[5],x[7]),add(x[5],mul(x[3],x[7]))))",0.2694610778443114,c288197d5291f51d0db62e8ca5e3e812,0.2694610778443114,False,0.0
8,20,"not_(less_than_or_equal(pdiv(x[5],add(x[2],x[7])),add(x[2],mul(mul(x[5],x[5]),x[2]))))",False,,,e8416c2fb71a3a71a319df2a39c63cbe,0.26347305389221554,False,0.0
8,20,"greater_than_or_equal(pdiv(x[5],x[5]), add(sub(x[2],x[5]),x[5]))",True,"not_(greater_than_or_equal(mul(x[7],x[2]), x[7]))",0.34730538922155685,f69cf4961d82af0c72c0014d2a401904,0.34730538922155685,False,0.0
8,20,"not_(less_than_or_equal(x[2],pdiv(add(add(x[7],x[0]),x[2]),x[3])))",True,not_(x[6]),0.6347305389221557,b4068ba57b63c959651c969331c4b5cd,0.6407185628742516,True,0.005988023952095856
8,20,"greater_than_or_equal(x[5], mul(x[7],add(x[5],x[3])))",True,"greater_than_or_equal(x[5], mul(x[7],add(x[5],x[3])))",0.3053892215568862,0947741ceb5018f757b589e69907d867,0.3053892215568862,False,0.0
8,20,"not_(greater_than_or_equal(mul(x[5],x[3]), x[3]))",True,"not_(less_than_or_equal(pdiv(x[5],x[5]),x[5]))",0.31137724550898205,774eb80249c37c32f486ae194a31e639,0.3173652694610778,True,0.0059880239520957446
8,20,"greater_than_or_equal(mul(add(mul(x[5],add(mul(x[7],mul(x[5],x[2])),x[3])),x[5]),add(x[5],x[2])), x[5])",False,,,3e7495bd9865b0ff17aa42b0adc56c48,0.562874251497006,False,0.0
8,20,"greater_than_or_equal(x[5], mul(x[7],add(x[5],x[2])))",True,"greater_than_or_equal(x[5], mul(x[7],add(x[5],x[2])))",0.23353293413173648,49521aab13419e9d4582e656c37790ef,0.23353293413173648,False,0.0
8,20,"greater_than_or_equal(x[5], add(x[0],x[7]))",True,"not_(less_than_or_equal(x[5],mul(add(x[0],x[7]),pdiv(x[5],x[5]))))",0.3772455089820359,0f7386cc457ca3b9686048078d9e826b,0.3772455089820359,False,0.0
8,20,"greater_than_or_equal(pdiv(x[5],x[5]), add(x[5],x[2]))",True,"not_(less_than_or_equal(pdiv(x[5],x[5]),add(x[5],x[2])))",0.2455089820359282,5825d6d8d32996f2f81bb41cc0bfa92f,0.2455089820359282,False,0.0
8,20,"not_(less_than_or_equal(pdiv(x[5],x[7]),add(add(x[5],add(x[2],x[5])),x[7])))",True,"greater_than_or_equal(x[5], mul(x[7],add(x[5],pdiv(x[5],x[5]))))",0.33532934131736525,fa01caa917a58bbda28cb775016b8bd1,0.3173652694610778,True,-0.017964071856287456
8,20,"greater_than_or_equal(pdiv(x[5],add(x[3],x[7])), pdiv(x[7],add(x[5],x[7])))",False,,,1180c2c5d1eea4c48455de687a3a83d0,0.4131736526946108,False,0.0
8,20,"greater_than_or_equal(x[5], mul(pdiv(x[5],sub(x[0],x[7])),x[2]))",True,"greater_than_or_equal(x[5], mul(add(mul(add(pdiv(x[7],sub(x[3],sub(pdiv(x[3],x[7]),x[7]))),add(x[5],x[3])),x[0]),mul(x[7],x[0])),sub(pdiv(x[5],x[7]),x[5])))",0.4610778443113772,b7479a41c8896a2d8de63dc68cab1fa6,0.41916167664670656,True,-0.041916167664670656
8,20,"greater_than_or_equal(sub(mul(mul(mul(x[7],sub(x[3],x[0])),x[2]),add(sub(x[7],mul(x[5],69.44)),sub(x[7],x[3]))),pdiv(mul(x[3],mul(sub(x[0],sub(x[3],mul(x[5],04.19))),sub(x[2],add(x[2],x[3])))),add(pdiv(x[2],pdiv(x[7],add(x[2],x[7]))),sub(x[7],mul(add(x[5],add(x[3],x[7])),mul(x[7],add(x[5],x[7]))))))), pdiv(x[5],x[5]))",False,,,4daef74c6fe585d1bea56443e2f8b8ca,0.562874251497006,False,0.0
8,20,"greater_than_or_equal(pdiv(x[5],x[5]), add(x[2],x[7]))",True,"less_than_or_equal(add(mul(x[7],pdiv(x[5],x[5])),x[2]),add(sub(x[7],x[7]),pdiv(69.44,sub(x[3],x[3]))))",0.19161676646706582,14c6e007ad625f3839f568e9ee8a86e1,0.19161676646706582,False,0.0
8,20,"not_(less_than_or_equal(pdiv(x[5],add(x[2],x[7])),add(x[7],x[2])))",True,"not_(less_than_or_equal(pdiv(x[5],add(x[2],x[7])),add(x[2],x[7])))",0.2694610778443114,080245d0c5557c2b7fe695c6972120c2,0.2694610778443114,False,0.0
8,20,"greater_than_or_equal(x[3], mul(x[5],mul(x[7],add(add(x[2],x[5]),mul(x[7],add(x[0],add(add(x[2],x[3]),add(x[2],x[5]))))))))",True,"greater_than_or_equal(sub(pdiv(x[3],x[7]),mul(x[5],add(x[2],x[5]))), x[5])",0.3293413173652695,cdea426fb8729e21fdc10ebd1a9b5272,0.31137724550898205,True,-0.017964071856287456
8,20,"greater_than_or_equal(x[5], mul(x[5],x[2]))",True,"not_(greater_than_or_equal(mul(x[7],x[2]), x[7]))",0.34730538922155685,f69cf4961d82af0c72c0014d2a401904,0.34730538922155685,False,0.0
8,20,"greater_than_or_equal(mul(x[5],x[5]), x[2])",True,"greater_than_or_equal(mul(x[5],x[5]), x[2])",0.43113772455089816,27c9a0656cbf90b6dfaeb7687812c890,0.43113772455089816,False,0.0
8,20,"greater_than_or_equal(x[5], mul(x[7],mul(x[3],x[7])))",True,"less_than_or_equal(mul(x[3],x[7]),pdiv(x[5],x[7]))",0.33532934131736525,115d9de2e8f1cf584c1a290a69da8222,0.33532934131736525,False,0.0
8,20,"not_(greater_than_or_equal(x[5], mul(x[7],add(mul(59.48,x[5]),x[5]))))",True,"less_than_or_equal(x[2],x[2])",0.35928143712574845,bd082d42dcba8056510101f18394b575,0.3772455089820359,True,0.017964071856287456
8,20,"greater_than_or_equal(mul(x[5],x[3]), x[3])",True,"greater_than_or_equal(x[5], pdiv(x[2],x[2]))",0.688622754491018,d77781efe7d80c80545f6897faedc30c,0.6826347305389222,True,-0.0059880239520957446
8,20,"greater_than_or_equal(x[3], mul(x[7],add(x[5],mul(add(add(pdiv(x[2],mul(x[0],x[5])),x[5]),add(x[7],mul(add(x[5],add(x[2],x[2])),x[0]))),add(add(x[2],x[3]),add(x[2],x[5]))))))",False,,,bbf7f1c91efea1027e463a00a66b1a8f,0.5269461077844311,False,0.0
8,20,"greater_than_or_equal(pdiv(x[5],x[5]), add(sub(x[2],x[7]),x[2]))",False,,,0f849698e5042642fb1773a00d8fe2da,0.31137724550898205,False,0.0
8,20,"greater_than_or_equal(sub(pdiv(x[7],add(mul(x[3],x[7]),x[7])),add(x[7],x[2])), x[7])",False,,,4b12d273d7cfc7d4e48dc486c13d141c,0.4131736526946108,False,0.0
8,20,"greater_than_or_equal(x[5], mul(x[5],x[7]))",True,"less_than_or_equal(x[2],x[2])",0.35928143712574845,bd082d42dcba8056510101f18394b575,0.35928143712574845,False,0.0
8,20,"not_(less_than_or_equal(pdiv(pdiv(x[5],x[2]),mul(x[2],add(x[2],x[2]))),x[5]))",True,"greater_than_or_equal(pdiv(pdiv(x[5],x[5]),x[2]), add(sub(x[7],sub(x[5],mul(x[5],x[5]))),add(x[0],x[2])))",0.3053892215568862,1aca9d23cabcfa7cd4770bd148b80789,0.31137724550898205,True,0.005988023952095856
8,20,"not_(less_than_or_equal(pdiv(x[5],x[5]),add(mul(x[5],add(pdiv(add(sub(x[7],mul(sub(mul(mul(sub(x[7],add(pdiv(add(sub(x[7],pdiv(sub(x[2],sub(pdiv(x[5],x[3]),x[5])),x[5])),mul(add(pdiv(x[5],x[2]),x[7]),mul(x[7],x[7]))),x[0]),48.89)),add(x[7],add(x[2],x[7]))),pdiv(add(x[7],x[2]),x[5])),x[5]),add(x[7],x[3]))),add(pdiv(x[5],add(pdiv(add(x[2],x[5]),x[5]),mul(x[2],x[2]))),x[7])),x[7]),add(sub(x[7],sub(mul(x[7],x[0]),sub(pdiv(x[5],x[7]),x[3]))),x[7]))),x[5])))",True,"less_than_or_equal(sub(pdiv(x[5],x[2]),mul(x[7],x[0])),mul(mul(x[3],x[2]),sub(x[5],x[2])))",0.6467065868263473,64a044af0d7ad5746f97e0885e2b3f57,0.6407185628742516,True,-0.0059880239520957446
8,20,"greater_than_or_equal(x[2], x[5])",True,"less_than_or_equal(x[5],x[2])",0.652694610778443,6fb17002302e404122653cf2c68db553,0.652694610778443,False,0.0
8,20,"greater_than_or_equal(add(mul(x[7],add(x[5],x[2])),sub(x[3],mul(x[5],x[7]))), add(x[2],x[7]))",False,,,15f0786d9157b77e1ffc51b16e9bf6fe,0.35928143712574845,False,0.0
8,20,"greater_than_or_equal(add(add(x[2],mul(x[2],add(sub(x[7],x[7]),pdiv(x[5],x[5])))),mul(mul(x[7],x[2]),sub(pdiv(add(x[7],x[2]),x[5]),x[5]))), add(x[7],x[3]))",False,,,6757b98208763c4af2e2528ca598d744,0.6407185628742516,False,0.0
8,20,"greater_than_or_equal(pdiv(x[5],x[2]), x[5])",True,"not_(greater_than_or_equal(mul(x[7],x[2]), x[7]))",0.34730538922155685,f69cf4961d82af0c72c0014d2a401904,0.34730538922155685,False,0.0
8,20,"greater_than_or_equal(x[5], mul(x[7],add(pdiv(add(x[2],add(x[7],x[7])),add(x[2],x[2])),x[5])))",True,"greater_than_or_equal(x[5], mul(x[7],add(x[2],add(pdiv(mul(x[5],mul(x[7],add(x[5],x[2]))),x[2]),x[7]))))",0.34730538922155685,45a3bfc9262a1c3de1cb0b4c6ae02999,0.44311377245508987,True,0.09580838323353302
8,20,"greater_than_or_equal(pdiv(x[3],mul(x[5],x[7])), add(96.35,x[5]))",True,"less_than_or_equal(sub(pdiv(x[5],x[2]),mul(x[7],x[0])),mul(mul(x[3],x[2]),sub(x[5],x[2])))",0.6467065868263473,64a044af0d7ad5746f97e0885e2b3f57,0.6467065868263473,False,0.0
8,20,"greater_than_or_equal(pdiv(x[5],add(pdiv(add(x[5],x[2]),add(x[5],x[2])),x[5])), add(add(sub(x[7],sub(x[7],x[5])),add(x[2],x[7])),x[3]))",True,not_(x[6]),0.6347305389221557,b4068ba57b63c959651c969331c4b5cd,0.6407185628742516,True,0.005988023952095856
8,20,"greater_than_or_equal(pdiv(x[5],mul(x[3],x[5])), mul(x[3],x[5]))",True,"less_than_or_equal(x[2],x[2])",0.35928143712574845,bd082d42dcba8056510101f18394b575,0.35928143712574845,False,0.0
8,20,"greater_than_or_equal(x[5], mul(x[7],add(x[5],x[2])))",True,"greater_than_or_equal(x[5], mul(x[7],add(x[5],x[2])))",0.23353293413173648,49521aab13419e9d4582e656c37790ef,0.23353293413173648,False,0.0
8,20,"not_(less_than_or_equal(pdiv(x[5],x[5]),add(mul(x[5],add(x[7],x[2])),add(x[2],x[2]))))",True,"not_(less_than_or_equal(pdiv(x[5],x[5]),add(mul(x[5],add(x[7],x[2])),add(x[2],x[2]))))",0.18562874251497008,7dd04de0f09dcb78fab13d4ca363e3e0,0.2857142857142857,True,0.10008554319931562
8,21,"greater_than_or_equal(x[5], sub(add(x[2],x[7]),x[7]))",True,"not_(not_(less_than_or_equal(x[2],x[5])))",0.34730538922155685,4af53f79d9ad2ffac455113b88a02dd4,0.34730538922155685,False,0.0
8,21,"greater_than_or_equal(x[5], pdiv(add(x[2],mul(mul(x[7],add(x[5],x[5])),x[5])),x[2]))",True,not_(x[6]),0.6347305389221557,b4068ba57b63c959651c969331c4b5cd,0.6407185628742516,True,0.005988023952095856
8,21,"greater_than_or_equal(x[5], mul(mul(x[5],mul(x[3],add(add(x[0],x[7]),mul(add(x[5],x[5]),x[5])))),x[0]))",True,"not_(less_than_or_equal(pdiv(x[5],x[5]),add(x[0],mul(pdiv(x[2],x[2]),mul(x[7],mul(x[3],x[3]))))))",0.3532934131736527,d78c302c6226bcc966005edf2f045a66,0.3532934131736527,False,0.0
8,21,"greater_than_or_equal(sub(pdiv(x[7],x[7]),x[7]), pdiv(x[5],x[5]))",True,not_(x[6]),0.6347305389221557,b4068ba57b63c959651c969331c4b5cd,0.6407185628742516,True,0.005988023952095856
8,21,"greater_than_or_equal(sub(pdiv(x[5],x[7]),x[5]), mul(x[2],pdiv(pdiv(mul(x[2],x[2]),sub(add(add(x[5],x[7]),x[2]),add(x[2],x[3]))),add(pdiv(x[3],pdiv(x[7],add(x[2],x[7]))),pdiv(x[3],x[7])))))",False,,,874faf9e7a556cbc5061ca2014136ef0,0.31137724550898205,False,0.0
8,21,"greater_than_or_equal(x[5], mul(x[5],sub(x[7],add(add(x[2],x[5]),mul(x[7],add(x[7],mul(x[5],x[2])))))))",True,"less_than_or_equal(x[2],x[2])",0.35928143712574845,bd082d42dcba8056510101f18394b575,0.35928143712574845,False,0.0
8,21,"greater_than_or_equal(sub(pdiv(x[2],mul(mul(x[5],x[2]),x[5])),x[2]), mul(x[7],add(mul(x[5],mul(add(x[2],add(x[7],x[7])),x[2])),x[0])))",False,,,d0686faaceb5dbe0244aae8c6a7aba7e,0.29940119760479045,False,0.0
8,21,"less_than_or_equal(x[2],x[5])",True,"not_(not_(less_than_or_equal(x[2],x[5])))",0.34730538922155685,4af53f79d9ad2ffac455113b88a02dd4,0.34730538922155685,False,0.0
8,21,"greater_than_or_equal(add(mul(x[7],add(mul(mul(x[7],add(x[7],x[5])),add(add(x[5],pdiv(x[3],x[7])),add(x[5],x[2]))),sub(x[3],mul(x[5],x[7])))),add(x[2],x[7])), x[2])",True,"less_than_or_equal(x[2],x[2])",0.35928143712574845,bd082d42dcba8056510101f18394b575,0.35928143712574845,False,0.0
8,21,"greater_than_or_equal(pdiv(add(pdiv(add(x[2],x[5]),mul(x[0],pdiv(pdiv(x[7],sub(pdiv(x[5],x[7]),sub(x[5],mul(x[5],x[5])))),add(x[7],x[2])))),x[3]),x[5]), add(x[3],add(sub(x[3],x[7]),x[5])))",True,"less_than_or_equal(x[2],x[2])",0.35928143712574845,bd082d42dcba8056510101f18394b575,0.35928143712574845,False,0.0
8,21,"greater_than_or_equal(pdiv(x[5],x[2]), x[5])",True,"not_(greater_than_or_equal(mul(x[7],x[2]), x[7]))",0.34730538922155685,f69cf4961d82af0c72c0014d2a401904,0.34730538922155685,False,0.0
8,21,"less_than_or_equal(sub(x[2],x[5]),x[5])",True,"less_than_or_equal(sub(mul(x[2],x[7]),mul(x[0],x[7])),pdiv(mul(x[7],x[5]),add(x[3],x[0])))",0.33532934131736525,3196da2bdbd782d607c6576ee8113934,0.3413173652694611,True,0.005988023952095856
8,21,"greater_than_or_equal(x[5], mul(x[3],x[7]))",True,"not_(less_than_or_equal(pdiv(x[5],x[3]),x[7]))",0.3413173652694611,e691e9faf9d6cf6a1c64f756c672a16e,0.3413173652694611,False,0.0
8,21,"greater_than_or_equal(x[5], x[5])",True,"less_than_or_equal(x[2],x[2])",0.35928143712574845,bd082d42dcba8056510101f18394b575,0.35928143712574845,False,0.0
8,21,"greater_than_or_equal(x[5], x[7])",True,"greater_than_or_equal(x[5], x[7])",0.3892215568862275,ca29d589a2290a0489371628a6b32bf4,0.3892215568862275,False,0.0
8,21,"not_(less_than_or_equal(pdiv(x[5],x[7]),add(x[5],mul(x[7],pdiv(x[3],x[5])))))",True,"greater_than_or_equal(x[5], mul(x[7],add(x[3],x[7])))",0.31137724550898205,6631d5a50f9f01ea8de86be5bd55c79c,0.31137724550898205,False,0.0
8,21,"greater_than_or_equal(sub(pdiv(x[5],x[7]),mul(x[7],x[0])), add(mul(add(mul(x[7],add(x[7],x[7])),x[7]),x[5]),mul(x[2],x[5])))",False,,,7baa99c3602da78a70edf6832bec59fe,0.20359281437125754,False,0.0
8,21,"greater_than_or_equal(pdiv(x[5],x[7]), sub(x[5],mul(pdiv(mul(x[5],add(x[2],x[7])),x[5]),x[5])))",True,"less_than_or_equal(x[2],x[2])",0.35928143712574845,bd082d42dcba8056510101f18394b575,0.35928143712574845,False,0.0
8,21,"greater_than_or_equal(pdiv(x[5],x[2]), add(x[7],x[2]))",True,"greater_than_or_equal(pdiv(x[5],x[5]), add(add(x[2],mul(x[2],mul(sub(x[7],x[7]),pdiv(x[5],x[5])))),mul(mul(x[7],x[2]),sub(pdiv(add(x[7],x[2]),x[5]),x[5]))))",0.2934131736526946,b2764a6f3ef5bc579589eb89668b6cf5,0.29940119760479045,True,0.005988023952095856
8,21,"greater_than_or_equal(pdiv(x[3],x[3]), add(add(x[3],mul(add(mul(x[7],add(x[2],x[2])),x[7]),pdiv(x[5],x[5]))),add(x[2],x[0])))",True,"less_than_or_equal(add(add(x[7],x[2]),add(x[2],x[3])),pdiv(x[5],x[5]))",0.45508982035928147,8b2472674e8170fac580c0951e0a894d,0.4610778443113772,True,0.0059880239520957446
8,21,"not_(less_than_or_equal(pdiv(x[3],x[7]),add(x[3],mul(x[7],add(x[7],x[2])))))",False,,,0b577e6dcdd735639d7dff1dd12cfc49,0.2455089820359282,False,0.0
8,21,"greater_than_or_equal(x[5], sub(x[7],x[7]))",True,"less_than_or_equal(x[2],x[2])",0.35928143712574845,bd082d42dcba8056510101f18394b575,0.35928143712574845,False,0.0
8,21,"greater_than_or_equal(x[5], mul(x[7],add(add(pdiv(x[5],x[2]),x[7]),x[7])))",True,"greater_than_or_equal(sub(pdiv(x[5],x[7]),mul(x[7],add(x[5],add(sub(x[7],sub(sub(pdiv(mul(x[5],x[7]),add(x[2],x[2])),mul(pdiv(x[5],x[5]),add(x[7],pdiv(x[3],x[2])))),pdiv(x[5],x[7]))),pdiv(x[5],x[5]))))), x[5])",0.4251497005988024,75cf3e188f744d64ee5f71dcc2466022,0.5089820359281437,True,0.08383233532934131
8,21,"greater_than_or_equal(sub(mul(x[2],x[7]),add(x[5],x[7])), x[2])",True,not_(x[6]),0.6347305389221557,b4068ba57b63c959651c969331c4b5cd,0.6407185628742516,True,0.005988023952095856
8,21,"greater_than_or_equal(pdiv(x[7],x[5]), add(x[5],x[3]))",False,,,8f5600b26906335c44c1b11296f3ff02,0.6107784431137724,False,0.0
8,21,"greater_than_or_equal(x[5], mul(x[7],add(add(sub(sub(pdiv(x[7],add(sub(mul(x[7],x[2]),pdiv(pdiv(x[5],x[7]),add(x[3],x[5]))),x[2])),x[5]),x[3]),x[5]),add(x[5],x[2]))))",False,,,8ef9559221b2753631888c9fd94ce1ba,0.2694610778443114,False,0.0
8,21,"greater_than_or_equal(sub(pdiv(pdiv(x[5],x[7]),x[7]),mul(add(x[5],add(x[7],x[0])),pdiv(x[5],pdiv(pdiv(add(x[5],x[3]),x[5]),x[5])))), add(x[2],x[5]))",True,"greater_than_or_equal(sub(pdiv(pdiv(x[5],x[7]),x[7]),mul(add(x[5],add(x[7],x[0])),pdiv(x[5],pdiv(pdiv(add(x[2],x[3]),x[5]),x[5])))), add(x[2],x[5]))",0.21556886227544914,0a3991074de968b032cf316a167a3e86,0.20958083832335328,True,-0.005988023952095856
8,21,"greater_than_or_equal(pdiv(x[5],add(x[3],x[7])), mul(x[7],pdiv(x[0],x[2])))",False,,,94f62e53bf6cd48c8ff4f705571ae259,0.35928143712574845,False,0.0
8,21,"greater_than_or_equal(sub(pdiv(x[7],x[7]),x[7]), mul(x[7],add(x[7],x[2])))",True,"not_(less_than_or_equal(pdiv(x[5],x[7]),add(x[5],mul(x[5],add(add(x[7],x[0]),x[2])))))",0.23353293413173648,40d19945513b721f8a7891f4912df659,0.20958083832335328,True,-0.0239520958083832
8,21,"greater_than_or_equal(x[5], mul(x[2],x[5]))",True,"not_(greater_than_or_equal(mul(x[7],x[2]), x[7]))",0.34730538922155685,f69cf4961d82af0c72c0014d2a401904,0.34730538922155685,False,0.0
8,21,"greater_than_or_equal(pdiv(x[5],mul(x[7],add(x[5],x[5]))), pdiv(mul(x[2],x[5]),sub(x[7],add(x[5],x[7]))))",True,"less_than_or_equal(x[2],x[2])",0.35928143712574845,bd082d42dcba8056510101f18394b575,0.35928143712574845,False,0.0
8,21,"greater_than_or_equal(sub(pdiv(x[5],x[7]),add(mul(x[2],x[5]),pdiv(x[7],x[2]))), sub(pdiv(add(x[7],x[2]),x[0]),00.69))",True,"greater_than_or_equal(x[5], mul(x[7],add(x[2],add(pdiv(mul(x[5],mul(x[7],add(x[5],x[2]))),x[2]),x[7]))))",0.34730538922155685,45a3bfc9262a1c3de1cb0b4c6ae02999,0.437125748502994,True,0.08982035928143717
8,21,"less_than_or_equal(add(mul(x[2],add(sub(x[7],sub(x[3],mul(x[5],x[7]))),add(x[2],x[7]))),x[2]),add(mul(pdiv(x[3],add(pdiv(x[3],pdiv(x[7],add(x[2],x[7]))),pdiv(x[3],x[7]))),x[3]),x[5]))",False,,,67c24a77a9643f8dc80024f6bccf8c1c,0.29940119760479045,False,0.0
8,21,"greater_than_or_equal(x[5], mul(x[7],sub(add(sub(x[2],pdiv(sub(mul(x[5],x[2]),mul(x[7],add(add(sub(sub(pdiv(x[7],add(sub(mul(x[3],x[2]),pdiv(pdiv(x[5],x[7]),add(x[3],x[5]))),x[5])),x[5]),x[3]),x[5]),add(x[5],x[2])))),x[5])),x[5]),pdiv(x[5],x[5]))))",False,,,3f84bb9ca2f3706f1fc638de03f12b92,0.28742514970059885,False,0.0
8,21,"greater_than_or_equal(x[5], mul(54.99,add(sub(x[3],mul(x[5],x[7])),add(x[2],x[7]))))",True,not_(x[6]),0.6347305389221557,b4068ba57b63c959651c969331c4b5cd,0.6407185628742516,True,0.005988023952095856
8,21,"greater_than_or_equal(x[5], mul(x[3],add(add(sub(x[2],x[7]),add(x[5],x[7])),x[5])))",False,,,3dd0f0f2b26f015f3c908f82c6072d90,0.5209580838323353,False,0.0
8,21,"greater_than_or_equal(pdiv(x[5],x[5]), mul(x[7],add(x[7],x[2])))",True,"greater_than_or_equal(pdiv(add(x[2],sub(x[5],x[2])),x[5]), mul(x[7],add(x[7],x[2])))",0.3293413173652695,321264e70e80a3274eb5ed3b863c0b14,0.3293413173652695,False,0.0
8,21,"greater_than_or_equal(pdiv(x[3],x[2]), x[3])",True,"not_(greater_than_or_equal(mul(x[7],x[2]), x[7]))",0.34730538922155685,f69cf4961d82af0c72c0014d2a401904,0.34730538922155685,False,0.0
8,21,"greater_than_or_equal(pdiv(x[5],x[5]), pdiv(x[5],x[5]))",True,"less_than_or_equal(x[2],x[2])",0.35928143712574845,bd082d42dcba8056510101f18394b575,0.35928143712574845,False,0.0
8,21,"greater_than_or_equal(pdiv(x[5],x[5]), add(sub(x[3],x[7]),add(add(pdiv(x[2],x[7]),add(x[5],x[7])),x[2])))",False,,,cda7d3faa14adb6ece6d3bdc32a399b8,0.6227544910179641,False,0.0
8,21,"not_(less_than_or_equal(pdiv(x[5],x[7]),mul(add(x[7],x[7]),x[5])))",True,"less_than_or_equal(mul(mul(x[7],x[7]),add(x[5],x[5])),x[5])",0.2455089820359282,70c1a978a90304e47c9ea26f5d914234,0.25149700598802394,True,0.0059880239520957446
8,21,"not_(less_than_or_equal(pdiv(x[5],x[7]),add(mul(x[5],x[3]),x[7])))",False,,,3367d897ba41e4bc175cab44617691cd,0.281437125748503,False,0.0
8,21,"not_(less_than_or_equal(pdiv(x[5],x[2]),x[2]))",True,"less_than_or_equal(pdiv(mul(x[2],x[2]),x[5]),pdiv(x[7],x[7]))",0.3293413173652695,22afa71d30776c90154a85fa7bb55d4a,0.33532934131736525,True,0.0059880239520957446
8,21,"greater_than_or_equal(add(mul(add(x[5],x[7]),mul(x[2],x[3])),x[7]), x[5])",False,,,b40c34a19942e69993f1ccabf7a62b21,0.6586826347305389,False,0.0
8,21,"greater_than_or_equal(x[5], mul(x[7],add(pdiv(mul(mul(mul(x[5],x[0]),sub(sub(x[2],mul(pdiv(x[5],x[5]),mul(x[7],mul(x[7],x[2])))),mul(x[0],add(x[7],sub(x[3],mul(mul(add(add(sub(add(x[2],x[7]),x[2]),add(x[2],x[3])),add(pdiv(x[3],x[2]),x[7])),x[2]),x[5])))))),mul(x[3],x[7])),add(sub(sub(x[5],sub(x[0],x[3])),mul(x[7],add(mul(x[5],sub(sub(sub(sub(x[2],x[2]),add(x[3],x[7])),x[7]),add(x[7],x[5]))),x[5]))),x[2])),sub(pdiv(x[5],x[7]),x[7]))))",True,"less_than_or_equal(x[2],x[2])",0.35928143712574845,bd082d42dcba8056510101f18394b575,0.35928143712574845,False,0.0
8,21,"greater_than_or_equal(pdiv(x[7],pdiv(x[2],x[7])), sub(x[5],mul(x[5],add(x[2],x[5]))))",True,"greater_than_or_equal(x[7], sub(x[5],mul(x[5],x[5])))",0.562874251497006,28fbc9ae8e06aaf2d0f455b5c34720c6,0.4730538922155688,True,-0.08982035928143717
8,21,"greater_than_or_equal(pdiv(x[5],x[7]), pdiv(x[2],x[0]))",False,,,7d6acb20ceffd2c55361ba9d20e281a5,0.2934131736526946,False,0.0
8,21,"not_(less_than_or_equal(pdiv(x[3],x[5]),x[7]))",True,"not_(greater_than_or_equal(mul(x[7],x[5]), x[3]))",0.33532934131736525,ff4b342bed4706cce4217aaf715c34c5,0.33532934131736525,False,0.0
8,21,"greater_than_or_equal(x[5], mul(x[7],add(pdiv(x[7],add(x[5],x[7])),x[2])))",False,,,cdd6f3c81ab86032460fba94d3df57a1,0.2934131736526946,False,0.0
8,21,"greater_than_or_equal(sub(pdiv(x[5],x[7]),mul(x[2],x[5])), add(mul(add(mul(x[7],add(x[7],x[2])),x[3]),x[5]),x[5]))",False,,,d24e3aacec075b539bbb52ae5950283a,0.2455089820359282,False,0.0
8,21,"greater_than_or_equal(x[5], mul(x[5],add(x[5],add(x[5],x[2]))))",True,"not_(less_than_or_equal(pdiv(x[5],x[5]),add(add(x[2],x[5]),x[5])))",0.5089820359281437,c8f07d9b2f7dcef7f4fa44aeef22dc71,0.5089820359281437,False,0.0
8,21,"greater_than_or_equal(pdiv(pdiv(x[5],x[7]),x[5]), mul(x[3],pdiv(pdiv(mul(x[2],x[2]),sub(x[5],x[5])),pdiv(x[2],x[5]))))",False,,,e1d8056e17746a3db73642ddd146b767,0.40718562874251496,False,0.0
8,21,"greater_than_or_equal(pdiv(x[5],mul(pdiv(x[7],x[5]),add(x[2],mul(sub(sub(x[7],x[2]),mul(x[3],add(x[2],x[5]))),add(x[0],x[5]))))), x[5])",False,,,4f51ece1b8785d684ccfdb3402718385,0.4610778443113772,False,0.0
8,21,"greater_than_or_equal(x[5], mul(x[5],add(x[2],pdiv(x[5],x[5]))))",True,"greater_than_or_equal(pdiv(mul(x[5],x[2]),pdiv(x[2],x[5])), add(sub(x[7],x[7]),add(x[5],x[0])))",0.6107784431137724,ec48eb4aba9f475884bcf9e8f28adadc,0.6107784431137724,False,0.0
8,21,"not_(less_than_or_equal(pdiv(x[5],x[7]),mul(add(x[5],add(x[3],x[7])),mul(x[7],add(x[2],mul(pdiv(x[7],mul(x[5],pdiv(sub(sub(sub(x[2],sub(pdiv(x[2],mul(x[7],x[7])),add(x[7],x[5]))),x[5]),x[2]),add(sub(x[7],x[7]),pdiv(x[5],x[5]))))),mul(mul(x[5],x[7]),pdiv(x[7],x[3]))))))))",False,,,afba2ba3be23644ed09570191274cfce,0.32335329341317365,False,0.0
8,21,"greater_than_or_equal(pdiv(x[5],add(x[2],x[2])), x[5])",True,"not_(less_than_or_equal(pdiv(x[5],x[5]),add(x[2],x[2])))",0.25149700598802394,b1dd33075a09479c47bb17a355eef7af,0.25149700598802394,False,0.0
8,21,"greater_than_or_equal(x[5], mul(mul(54.99,add(add(x[5],add(add(x[2],x[3]),add(pdiv(x[3],pdiv(x[7],add(x[2],x[7]))),pdiv(x[3],x[7])))),x[3])),x[5]))",True,not_(x[6]),0.6347305389221557,b4068ba57b63c959651c969331c4b5cd,0.6347305389221557,False,0.0
8,21,"greater_than_or_equal(x[5], mul(x[7],add(add(sub(x[2],04.79),sub(00.45,x[2])),add(x[5],x[2]))))",True,"less_than_or_equal(x[2],x[2])",0.35928143712574845,bd082d42dcba8056510101f18394b575,0.35928143712574845,False,0.0
8,21,"not_(greater_than_or_equal(pdiv(x[5],x[5]), add(x[7],x[0])))",True,"not_(less_than_or_equal(mul(x[2],add(x[7],x[0])),x[2]))",0.688622754491018,1d07eec2449762016ca05a765f831687,0.688622754491018,False,0.0
8,21,"greater_than_or_equal(pdiv(x[5],x[5]), add(pdiv(x[3],mul(x[7],add(pdiv(x[7],pdiv(pdiv(x[2],x[5]),x[0])),x[7]))),x[0]))",False,,,a07b79b276f97231fdb919bd02a5460e,0.7065868263473054,False,0.0
8,21,"greater_than_or_equal(sub(x[0],add(x[0],x[2])), x[5])",True,not_(x[6]),0.6347305389221557,b4068ba57b63c959651c969331c4b5cd,0.6407185628742516,True,0.005988023952095856
8,21,"greater_than_or_equal(x[3], mul(add(x[5],add(x[2],x[7])),mul(x[7],add(x[7],x[2]))))",False,,,394d2f5f04b400bdc20ad428888a029d,0.26347305389221554,False,0.0
8,21,"greater_than_or_equal(x[5], mul(add(x[5],x[2]),pdiv(x[5],x[3])))",True,"greater_than_or_equal(x[3], add(x[5],x[2]))",0.5688622754491017,3b95d43c6b1291e78b2ed83052bed275,0.562874251497006,True,-0.0059880239520957446
8,21,"greater_than_or_equal(x[5], mul(x[7],add(x[5],x[7])))",True,"greater_than_or_equal(x[5], mul(x[7],add(x[7],x[5])))",0.22754491017964074,051dec5cdded21754165aaf5f887a47e,0.22754491017964074,False,0.0
8,21,"greater_than_or_equal(x[3], x[0])",True,"not_(greater_than_or_equal(pdiv(x[0],x[3]), pdiv(x[5],x[5])))",0.3772455089820359,f56d58ec85f58eb9e745c543958f7db4,0.37125748502994016,True,-0.0059880239520957446
8,21,"greater_than_or_equal(x[5], mul(mul(x[2],pdiv(x[5],x[3])),add(x[5],x[2])))",True,"greater_than_or_equal(x[3], mul(x[2],add(x[5],x[2])))",0.32335329341317365,2ecea0fdc18c62824012ca3193c3c9be,0.3173652694610778,True,-0.005988023952095856
8,21,"greater_than_or_equal(x[7], mul(x[7],mul(add(pdiv(x[5],sub(pdiv(pdiv(mul(x[7],mul(x[3],x[7])),add(x[2],pdiv(pdiv(sub(sub(mul(x[5],add(x[3],x[7])),x[5]),mul(x[7],mul(x[5],x[5]))),x[3]),x[5]))),add(x[7],mul(x[5],x[5]))),x[7])),x[7]),add(x[5],add(x[3],x[7])))))",False,,,4e2025224ae5bc128e1a189cc522b66a,0.3772455089820359,False,0.0
8,21,"greater_than_or_equal(x[5], pdiv(mul(x[7],x[2]),add(x[5],add(pdiv(add(x[2],x[2]),x[5]),x[5]))))",True,"less_than_or_equal(x[2],x[2])",0.35928143712574845,bd082d42dcba8056510101f18394b575,0.3652694610778443,True,0.005988023952095856
8,21,"greater_than_or_equal(x[5], mul(x[7],add(add(92.45,add(x[0],add(x[5],x[2]))),add(sub(x[7],sub(x[3],mul(x[5],x[7]))),add(x[2],x[7])))))",True,not_(x[6]),0.6347305389221557,b4068ba57b63c959651c969331c4b5cd,0.6407185628742516,True,0.005988023952095856
8,21,"greater_than_or_equal(x[5], mul(x[7],add(x[5],mul(add(pdiv(x[5],x[3]),add(x[5],x[2])),add(x[5],x[2])))))",False,,,644d0babb6b30d7b7178e758d24e8443,0.38323353293413176,False,0.0
8,21,"greater_than_or_equal(pdiv(pdiv(x[7],mul(x[7],add(x[0],pdiv(x[3],x[3])))),add(mul(x[7],add(x[7],x[2])),x[3])), x[5])",True,"greater_than_or_equal(pdiv(pdiv(x[7],mul(x[7],add(x[0],pdiv(x[3],x[3])))),add(mul(x[7],add(x[7],x[2])),x[3])), x[5])",0.2694610778443114,51f01bfa4eca7c31e6d09e3180366de1,0.2694610778443114,False,0.0
8,21,"greater_than_or_equal(x[5], mul(x[7],add(x[5],add(x[2],x[5]))))",True,"greater_than_or_equal(x[5], mul(x[7],add(x[5],add(x[2],x[5]))))",0.27544910179640714,b273e6241ac446c8ee6db4bc01755f47,0.27544910179640714,False,0.0
8,21,"greater_than_or_equal(add(add(x[2],x[3]),add(pdiv(x[3],pdiv(x[7],add(x[2],x[7]))),pdiv(x[3],x[7]))), mul(mul(x[5],x[5]),add(x[2],x[5])))",False,,,b3a4834e02375d40c199290f83bc2604,0.33532934131736525,False,0.0
8,21,"greater_than_or_equal(sub(add(x[5],x[7]),add(mul(x[2],x[5]),mul(x[2],add(sub(x[7],sub(x[3],mul(x[0],x[7]))),add(x[2],x[7]))))), x[5])",False,,,8b20501dd10220ddd68496d55d35904b,0.31137724550898205,False,0.0
8,21,"greater_than_or_equal(x[5], mul(mul(x[7],x[2]),add(x[5],add(pdiv(pdiv(x[7],mul(x[5],x[5])),x[7]),pdiv(add(x[2],x[7]),add(x[2],x[5]))))))",True,"greater_than_or_equal(x[5], mul(mul(x[7],x[2]),add(x[5],add(pdiv(pdiv(x[7],mul(x[5],x[5])),x[7]),x[7]))))",0.33532934131736525,7f77b4f110d7c861c1335acf5d3fae0d,0.3293413173652695,True,-0.0059880239520957446
8,21,"not_(less_than_or_equal(pdiv(x[3],mul(add(x[5],add(x[3],x[7])),mul(x[7],add(add(sub(x[7],pdiv(x[5],x[5])),x[5]),x[2])))),add(sub(x[7],x[7]),pdiv(x[5],x[5]))))",False,,,fb6cd6d818a1e3262842528c4d874e8a,0.4850299401197605,False,0.0
8,21,"greater_than_or_equal(x[5], mul(x[5],mul(x[7],add(x[7],x[2]))))",True,"greater_than_or_equal(pdiv(add(x[2],sub(x[5],x[2])),x[5]), mul(x[7],add(x[7],x[2])))",0.3293413173652695,321264e70e80a3274eb5ed3b863c0b14,0.3293413173652695,False,0.0
8,21,"greater_than_or_equal(pdiv(x[0],x[5]), x[5])",True,"less_than_or_equal(mul(x[5],x[5]),x[0])",0.5868263473053892,2c2cb5882924d906e8f60f231506150f,0.5868263473053892,False,0.0
8,21,"greater_than_or_equal(pdiv(x[5],add(x[3],x[5])), x[0])",False,,,f0ea6665cbd4d29acdbc746c68043a5c,0.3772455089820359,False,0.0
8,21,"greater_than_or_equal(x[5], mul(x[7],add(pdiv(x[5],x[5]),add(x[5],x[2]))))",True,"greater_than_or_equal(x[5], mul(x[7],add(x[5],pdiv(x[5],x[5]))))",0.33532934131736525,fa01caa917a58bbda28cb775016b8bd1,0.37125748502994016,True,0.03592814371257491
8,21,"greater_than_or_equal(x[5], mul(x[7],add(x[5],add(pdiv(x[2],x[5]),add(x[5],sub(pdiv(mul(mul(x[7],x[5]),mul(x[2],pdiv(pdiv(mul(x[2],x[2]),sub(x[5],pdiv(pdiv(pdiv(x[7],58.55),sub(x[7],sub(x[3],add(x[5],x[7])))),add(x[2],x[7])))),x[2]))),add(x[2],x[3])),add(pdiv(x[3],pdiv(x[7],add(x[2],x[7]))),pdiv(x[3],x[7]))))))))",False,,,009d28726448f83f9c0946bd9353d27a,0.2934131736526946,False,0.0
8,21,"greater_than_or_equal(x[0], sub(mul(x[3],x[7]),x[7]))",True,"less_than_or_equal(x[2],x[2])",0.35928143712574845,bd082d42dcba8056510101f18394b575,0.35928143712574845,False,0.0
8,21,"greater_than_or_equal(pdiv(x[5],x[5]), add(92.02,mul(x[5],mul(x[7],add(mul(x[0],add(add(mul(mul(x[7],pdiv(pdiv(mul(x[3],add(x[2],x[7])),x[0]),x[2])),pdiv(x[5],x[2])),x[5]),x[5])),x[5])))))",True,not_(x[6]),0.6347305389221557,b4068ba57b63c959651c969331c4b5cd,0.6407185628742516,True,0.005988023952095856
8,21,"greater_than_or_equal(sub(add(x[3],x[7]),sub(x[7],add(x[7],add(x[7],x[5])))), x[5])",True,"less_than_or_equal(x[2],x[2])",0.35928143712574845,bd082d42dcba8056510101f18394b575,0.35928143712574845,False,0.0
8,21,"not_(less_than_or_equal(pdiv(x[3],x[2]),mul(sub(x[7],x[7]),pdiv(x[5],x[3]))))",True,"less_than_or_equal(x[2],x[2])",0.35928143712574845,bd082d42dcba8056510101f18394b575,0.3652694610778443,True,0.005988023952095856
8,21,"greater_than_or_equal(pdiv(add(pdiv(add(x[2],x[5]),mul(x[7],add(x[5],x[2]))),x[5]),x[2]), x[5])",True,"less_than_or_equal(x[2],x[2])",0.35928143712574845,bd082d42dcba8056510101f18394b575,0.35928143712574845,False,0.0
8,21,"greater_than_or_equal(x[5], mul(x[7],add(x[2],sub(pdiv(x[7],add(sub(mul(mul(pdiv(x[2],add(pdiv(x[5],x[7]),add(x[7],x[5]))),x[5]),x[5]),x[3]),x[5])),add(x[5],x[2])))))",False,,,8943a020ae3e4e005b182dd24811c032,0.38323353293413176,False,0.0
8,21,"greater_than_or_equal(pdiv(x[5],x[5]), add(x[2],x[0]))",True,"not_(less_than_or_equal(pdiv(x[5],x[5]),add(x[0],x[2])))",0.34730538922155685,c426607f0a92b79fd094d06b3453a190,0.34730538922155685,False,0.0
8,21,"greater_than_or_equal(pdiv(x[5],add(x[2],x[5])), mul(x[7],add(x[5],x[7])))",True,"greater_than_or_equal(sub(pdiv(pdiv(x[5],x[7]),x[7]),mul(add(x[5],add(x[7],x[0])),pdiv(x[5],pdiv(pdiv(add(x[2],x[3]),x[5]),x[5])))), add(x[2],x[5]))",0.21556886227544914,0a3991074de968b032cf316a167a3e86,0.20958083832335328,True,-0.005988023952095856
8,21,"not_(less_than_or_equal(pdiv(x[5],x[5]),add(mul(x[5],x[5]),x[2])))",True,"not_(greater_than_or_equal(mul(x[5],add(x[5],x[2])), add(sub(x[7],x[7]),pdiv(x[5],x[5]))))",0.27544910179640714,66d1f1f84d146fdd572ef7ee95562584,0.2574850299401198,True,-0.017964071856287345
8,21,"not_(less_than_or_equal(pdiv(x[2],mul(add(x[2],x[2]),x[2])),x[5]))",True,"not_(less_than_or_equal(pdiv(x[5],add(x[2],x[2])),mul(x[5],x[5])))",0.32335329341317365,3fddbd4dc60a7c93921f62a065786c93,0.3173652694610778,True,-0.005988023952095856
8,21,"greater_than_or_equal(x[5], mul(x[7],add(x[3],x[2])))",True,"not_(greater_than_or_equal(mul(x[7],add(x[3],x[2])), add(x[5],mul(sub(x[5],x[5]),sub(add(08.46,x[3]),add(pdiv(x[5],x[7]),sub(x[7],x[5])))))))",0.31137724550898205,e4f020371c9c4af4bedc99e9207ee51f,0.31137724550898205,False,0.0
8,21,"greater_than_or_equal(x[5], mul(add(x[5],x[5]),x[2]))",True,"not_(less_than_or_equal(pdiv(x[5],x[5]),add(x[2],x[2])))",0.25149700598802394,b1dd33075a09479c47bb17a355eef7af,0.25149700598802394,False,0.0
8,21,"greater_than_or_equal(x[5], mul(x[7],add(x[0],add(add(x[7],x[0]),pdiv(x[7],x[7])))))",True,"not_(less_than_or_equal(pdiv(x[5],x[7]),mul(pdiv(add(add(pdiv(x[2],37.90),pdiv(x[0],x[7])),add(x[7],pdiv(x[3],x[7]))),x[3]),x[7])))",0.3413173652694611,c3603a2cdcf531c222f67626eea1b528,0.35928143712574845,True,0.017964071856287345
8,21,"not_(less_than_or_equal(x[2],x[0]))",True,"not_(greater_than_or_equal(x[0], x[2]))",0.46706586826347307,f1fa952d9a809dad2428f04a098cf68b,0.46706586826347307,False,0.0
8,21,"greater_than_or_equal(x[2], pdiv(x[5],x[7]))",True,"not_(less_than_or_equal(mul(x[7],add(x[2],x[2])),add(x[5],x[5])))",0.6646706586826348,b98fd4b1abc55a8bd945f52cf650a117,0.6646706586826348,False,0.0
8,21,"greater_than_or_equal(x[5], mul(x[7],add(x[5],add(x[7],x[7]))))",True,"greater_than_or_equal(x[5], mul(x[7],add(x[5],pdiv(x[5],x[5]))))",0.33532934131736525,fa01caa917a58bbda28cb775016b8bd1,0.3173652694610778,True,-0.017964071856287456
8,21,"greater_than_or_equal(x[5], mul(x[7],add(19.01,x[5])))",True,not_(x[6]),0.6347305389221557,b4068ba57b63c959651c969331c4b5cd,0.6347305389221557,False,0.0
8,21,"greater_than_or_equal(pdiv(pdiv(x[7],add(sub(mul(x[5],x[7]),x[2]),x[5])),x[7]), sub(x[5],mul(x[5],x[5])))",True,"greater_than_or_equal(add(mul(x[0],x[2]),sub(x[5],x[0])), sub(sub(x[2],x[0]),mul(x[5],x[5])))",0.34730538922155685,fa36c7eff201c5964686ffd342c69e5e,0.3652694610778443,True,0.017964071856287456
8,21,"not_(less_than_or_equal(pdiv(x[5],x[7]),add(mul(x[2],x[5]),mul(x[7],mul(add(pdiv(x[7],sub(pdiv(x[5],x[7]),x[2])),mul(add(pdiv(pdiv(x[5],x[2]),x[5]),pdiv(x[7],add(x[7],x[2]))),x[7])),x[5])))))",False,,,da61c4dc46536de01b0298dc21761de6,0.29940119760479045,False,0.0
8,21,"not_(less_than_or_equal(mul(x[5],add(x[2],x[3])),x[7]))",True,"not_(less_than_or_equal(mul(x[5],x[3]),sub(x[7],mul(x[2],x[5]))))",0.4251497005988024,104a8be8cff2e25f430a907a51111b62,0.4251497005988024,False,0.0
8,21,"less_than_or_equal(x[7],add(x[5],x[7]))",True,"less_than_or_equal(x[2],x[2])",0.35928143712574845,bd082d42dcba8056510101f18394b575,0.35928143712574845,False,0.0
8,21,"greater_than_or_equal(x[5], pdiv(x[2],mul(x[2],add(add(sub(x[2],mul(add(add(x[5],x[7]),x[2]),add(x[2],x[3]))),add(pdiv(x[3],pdiv(x[7],add(x[2],x[7]))),pdiv(x[3],x[7]))),x[3]))))",False,,,fd6a50b853a94f503461b685c489a9ad,0.40718562874251496,False,0.0
8,21,"greater_than_or_equal(x[2], x[7])",True,"less_than_or_equal(add(x[5],x[7]),add(x[5],x[2]))",0.5269461077844311,544b4f45aa71542bcadfaa9d165fdbeb,0.5269461077844311,False,0.0
8,21,"greater_than_or_equal(x[3], mul(x[7],x[7]))",True,"greater_than_or_equal(x[3], mul(x[7],x[7]))",0.3413173652694611,3d72bbc340f037088e8e4149f2ca8ce3,0.3413173652694611,False,0.0
8,21,"greater_than_or_equal(x[5], mul(x[5],mul(add(x[7],x[5]),x[3])))",False,,,88ea8fc0d55418851889f93be3f1b9eb,0.3532934131736527,False,0.0
8,21,"greater_than_or_equal(pdiv(x[5],x[5]), add(mul(add(44.59,x[2]),pdiv(mul(x[5],x[5]),x[5])),pdiv(x[7],x[5])))",True,not_(x[6]),0.6347305389221557,b4068ba57b63c959651c969331c4b5cd,0.6407185628742516,True,0.005988023952095856
8,21,"greater_than_or_equal(mul(x[0],x[2]), pdiv(x[5],x[0]))",True,"less_than_or_equal(sub(pdiv(x[5],x[2]),mul(x[7],x[0])),mul(mul(x[3],x[2]),sub(x[5],x[2])))",0.6467065868263473,64a044af0d7ad5746f97e0885e2b3f57,0.6467065868263473,False,0.0
8,21,"not_(less_than_or_equal(pdiv(x[5],add(x[0],x[7])),x[2]))",True,"not_(less_than_or_equal(x[5],mul(x[2],add(x[7],x[0]))))",0.32335329341317365,354e2deeabd50563319a4f341cf0421d,0.32335329341317365,False,0.0
8,21,"greater_than_or_equal(pdiv(29.94,mul(x[7],add(x[2],x[7]))), x[5])",True,"less_than_or_equal(x[2],x[2])",0.35928143712574845,bd082d42dcba8056510101f18394b575,0.35928143712574845,False,0.0
8,21,"greater_than_or_equal(x[5], mul(x[0],x[2]))",True,"greater_than_or_equal(mul(add(x[2],x[5]),sub(x[5],x[0])), mul(mul(x[0],x[7]),sub(x[5],x[7])))",0.38323353293413176,cf65da81ffb7a9d4ff3e042c0fa7a250,0.35928143712574845,True,-0.02395209580838331
8,21,"not_(less_than_or_equal(pdiv(x[5],x[7]),add(mul(x[2],x[5]),mul(x[5],x[7]))))",True,"greater_than_or_equal(pdiv(add(x[2],sub(x[5],x[2])),x[5]), mul(x[7],add(x[7],x[2])))",0.3293413173652695,321264e70e80a3274eb5ed3b863c0b14,0.33532934131736525,True,0.0059880239520957446
8,21,"not_(less_than_or_equal(pdiv(x[5],x[2]),pdiv(sub(x[5],x[5]),sub(x[3],x[7]))))",True,"less_than_or_equal(x[2],x[2])",0.35928143712574845,bd082d42dcba8056510101f18394b575,0.3652694610778443,True,0.005988023952095856
8,21,"greater_than_or_equal(sub(01.43,mul(x[5],x[5])), add(95.42,x[5]))",True,not_(x[6]),0.6347305389221557,b4068ba57b63c959651c969331c4b5cd,0.6407185628742516,True,0.005988023952095856
8,21,"greater_than_or_equal(pdiv(x[5],add(x[2],x[7])), mul(x[5],add(pdiv(sub(x[5],x[5]),pdiv(x[5],x[0])),x[2])))",True,"greater_than_or_equal(pdiv(pdiv(x[5],x[5]),x[2]), add(sub(x[7],sub(x[5],mul(x[5],x[5]))),add(x[0],x[2])))",0.3053892215568862,1aca9d23cabcfa7cd4770bd148b80789,0.3053892215568862,False,0.0
8,21,"greater_than_or_equal(sub(pdiv(x[5],x[7]),add(mul(x[2],mul(mul(mul(x[2],add(sub(x[7],sub(x[5],mul(mul(mul(84.19,sub(x[0],add(x[2],x[3]))),add(pdiv(x[3],pdiv(x[7],add(x[2],x[7]))),pdiv(x[3],x[7]))),x[3]))),x[5])),x[5]),add(x[2],x[5]))),x[5])), add(x[5],x[2]))",False,,,bbf4de714787d7269dc92c1a9490cc9d,0.3652694610778443,False,0.0
8,21,"and_(or_(x[6],or_(x[6],less_than_or_equal(56.39,add(mul(x[7],add(x[5],x[2])),sub(x[3],mul(x[2],x[0])))))),greater_than_or_equal(x[2], x[3]))",True,"not_(less_than_or_equal(pdiv(x[5],x[5]),add(x[2],sub(pdiv(x[3],x[2]),add(mul(x[2],x[7]),mul(x[2],x[3]))))))",0.6586826347305389,97992d1c6392ce2361e75a580fad0a69,0.6347305389221557,True,-0.0239520958083832
8,21,"greater_than_or_equal(pdiv(x[5],pdiv(x[5],mul(x[7],add(x[5],x[2])))), x[2])",False,,,0678a4aff8d49cc8a142f223f13fc724,0.5269461077844311,False,0.0
8,21,"less_than_or_equal(x[3],x[5])",True,"less_than_or_equal(mul(sub(x[7],x[0]),pdiv(x[7],25.93)),pdiv(x[7],sub(mul(x[3],x[5]),mul(x[3],x[3]))))",0.5089820359281437,8ad7ccd0e2bcf51cfea619f1321f2792,0.5089820359281437,False,0.0
8,21,"not_(less_than_or_equal(pdiv(x[7],x[2]),x[5]))",True,"not_(less_than_or_equal(pdiv(x[7],x[2]),x[5]))",0.4131736526946108,6c7e6e07b7b12247ceef424eff5148c5,0.4131736526946108,False,0.0
8,21,"not_(less_than_or_equal(add(x[5],x[7]),mul(mul(x[7],add(x[7],x[5])),x[5])))",True,"less_than_or_equal(x[2],x[2])",0.35928143712574845,bd082d42dcba8056510101f18394b575,0.35928143712574845,False,0.0
8,21,"greater_than_or_equal(x[5], mul(add(mul(add(x[7],x[5]),mul(x[2],add(add(mul(x[5],add(x[0],add(x[5],x[2]))),add(sub(x[7],sub(x[3],x[5])),mul(x[0],sub(x[2],x[7])))),x[2]))),add(x[2],x[3])),add(pdiv(x[3],pdiv(x[7],add(x[2],x[7]))),pdiv(x[3],x[7]))))",False,,,fa99a0717b2c8083edddccde0ba00faa,0.6107784431137724,False,0.0
8,21,"greater_than_or_equal(pdiv(x[5],add(pdiv(x[2],add(x[2],x[5])),pdiv(x[5],x[5]))), add(x[5],x[2]))",True,"greater_than_or_equal(pdiv(mul(x[5],x[2]),pdiv(x[2],x[5])), add(sub(x[7],x[7]),add(x[5],x[0])))",0.6107784431137724,ec48eb4aba9f475884bcf9e8f28adadc,0.6167664670658682,True,0.005988023952095856
8,21,"not_(less_than_or_equal(pdiv(x[5],x[5]),add(mul(x[5],sub(x[2],add(x[2],x[5]))),mul(x[7],mul(add(x[5],add(x[3],x[7])),mul(x[7],add(x[2],mul(pdiv(x[7],mul(x[5],x[0])),sub(sub(x[2],sub(pdiv(x[2],x[5]),mul(x[5],add(x[7],x[5])))),x[5])))))))))",False,,,f40e936ebf021d7a948caea38148ff2e,0.3053892215568862,False,0.0
8,21,"greater_than_or_equal(pdiv(x[5],add(x[2],sub(x[3],x[2]))), x[7])",True,"not_(less_than_or_equal(pdiv(x[5],x[3]),x[7]))",0.3413173652694611,e691e9faf9d6cf6a1c64f756c672a16e,0.3413173652694611,False,0.0
8,21,"greater_than_or_equal(x[5], mul(x[7],add(add(sub(x[2],pdiv(sub(add(x[5],x[2]),mul(x[7],add(add(sub(sub(pdiv(x[7],add(sub(mul(x[2],x[2]),pdiv(pdiv(x[5],x[7]),add(x[3],x[5]))),x[5])),x[5]),x[3]),x[5]),add(x[5],x[2])))),x[5])),x[5]),mul(x[5],x[7]))))",False,,,e0ec0e8f959a7955217cf34e9a0cf686,0.2574850299401198,False,0.0
8,21,"greater_than_or_equal(x[5], mul(x[7],add(x[5],add(pdiv(x[2],x[5]),add(x[5],pdiv(pdiv(mul(mul(x[7],x[5]),mul(x[2],pdiv(pdiv(mul(add(x[5],x[2]),x[5]),add(add(sub(x[7],sub(x[7],x[5])),add(x[2],x[7])),x[3])),x[7]))),mul(x[7],x[5])),x[3]))))))",False,,,ad52c08cc38b8e548a4f71ff5be864b5,0.40718562874251496,False,0.0
8,21,"greater_than_or_equal(pdiv(x[5],x[5]), add(x[5],x[2]))",True,"not_(less_than_or_equal(pdiv(x[5],x[5]),add(x[5],x[2])))",0.2455089820359282,5825d6d8d32996f2f81bb41cc0bfa92f,0.2455089820359282,False,0.0
8,21,"not_(less_than_or_equal(pdiv(x[5],x[5]),add(x[5],mul(01.48,mul(x[5],x[7])))))",True,"not_(less_than_or_equal(pdiv(x[5],x[5]),add(x[5],mul(01.48,mul(x[5],x[7])))))",0.29940119760479045,b4ff465b26af689d919b2cac8a388e24,0.29940119760479045,False,0.0
8,21,"greater_than_or_equal(add(x[2],x[5]), x[7])",True,"greater_than_or_equal(add(x[5],x[2]), x[7])",0.38323353293413176,6412fe182f7defc06678d0a1041106c2,0.38323353293413176,False,0.0
8,21,"less_than_or_equal(add(mul(x[5],pdiv(x[5],mul(x[7],add(x[5],x[7])))),pdiv(mul(x[2],x[2]),sub(x[5],x[5]))),pdiv(x[2],x[5]))",True,"less_than_or_equal(x[0],mul(add(x[3],x[2]),sub(x[2],x[5])))",0.652694610778443,7db144d80e7764d52718b602dba1350e,0.6706586826347305,True,0.017964071856287456
8,21,"not_(less_than_or_equal(pdiv(x[5],x[7]),add(add(x[5],add(x[2],x[5])),x[3])))",True,"greater_than_or_equal(x[5], mul(x[7],add(x[5],pdiv(x[5],x[5]))))",0.33532934131736525,fa01caa917a58bbda28cb775016b8bd1,0.3772455089820359,True,0.041916167664670656
8,21,"greater_than_or_equal(pdiv(x[5],mul(pdiv(x[7],04.94),x[7])), x[2])",True,"not_(less_than_or_equal(pdiv(45.04,pdiv(x[2],x[5])),mul(pdiv(x[7],x[5]),add(x[5],x[2]))))",0.33532934131736525,9cfba0b180ed26e60c347e9f9301dd11,0.3413173652694611,True,0.005988023952095856
8,21,"greater_than_or_equal(sub(add(x[5],x[7]),pdiv(mul(x[2],x[5]),mul(x[2],add(sub(add(add(sub(x[3],add(x[0],x[7])),add(x[2],x[7])),x[2]),add(x[2],x[3])),add(pdiv(x[3],pdiv(x[7],add(x[2],x[7]))),pdiv(x[3],x[7])))))), x[3])",False,,,2db4109c2f534bf9409f87af03062af2,0.5029940119760479,False,0.0
8,21,"not_(less_than_or_equal(pdiv(x[5],pdiv(add(add(mul(x[2],x[5]),mul(x[7],mul(add(pdiv(sub(add(sub(pdiv(x[5],x[7]),x[5]),add(x[2],x[5])),x[7]),pdiv(x[5],x[7])),x[5]),x[5]))),x[2]),add(sub(x[7],x[7]),pdiv(x[5],x[5])))),mul(mul(x[5],x[7]),pdiv(x[7],x[3]))))",False,,,6eb3050756ebd0f0d349b5680034f9f4,0.25149700598802394,False,0.0
8,21,"greater_than_or_equal(sub(sub(x[0],mul(x[5],x[5])),add(x[7],x[2])), x[3])",True,not_(x[6]),0.6347305389221557,b4068ba57b63c959651c969331c4b5cd,0.6407185628742516,True,0.005988023952095856
8,21,"greater_than_or_equal(pdiv(x[3],x[3]), add(add(x[7],x[0]),x[2]))",True,"greater_than_or_equal(pdiv(x[5],x[5]), add(add(x[7],x[0]),x[2]))",0.20359281437125754,2c8ba4c0896bdabce262eefb429de9c2,0.20359281437125754,False,0.0
8,21,"greater_than_or_equal(x[5], mul(mul(x[7],add(x[7],mul(add(add(x[5],x[5]),x[7]),add(add(x[2],add(x[7],x[5])),x[0])))),sub(sub(x[2],sub(x[5],mul(x[7],add(x[7],add(pdiv(mul(x[5],x[5]),x[0]),add(sub(x[2],x[5]),x[2])))))),add(pdiv(mul(x[5],x[5]),pdiv(x[3],x[7])),x[2]))))",False,,,a4d850bcc16153617eeaa7156d8a2b9e,0.2694610778443114,False,0.0
8,21,"greater_than_or_equal(pdiv(x[5],x[5]), add(x[2],x[7]))",True,"less_than_or_equal(add(mul(x[7],pdiv(x[5],x[5])),x[2]),add(sub(x[7],x[7]),pdiv(69.44,sub(x[3],x[3]))))",0.19161676646706582,14c6e007ad625f3839f568e9ee8a86e1,0.19161676646706582,False,0.0
8,21,"greater_than_or_equal(sub(x[5],x[5]), x[5])",True,not_(x[6]),0.6347305389221557,b4068ba57b63c959651c969331c4b5cd,0.6347305389221557,False,0.0
8,21,"greater_than_or_equal(x[5], mul(x[7],mul(x[3],x[7])))",True,"less_than_or_equal(mul(x[3],x[7]),pdiv(x[5],x[7]))",0.33532934131736525,115d9de2e8f1cf584c1a290a69da8222,0.33532934131736525,False,0.0
8,21,"greater_than_or_equal(x[5], mul(x[7],x[7]))",True,"not_(less_than_or_equal(x[5],mul(x[7],x[7])))",0.3532934131736527,6208c2f2bc232c7eeeb665b7dcc66661,0.3532934131736527,False,0.0
8,21,"greater_than_or_equal(sub(pdiv(x[5],x[7]),x[7]), x[5])",True,"greater_than_or_equal(x[5], mul(x[7],add(x[7],x[5])))",0.22754491017964074,051dec5cdded21754165aaf5f887a47e,0.22754491017964074,False,0.0
8,21,"not_(less_than_or_equal(pdiv(x[5],x[7]),add(x[5],mul(x[5],add(x[2],x[7])))))",True,"not_(less_than_or_equal(pdiv(x[5],x[7]),add(x[5],mul(x[5],add(add(x[7],x[0]),x[2])))))",0.23353293413173648,40d19945513b721f8a7891f4912df659,0.21556886227544914,True,-0.017964071856287345
8,21,"greater_than_or_equal(x[5], mul(x[2],add(x[7],x[0])))",True,"not_(less_than_or_equal(x[5],mul(x[2],add(x[7],x[0]))))",0.32335329341317365,354e2deeabd50563319a4f341cf0421d,0.32335329341317365,False,0.0
8,21,"not_(less_than_or_equal(pdiv(x[5],x[7]),sub(x[3],x[3])))",True,"less_than_or_equal(x[2],x[2])",0.35928143712574845,bd082d42dcba8056510101f18394b575,0.3652694610778443,True,0.005988023952095856
8,21,"not_(greater_than_or_equal(mul(x[5],x[3]), add(x[2],x[5])))",True,"less_than_or_equal(x[2],x[2])",0.35928143712574845,bd082d42dcba8056510101f18394b575,0.35928143712574845,False,0.0
8,21,"greater_than_or_equal(pdiv(x[5],mul(pdiv(x[7],x[5]),add(x[2],mul(sub(sub(x[0],x[2]),mul(pdiv(x[5],x[2]),x[5])),x[2])))), add(x[3],x[7]))",False,,,33461993cf92677df0e2384ea98d2b18,0.47904191616766467,False,0.0
8,21,"greater_than_or_equal(pdiv(mul(mul(x[5],add(x[3],sub(add(x[5],x[7]),pdiv(mul(x[2],x[2]),sub(x[5],x[5]))))),pdiv(x[2],x[5])),x[5]), add(x[5],x[2]))",False,,,45c2a857b634549335d88b91833f97fd,0.6706586826347305,False,0.0
8,21,"less_than_or_equal(x[5],mul(add(x[7],x[2]),x[7]))",True,"less_than_or_equal(x[5],mul(x[7],add(x[7],x[2])))",0.7544910179640718,8c52beebfa12f686cbcfb2b624ae259f,0.7544910179640718,False,0.0
8,21,"greater_than_or_equal(00.39, mul(sub(add(add(x[0],x[7]),add(x[0],x[2])),x[0]),x[2]))",False,,,0730049552749583fe5140328d82478a,0.19161676646706582,False,0.0
8,21,"not_(less_than_or_equal(pdiv(x[5],x[7]),add(x[5],mul(x[2],add(x[2],x[5])))))",True,"greater_than_or_equal(pdiv(x[5],add(x[2],x[5])), mul(x[7],add(x[7],x[2])))",0.22754491017964074,03cdbf78340266c3fe5244354fc41bd4,0.22155688622754488,True,-0.005988023952095856
8,21,"not_(less_than_or_equal(pdiv(x[5],add(x[2],x[3])),add(x[7],add(x[5],x[2]))))",False,,,62186c5c045ac12f2ed4019a8eb5a96c,0.4730538922155688,False,0.0
8,21,"greater_than_or_equal(sub(pdiv(x[5],x[2]),mul(x[5],add(x[2],29.53))), add(x[2],x[0]))",True,not_(x[6]),0.6347305389221557,b4068ba57b63c959651c969331c4b5cd,0.6407185628742516,True,0.005988023952095856
8,21,"greater_than_or_equal(pdiv(x[3],x[5]), add(sub(x[5],x[5]),add(add(x[7],x[5]),add(x[7],x[2]))))",True,"greater_than_or_equal(pdiv(x[3],add(add(x[5],x[2]),add(x[7],x[7]))), x[5])",0.5209580838323353,38589326a735f75940387d43bfe59d70,0.5209580838323353,False,0.0
8,21,"greater_than_or_equal(x[5], mul(pdiv(x[5],x[2]),x[5]))",True,"greater_than_or_equal(pdiv(x[5],x[5]), pdiv(x[5],x[2]))",0.6287425149700598,6bfcfa4619606afbfb03b09dddb37dde,0.6287425149700598,False,0.0
8,21,"greater_than_or_equal(x[3], mul(x[7],add(pdiv(pdiv(add(pdiv(pdiv(x[2],x[5]),x[0]),x[2]),add(x[0],add(x[7],x[7]))),x[5]),add(x[2],x[0]))))",False,,,692d00861ffde79f0461823ca75e5d2e,0.5988023952095809,False,0.0
8,21,"greater_than_or_equal(x[5], x[0])",True,"less_than_or_equal(x[0],x[5])",0.37125748502994016,cdcd6f1e6c091ac380f1476046586fe6,0.37125748502994016,False,0.0
8,21,"greater_than_or_equal(x[0], x[7])",True,"less_than_or_equal(x[7],x[0])",0.5449101796407185,be077d9307e8548c7420a3c3b9c6aaf2,0.5449101796407185,False,0.0
8,21,"greater_than_or_equal(x[5], x[3])",True,"less_than_or_equal(mul(sub(x[7],x[0]),pdiv(x[7],25.93)),pdiv(x[7],sub(mul(x[3],x[5]),mul(x[3],x[3]))))",0.5089820359281437,8ad7ccd0e2bcf51cfea619f1321f2792,0.5089820359281437,False,0.0
8,21,"greater_than_or_equal(pdiv(x[5],x[7]), add(x[5],x[5]))",True,"greater_than_or_equal(x[5], mul(x[7],add(x[5],x[5])))",0.2455089820359282,9545aae94dd0fcb8b281ddfedf2da4e6,0.2455089820359282,False,0.0
8,21,"greater_than_or_equal(pdiv(pdiv(x[7],x[2]),x[5]), x[7])",True,"less_than_or_equal(x[2],x[2])",0.35928143712574845,bd082d42dcba8056510101f18394b575,0.35928143712574845,False,0.0
8,21,"greater_than_or_equal(x[5], mul(x[7],add(45.47,x[2])))",True,not_(x[6]),0.6347305389221557,b4068ba57b63c959651c969331c4b5cd,0.6347305389221557,False,0.0
8,21,"greater_than_or_equal(pdiv(pdiv(x[2],x[5]),x[5]), add(x[5],x[2]))",False,,,ddcdea394f4885f53045a15151f863ab,0.4850299401197605,False,0.0
8,21,"greater_than_or_equal(x[5], sub(mul(x[7],x[5]),add(pdiv(x[2],x[5]),add(x[5],sub(pdiv(mul(mul(x[7],x[5]),mul(x[2],mul(pdiv(mul(x[2],x[2]),sub(x[5],x[5])),add(mul(x[7],add(x[5],x[5])),mul(x[5],add(x[0],add(x[5],x[2]))))))),mul(sub(x[7],sub(pdiv(pdiv(mul(x[5],x[7]),add(x[2],x[7])),x[2]),add(x[2],x[3]))),add(pdiv(x[3],pdiv(x[7],add(x[2],x[7]))),pdiv(x[3],x[7])))),x[3])))))",False,,,97319a840db5383b9930d5b40124f3ce,0.3293413173652695,False,0.0
8,21,"greater_than_or_equal(pdiv(x[5],mul(pdiv(x[7],add(pdiv(pdiv(x[5],x[7]),add(x[5],mul(x[3],x[7]))),x[5])),x[5])), add(x[0],x[7]))",False,,,bf317c1398813da6be1e7aa3b97196af,0.3293413173652695,False,0.0
8,21,"not_(greater_than_or_equal(x[5], sub(add(add(x[5],x[2]),x[5]),mul(x[7],add(x[7],x[5])))))",False,,,ad93d561041aee35f41d39f3072dfbeb,0.32335329341317365,False,0.0
8,21,"greater_than_or_equal(x[2], x[3])",True,"not_(less_than_or_equal(pdiv(x[5],x[5]),add(x[2],sub(pdiv(x[3],x[2]),add(mul(x[2],x[7]),mul(x[2],x[3]))))))",0.6586826347305389,97992d1c6392ce2361e75a580fad0a69,0.6347305389221557,True,-0.0239520958083832
8,21,"not_(less_than_or_equal(pdiv(x[5],add(x[2],add(x[7],x[7]))),x[7]))",True,"greater_than_or_equal(x[5], mul(x[7],add(x[7],add(x[3],x[2]))))",0.2934131736526946,1af7bd2c0e59084ce1038d0fa1df9be2,0.27544910179640714,True,-0.017964071856287456
8,21,"greater_than_or_equal(mul(add(mul(x[5],mul(x[7],mul(mul(x[5],mul(x[3],add(x[3],x[2]))),x[5]))),x[7]),add(add(x[2],add(x[7],x[7])),x[7])), add(mul(x[2],x[5]),x[7]))",False,,,67693a9e6e9bfc8fd4da53b433b8c05d,0.6407185628742516,False,0.0
8,21,"not_(less_than_or_equal(x[7],sub(sub(x[2],mul(x[0],x[5])),add(x[2],x[7]))))",True,"less_than_or_equal(x[2],x[2])",0.35928143712574845,bd082d42dcba8056510101f18394b575,0.35928143712574845,False,0.0
8,21,"greater_than_or_equal(x[5], mul(sub(sub(x[5],add(x[2],x[7])),add(x[2],mul(mul(x[5],x[5]),x[2]))),add(sub(x[7],x[7]),pdiv(x[5],x[5]))))",True,"less_than_or_equal(x[2],x[2])",0.35928143712574845,bd082d42dcba8056510101f18394b575,0.35928143712574845,False,0.0
8,21,"greater_than_or_equal(mul(x[2],sub(pdiv(x[5],x[5]),x[7])), x[2])",True,"greater_than_or_equal(pdiv(mul(x[5],x[2]),pdiv(x[2],x[5])), add(sub(x[7],x[7]),add(x[5],x[0])))",0.6107784431137724,ec48eb4aba9f475884bcf9e8f28adadc,0.6167664670658682,True,0.005988023952095856
8,21,"greater_than_or_equal(pdiv(x[5],mul(x[7],x[7])), add(sub(sub(x[5],sub(x[0],x[3])),mul(x[7],add(mul(x[5],sub(sub(sub(sub(x[2],x[2]),x[2]),x[5]),mul(x[7],add(x[7],x[5])))),add(pdiv(pdiv(x[5],x[2]),pdiv(mul(x[5],x[5]),add(x[3],x[7]))),x[5])))),x[2]))",True,"greater_than_or_equal(pdiv(pdiv(x[5],x[5]),add(x[5],x[0])), x[2])",0.3413173652694611,5005b0c334820b72e1246e09cfc64254,0.34730538922155685,True,0.0059880239520957446
8,21,"greater_than_or_equal(x[5], mul(x[7],add(pdiv(x[7],sub(x[2],x[5])),x[7])))",True,"not_(not_(less_than_or_equal(x[2],x[5])))",0.34730538922155685,4af53f79d9ad2ffac455113b88a02dd4,0.3173652694610778,True,-0.029940119760479056
8,21,"not_(less_than_or_equal(pdiv(x[5],x[5]),x[7]))",True,"not_(less_than_or_equal(pdiv(x[5],x[5]),add(pdiv(x[2],96.92),x[7])))",0.39520958083832336,db0e6c3409e9b2885c8014a7de8788af,0.39520958083832336,False,0.0
8,21,"not_(less_than_or_equal(pdiv(x[5],x[7]),add(add(x[3],add(mul(x[7],add(x[7],x[2])),x[3])),x[0])))",True,"greater_than_or_equal(x[5], mul(x[7],add(x[7],add(x[3],x[7]))))",0.31137724550898205,92552161c5d20d1b9aa117454bb6ae16,0.32335329341317365,True,0.0119760479041916
8,21,"greater_than_or_equal(x[5], mul(x[7],mul(add(pdiv(mul(mul(sub(pdiv(x[5],x[7]),x[5]),add(x[2],x[0])),x[2]),x[3]),x[5]),add(x[5],x[2]))))",False,,,175ec20208723bf9aa7b4e6d70b9a3b8,0.2694610778443114,False,0.0
8,21,"greater_than_or_equal(x[5], mul(05.19,pdiv(x[7],add(x[5],sub(x[7],sub(x[5],mul(x[5],x[5])))))))",True,"less_than_or_equal(x[7],sub(mul(x[3],x[5]),mul(x[3],x[3])))",0.6227544910179641,2dd89a1e9924a644885ec3ef9f28193f,0.6347305389221557,True,0.0119760479041916
8,21,"greater_than_or_equal(x[5], mul(x[2],x[7]))",True,"less_than_or_equal(sub(mul(x[2],x[7]),mul(x[0],x[7])),x[5])",0.34730538922155685,67e5c7a497be3e968ea5c2bd6433af6d,0.33532934131736525,True,-0.0119760479041916
8,21,"greater_than_or_equal(x[5], mul(x[0],add(x[5],x[5])))",True,"less_than_or_equal(x[0],mul(add(x[3],x[2]),pdiv(x[5],x[5])))",0.37125748502994016,a4b3109094a3eb1d4ea1563e85a80cc4,0.37125748502994016,False,0.0
8,21,"greater_than_or_equal(x[5], mul(x[7],x[5]))",True,"less_than_or_equal(x[2],x[2])",0.35928143712574845,bd082d42dcba8056510101f18394b575,0.35928143712574845,False,0.0
8,21,"greater_than_or_equal(x[5], mul(x[7],add(x[5],x[5])))",True,"greater_than_or_equal(x[5], mul(x[7],add(x[5],x[5])))",0.2455089820359282,9545aae94dd0fcb8b281ddfedf2da4e6,0.2455089820359282,False,0.0
8,21,"greater_than_or_equal(x[5], mul(x[5],mul(x[7],add(add(add(pdiv(x[5],mul(x[7],add(x[7],mul(x[2],mul(mul(x[5],x[2]),x[5]))))),x[2]),mul(x[7],add(mul(x[5],mul(add(x[2],add(x[7],x[7])),x[2])),x[0]))),add(add(x[2],x[3]),add(x[2],x[5]))))))",False,,,af10530fc61108ff25401f21159bfe00,0.652694610778443,False,0.0
8,21,"not_(less_than_or_equal(pdiv(x[5],x[7]),add(x[5],mul(x[7],add(x[7],x[5])))))",True,"greater_than_or_equal(sub(pdiv(x[5],x[7]),x[5]), mul(x[7],add(x[7],x[5])))",0.2455089820359282,bd60c72475b288ea9487852ed6852c02,0.2455089820359282,False,0.0
8,21,"not_(less_than_or_equal(pdiv(x[5],x[5]),add(x[2],x[5])))",True,"not_(less_than_or_equal(pdiv(x[5],x[5]),add(x[5],x[2])))",0.2455089820359282,5825d6d8d32996f2f81bb41cc0bfa92f,0.2455089820359282,False,0.0
8,21,"greater_than_or_equal(sub(pdiv(x[5],x[7]),x[5]), x[2])",True,"greater_than_or_equal(x[5], mul(x[7],add(x[5],x[2])))",0.23353293413173648,49521aab13419e9d4582e656c37790ef,0.23353293413173648,False,0.0
8,21,"greater_than_or_equal(x[2], add(sub(x[7],x[7]),pdiv(x[3],x[5])))",False,,,cbee2d92838033a86dddce4a6338222c,0.6586826347305389,False,0.0
8,21,"greater_than_or_equal(x[5], pdiv(add(mul(add(x[7],x[5]),mul(x[2],add(x[7],x[5]))),add(x[0],add(x[5],x[2]))),x[7]))",True,not_(x[6]),0.6347305389221557,b4068ba57b63c959651c969331c4b5cd,0.6407185628742516,True,0.005988023952095856
8,21,"greater_than_or_equal(x[5], mul(add(sub(x[7],sub(x[3],x[5])),mul(x[7],sub(x[2],x[7]))),x[2]))",False,,,b7327cdb7dcf4885f44bc5c8f2db9bff,0.31137724550898205,False,0.0
8,21,"not_(less_than_or_equal(pdiv(x[5],add(x[2],x[7])),add(add(x[2],x[3]),add(x[2],x[5]))))",True,"not_(less_than_or_equal(pdiv(x[5],pdiv(add(x[2],x[5]),x[5])),add(x[7],x[2])))",0.437125748502994,93511222f6446c52b88e8f62b0ab5b94,0.4491017964071856,True,0.0119760479041916
8,21,"greater_than_or_equal(pdiv(x[3],x[3]), add(add(x[7],mul(x[7],add(x[5],mul(x[5],add(add(x[7],x[0]),x[2]))))),x[0]))",False,,,48032814f25d57e87b7188bb51a6b639,0.281437125748503,False,0.0
8,21,"greater_than_or_equal(x[5], mul(x[2],sub(add(x[5],x[5]),add(x[7],x[0]))))",False,,,a3a17ce62d95fb9f50c045e1a98b1221,0.34730538922155685,False,0.0
8,21,"greater_than_or_equal(sub(pdiv(x[5],x[7]),add(x[5],x[5])), mul(x[5],add(x[0],add(x[5],x[2]))))",False,,,50378906d8bd1e8c08751f058a68e867,0.32335329341317365,False,0.0
8,21,"greater_than_or_equal(x[7], mul(x[2],x[7]))",True,"not_(greater_than_or_equal(mul(x[7],x[2]), x[7]))",0.34730538922155685,f69cf4961d82af0c72c0014d2a401904,0.34730538922155685,False,0.0
8,21,"less_than_or_equal(x[5],mul(x[7],x[7]))",True,"not_(greater_than_or_equal(pdiv(x[5],x[7]), x[7]))",0.6467065868263473,a26ec0dc91a6fbacf2b5a4cf9fbeefc1,0.6467065868263473,False,0.0
8,21,"greater_than_or_equal(pdiv(x[5],x[5]), x[2])",True,"not_(greater_than_or_equal(mul(x[7],x[2]), x[7]))",0.34730538922155685,f69cf4961d82af0c72c0014d2a401904,0.34730538922155685,False,0.0
8,21,"greater_than_or_equal(pdiv(add(mul(add(mul(x[5],add(x[7],x[2])),x[3]),x[5]),x[5]),add(x[2],x[5])), x[3])",True,"greater_than_or_equal(add(mul(x[0],x[3]),pdiv(x[5],x[3])), x[2])",0.3293413173652695,f0c5da2fb3fda6018ebf0885b8c1ea67,0.3293413173652695,False,0.0
8,21,"greater_than_or_equal(sub(pdiv(x[5],x[7]),add(mul(x[2],x[0]),mul(x[2],add(sub(x[7],sub(x[3],mul(x[5],x[7]))),add(add(sub(x[7],x[2]),add(x[2],x[3])),add(pdiv(x[3],pdiv(x[7],add(x[2],x[7]))),pdiv(x[3],x[7]))))))), x[3])",False,,,510b18be825eb0138929d225104b07e4,0.281437125748503,False,0.0
8,21,"greater_than_or_equal(sub(x[5],mul(pdiv(add(sub(x[5],92.04),add(x[2],x[5])),x[2]),x[5])), x[5])",True,"less_than_or_equal(pdiv(sub(x[0],x[0]),sub(x[0],x[2])),x[0])",0.38323353293413176,d0734af37aab8e9b6c733bcf8f431f61,0.38323353293413176,False,0.0
8,21,"greater_than_or_equal(pdiv(x[5],add(x[2],x[5])), mul(add(add(x[7],x[0]),x[2]),x[0]))",False,,,2afdb3460d0087df5a4ca655711ccc83,0.3293413173652695,False,0.0
8,21,"greater_than_or_equal(pdiv(x[7],add(x[5],add(sub(x[2],add(x[2],x[3])),add(pdiv(x[3],pdiv(x[7],add(x[2],x[7]))),pdiv(x[3],x[7]))))), x[3])",False,,,00c73e12ebcebfbab3134064644cfadb,0.652694610778443,False,0.0
8,21,"greater_than_or_equal(pdiv(x[5],x[2]), mul(x[7],add(add(pdiv(x[5],x[3]),x[7]),add(add(sub(x[2],x[7]),add(x[5],x[7])),x[2]))))",False,,,67450e8312b96402b50bbee0a3c3034c,0.2574850299401198,False,0.0
8,21,"greater_than_or_equal(x[2], mul(add(x[5],x[2]),x[7]))",True,"not_(less_than_or_equal(pdiv(x[2],x[7]),add(x[5],x[2])))",0.46706586826347307,ba0578c6a0d25654bf689821b685b78a,0.46706586826347307,False,0.0
8,21,"greater_than_or_equal(add(mul(x[7],add(x[5],x[2])),sub(x[3],mul(x[5],x[7]))), add(49.99,x[0]))",True,not_(x[6]),0.6347305389221557,b4068ba57b63c959651c969331c4b5cd,0.6407185628742516,True,0.005988023952095856
8,21,"greater_than_or_equal(pdiv(pdiv(x[3],add(x[5],x[2])),add(sub(x[7],sub(x[5],mul(x[5],x[5]))),add(x[5],x[2]))), mul(x[7],pdiv(sub(x[7],x[2]),add(x[2],x[3]))))",False,,,6057ed224ae6a617e8e42ed65774230b,0.35928143712574845,False,0.0
8,21,"greater_than_or_equal(pdiv(x[5],add(x[3],x[7])), add(sub(sub(x[5],sub(44.79,sub(add(mul(x[5],sub(sub(x[7],x[2]),x[2])),x[2]),x[5]))),x[2]),add(sub(x[7],x[7]),pdiv(x[5],x[5]))))",True,"less_than_or_equal(x[2],x[2])",0.35928143712574845,bd082d42dcba8056510101f18394b575,0.35928143712574845,False,0.0
8,21,"greater_than_or_equal(sub(pdiv(pdiv(mul(x[7],x[5]),x[5]),mul(x[7],add(x[7],x[5]))),x[5]), 51.90)",True,not_(x[6]),0.6347305389221557,b4068ba57b63c959651c969331c4b5cd,0.6407185628742516,True,0.005988023952095856
8,21,"greater_than_or_equal(x[2], 91.90)",True,not_(x[6]),0.6347305389221557,b4068ba57b63c959651c969331c4b5cd,0.6407185628742516,True,0.005988023952095856
8,21,"greater_than_or_equal(sub(pdiv(x[5],x[7]),mul(x[7],x[2])), x[2])",True,"greater_than_or_equal(x[5], mul(x[7],mul(add(pdiv(x[7],x[7]),x[7]),x[2])))",0.29940119760479045,2c5c307a5f5936efefc4d993ff68a8f1,0.29940119760479045,False,0.0
8,21,"greater_than_or_equal(x[5], mul(x[3],add(x[5],x[7])))",True,"greater_than_or_equal(x[5], mul(x[3],add(x[7],x[5])))",0.34730538922155685,ee82527b3be3ea4b612afa77bf0a2494,0.34730538922155685,False,0.0
8,21,"greater_than_or_equal(x[5], mul(x[5],mul(x[5],add(x[2],add(x[5],x[2])))))",True,"greater_than_or_equal(pdiv(x[5],x[5]), add(x[5],mul(x[5],mul(x[2],add(x[2],x[5])))))",0.28742514970059885,0ad01c0fde70f71d08168ee92373ecda,0.28742514970059885,False,0.0
8,21,"less_than_or_equal(add(mul(x[7],x[2]),x[7]),sub(x[7],pdiv(x[2],x[7])))",True,"greater_than_or_equal(pdiv(mul(x[5],x[2]),pdiv(x[2],x[5])), add(sub(x[7],x[7]),add(x[5],x[0])))",0.6107784431137724,ec48eb4aba9f475884bcf9e8f28adadc,0.6167664670658682,True,0.005988023952095856
8,21,"greater_than_or_equal(x[5], mul(x[7],add(pdiv(mul(x[0],x[5]),add(sub(x[2],add(x[2],x[3])),add(pdiv(x[3],pdiv(x[7],add(pdiv(add(x[7],x[2]),x[0]),09.69))),x[5]))),x[5])))",False,,,9f81d690cc68e98c177e2d7deb8e3167,0.3652694610778443,False,0.0
8,21,"not_(less_than_or_equal(pdiv(x[5],x[7]),add(mul(x[2],x[5]),mul(x[7],mul(mul(x[2],add(x[7],x[5])),add(x[0],add(x[2],x[2])))))))",False,,,427cee0720eeeb44e0b3248d2714a02d,0.25149700598802394,False,0.0
8,21,"not_(less_than_or_equal(pdiv(x[5],x[7]),sub(x[5],add(pdiv(x[7],sub(pdiv(x[5],x[7]),x[5])),add(x[2],x[5])))))",True,"less_than_or_equal(x[2],x[2])",0.35928143712574845,bd082d42dcba8056510101f18394b575,0.35928143712574845,False,0.0
8,21,"greater_than_or_equal(x[5], mul(x[7],add(x[5],mul(mul(pdiv(pdiv(x[0],x[5]),x[7]),pdiv(x[5],x[5])),mul(mul(x[2],add(sub(x[7],x[7]),pdiv(x[5],x[5]))),mul(mul(x[5],x[7]),pdiv(x[7],x[3])))))))",False,,,eb0ab6f201a79bb2c9adfd106b1a6ef6,0.27544910179640714,False,0.0
8,21,"greater_than_or_equal(pdiv(pdiv(sub(add(x[2],x[7]),42.02),x[7]),add(x[2],x[5])), add(x[2],x[5]))",True,not_(x[6]),0.6347305389221557,b4068ba57b63c959651c969331c4b5cd,0.6407185628742516,True,0.005988023952095856
8,21,"greater_than_or_equal(sub(x[5],add(mul(x[7],add(x[5],mul(x[5],add(x[7],x[5])))),mul(add(add(x[0],x[7]),x[7]),x[0]))), x[2])",False,,,98ec4f62ecd2b75a6c4e79a3f0dec494,0.4011976047904192,False,0.0
8,21,"greater_than_or_equal(add(x[2],x[5]), pdiv(pdiv(sub(x[5],mul(x[5],x[5])),add(x[7],x[2])),x[3]))",False,,,58aac23d237127ae3812dddfefa3bb26,0.6766467065868264,False,0.0
8,21,"greater_than_or_equal(pdiv(x[5],add(sub(x[7],x[7]),pdiv(x[5],x[5]))), mul(mul(x[5],x[7]),pdiv(x[7],x[3])))",True,"greater_than_or_equal(x[3], mul(x[7],x[7]))",0.3413173652694611,3d72bbc340f037088e8e4149f2ca8ce3,0.33532934131736525,True,-0.005988023952095856
8,21,"greater_than_or_equal(sub(pdiv(pdiv(49.90,add(mul(x[5],sub(x[0],add(x[5],x[3]))),add(sub(x[7],sub(x[3],mul(x[5],x[7]))),add(x[2],x[7])))),x[2]),add(x[2],x[3])), add(pdiv(x[3],pdiv(x[7],add(x[2],x[7]))),pdiv(x[3],x[7])))",False,,,6a2f46d411070c1c96b738c79afb0678,0.6407185628742516,False,0.0
8,21,"greater_than_or_equal(00.95, mul(x[5],add(x[2],x[5])))",True,"not_(greater_than_or_equal(mul(x[5],add(x[5],x[2])), add(sub(x[7],x[7]),pdiv(x[5],x[5]))))",0.27544910179640714,66d1f1f84d146fdd572ef7ee95562584,0.2694610778443114,True,-0.0059880239520957446
8,21,"greater_than_or_equal(x[5], mul(x[7],add(add(sub(x[2],x[2]),x[7]),x[7])))",True,"greater_than_or_equal(x[5], mul(x[7],add(x[7],x[7])))",0.26347305389221554,94282a7a6b76cc442b45c7114793e867,0.26347305389221554,False,0.0
8,21,"greater_than_or_equal(pdiv(x[7],add(x[7],add(x[5],x[7]))), x[2])",False,,,09b48aa19a17b52701f8c2910521b271,0.3532934131736527,False,0.0
8,21,"greater_than_or_equal(x[5], x[5])",True,"less_than_or_equal(x[2],x[2])",0.35928143712574845,bd082d42dcba8056510101f18394b575,0.35928143712574845,False,0.0
8,21,"greater_than_or_equal(pdiv(x[5],add(x[2],x[2])), x[5])",True,"not_(less_than_or_equal(pdiv(x[5],x[5]),add(x[2],x[2])))",0.25149700598802394,b1dd33075a09479c47bb17a355eef7af,0.25149700598802394,False,0.0
8,21,"greater_than_or_equal(pdiv(x[5],add(x[2],mul(x[5],add(x[0],mul(x[5],x[2]))))), add(sub(x[7],x[7]),add(sub(x[2],x[7]),add(x[5],x[7]))))",False,,,ba22635476392c5c588f4bf652e38f23,0.23952095808383234,False,0.0
8,21,"greater_than_or_equal(x[5], mul(x[5],x[3]))",True,"less_than_or_equal(x[2],x[2])",0.35928143712574845,bd082d42dcba8056510101f18394b575,0.35928143712574845,False,0.0
8,21,"not_(less_than_or_equal(pdiv(x[3],add(pdiv(pdiv(x[5],x[7]),add(x[2],x[2])),pdiv(add(x[5],x[2]),mul(x[7],x[7])))),add(x[7],x[2])))",True,"greater_than_or_equal(pdiv(x[5],sub(x[7],x[3])), 95.24)",0.6167664670658682,ba19007e087effce903fa62d3564e852,0.6407185628742516,True,0.02395209580838331
8,21,"greater_than_or_equal(sub(pdiv(x[5],x[7]),add(mul(x[2],x[5]),mul(x[2],add(sub(x[7],sub(x[3],mul(x[5],x[5]))),add(49.49,pdiv(x[5],mul(x[7],add(x[3],x[2])))))))), x[7])",True,"not_(less_than_or_equal(pdiv(x[5],x[7]),mul(add(x[2],x[2]),89.74)))",0.6047904191616766,b43cb00a20044ea1c11cc702bd218446,0.5808383233532934,True,-0.0239520958083832
8,21,"greater_than_or_equal(x[5], mul(mul(x[7],add(x[7],sub(add(x[2],x[5]),x[7]))),sub(x[5],mul(x[5],x[5]))))",True,"less_than_or_equal(x[2],x[2])",0.35928143712574845,bd082d42dcba8056510101f18394b575,0.35928143712574845,False,0.0
8,21,"greater_than_or_equal(add(mul(x[5],x[2]),add(x[5],x[5])), x[7])",False,,,54bb1ff210ee94b1ca96a5aa46d07bad,0.32335329341317365,False,0.0
8,21,"not_(less_than_or_equal(pdiv(x[5],x[7]),add(sub(x[0],x[2]),add(pdiv(pdiv(x[5],x[5]),add(x[5],sub(x[7],mul(x[2],x[3])))),x[7]))))",False,,,859ff328e95ffb4a5a209c2d37832c4f,0.44311377245508987,False,0.0
8,21,"not_(greater_than_or_equal(mul(add(x[5],x[2]),mul(x[7],add(mul(x[5],mul(add(x[2],add(x[7],x[7])),x[2])),x[0]))), add(add(x[2],x[3]),add(x[2],x[5]))))",True,"greater_than_or_equal(pdiv(pdiv(x[5],x[5]),add(x[5],x[0])), x[2])",0.3413173652694611,5005b0c334820b72e1246e09cfc64254,0.3413173652694611,False,0.0
8,21,"greater_than_or_equal(x[5], mul(x[7],add(mul(x[7],add(mul(x[7],add(mul(x[0],add(add(mul(mul(x[7],pdiv(pdiv(mul(x[3],pdiv(x[2],x[7])),sub(x[2],sub(pdiv(x[5],x[2]),x[5]))),x[5])),x[5]),add(x[7],sub(x[7],mul(x[3],x[7])))),x[7])),add(x[7],x[2]))),x[7])),x[5])))",True,"greater_than_or_equal(sub(pdiv(x[5],x[7]),x[5]), mul(x[7],add(x[7],x[5])))",0.2455089820359282,bd60c72475b288ea9487852ed6852c02,0.22155688622754488,True,-0.02395209580838331
8,21,"greater_than_or_equal(pdiv(x[5],x[5]), add(add(x[2],x[0]),add(add(x[2],x[3]),add(x[2],x[2]))))",False,,,52682961350ffcff285f4589bfcd9c29,0.4970059880239521,False,0.0
8,21,"greater_than_or_equal(pdiv(x[7],add(01.43,mul(x[5],x[5]))), add(x[7],x[2]))",True,not_(x[6]),0.6347305389221557,b4068ba57b63c959651c969331c4b5cd,0.6407185628742516,True,0.005988023952095856
8,21,"less_than_or_equal(add(mul(x[5],x[7]),x[2]),x[5])",True,"not_(less_than_or_equal(pdiv(x[5],add(x[2],x[7])),add(x[2],x[7])))",0.2694610778443114,080245d0c5557c2b7fe695c6972120c2,0.3053892215568862,True,0.0359281437125748
8,21,"greater_than_or_equal(x[5], mul(add(x[7],x[5]),x[5]))",True,"not_(less_than_or_equal(pdiv(x[5],x[5]),add(x[7],x[5])))",0.32335329341317365,e44f6a949f00cb0bf86b1105d7c3453d,0.32335329341317365,False,0.0
8,21,"greater_than_or_equal(x[5], pdiv(x[5],mul(x[0],x[5])))",True,not_(x[6]),0.6347305389221557,b4068ba57b63c959651c969331c4b5cd,0.6407185628742516,True,0.005988023952095856
8,21,"greater_than_or_equal(mul(x[7],add(x[7],x[2])), x[3])",True,"greater_than_or_equal(mul(x[7],add(x[7],x[2])), x[3])",0.7305389221556886,564ba6911c05d2ca577278813cae940e,0.7305389221556886,False,0.0
8,21,"not_(less_than_or_equal(pdiv(add(mul(x[5],sub(x[5],sub(x[7],mul(x[2],x[3])))),pdiv(sub(pdiv(x[7],x[7]),x[7]),mul(x[7],add(x[7],x[2])))),x[7]),add(mul(x[3],x[5]),pdiv(x[3],x[3]))))",True,"greater_than_or_equal(add(pdiv(x[5],x[5]),add(x[5],x[0])), mul(add(pdiv(x[7],add(x[5],x[2])),add(sub(x[7],sub(x[5],mul(x[5],x[5]))),add(x[5],x[2]))),mul(x[7],pdiv(mul(x[5],x[5]),x[0]))))",0.2455089820359282,c5b7a9be8fe34a4ed8432135cd85cd7b,0.22754491017964074,True,-0.017964071856287456
8,21,"not_(less_than_or_equal(add(sub(mul(79.49,mul(x[7],add(x[7],x[5]))),x[3]),x[3]),add(pdiv(pdiv(x[7],x[5]),add(x[2],x[7])),x[2])))",False,,,50979dafda6421900c37ae4116040223,0.3652694610778443,False,0.0
8,21,"greater_than_or_equal(x[5], mul(x[7],add(x[5],x[7])))",True,"greater_than_or_equal(x[5], mul(x[7],add(x[7],x[5])))",0.22754491017964074,051dec5cdded21754165aaf5f887a47e,0.22754491017964074,False,0.0
8,21,"greater_than_or_equal(x[5], mul(x[7],add(mul(sub(x[5],x[7]),mul(x[2],x[3])),add(x[2],x[5]))))",False,,,aa956e9d93389438a88322111e1448bd,0.23952095808383234,False,0.0
8,21,"greater_than_or_equal(24.97, x[7])",True,"less_than_or_equal(x[2],x[2])",0.35928143712574845,bd082d42dcba8056510101f18394b575,0.35928143712574845,False,0.0
8,21,"greater_than_or_equal(pdiv(x[5],x[3]), x[7])",True,"not_(less_than_or_equal(pdiv(x[5],x[3]),x[7]))",0.3413173652694611,e691e9faf9d6cf6a1c64f756c672a16e,0.3413173652694611,False,0.0
8,21,"not_(less_than_or_equal(pdiv(x[5],add(x[2],pdiv(add(x[2],x[3]),mul(x[5],pdiv(add(x[7],x[0]),x[2]))))),x[0]))",False,,,fb9d4535655a0b9cb17ac8a9e5cc738c,0.39520958083832336,False,0.0
8,21,"greater_than_or_equal(x[5], mul(x[7],add(x[5],add(x[2],x[0]))))",True,"not_(less_than_or_equal(pdiv(x[5],add(add(pdiv(x[5],pdiv(x[2],x[2])),x[2]),x[0])),x[7]))",0.23353293413173648,0642bf057766d8c0e7cf90681e6afb02,0.23353293413173648,False,0.0
8,21,"greater_than_or_equal(pdiv(x[3],x[3]), add(add(x[7],mul(x[5],add(add(pdiv(x[0],x[5]),add(x[7],x[2])),mul(x[5],x[7])))),x[0]))",False,,,cbca9d5c884f4f70a331e6488a7f1fce,0.3293413173652695,False,0.0
8,21,"not_(less_than_or_equal(pdiv(x[5],x[7]),pdiv(add(x[2],add(x[7],x[5])),x[0])))",False,,,db7957ce753e7844588f3d25f330716b,0.38323353293413176,False,0.0
8,21,"greater_than_or_equal(x[5], mul(mul(x[7],add(x[7],add(add(add(x[5],x[3]),x[7]),add(x[2],x[7])))),x[7]))",False,,,4ad24df6ce1231dc3131e3b81590c2c9,0.281437125748503,False,0.0
8,21,"greater_than_or_equal(pdiv(x[5],x[5]), x[5])",True,"less_than_or_equal(x[2],x[2])",0.35928143712574845,bd082d42dcba8056510101f18394b575,0.35928143712574845,False,0.0
8,21,"greater_than_or_equal(x[5], x[3])",True,"less_than_or_equal(mul(sub(x[7],x[0]),pdiv(x[7],25.93)),pdiv(x[7],sub(mul(x[3],x[5]),mul(x[3],x[3]))))",0.5089820359281437,8ad7ccd0e2bcf51cfea619f1321f2792,0.5089820359281437,False,0.0
8,21,"greater_than_or_equal(pdiv(pdiv(x[5],x[0]),add(pdiv(x[2],mul(x[0],x[5])),x[5])), add(x[7],mul(mul(x[3],x[2]),x[7])))",False,,,930bba8398ec355148f3ee409272f6e1,0.28742514970059885,False,0.0
8,21,"greater_than_or_equal(x[5], mul(x[7],add(add(x[2],x[5]),x[5])))",True,"greater_than_or_equal(x[5], mul(x[7],add(x[5],add(x[2],x[5]))))",0.27544910179640714,b273e6241ac446c8ee6db4bc01755f47,0.27544910179640714,False,0.0
8,21,"greater_than_or_equal(pdiv(x[5],add(x[7],add(x[2],sub(x[2],x[7])))), mul(x[5],x[5]))",True,"not_(less_than_or_equal(pdiv(x[5],add(x[2],x[2])),mul(x[5],x[5])))",0.32335329341317365,3fddbd4dc60a7c93921f62a065786c93,0.3173652694610778,True,-0.005988023952095856
8,21,"greater_than_or_equal(sub(add(x[3],x[2]),mul(x[7],add(x[7],mul(x[7],add(x[5],x[2]))))), sub(x[3],add(pdiv(x[5],add(pdiv(add(x[2],x[5]),x[5]),mul(x[2],x[2]))),x[7])))",False,,,e966e1b858f8d07baaa035269308e0d1,0.3892215568862275,False,0.0
8,21,"greater_than_or_equal(pdiv(x[5],add(x[3],x[7])), add(sub(sub(x[5],sub(44.79,sub(add(mul(x[5],sub(sub(x[7],x[2]),x[2])),x[7]),x[5]))),x[2]),x[7]))",True,"less_than_or_equal(x[2],x[2])",0.35928143712574845,bd082d42dcba8056510101f18394b575,0.35928143712574845,False,0.0
8,21,"not_(greater_than_or_equal(x[5], x[5]))",True,not_(x[6]),0.6347305389221557,b4068ba57b63c959651c969331c4b5cd,0.6407185628742516,True,0.005988023952095856
8,21,"greater_than_or_equal(pdiv(x[3],pdiv(pdiv(x[3],x[7]),pdiv(x[2],x[0]))), add(add(x[2],x[3]),add(x[2],x[5])))",False,,,6ca1cc982d1e36f5d9f6b2c1c5f596cd,0.6586826347305389,False,0.0
8,21,"not_(greater_than_or_equal(mul(add(add(x[7],x[0]),x[2]),x[0]), add(add(x[5],x[7]),add(x[2],x[5]))))",True,"less_than_or_equal(x[2],x[2])",0.35928143712574845,bd082d42dcba8056510101f18394b575,0.35928143712574845,False,0.0
8,21,"greater_than_or_equal(add(add(x[2],x[3]),add(pdiv(x[3],pdiv(x[7],add(x[2],x[7]))),pdiv(x[3],x[7]))), x[3])",True,"less_than_or_equal(x[2],x[2])",0.35928143712574845,bd082d42dcba8056510101f18394b575,0.35928143712574845,False,0.0
8,21,"not_(less_than_or_equal(pdiv(pdiv(x[5],01.48),mul(mul(mul(x[7],add(x[2],x[5])),x[7]),x[5])),add(mul(add(x[7],x[7]),x[7]),add(mul(x[2],x[5]),x[7]))))",True,"greater_than_or_equal(x[5], mul(x[5],mul(x[7],add(add(x[2],x[5]),mul(x[7],add(x[7],mul(x[2],mul(mul(x[5],x[2]),x[5]))))))))",0.23353293413173648,3ad37746a49fcf30298af6ef2146e78a,0.22754491017964074,True,-0.0059880239520957446
8,21,"not_(less_than_or_equal(pdiv(x[5],x[7]),add(x[5],x[5])))",True,"greater_than_or_equal(x[5], mul(x[7],add(x[5],x[5])))",0.2455089820359282,9545aae94dd0fcb8b281ddfedf2da4e6,0.25149700598802394,True,0.0059880239520957446
8,21,"not_(less_than_or_equal(pdiv(x[5],x[7]),mul(add(x[5],add(x[3],x[7])),mul(x[7],add(x[2],mul(pdiv(x[7],mul(x[5],mul(sub(sub(sub(x[2],sub(pdiv(x[2],x[5]),mul(x[7],add(x[7],x[5])))),mul(x[3],x[7])),x[5]),x[5]))),add(x[0],x[7])))))))",False,,,2d39c16009ac2c7b9227e3e97c885394,0.33532934131736525,False,0.0
8,21,"greater_than_or_equal(pdiv(x[5],x[5]), mul(x[7],add(x[2],pdiv(x[7],pdiv(x[5],add(x[2],x[7]))))))",True,"not_(less_than_or_equal(pdiv(x[5],x[7]),add(mul(x[2],x[5]),mul(x[7],add(x[7],x[2])))))",0.25149700598802394,b7ec3296185df501a7f2541cb04578e5,0.2455089820359282,True,-0.0059880239520957446
8,21,"greater_than_or_equal(x[5], add(x[5],mul(add(add(x[5],x[2]),x[5]),add(add(sub(x[7],sub(x[7],x[5])),add(x[2],x[7])),x[3]))))",True,not_(x[6]),0.6347305389221557,b4068ba57b63c959651c969331c4b5cd,0.6407185628742516,True,0.005988023952095856
8,21,"less_than_or_equal(add(mul(x[5],x[7]),x[2]),x[2])",True,not_(x[6]),0.6347305389221557,b4068ba57b63c959651c969331c4b5cd,0.6347305389221557,False,0.0
8,21,"not_(less_than_or_equal(pdiv(pdiv(mul(x[7],add(x[7],add(x[7],x[2]))),sub(pdiv(add(x[7],x[2]),x[5]),x[5])),add(x[7],x[3])),add(pdiv(x[5],add(pdiv(add(x[2],x[5]),x[5]),mul(x[2],x[2]))),x[7])))",False,,,8dfcf6ce3ebce37f8066c258b745a7fc,0.6407185628742516,False,0.0
8,21,"not_(less_than_or_equal(pdiv(x[5],add(x[2],x[5])),mul(x[5],add(add(x[7],x[0]),x[2]))))",False,,,d0b0ac93cb3b5e36e3020963a727dad2,0.21556886227544914,False,0.0
8,21,"not_(less_than_or_equal(pdiv(pdiv(x[5],01.48),sub(mul(mul(x[7],x[7]),mul(x[7],add(sub(add(x[7],x[5]),mul(mul(pdiv(x[7],x[5]),add(x[2],x[2])),x[5])),mul(x[5],mul(x[7],add(x[7],mul(pdiv(x[3],x[5]),x[5]))))))),add(x[2],x[5]))),x[5]))",False,,,33ee5955dc7037b33549c25fa8b5ba19,0.6826347305389222,False,0.0
8,21,"greater_than_or_equal(pdiv(x[5],x[5]), add(sub(x[5],x[2]),add(x[5],x[5])))",False,,,a04c107f2574feacaac13a5fc8e79650,0.5389221556886228,False,0.0
8,21,"greater_than_or_equal(pdiv(pdiv(x[2],mul(x[7],add(add(sub(x[2],x[7]),add(x[5],x[7])),x[2]))),add(x[2],x[3])), add(pdiv(x[3],pdiv(x[7],add(x[2],x[7]))),pdiv(x[3],x[7])))",False,,,cbeca67ebf09847863535de588dc7d2d,0.562874251497006,False,0.0
8,21,"less_than_or_equal(x[7],x[7])",True,"less_than_or_equal(x[2],x[2])",0.35928143712574845,bd082d42dcba8056510101f18394b575,0.35928143712574845,False,0.0
8,21,"greater_than_or_equal(00.39, mul(x[3],add(x[0],x[7])))",False,,,45a9e4a4a0c0ab2a7f25e11c752ee06a,0.3173652694610778,False,0.0
8,21,"greater_than_or_equal(sub(pdiv(x[5],add(sub(x[5],x[7]),mul(x[2],mul(add(mul(x[7],add(x[2],x[0])),x[3]),x[5])))),x[5]), add(x[2],x[5]))",False,,,8de28d60b64c193b33bd0c87e1334f31,0.39520958083832336,False,0.0
8,21,"not_(less_than_or_equal(pdiv(x[5],add(x[2],add(mul(x[2],x[5]),x[5]))),x[5]))",False,,,74d45825b1bd9ec22868b6cb7938fc2b,0.29940119760479045,False,0.0
8,21,"greater_than_or_equal(pdiv(x[5],add(x[3],x[7])), pdiv(x[7],add(x[5],x[7])))",True,"greater_than_or_equal(pdiv(x[5],add(x[3],x[7])), pdiv(x[7],add(x[5],x[7])))",0.4131736526946108,1180c2c5d1eea4c48455de687a3a83d0,0.4131736526946108,False,0.0
8,21,"greater_than_or_equal(pdiv(x[5],mul(pdiv(x[5],mul(x[5],mul(x[7],add(x[7],x[7])))),x[7])), add(mul(x[2],x[0]),mul(x[2],add(sub(x[7],sub(x[3],mul(x[5],x[7]))),add(x[2],x[7])))))",False,,,7dcc91b338cd2dd7b3a76b4cfc2619c7,0.3413173652694611,False,0.0
8,21,"greater_than_or_equal(x[7], x[5])",True,"greater_than_or_equal(x[7], x[5])",0.6107784431137724,793f9fa4aca1502cfe0a9ed6ab91b83c,0.6107784431137724,False,0.0
8,21,"less_than_or_equal(add(pdiv(x[0],x[5]),add(x[7],x[2])),mul(x[5],x[7]))",True,not_(x[6]),0.6347305389221557,b4068ba57b63c959651c969331c4b5cd,0.6407185628742516,True,0.005988023952095856
8,21,"greater_than_or_equal(x[5], mul(x[7],add(x[2],x[5])))",True,"greater_than_or_equal(x[5], mul(x[7],add(x[5],x[2])))",0.23353293413173648,49521aab13419e9d4582e656c37790ef,0.23353293413173648,False,0.0
8,21,"greater_than_or_equal(add(x[2],x[2]), x[5])",True,"greater_than_or_equal(add(x[2],x[2]), x[5])",0.6047904191616766,58c989c6c5d320ece246c539fa0373f8,0.6047904191616766,False,0.0
8,21,"greater_than_or_equal(pdiv(x[2],sub(pdiv(x[5],x[7]),x[5])), x[5])",False,,,9b303b4e7366124785f9c4492acd1bcf,0.7245508982035929,False,0.0
8,21,"not_(less_than_or_equal(pdiv(x[5],x[5]),mul(x[7],add(x[2],x[2]))))",True,"not_(less_than_or_equal(pdiv(x[5],x[2]),mul(x[5],add(x[5],x[2]))))",0.31137724550898205,142cae9b2b777b572b7a8767ad22e3d8,0.31137724550898205,False,0.0
8,21,"not_(less_than_or_equal(pdiv(mul(add(pdiv(x[0],04.69),x[5]),pdiv(x[5],add(pdiv(add(x[2],x[5]),x[5]),mul(x[2],x[2])))),x[7]),x[7]))",False,,,35bb242ae93088e4adbbf467d5238bdf,0.34730538922155685,False,0.0
8,21,"greater_than_or_equal(x[3], mul(x[7],add(x[5],x[2])))",True,"greater_than_or_equal(sub(pdiv(x[3],x[7]),x[2]), x[5])",0.2934131736526946,f37b192ee68e8c22b6377054abcd1642,0.2934131736526946,False,0.0
8,21,"greater_than_or_equal(x[5], mul(x[7],add(x[5],x[2])))",True,"greater_than_or_equal(x[5], mul(x[7],add(x[5],x[2])))",0.23353293413173648,49521aab13419e9d4582e656c37790ef,0.23353293413173648,False,0.0
8,21,"greater_than_or_equal(x[5], mul(x[5],mul(x[7],16.39)))",True,"not_(greater_than_or_equal(mul(x[7],94.75), pdiv(x[5],x[7])))",0.592814371257485,52404b4d21529572a063f5ca8a716295,0.6107784431137724,True,0.017964071856287345
8,21,"greater_than_or_equal(add(x[7],x[7]), x[7])",True,"less_than_or_equal(x[2],x[2])",0.35928143712574845,bd082d42dcba8056510101f18394b575,0.35928143712574845,False,0.0
8,21,"greater_than_or_equal(sub(pdiv(x[5],mul(mul(x[5],mul(x[7],add(x[3],x[2]))),x[5])),x[7]), add(add(x[2],add(x[7],x[7])),x[7]))",False,,,64021715bee1c68224f192f9f00f5aaa,0.26347305389221554,False,0.0
8,21,"not_(less_than_or_equal(pdiv(x[5],add(x[2],x[7])),mul(sub(add(x[2],x[5]),x[7]),sub(x[5],mul(x[5],x[5])))))",True,"less_than_or_equal(x[2],x[2])",0.35928143712574845,bd082d42dcba8056510101f18394b575,0.3652694610778443,True,0.005988023952095856
8,21,"greater_than_or_equal(pdiv(x[2],add(x[7],x[0])), sub(x[5],add(x[7],mul(x[3],x[7]))))",False,,,9736f2ff8d5c4219566cef40759b02b2,0.41916167664670656,False,0.0
8,21,"greater_than_or_equal(mul(x[2],x[7]), x[5])",True,"not_(less_than_or_equal(mul(x[7],add(x[2],x[2])),add(x[5],x[5])))",0.6646706586826348,b98fd4b1abc55a8bd945f52cf650a117,0.6646706586826348,False,0.0
8,21,"greater_than_or_equal(pdiv(x[5],x[5]), add(x[5],add(x[5],x[5])))",False,,,c4a908ae70ee33dbcab1c18670256f0b,0.5688622754491017,False,0.0
8,21,"not_(less_than_or_equal(pdiv(x[5],x[7]),add(mul(x[2],x[5]),mul(x[7],mul(add(pdiv(x[7],sub(pdiv(x[5],x[7]),x[2])),x[7]),x[0])))))",False,,,6428cc1f04ba203849dd7963bcd57c94,0.3173652694610778,False,0.0
8,21,"not_(less_than_or_equal(pdiv(x[3],x[7]),add(x[2],x[5])))",True,"greater_than_or_equal(sub(pdiv(x[3],x[7]),x[2]), x[5])",0.2934131736526946,f37b192ee68e8c22b6377054abcd1642,0.2934131736526946,False,0.0
8,21,"greater_than_or_equal(pdiv(x[5],add(x[2],x[7])), x[7])",True,"greater_than_or_equal(x[5], mul(x[7],add(x[7],x[2])))",0.2455089820359282,dbe0ded9608d153cce360999e2a5fae7,0.2455089820359282,False,0.0
8,21,"greater_than_or_equal(x[5], mul(mul(x[0],x[7]),add(x[2],x[7])))",True,"not_(less_than_or_equal(pdiv(x[5],x[0]),x[0]))",0.35928143712574845,5372ceb8b23ce5e1dd3bf5c2fc3a57aa,0.33532934131736525,True,-0.0239520958083832
8,21,"greater_than_or_equal(sub(add(x[5],x[7]),add(mul(x[2],x[5]),mul(x[2],add(sub(x[7],sub(x[3],mul(x[7],add(x[5],x[2])))),add(x[5],x[3]))))), add(x[5],x[3]))",False,,,82f02121733970f9cbc2213258c34cc9,0.592814371257485,False,0.0
8,21,"not_(less_than_or_equal(pdiv(x[5],x[7]),add(x[5],mul(x[5],add(add(x[7],x[5]),mul(x[7],add(x[5],x[5])))))))",False,,,7ed95751b1a20ff3fb65b97454ac392d,0.28742514970059885,False,0.0
8,21,"greater_than_or_equal(pdiv(x[0],x[2]), x[0])",True,"not_(greater_than_or_equal(mul(x[7],x[2]), x[7]))",0.34730538922155685,f69cf4961d82af0c72c0014d2a401904,0.3532934131736527,True,0.005988023952095856
8,21,"greater_than_or_equal(sub(pdiv(x[7],x[7]),x[7]), mul(x[7],add(x[2],x[2])))",False,,,95970d13af32bda1e3f8ad029c9f477c,0.20359281437125754,False,0.0
8,21,"greater_than_or_equal(pdiv(pdiv(x[5],09.47),mul(pdiv(pdiv(x[2],x[7]),add(x[7],mul(mul(x[3],x[3]),mul(x[5],add(pdiv(x[5],x[3]),x[7]))))),x[2])), x[3])",False,,,36cfb8770b7c869c89400eb6e1cef9bc,0.5269461077844311,False,0.0
8,21,"greater_than_or_equal(sub(x[5],x[2]), sub(pdiv(add(x[7],x[2]),x[5]),x[5]))",False,,,91d4e41f42a9df2e4f391d9b57aa9e37,0.45508982035928147,False,0.0
8,21,"greater_than_or_equal(pdiv(x[5],x[5]), add(mul(add(x[7],x[7]),add(sub(x[2],pdiv(mul(x[5],x[5]),x[5])),pdiv(x[7],x[5]))),mul(x[7],mul(x[5],x[5]))))",True,"greater_than_or_equal(x[5], mul(x[7],add(mul(x[7],x[7]),add(x[2],x[2]))))",0.23353293413173648,ae7ff5193a8a0ebf846f36ddb3e6b106,0.22754491017964074,True,-0.0059880239520957446
8,21,"greater_than_or_equal(x[5], mul(x[7],sub(add(sub(x[2],x[7]),add(04.59,mul(x[5],x[3]))),x[3])))",True,"not_(less_than_or_equal(pdiv(x[5],04.61),x[7]))",0.5389221556886228,a7cacbe6ce22cd2e14b847dca3a88aa5,0.5389221556886228,False,0.0
8,21,"not_(less_than_or_equal(pdiv(x[3],x[7]),add(x[5],mul(x[5],add(add(x[7],x[0]),x[2])))))",True,"greater_than_or_equal(sub(pdiv(x[3],x[7]),mul(x[5],add(x[2],x[5]))), x[5])",0.3293413173652695,cdea426fb8729e21fdc10ebd1a9b5272,0.32335329341317365,True,-0.005988023952095856
8,21,"not_(less_than_or_equal(pdiv(x[5],x[7]),add(add(x[2],add(mul(x[7],add(x[5],x[2])),x[3])),x[5])))",True,"greater_than_or_equal(x[5], mul(x[7],add(x[5],pdiv(x[5],x[5]))))",0.33532934131736525,fa01caa917a58bbda28cb775016b8bd1,0.32335329341317365,True,-0.0119760479041916
8,21,"less_than_or_equal(x[3],sub(x[5],add(x[5],x[2])))",True,not_(x[6]),0.6347305389221557,b4068ba57b63c959651c969331c4b5cd,0.6407185628742516,True,0.005988023952095856
8,21,"greater_than_or_equal(pdiv(pdiv(x[5],x[5]),add(x[7],mul(mul(x[0],x[5]),x[5]))), add(x[7],mul(mul(x[2],pdiv(x[5],mul(pdiv(x[7],x[5]),add(x[2],mul(sub(sub(x[0],x[2]),mul(x[7],add(x[2],x[5]))),x[2]))))),x[5])))",False,,,d7ba45bac9cf9e78b3b90ed5e0beee86,0.38323353293413176,False,0.0
8,21,"greater_than_or_equal(x[5], mul(x[7],add(mul(x[2],add(mul(x[7],add(x[5],x[2])),pdiv(x[5],x[3]))),add(x[5],x[2]))))",True,"not_(less_than_or_equal(pdiv(x[5],add(x[2],x[7])),add(x[2],x[5])))",0.29940119760479045,b7cfdda3b7c9a73a0fca213dd30831b4,0.26347305389221554,True,-0.03592814371257491
8,21,"greater_than_or_equal(x[5], mul(add(x[5],x[2]),x[5]))",True,"not_(less_than_or_equal(pdiv(x[5],x[5]),add(x[5],x[2])))",0.2455089820359282,5825d6d8d32996f2f81bb41cc0bfa92f,0.2455089820359282,False,0.0
8,21,"greater_than_or_equal(x[5], mul(x[7],mul(add(x[0],add(x[7],x[7])),x[5])))",True,"less_than_or_equal(mul(mul(x[7],x[7]),add(x[5],x[5])),x[5])",0.2455089820359282,70c1a978a90304e47c9ea26f5d914234,0.23952095808383234,True,-0.005988023952095856
8,21,"greater_than_or_equal(x[5], mul(x[7],add(x[5],x[5])))",True,"greater_than_or_equal(x[5], mul(x[7],add(x[5],x[5])))",0.2455089820359282,9545aae94dd0fcb8b281ddfedf2da4e6,0.2455089820359282,False,0.0
8,21,"less_than_or_equal(x[3],x[3])",True,"less_than_or_equal(x[2],x[2])",0.35928143712574845,bd082d42dcba8056510101f18394b575,0.35928143712574845,False,0.0
8,21,"greater_than_or_equal(x[5], mul(x[7],pdiv(x[5],mul(x[7],add(x[5],x[2])))))",True,"greater_than_or_equal(add(x[2],x[5]), pdiv(x[7],x[7]))",0.7544910179640718,3db16fa16df21b15852938a2c3f9a18b,0.7485029940119761,True,-0.0059880239520957446
8,21,"greater_than_or_equal(pdiv(add(x[7],x[2]),mul(x[2],x[5])), x[7])",True,"less_than_or_equal(x[2],x[2])",0.35928143712574845,bd082d42dcba8056510101f18394b575,0.35928143712574845,False,0.0
8,21,"greater_than_or_equal(sub(x[2],x[3]), x[5])",True,"less_than_or_equal(x[3],sub(x[2],x[5]))",0.6407185628742516,120f6259a9a8931196e24c92522b267c,0.6407185628742516,False,0.0
8,21,"greater_than_or_equal(x[5], mul(x[7],add(x[2],x[5])))",True,"greater_than_or_equal(x[5], mul(x[7],add(x[5],x[2])))",0.23353293413173648,49521aab13419e9d4582e656c37790ef,0.23353293413173648,False,0.0
8,21,"greater_than_or_equal(pdiv(x[5],add(add(pdiv(x[0],x[5]),add(x[7],x[2])),x[2])), add(x[7],x[0]))",True,"greater_than_or_equal(x[5], mul(x[7],add(mul(x[0],add(x[2],x[5])),add(add(pdiv(x[0],x[5]),add(x[7],x[2])),x[2]))))",0.2694610778443114,db167df3c1eade15d351e4531c7a662d,0.2934131736526946,True,0.0239520958083832
8,21,"greater_than_or_equal(x[5], mul(add(mul(x[7],add(x[5],add(x[2],x[5]))),x[7]),sub(x[5],mul(x[5],x[5]))))",True,"greater_than_or_equal(x[5], mul(add(mul(x[7],add(x[5],add(x[2],x[5]))),x[7]),sub(x[5],mul(x[5],x[5]))))",0.3413173652694611,fd9f3e76b6c06a76a7047f934380d343,0.3413173652694611,False,0.0
8,21,"greater_than_or_equal(pdiv(x[5],x[5]), pdiv(x[3],x[5]))",True,"less_than_or_equal(mul(sub(x[7],x[0]),pdiv(x[7],25.93)),pdiv(x[7],sub(mul(x[3],x[5]),mul(x[3],x[3]))))",0.5089820359281437,8ad7ccd0e2bcf51cfea619f1321f2792,0.5029940119760479,True,-0.005988023952095856
8,21,"greater_than_or_equal(x[5], mul(x[2],pdiv(add(x[5],x[2]),mul(x[7],x[7]))))",False,,,04c2ac4d6264e738871186e76cfa33bb,0.5868263473053892,False,0.0
8,21,"not_(less_than_or_equal(pdiv(x[5],x[7]),add(add(sub(x[7],add(add(sub(x[2],x[7]),add(x[5],add(x[2],x[3]))),x[5])),x[3]),x[3])))",False,,,58991c2b73f1a26c8b682fbd56fe5a84,0.3532934131736527,False,0.0
8,21,"greater_than_or_equal(pdiv(x[5],mul(x[3],x[7])), add(sub(sub(x[5],sub(x[0],x[2])),x[2]),x[5]))",False,,,3d8c324ab4612410ac089275993304fa,0.3532934131736527,False,0.0
8,21,"not_(greater_than_or_equal(sub(x[5],x[3]), x[5]))",True,"less_than_or_equal(x[2],x[2])",0.35928143712574845,bd082d42dcba8056510101f18394b575,0.3652694610778443,True,0.005988023952095856
8,21,"greater_than_or_equal(sub(pdiv(x[5],x[2]),40.47), x[7])",True,not_(x[6]),0.6347305389221557,b4068ba57b63c959651c969331c4b5cd,0.6407185628742516,True,0.005988023952095856
8,21,"greater_than_or_equal(x[5], mul(x[7],add(add(sub(x[2],mul(x[7],x[5])),x[5]),add(x[0],x[7]))))",True,"not_(less_than_or_equal(pdiv(x[3],x[7]),add(x[7],pdiv(x[3],x[5]))))",0.3293413173652695,74dce5cb961f14b3bdac896efda7926c,0.25149700598802394,True,-0.07784431137724557
8,21,"greater_than_or_equal(x[5], mul(x[5],mul(x[7],add(add(x[2],x[5]),mul(59.67,x[2])))))",True,"greater_than_or_equal(x[5], mul(mul(x[2],mul(x[7],add(x[0],79.36))),add(x[5],x[0])))",0.5449101796407185,cd36e5dffac4dfbadf7bb5ccd7d76dff,0.5329341317365269,True,-0.0119760479041916
8,21,"greater_than_or_equal(x[5], mul(x[2],x[5]))",True,"not_(greater_than_or_equal(mul(x[7],x[2]), x[7]))",0.34730538922155685,f69cf4961d82af0c72c0014d2a401904,0.34730538922155685,False,0.0
8,21,"not_(less_than_or_equal(pdiv(x[5],sub(pdiv(x[5],x[5]),add(x[5],x[2]))),add(x[5],x[2])))",False,,,807be788033afec727cd0e6499093036,0.2455089820359282,False,0.0
8,21,"greater_than_or_equal(sub(pdiv(mul(mul(x[5],x[3]),x[5]),x[3]),x[2]), x[7])",False,,,f61e802af1f170d7ecbbb6b0f85b6232,0.5029940119760479,False,0.0
8,21,"greater_than_or_equal(x[5], mul(x[7],add(mul(add(x[5],mul(x[7],add(mul(x[0],add(sub(mul(mul(x[7],pdiv(pdiv(mul(x[3],add(x[2],x[7])),x[0]),x[2])),pdiv(x[5],x[2])),x[5]),x[5])),x[5]))),add(x[7],x[0])),x[2])))",False,,,3c2ba8f3c5203922573d6c64cd905014,0.23952095808383234,False,0.0
8,21,"greater_than_or_equal(pdiv(x[5],x[5]), add(pdiv(sub(x[5],x[7]),pdiv(x[5],x[0])),x[2]))",True,"less_than_or_equal(mul(add(x[2],x[5]),sub(x[2],x[0])),add(x[3],x[7]))",0.32335329341317365,0fbef7a73eb8d81696ea4bbf05c37722,0.3413173652694611,True,0.017964071856287456
8,21,"greater_than_or_equal(x[5], mul(x[0],add(x[2],x[5])))",True,"not_(greater_than_or_equal(mul(x[0],add(x[2],x[5])), x[5]))",0.38323353293413176,75c08f44184bdbdab817c218fb1872c6,0.3772455089820359,True,-0.005988023952095856
8,21,"less_than_or_equal(x[5],mul(x[7],add(mul(add(x[5],x[7]),mul(x[2],add(x[5],mul(x[7],add(x[7],x[2]))))),x[3])))",False,,,914e9d930c4e374725ddc380b5acfcd5,0.7604790419161677,False,0.0
8,21,"greater_than_or_equal(x[5], mul(x[5],mul(add(x[5],add(x[7],x[7])),x[0])))",True,"not_(less_than_or_equal(pdiv(x[2],x[0]),x[5]))",0.40718562874251496,dbd16a1cce820df00494c93c4eb3eae4,0.35928143712574845,True,-0.04790419161676651
8,21,"less_than_or_equal(x[7],sub(x[5],x[3]))",True,"less_than_or_equal(add(x[3],x[7]),mul(x[5],x[5]))",0.6347305389221557,9ea6c84aef50ed3a3f9642a5d02a2ba3,0.5329341317365269,True,-0.10179640718562877
8,21,"greater_than_or_equal(pdiv(pdiv(x[5],x[7]),add(x[5],mul(x[5],sub(add(x[0],x[0]),x[2])))), x[0])",True,"less_than_or_equal(x[2],x[2])",0.35928143712574845,bd082d42dcba8056510101f18394b575,0.3532934131736527,True,-0.0059880239520957446
8,21,"greater_than_or_equal(x[5], mul(x[7],mul(add(sub(x[5],mul(add(sub(add(x[0],mul(x[5],add(x[2],x[3]))),x[0]),x[7]),add(x[2],x[5]))),x[2]),pdiv(pdiv(x[5],x[5]),add(x[2],x[3])))))",False,,,8171e6b3b99574b8b1e86c60e676031a,0.37125748502994016,False,0.0
8,21,"greater_than_or_equal(pdiv(x[5],add(x[7],x[5])), add(sub(x[2],x[5]),add(add(x[7],x[0]),x[2])))",True,"greater_than_or_equal(pdiv(x[5],add(mul(mul(x[5],x[3]),x[0]),add(x[7],x[5]))), add(sub(x[2],x[5]),add(add(x[7],x[0]),x[2])))",0.28742514970059885,029fbfb42d659bdb86f38bc7b18b5a26,0.28742514970059885,False,0.0
8,21,"greater_than_or_equal(x[5], mul(x[7],mul(x[5],x[5])))",True,"less_than_or_equal(x[2],x[2])",0.35928143712574845,bd082d42dcba8056510101f18394b575,0.35928143712574845,False,0.0
8,21,"greater_than_or_equal(pdiv(x[5],x[5]), add(x[2],x[5]))",True,"not_(less_than_or_equal(pdiv(x[5],x[5]),add(x[5],x[2])))",0.2455089820359282,5825d6d8d32996f2f81bb41cc0bfa92f,0.2455089820359282,False,0.0
8,21,"greater_than_or_equal(x[5], x[7])",True,"greater_than_or_equal(x[5], x[7])",0.3892215568862275,ca29d589a2290a0489371628a6b32bf4,0.3892215568862275,False,0.0
8,21,"greater_than_or_equal(x[5], mul(x[7],add(x[5],x[2])))",True,"greater_than_or_equal(x[5], mul(x[7],add(x[5],x[2])))",0.23353293413173648,49521aab13419e9d4582e656c37790ef,0.23353293413173648,False,0.0
8,21,"greater_than_or_equal(pdiv(x[5],sub(x[2],x[3])), mul(x[5],add(x[7],x[2])))",False,,,9f391b4614751f58c04c86e19b061d81,0.6167664670658682,False,0.0
8,21,"greater_than_or_equal(pdiv(x[5],add(x[2],mul(x[2],49.49))), pdiv(x[2],x[0]))",True,"greater_than_or_equal(pdiv(mul(x[5],x[2]),pdiv(x[2],x[5])), add(sub(x[7],x[7]),add(x[5],x[0])))",0.6107784431137724,ec48eb4aba9f475884bcf9e8f28adadc,0.6167664670658682,True,0.005988023952095856
8,21,"less_than_or_equal(pdiv(x[5],add(add(x[2],add(x[7],x[7])),add(x[5],x[5]))),x[3])",False,,,4c12fd04cd188788a26acc745d42b5e7,0.44311377245508987,False,0.0
8,21,"less_than_or_equal(pdiv(x[5],pdiv(x[7],add(add(x[2],add(x[3],mul(x[5],add(x[7],x[2])))),sub(pdiv(add(x[7],x[2]),x[5]),x[5])))),add(x[7],53.97))",True,"less_than_or_equal(x[2],x[2])",0.35928143712574845,bd082d42dcba8056510101f18394b575,0.35928143712574845,False,0.0
8,21,"greater_than_or_equal(sub(sub(x[5],x[2]),add(x[2],x[7])), x[7])",False,,,5f00205271c1930c9737c46e7ef73fa1,0.562874251497006,False,0.0
8,21,"greater_than_or_equal(x[5], mul(x[7],x[5]))",True,"less_than_or_equal(x[2],x[2])",0.35928143712574845,bd082d42dcba8056510101f18394b575,0.35928143712574845,False,0.0
8,21,"greater_than_or_equal(x[5], mul(add(x[5],x[5]),mul(x[7],add(x[5],30.93))))",True,not_(x[6]),0.6347305389221557,b4068ba57b63c959651c969331c4b5cd,0.6227544910179641,True,-0.0119760479041916
8,21,"greater_than_or_equal(pdiv(x[7],x[2]), x[2])",True,"not_(less_than_or_equal(pdiv(x[7],x[2]),x[2]))",0.3413173652694611,48484676f604e2391c073c391231d763,0.3413173652694611,False,0.0
8,21,"less_than_or_equal(x[2],x[0])",True,"greater_than_or_equal(x[0], x[2])",0.5329341317365269,f30904201255a44726c2f25803948202,0.5329341317365269,False,0.0
8,21,"greater_than_or_equal(sub(pdiv(x[5],x[2]),x[7]), 95.24)",True,not_(x[6]),0.6347305389221557,b4068ba57b63c959651c969331c4b5cd,0.6407185628742516,True,0.005988023952095856
8,21,"greater_than_or_equal(x[2], x[0])",True,"less_than_or_equal(x[0],x[2])",0.44311377245508987,6600e71d16c18564dbde1ecda8fbf2a3,0.44311377245508987,False,0.0
8,21,"greater_than_or_equal(pdiv(x[5],add(x[2],pdiv(x[5],x[3]))), sub(x[5],mul(x[5],x[5])))",False,,,6dd74f22c48eb002c4e35ab4d040797d,0.437125748502994,False,0.0
8,21,"greater_than_or_equal(pdiv(x[5],add(x[2],mul(x[5],add(x[0],add(x[5],x[2]))))), add(sub(57.96,add(mul(x[0],add(add(mul(mul(x[7],pdiv(pdiv(mul(x[3],add(x[2],x[7])),x[0]),x[2])),pdiv(sub(mul(x[2],x[5]),x[5]),x[5])),add(x[7],x[0])),x[2])),x[0])),add(add(x[2],x[3]),add(x[2],x[2]))))",True,not_(x[6]),0.6347305389221557,b4068ba57b63c959651c969331c4b5cd,0.6407185628742516,True,0.005988023952095856
8,21,"greater_than_or_equal(x[5], mul(x[7],add(mul(x[7],sub(x[3],mul(x[5],x[7]))),add(x[2],x[7]))))",False,,,db2ef1889585d7d34389b998ec6bd0f6,0.281437125748503,False,0.0
8,21,"not_(less_than_or_equal(pdiv(x[5],add(x[2],mul(pdiv(x[5],mul(x[7],add(x[3],sub(add(x[7],pdiv(x[7],x[5])),mul(x[5],add(x[7],x[0])))))),x[5]))),x[5]))",False,,,9d4f56ab036d663c30dcf9a6c3f7e0c6,0.5029940119760479,False,0.0
8,21,"greater_than_or_equal(x[5], mul(mul(x[5],x[7]),pdiv(x[7],x[3])))",True,"greater_than_or_equal(x[3], mul(x[7],x[7]))",0.3413173652694611,3d72bbc340f037088e8e4149f2ca8ce3,0.33532934131736525,True,-0.005988023952095856
8,21,"greater_than_or_equal(sub(add(add(sub(add(pdiv(04.79,sub(x[2],add(x[2],x[3]))),add(pdiv(x[3],pdiv(x[7],add(x[2],x[7]))),pdiv(x[3],x[7]))),x[3]),x[5]),x[5]),add(x[2],x[5])), x[5])",True,"not_(greater_than_or_equal(mul(x[7],add(pdiv(mul(x[2],add(mul(x[7],x[7]),pdiv(x[2],x[3]))),x[7]),add(x[7],pdiv(x[3],x[5])))), x[2]))",0.5808383233532934,9f9d7a5637bba3881b6d78d3c095fe18,0.592814371257485,True,0.0119760479041916
8,21,"greater_than_or_equal(sub(pdiv(add(mul(add(sub(x[5],x[7]),mul(x[2],mul(x[7],add(add(x[0],x[7]),x[5])))),mul(x[5],pdiv(x[5],x[7]))),sub(x[3],x[3])),add(mul(x[7],add(x[7],x[2])),x[3])),x[5]), x[5])",False,,,82343f82479115263067e8ab560e169d,0.4610778443113772,False,0.0
8,21,"not_(less_than_or_equal(mul(x[7],x[7]),x[0]))",True,"not_(less_than_or_equal(mul(x[5],x[7]),x[0]))",0.4850299401197605,17afe641f69b309d4df546aa8f215556,0.4970059880239521,True,0.0119760479041916
8,21,"greater_than_or_equal(pdiv(x[5],add(pdiv(x[3],x[7]),x[5])), add(x[2],x[5]))",False,,,4583f2a993c9de6a2284d4f863b76eee,0.5988023952095809,False,0.0
8,21,"greater_than_or_equal(x[0], mul(pdiv(mul(add(mul(add(24.45,x[5]),x[7]),pdiv(mul(x[2],x[2]),sub(x[5],x[5]))),pdiv(x[2],x[5])),x[5]),add(x[5],x[2])))",True,"greater_than_or_equal(pdiv(mul(x[5],x[2]),pdiv(x[2],x[5])), add(sub(x[7],x[7]),add(x[5],x[0])))",0.6107784431137724,ec48eb4aba9f475884bcf9e8f28adadc,0.6167664670658682,True,0.005988023952095856
8,21,"greater_than_or_equal(x[5], pdiv(x[7],x[2]))",True,"less_than_or_equal(x[7],mul(x[5],x[2]))",0.5868263473053892,4fc846ba581f337a2d2a5969ea7ba4ee,0.5868263473053892,False,0.0
8,21,"not_(less_than_or_equal(pdiv(x[5],x[5]),add(mul(x[5],sub(x[7],x[2])),add(x[2],x[5]))))",True,"not_(less_than_or_equal(pdiv(sub(pdiv(x[5],x[5]),add(x[5],x[2])),x[5]),mul(x[7],add(x[7],x[2]))))",0.27544910179640714,2570cc0caa1a7eac1036761f030e6c28,0.25149700598802394,True,-0.0239520958083832
8,21,"greater_than_or_equal(pdiv(x[2],x[5]), add(x[2],x[7]))",True,"not_(less_than_or_equal(pdiv(x[2],x[5]),add(x[2],x[7])))",0.4850299401197605,9082b8c160d0704c30a169b1a742a7bf,0.4850299401197605,False,0.0
8,21,"not_(less_than_or_equal(pdiv(x[5],x[5]),add(mul(x[5],add(x[7],x[2])),add(x[2],x[2]))))",True,"not_(less_than_or_equal(pdiv(x[5],x[5]),add(mul(x[5],add(x[7],x[2])),add(x[2],x[2]))))",0.18562874251497008,7dd04de0f09dcb78fab13d4ca363e3e0,0.18562874251497008,False,0.0
8,21,"greater_than_or_equal(x[5], mul(x[5],mul(pdiv(x[2],x[5]),add(63.85,x[3]))))",True,"greater_than_or_equal(pdiv(mul(x[5],x[2]),pdiv(x[2],x[5])), add(sub(x[7],x[7]),add(x[5],x[0])))",0.6107784431137724,ec48eb4aba9f475884bcf9e8f28adadc,0.6107784431137724,False,0.0
8,21,"greater_than_or_equal(sub(pdiv(x[5],sub(add(x[7],x[7]),add(x[2],x[7]))),x[5]), x[5])",False,,,07b08940b4c8b2a16e50c48b12f97ece,0.4730538922155688,False,0.0
8,21,"not_(less_than_or_equal(pdiv(x[5],add(x[0],x[2])),x[3]))",True,"less_than_or_equal(pdiv(sub(x[3],x[5]),pdiv(x[2],x[2])),x[5])",0.3652694610778443,8f63ec6eb4b45627ddab1b215f2fa10a,0.3413173652694611,True,-0.0239520958083832
8,21,"greater_than_or_equal(x[5], mul(x[7],mul(add(x[3],x[7]),pdiv(x[5],x[5]))))",True,"greater_than_or_equal(x[5], mul(x[7],add(x[3],x[7])))",0.31137724550898205,6631d5a50f9f01ea8de86be5bd55c79c,0.31137724550898205,False,0.0
8,21,"greater_than_or_equal(pdiv(x[5],add(x[5],x[2])), pdiv(x[5],x[3]))",True,"greater_than_or_equal(x[3], add(x[5],x[2]))",0.5688622754491017,3b95d43c6b1291e78b2ed83052bed275,0.562874251497006,True,-0.0059880239520957446
8,21,"greater_than_or_equal(x[5], mul(x[7],add(x[2],x[2])))",True,"not_(greater_than_or_equal(mul(x[7],add(x[2],x[2])), x[5]))",0.27544910179640714,f7539509fdd5f9bf93cc165393e6bf21,0.27544910179640714,False,0.0
8,21,"greater_than_or_equal(sub(pdiv(x[5],x[2]),mul(x[5],add(x[2],x[3]))), mul(x[2],pdiv(x[5],mul(sub(mul(add(add(x[5],x[2]),pdiv(x[0],sub(add(x[2],x[5]),x[3]))),x[7]),x[7]),add(x[7],x[5])))))",False,,,2551498dd3a692117fc44385dc915bd9,0.3053892215568862,False,0.0
8,21,"greater_than_or_equal(x[5], mul(x[3],add(x[2],mul(x[2],pdiv(x[5],pdiv(x[2],x[7]))))))",False,,,f6e79b420cde700ff9bfea23ead606c3,0.3053892215568862,False,0.0
8,21,"greater_than_or_equal(x[7], mul(x[5],mul(x[7],add(add(x[0],x[3]),add(x[5],add(x[2],x[0]))))))",False,,,b8fb991d4bf24962bdea65924cff63b5,0.3532934131736527,False,0.0
8,21,"greater_than_or_equal(sub(pdiv(92.43,x[2]),pdiv(add(sub(x[3],mul(x[5],sub(sub(mul(pdiv(sub(x[7],x[2]),add(x[2],x[3])),add(pdiv(x[3],pdiv(x[7],add(x[2],x[7]))),pdiv(x[3],x[7]))),x[3]),x[5]))),x[5]),add(x[2],x[5]))), x[5])",True,"less_than_or_equal(pdiv(sub(x[0],x[0]),sub(x[0],x[2])),x[0])",0.38323353293413176,d0734af37aab8e9b6c733bcf8f431f61,0.38323353293413176,False,0.0
8,21,"greater_than_or_equal(x[3], mul(x[7],add(x[7],x[5])))",True,"greater_than_or_equal(x[3], mul(x[7],add(x[7],x[5])))",0.3053892215568862,9af4a352110c6b25ae9e2ae6a13db1f4,0.3053892215568862,False,0.0
8,21,"greater_than_or_equal(pdiv(x[5],x[5]), add(sub(x[2],x[5]),x[7]))",True,"not_(less_than_or_equal(pdiv(x[5],x[5]),add(sub(x[2],x[5]),x[7])))",0.32335329341317365,67ca390aa3a916a70f8cde665b96a46f,0.32335329341317365,False,0.0
8,21,"greater_than_or_equal(x[5], mul(x[7],add(pdiv(x[7],add(x[5],add(sub(x[2],add(x[2],x[3])),add(pdiv(x[7],x[3]),x[3])))),add(mul(x[7],add(x[7],x[2])),x[3]))))",False,,,0244cba89dfb7796c0ba403a3bd4dcf6,0.28742514970059885,False,0.0
8,21,"greater_than_or_equal(00.39, mul(sub(add(add(x[0],x[7]),add(x[0],x[3])),x[7]),add(x[2],x[7])))",False,,,77c74af7a2de9208fb82f29d72a09d61,0.3173652694610778,False,0.0
8,21,"greater_than_or_equal(x[5], mul(mul(add(sub(mul(x[5],x[5]),51.90),x[7]),pdiv(x[5],x[5])),mul(mul(x[5],x[7]),pdiv(x[7],x[3]))))",True,"less_than_or_equal(x[2],x[2])",0.35928143712574845,bd082d42dcba8056510101f18394b575,0.35928143712574845,False,0.0
8,21,"greater_than_or_equal(pdiv(x[5],add(x[3],x[7])), add(sub(sub(x[5],sub(44.79,sub(add(mul(x[5],sub(sub(x[7],x[2]),x[2])),x[2]),x[5]))),mul(x[2],mul(add(x[5],x[2]),x[7]))),sub(56.40,x[3])))",True,not_(x[6]),0.6347305389221557,b4068ba57b63c959651c969331c4b5cd,0.6407185628742516,True,0.005988023952095856
8,21,"greater_than_or_equal(x[5], mul(x[5],pdiv(x[7],add(add(x[0],x[7]),add(x[5],add(24.50,x[0]))))))",True,"less_than_or_equal(x[2],x[2])",0.35928143712574845,bd082d42dcba8056510101f18394b575,0.35928143712574845,False,0.0
8,21,"greater_than_or_equal(x[5], mul(mul(pdiv(add(x[2],x[2]),x[7]),add(x[5],x[7])),x[2]))",False,,,e132520f483ea8db399cc8e9c840ec5c,0.3772455089820359,False,0.0
8,21,"greater_than_or_equal(x[5], mul(x[5],mul(x[7],add(add(x[2],x[5]),mul(x[7],add(x[7],mul(x[2],pdiv(mul(x[5],x[2]),x[5]))))))))",True,"greater_than_or_equal(x[5], mul(x[5],mul(x[7],add(add(x[2],x[5]),mul(x[7],add(x[7],mul(x[2],mul(mul(x[5],x[2]),x[5]))))))))",0.23353293413173648,3ad37746a49fcf30298af6ef2146e78a,0.22754491017964074,True,-0.0059880239520957446
8,21,"not_(less_than_or_equal(pdiv(x[5],x[5]),add(mul(x[5],add(x[7],x[2])),add(x[2],x[2]))))",True,"not_(less_than_or_equal(pdiv(x[5],x[5]),add(mul(x[5],add(x[7],x[2])),add(x[2],x[2]))))",0.18562874251497008,7dd04de0f09dcb78fab13d4ca363e3e0,0.2857142857142857,True,0.10008554319931562
8,22,"not_(less_than_or_equal(pdiv(x[5],x[5]),add(mul(x[5],sub(x[7],x[2])),x[7])))",False,,,fa51b28b9a0229b922c4911c49563234,0.3293413173652695,False,0.0
8,22,"greater_than_or_equal(x[5], mul(add(sub(x[7],sub(x[3],x[5])),mul(x[7],sub(x[2],x[7]))),mul(x[2],add(x[2],x[5]))))",False,,,4b3d89e49915af41c93fef7ead78ff17,0.3053892215568862,False,0.0
8,22,"not_(less_than_or_equal(pdiv(x[5],pdiv(add(add(x[5],x[2]),add(x[2],x[3])),add(pdiv(x[3],pdiv(x[7],add(x[2],x[7]))),pdiv(x[3],x[7])))),x[3]))",False,,,08c97f2a7ba200ba5c20895ec139c8d2,0.29940119760479045,False,0.0
8,22,"greater_than_or_equal(x[5], mul(x[7],add(mul(x[7],sub(x[3],mul(x[5],x[7]))),add(x[2],x[5]))))",False,,,646ab8291bc86a8bfd6fd529ff17bff1,0.2455089820359282,False,0.0
8,22,"greater_than_or_equal(pdiv(x[5],x[5]), add(x[2],x[2]))",True,"not_(less_than_or_equal(pdiv(x[5],x[5]),add(x[2],x[2])))",0.25149700598802394,b1dd33075a09479c47bb17a355eef7af,0.25149700598802394,False,0.0
8,22,"greater_than_or_equal(x[5], x[0])",True,"less_than_or_equal(x[0],x[5])",0.37125748502994016,cdcd6f1e6c091ac380f1476046586fe6,0.37125748502994016,False,0.0
8,22,"greater_than_or_equal(x[5], mul(x[7],add(add(x[7],x[7]),mul(x[7],add(x[2],x[2])))))",True,"greater_than_or_equal(x[5], mul(x[7],add(x[7],add(x[3],x[2]))))",0.2934131736526946,1af7bd2c0e59084ce1038d0fa1df9be2,0.27544910179640714,True,-0.017964071856287456
8,22,"greater_than_or_equal(sub(pdiv(x[7],x[3]),x[5]), mul(x[7],add(x[7],x[5])))",False,,,c42e2bedd41c1f00cb149d9dcd97f578,0.6227544910179641,False,0.0
8,22,"greater_than_or_equal(x[5], mul(x[7],add(x[5],x[2])))",True,"greater_than_or_equal(x[5], mul(x[7],add(x[5],x[2])))",0.23353293413173648,49521aab13419e9d4582e656c37790ef,0.23353293413173648,False,0.0
8,22,"greater_than_or_equal(x[5], mul(x[7],add(x[5],x[5])))",True,"greater_than_or_equal(x[5], mul(x[7],add(x[5],x[5])))",0.2455089820359282,9545aae94dd0fcb8b281ddfedf2da4e6,0.2455089820359282,False,0.0
8,22,"greater_than_or_equal(pdiv(x[5],x[5]), add(x[5],x[2]))",True,"not_(less_than_or_equal(pdiv(x[5],x[5]),add(x[5],x[2])))",0.2455089820359282,5825d6d8d32996f2f81bb41cc0bfa92f,0.2455089820359282,False,0.0
8,22,"greater_than_or_equal(pdiv(x[5],x[2]), mul(x[7],add(add(pdiv(x[5],x[3]),x[7]),add(add(sub(x[2],x[7]),add(x[5],x[7])),x[2]))))",True,"greater_than_or_equal(pdiv(x[5],x[2]), mul(x[7],add(add(pdiv(x[5],x[3]),x[7]),add(add(sub(x[2],x[7]),add(x[5],x[7])),x[2]))))",0.2574850299401198,67450e8312b96402b50bbee0a3c3034c,0.2574850299401198,False,0.0
8,22,"greater_than_or_equal(x[5], x[7])",True,"greater_than_or_equal(x[5], x[7])",0.3892215568862275,ca29d589a2290a0489371628a6b32bf4,0.3892215568862275,False,0.0
8,22,"greater_than_or_equal(x[5], mul(x[7],add(sub(pdiv(x[7],x[7]),pdiv(x[0],x[7])),add(x[7],x[2]))))",True,"greater_than_or_equal(x[5], mul(x[7],add(x[7],add(x[3],x[2]))))",0.2934131736526946,1af7bd2c0e59084ce1038d0fa1df9be2,0.32335329341317365,True,0.029940119760479056
8,22,"greater_than_or_equal(sub(pdiv(x[0],x[7]),add(x[3],x[2])), pdiv(mul(sub(x[7],x[2]),x[7]),sub(pdiv(pdiv(x[5],x[5]),x[3]),x[5])))",True,"not_(greater_than_or_equal(add(x[2],x[3]), pdiv(x[0],x[7])))",0.49101796407185627,df3e15588eae98d521d23bd6a21261ae,0.49101796407185627,False,0.0
8,22,"greater_than_or_equal(x[5], mul(x[2],x[7]))",True,"less_than_or_equal(sub(mul(x[2],x[7]),mul(x[0],x[7])),x[5])",0.34730538922155685,67e5c7a497be3e968ea5c2bd6433af6d,0.33532934131736525,True,-0.0119760479041916
8,22,"greater_than_or_equal(pdiv(x[3],x[3]), add(add(x[3],x[3]),add(add(x[7],x[0]),x[2])))",False,,,2982c0163091abd711df9f336f031203,0.5389221556886228,False,0.0
8,22,"greater_than_or_equal(93.24, mul(add(x[2],pdiv(x[7],pdiv(x[5],add(x[2],x[7])))),mul(x[7],add(x[7],x[2]))))",True,"less_than_or_equal(x[2],x[2])",0.35928143712574845,bd082d42dcba8056510101f18394b575,0.35928143712574845,False,0.0
8,22,"greater_than_or_equal(pdiv(x[5],mul(x[7],add(x[5],x[2]))), add(x[0],x[7]))",False,,,44bb56a774240b6dccfe5392f5c08169,0.2574850299401198,False,0.0
8,22,"greater_than_or_equal(x[5], mul(x[7],add(x[3],mul(mul(x[3],x[7]),x[7]))))",False,,,15970ea91df0fb2b389dd912e31525cb,0.31137724550898205,False,0.0
8,22,"greater_than_or_equal(pdiv(pdiv(x[5],x[0]),add(pdiv(x[2],mul(x[0],x[5])),x[5])), x[5])",False,,,768c9751c97901b5921566499038e3af,0.43113772455089816,False,0.0
8,22,"less_than_or_equal(pdiv(pdiv(sub(mul(x[5],x[2]),mul(x[7],add(add(sub(sub(pdiv(x[7],add(sub(mul(x[3],x[2]),pdiv(pdiv(x[5],x[7]),add(x[3],x[5]))),x[5])),x[5]),x[3]),x[7]),add(x[5],x[2])))),x[5]),x[5]),pdiv(x[5],x[5]))",False,,,a298ec37c7cd984000c9f1d3ec545415,0.44311377245508987,False,0.0
8,22,"greater_than_or_equal(x[5], mul(x[7],sub(mul(sub(pdiv(x[5],mul(x[5],mul(x[5],add(x[2],add(x[5],x[2]))))),add(sub(x[7],sub(x[3],mul(x[5],x[7]))),add(x[2],x[7]))),x[2]),add(x[2],x[3]))))",False,,,3bcc10adb344282518601b7a1b5d9995,0.3173652694610778,False,0.0
8,22,"greater_than_or_equal(pdiv(x[3],add(sub(x[7],mul(x[5],x[5])),x[3])), x[5])",False,,,6c122130e43ecf73c7eefd05f779ae92,0.40718562874251496,False,0.0
8,22,"greater_than_or_equal(pdiv(x[5],x[5]), add(mul(add(x[7],x[7]),add(sub(x[5],pdiv(mul(x[5],x[5]),x[5])),pdiv(x[7],mul(x[5],add(x[5],add(sub(x[2],x[2]),sub(x[5],x[5]))))))),pdiv(x[2],x[5])))",True,"greater_than_or_equal(x[5], mul(x[7],add(x[7],pdiv(69.44,sub(x[3],x[3])))))",0.33532934131736525,0f74d2b510468dfb01b807a5013ba7de,0.40718562874251496,True,0.07185628742514971
8,22,"less_than_or_equal(x[7],x[7])",True,"less_than_or_equal(x[2],x[2])",0.35928143712574845,bd082d42dcba8056510101f18394b575,0.35928143712574845,False,0.0
8,22,"not_(greater_than_or_equal(x[5], sub(add(add(x[5],x[2]),sub(x[7],x[7])),add(x[7],mul(x[7],mul(x[7],add(x[7],x[2])))))))",False,,,333536be52e140114cdd3960dca7539e,0.5089820359281437,False,0.0
8,22,"less_than_or_equal(pdiv(x[3],x[3]),x[5])",True,"greater_than_or_equal(x[5], pdiv(x[2],x[2]))",0.688622754491018,d77781efe7d80c80545f6897faedc30c,0.688622754491018,False,0.0
8,22,"greater_than_or_equal(x[5], mul(x[7],add(add(add(x[7],x[0]),x[2]),x[0])))",False,,,7d1068adee96bb787fff6f88639428a1,0.26347305389221554,False,0.0
8,22,"greater_than_or_equal(x[5], mul(x[3],x[7]))",True,"not_(less_than_or_equal(pdiv(x[5],x[3]),x[7]))",0.3413173652694611,e691e9faf9d6cf6a1c64f756c672a16e,0.3413173652694611,False,0.0
8,22,"greater_than_or_equal(x[5], mul(mul(sub(x[5],x[7]),x[2]),x[2]))",True,"less_than_or_equal(x[2],x[2])",0.35928143712574845,bd082d42dcba8056510101f18394b575,0.35928143712574845,False,0.0
8,22,"less_than_or_equal(add(mul(x[5],x[7]),x[2]),x[5])",True,"not_(less_than_or_equal(pdiv(x[5],add(x[2],x[7])),add(x[2],x[7])))",0.2694610778443114,080245d0c5557c2b7fe695c6972120c2,0.3053892215568862,True,0.0359281437125748
8,22,"greater_than_or_equal(pdiv(add(pdiv(x[2],mul(x[7],add(add(pdiv(x[5],x[3]),x[0]),add(mul(x[5],x[7]),x[2])))),x[5]),sub(x[7],x[7])), x[7])",True,"less_than_or_equal(x[2],x[2])",0.35928143712574845,bd082d42dcba8056510101f18394b575,0.35928143712574845,False,0.0
8,22,"less_than_or_equal(add(add(sub(x[2],x[7]),add(x[5],x[7])),x[0]),add(x[2],x[3]))",True,"greater_than_or_equal(x[3], add(add(x[0],sub(x[0],x[5])),add(x[5],x[5])))",0.5568862275449102,12155afbfefe7d35a956e5c22a38327b,0.5449101796407185,True,-0.011976047904191711
8,22,"greater_than_or_equal(x[5], mul(add(x[5],x[2]),x[7]))",True,"greater_than_or_equal(x[5], mul(x[7],add(x[5],x[2])))",0.23353293413173648,49521aab13419e9d4582e656c37790ef,0.23353293413173648,False,0.0
8,22,"greater_than_or_equal(x[5], mul(x[5],x[5]))",True,"less_than_or_equal(x[2],x[2])",0.35928143712574845,bd082d42dcba8056510101f18394b575,0.35928143712574845,False,0.0
8,22,"greater_than_or_equal(pdiv(x[3],x[3]), add(add(x[3],x[0]),x[2]))",False,,,196db432a63e4fd6c1a5a9416081995f,0.32335329341317365,False,0.0
8,22,"not_(less_than_or_equal(pdiv(x[5],x[5]),add(mul(x[5],add(x[7],x[2])),add(x[2],x[2]))))",True,"not_(less_than_or_equal(pdiv(x[5],x[5]),add(mul(x[5],add(x[7],x[2])),add(x[2],x[2]))))",0.18562874251497008,7dd04de0f09dcb78fab13d4ca363e3e0,0.18562874251497008,False,0.0
8,22,"less_than_or_equal(x[5],mul(x[7],add(x[5],x[2])))",True,"less_than_or_equal(sub(pdiv(x[5],x[7]),x[2]),x[5])",0.7664670658682635,ddb8f2b80cae6cdf806f9c917c640108,0.7664670658682635,False,0.0
8,22,"greater_than_or_equal(x[5], mul(x[7],add(add(sub(add(x[5],mul(x[7],add(x[0],x[7]))),sub(x[5],x[5])),add(add(x[7],x[0]),x[2])),x[0])))",True,"greater_than_or_equal(sub(pdiv(x[5],x[7]),add(x[5],pdiv(add(mul(pdiv(x[2],x[5]),add(x[2],x[5])),x[7]),pdiv(x[5],x[5])))), x[5])",0.3652694610778443,277e57b48c2ba30f5693c21858757cda,0.34730538922155685,True,-0.017964071856287456
8,22,"greater_than_or_equal(pdiv(x[5],add(x[5],x[2])), pdiv(mul(add(x[7],x[0]),x[2]),x[3]))",False,,,a356328d6db587ec379dd22963e667cd,0.281437125748503,False,0.0
8,22,"greater_than_or_equal(x[5], x[7])",True,"greater_than_or_equal(x[5], x[7])",0.3892215568862275,ca29d589a2290a0489371628a6b32bf4,0.3892215568862275,False,0.0
8,22,"not_(less_than_or_equal(pdiv(x[5],x[7]),add(x[5],mul(x[5],add(add(x[7],x[5]),mul(mul(x[3],add(mul(pdiv(mul(x[2],pdiv(x[5],pdiv(x[2],x[7]))),mul(x[7],add(x[7],x[2]))),x[3]),x[5])),x[5]))))))",False,,,9c76c7d22ac4569e02d1a469b54e7bf0,0.28742514970059885,False,0.0
8,22,"greater_than_or_equal(x[5], mul(x[7],add(pdiv(x[7],add(x[5],x[7])),mul(x[3],x[7]))))",False,,,e3600819bd10ce1f36ef3040e74f2ba1,0.3293413173652695,False,0.0
8,22,"greater_than_or_equal(x[5], mul(x[7],add(x[7],x[2])))",True,"greater_than_or_equal(x[5], mul(x[7],add(x[7],x[2])))",0.2455089820359282,dbe0ded9608d153cce360999e2a5fae7,0.2455089820359282,False,0.0
8,22,"greater_than_or_equal(add(x[5],x[5]), pdiv(x[2],x[0]))",False,,,728ab025c1c1d94d04f639ddf63fdf0a,0.4730538922155688,False,0.0
8,22,"greater_than_or_equal(pdiv(x[3],x[3]), x[5])",True,"less_than_or_equal(x[2],x[2])",0.35928143712574845,bd082d42dcba8056510101f18394b575,0.35928143712574845,False,0.0
8,22,"not_(less_than_or_equal(pdiv(x[5],x[3]),mul(x[7],add(mul(add(x[5],mul(x[7],add(x[7],x[2]))),x[7]),x[5]))))",False,,,e2bb2362dd075d48fb27b8c827da2e4a,0.28742514970059885,False,0.0
8,22,"greater_than_or_equal(x[5], mul(add(add(x[5],mul(x[2],add(x[2],x[5]))),x[7]),x[2]))",False,,,505a78bdd6bc3fdec9d6fc5b3c10b7c0,0.27544910179640714,False,0.0
8,22,"greater_than_or_equal(x[5], mul(pdiv(x[5],mul(pdiv(x[5],mul(x[5],add(x[0],add(x[5],x[2])))),add(sub(x[7],sub(x[3],mul(x[5],x[7]))),add(x[2],x[7])))),x[2]))",False,,,56b6bba7c7d46a23a9d0f3373dce84c0,0.4251497005988024,False,0.0
8,22,"greater_than_or_equal(x[5], mul(x[7],mul(add(x[3],x[7]),pdiv(sub(mul(x[5],x[5]),x[2]),mul(sub(x[7],add(pdiv(add(sub(x[7],x[5]),x[2]),sub(pdiv(x[5],x[3]),x[5])),x[5])),mul(add(add(x[5],x[2]),pdiv(x[0],sub(add(x[2],x[5]),x[3]))),x[7]))))))",False,,,2e828989f826800d6824b411b90b7d08,0.43113772455089816,False,0.0
8,22,"greater_than_or_equal(x[0], mul(x[2],pdiv(x[5],mul(x[7],add(x[2],x[2])))))",False,,,6a116d5c0a5fc6d369855d1e959ab116,0.6287425149700598,False,0.0
8,22,"greater_than_or_equal(add(x[2],x[3]), x[5])",True,"not_(less_than_or_equal(add(x[3],x[2]),x[5]))",0.47904191616766467,b825dba74f3d69ce9f7220576782e147,0.47904191616766467,False,0.0
8,22,"greater_than_or_equal(pdiv(x[3],x[2]), add(x[5],x[7]))",False,,,cc8ae3738251d70077fbaaaa1a8a26e8,0.3053892215568862,False,0.0
8,22,"greater_than_or_equal(x[5], mul(x[2],add(x[2],x[5])))",True,"greater_than_or_equal(pdiv(x[5],pdiv(add(x[2],x[5]),x[5])), mul(x[5],x[2]))",0.28742514970059885,0803226314985e684579b7ad7da3df72,0.2934131736526946,True,0.0059880239520957446
8,22,"not_(less_than_or_equal(pdiv(x[5],x[5]),add(mul(x[5],sub(x[2],x[5])),pdiv(x[2],x[0]))))",False,,,1238ecf94a863c0a28e59846815ba645,0.3173652694610778,False,0.0
8,22,"greater_than_or_equal(sub(pdiv(x[2],mul(mul(x[5],x[2]),x[5])),x[2]), mul(x[7],add(mul(add(sub(mul(add(sub(x[3],x[2]),x[2]),x[5]),mul(x[7],mul(add(x[5],add(x[3],x[7])),mul(x[7],add(x[2],mul(pdiv(x[7],mul(x[5],x[0])),add(sub(x[2],sub(pdiv(x[2],x[5]),mul(x[5],add(x[7],x[5])))),x[5]))))))),x[2]),add(sub(x[7],x[7]),pdiv(x[5],x[5]))),mul(mul(x[5],x[7]),pdiv(x[7],x[3])))))",True,"greater_than_or_equal(96.14, mul(pdiv(x[0],x[3]),sub(mul(x[3],x[7]),sub(x[7],x[5]))))",0.33532934131736525,4ede27660e6f519d294db0f75337c522,0.33532934131736525,False,0.0
8,22,"greater_than_or_equal(sub(pdiv(x[7],x[7]),x[2]), pdiv(pdiv(x[5],x[2]),x[2]))",False,,,a6b6514b7650326425e5b6e91ce0598e,0.6227544910179641,False,0.0
8,22,"greater_than_or_equal(x[5], mul(x[3],pdiv(pdiv(x[5],add(x[0],x[2])),x[5])))",False,,,68228f938cc0122d7c369dc176f7efb8,0.6646706586826348,False,0.0
8,22,"greater_than_or_equal(sub(x[7],add(x[7],x[5])), x[5])",True,not_(x[6]),0.6347305389221557,b4068ba57b63c959651c969331c4b5cd,0.6347305389221557,False,0.0
8,22,"greater_than_or_equal(x[3], mul(add(x[5],add(add(sub(x[7],mul(pdiv(x[5],x[5]),add(pdiv(sub(x[5],x[7]),pdiv(x[5],x[0])),x[2]))),x[5]),x[7])),sub(x[5],mul(x[5],x[5]))))",False,,,abde70244e2423078e6b09de6f021060,0.38323353293413176,False,0.0
8,22,"greater_than_or_equal(x[7], add(x[7],x[2]))",True,"greater_than_or_equal(pdiv(mul(x[5],x[2]),pdiv(x[2],x[5])), add(sub(x[7],x[7]),add(x[5],x[0])))",0.6107784431137724,ec48eb4aba9f475884bcf9e8f28adadc,0.6167664670658682,True,0.005988023952095856
8,22,"not_(less_than_or_equal(pdiv(x[5],x[5]),add(mul(x[5],sub(x[7],x[2])),add(x[2],x[7]))))",True,"not_(less_than_or_equal(pdiv(x[5],x[5]),add(mul(x[5],sub(x[7],x[2])),add(x[2],x[7]))))",0.20958083832335328,1d81f166484599d01990d05e41702ab9,0.20958083832335328,False,0.0
8,22,"greater_than_or_equal(x[5], mul(mul(x[5],45.47),mul(19.01,x[5])))",True,not_(x[6]),0.6347305389221557,b4068ba57b63c959651c969331c4b5cd,0.6347305389221557,False,0.0
8,22,"greater_than_or_equal(pdiv(x[5],x[7]), add(x[2],x[5]))",True,"greater_than_or_equal(x[5], mul(x[7],add(x[5],x[2])))",0.23353293413173648,49521aab13419e9d4582e656c37790ef,0.23353293413173648,False,0.0
8,22,"greater_than_or_equal(00.39, add(pdiv(x[5],x[5]),mul(pdiv(x[7],x[7]),x[2])))",True,not_(x[6]),0.6347305389221557,b4068ba57b63c959651c969331c4b5cd,0.6407185628742516,True,0.005988023952095856
8,22,"greater_than_or_equal(x[3], add(x[0],x[7]))",True,"less_than_or_equal(add(add(x[7],x[7]),sub(x[0],x[3])),x[7])",0.3532934131736527,14707cd14cbbcd888dcd1af1dcc2e33c,0.3532934131736527,False,0.0
8,22,"greater_than_or_equal(x[5], x[2])",True,"not_(not_(less_than_or_equal(x[2],x[5])))",0.34730538922155685,4af53f79d9ad2ffac455113b88a02dd4,0.34730538922155685,False,0.0
8,22,"greater_than_or_equal(00.75, mul(x[5],add(x[2],x[5])))",False,,,9a322399a0830a4a221d253304858250,0.28742514970059885,False,0.0
8,22,"greater_than_or_equal(x[5], mul(x[7],add(mul(sub(x[3],x[7]),mul(x[2],x[3])),add(x[2],x[5]))))",True,"greater_than_or_equal(x[5], mul(x[7],add(x[5],x[2])))",0.23353293413173648,49521aab13419e9d4582e656c37790ef,0.23353293413173648,False,0.0
8,22,"greater_than_or_equal(pdiv(x[5],x[7]), sub(x[5],mul(x[5],x[5])))",True,"less_than_or_equal(x[2],x[2])",0.35928143712574845,bd082d42dcba8056510101f18394b575,0.35928143712574845,False,0.0
8,22,"greater_than_or_equal(pdiv(pdiv(x[7],x[3]),x[7]), x[7])",True,"less_than_or_equal(x[2],x[2])",0.35928143712574845,bd082d42dcba8056510101f18394b575,0.35928143712574845,False,0.0
8,22,"greater_than_or_equal(add(x[5],x[5]), x[5])",True,"less_than_or_equal(x[2],x[2])",0.35928143712574845,bd082d42dcba8056510101f18394b575,0.35928143712574845,False,0.0
8,22,"greater_than_or_equal(pdiv(mul(x[2],x[7]),x[7]), pdiv(x[5],x[3]))",False,,,2105a07d10f6f37bfbb4bfca3f395428,0.6706586826347305,False,0.0
8,22,"greater_than_or_equal(x[5], x[0])",True,"less_than_or_equal(x[0],x[5])",0.37125748502994016,cdcd6f1e6c091ac380f1476046586fe6,0.37125748502994016,False,0.0
8,22,"greater_than_or_equal(x[5], x[5])",True,"less_than_or_equal(x[2],x[2])",0.35928143712574845,bd082d42dcba8056510101f18394b575,0.35928143712574845,False,0.0
8,22,"greater_than_or_equal(x[5], mul(add(x[5],mul(x[7],add(x[5],x[2]))),x[7]))",True,"not_(less_than_or_equal(pdiv(x[5],x[7]),mul(add(x[5],add(x[3],x[7])),mul(x[7],add(x[5],x[7])))))",0.22155688622754488,565b60e8ea058b39e5bc6be0d3d25800,0.22754491017964074,True,0.005988023952095856
8,22,"greater_than_or_equal(x[5], x[5])",True,"less_than_or_equal(x[2],x[2])",0.35928143712574845,bd082d42dcba8056510101f18394b575,0.35928143712574845,False,0.0
8,22,"less_than_or_equal(mul(x[7],x[5]),x[7])",True,"less_than_or_equal(x[2],x[2])",0.35928143712574845,bd082d42dcba8056510101f18394b575,0.35928143712574845,False,0.0
8,22,"greater_than_or_equal(sub(pdiv(x[5],x[2]),mul(x[5],mul(x[7],add(mul(x[7],sub(x[7],mul(x[5],x[7]))),add(x[2],x[7]))))), x[2])",False,,,73a9a835c02b0e0206d5e0f1ad5a4c42,0.28742514970059885,False,0.0
8,22,"greater_than_or_equal(x[5], mul(add(sub(x[7],sub(x[3],x[5])),mul(x[7],sub(x[2],x[7]))),x[2]))",True,"greater_than_or_equal(x[5], mul(add(sub(x[7],sub(x[3],x[5])),mul(x[7],sub(x[2],x[7]))),x[2]))",0.31137724550898205,b7327cdb7dcf4885f44bc5c8f2db9bff,0.31137724550898205,False,0.0
8,22,"not_(less_than_or_equal(pdiv(x[5],add(x[2],add(x[7],x[7]))),add(mul(add(mul(x[2],x[5]),mul(x[2],add(sub(x[7],sub(x[3],mul(x[5],x[7]))),add(x[2],x[7])))),x[2]),add(x[2],x[3]))))",False,,,8826a4151ca9fa0ab2140a8ec13ddb09,0.40718562874251496,False,0.0
8,22,"greater_than_or_equal(x[5], mul(x[5],mul(x[7],add(add(x[2],x[5]),mul(x[7],add(add(sub(mul(x[2],pdiv(mul(x[5],x[2]),x[5])),x[7]),x[5]),x[2]))))))",False,,,16f2477935dc1ec6c7b796563b190c32,0.22754491017964074,False,0.0
8,22,"greater_than_or_equal(sub(pdiv(x[5],x[7]),add(mul(x[2],mul(mul(mul(x[2],mul(sub(x[7],sub(x[5],mul(mul(mul(84.19,sub(x[0],add(x[2],x[3]))),add(pdiv(x[3],pdiv(x[7],add(x[2],x[7]))),pdiv(x[3],x[7]))),x[3]))),x[5])),x[5]),add(x[2],x[5]))),x[5])), add(x[3],mul(add(mul(x[3],pdiv(mul(x[7],add(x[7],x[2])),x[7])),x[5]),x[5])))",False,,,ae6545eea98e48988ba2c27906cd8c6a,0.35928143712574845,False,0.0
8,22,"not_(less_than_or_equal(pdiv(x[2],add(x[2],add(x[3],x[7]))),add(x[7],pdiv(x[2],mul(pdiv(x[7],mul(x[5],x[0])),sub(sub(sub(sub(sub(pdiv(x[2],x[5]),mul(x[5],add(x[7],x[5]))),x[5]),x[2]),add(sub(x[7],x[7]),pdiv(x[5],x[5]))),mul(mul(x[5],x[7]),pdiv(x[7],x[3]))))))))",False,,,aba6d870eab177e47c5300397e5ceeb1,0.437125748502994,False,0.0
8,22,"not_(less_than_or_equal(pdiv(x[5],x[5]),add(mul(x[5],sub(x[2],add(x[2],x[5]))),mul(x[7],mul(x[7],add(x[5],sub(x[5],add(x[2],x[7]))))))))",True,"less_than_or_equal(x[2],x[2])",0.35928143712574845,bd082d42dcba8056510101f18394b575,0.35928143712574845,False,0.0
8,22,"greater_than_or_equal(mul(x[2],mul(x[7],add(add(sub(sub(pdiv(x[7],add(sub(mul(x[3],x[2]),pdiv(pdiv(x[5],x[7]),add(x[3],x[5]))),x[5])),x[5]),x[3]),x[5]),add(x[5],x[2])))), x[5])",False,,,21d9905a9d2ba0c16ef0be44ef10341c,0.7125748502994012,False,0.0
8,22,"greater_than_or_equal(x[5], mul(x[7],sub(add(sub(x[2],pdiv(sub(mul(pdiv(x[5],mul(mul(x[7],add(x[7],x[2])),add(x[3],x[5]))),x[7]),add(add(x[2],add(x[7],x[5])),x[0])),sub(sub(x[2],sub(x[5],mul(x[7],add(x[7],add(47.99,x[0]))))),add(sub(x[2],x[5]),sub(x[7],pdiv(mul(x[5],x[5]),pdiv(x[3],x[7]))))))),x[2]),pdiv(pdiv(x[7],x[2]),x[2]))))",False,,,3ad901077c7f16220442fd23fb46313a,0.3293413173652695,False,0.0
8,22,"greater_than_or_equal(x[5], pdiv(add(x[5],x[5]),x[3]))",True,not_(x[6]),0.6347305389221557,b4068ba57b63c959651c969331c4b5cd,0.6347305389221557,False,0.0
8,22,"greater_than_or_equal(x[5], add(x[5],x[5]))",True,not_(x[6]),0.6347305389221557,b4068ba57b63c959651c969331c4b5cd,0.6347305389221557,False,0.0
8,22,"not_(less_than_or_equal(sub(x[5],x[5]),add(mul(x[5],add(x[7],x[2])),add(x[2],x[2]))))",True,not_(x[6]),0.6347305389221557,b4068ba57b63c959651c969331c4b5cd,0.6407185628742516,True,0.005988023952095856
8,22,"greater_than_or_equal(pdiv(x[5],x[5]), add(x[2],x[7]))",True,"less_than_or_equal(add(mul(x[7],pdiv(x[5],x[5])),x[2]),add(sub(x[7],x[7]),pdiv(69.44,sub(x[3],x[3]))))",0.19161676646706582,14c6e007ad625f3839f568e9ee8a86e1,0.19161676646706582,False,0.0
8,22,"greater_than_or_equal(sub(pdiv(x[7],add(sub(x[2],x[7]),add(x[5],x[7]))),x[2]), add(x[2],add(add(add(pdiv(x[3],pdiv(x[7],add(x[2],x[7]))),pdiv(x[3],x[7])),x[3]),x[5])))",False,,,6a966dd53da2fdd07efae72a0eeb5c85,0.6407185628742516,False,0.0
8,22,"greater_than_or_equal(x[7], x[7])",True,"less_than_or_equal(x[2],x[2])",0.35928143712574845,bd082d42dcba8056510101f18394b575,0.35928143712574845,False,0.0
8,22,"greater_than_or_equal(x[5], x[7])",True,"greater_than_or_equal(x[5], x[7])",0.3892215568862275,ca29d589a2290a0489371628a6b32bf4,0.3892215568862275,False,0.0
8,22,"greater_than_or_equal(add(add(x[5],x[5]),x[7]), x[5])",True,"less_than_or_equal(x[2],x[2])",0.35928143712574845,bd082d42dcba8056510101f18394b575,0.35928143712574845,False,0.0
8,22,"not_(less_than_or_equal(pdiv(x[3],x[7]),pdiv(x[3],mul(x[7],add(x[7],x[5])))))",True,"less_than_or_equal(pdiv(x[3],x[3]),add(x[7],x[5]))",0.6766467065868264,af4feba43f47b03c318615bfaa859bb7,0.6826347305389222,True,0.005988023952095856
8,22,"greater_than_or_equal(x[0], mul(x[7],mul(add(x[0],sub(x[7],x[0])),x[5])))",True,"less_than_or_equal(x[7],pdiv(x[0],x[7]))",0.5029940119760479,37afef815a97697dfbf210f3b9ca92af,0.5029940119760479,False,0.0
8,22,"greater_than_or_equal(x[5], mul(x[7],x[5]))",True,"less_than_or_equal(x[2],x[2])",0.35928143712574845,bd082d42dcba8056510101f18394b575,0.35928143712574845,False,0.0
8,22,"greater_than_or_equal(pdiv(x[5],x[5]), add(x[7],mul(x[7],sub(x[3],mul(x[5],sub(sub(add(x[2],x[7]),x[2]),add(x[2],x[3])))))))",False,,,9a6b3e9d41183fd0f1c2c5b2bb588491,0.2455089820359282,False,0.0
8,22,"not_(greater_than_or_equal(79.65, mul(x[0],add(add(mul(mul(x[7],add(pdiv(add(x[3],add(x[2],x[7])),x[0]),x[7])),pdiv(x[5],x[5])),x[5]),x[0]))))",True,not_(x[6]),0.6347305389221557,b4068ba57b63c959651c969331c4b5cd,0.6407185628742516,True,0.005988023952095856
8,22,"not_(greater_than_or_equal(x[0], x[2]))",True,"not_(greater_than_or_equal(x[0], x[2]))",0.46706586826347307,f1fa952d9a809dad2428f04a098cf68b,0.46706586826347307,False,0.0
8,22,"greater_than_or_equal(00.35, mul(sub(add(add(mul(mul(x[7],pdiv(sub(x[5],x[7]),add(x[5],mul(x[7],add(x[7],x[5]))))),add(mul(x[5],add(x[7],x[2])),add(x[2],x[3]))),x[5]),x[5]),x[5]),x[2]))",False,,,40026b3289d4468af322573532ac42f6,0.28742514970059885,False,0.0
8,22,"greater_than_or_equal(sub(pdiv(x[0],x[7]),mul(x[2],x[5])), add(mul(add(mul(x[7],add(x[7],x[2])),x[3]),x[5]),x[5]))",True,"greater_than_or_equal(sub(pdiv(x[0],x[7]),mul(x[0],mul(x[7],pdiv(x[5],x[5])))), add(x[5],x[2]))",0.5209580838323353,cf4001fac02c200e00593502b05291c0,0.5449101796407185,True,0.0239520958083832
8,22,"not_(less_than_or_equal(pdiv(x[5],add(x[2],x[5])),mul(x[5],x[0])))",True,"not_(greater_than_or_equal(mul(add(x[5],x[5]),x[0]), add(sub(x[7],x[7]),pdiv(x[5],x[0]))))",0.37125748502994016,0a3e2c977030e8d0e2f3cfd881788b9d,0.3772455089820359,True,0.0059880239520957446
8,22,"greater_than_or_equal(x[5], x[7])",True,"greater_than_or_equal(x[5], x[7])",0.3892215568862275,ca29d589a2290a0489371628a6b32bf4,0.3892215568862275,False,0.0
8,22,"greater_than_or_equal(sub(x[7],x[2]), sub(x[2],x[2]))",True,"less_than_or_equal(pdiv(add(x[2],x[5]),sub(x[2],x[7])),mul(mul(x[2],x[3]),mul(x[5],x[7])))",0.4730538922155688,6a9a868ce645e54c16a03959cbdb37f6,0.4730538922155688,False,0.0
8,22,"greater_than_or_equal(sub(pdiv(x[0],x[7]),x[7]), x[5])",True,"greater_than_or_equal(sub(pdiv(x[0],x[7]),mul(x[0],mul(x[7],pdiv(x[5],x[5])))), add(x[5],x[2]))",0.5209580838323353,cf4001fac02c200e00593502b05291c0,0.5209580838323353,False,0.0
8,22,"greater_than_or_equal(sub(add(x[5],x[7]),mul(x[7],x[0])), add(mul(add(mul(x[7],add(x[7],x[7])),92.04),add(x[2],x[7])),sub(sub(x[5],sub(x[0],x[3])),mul(x[7],add(add(x[5],sub(sub(sub(sub(x[5],add(pdiv(mul(x[3],x[7]),x[7]),add(x[7],x[5]))),x[5]),x[2]),add(sub(x[7],x[7]),pdiv(x[5],x[5])))),mul(mul(x[5],x[7]),pdiv(x[7],x[3])))))))",True,"not_(less_than_or_equal(pdiv(x[5],sub(x[7],pdiv(x[7],x[5]))),x[3]))",0.6706586826347305,bbc3b5b5dbbfe66db4802d8c8a0de5c2,0.6646706586826348,True,-0.0059880239520957446
8,22,"greater_than_or_equal(x[5], 97.93)",True,not_(x[6]),0.6347305389221557,b4068ba57b63c959651c969331c4b5cd,0.6407185628742516,True,0.005988023952095856
8,22,"greater_than_or_equal(sub(pdiv(x[5],add(x[2],x[5])),mul(x[5],add(add(x[7],x[0]),x[5]))), x[2])",False,,,7954fba078cb575a613b5f859400b6ff,0.437125748502994,False,0.0
8,22,"not_(less_than_or_equal(pdiv(x[5],x[7]),pdiv(x[5],x[7])))",True,not_(x[6]),0.6347305389221557,b4068ba57b63c959651c969331c4b5cd,0.6407185628742516,True,0.005988023952095856
8,22,"greater_than_or_equal(sub(pdiv(add(x[5],x[5]),mul(x[7],x[5])),x[7]), add(mul(x[7],add(add(add(mul(add(x[2],pdiv(mul(x[3],add(x[2],x[7])),x[7])),pdiv(x[7],x[5])),x[3]),x[5]),x[7])),add(x[2],x[7])))",False,,,4b65a19416e3d426ba8d1747f63d40ee,0.20958083832335328,False,0.0
8,22,"greater_than_or_equal(pdiv(x[3],x[3]), add(add(x[7],x[0]),x[2]))",True,"greater_than_or_equal(pdiv(x[5],x[5]), add(add(x[7],x[0]),x[2]))",0.20359281437125754,2c8ba4c0896bdabce262eefb429de9c2,0.20359281437125754,False,0.0
8,22,"less_than_or_equal(add(pdiv(add(mul(x[5],sub(x[7],x[2])),add(x[2],x[7])),pdiv(x[3],x[5])),add(x[5],x[2])),mul(x[7],add(sub(x[3],x[5]),pdiv(x[3],x[3]))))",False,,,2a0f42f431abcaa5cd78b061afcd939e,0.6586826347305389,False,0.0
8,22,"not_(less_than_or_equal(pdiv(x[5],x[0]),x[5]))",True,"less_than_or_equal(x[2],x[2])",0.35928143712574845,bd082d42dcba8056510101f18394b575,0.3652694610778443,True,0.005988023952095856
8,22,"greater_than_or_equal(pdiv(sub(pdiv(x[5],add(sub(pdiv(add(x[7],x[7]),x[7]),add(mul(97.74,add(add(sub(x[7],sub(x[3],mul(x[5],x[7]))),add(x[2],x[7])),x[2])),add(x[2],x[3]))),add(pdiv(x[3],pdiv(x[7],add(x[2],x[7]))),pdiv(x[3],x[7])))),x[3]),x[5]), x[5])",True,not_(x[6]),0.6347305389221557,b4068ba57b63c959651c969331c4b5cd,0.6347305389221557,False,0.0
8,22,"not_(greater_than_or_equal(pdiv(add(x[7],add(x[2],x[2])),x[5]), x[5]))",False,,,4782d52f99be7350de67dc5182da42fa,0.562874251497006,False,0.0
8,22,"greater_than_or_equal(x[5], mul(x[7],add(add(sub(sub(add(add(x[0],add(x[5],x[2])),add(sub(x[7],sub(x[3],mul(x[5],x[7]))),add(x[0],x[7]))),x[2]),pdiv(x[2],x[3])),add(pdiv(x[3],pdiv(x[7],add(x[2],x[7]))),pdiv(x[3],x[7]))),x[3])))",False,,,8cf66b86fdc6235e6f03b9753100240c,0.5868263473053892,False,0.0
8,22,"greater_than_or_equal(sub(pdiv(x[5],x[7]),add(x[5],x[5])), mul(x[2],sub(x[0],sub(mul(x[7],x[2]),pdiv(pdiv(x[5],x[7]),add(x[3],x[5]))))))",False,,,ff712a52274651a0d2f1a356068f8740,0.3173652694610778,False,0.0
8,22,"greater_than_or_equal(sub(pdiv(pdiv(pdiv(sub(pdiv(add(x[7],x[2]),x[5]),04.69),x[5]),pdiv(x[5],add(pdiv(add(x[2],x[5]),x[5]),mul(x[2],x[2])))),x[7]),x[7]), add(sub(x[7],sub(mul(x[7],x[0]),sub(pdiv(x[5],x[7]),x[3]))),x[7]))",False,,,7c467d8655cd47ed7c992c941b795c74,0.6766467065868264,False,0.0
8,22,"greater_than_or_equal(pdiv(x[5],x[5]), add(x[5],add(x[5],x[7])))",True,"greater_than_or_equal(pdiv(x[5],x[5]), add(add(x[7],x[5]),mul(x[5],add(x[2],x[3]))))",0.5089820359281437,0b8d0a5a14400c2ffd5cd8de1d582a19,0.5389221556886228,True,0.029940119760479056
8,22,"greater_than_or_equal(pdiv(x[5],x[2]), add(x[3],x[3]))",False,,,4b207d1880a33b08af42dcf2296a6354,0.3652694610778443,False,0.0
8,22,"not_(less_than_or_equal(pdiv(x[3],x[7]),pdiv(x[2],x[0])))",True,"not_(less_than_or_equal(pdiv(x[3],x[7]),pdiv(x[2],x[0])))",0.2934131736526946,2fa7bd68816955fc142c3e71574980bd,0.2934131736526946,False,0.0
8,22,"less_than_or_equal(add(mul(x[5],x[7]),x[2]),pdiv(sub(sub(x[7],x[7]),x[7]),add(mul(x[7],add(x[2],x[5])),add(x[2],x[5]))))",True,not_(x[6]),0.6347305389221557,b4068ba57b63c959651c969331c4b5cd,0.6407185628742516,True,0.005988023952095856
8,22,"not_(less_than_or_equal(pdiv(x[5],pdiv(add(add(mul(x[2],x[5]),mul(x[7],mul(add(pdiv(add(add(sub(pdiv(x[5],x[7]),x[5]),add(x[2],x[5])),94.99),add(x[2],x[5])),x[7]),sub(x[5],mul(x[5],x[5]))))),add(x[7],x[2])),x[3])),x[5]))",True,not_(x[6]),0.6347305389221557,b4068ba57b63c959651c969331c4b5cd,0.6407185628742516,True,0.005988023952095856
8,22,"not_(less_than_or_equal(pdiv(pdiv(mul(x[7],add(x[5],mul(x[7],add(pdiv(x[5],x[7]),x[5])))),x[5]),x[2]),add(sub(x[7],x[7]),pdiv(x[5],x[5]))))",False,,,26d4797474df717b30e1020b07ee47c8,0.4610778443113772,False,0.0
8,22,"greater_than_or_equal(x[5], mul(x[7],add(mul(x[7],add(mul(x[7],add(mul(x[0],add(add(mul(mul(x[7],pdiv(pdiv(mul(x[0],pdiv(x[2],x[7])),sub(x[2],sub(pdiv(x[5],x[2]),x[5]))),x[5])),x[5]),add(x[7],sub(x[7],mul(x[3],x[7])))),x[7])),add(x[7],x[2]))),x[7])),x[5])))",True,"greater_than_or_equal(sub(pdiv(x[5],x[7]),x[5]), mul(x[7],add(x[7],x[5])))",0.2455089820359282,bd60c72475b288ea9487852ed6852c02,0.22155688622754488,True,-0.02395209580838331
8,22,"less_than_or_equal(x[5],mul(x[7],add(x[5],x[2])))",True,"less_than_or_equal(sub(pdiv(x[5],x[7]),x[2]),x[5])",0.7664670658682635,ddb8f2b80cae6cdf806f9c917c640108,0.7664670658682635,False,0.0
8,22,"greater_than_or_equal(x[5], mul(x[2],x[5]))",True,"not_(greater_than_or_equal(mul(x[7],x[2]), x[7]))",0.34730538922155685,f69cf4961d82af0c72c0014d2a401904,0.34730538922155685,False,0.0
8,22,"greater_than_or_equal(pdiv(x[5],x[7]), add(x[0],add(x[5],x[5])))",True,"greater_than_or_equal(pdiv(x[5],add(x[7],x[7])), add(x[5],x[0]))",0.281437125748503,900d918d6c420d54e1d70726cdefdd19,0.2694610778443114,True,-0.0119760479041916
8,22,"not_(less_than_or_equal(pdiv(x[5],x[5]),add(mul(x[5],x[2]),x[2])))",False,,,d082749556ca18b49bd315ec68630570,0.281437125748503,False,0.0
8,22,"less_than_or_equal(add(mul(x[5],x[7]),x[2]),add(sub(x[7],x[7]),pdiv(x[5],x[5])))",True,"not_(less_than_or_equal(pdiv(x[5],x[5]),add(mul(x[5],x[7]),x[2])))",0.27544910179640714,27e620cad3b31e18f78f8d0da02ad640,0.27544910179640714,False,0.0
8,22,"greater_than_or_equal(add(pdiv(x[5],x[5]),add(x[7],x[2])), x[7])",True,"less_than_or_equal(x[2],x[2])",0.35928143712574845,bd082d42dcba8056510101f18394b575,0.35928143712574845,False,0.0
8,22,"greater_than_or_equal(pdiv(x[5],mul(x[7],x[2])), add(sub(sub(x[5],sub(x[0],x[3])),mul(x[7],add(mul(x[5],add(sub(sub(sub(x[2],x[2]),x[2]),x[5]),mul(x[5],x[2]))),pdiv(pdiv(mul(x[5],x[5]),x[5]),pdiv(x[7],x[5]))))),mul(x[7],mul(x[5],x[5]))))",False,,,d15e7be03eadcaf89a7abb4c38b4ae3f,0.3053892215568862,False,0.0
8,22,"greater_than_or_equal(pdiv(x[3],x[2]), mul(add(pdiv(add(x[2],x[7]),sub(sub(x[5],sub(x[0],x[3])),mul(x[7],add(mul(x[5],sub(sub(sub(sub(x[2],x[2]),x[2]),x[5]),mul(x[7],add(x[7],x[5])))),x[5])))),x[2]),add(sub(x[7],x[7]),pdiv(x[5],x[5]))))",False,,,af15d35b6a51fd907b0a4bee5a077b48,0.29940119760479045,False,0.0
8,22,"greater_than_or_equal(pdiv(add(pdiv(x[2],mul(add(add(x[0],x[7]),x[2]),x[5])),x[5]),x[5]), x[7])",True,"less_than_or_equal(x[2],x[2])",0.35928143712574845,bd082d42dcba8056510101f18394b575,0.35928143712574845,False,0.0
8,22,"greater_than_or_equal(x[5], mul(x[7],x[3]))",True,"not_(less_than_or_equal(pdiv(x[5],x[3]),x[7]))",0.3413173652694611,e691e9faf9d6cf6a1c64f756c672a16e,0.3413173652694611,False,0.0
8,22,"not_(less_than_or_equal(x[2],mul(x[3],x[7])))",True,"not_(less_than_or_equal(pdiv(x[2],x[3]),x[7]))",0.45508982035928147,7743a98474d5159fe58c1743312dfcba,0.45508982035928147,False,0.0
8,22,"greater_than_or_equal(x[5], mul(x[7],add(x[5],pdiv(x[5],x[7]))))",True,not_(x[6]),0.6347305389221557,b4068ba57b63c959651c969331c4b5cd,0.6347305389221557,False,0.0
8,22,"greater_than_or_equal(x[2], mul(x[7],add(mul(x[0],mul(add(x[2],add(x[7],x[7])),x[2])),x[0])))",False,,,f5afe63fbf8fac7a0c6433951a3eac37,0.3173652694610778,False,0.0
8,22,"greater_than_or_equal(sub(pdiv(x[2],mul(mul(x[5],x[2]),95.20)),x[3]), x[5])",True,"greater_than_or_equal(sub(pdiv(x[0],mul(x[7],x[0])),x[2]), add(pdiv(x[5],pdiv(x[2],45.94)),x[7]))",0.6347305389221557,7c9297f6a16b0fdd01811c2278eab4ec,0.6227544910179641,True,-0.0119760479041916
8,22,"greater_than_or_equal(pdiv(pdiv(x[7],mul(x[7],add(x[0],pdiv(x[3],x[3])))),add(mul(x[7],add(x[7],x[5])),mul(pdiv(x[7],x[2]),sub(pdiv(add(x[7],x[2]),x[0]),00.69)))), x[5])",False,,,1d649722e39e3e58b36ff2f9806c6d4c,0.3772455089820359,False,0.0
8,22,"greater_than_or_equal(sub(pdiv(x[5],x[7]),add(mul(x[2],pdiv(x[3],x[5])),pdiv(add(x[2],mul(add(x[7],mul(pdiv(x[3],x[5]),x[5])),add(x[2],x[5]))),x[5]))), add(x[5],x[2]))",True,"greater_than_or_equal(sub(pdiv(x[5],x[7]),add(x[5],pdiv(add(mul(pdiv(x[2],x[5]),add(x[2],x[5])),x[7]),pdiv(x[5],x[5])))), x[5])",0.3652694610778443,277e57b48c2ba30f5693c21858757cda,0.4131736526946108,True,0.04790419161676651
8,22,"not_(greater_than_or_equal(mul(x[7],add(mul(x[7],add(x[2],x[5])),add(x[2],x[5]))), x[5]))",True,"greater_than_or_equal(sub(pdiv(pdiv(x[5],x[7]),add(x[7],x[2])),add(add(x[5],x[2]),x[5])), mul(x[7],add(x[7],x[2])))",0.2694610778443114,0fba72d8c1e546a86109af2a73634272,0.2694610778443114,False,0.0
8,22,"not_(less_than_or_equal(x[5],x[5]))",True,not_(x[6]),0.6347305389221557,b4068ba57b63c959651c969331c4b5cd,0.6407185628742516,True,0.005988023952095856
8,22,"not_(less_than_or_equal(pdiv(x[5],x[7]),add(x[3],x[3])))",True,"not_(greater_than_or_equal(mul(x[7],add(x[3],x[3])), x[5]))",0.33532934131736525,21dfd395723705053ccbb05cf6fc70b7,0.33532934131736525,False,0.0
8,22,"greater_than_or_equal(sub(add(x[5],x[7]),add(mul(x[2],x[5]),mul(x[2],add(sub(x[7],sub(x[2],mul(x[0],x[7]))),add(x[2],x[7]))))), x[5])",False,,,bf548a9b50fe1ca9ff04d8cea9117741,0.33532934131736525,False,0.0
8,22,"greater_than_or_equal(pdiv(x[5],x[7]), add(x[2],x[5]))",True,"greater_than_or_equal(x[5], mul(x[7],add(x[5],x[2])))",0.23353293413173648,49521aab13419e9d4582e656c37790ef,0.23353293413173648,False,0.0
8,22,"greater_than_or_equal(pdiv(x[5],x[7]), x[2])",True,"less_than_or_equal(sub(mul(x[2],x[7]),mul(x[0],x[7])),x[5])",0.34730538922155685,67e5c7a497be3e968ea5c2bd6433af6d,0.33532934131736525,True,-0.0119760479041916
8,22,"not_(less_than_or_equal(add(sub(mul(79.49,mul(x[7],add(x[7],x[2]))),x[3]),x[3]),add(pdiv(pdiv(x[7],x[5]),add(x[2],add(add(x[2],x[7]),pdiv(x[3],x[7])))),x[3])))",True,"less_than_or_equal(sub(sub(x[3],x[5]),pdiv(x[7],mul(add(sub(x[7],x[7]),pdiv(x[5],x[2])),x[7]))),x[0])",0.3892215568862275,5918517f5c7939fc875812594d344b06,0.37125748502994016,True,-0.017964071856287345
8,22,"greater_than_or_equal(x[5], mul(x[2],sub(x[3],mul(x[5],x[7]))))",True,"greater_than_or_equal(add(mul(x[0],x[3]),pdiv(x[5],x[3])), x[2])",0.3293413173652695,f0c5da2fb3fda6018ebf0885b8c1ea67,0.3293413173652695,False,0.0
8,22,"greater_than_or_equal(sub(pdiv(x[7],x[7]),x[7]), mul(x[0],x[7]))",False,,,c04b0cc545011298a205e061fafca8a2,0.3173652694610778,False,0.0
8,22,"greater_than_or_equal(x[5], x[5])",True,"less_than_or_equal(x[2],x[2])",0.35928143712574845,bd082d42dcba8056510101f18394b575,0.35928143712574845,False,0.0
8,22,"greater_than_or_equal(pdiv(x[5],add(x[2],x[5])), mul(x[7],add(x[5],x[2])))",True,"greater_than_or_equal(x[5], mul(mul(x[7],add(x[2],x[5])),add(x[2],x[5])))",0.19161676646706582,62389eccbd0ced0ad04dca28fa26521d,0.19161676646706582,False,0.0
8,22,"not_(less_than_or_equal(x[5],x[5]))",True,not_(x[6]),0.6347305389221557,b4068ba57b63c959651c969331c4b5cd,0.6407185628742516,True,0.005988023952095856
8,22,"greater_than_or_equal(sub(pdiv(x[5],x[2]),x[7]), add(sub(pdiv(x[5],add(x[2],add(x[7],42.07))),x[2]),x[5]))",False,,,0278e84dcab7e1949c3c9df38e70c44b,0.3532934131736527,False,0.0
8,22,"greater_than_or_equal(pdiv(x[0],add(x[2],x[7])), x[7])",True,"less_than_or_equal(x[7],pdiv(x[0],x[7]))",0.5029940119760479,37afef815a97697dfbf210f3b9ca92af,0.4970059880239521,True,-0.0059880239520957446
8,22,"greater_than_or_equal(pdiv(x[5],add(x[2],x[2])), x[5])",True,"not_(less_than_or_equal(pdiv(x[5],x[5]),add(x[2],x[2])))",0.25149700598802394,b1dd33075a09479c47bb17a355eef7af,0.25149700598802394,False,0.0
8,22,"not_(less_than_or_equal(pdiv(x[5],x[5]),add(mul(x[5],add(x[5],mul(x[7],mul(70.92,x[5])))),add(x[0],add(x[2],x[2])))))",False,,,2e4a5f496eeed74c5f8b7594e3010800,0.6047904191616766,False,0.0
8,22,"not_(less_than_or_equal(pdiv(x[5],x[7]),add(mul(x[2],x[3]),x[2])))",False,,,c9eecd0e69b685df495f804489113afe,0.3173652694610778,False,0.0
8,22,"less_than_or_equal(pdiv(x[5],add(x[2],x[2])),30.93)",True,"less_than_or_equal(x[2],x[2])",0.35928143712574845,bd082d42dcba8056510101f18394b575,0.35928143712574845,False,0.0
8,22,"greater_than_or_equal(x[5], sub(mul(x[7],x[5]),add(pdiv(x[2],pdiv(mul(x[7],mul(add(x[5],add(x[3],x[7])),mul(x[7],add(x[2],mul(pdiv(x[7],mul(x[5],x[0])),sub(sub(x[2],sub(pdiv(x[2],x[5]),mul(x[7],add(x[7],x[5])))),x[5])))))),x[2])),add(sub(x[7],x[7]),pdiv(x[5],x[5])))))",False,,,e56216484917362fc6808942e6a838b3,0.5389221556886228,False,0.0
8,22,"greater_than_or_equal(x[5], mul(x[7],add(add(sub(x[2],x[7]),add(x[5],x[7])),add(x[5],x[7]))))",True,"greater_than_or_equal(x[5], mul(x[7],add(x[5],pdiv(x[5],x[5]))))",0.33532934131736525,fa01caa917a58bbda28cb775016b8bd1,0.3173652694610778,True,-0.017964071856287456
8,22,"less_than_or_equal(x[7],x[2])",True,"less_than_or_equal(add(x[5],x[7]),add(x[5],x[2]))",0.5269461077844311,544b4f45aa71542bcadfaa9d165fdbeb,0.5269461077844311,False,0.0
8,22,"greater_than_or_equal(x[5], mul(x[3],add(x[0],add(add(x[7],x[0]),pdiv(x[7],x[7])))))",False,,,2e7eebbad88bd591f0b10427a519f850,0.5209580838323353,False,0.0
8,22,"greater_than_or_equal(x[7], add(add(x[2],x[5]),mul(x[7],add(x[7],mul(x[2],mul(mul(x[5],x[2]),x[5]))))))",True,"greater_than_or_equal(add(mul(x[7],sub(x[0],x[7])),x[7]), add(x[5],x[2]))",0.6586826347305389,681d8fd5d491586fb67fc0cf65def18f,0.652694610778443,True,-0.005988023952095856
8,22,"not_(less_than_or_equal(pdiv(x[5],x[7]),add(mul(x[2],x[5]),mul(x[5],x[5]))))",True,"not_(greater_than_or_equal(mul(x[7],add(x[5],x[2])), add(sub(x[7],x[7]),pdiv(x[5],x[5]))))",0.2934131736526946,0626717d313f6c0bc6513f2ca4ff096e,0.29940119760479045,True,0.005988023952095856
8,22,"not_(less_than_or_equal(mul(x[5],x[7]),add(mul(x[2],sub(x[3],x[7])),mul(mul(x[2],add(x[7],x[5])),add(x[0],add(x[2],x[2]))))))",False,,,71ad06bc28eda6634243a9de160f8cb0,0.4850299401197605,False,0.0
8,22,"greater_than_or_equal(pdiv(x[5],add(x[2],x[5])), mul(x[7],add(x[5],x[3])))",True,"greater_than_or_equal(sub(pdiv(x[5],x[5]),mul(x[7],add(x[7],x[2]))), x[3])",0.23952095808383234,28ec52dd7333cc1c240b9eacee8d6909,0.2455089820359282,True,0.005988023952095856
8,22,"greater_than_or_equal(pdiv(x[3],x[3]), add(add(x[7],mul(x[7],add(x[5],mul(x[5],add(add(x[7],x[0]),x[5]))))),x[2]))",False,,,09803b73b716047d12c75be1e38544c7,0.3053892215568862,False,0.0
8,22,"greater_than_or_equal(x[5], mul(x[7],add(x[2],x[0])))",True,"greater_than_or_equal(sub(pdiv(x[5],x[7]),x[2]), x[0])",0.32335329341317365,608e3fd5b4f48ec5fb45edbea2ae1556,0.32335329341317365,False,0.0
8,22,"greater_than_or_equal(pdiv(x[5],add(x[2],add(sub(x[7],sub(x[3],mul(x[5],x[7]))),mul(x[2],x[7])))), x[2])",False,,,52ae8961a55442a11cdd62f8681b3d7f,0.4131736526946108,False,0.0
8,22,"not_(less_than_or_equal(pdiv(x[5],x[7]),add(mul(x[2],x[5]),mul(x[7],mul(mul(x[2],add(x[7],x[5])),add(sub(sub(add(10.70,x[7]),x[7]),add(sub(x[2],pdiv(mul(x[5],x[5]),x[5])),pdiv(x[7],x[5]))),mul(x[7],mul(x[5],x[5]))))))))",False,,,f73261a77897f45c0dc1859642028678,0.29940119760479045,False,0.0
8,22,"greater_than_or_equal(pdiv(x[3],x[3]), add(pdiv(pdiv(x[5],add(pdiv(x[3],x[7]),x[0])),pdiv(x[2],x[5])),x[5]))",False,,,5b25d09b0f06cdcd089435aeea9aa8d1,0.5389221556886228,False,0.0
8,22,"greater_than_or_equal(x[0], sub(add(x[2],x[0]),add(add(x[2],x[3]),add(x[2],x[5]))))",True,"less_than_or_equal(x[2],x[2])",0.35928143712574845,bd082d42dcba8056510101f18394b575,0.35928143712574845,False,0.0
8,22,"less_than_or_equal(pdiv(add(pdiv(add(x[2],x[5]),mul(x[0],pdiv(pdiv(x[7],sub(pdiv(x[5],x[7]),sub(x[5],mul(x[5],x[5])))),add(x[7],x[2])))),x[3]),x[5]),add(x[3],add(sub(x[3],x[7]),x[5])))",True,not_(x[6]),0.6347305389221557,b4068ba57b63c959651c969331c4b5cd,0.6407185628742516,True,0.005988023952095856
8,22,"greater_than_or_equal(sub(pdiv(x[5],x[7]),mul(x[7],x[0])), add(mul(add(mul(x[7],add(x[7],x[3])),x[7]),x[5]),mul(x[2],x[5])))",False,,,5712f684026f74884f705da032078ac1,0.20359281437125754,False,0.0
8,22,"greater_than_or_equal(pdiv(x[5],add(x[2],x[2])), pdiv(mul(x[2],add(sub(x[7],x[7]),pdiv(x[5],x[5]))),mul(mul(x[5],x[7]),pdiv(x[7],x[3]))))",False,,,7898244bc10dc1b0dfb0641e3ed59d2f,0.5269461077844311,False,0.0
8,22,"greater_than_or_equal(x[5], mul(mul(sub(add(x[7],x[0]),x[2]),x[0]),add(add(x[2],x[3]),add(x[2],x[5]))))",False,,,c95bd47fdccf1bd4fdb27dc8c2ece6ed,0.33532934131736525,False,0.0
8,22,"greater_than_or_equal(x[5], sub(mul(x[7],add(add(x[7],sub(x[7],mul(x[3],x[7]))),add(mul(add(x[7],x[2]),x[7]),x[5]))),x[5]))",False,,,f46100a6a2ef4b057ea9e12486e00cb8,0.23353293413173648,False,0.0
8,22,"greater_than_or_equal(pdiv(x[2],sub(add(x[5],x[5]),add(x[7],x[0]))), x[2])",False,,,008413ce596e537bac7ebf2c636bcbb9,0.40718562874251496,False,0.0
8,22,"greater_than_or_equal(x[5], mul(x[5],x[2]))",True,"not_(greater_than_or_equal(mul(x[7],x[2]), x[7]))",0.34730538922155685,f69cf4961d82af0c72c0014d2a401904,0.34730538922155685,False,0.0
8,22,"greater_than_or_equal(x[5], sub(mul(x[7],x[5]),add(pdiv(x[2],x[5]),add(x[5],sub(pdiv(mul(mul(x[7],x[5]),mul(x[2],mul(pdiv(mul(x[2],x[2]),sub(x[5],x[5])),add(mul(x[7],add(x[5],x[5])),mul(x[5],add(x[0],add(x[5],x[2]))))))),mul(sub(x[7],sub(pdiv(pdiv(mul(x[5],x[7]),add(x[2],45.09)),pdiv(x[3],add(pdiv(x[3],pdiv(x[7],add(x[2],x[7]))),pdiv(x[3],x[7])))),x[3])),x[5])),x[5])))))",True,"less_than_or_equal(x[2],x[2])",0.35928143712574845,bd082d42dcba8056510101f18394b575,0.35928143712574845,False,0.0
8,22,"greater_than_or_equal(sub(pdiv(x[5],x[2]),x[2]), x[3])",False,,,c5fcb0d116a01769c8bb9b5404f6dac9,0.32335329341317365,False,0.0
8,22,"greater_than_or_equal(x[3], mul(add(x[5],add(x[2],x[7])),mul(x[7],add(x[7],x[7]))))",True,"greater_than_or_equal(sub(pdiv(x[3],x[7]),x[7]), add(mul(x[2],x[5]),x[7]))",0.27544910179640714,97ae396b388e9d2e78018286d74c6117,0.27544910179640714,False,0.0
8,22,"greater_than_or_equal(sub(pdiv(x[5],x[2]),x[7]), x[5])",True,"greater_than_or_equal(sub(pdiv(x[5],x[2]),x[5]), x[7])",0.28742514970059885,47b4fe2dd58d80bf9d00986d668e65e9,0.28742514970059885,False,0.0
8,22,"greater_than_or_equal(x[3], mul(x[2],x[3]))",True,"not_(greater_than_or_equal(mul(x[7],x[2]), x[7]))",0.34730538922155685,f69cf4961d82af0c72c0014d2a401904,0.34730538922155685,False,0.0
8,22,"greater_than_or_equal(add(sub(pdiv(x[5],x[7]),x[3]),x[5]), add(x[3],x[5]))",True,"not_(greater_than_or_equal(mul(x[7],add(x[3],x[3])), x[5]))",0.33532934131736525,21dfd395723705053ccbb05cf6fc70b7,0.33532934131736525,False,0.0
8,22,"less_than_or_equal(pdiv(x[5],x[7]),x[5])",True,"greater_than_or_equal(x[3], pdiv(x[3],x[7]))",0.5988023952095809,544e9f57eeb7aee70ddd2795444ac73a,0.5988023952095809,False,0.0
8,22,"greater_than_or_equal(sub(pdiv(x[5],x[7]),add(x[5],x[5])), mul(x[5],add(x[0],x[7])))",True,"greater_than_or_equal(sub(pdiv(x[5],x[5]),mul(x[7],add(x[7],x[2]))), add(x[7],x[2]))",0.26347305389221554,aaf80896837d0213a823e33e60dc50ac,0.29940119760479045,True,0.03592814371257491
8,22,"greater_than_or_equal(pdiv(x[5],sub(x[5],x[2])), x[5])",True,"not_(not_(less_than_or_equal(x[2],x[5])))",0.34730538922155685,4af53f79d9ad2ffac455113b88a02dd4,0.3413173652694611,True,-0.0059880239520957446
8,22,"not_(less_than_or_equal(pdiv(x[5],x[7]),add(x[5],mul(x[5],add(x[2],x[2])))))",True,"greater_than_or_equal(sub(pdiv(x[7],x[7]),x[7]), mul(x[7],add(x[2],x[2])))",0.20359281437125754,95970d13af32bda1e3f8ad029c9f477c,0.20958083832335328,True,0.0059880239520957446
8,22,"greater_than_or_equal(pdiv(x[5],x[5]), mul(x[5],mul(x[3],pdiv(pdiv(mul(x[2],x[2]),sub(x[5],x[5])),x[2]))))",True,"not_(less_than_or_equal(pdiv(x[5],x[5]),mul(pdiv(x[5],x[2]),x[3])))",0.5209580838323353,8c9f7608bde135e4e1570ec217e729bb,0.5209580838323353,False,0.0
8,22,"greater_than_or_equal(pdiv(x[5],x[5]), x[7])",True,"less_than_or_equal(x[2],x[2])",0.35928143712574845,bd082d42dcba8056510101f18394b575,0.35928143712574845,False,0.0
8,22,"greater_than_or_equal(pdiv(x[0],add(x[2],x[5])), mul(x[5],pdiv(add(add(pdiv(x[0],x[5]),add(x[7],x[2])),x[2]),add(x[7],x[0]))))",True,"greater_than_or_equal(mul(x[0],x[3]), pdiv(x[5],x[3]))",0.6586826347305389,398030c733cc84fbe192baf690950e15,0.6586826347305389,False,0.0
8,22,"greater_than_or_equal(50.39, mul(sub(add(add(x[0],x[7]),x[7]),add(x[3],x[5])),x[2]))",True,"less_than_or_equal(x[2],x[2])",0.35928143712574845,bd082d42dcba8056510101f18394b575,0.35928143712574845,False,0.0
8,22,"greater_than_or_equal(pdiv(x[5],add(sub(x[7],x[7]),pdiv(x[5],x[2]))), pdiv(x[0],add(pdiv(x[3],x[5]),add(x[5],x[2]))))",False,,,178f1d09cab98feeb93cd45e513ba1f6,0.4251497005988024,False,0.0
8,22,"greater_than_or_equal(x[5], mul(x[5],mul(x[5],add(x[2],add(x[5],x[2])))))",True,"greater_than_or_equal(pdiv(x[5],x[5]), add(x[5],mul(x[5],mul(x[2],add(x[2],x[5])))))",0.28742514970059885,0ad01c0fde70f71d08168ee92373ecda,0.28742514970059885,False,0.0
8,22,"greater_than_or_equal(sub(pdiv(pdiv(x[5],x[7]),x[7]),mul(add(x[5],add(x[7],x[0])),pdiv(x[5],pdiv(pdiv(sub(x[5],x[3]),x[5]),x[5])))), add(x[2],add(sub(x[7],sub(x[3],mul(x[5],x[7]))),add(x[2],x[7]))))",False,,,57266bc362a9eec675aa7575ea559f01,0.23353293413173648,False,0.0
8,22,"greater_than_or_equal(pdiv(pdiv(x[7],x[2]),sub(x[3],x[2])), x[7])",True,"greater_than_or_equal(x[3], x[2])",0.3652694610778443,0a54951987edb23171217fd387dfe4ac,0.3652694610778443,False,0.0
8,22,"greater_than_or_equal(00.95, mul(x[5],x[5]))",False,,,13b0b3d98a9b537a0a9f1684341f1f8c,0.3173652694610778,False,0.0
8,22,"greater_than_or_equal(pdiv(x[5],add(x[2],x[7])), x[7])",True,"greater_than_or_equal(x[5], mul(x[7],add(x[7],x[2])))",0.2455089820359282,dbe0ded9608d153cce360999e2a5fae7,0.2455089820359282,False,0.0
8,22,"greater_than_or_equal(pdiv(x[5],x[5]), add(x[5],x[7]))",True,"not_(less_than_or_equal(pdiv(x[5],x[5]),add(x[7],x[5])))",0.32335329341317365,e44f6a949f00cb0bf86b1105d7c3453d,0.32335329341317365,False,0.0
8,22,"greater_than_or_equal(x[5], mul(x[7],x[5]))",True,"less_than_or_equal(x[2],x[2])",0.35928143712574845,bd082d42dcba8056510101f18394b575,0.35928143712574845,False,0.0
8,22,"greater_than_or_equal(add(x[5],x[7]), add(mul(x[3],x[5]),pdiv(x[3],x[3])))",False,,,fa3441dd5142936bc5fdff587aee57d6,0.6706586826347305,False,0.0
8,22,"greater_than_or_equal(x[5], mul(x[7],x[3]))",True,"not_(less_than_or_equal(pdiv(x[5],x[3]),x[7]))",0.3413173652694611,e691e9faf9d6cf6a1c64f756c672a16e,0.3413173652694611,False,0.0
8,22,"not_(less_than_or_equal(pdiv(mul(x[3],x[7]),add(x[2],pdiv(x[7],pdiv(x[5],add(x[7],x[7]))))),mul(x[7],add(x[7],pdiv(pdiv(x[3],x[5]),x[5])))))",False,,,5cf26b228ae11767c4a01d9e33b90376,0.5269461077844311,False,0.0
8,22,"not_(less_than_or_equal(pdiv(x[5],mul(x[5],add(x[0],add(x[5],x[2])))),add(01.48,mul(x[5],x[7]))))",False,,,ef2562ca723654805505a2eda6cb6f53,0.5449101796407185,False,0.0
8,22,"greater_than_or_equal(04.45, x[3])",True,"less_than_or_equal(x[2],x[2])",0.35928143712574845,bd082d42dcba8056510101f18394b575,0.35928143712574845,False,0.0
8,22,"greater_than_or_equal(14.39, pdiv(x[5],add(x[5],x[2])))",True,"less_than_or_equal(x[2],x[2])",0.35928143712574845,bd082d42dcba8056510101f18394b575,0.35928143712574845,False,0.0
8,22,"greater_than_or_equal(mul(x[3],x[7]), add(add(sub(sub(pdiv(x[7],add(sub(mul(x[7],x[2]),pdiv(x[5],mul(x[7],add(x[3],x[3])))),add(mul(x[7],add(x[5],x[2])),mul(x[3],x[7])))),x[7]),add(x[7],x[5])),x[3]),x[3]))",False,,,93d2188423fe11381d5b8031def7ca2b,0.45508982035928147,False,0.0
8,22,"greater_than_or_equal(sub(x[2],x[5]), mul(x[7],add(add(97.24,mul(add(x[7],mul(x[2],mul(mul(x[5],mul(x[7],add(x[7],x[2]))),x[3]))),x[5])),x[5])))",True,not_(x[6]),0.6347305389221557,b4068ba57b63c959651c969331c4b5cd,0.6407185628742516,True,0.005988023952095856
8,22,"greater_than_or_equal(x[5], mul(x[7],add(mul(x[2],x[0]),x[7])))",False,,,0554fea4d1bfcf66e30a8e6badf01dfc,0.3413173652694611,False,0.0
8,22,"greater_than_or_equal(pdiv(x[5],add(x[2],x[5])), add(x[2],add(x[5],x[2])))",False,,,6ad662c72e15107db56cc404b98a1591,0.4730538922155688,False,0.0
8,22,"not_(less_than_or_equal(pdiv(x[7],add(add(x[2],x[3]),add(pdiv(x[3],x[2]),x[7]))),x[2]))",False,,,014209069a737c4d8ff1311e8758613f,0.6227544910179641,False,0.0
8,22,"greater_than_or_equal(x[2], sub(x[7],add(add(sub(x[3],x[7]),add(x[5],x[7])),pdiv(x[7],pdiv(x[2],x[0])))))",True,"less_than_or_equal(x[2],x[2])",0.35928143712574845,bd082d42dcba8056510101f18394b575,0.35928143712574845,False,0.0
8,22,"greater_than_or_equal(x[2], x[5])",True,"less_than_or_equal(x[5],x[2])",0.652694610778443,6fb17002302e404122653cf2c68db553,0.652694610778443,False,0.0
8,22,"not_(greater_than_or_equal(mul(add(x[5],x[2]),mul(x[7],add(mul(x[5],mul(add(x[2],add(x[7],x[7])),x[2])),x[0]))), add(add(x[2],x[3]),pdiv(pdiv(x[2],add(x[7],x[0])),x[2]))))",True,"greater_than_or_equal(pdiv(pdiv(x[5],x[5]),add(x[5],x[0])), x[2])",0.3413173652694611,5005b0c334820b72e1246e09cfc64254,0.3413173652694611,False,0.0
8,22,"greater_than_or_equal(sub(x[5],add(mul(x[7],x[7]),pdiv(x[5],x[5]))), mul(mul(x[5],x[7]),pdiv(x[7],x[5])))",True,not_(x[6]),0.6347305389221557,b4068ba57b63c959651c969331c4b5cd,0.6407185628742516,True,0.005988023952095856
8,22,"greater_than_or_equal(pdiv(x[5],add(x[2],x[5])), mul(x[2],add(x[5],x[2])))",False,,,4476b9a0cf606fd8d7226a8b253a04d1,0.26347305389221554,False,0.0
8,22,"not_(less_than_or_equal(pdiv(x[5],x[2]),x[5]))",True,"not_(greater_than_or_equal(mul(x[7],x[2]), x[7]))",0.34730538922155685,f69cf4961d82af0c72c0014d2a401904,0.3532934131736527,True,0.005988023952095856
8,22,"greater_than_or_equal(x[5], mul(x[5],mul(x[7],add(x[7],x[5]))))",True,"greater_than_or_equal(x[5], mul(x[5],mul(x[7],add(x[7],x[5]))))",0.28742514970059885,8155bcd3baa6acad2e4a23bec2295214,0.28742514970059885,False,0.0
8,22,"greater_than_or_equal(x[5], x[3])",True,"less_than_or_equal(mul(sub(x[7],x[0]),pdiv(x[7],25.93)),pdiv(x[7],sub(mul(x[3],x[5]),mul(x[3],x[3]))))",0.5089820359281437,8ad7ccd0e2bcf51cfea619f1321f2792,0.5089820359281437,False,0.0
8,22,"greater_than_or_equal(x[5], pdiv(x[5],mul(x[7],add(add(x[2],x[5]),mul(x[7],add(30.95,x[2]))))))",False,,,8b952a7da57f6afc024da07b19f45467,0.5089820359281437,False,0.0
8,22,"greater_than_or_equal(mul(x[5],add(x[2],x[5])), x[5])",True,"greater_than_or_equal(add(x[2],x[5]), pdiv(x[7],x[7]))",0.7544910179640718,3db16fa16df21b15852938a2c3f9a18b,0.7485029940119761,True,-0.0059880239520957446
8,22,"greater_than_or_equal(x[5], mul(x[7],add(x[5],x[2])))",True,"greater_than_or_equal(x[5], mul(x[7],add(x[5],x[2])))",0.23353293413173648,49521aab13419e9d4582e656c37790ef,0.23353293413173648,False,0.0
8,22,"not_(less_than_or_equal(pdiv(x[5],pdiv(pdiv(mul(x[3],x[7]),x[7]),add(x[7],x[5]))),x[3]))",False,,,8c39e9351be96d2126531fd268904318,0.437125748502994,False,0.0
8,22,"less_than_or_equal(add(x[5],x[2]),mul(x[3],x[7]))",True,"greater_than_or_equal(x[3], pdiv(sub(add(x[2],x[5]),pdiv(sub(x[7],x[7]),add(x[5],x[0]))),x[7]))",0.6407185628742516,c2940a48a09cc983f0986511e280a2e1,0.6467065868263473,True,0.0059880239520957446
8,22,"greater_than_or_equal(x[5], mul(x[2],x[5]))",True,"not_(greater_than_or_equal(mul(x[7],x[2]), x[7]))",0.34730538922155685,f69cf4961d82af0c72c0014d2a401904,0.34730538922155685,False,0.0
8,22,"less_than_or_equal(x[7],add(x[3],mul(x[5],add(x[2],add(x[2],x[2])))))",False,,,6e5ad71fbe54aa7ce57ce8b179089e65,0.3772455089820359,False,0.0
8,22,"greater_than_or_equal(x[5], mul(x[7],add(x[2],x[5])))",True,"greater_than_or_equal(x[5], mul(x[7],add(x[5],x[2])))",0.23353293413173648,49521aab13419e9d4582e656c37790ef,0.23353293413173648,False,0.0
8,22,"less_than_or_equal(mul(x[3],x[0]),pdiv(x[7],mul(x[7],add(x[5],x[7]))))",True,"less_than_or_equal(x[2],x[2])",0.35928143712574845,bd082d42dcba8056510101f18394b575,0.35928143712574845,False,0.0
8,22,"not_(less_than_or_equal(pdiv(x[5],x[7]),add(x[5],mul(x[5],add(x[5],x[5])))))",False,,,c1e64d0c218f996d59edcf804246890e,0.29940119760479045,False,0.0
8,22,"greater_than_or_equal(x[5], mul(add(x[5],add(x[5],x[5])),add(x[2],x[7])))",False,,,43a8c0963f9148666040c8247c843945,0.5089820359281437,False,0.0
8,22,"greater_than_or_equal(x[5], mul(09.49,x[7]))",True,"not_(greater_than_or_equal(mul(x[7],94.75), pdiv(x[5],x[7])))",0.592814371257485,52404b4d21529572a063f5ca8a716295,0.6227544910179641,True,0.029940119760479056
8,22,"greater_than_or_equal(x[5], mul(x[7],add(add(x[2],x[5]),mul(x[7],mul(add(x[5],add(x[3],x[7])),mul(x[7],add(x[2],mul(pdiv(x[7],mul(x[5],x[0])),sub(sub(x[2],sub(pdiv(x[2],x[5]),mul(x[7],add(x[7],x[5])))),x[5])))))))))",False,,,dad4cf1993ddc48081efd69af78c7b85,0.25149700598802394,False,0.0
8,22,"greater_than_or_equal(x[5], mul(x[7],add(mul(x[7],add(mul(x[7],add(mul(x[0],add(add(mul(mul(x[7],pdiv(pdiv(mul(x[3],pdiv(x[2],x[7])),sub(x[2],sub(pdiv(x[5],x[2]),x[5]))),x[5])),x[5]),add(pdiv(x[3],x[7]),mul(x[3],42.59))),add(x[2],x[7]))),x[5])),x[5])),add(x[2],x[5]))))",True,"not_(less_than_or_equal(pdiv(x[5],x[7]),mul(pdiv(add(add(pdiv(x[2],37.90),pdiv(x[0],x[7])),add(x[7],pdiv(x[3],x[7]))),x[3]),x[7])))",0.3413173652694611,c3603a2cdcf531c222f67626eea1b528,0.2934131736526946,True,-0.04790419161676651
8,22,"greater_than_or_equal(pdiv(pdiv(x[5],x[0]),add(pdiv(x[2],mul(x[0],x[5])),x[7])), x[0])",True,"less_than_or_equal(x[0],x[5])",0.37125748502994016,cdcd6f1e6c091ac380f1476046586fe6,0.37125748502994016,False,0.0
8,22,"greater_than_or_equal(x[5], mul(x[7],pdiv(add(x[7],mul(mul(x[3],x[2]),mul(mul(mul(x[3],x[7]),x[7]),add(mul(x[3],x[7]),x[7])))),add(x[7],x[2]))))",False,,,0d49710f50654e1d00d257bbf397348b,0.34730538922155685,False,0.0
8,22,"greater_than_or_equal(x[7], mul(x[7],add(add(add(x[2],x[2]),mul(x[5],mul(x[7],add(x[2],x[5])))),mul(x[7],add(x[3],mul(mul(pdiv(add(x[2],add(x[2],x[2])),x[5]),add(add(sub(x[7],sub(x[7],x[5])),add(x[2],x[7])),x[3])),x[7]))))))",False,,,ad0318f9b37cf2e4fe247dde50c1551d,0.29940119760479045,False,0.0
8,22,"greater_than_or_equal(sub(pdiv(x[5],x[7]),mul(x[7],x[0])), x[0])",True,"greater_than_or_equal(x[5], mul(x[7],mul(add(pdiv(x[7],x[7]),x[7]),x[0])))",0.33532934131736525,a69474cb8842fdde3bf58917bdf46d23,0.33532934131736525,False,0.0
8,22,"greater_than_or_equal(x[5], mul(x[7],add(x[5],add(40.55,x[2]))))",True,not_(x[6]),0.6347305389221557,b4068ba57b63c959651c969331c4b5cd,0.6347305389221557,False,0.0
8,22,"not_(less_than_or_equal(pdiv(x[2],x[7]),mul(x[3],x[7])))",True,"less_than_or_equal(mul(x[7],x[3]),pdiv(x[2],x[7]))",0.37125748502994016,0d371eedfdb0f33e9904859dc6830fb1,0.37125748502994016,False,0.0
8,22,"greater_than_or_equal(pdiv(pdiv(x[5],x[0]),add(pdiv(x[2],mul(x[0],x[5])),x[5])), add(x[7],mul(mul(mul(add(x[5],x[7]),add(mul(x[5],x[3]),x[7])),x[7]),x[5])))",False,,,8587e9393b6e01e76931cbe7088f4c3f,0.32335329341317365,False,0.0
8,22,"greater_than_or_equal(x[5], mul(x[7],add(x[7],mul(x[5],sub(x[7],x[2])))))",False,,,652a404f26149ce9dd859c7a0b63965b,0.31137724550898205,False,0.0
8,22,"not_(less_than_or_equal(pdiv(x[5],x[5]),x[0]))",True,"less_than_or_equal(x[2],x[2])",0.35928143712574845,bd082d42dcba8056510101f18394b575,0.3652694610778443,True,0.005988023952095856
8,22,"greater_than_or_equal(x[5], add(x[2],x[5]))",True,"greater_than_or_equal(pdiv(mul(x[5],x[2]),pdiv(x[2],x[5])), add(sub(x[7],x[7]),add(x[5],x[0])))",0.6107784431137724,ec48eb4aba9f475884bcf9e8f28adadc,0.6167664670658682,True,0.005988023952095856
8,22,"greater_than_or_equal(sub(pdiv(pdiv(x[5],x[7]),x[7]),mul(add(x[5],add(x[7],39.98)),pdiv(add(x[5],x[3]),x[5]))), x[5])",True,"greater_than_or_equal(sub(pdiv(x[5],x[7]),x[2]), mul(x[7],add(79.49,x[5])))",0.5868263473053892,a4af92dd0989249e6bba1ea30863b487,0.5868263473053892,False,0.0
8,22,"greater_than_or_equal(pdiv(x[0],pdiv(x[5],pdiv(pdiv(add(x[5],x[3]),x[5]),x[5]))), add(x[2],x[5]))",False,,,ef1d1a92f14550071a379ebfaae81f35,0.5149700598802396,False,0.0
8,22,"greater_than_or_equal(sub(pdiv(sub(x[5],x[7]),x[7]),mul(add(x[5],add(x[7],x[5])),x[2])), add(x[7],x[2]))",True,"greater_than_or_equal(sub(pdiv(x[5],x[7]),add(x[5],pdiv(add(mul(pdiv(x[2],x[5]),add(x[2],x[5])),x[7]),pdiv(x[5],x[5])))), x[5])",0.3652694610778443,277e57b48c2ba30f5693c21858757cda,0.37125748502994016,True,0.005988023952095856
8,22,"greater_than_or_equal(add(x[2],mul(x[5],add(x[0],mul(x[5],x[0])))), add(sub(x[7],x[7]),add(sub(x[2],x[7]),add(x[5],x[7]))))",False,,,895755be4ac02ab14dc181aeaac7a1aa,0.6347305389221557,False,0.0
8,22,"greater_than_or_equal(pdiv(x[5],pdiv(pdiv(x[2],mul(mul(x[5],x[2]),x[5])),x[2])), mul(x[7],add(mul(x[5],mul(add(x[2],add(x[7],x[7])),x[2])),x[0])))",False,,,81c3e1a8c05b415eaff9009473835110,0.43113772455089816,False,0.0
8,22,"not_(less_than_or_equal(pdiv(x[5],add(mul(x[5],x[7]),add(x[7],x[7]))),x[7]))",True,"greater_than_or_equal(x[5], mul(x[7],add(x[7],add(x[3],x[2]))))",0.2934131736526946,1af7bd2c0e59084ce1038d0fa1df9be2,0.28742514970059885,True,-0.0059880239520957446
8,22,"greater_than_or_equal(pdiv(x[5],mul(pdiv(x[5],mul(x[2],x[5])),mul(x[5],add(add(x[7],x[0]),x[2])))), x[0])",False,,,bff95f75ccecac6a7ef330c941af0e57,0.38323353293413176,False,0.0
8,22,"not_(less_than_or_equal(pdiv(x[5],x[5]),add(pdiv(x[0],04.69),pdiv(x[7],pdiv(x[5],x[5])))))",False,,,04e9f06660aadcdc824e84f4ceaed8b8,0.39520958083832336,False,0.0
8,22,"greater_than_or_equal(x[5], mul(x[7],mul(add(x[3],add(pdiv(x[5],add(mul(add(x[2],x[5]),x[5]),mul(x[2],x[2]))),x[7])),x[7])))",False,,,504193ba87c8c72e81be61a0736c2916,0.31137724550898205,False,0.0
8,22,"not_(less_than_or_equal(pdiv(x[7],add(x[3],x[2])),x[5]))",True,"not_(less_than_or_equal(pdiv(x[5],pdiv(add(x[3],x[2]),x[7])),mul(x[5],x[5])))",0.5808383233532934,1279ca6fb51d0b0698133d9f4a91d95a,0.5748502994011976,True,-0.005988023952095856
8,22,"greater_than_or_equal(sub(pdiv(x[5],mul(mul(x[5],mul(x[5],sub(pdiv(x[7],x[5]),add(x[5],x[2])))),add(x[5],x[2]))),x[5]), add(add(sub(x[7],sub(x[7],x[5])),add(x[2],x[7])),x[3]))",False,,,24acfadc26dd8e54eeaf3c00a0913465,0.5269461077844311,False,0.0
8,22,"not_(less_than_or_equal(pdiv(x[5],sub(add(x[3],x[7]),add(sub(sub(add(add(sub(44.79,sub(add(mul(x[5],sub(sub(x[7],x[2]),x[2])),x[7]),x[5])),x[2]),x[7]),mul(x[7],add(x[5],x[7]))),x[5]),mul(mul(pdiv(x[7],x[5]),add(x[5],x[2])),x[5])))),mul(x[5],mul(x[7],add(x[7],mul(pdiv(x[3],x[5]),x[5]))))))",True,not_(x[6]),0.6347305389221557,b4068ba57b63c959651c969331c4b5cd,0.6407185628742516,True,0.005988023952095856
8,22,"greater_than_or_equal(sub(x[7],mul(x[7],add(93.94,x[5]))), x[5])",True,not_(x[6]),0.6347305389221557,b4068ba57b63c959651c969331c4b5cd,0.6407185628742516,True,0.005988023952095856
8,22,"not_(less_than_or_equal(pdiv(x[5],x[7]),add(add(x[2],x[5]),x[7])))",True,"not_(less_than_or_equal(pdiv(x[3],x[7]),add(x[7],pdiv(x[3],x[5]))))",0.3293413173652695,74dce5cb961f14b3bdac896efda7926c,0.281437125748503,True,-0.04790419161676651
8,22,"greater_than_or_equal(mul(x[3],x[7]), add(x[2],x[2]))",False,,,e6e714fb484a0b2cba9c745ad880451b,0.5868263473053892,False,0.0
8,22,"not_(less_than_or_equal(pdiv(x[3],x[0]),add(x[3],mul(x[7],add(x[7],x[2])))))",False,,,a03cf0beb3029e9dd542111a0bb55bb4,0.32335329341317365,False,0.0
8,22,"greater_than_or_equal(x[5], mul(x[7],add(x[5],x[7])))",True,"greater_than_or_equal(x[5], mul(x[7],add(x[7],x[5])))",0.22754491017964074,051dec5cdded21754165aaf5f887a47e,0.22754491017964074,False,0.0
8,22,"greater_than_or_equal(x[5], mul(add(x[5],x[2]),x[3]))",True,"not_(less_than_or_equal(pdiv(x[5],x[3]),add(x[5],x[2])))",0.33532934131736525,19e0b26b04f63034b8102da698d0b3b7,0.33532934131736525,False,0.0
8,22,"greater_than_or_equal(x[5], mul(x[7],add(x[2],30.95)))",True,not_(x[6]),0.6347305389221557,b4068ba57b63c959651c969331c4b5cd,0.6347305389221557,False,0.0
8,22,"greater_than_or_equal(x[5], mul(x[7],add(91.24,x[7])))",True,not_(x[6]),0.6347305389221557,b4068ba57b63c959651c969331c4b5cd,0.6407185628742516,True,0.005988023952095856
8,22,"greater_than_or_equal(mul(x[5],mul(x[7],pdiv(x[5],x[5]))), x[3])",True,"greater_than_or_equal(x[5], pdiv(x[3],x[7]))",0.6646706586826348,7163cc140f7c1d8b5064283f255cf146,0.6646706586826348,False,0.0
8,22,"greater_than_or_equal(pdiv(x[5],x[5]), add(mul(add(x[7],x[7]),add(sub(x[7],pdiv(mul(x[5],x[5]),pdiv(x[3],x[5]))),add(mul(x[7],add(pdiv(x[7],add(x[5],add(sub(x[2],add(x[2],x[5])),add(pdiv(x[7],x[3]),x[7])))),add(mul(x[7],add(x[7],x[2])),x[3]))),x[5]))),x[5]))",False,,,cd53297f611edb102f3d4822ab021f5d,0.35928143712574845,False,0.0
8,22,"greater_than_or_equal(x[3], x[5])",True,"less_than_or_equal(x[5],x[3])",0.5089820359281437,1d4d287fbe015bbb313f097e26f5bc37,0.5089820359281437,False,0.0
8,22,"greater_than_or_equal(sub(pdiv(x[5],x[7]),x[5]), x[2])",True,"greater_than_or_equal(x[5], mul(x[7],add(x[5],x[2])))",0.23353293413173648,49521aab13419e9d4582e656c37790ef,0.23353293413173648,False,0.0
8,22,"not_(less_than_or_equal(pdiv(x[5],x[2]),x[5]))",True,"not_(greater_than_or_equal(mul(x[7],x[2]), x[7]))",0.34730538922155685,f69cf4961d82af0c72c0014d2a401904,0.3532934131736527,True,0.005988023952095856
8,22,"not_(less_than_or_equal(pdiv(x[5],x[5]),x[2]))",True,"not_(greater_than_or_equal(mul(x[7],x[2]), x[7]))",0.34730538922155685,f69cf4961d82af0c72c0014d2a401904,0.34730538922155685,False,0.0
8,22,"not_(less_than_or_equal(pdiv(x[5],add(mul(x[5],add(x[7],x[2])),add(x[2],x[2]))),x[5]))",True,"not_(less_than_or_equal(pdiv(x[5],x[5]),add(mul(x[5],add(x[7],x[2])),add(x[2],x[2]))))",0.18562874251497008,7dd04de0f09dcb78fab13d4ca363e3e0,0.19161676646706582,True,0.0059880239520957446
8,22,"greater_than_or_equal(sub(pdiv(x[5],x[2]),x[2]), x[5])",True,"greater_than_or_equal(pdiv(x[5],pdiv(add(x[2],x[5]),x[5])), mul(x[5],x[2]))",0.28742514970059885,0803226314985e684579b7ad7da3df72,0.2934131736526946,True,0.0059880239520957446
8,22,"greater_than_or_equal(pdiv(x[5],add(x[2],x[7])), sub(x[2],x[5]))",True,"less_than_or_equal(sub(mul(x[2],x[7]),mul(x[0],x[7])),pdiv(mul(x[7],x[5]),add(x[3],x[0])))",0.33532934131736525,3196da2bdbd782d607c6576ee8113934,0.3413173652694611,True,0.005988023952095856
8,22,"less_than_or_equal(x[5],x[5])",True,"less_than_or_equal(x[2],x[2])",0.35928143712574845,bd082d42dcba8056510101f18394b575,0.35928143712574845,False,0.0
8,22,"not_(less_than_or_equal(pdiv(x[5],add(x[2],x[7])),mul(sub(add(x[2],x[5]),x[7]),sub(x[5],mul(x[3],x[3])))))",False,,,91444f59094803730706e7b4620e9af2,0.3173652694610778,False,0.0
8,22,"not_(less_than_or_equal(pdiv(x[5],x[5]),add(mul(x[5],add(x[7],x[2])),add(x[7],x[5]))))",False,,,d77dbf90a53d9b7eae53f23364529aab,0.4730538922155688,False,0.0
8,22,"less_than_or_equal(sub(sub(x[3],x[7]),x[2]),x[2])",False,,,b8b8aaa2b485e3ec93a89d64f03c9eb3,0.4970059880239521,False,0.0
8,22,"greater_than_or_equal(x[5], mul(x[5],mul(x[7],add(mul(add(x[7],x[5]),add(sub(x[2],x[5]),add(add(x[7],x[0]),x[2]))),x[0]))))",False,,,e5b76373fc2603dc9568e0ceda687e33,0.26347305389221554,False,0.0
8,22,"greater_than_or_equal(pdiv(x[2],x[0]), x[7])",True,"greater_than_or_equal(mul(pdiv(add(x[0],add(x[5],x[2])),add(x[7],x[0])),x[2]), x[0])",0.38323353293413176,70842362fb60908f5540c815b1ce97ab,0.33532934131736525,True,-0.04790419161676651
8,22,"not_(less_than_or_equal(pdiv(x[3],x[3]),mul(sub(x[7],x[7]),pdiv(x[5],x[3]))))",True,"less_than_or_equal(x[2],x[2])",0.35928143712574845,bd082d42dcba8056510101f18394b575,0.35928143712574845,False,0.0
8,22,"greater_than_or_equal(x[5], mul(x[7],add(mul(sub(x[5],24.99),x[0]),x[7])))",False,,,3abdb0a0883463a2fc0330d734cc39ac,0.3772455089820359,False,0.0
8,22,"not_(less_than_or_equal(pdiv(x[5],x[7]),add(x[5],mul(x[7],add(x[7],x[7])))))",True,"greater_than_or_equal(x[5], mul(x[7],add(mul(x[5],x[5]),x[7])))",0.22754491017964074,f88292475aa3ad5b7cf26090c3cdc424,0.23353293413173648,True,0.0059880239520957446
8,22,"greater_than_or_equal(x[5], x[0])",True,"less_than_or_equal(x[0],x[5])",0.37125748502994016,cdcd6f1e6c091ac380f1476046586fe6,0.37125748502994016,False,0.0
8,22,"greater_than_or_equal(x[5], mul(x[7],add(x[5],x[2])))",True,"greater_than_or_equal(x[5], mul(x[7],add(x[5],x[2])))",0.23353293413173648,49521aab13419e9d4582e656c37790ef,0.23353293413173648,False,0.0
8,22,"greater_than_or_equal(pdiv(x[5],add(x[2],sub(x[3],x[5]))), pdiv(x[5],add(x[7],x[2])))",False,,,2f73a5c73cd6e3f5ec00e4bb04a0467e,0.5389221556886228,False,0.0
8,22,"greater_than_or_equal(x[5], mul(x[7],add(add(add(sub(sub(pdiv(x[7],add(sub(mul(add(sub(x[2],pdiv(pdiv(x[5],x[7]),add(x[3],x[5]))),x[5]),x[5]),x[3]),x[5])),add(x[5],x[2])),x[5]),x[5]),mul(x[5],x[7])),add(x[5],x[2]))))",False,,,74c277e0b5fa9cf953be22133f96ceb3,0.2694610778443114,False,0.0
8,22,"not_(less_than_or_equal(pdiv(x[5],x[5]),x[7]))",True,"not_(less_than_or_equal(pdiv(x[5],x[5]),add(pdiv(x[2],96.92),x[7])))",0.39520958083832336,db0e6c3409e9b2885c8014a7de8788af,0.39520958083832336,False,0.0
8,22,"greater_than_or_equal(x[5], mul(add(mul(x[7],add(x[5],add(x[2],x[5]))),add(x[2],x[3])),x[7]))",True,"greater_than_or_equal(x[5], mul(x[7],add(x[7],add(x[3],x[7]))))",0.31137724550898205,92552161c5d20d1b9aa117454bb6ae16,0.29940119760479045,True,-0.0119760479041916
8,22,"not_(less_than_or_equal(pdiv(x[5],add(x[2],add(add(x[7],x[5]),add(mul(x[5],add(x[7],x[2])),add(x[2],x[3]))))),x[5]))",True,"less_than_or_equal(mul(pdiv(x[2],x[7]),mul(x[3],x[0])),mul(sub(x[0],x[7]),pdiv(x[3],x[0])))",0.6047904191616766,3dcd61327fdb33360e9b03a017985fb9,0.6167664670658682,True,0.0119760479041916
8,22,"not_(less_than_or_equal(pdiv(x[5],x[7]),add(x[5],mul(x[3],x[5]))))",True,"greater_than_or_equal(sub(pdiv(x[5],x[7]),mul(add(mul(pdiv(add(x[5],sub(x[2],add(x[5],x[2]))),x[5]),mul(x[7],add(x[7],x[2]))),x[3]),x[5])), x[5])",0.2694610778443114,9022f1cd2d01e29089d46d7d7fad78c5,0.27544910179640714,True,0.0059880239520957446
8,22,"greater_than_or_equal(sub(pdiv(x[5],mul(x[7],add(x[5],x[5]))),sub(x[3],mul(x[2],x[0]))), add(add(x[2],x[3]),add(x[2],23.28)))",True,not_(x[6]),0.6347305389221557,b4068ba57b63c959651c969331c4b5cd,0.6287425149700598,True,-0.005988023952095856
8,22,"greater_than_or_equal(x[3], mul(x[7],add(x[7],x[2])))",True,"greater_than_or_equal(add(pdiv(x[3],x[7]),sub(x[7],x[2])), add(x[7],x[7]))",0.2694610778443114,023f7e197519d8190b2d025d2b6f3f86,0.2694610778443114,False,0.0
8,22,"greater_than_or_equal(x[0], x[2])",True,"greater_than_or_equal(x[0], x[2])",0.5329341317365269,f30904201255a44726c2f25803948202,0.5329341317365269,False,0.0
8,22,"greater_than_or_equal(50.39, mul(sub(add(add(x[0],x[7]),add(x[5],mul(x[7],add(x[5],x[5])))),mul(x[5],add(x[0],add(x[0],x[2])))),add(sub(x[2],sub(x[3],mul(x[5],x[7]))),add(x[3],x[7]))))",True,"less_than_or_equal(x[2],x[2])",0.35928143712574845,bd082d42dcba8056510101f18394b575,0.35928143712574845,False,0.0
8,22,"greater_than_or_equal(pdiv(x[5],add(x[2],x[2])), x[5])",True,"not_(less_than_or_equal(pdiv(x[5],x[5]),add(x[2],x[2])))",0.25149700598802394,b1dd33075a09479c47bb17a355eef7af,0.25149700598802394,False,0.0
8,22,"greater_than_or_equal(x[5], mul(x[7],add(add(x[7],mul(x[5],add(pdiv(sub(x[5],84.99),pdiv(x[2],x[5])),x[7]))),sub(x[5],mul(x[5],x[5])))))",False,,,17d08c6611ca36eb9e4f15f505ef4c2a,0.3532934131736527,False,0.0
8,22,"not_(greater_than_or_equal(add(x[0],x[2]), mul(x[5],x[2])))",True,not_(x[6]),0.6347305389221557,b4068ba57b63c959651c969331c4b5cd,0.6407185628742516,True,0.005988023952095856
8,22,"greater_than_or_equal(x[5], mul(x[2],x[0]))",True,"greater_than_or_equal(mul(add(x[2],x[5]),sub(x[5],x[0])), mul(mul(x[0],x[7]),sub(x[5],x[7])))",0.38323353293413176,cf65da81ffb7a9d4ff3e042c0fa7a250,0.35928143712574845,True,-0.02395209580838331
8,22,"not_(less_than_or_equal(pdiv(x[5],x[7]),add(mul(sub(x[7],x[5]),add(x[2],add(pdiv(mul(x[2],add(sub(x[7],sub(x[3],mul(x[5],x[7]))),add(x[2],x[7]))),x[2]),add(x[2],x[3])))),add(pdiv(x[3],pdiv(x[7],add(x[2],x[7]))),pdiv(x[3],x[7])))))",False,,,79dfa298a5257d8f2fb3a3a62130cc03,0.5209580838323353,False,0.0
8,22,"greater_than_or_equal(x[5], mul(x[7],add(x[5],add(mul(x[7],add(add(sub(x[2],x[7]),add(x[5],x[7])),x[2])),add(x[2],x[3])))))",True,"greater_than_or_equal(x[5], mul(x[7],add(x[5],pdiv(x[5],x[5]))))",0.33532934131736525,fa01caa917a58bbda28cb775016b8bd1,0.32335329341317365,True,-0.0119760479041916
8,22,"greater_than_or_equal(x[5], mul(x[5],sub(x[7],add(add(x[2],x[5]),mul(x[7],add(x[7],x[2]))))))",True,"less_than_or_equal(x[2],x[2])",0.35928143712574845,bd082d42dcba8056510101f18394b575,0.35928143712574845,False,0.0
8,22,"greater_than_or_equal(pdiv(pdiv(x[7],mul(x[7],add(x[0],pdiv(x[3],x[3])))),add(mul(x[7],add(x[7],mul(x[5],x[2]))),x[5])), sub(x[2],x[5]))",True,"less_than_or_equal(x[2],x[2])",0.35928143712574845,bd082d42dcba8056510101f18394b575,0.35928143712574845,False,0.0
8,22,"greater_than_or_equal(x[5], mul(x[7],mul(x[2],add(x[3],x[5]))))",False,,,42b9eb24d698afe19a1043e01498b0be,0.3293413173652695,False,0.0
8,22,"greater_than_or_equal(pdiv(x[5],x[2]), add(x[7],add(x[5],x[2])))",False,,,0fd8f412acd97e281671e67cf2d8104d,0.28742514970059885,False,0.0
8,22,"not_(less_than_or_equal(pdiv(x[5],x[7]),add(mul(add(x[5],x[5]),pdiv(mul(x[2],x[5]),sub(x[7],add(x[5],x[7])))),pdiv(x[7],add(x[2],x[5])))))",False,,,d05d898fceee56aea4307802100be6c2,0.3652694610778443,False,0.0
8,22,"greater_than_or_equal(pdiv(sub(mul(mul(x[3],x[5]),x[3]),x[7]),x[7]), x[5])",True,"not_(greater_than_or_equal(mul(x[7],add(pdiv(mul(x[2],add(mul(x[7],x[7]),pdiv(x[2],x[3]))),x[7]),add(x[7],pdiv(x[3],x[5])))), x[2]))",0.5808383233532934,9f9d7a5637bba3881b6d78d3c095fe18,0.5988023952095809,True,0.017964071856287456
8,22,"greater_than_or_equal(pdiv(x[5],x[7]), add(x[2],x[5]))",True,"greater_than_or_equal(x[5], mul(x[7],add(x[5],x[2])))",0.23353293413173648,49521aab13419e9d4582e656c37790ef,0.23353293413173648,False,0.0
8,22,"greater_than_or_equal(x[5], mul(x[7],add(x[5],mul(x[7],mul(x[5],x[2])))))",False,,,93c5e2f52991e90674abc78b0f4bb151,0.27544910179640714,False,0.0
8,22,"greater_than_or_equal(pdiv(x[5],x[5]), add(sub(x[2],x[3]),x[5]))",False,,,d3006fa69688af6a4ef72f6d288e3a09,0.32335329341317365,False,0.0
8,22,"greater_than_or_equal(sub(pdiv(x[5],x[7]),mul(x[7],x[0])), add(mul(add(mul(x[7],add(x[7],x[7])),x[7]),sub(x[2],x[2])),x[5]))",False,,,ed25cf649fcbd26aa7586e4b83151f52,0.31137724550898205,False,0.0
8,22,"greater_than_or_equal(x[5], mul(mul(x[7],add(x[7],x[2])),pdiv(x[7],x[5])))",False,,,cbf163b7345d74c7d7ee883a7f0a32a2,0.28742514970059885,False,0.0
8,22,"greater_than_or_equal(pdiv(x[3],x[7]), mul(add(x[3],x[7]),pdiv(x[5],x[5])))",True,"greater_than_or_equal(x[5], mul(x[7],add(pdiv(x[7],sub(x[3],sub(pdiv(x[3],x[7]),x[7]))),add(x[5],x[0]))))",0.28742514970059885,1f98d5ff1b2c89be481196bc374109f7,0.28742514970059885,False,0.0
8,22,"greater_than_or_equal(x[3], mul(x[5],add(x[2],x[7])))",False,,,1ec753e92edde6fc9cb714c9f337a146,0.3413173652694611,False,0.0
8,22,"not_(greater_than_or_equal(add(mul(add(x[5],x[5]),x[2]),x[5]), x[5]))",True,not_(x[6]),0.6347305389221557,b4068ba57b63c959651c969331c4b5cd,0.6407185628742516,True,0.005988023952095856
8,22,"greater_than_or_equal(x[5], mul(x[7],add(x[2],x[3])))",True,"not_(greater_than_or_equal(mul(x[7],add(x[3],x[2])), add(x[5],mul(sub(x[5],x[5]),sub(add(08.46,x[3]),add(pdiv(x[5],x[7]),sub(x[7],x[5])))))))",0.31137724550898205,e4f020371c9c4af4bedc99e9207ee51f,0.31137724550898205,False,0.0
8,22,"greater_than_or_equal(x[5], x[2])",True,"not_(not_(less_than_or_equal(x[2],x[5])))",0.34730538922155685,4af53f79d9ad2ffac455113b88a02dd4,0.34730538922155685,False,0.0
8,22,"not_(less_than_or_equal(pdiv(x[5],x[7]),add(x[5],add(mul(x[5],mul(x[5],add(x[2],add(x[5],x[2])))),add(sub(x[7],sub(x[3],mul(x[5],x[7]))),add(x[2],x[7]))))))",False,,,9f9dd2144cbf734cc78915050bd0625c,0.3173652694610778,False,0.0
8,22,"greater_than_or_equal(pdiv(x[5],add(x[2],x[5])), mul(x[5],x[2]))",True,"not_(less_than_or_equal(pdiv(x[5],x[2]),mul(x[5],add(x[5],x[2]))))",0.31137724550898205,142cae9b2b777b572b7a8767ad22e3d8,0.3053892215568862,True,-0.005988023952095856
8,22,"greater_than_or_equal(add(add(x[7],x[5]),add(mul(x[5],add(x[7],x[3])),add(x[2],x[3]))), x[5])",True,"less_than_or_equal(x[2],x[2])",0.35928143712574845,bd082d42dcba8056510101f18394b575,0.35928143712574845,False,0.0
8,22,"not_(less_than_or_equal(pdiv(pdiv(x[5],01.46),mul(mul(mul(x[3],x[7]),x[2]),x[2])),x[5]))",True,"less_than_or_equal(x[2],x[2])",0.35928143712574845,bd082d42dcba8056510101f18394b575,0.3652694610778443,True,0.005988023952095856
8,22,"greater_than_or_equal(x[5], mul(sub(add(x[2],x[0]),x[7]),x[5]))",True,"less_than_or_equal(x[2],x[2])",0.35928143712574845,bd082d42dcba8056510101f18394b575,0.3652694610778443,True,0.005988023952095856
8,22,"greater_than_or_equal(x[5], mul(x[7],add(x[2],x[5])))",True,"greater_than_or_equal(x[5], mul(x[7],add(x[5],x[2])))",0.23353293413173648,49521aab13419e9d4582e656c37790ef,0.23353293413173648,False,0.0
8,22,"greater_than_or_equal(pdiv(x[5],x[5]), pdiv(x[5],x[2]))",True,"greater_than_or_equal(pdiv(x[5],x[5]), pdiv(x[5],x[2]))",0.6287425149700598,6bfcfa4619606afbfb03b09dddb37dde,0.6287425149700598,False,0.0
8,22,"greater_than_or_equal(x[5], add(sub(pdiv(x[5],sub(x[7],x[7])),x[7]),add(mul(x[7],add(x[2],x[5])),add(x[2],x[5]))))",True,not_(x[6]),0.6347305389221557,b4068ba57b63c959651c969331c4b5cd,0.6407185628742516,True,0.005988023952095856
8,22,"less_than_or_equal(add(mul(x[5],x[2]),x[3]),x[7])",False,,,e2da1a5a703bdac2f31cfb04db51b731,0.6347305389221557,False,0.0
8,22,"greater_than_or_equal(x[7], x[2])",True,"less_than_or_equal(pdiv(add(x[2],x[5]),sub(x[2],x[7])),mul(mul(x[2],x[3]),mul(x[5],x[7])))",0.4730538922155688,6a9a868ce645e54c16a03959cbdb37f6,0.4730538922155688,False,0.0
8,22,"greater_than_or_equal(pdiv(x[5],92.52), sub(x[5],x[7]))",True,"greater_than_or_equal(x[7], x[5])",0.6107784431137724,793f9fa4aca1502cfe0a9ed6ab91b83c,0.6107784431137724,False,0.0
8,22,"less_than_or_equal(pdiv(pdiv(x[5],x[5]),add(mul(x[5],sub(x[2],add(x[2],x[5]))),mul(x[7],mul(mul(x[5],add(x[3],x[7])),mul(x[7],add(x[2],mul(x[7],x[0]))))))),x[2])",False,,,15dfe24bc85a175d0603a556b953588b,0.31137724550898205,False,0.0
8,22,"greater_than_or_equal(pdiv(x[5],add(x[2],x[5])), mul(add(add(pdiv(x[7],mul(x[5],x[0])),sub(sub(x[2],sub(pdiv(x[2],x[5]),mul(x[5],add(x[7],x[5])))),x[5])),x[2]),add(sub(x[7],x[7]),pdiv(x[5],x[5]))))",False,,,4868c44d5f681a2c8b76ee09947fbd2b,0.5568862275449102,False,0.0
8,22,"greater_than_or_equal(pdiv(pdiv(x[5],x[0]),add(pdiv(x[2],mul(x[0],x[5])),x[5])), add(x[7],add(mul(x[3],x[2]),x[7])))",False,,,dceba8caf1084727d88caa2e3147c576,0.38323353293413176,False,0.0
8,22,"not_(less_than_or_equal(mul(x[5],add(x[2],add(mul(add(mul(x[3],x[7]),x[7]),add(mul(x[3],x[7]),x[7])),add(x[7],x[2])))),x[7]))",False,,,d741aae96655eea8de1a043bc5715c38,0.40718562874251496,False,0.0
8,22,"greater_than_or_equal(x[7], x[2])",True,"less_than_or_equal(pdiv(add(x[2],x[5]),sub(x[2],x[7])),mul(mul(x[2],x[3]),mul(x[5],x[7])))",0.4730538922155688,6a9a868ce645e54c16a03959cbdb37f6,0.4730538922155688,False,0.0
8,22,"greater_than_or_equal(x[5], mul(mul(x[7],pdiv(pdiv(x[3],x[3]),add(add(x[7],x[0]),x[2]))),x[0]))",True,"greater_than_or_equal(add(pdiv(x[3],x[3]),sub(x[5],x[3])), mul(pdiv(x[0],x[5]),mul(x[3],x[3])))",0.3413173652694611,20549abca100b155319252a5e0d92179,0.33532934131736525,True,-0.005988023952095856
8,22,"greater_than_or_equal(x[5], mul(x[7],add(x[5],mul(mul(pdiv(pdiv(x[0],x[5]),x[7]),pdiv(x[5],x[5])),mul(mul(x[2],add(sub(x[7],x[7]),pdiv(x[5],01.48))),mul(mul(mul(x[7],add(x[2],x[5])),x[7]),x[5]))))))",False,,,0d67556a95366ff7e7080dca4933f58f,0.3532934131736527,False,0.0
8,22,"not_(less_than_or_equal(pdiv(x[5],sub(pdiv(mul(mul(x[5],add(x[5],x[2])),add(x[5],95.24)),x[5]),x[5])),x[2]))",True,"greater_than_or_equal(pdiv(mul(x[5],x[2]),pdiv(x[2],x[5])), add(sub(x[7],x[7]),add(x[5],x[0])))",0.6107784431137724,ec48eb4aba9f475884bcf9e8f28adadc,0.6167664670658682,True,0.005988023952095856
8,22,"greater_than_or_equal(x[5], add(add(sub(x[7],sub(x[7],x[5])),add(x[2],96.94)),mul(x[7],x[5])))",True,not_(x[6]),0.6347305389221557,b4068ba57b63c959651c969331c4b5cd,0.6407185628742516,True,0.005988023952095856
8,22,"less_than_or_equal(x[3],mul(x[7],x[5]))",True,"greater_than_or_equal(x[5], pdiv(x[3],x[7]))",0.6646706586826348,7163cc140f7c1d8b5064283f255cf146,0.6646706586826348,False,0.0
8,22,"not_(less_than_or_equal(pdiv(x[5],x[5]),add(mul(x[5],sub(x[7],x[2])),add(x[2],add(x[5],x[2])))))",False,,,0c136606280794c33d5208dc0f416ae7,0.40718562874251496,False,0.0
8,22,"not_(less_than_or_equal(pdiv(x[5],add(x[2],x[5])),mul(x[5],add(add(x[7],x[0]),x[7]))))",True,"greater_than_or_equal(pdiv(x[5],add(x[2],x[5])), mul(x[7],add(x[5],x[5])))",0.2455089820359282,308816d3187c3a2d2f8f96129c026db1,0.2455089820359282,False,0.0
8,22,"greater_than_or_equal(sub(pdiv(x[5],x[3]),x[2]), x[0])",True,"less_than_or_equal(pdiv(sub(x[3],x[5]),pdiv(x[2],x[2])),x[5])",0.3652694610778443,8f63ec6eb4b45627ddab1b215f2fa10a,0.3413173652694611,True,-0.0239520958083832
8,22,"greater_than_or_equal(pdiv(x[5],x[5]), pdiv(add(x[0],add(sub(x[3],mul(x[5],x[7])),add(x[2],x[7]))),x[2]))",True,"greater_than_or_equal(pdiv(mul(x[5],x[2]),pdiv(x[2],x[5])), add(sub(x[7],x[7]),add(x[5],x[0])))",0.6107784431137724,ec48eb4aba9f475884bcf9e8f28adadc,0.6167664670658682,True,0.005988023952095856
8,22,"greater_than_or_equal(x[5], mul(x[7],add(mul(pdiv(x[2],x[7]),x[5]),x[5])))",True,"less_than_or_equal(add(mul(x[7],pdiv(x[5],x[5])),x[2]),add(sub(x[7],x[7]),pdiv(69.44,sub(x[3],x[3]))))",0.19161676646706582,14c6e007ad625f3839f568e9ee8a86e1,0.19161676646706582,False,0.0
8,22,"greater_than_or_equal(sub(x[3],x[7]), pdiv(x[5],x[5]))",True,not_(x[6]),0.6347305389221557,b4068ba57b63c959651c969331c4b5cd,0.6407185628742516,True,0.005988023952095856
8,22,"greater_than_or_equal(pdiv(x[3],x[0]), x[7])",True,"not_(less_than_or_equal(pdiv(x[3],x[5]),add(pdiv(x[2],30.95),mul(x[0],x[7]))))",0.3293413173652695,c7c0dd835d3e14b67c28a47fcb18c6c1,0.3293413173652695,False,0.0
8,22,"not_(less_than_or_equal(pdiv(x[5],x[7]),sub(x[5],mul(x[5],add(x[2],x[7])))))",True,"less_than_or_equal(x[2],x[2])",0.35928143712574845,bd082d42dcba8056510101f18394b575,0.3652694610778443,True,0.005988023952095856
8,22,"greater_than_or_equal(pdiv(x[5],add(x[2],mul(x[5],add(x[0],mul(x[5],x[2]))))), add(sub(x[7],x[7]),pdiv(sub(x[2],pdiv(pdiv(x[5],add(x[2],x[2])),x[5])),mul(x[7],add(add(x[5],add(x[3],x[7])),mul(x[7],add(x[2],mul(pdiv(x[7],mul(x[5],x[0])),sub(sub(x[2],sub(pdiv(x[2],x[5]),mul(x[7],add(x[7],x[5])))),x[5])))))))))",False,,,4420d18eb03c0a4ccc460911f9b6014b,0.33532934131736525,False,0.0
8,22,"greater_than_or_equal(x[0], x[5])",True,"less_than_or_equal(x[5],x[0])",0.6227544910179641,2aedc6e15176de9ec0c909a1a3b35796,0.6227544910179641,False,0.0
8,22,"greater_than_or_equal(x[2], x[5])",True,"less_than_or_equal(x[5],x[2])",0.652694610778443,6fb17002302e404122653cf2c68db553,0.652694610778443,False,0.0
8,22,"greater_than_or_equal(92.04, add(x[2],x[7]))",True,"less_than_or_equal(x[2],x[2])",0.35928143712574845,bd082d42dcba8056510101f18394b575,0.35928143712574845,False,0.0
8,22,"not_(less_than_or_equal(pdiv(x[5],x[5]),add(pdiv(sub(add(mul(x[5],pdiv(x[5],x[0])),x[2]),x[5]),x[7]),sub(x[5],mul(x[5],x[5])))))",False,,,4b11dc56c46469e3946556ec04cbdd10,0.47904191616766467,False,0.0
8,22,"greater_than_or_equal(pdiv(x[5],add(x[2],x[7])), mul(sub(pdiv(x[5],x[5]),add(x[5],x[2])),add(x[5],x[2])))",False,,,1f7982bd4734f2f5eecaf2161eafe782,0.34730538922155685,False,0.0
8,22,"not_(greater_than_or_equal(mul(add(add(x[7],x[0]),x[2]),x[0]), add(add(x[5],x[7]),add(x[7],add(x[5],x[5])))))",True,"less_than_or_equal(x[2],x[2])",0.35928143712574845,bd082d42dcba8056510101f18394b575,0.35928143712574845,False,0.0
8,22,"greater_than_or_equal(x[5], mul(x[2],x[5]))",True,"not_(greater_than_or_equal(mul(x[7],x[2]), x[7]))",0.34730538922155685,f69cf4961d82af0c72c0014d2a401904,0.34730538922155685,False,0.0
8,22,"greater_than_or_equal(sub(pdiv(x[7],x[7]),x[7]), sub(x[7],add(x[7],x[7])))",True,"less_than_or_equal(x[2],x[2])",0.35928143712574845,bd082d42dcba8056510101f18394b575,0.35928143712574845,False,0.0
8,22,"less_than_or_equal(pdiv(x[3],x[3]),add(add(x[0],sub(x[7],pdiv(x[5],x[5]))),x[5]))",False,,,0376b30f349d866846d86845b8328638,0.6586826347305389,False,0.0
8,22,"not_(less_than_or_equal(pdiv(x[5],x[5]),add(mul(x[5],pdiv(x[5],mul(x[3],add(x[5],x[7])))),add(x[2],x[2]))))",False,,,a28da20f788132e9baa731e58c0c62b5,0.46706586826347307,False,0.0
8,22,"less_than_or_equal(x[7],x[2])",True,"less_than_or_equal(add(x[5],x[7]),add(x[5],x[2]))",0.5269461077844311,544b4f45aa71542bcadfaa9d165fdbeb,0.5269461077844311,False,0.0
8,22,"greater_than_or_equal(x[5], mul(x[7],add(x[3],x[7])))",True,"greater_than_or_equal(x[5], mul(x[7],add(x[3],x[7])))",0.31137724550898205,6631d5a50f9f01ea8de86be5bd55c79c,0.31137724550898205,False,0.0
8,22,"greater_than_or_equal(x[5], x[2])",True,"not_(not_(less_than_or_equal(x[2],x[5])))",0.34730538922155685,4af53f79d9ad2ffac455113b88a02dd4,0.34730538922155685,False,0.0
8,22,"greater_than_or_equal(x[5], mul(x[5],mul(x[7],add(add(x[2],x[2]),add(x[2],add(x[7],mul(pdiv(x[2],x[0]),add(add(x[2],x[3]),add(x[2],x[5])))))))))",False,,,1d4c30b03dcfdc206bc96495e2e559c9,0.3053892215568862,False,0.0
8,22,"greater_than_or_equal(add(pdiv(x[5],x[7]),x[5]), mul(x[2],pdiv(x[2],x[7])))",False,,,0304307f8fdf18d26eb6902fbe0df4e8,0.34730538922155685,False,0.0
8,22,"greater_than_or_equal(pdiv(x[5],x[5]), mul(x[7],add(pdiv(pdiv(pdiv(mul(x[2],x[2]),sub(add(mul(x[5],x[7]),x[2]),add(x[2],x[3]))),add(pdiv(x[3],pdiv(x[7],add(x[2],x[7]))),pdiv(x[3],x[7]))),x[3]),x[5])))",False,,,933c329692b04d31788604d6da8ac2f2,0.32335329341317365,False,0.0
8,22,"greater_than_or_equal(pdiv(x[5],mul(x[3],x[7])), add(sub(sub(x[5],sub(x[0],x[2])),x[7]),x[5]))",False,,,0933ff0c5c823281267024534ef414e8,0.3413173652694611,False,0.0
8,22,"greater_than_or_equal(sub(pdiv(x[5],x[7]),x[5]), mul(x[2],pdiv(pdiv(mul(x[2],x[2]),sub(add(add(x[5],x[7]),x[2]),add(x[2],x[3]))),add(pdiv(x[3],pdiv(x[7],add(x[2],x[7]))),pdiv(x[3],x[7])))))",True,"greater_than_or_equal(sub(pdiv(x[5],x[7]),x[5]), mul(x[2],pdiv(pdiv(mul(x[2],x[2]),sub(add(add(x[5],x[7]),x[2]),add(x[2],x[3]))),add(pdiv(x[3],pdiv(x[7],add(x[2],x[7]))),pdiv(x[3],x[7])))))",0.31137724550898205,874faf9e7a556cbc5061ca2014136ef0,0.31137724550898205,False,0.0
8,22,"greater_than_or_equal(add(mul(x[5],30.90),x[2]), x[5])",True,"less_than_or_equal(x[2],x[2])",0.35928143712574845,bd082d42dcba8056510101f18394b575,0.35928143712574845,False,0.0
8,22,"greater_than_or_equal(x[5], mul(x[7],add(x[2],x[2])))",True,"not_(greater_than_or_equal(mul(x[7],add(x[2],x[2])), x[5]))",0.27544910179640714,f7539509fdd5f9bf93cc165393e6bf21,0.27544910179640714,False,0.0
8,22,"greater_than_or_equal(pdiv(x[5],add(x[3],x[5])), mul(x[7],add(x[5],x[2])))",True,"greater_than_or_equal(sub(pdiv(x[5],x[5]),mul(x[7],add(x[7],x[2]))), x[3])",0.23952095808383234,28ec52dd7333cc1c240b9eacee8d6909,0.2455089820359282,True,0.005988023952095856
8,22,"greater_than_or_equal(sub(pdiv(pdiv(x[5],x[7]),x[7]),mul(add(x[5],add(95.14,x[5])),x[5])), x[5])",True,"greater_than_or_equal(x[5], mul(x[7],mul(add(sub(x[7],x[7]),x[7]),add(sub(67.44,x[0]),sub(pdiv(x[5],x[7]),x[3])))))",0.5748502994011976,f9fd89441ea09e8222bb716d0d846afc,0.5568862275449102,True,-0.017964071856287345
8,22,"greater_than_or_equal(x[5], sub(mul(x[7],x[5]),add(pdiv(x[2],x[5]),add(x[5],sub(pdiv(mul(mul(x[7],x[5]),pdiv(x[2],mul(pdiv(mul(x[5],x[2]),sub(x[5],x[0])),add(pdiv(x[5],pdiv(pdiv(add(x[5],x[3]),x[5]),x[5])),add(x[2],x[5]))))),x[5]),add(x[5],x[2]))))))",True,"less_than_or_equal(sub(sub(x[3],x[5]),pdiv(x[3],pdiv(add(x[2],x[3]),pdiv(x[0],x[7])))),x[2])",0.34730538922155685,b3e532c4ac9b50f7b93d7fdffd216042,0.34730538922155685,False,0.0
8,22,"greater_than_or_equal(x[5], mul(x[3],add(x[2],mul(x[2],mul(x[5],mul(x[7],add(mul(x[7],add(x[2],x[5])),add(x[2],x[5]))))))))",False,,,cd6f5bed9057c0ee279a0a5097c77c5c,0.27544910179640714,False,0.0
8,22,"greater_than_or_equal(x[5], sub(add(x[2],x[7]),sub(pdiv(x[2],x[7]),mul(x[7],add(x[7],x[2])))))",True,"greater_than_or_equal(x[5], mul(x[7],add(pdiv(x[5],add(x[5],x[2])),x[5])))",0.2934131736526946,02c2973faf6be03f5962f2385a4fd4a4,0.2694610778443114,True,-0.0239520958083832
8,22,"greater_than_or_equal(x[5], mul(x[7],add(x[5],x[3])))",True,"greater_than_or_equal(x[5], mul(x[7],add(x[5],x[3])))",0.3053892215568862,0947741ceb5018f757b589e69907d867,0.3053892215568862,False,0.0
8,22,"greater_than_or_equal(pdiv(x[2],add(add(x[2],pdiv(pdiv(sub(sub(mul(x[5],add(pdiv(pdiv(x[7],x[5]),mul(x[7],mul(x[5],x[5]))),x[3])),x[5]),add(x[7],mul(93.42,x[7]))),add(x[5],add(x[3],x[7]))),mul(x[7],add(x[5],x[7])))),pdiv(x[5],x[5]))), x[5])",True,not_(x[6]),0.6347305389221557,b4068ba57b63c959651c969331c4b5cd,0.6407185628742516,True,0.005988023952095856
8,22,"not_(less_than_or_equal(pdiv(x[5],x[7]),add(x[5],x[3])))",True,"greater_than_or_equal(x[5], mul(x[7],add(x[5],x[3])))",0.3053892215568862,0947741ceb5018f757b589e69907d867,0.3053892215568862,False,0.0
8,22,"not_(greater_than_or_equal(mul(add(x[5],x[2]),mul(x[7],add(mul(x[5],mul(add(x[5],x[2]),add(x[5],90.93))),x[3]))), x[5]))",True,"greater_than_or_equal(pdiv(x[5],add(x[5],x[2])), add(add(x[5],x[2]),x[5]))",0.6107784431137724,ae31cb00614912c9405ebe575ee41c45,0.6107784431137724,False,0.0
8,22,"greater_than_or_equal(sub(pdiv(x[3],x[2]),x[7]), x[5])",True,"greater_than_or_equal(pdiv(x[3],x[2]), add(x[5],x[7]))",0.3053892215568862,cc8ae3738251d70077fbaaaa1a8a26e8,0.3053892215568862,False,0.0
8,22,"greater_than_or_equal(pdiv(93.09,mul(x[5],x[5])), add(x[0],x[7]))",True,"less_than_or_equal(x[2],x[2])",0.35928143712574845,bd082d42dcba8056510101f18394b575,0.35928143712574845,False,0.0
8,22,"not_(less_than_or_equal(pdiv(x[5],x[7]),add(x[5],x[5])))",True,"greater_than_or_equal(x[5], mul(x[7],add(x[5],x[5])))",0.2455089820359282,9545aae94dd0fcb8b281ddfedf2da4e6,0.25149700598802394,True,0.0059880239520957446
8,22,"greater_than_or_equal(x[5], mul(mul(x[0],add(x[7],x[2])),add(x[5],x[0])))",False,,,e295035873c7715893d776b9f22cc9a3,0.37125748502994016,False,0.0
8,22,"greater_than_or_equal(sub(pdiv(x[7],x[7]),x[0]), mul(x[7],add(add(x[2],add(x[7],mul(66.69,sub(sub(x[5],mul(x[7],add(x[7],add(pdiv(mul(x[5],x[5]),x[0]),add(sub(x[2],x[5]),x[2]))))),add(pdiv(mul(x[5],x[5]),pdiv(x[3],x[7])),x[2]))))),pdiv(pdiv(x[7],x[2]),x[2]))))",False,,,13e76e59728d0fd3940f415d80249331,0.5209580838323353,False,0.0
8,22,"not_(less_than_or_equal(pdiv(add(mul(x[5],sub(pdiv(add(sub(x[7],mul(x[2],x[2])),pdiv(x[7],pdiv(x[5],add(x[2],x[7])))),mul(x[7],add(x[7],x[2]))),x[3])),x[5]),x[5]),add(x[2],x[5])))",False,,,ea217d8707c48aafd13a7f2c7e8bf2b5,0.35928143712574845,False,0.0
8,22,"greater_than_or_equal(pdiv(x[5],x[5]), mul(x[7],add(x[3],pdiv(sub(pdiv(x[7],x[7]),x[7]),mul(x[0],add(x[7],x[2]))))))",False,,,8958c1c83817f6af68b2c78ec538dd14,0.38323353293413176,False,0.0
8,22,"greater_than_or_equal(x[5], x[2])",True,"not_(not_(less_than_or_equal(x[2],x[5])))",0.34730538922155685,4af53f79d9ad2ffac455113b88a02dd4,0.34730538922155685,False,0.0
8,22,"greater_than_or_equal(x[5], mul(x[7],x[0]))",True,"not_(less_than_or_equal(pdiv(x[5],x[0]),x[0]))",0.35928143712574845,5372ceb8b23ce5e1dd3bf5c2fc3a57aa,0.3413173652694611,True,-0.017964071856287345
8,22,"greater_than_or_equal(pdiv(x[5],add(x[2],x[7])), mul(x[7],add(x[5],x[7])))",True,"not_(less_than_or_equal(pdiv(x[5],x[7]),mul(add(x[5],add(x[3],x[7])),mul(x[7],add(x[5],x[7])))))",0.22155688622754488,565b60e8ea058b39e5bc6be0d3d25800,0.23353293413173648,True,0.0119760479041916
8,22,"not_(less_than_or_equal(pdiv(x[5],x[5]),add(mul(x[5],add(x[7],x[2])),add(x[2],x[2]))))",True,"not_(less_than_or_equal(pdiv(x[5],x[5]),add(mul(x[5],add(x[7],x[2])),add(x[2],x[2]))))",0.18562874251497008,7dd04de0f09dcb78fab13d4ca363e3e0,0.2857142857142857,True,0.10008554319931562
8,23,"greater_than_or_equal(x[5], mul(x[7],add(pdiv(add(mul(x[7],add(x[5],mul(x[5],add(add(x[7],x[5]),mul(x[7],add(x[5],mul(add(x[5],x[2]),x[5]))))))),sub(x[7],add(x[5],x[7]))),pdiv(x[7],add(x[2],x[5]))),x[7])))",True,"greater_than_or_equal(sub(pdiv(x[5],x[7]),x[5]), mul(x[7],add(x[7],x[5])))",0.2455089820359282,bd60c72475b288ea9487852ed6852c02,0.22155688622754488,True,-0.02395209580838331
8,23,"and_(less_than_or_equal(x[5],x[2]),x[1])",True,"less_than_or_equal(x[5],x[2])",0.652694610778443,6fb17002302e404122653cf2c68db553,0.652694610778443,False,0.0
8,23,"not_(less_than_or_equal(pdiv(x[5],x[5]),add(mul(x[5],sub(x[2],x[5])),sub(x[2],x[5]))))",True,"less_than_or_equal(x[2],x[2])",0.35928143712574845,bd082d42dcba8056510101f18394b575,0.35928143712574845,False,0.0
8,23,"not_(less_than_or_equal(pdiv(x[2],x[5]),add(mul(x[5],sub(x[7],x[2])),add(x[2],x[7]))))",True,"less_than_or_equal(add(mul(x[7],add(x[5],x[5])),x[5]),add(x[5],x[2]))",0.5209580838323353,c65fe234c6169ba85d5ae97ad8c96392,0.5029940119760479,True,-0.017964071856287456
8,23,"greater_than_or_equal(40.47, x[7])",True,"less_than_or_equal(x[2],x[2])",0.35928143712574845,bd082d42dcba8056510101f18394b575,0.35928143712574845,False,0.0
8,23,"greater_than_or_equal(pdiv(x[5],x[5]), add(add(x[5],x[7]),x[0]))",True,"greater_than_or_equal(pdiv(x[5],x[5]), add(add(x[7],x[0]),x[5]))",0.38323353293413176,e13aa23db313dd681eafce91776358ad,0.38323353293413176,False,0.0
8,23,"greater_than_or_equal(pdiv(x[5],add(x[2],mul(x[5],add(x[0],mul(x[0],x[2]))))), add(sub(x[7],pdiv(add(add(sub(x[2],x[7]),add(x[5],x[7])),x[2]),add(x[2],x[3]))),add(pdiv(x[3],pdiv(x[7],add(x[2],x[7]))),pdiv(x[3],x[7]))))",False,,,7668242370d0317d03d8dee35f6ed1dc,0.4970059880239521,False,0.0
8,23,"greater_than_or_equal(sub(pdiv(add(x[5],x[5]),mul(x[7],x[5])),x[7]), add(mul(x[7],add(pdiv(x[0],add(mul(x[7],add(x[7],x[7])),x[3])),x[5])),mul(x[2],x[5])))",False,,,b11ba809ce06a2e7a80a44d3da3cd23c,0.35928143712574845,False,0.0
8,23,"greater_than_or_equal(sub(pdiv(x[5],x[7]),mul(x[7],x[2])), add(mul(add(x[2],pdiv(mul(x[3],sub(x[2],x[7])),x[7])),pdiv(x[7],x[5])),x[3]))",False,,,d05740dc724907ba8fd5b22a6641da20,0.281437125748503,False,0.0
8,23,"greater_than_or_equal(sub(x[5],x[2]), add(x[7],x[7]))",True,"greater_than_or_equal(sub(sub(x[5],x[7]),x[7]), x[2])",0.5149700598802396,38aec90d8c3f532da0c125e2d5a26593,0.5149700598802396,False,0.0
8,23,"greater_than_or_equal(x[5], mul(x[7],add(x[5],add(x[2],x[5]))))",True,"greater_than_or_equal(x[5], mul(x[7],add(x[5],add(x[2],x[5]))))",0.27544910179640714,b273e6241ac446c8ee6db4bc01755f47,0.27544910179640714,False,0.0
8,23,"greater_than_or_equal(14.34, mul(add(x[5],x[5]),x[5]))",True,"less_than_or_equal(x[2],x[2])",0.35928143712574845,bd082d42dcba8056510101f18394b575,0.35928143712574845,False,0.0
8,23,"greater_than_or_equal(pdiv(x[5],x[7]), add(x[3],x[5]))",True,"greater_than_or_equal(x[5], mul(x[7],add(x[5],x[3])))",0.3053892215568862,0947741ceb5018f757b589e69907d867,0.3053892215568862,False,0.0
8,23,"greater_than_or_equal(add(x[7],x[2]), x[2])",True,"less_than_or_equal(x[2],x[2])",0.35928143712574845,bd082d42dcba8056510101f18394b575,0.35928143712574845,False,0.0
8,23,"greater_than_or_equal(x[5], add(mul(sub(x[0],x[5]),add(x[2],x[2])),x[5]))",True,"less_than_or_equal(x[0],x[5])",0.37125748502994016,cdcd6f1e6c091ac380f1476046586fe6,0.37125748502994016,False,0.0
8,23,"greater_than_or_equal(pdiv(x[5],x[7]), add(x[5],x[2]))",True,"greater_than_or_equal(x[5], mul(x[7],add(x[5],x[2])))",0.23353293413173648,49521aab13419e9d4582e656c37790ef,0.23353293413173648,False,0.0
8,23,"greater_than_or_equal(x[5], mul(x[5],add(x[2],x[5])))",True,"not_(less_than_or_equal(pdiv(x[5],x[5]),add(x[5],x[2])))",0.2455089820359282,5825d6d8d32996f2f81bb41cc0bfa92f,0.2455089820359282,False,0.0
8,23,"greater_than_or_equal(sub(pdiv(x[5],x[2]),x[7]), mul(x[5],pdiv(x[7],x[2])))",False,,,6b2dce2a55563b690ac7b96c24755ba3,0.23952095808383234,False,0.0
8,23,"greater_than_or_equal(pdiv(pdiv(x[7],mul(x[7],add(x[0],pdiv(x[3],x[3])))),add(mul(x[7],pdiv(x[2],x[3])),x[5])), x[5])",False,,,a2f58076be71f5e50788baf7478130e7,0.25149700598802394,False,0.0
8,23,"not_(less_than_or_equal(pdiv(x[5],x[7]),add(add(sub(x[2],x[7]),add(x[5],pdiv(sub(x[2],add(x[2],x[3])),add(pdiv(x[3],pdiv(x[7],add(x[2],x[7]))),pdiv(x[3],x[7]))))),x[3])))",False,,,ccb77a3ec2bd362b5bec04294a13e96a,0.3293413173652695,False,0.0
8,23,"greater_than_or_equal(x[5], mul(x[2],add(x[5],x[2])))",True,"greater_than_or_equal(pdiv(x[5],pdiv(add(x[2],x[5]),x[5])), mul(x[5],x[2]))",0.28742514970059885,0803226314985e684579b7ad7da3df72,0.2934131736526946,True,0.0059880239520957446
8,23,"greater_than_or_equal(x[5], mul(x[7],add(x[0],mul(x[5],x[2]))))",False,,,035c17f28d21ecf8987b909fe460ac37,0.3293413173652695,False,0.0
8,23,"greater_than_or_equal(pdiv(x[5],add(x[2],mul(x[5],add(x[5],x[2])))), x[7])",False,,,98e175c7a83b857c6b6a9b5022e0f243,0.22155688622754488,False,0.0
8,23,"greater_than_or_equal(pdiv(x[5],x[7]), add(x[2],add(x[7],x[2])))",True,"greater_than_or_equal(x[5], mul(x[7],add(x[2],pdiv(x[7],pdiv(x[5],add(x[2],x[7]))))))",0.25149700598802394,5f243721629fd173a761da2d9aa7d4ca,0.2455089820359282,True,-0.0059880239520957446
8,23,"less_than_or_equal(x[5],x[7])",True,"greater_than_or_equal(x[7], x[5])",0.6107784431137724,793f9fa4aca1502cfe0a9ed6ab91b83c,0.6107784431137724,False,0.0
8,23,"greater_than_or_equal(sub(mul(x[5],mul(x[7],add(x[5],x[2]))),x[7]), sub(sub(x[5],sub(x[0],x[3])),mul(x[7],add(mul(x[5],sub(sub(sub(sub(x[2],x[2]),x[7]),x[5]),mul(x[7],add(x[7],x[5])))),x[5]))))",True,not_(x[6]),0.6347305389221557,b4068ba57b63c959651c969331c4b5cd,0.6347305389221557,False,0.0
8,23,"greater_than_or_equal(x[5], mul(x[7],add(x[5],x[0])))",True,"greater_than_or_equal(sub(pdiv(x[5],x[7]),x[0]), x[5])",0.281437125748503,398ddcc29f5ec071f51fa23d31620cd7,0.281437125748503,False,0.0
8,23,"greater_than_or_equal(x[5], mul(x[7],sub(add(x[2],x[5]),mul(x[7],mul(add(pdiv(sub(add(x[3],mul(x[7],x[7])),add(54.06,sub(x[5],sub(x[0],x[3])))),mul(x[7],add(mul(x[5],sub(sub(sub(sub(x[2],x[2]),x[2]),x[5]),mul(x[7],add(x[7],x[5])))),x[5]))),x[2]),add(sub(x[7],x[7]),pdiv(x[5],x[5])))))))",False,,,ad7e3d77e21fbe48a77c6377dfcccd2e,0.5988023952095809,False,0.0
8,23,"not_(less_than_or_equal(pdiv(93.07,x[5]),add(x[7],x[2])))",True,"less_than_or_equal(x[2],x[2])",0.35928143712574845,bd082d42dcba8056510101f18394b575,0.35928143712574845,False,0.0
8,23,"greater_than_or_equal(pdiv(x[5],x[5]), mul(x[7],x[7]))",True,"less_than_or_equal(x[2],x[2])",0.35928143712574845,bd082d42dcba8056510101f18394b575,0.35928143712574845,False,0.0
8,23,"greater_than_or_equal(x[5], mul(x[7],add(add(x[2],x[5]),mul(x[7],mul(add(x[5],add(x[3],x[7])),mul(x[7],add(x[2],44.79)))))))",True,"not_(less_than_or_equal(pdiv(x[5],04.61),x[7]))",0.5389221556886228,a7cacbe6ce22cd2e14b847dca3a88aa5,0.46706586826347307,True,-0.07185628742514971
8,23,"greater_than_or_equal(x[5], mul(x[7],x[5]))",True,"less_than_or_equal(x[2],x[2])",0.35928143712574845,bd082d42dcba8056510101f18394b575,0.35928143712574845,False,0.0
8,23,"greater_than_or_equal(pdiv(x[5],x[5]), add(add(x[5],mul(mul(x[2],x[7]),x[7])),x[5]))",False,,,d6b321db753daedb7e8218a5f7bcd82e,0.45508982035928147,False,0.0
8,23,"greater_than_or_equal(x[3], mul(x[2],x[3]))",True,"not_(greater_than_or_equal(mul(x[7],x[2]), x[7]))",0.34730538922155685,f69cf4961d82af0c72c0014d2a401904,0.34730538922155685,False,0.0
8,23,"greater_than_or_equal(pdiv(x[3],x[2]), mul(add(pdiv(add(x[2],x[7]),pdiv(sub(x[5],sub(x[0],x[3])),add(x[7],sub(mul(x[5],sub(sub(sub(sub(x[2],x[2]),x[2]),04.75),x[5])),x[2])))),add(sub(14.82,x[5]),x[7])),add(96.65,add(x[2],x[3]))))",True,"less_than_or_equal(pdiv(pdiv(x[5],x[5]),add(x[0],x[7])),pdiv(mul(mul(x[5],x[5]),x[2]),add(sub(x[7],x[7]),pdiv(x[5],x[5]))))",0.6467065868263473,661fa06cf6abb651009153d06a5dd792,0.6467065868263473,False,0.0
8,23,"greater_than_or_equal(x[5], mul(x[7],add(x[5],x[5])))",True,"greater_than_or_equal(x[5], mul(x[7],add(x[5],x[5])))",0.2455089820359282,9545aae94dd0fcb8b281ddfedf2da4e6,0.2455089820359282,False,0.0
8,23,"greater_than_or_equal(mul(add(add(x[0],x[7]),x[2]),x[5]), x[5])",True,"less_than_or_equal(sub(pdiv(x[7],x[7]),x[0]),add(x[2],add(x[7],x[0])))",0.7724550898203593,e04065fd6e8409427429a120f0f9c88f,0.7904191616766467,True,0.017964071856287456
8,23,"greater_than_or_equal(pdiv(x[3],x[5]), add(x[2],x[7]))",True,"greater_than_or_equal(x[3], mul(x[5],add(x[2],x[7])))",0.3413173652694611,1ec753e92edde6fc9cb714c9f337a146,0.3413173652694611,False,0.0
8,23,"greater_than_or_equal(x[5], mul(add(mul(add(x[5],x[2]),x[7]),sub(sub(x[5],sub(x[0],x[3])),mul(x[7],add(mul(x[5],sub(sub(sub(sub(x[2],x[2]),x[2]),x[5]),mul(x[7],add(x[7],x[5])))),x[5])))),x[2]))",False,,,e108ece902a21ec59859375da94cc1d3,0.20958083832335328,False,0.0
8,23,"greater_than_or_equal(x[5], mul(mul(mul(add(mul(x[7],sub(x[3],mul(x[5],x[7]))),add(x[2],x[5])),x[2]),add(x[2],x[3])),add(pdiv(x[3],pdiv(x[7],add(x[2],x[7]))),pdiv(x[3],x[7]))))",False,,,2062cb044b4360b8637fd93ba499e9c9,0.37125748502994016,False,0.0
8,23,"greater_than_or_equal(x[5], mul(x[7],add(mul(pdiv(x[2],x[3]),add(add(39.79,pdiv(add(x[2],x[3]),mul(x[5],pdiv(add(x[7],x[0]),x[2])))),x[0])),add(add(x[2],x[3]),add(x[2],x[5])))))",False,,,00374039b3126580999d68eca2e0b5f1,0.6107784431137724,False,0.0
8,23,"greater_than_or_equal(x[2], add(x[7],add(x[7],add(x[5],x[5]))))",False,,,a614015a4947e1fc434047275208c22e,0.6467065868263473,False,0.0
8,23,"not_(greater_than_or_equal(pdiv(x[5],add(x[2],x[7])), mul(x[2],x[7])))",False,,,c5aaa358a6fd13ae0bc4bc1fa1478877,0.688622754491018,False,0.0
8,23,"greater_than_or_equal(pdiv(x[5],x[5]), x[2])",True,"not_(greater_than_or_equal(mul(x[7],x[2]), x[7]))",0.34730538922155685,f69cf4961d82af0c72c0014d2a401904,0.34730538922155685,False,0.0
8,23,"not_(less_than_or_equal(pdiv(x[5],x[2]),pdiv(pdiv(x[5],x[5]),add(x[2],x[3]))))",False,,,2aa3ef35d0f16797a7d0f12672768a4c,0.4491017964071856,False,0.0
8,23,"greater_than_or_equal(pdiv(x[5],mul(x[5],x[2])), x[5])",True,"less_than_or_equal(x[2],x[2])",0.35928143712574845,bd082d42dcba8056510101f18394b575,0.35928143712574845,False,0.0
8,23,"greater_than_or_equal(x[5], mul(x[7],x[5]))",True,"less_than_or_equal(x[2],x[2])",0.35928143712574845,bd082d42dcba8056510101f18394b575,0.35928143712574845,False,0.0
8,23,"greater_than_or_equal(pdiv(add(x[2],x[3]),x[5]), mul(x[7],add(x[7],x[5])))",False,,,bdbfdf1d780a291dcb44c3e18ea473ca,0.3053892215568862,False,0.0
8,23,"less_than_or_equal(sub(pdiv(x[5],x[7]),x[5]),mul(x[2],pdiv(pdiv(pdiv(x[2],x[5]),mul(x[5],add(x[7],x[5]))),x[3])))",False,,,ea048c3b7f864bff9536c8d86752194c,0.6287425149700598,False,0.0
8,23,"greater_than_or_equal(pdiv(x[5],x[3]), add(x[5],x[5]))",True,"not_(less_than_or_equal(x[5],mul(x[3],add(x[5],x[5]))))",0.5149700598802396,d62a7cde6410c3f86badd95c5c5bfa06,0.5149700598802396,False,0.0
8,23,"not_(less_than_or_equal(pdiv(x[2],x[3]),mul(x[7],add(mul(add(x[5],mul(x[7],add(x[7],x[2]))),x[7]),x[7]))))",False,,,7aa1b2c2a2000d7f44416cd71164e349,0.3413173652694611,False,0.0
8,23,"greater_than_or_equal(x[5], mul(add(add(x[2],mul(x[2],add(x[2],add(add(x[5],x[5]),add(x[2],x[5]))))),x[5]),add(x[5],x[2])))",True,"greater_than_or_equal(pdiv(x[5],add(x[2],x[5])), add(x[2],add(x[5],x[2])))",0.4730538922155688,6ad662c72e15107db56cc404b98a1591,0.5329341317365269,True,0.05988023952095811
8,23,"greater_than_or_equal(pdiv(x[5],59.02), x[7])",True,not_(x[6]),0.6347305389221557,b4068ba57b63c959651c969331c4b5cd,0.6407185628742516,True,0.005988023952095856
8,23,"greater_than_or_equal(pdiv(x[5],x[7]), add(x[2],x[5]))",True,"greater_than_or_equal(x[5], mul(x[7],add(x[5],x[2])))",0.23353293413173648,49521aab13419e9d4582e656c37790ef,0.23353293413173648,False,0.0
8,23,"greater_than_or_equal(sub(pdiv(x[5],x[7]),x[5]), x[2])",True,"greater_than_or_equal(x[5], mul(x[7],add(x[5],x[2])))",0.23353293413173648,49521aab13419e9d4582e656c37790ef,0.23353293413173648,False,0.0
8,23,"greater_than_or_equal(add(x[5],mul(x[7],add(x[7],x[2]))), x[7])",False,,,b8c64a827b61536a1c5a32d8202c014b,0.34730538922155685,False,0.0
8,23,"not_(less_than_or_equal(pdiv(x[5],x[3]),mul(x[7],add(mul(x[3],mul(x[7],x[7])),add(x[2],x[5])))))",False,,,661c401f421aca4bf64be5ff619f2cc0,0.3053892215568862,False,0.0
8,23,"not_(less_than_or_equal(pdiv(x[5],x[7]),add(add(x[2],x[7]),x[5])))",True,"not_(less_than_or_equal(pdiv(x[3],x[7]),add(x[7],pdiv(x[3],x[5]))))",0.3293413173652695,74dce5cb961f14b3bdac896efda7926c,0.281437125748503,True,-0.04790419161676651
8,23,"greater_than_or_equal(x[5], mul(x[7],add(mul(x[0],x[5]),x[2])))",True,"not_(less_than_or_equal(x[5],mul(x[2],add(x[7],x[0]))))",0.32335329341317365,354e2deeabd50563319a4f341cf0421d,0.3173652694610778,True,-0.005988023952095856
8,23,"greater_than_or_equal(x[2], x[2])",True,"less_than_or_equal(x[2],x[2])",0.35928143712574845,bd082d42dcba8056510101f18394b575,0.35928143712574845,False,0.0
8,23,"less_than_or_equal(pdiv(x[5],add(x[5],x[7])),mul(x[7],x[0]))",True,"greater_than_or_equal(sub(pdiv(x[0],sub(x[7],add(x[5],x[2]))),add(sub(x[7],x[0]),pdiv(x[5],x[5]))), mul(mul(x[5],x[7]),pdiv(x[7],x[3])))",0.652694610778443,9343081bd67e7206ab22f33baf2fdbe6,0.652694610778443,False,0.0
8,23,"greater_than_or_equal(pdiv(x[5],add(x[2],79.20)), x[5])",True,not_(x[6]),0.6347305389221557,b4068ba57b63c959651c969331c4b5cd,0.6347305389221557,False,0.0
8,23,"greater_than_or_equal(add(pdiv(x[5],x[2]),x[5]), x[2])",True,"less_than_or_equal(mul(sub(x[2],x[5]),x[2]),x[5])",0.3413173652694611,8a3e8fc69f16ac1faf1e4f889c77d6b4,0.3413173652694611,False,0.0
8,23,"greater_than_or_equal(x[2], x[5])",True,"less_than_or_equal(x[5],x[2])",0.652694610778443,6fb17002302e404122653cf2c68db553,0.652694610778443,False,0.0
8,23,"greater_than_or_equal(pdiv(x[5],add(x[2],x[5])), mul(x[7],add(sub(add(x[2],x[5]),x[2]),x[5])))",True,"greater_than_or_equal(pdiv(x[5],add(x[2],x[5])), mul(x[7],add(x[5],x[5])))",0.2455089820359282,308816d3187c3a2d2f8f96129c026db1,0.2455089820359282,False,0.0
8,23,"greater_than_or_equal(pdiv(x[5],add(x[2],pdiv(add(x[7],x[3]),x[7]))), x[5])",True,not_(x[6]),0.6347305389221557,b4068ba57b63c959651c969331c4b5cd,0.6347305389221557,False,0.0
8,23,"greater_than_or_equal(sub(pdiv(x[5],x[7]),mul(x[7],x[0])), add(mul(add(mul(x[7],99.95),mul(x[3],x[7])),x[7]),add(x[7],x[5])))",True,"not_(less_than_or_equal(pdiv(x[5],04.61),x[7]))",0.5389221556886228,a7cacbe6ce22cd2e14b847dca3a88aa5,0.5089820359281437,True,-0.029940119760479056
8,23,"greater_than_or_equal(sub(pdiv(x[7],x[7]),x[2]), mul(x[7],add(x[7],x[5])))",False,,,4a69a1b5595c2db5243789aa8a5216f4,0.20359281437125754,False,0.0
8,23,"greater_than_or_equal(x[5], mul(x[3],mul(sub(x[5],x[3]),x[5])))",True,"less_than_or_equal(x[2],x[2])",0.35928143712574845,bd082d42dcba8056510101f18394b575,0.35928143712574845,False,0.0
8,23,"greater_than_or_equal(sub(pdiv(pdiv(x[5],x[7]),x[7]),mul(add(x[5],add(x[7],x[0])),pdiv(x[5],x[5]))), x[2])",True,"greater_than_or_equal(x[5], mul(x[7],add(mul(x[5],x[5]),x[7])))",0.22754491017964074,f88292475aa3ad5b7cf26090c3cdc424,0.22754491017964074,False,0.0
8,23,"greater_than_or_equal(pdiv(x[3],x[0]), x[0])",True,"less_than_or_equal(x[0],mul(add(x[3],x[5]),pdiv(pdiv(x[3],pdiv(x[5],x[5])),x[0])))",0.35928143712574845,946789eb468405234c38dbb8a53860cb,0.35928143712574845,False,0.0
8,23,"greater_than_or_equal(pdiv(x[5],x[7]), mul(x[7],add(x[7],x[7])))",True,"not_(less_than_or_equal(pdiv(x[5],x[7]),mul(add(x[7],x[7]),x[7])))",0.27544910179640714,9ee2fef979dcce30aed7a7497040a352,0.27544910179640714,False,0.0
8,23,"not_(less_than_or_equal(pdiv(x[5],add(mul(x[5],x[2]),x[5])),x[2]))",True,"not_(less_than_or_equal(pdiv(pdiv(x[5],sub(x[5],x[5])),x[2]),add(add(x[5],x[2]),x[2])))",0.27544910179640714,9ae23d8c53ae47b46762ef0a21812476,0.2934131736526946,True,0.017964071856287456
8,23,"greater_than_or_equal(x[5], mul(x[7],add(x[2],x[0])))",True,"greater_than_or_equal(sub(pdiv(x[5],x[7]),x[2]), x[0])",0.32335329341317365,608e3fd5b4f48ec5fb45edbea2ae1556,0.32335329341317365,False,0.0
8,23,"greater_than_or_equal(x[5], mul(x[7],add(x[5],x[2])))",True,"greater_than_or_equal(x[5], mul(x[7],add(x[5],x[2])))",0.23353293413173648,49521aab13419e9d4582e656c37790ef,0.23353293413173648,False,0.0
8,23,"greater_than_or_equal(x[5], 19.01)",True,not_(x[6]),0.6347305389221557,b4068ba57b63c959651c969331c4b5cd,0.6407185628742516,True,0.005988023952095856
8,23,"greater_than_or_equal(sub(add(x[5],add(mul(x[5],x[5]),mul(x[7],add(x[5],x[2])))),x[7]), sub(sub(x[5],sub(x[0],x[3])),mul(x[7],add(mul(x[5],sub(sub(sub(sub(x[2],x[2]),x[2]),x[5]),mul(x[7],add(x[7],x[5])))),x[5]))))",False,,,e640fa6c686320918c7ecd1c96ac5144,0.5149700598802396,False,0.0
8,23,"greater_than_or_equal(add(x[7],x[2]), add(x[2],x[2]))",True,"less_than_or_equal(pdiv(add(x[2],x[5]),sub(x[2],x[7])),mul(mul(x[2],x[3]),mul(x[5],x[7])))",0.4730538922155688,6a9a868ce645e54c16a03959cbdb37f6,0.4730538922155688,False,0.0
8,23,"greater_than_or_equal(mul(x[2],x[5]), x[5])",True,"greater_than_or_equal(x[2], pdiv(x[5],x[5]))",0.652694610778443,38d04e9716d0d4822bf3dbdceea9aa84,0.6467065868263473,True,-0.0059880239520957446
8,23,"greater_than_or_equal(x[5], x[2])",True,"not_(not_(less_than_or_equal(x[2],x[5])))",0.34730538922155685,4af53f79d9ad2ffac455113b88a02dd4,0.34730538922155685,False,0.0
8,23,"greater_than_or_equal(x[5], mul(x[7],add(add(x[7],x[7]),mul(x[7],add(mul(x[7],add(mul(pdiv(x[2],x[7]),x[5]),x[5])),x[2])))))",True,"greater_than_or_equal(x[5], mul(x[7],add(x[7],add(x[3],x[2]))))",0.2934131736526946,1af7bd2c0e59084ce1038d0fa1df9be2,0.28742514970059885,True,-0.0059880239520957446
8,23,"not_(less_than_or_equal(pdiv(x[5],x[3]),mul(x[7],add(mul(add(x[5],mul(x[7],add(x[7],x[2]))),x[5]),x[7]))))",False,,,b5572ee549ee498aa91aa1522a43f09c,0.281437125748503,False,0.0
8,23,"greater_than_or_equal(pdiv(sub(x[5],x[5]),add(x[2],x[5])), x[5])",True,not_(x[6]),0.6347305389221557,b4068ba57b63c959651c969331c4b5cd,0.6347305389221557,False,0.0
8,23,"greater_than_or_equal(pdiv(sub(x[7],x[2]),add(x[2],x[3])), add(pdiv(x[3],pdiv(x[7],add(x[2],x[7]))),pdiv(x[3],x[7])))",False,,,a71de2d56b49722cbd236f43a68e9892,0.6347305389221557,False,0.0
8,23,"greater_than_or_equal(x[5], pdiv(x[7],sub(mul(sub(pdiv(x[5],mul(x[5],mul(x[5],add(x[2],add(x[5],x[2]))))),add(sub(x[7],sub(x[3],x[3])),mul(x[7],add(x[5],mul(x[7],add(x[2],x[5])))))),x[2]),pdiv(pdiv(x[5],x[5]),add(x[2],x[3])))))",True,"greater_than_or_equal(add(pdiv(x[5],x[5]),add(x[5],x[0])), mul(sub(pdiv(x[7],add(x[2],x[5])),x[5]),add(add(pdiv(x[2],55.91),x[3]),add(x[2],x[5]))))",0.3293413173652695,9044e10eb2efbe829e3758ffa5d204f4,0.35928143712574845,True,0.029940119760478945
8,23,"greater_than_or_equal(x[5], mul(pdiv(mul(x[2],pdiv(x[5],x[2])),x[5]),pdiv(x[7],add(x[7],x[3]))))",False,,,f282e3667e30b8ad53a9791da7a17751,0.41916167664670656,False,0.0
8,23,"greater_than_or_equal(pdiv(x[5],add(x[2],x[2])), x[5])",True,"not_(less_than_or_equal(pdiv(x[5],x[5]),add(x[2],x[2])))",0.25149700598802394,b1dd33075a09479c47bb17a355eef7af,0.25149700598802394,False,0.0
8,23,"greater_than_or_equal(add(x[7],add(x[5],mul(x[7],mul(x[5],x[2])))), mul(x[7],add(mul(x[3],x[5]),pdiv(x[3],x[3]))))",True,"less_than_or_equal(x[2],x[2])",0.35928143712574845,bd082d42dcba8056510101f18394b575,0.35928143712574845,False,0.0
8,23,"greater_than_or_equal(pdiv(x[5],x[7]), add(x[2],x[5]))",True,"greater_than_or_equal(x[5], mul(x[7],add(x[5],x[2])))",0.23353293413173648,49521aab13419e9d4582e656c37790ef,0.23353293413173648,False,0.0
8,23,"greater_than_or_equal(x[5], mul(add(sub(x[7],sub(x[3],x[5])),mul(x[7],sub(x[2],x[7]))),x[0]))",True,"or_(less_than_or_equal(sub(x[2],x[5]),mul(x[3],x[2])),not_(greater_than_or_equal(x[5], x[3])))",0.38323353293413176,cc44f38a8b2fcefff95bcc01de90856f,0.3652694610778443,True,-0.017964071856287456
8,23,"greater_than_or_equal(x[5], mul(mul(x[5],add(x[2],x[5])),x[5]))",True,"not_(greater_than_or_equal(mul(x[5],add(x[5],x[2])), add(sub(x[7],x[7]),pdiv(x[5],x[5]))))",0.27544910179640714,66d1f1f84d146fdd572ef7ee95562584,0.27544910179640714,False,0.0
8,23,"greater_than_or_equal(x[5], sub(mul(add(x[5],add(x[7],sub(x[7],mul(x[3],x[7])))),add(mul(add(x[7],x[2]),x[7]),x[2])),mul(add(x[5],40.61),x[5])))",True,"less_than_or_equal(add(add(x[7],x[2]),pdiv(x[3],x[3])),add(pdiv(x[5],pdiv(mul(x[2],x[7]),30.44)),add(x[7],mul(x[5],x[2]))))",0.3532934131736527,8b22474e90c54ae8a74a0d0752426450,0.35928143712574845,True,0.0059880239520957446
8,23,"greater_than_or_equal(add(mul(x[5],30.69),x[2]), x[7])",True,"less_than_or_equal(x[2],x[2])",0.35928143712574845,bd082d42dcba8056510101f18394b575,0.3652694610778443,True,0.005988023952095856
8,23,"greater_than_or_equal(pdiv(x[5],add(x[2],sub(x[3],x[2]))), x[7])",True,"not_(less_than_or_equal(pdiv(x[5],x[3]),x[7]))",0.3413173652694611,e691e9faf9d6cf6a1c64f756c672a16e,0.3413173652694611,False,0.0
8,23,"greater_than_or_equal(sub(sub(x[7],x[7]),x[5]), mul(x[7],add(mul(x[7],add(x[2],x[5])),add(x[2],x[5]))))",True,not_(x[6]),0.6347305389221557,b4068ba57b63c959651c969331c4b5cd,0.6407185628742516,True,0.005988023952095856
8,23,"greater_than_or_equal(pdiv(x[5],add(x[2],x[7])), x[0])",True,"less_than_or_equal(x[0],x[5])",0.37125748502994016,cdcd6f1e6c091ac380f1476046586fe6,0.3413173652694611,True,-0.029940119760479056
8,23,"greater_than_or_equal(x[5], mul(pdiv(x[5],pdiv(pdiv(x[5],add(x[2],add(sub(mul(x[7],add(x[5],x[7])),sub(x[5],x[5])),add(add(x[7],x[0]),x[2])))),x[0])),add(add(x[2],x[3]),add(x[2],x[5]))))",False,,,cc392dcb9a51fd742d96e66ec03d94e4,0.49101796407185627,False,0.0
8,23,"less_than_or_equal(x[3],mul(add(add(x[0],x[7]),x[2]),x[5]))",False,,,84b9e6f0a8f14343504b65aec1aa253d,0.6407185628742516,False,0.0
8,23,"not_(less_than_or_equal(pdiv(x[5],x[7]),add(x[3],x[3])))",True,"not_(greater_than_or_equal(mul(x[7],add(x[3],x[3])), x[5]))",0.33532934131736525,21dfd395723705053ccbb05cf6fc70b7,0.33532934131736525,False,0.0
8,23,"greater_than_or_equal(x[5], sub(03.93,x[0]))",True,not_(x[6]),0.6347305389221557,b4068ba57b63c959651c969331c4b5cd,0.6407185628742516,True,0.005988023952095856
8,23,"greater_than_or_equal(pdiv(x[5],add(x[2],pdiv(93.89,pdiv(add(x[2],x[5]),mul(x[7],add(x[5],x[2])))))), x[5])",True,not_(x[6]),0.6347305389221557,b4068ba57b63c959651c969331c4b5cd,0.6287425149700598,True,-0.005988023952095856
8,23,"less_than_or_equal(add(x[5],x[3]),x[5])",True,not_(x[6]),0.6347305389221557,b4068ba57b63c959651c969331c4b5cd,0.6347305389221557,False,0.0
8,23,"greater_than_or_equal(add(x[7],add(47.99,x[0])), add(sub(x[2],x[5]),sub(x[7],pdiv(mul(x[5],x[7]),pdiv(x[3],x[7])))))",True,"less_than_or_equal(x[2],x[2])",0.35928143712574845,bd082d42dcba8056510101f18394b575,0.35928143712574845,False,0.0
8,23,"greater_than_or_equal(sub(mul(mul(x[7],add(x[7],x[2])),pdiv(x[5],add(add(pdiv(x[0],x[5]),add(x[7],x[2])),x[2]))),add(x[7],x[0])), x[2])",True,not_(x[6]),0.6347305389221557,b4068ba57b63c959651c969331c4b5cd,0.6407185628742516,True,0.005988023952095856
8,23,"not_(less_than_or_equal(add(sub(mul(79.49,mul(x[7],add(x[7],x[2]))),x[3]),x[3]),add(pdiv(pdiv(x[7],x[5]),pdiv(x[2],add(add(x[2],x[7]),pdiv(x[3],x[7])))),x[3])))",False,,,3819eabda201e6fdb86b238a05bfb9f9,0.5389221556886228,False,0.0
8,23,"greater_than_or_equal(00.39, mul(sub(add(add(x[0],x[7]),add(x[0],x[2])),x[0]),x[2]))",True,"greater_than_or_equal(00.39, mul(sub(add(add(x[0],x[7]),add(x[0],x[2])),x[0]),x[2]))",0.19161676646706582,0730049552749583fe5140328d82478a,0.19161676646706582,False,0.0
8,23,"less_than_or_equal(x[5],x[7])",True,"greater_than_or_equal(x[7], x[5])",0.6107784431137724,793f9fa4aca1502cfe0a9ed6ab91b83c,0.6107784431137724,False,0.0
8,23,"not_(less_than_or_equal(pdiv(pdiv(x[5],add(x[2],x[5])),mul(x[7],add(x[5],x[3]))),x[5]))",False,,,f21e9102cac0762badc18936ee42d9be,0.28742514970059885,False,0.0
8,23,"greater_than_or_equal(x[5], x[2])",True,"not_(not_(less_than_or_equal(x[2],x[5])))",0.34730538922155685,4af53f79d9ad2ffac455113b88a02dd4,0.34730538922155685,False,0.0
8,23,"not_(greater_than_or_equal(mul(x[7],add(mul(x[7],add(x[7],x[5])),sub(mul(x[5],add(x[7],x[2])),add(x[2],x[3])))), x[5]))",False,,,5ff2985abcf07e0033f87b8679ccfd19,0.3053892215568862,False,0.0
8,23,"greater_than_or_equal(pdiv(x[5],add(add(x[5],x[5]),mul(add(x[7],x[7]),x[2]))), x[3])",False,,,25afbf737c3913c2ce9d4ffc6f22a0fd,0.47904191616766467,False,0.0
8,23,"greater_than_or_equal(mul(x[5],add(x[2],mul(x[5],add(x[0],mul(x[5],x[2]))))), add(sub(x[7],add(x[7],x[5])),x[5]))",True,"less_than_or_equal(x[2],x[2])",0.35928143712574845,bd082d42dcba8056510101f18394b575,0.3652694610778443,True,0.005988023952095856
8,23,"greater_than_or_equal(x[5], mul(x[5],mul(x[7],x[7])))",True,"less_than_or_equal(x[2],x[2])",0.35928143712574845,bd082d42dcba8056510101f18394b575,0.35928143712574845,False,0.0
8,23,"less_than_or_equal(add(x[7],x[0]),x[2])",True,"less_than_or_equal(add(x[7],x[0]),x[2])",0.5868263473053892,3d21c265981cf66bca30bbf040098be4,0.5868263473053892,False,0.0
8,23,"greater_than_or_equal(pdiv(x[5],x[5]), add(x[7],mul(x[7],sub(x[3],mul(x[0],sub(sub(x[7],sub(x[7],x[2])),add(x[2],x[3])))))))",True,"greater_than_or_equal(sub(pdiv(x[5],x[7]),mul(add(mul(pdiv(add(x[5],sub(x[2],add(x[5],x[2]))),x[5]),mul(x[7],add(x[7],x[2]))),x[3]),x[5])), x[5])",0.2694610778443114,9022f1cd2d01e29089d46d7d7fad78c5,0.26347305389221554,True,-0.005988023952095856
8,23,"greater_than_or_equal(09.69, pdiv(x[7],x[5]))",False,,,804bafc2777bbec11fe5e2804a171eef,0.3293413173652695,False,0.0
8,23,"not_(less_than_or_equal(pdiv(add(mul(x[7],add(mul(x[2],x[5]),mul(x[7],mul(mul(x[2],add(x[0],mul(x[7],add(x[5],x[2])))),x[0])))),sub(sub(x[5],sub(x[0],x[3])),mul(x[7],add(mul(x[5],sub(sub(sub(sub(x[2],x[2]),x[2]),x[5]),mul(x[7],add(x[7],x[5])))),x[5])))),x[2]),add(sub(x[7],x[7]),pdiv(x[5],x[5]))))",False,,,f31703c0f9619f5c181b5399dfd08df4,0.38323353293413176,False,0.0
8,23,"greater_than_or_equal(x[5], x[2])",True,"not_(not_(less_than_or_equal(x[2],x[5])))",0.34730538922155685,4af53f79d9ad2ffac455113b88a02dd4,0.34730538922155685,False,0.0
8,23,"greater_than_or_equal(sub(pdiv(x[7],84.24),mul(x[7],pdiv(pdiv(x[5],add(x[2],x[7])),mul(x[7],add(x[5],x[7]))))), sub(x[5],x[5]))",True,not_(x[6]),0.6347305389221557,b4068ba57b63c959651c969331c4b5cd,0.6347305389221557,False,0.0
8,23,"greater_than_or_equal(mul(pdiv(x[5],x[2]),x[7]), add(sub(pdiv(x[5],add(x[2],add(x[7],43.67))),x[2]),x[5]))",False,,,a359ac0d168839ff80a0dcc0e5c6150c,0.4491017964071856,False,0.0
8,23,"greater_than_or_equal(pdiv(x[5],mul(x[3],x[7])), add(mul(add(x[2],x[5]),x[5]),mul(x[0],x[7])))",False,,,433624afba87ac7bffc72653551e728b,0.3173652694610778,False,0.0
8,23,"greater_than_or_equal(pdiv(x[5],x[7]), add(x[0],add(add(sub(x[5],x[3]),x[5]),pdiv(add(x[7],x[0]),x[2]))))",False,,,d07cea490b7ccbe9449dc687dc403457,0.4610778443113772,False,0.0
8,23,"greater_than_or_equal(pdiv(pdiv(mul(x[5],add(x[2],x[7])),57.94),x[7]), x[7])",True,"less_than_or_equal(x[7],sub(mul(x[3],x[5]),mul(x[3],x[3])))",0.6227544910179641,2dd89a1e9924a644885ec3ef9f28193f,0.6347305389221557,True,0.0119760479041916
8,23,"greater_than_or_equal(pdiv(x[5],add(x[5],mul(x[7],add(x[5],x[2])))), x[5])",True,"not_(less_than_or_equal(pdiv(sub(pdiv(x[5],x[5]),add(x[5],x[2])),x[5]),mul(x[7],add(x[7],x[2]))))",0.27544910179640714,2570cc0caa1a7eac1036761f030e6c28,0.2574850299401198,True,-0.017964071856287345
8,23,"greater_than_or_equal(sub(x[5],add(x[2],mul(x[5],add(x[7],mul(45.19,add(x[7],sub(sub(x[5],sub(x[0],x[3])),mul(x[7],add(mul(x[5],sub(sub(sub(sub(x[2],x[2]),x[2]),x[5]),mul(x[7],add(x[7],x[5])))),x[5]))))))))), x[2])",True,not_(x[6]),0.6347305389221557,b4068ba57b63c959651c969331c4b5cd,0.6407185628742516,True,0.005988023952095856
8,23,"greater_than_or_equal(pdiv(sub(add(x[2],x[7]),x[5]),x[3]), x[7])",False,,,6a182c52d7c0b99eb4cf1c7ebef8bbf6,0.6407185628742516,False,0.0
8,23,"not_(less_than_or_equal(pdiv(x[0],x[7]),add(add(add(mul(add(x[2],pdiv(mul(x[3],add(x[2],x[7])),x[7])),pdiv(x[7],x[5])),x[3]),x[7]),x[7])))",False,,,735ee91ab3a4b218268086d51b0aee9f,0.562874251497006,False,0.0
8,23,"greater_than_or_equal(sub(pdiv(add(x[5],x[5]),mul(sub(x[2],mul(x[7],add(mul(x[5],add(sub(x[5],x[2]),x[2])),x[5]))),sub(x[7],x[7]))),x[7]), add(mul(x[7],add(x[2],x[5])),add(x[2],x[5])))",False,,,638074c259fadef3f68037f904f86979,0.4850299401197605,False,0.0
8,23,"greater_than_or_equal(x[5], mul(x[7],add(x[5],x[7])))",True,"greater_than_or_equal(x[5], mul(x[7],add(x[7],x[5])))",0.22754491017964074,051dec5cdded21754165aaf5f887a47e,0.22754491017964074,False,0.0
8,23,"less_than_or_equal(sub(pdiv(x[5],x[7]),mul(x[7],x[0])),add(mul(add(mul(x[7],add(x[7],x[5])),x[7]),x[5]),mul(x[2],x[5])))",False,,,00ceeecf1eb1fc7de68d5e104dafbf0c,0.7964071856287425,False,0.0
8,23,"greater_than_or_equal(pdiv(x[5],x[7]), add(mul(x[7],sub(x[3],mul(x[5],x[7]))),add(add(sub(mul(sub(x[2],add(x[2],x[3])),add(pdiv(x[3],pdiv(x[7],add(x[2],x[7]))),pdiv(x[3],x[7]))),x[3]),x[5]),x[5])))",False,,,18984aafa67f61c562fca2ed01fdc757,0.3173652694610778,False,0.0
8,23,"greater_than_or_equal(pdiv(x[5],x[5]), add(x[7],mul(pdiv(add(sub(x[2],mul(x[0],x[7])),x[5]),add(x[2],x[5])),x[7])))",True,"greater_than_or_equal(pdiv(x[5],x[5]), add(x[7],mul(x[7],x[7])))",0.22155688622754488,6ebc9093742e2fb247866417bd7ae5cb,0.26347305389221554,True,0.041916167664670656
8,23,"not_(less_than_or_equal(pdiv(x[5],add(x[2],mul(x[2],x[5]))),add(add(x[7],x[5]),sub(sub(add(x[2],x[7]),x[2]),add(x[2],x[3])))))",False,,,60a61ea6dc037db7210c0c2de79edc8d,0.25149700598802394,False,0.0
8,23,"greater_than_or_equal(00.39, mul(sub(add(add(x[0],pdiv(x[5],pdiv(sub(x[2],mul(sub(x[2],mul(x[7],add(x[7],x[2]))),x[3])),x[5]))),x[5]),add(x[2],x[5])),x[5]))",False,,,18f3b962a28fd6a81bb8115510474163,0.6047904191616766,False,0.0
8,23,"greater_than_or_equal(x[5], sub(pdiv(add(x[2],x[7]),mul(x[2],x[7])),x[7]))",True,"not_(less_than_or_equal(pdiv(x[7],x[5]),pdiv(pdiv(pdiv(x[5],x[5]),x[5]),x[2])))",0.6287425149700598,8c2dad1809a03cc967a05f5c635295c1,0.6347305389221557,True,0.005988023952095856
8,23,"greater_than_or_equal(x[5], mul(x[3],x[5]))",True,"less_than_or_equal(x[2],x[2])",0.35928143712574845,bd082d42dcba8056510101f18394b575,0.35928143712574845,False,0.0
8,23,"not_(greater_than_or_equal(x[5], add(mul(x[5],add(x[7],x[2])),add(x[2],x[2]))))",False,,,08e081c29a7a8fbb3fe751c511784c85,0.5748502994011976,False,0.0
8,23,"greater_than_or_equal(pdiv(x[3],x[5]), add(mul(mul(x[7],add(add(x[2],x[5]),x[5])),x[5]),x[2]))",False,,,aff4ec98c12a50f6aa532978883c87b6,0.3293413173652695,False,0.0
8,23,"greater_than_or_equal(sub(pdiv(x[7],mul(x[7],sub(x[3],mul(x[7],sub(sub(add(x[2],x[7]),x[2]),add(x[2],x[3])))))),add(pdiv(x[3],pdiv(x[7],add(x[2],pdiv(sub(40.89,x[5]),mul(x[5],add(x[2],x[5])))))),x[5])), add(x[5],x[2]))",False,,,f69726397884d81263c386f7a24886aa,0.6407185628742516,False,0.0
8,23,"greater_than_or_equal(pdiv(x[2],x[7]), add(x[2],x[5]))",True,"not_(less_than_or_equal(pdiv(x[2],x[7]),add(x[5],x[2])))",0.46706586826347307,ba0578c6a0d25654bf689821b685b78a,0.46706586826347307,False,0.0
8,23,"greater_than_or_equal(x[5], sub(add(x[2],x[7]),sub(pdiv(x[5],x[7]),mul(x[7],add(x[7],x[2])))))",True,"greater_than_or_equal(x[5], mul(x[7],add(x[7],x[2])))",0.2455089820359282,dbe0ded9608d153cce360999e2a5fae7,0.2455089820359282,False,0.0
8,23,"greater_than_or_equal(add(pdiv(x[7],mul(x[7],add(x[0],pdiv(x[3],x[3])))),add(x[3],mul(add(x[2],x[2]),x[3]))), x[5])",True,"greater_than_or_equal(96.14, mul(pdiv(x[0],x[3]),sub(mul(x[3],x[7]),sub(x[7],x[5]))))",0.33532934131736525,4ede27660e6f519d294db0f75337c522,0.3413173652694611,True,0.005988023952095856
8,23,"greater_than_or_equal(sub(pdiv(x[5],x[5]),x[3]), x[5])",True,"not_(less_than_or_equal(pdiv(x[5],x[5]),add(x[5],x[3])))",0.49101796407185627,bb45d530dc44268633eeb136f814ec83,0.49101796407185627,False,0.0
8,23,"not_(less_than_or_equal(pdiv(x[5],pdiv(add(x[2],x[2]),mul(x[7],add(x[7],x[2])))),x[3]))",False,,,0e9e917819f7ab118244c73cd171b309,0.592814371257485,False,0.0
8,23,"greater_than_or_equal(add(pdiv(x[7],x[7]),pdiv(x[5],x[5])), mul(mul(x[5],x[7]),pdiv(x[7],x[3])))",True,"greater_than_or_equal(x[3], mul(mul(x[2],x[7]),sub(x[5],x[3])))",0.3173652694610778,ffa28f397bbf6e8b3fc8b0c1f44248cd,0.3173652694610778,False,0.0
8,23,"less_than_or_equal(add(mul(pdiv(x[5],add(x[5],x[5])),mul(x[7],add(x[5],x[2]))),x[7]),sub(sub(x[5],sub(x[0],x[3])),mul(x[7],add(mul(x[5],sub(sub(sub(sub(x[2],x[2]),x[2]),x[5]),mul(x[7],add(x[7],x[5])))),x[5]))))",False,,,dd0ec5433725c5d7a12909fde554a0d3,0.3532934131736527,False,0.0
8,23,"not_(less_than_or_equal(pdiv(x[5],add(x[2],x[5])),mul(x[5],add(add(x[7],x[0]),x[7]))))",True,"greater_than_or_equal(pdiv(x[5],add(x[2],x[5])), mul(x[7],add(x[5],x[5])))",0.2455089820359282,308816d3187c3a2d2f8f96129c026db1,0.2455089820359282,False,0.0
8,23,"not_(less_than_or_equal(pdiv(x[5],x[5]),add(mul(x[5],x[7]),x[2])))",True,"not_(less_than_or_equal(pdiv(x[5],x[5]),add(mul(x[5],x[7]),x[2])))",0.27544910179640714,27e620cad3b31e18f78f8d0da02ad640,0.27544910179640714,False,0.0
8,23,"less_than_or_equal(x[5],mul(x[7],add(x[5],x[5])))",False,,,77a959e5b70589687d783f7113d9af76,0.7485029940119761,False,0.0
8,23,"not_(less_than_or_equal(pdiv(x[5],x[2]),mul(x[5],add(x[0],add(x[5],add(add(add(sub(x[7],sub(x[3],mul(x[5],x[7]))),add(x[2],x[7])),x[2]),add(x[2],x[3])))))))",False,,,6121256a213ef212e6eb47587c4a4a67,0.22155688622754488,False,0.0
8,23,"greater_than_or_equal(x[2], mul(x[7],add(mul(x[0],mul(add(x[2],add(x[7],x[7])),mul(x[2],add(04.43,x[5])))),x[5])))",False,,,da1f79482bcb14911eb5fbb18694854b,0.437125748502994,False,0.0
8,23,"greater_than_or_equal(sub(pdiv(x[5],x[5]),x[7]), add(x[5],x[5]))",True,"greater_than_or_equal(pdiv(x[5],x[5]), add(add(x[7],x[5]),mul(x[5],add(x[2],x[3]))))",0.5089820359281437,0b8d0a5a14400c2ffd5cd8de1d582a19,0.5389221556886228,True,0.029940119760479056
8,23,"not_(less_than_or_equal(pdiv(x[7],mul(x[7],x[0])),add(mul(add(mul(x[7],add(x[7],x[3])),x[7]),x[5]),mul(x[2],x[5]))))",False,,,a9c534489f147e36ad6bb299150d354c,0.34730538922155685,False,0.0
8,23,"greater_than_or_equal(pdiv(x[3],x[3]), add(add(x[7],x[7]),x[5]))",False,,,04a9af1c8595285f04259f78eeae0c56,0.44311377245508987,False,0.0
8,23,"greater_than_or_equal(14.39, pdiv(x[5],mul(x[2],x[0])))",False,,,13d3cabdd7d35a4dfaeba815ab3a99d6,0.40718562874251496,False,0.0
8,23,"greater_than_or_equal(pdiv(x[5],mul(x[7],mul(x[2],add(x[2],x[5])))), x[3])",False,,,c402f23faa4dc3c20e1bb1a80f76f77d,0.3413173652694611,False,0.0
8,23,"greater_than_or_equal(x[5], mul(add(sub(x[7],sub(x[3],x[5])),mul(x[7],sub(x[2],x[7]))),add(x[5],x[2])))",False,,,13fc4253253f9d3d0904b1c150694822,0.2574850299401198,False,0.0
8,23,"greater_than_or_equal(pdiv(x[5],add(x[2],x[2])), 34.79)",True,not_(x[6]),0.6347305389221557,b4068ba57b63c959651c969331c4b5cd,0.6407185628742516,True,0.005988023952095856
8,23,"greater_than_or_equal(sub(pdiv(x[7],x[7]),x[7]), mul(x[7],add(x[7],add(x[5],x[2]))))",True,"not_(less_than_or_equal(pdiv(x[5],x[7]),add(x[5],mul(x[5],add(x[2],pdiv(x[3],x[3]))))))",0.2694610778443114,3666d2adeb78fa43d08db5780c1835ec,0.2574850299401198,True,-0.0119760479041916
8,23,"greater_than_or_equal(x[5], mul(x[7],add(add(add(sub(sub(pdiv(x[3],add(sub(add(add(sub(x[2],pdiv(pdiv(x[5],x[7]),add(x[3],x[5]))),x[5]),x[5]),x[3]),x[5])),add(x[5],x[2])),x[5]),x[5]),mul(x[5],x[7])),x[2])))",False,,,a0f13a1a1b1d093acd58b4f435ef6452,0.3892215568862275,False,0.0
8,23,"greater_than_or_equal(x[5], mul(x[7],add(mul(sub(add(add(mul(mul(x[7],pdiv(sub(x[5],x[7]),add(x[5],mul(x[7],add(x[7],x[5]))))),add(mul(x[5],add(x[7],x[2])),add(x[2],x[7]))),x[5]),x[5]),x[5]),x[2]),add(pdiv(x[7],x[7]),pdiv(x[5],x[5])))))",True,"not_(less_than_or_equal(pdiv(x[5],mul(x[7],add(x[5],x[5]))),pdiv(pdiv(x[5],x[5]),x[5])))",0.4011976047904192,58aeb7a5a5652a59b3f81f1f504d0cb4,0.4251497005988024,True,0.0239520958083832
8,23,"greater_than_or_equal(00.25, x[2])",False,,,efdee93e00ca480eae4e17ca1904d0c6,0.34730538922155685,False,0.0
8,23,"greater_than_or_equal(pdiv(x[5],add(mul(x[7],add(x[2],x[5])),sub(x[2],x[7]))), add(x[5],x[7]))",False,,,4719ba469c5ba5c04426de0ccc9e2556,0.33532934131736525,False,0.0
8,23,"less_than_or_equal(pdiv(x[2],add(x[5],mul(x[7],add(x[5],x[2])))),x[7])",True,"greater_than_or_equal(pdiv(x[5],pdiv(x[5],mul(x[7],add(x[5],x[2])))), x[2])",0.5269461077844311,0678a4aff8d49cc8a142f223f13fc724,0.5329341317365269,True,0.005988023952095856
8,23,"greater_than_or_equal(00.59, mul(sub(add(add(x[0],x[7]),add(x[0],x[2])),x[7]),add(x[5],x[2])))",False,,,2e5037f3fd2f2f033574e68392bfff58,0.2455089820359282,False,0.0
8,23,"less_than_or_equal(x[5],mul(x[0],x[2]))",True,"greater_than_or_equal(sub(pdiv(x[0],mul(x[7],x[0])),x[2]), add(pdiv(x[5],pdiv(x[2],45.94)),x[7]))",0.6347305389221557,7c9297f6a16b0fdd01811c2278eab4ec,0.6347305389221557,False,0.0
8,23,"not_(less_than_or_equal(pdiv(x[5],x[5]),x[5]))",True,"not_(less_than_or_equal(pdiv(x[5],x[5]),x[5]))",0.31137724550898205,774eb80249c37c32f486ae194a31e639,0.31137724550898205,False,0.0
8,23,"not_(less_than_or_equal(pdiv(add(mul(x[5],add(x[7],x[2])),add(x[2],x[2])),mul(x[3],x[7])),x[7]))",True,"less_than_or_equal(x[2],x[2])",0.35928143712574845,bd082d42dcba8056510101f18394b575,0.35928143712574845,False,0.0
8,23,"greater_than_or_equal(pdiv(x[5],add(x[2],x[7])), pdiv(x[2],x[5]))",False,,,6a01cfb57e05d4350b308c5797775808,0.3413173652694611,False,0.0
8,23,"greater_than_or_equal(pdiv(x[3],sub(mul(x[5],add(x[2],x[5])),x[5])), add(x[5],x[2]))",False,,,aa5e125f92aed6d11306fdf165635c77,0.7005988023952097,False,0.0
8,23,"not_(less_than_or_equal(pdiv(x[5],x[7]),add(x[5],mul(x[5],add(x[2],x[2])))))",True,"greater_than_or_equal(sub(pdiv(x[7],x[7]),x[7]), mul(x[7],add(x[2],x[2])))",0.20359281437125754,95970d13af32bda1e3f8ad029c9f477c,0.20958083832335328,True,0.0059880239520957446
8,23,"not_(less_than_or_equal(pdiv(x[5],x[7]),add(x[5],mul(x[7],add(x[7],x[5])))))",True,"greater_than_or_equal(sub(pdiv(x[5],x[7]),x[5]), mul(x[7],add(x[7],x[5])))",0.2455089820359282,bd60c72475b288ea9487852ed6852c02,0.2455089820359282,False,0.0
8,23,"greater_than_or_equal(03.74, mul(x[2],sub(add(mul(x[5],x[7]),x[2]),add(x[2],x[3]))))",True,"less_than_or_equal(x[2],x[2])",0.35928143712574845,bd082d42dcba8056510101f18394b575,0.35928143712574845,False,0.0
8,23,"not_(greater_than_or_equal(x[3], mul(x[7],x[5])))",True,"greater_than_or_equal(x[5], pdiv(x[3],x[7]))",0.6646706586826348,7163cc140f7c1d8b5064283f255cf146,0.6646706586826348,False,0.0
8,23,"greater_than_or_equal(sub(pdiv(pdiv(sub(add(add(x[5],x[2]),x[5]),mul(59.09,x[3])),x[3]),add(x[5],add(x[2],x[5]))),x[7]), sub(x[5],mul(x[5],x[5])))",True,"not_(not_(less_than_or_equal(91.64,pdiv(x[2],pdiv(x[3],x[0])))))",0.6586826347305389,9f39b412647a2bed42ce034a15293284,0.652694610778443,True,-0.005988023952095856
8,23,"not_(less_than_or_equal(pdiv(x[5],add(x[2],x[5])),mul(x[5],add(pdiv(x[7],x[0]),x[7]))))",False,,,3cc138738a83037fb96bba0ce2b9a0fe,0.4011976047904192,False,0.0
8,23,"greater_than_or_equal(x[5], mul(x[7],add(x[2],x[3])))",True,"not_(greater_than_or_equal(mul(x[7],add(x[3],x[2])), add(x[5],mul(sub(x[5],x[5]),sub(add(08.46,x[3]),add(pdiv(x[5],x[7]),sub(x[7],x[5])))))))",0.31137724550898205,e4f020371c9c4af4bedc99e9207ee51f,0.31137724550898205,False,0.0
8,23,"greater_than_or_equal(x[5], mul(mul(x[2],pdiv(x[7],x[7])),pdiv(mul(add(x[7],x[5]),x[5]),x[2])))",False,,,06c1200bd028add7538772407e132f47,0.3173652694610778,False,0.0
8,23,"greater_than_or_equal(pdiv(x[5],pdiv(x[2],x[7])), sub(sub(x[2],sub(x[2],mul(x[0],x[0]))),add(x[2],x[7])))",True,"less_than_or_equal(x[2],x[2])",0.35928143712574845,bd082d42dcba8056510101f18394b575,0.35928143712574845,False,0.0
8,23,"greater_than_or_equal(x[5], mul(x[5],mul(x[7],add(add(x[2],x[3]),x[5]))))",True,"greater_than_or_equal(pdiv(x[5],mul(x[7],add(x[5],add(x[2],x[3])))), x[5])",0.23952095808383234,58da7749ad971c50469a0adc34fe5fa7,0.23952095808383234,False,0.0
8,23,"not_(less_than_or_equal(mul(mul(x[7],add(add(sub(mul(x[2],pdiv(mul(x[5],x[2]),x[5])),x[7]),x[5]),x[2])),sub(pdiv(x[5],x[3]),x[2])),x[7]))",False,,,66fe51cee10eacc116dbe3ad32489310,0.5868263473053892,False,0.0
8,23,"greater_than_or_equal(sub(pdiv(x[5],x[2]),x[2]), x[7])",True,"greater_than_or_equal(pdiv(x[5],x[5]), add(add(x[2],mul(x[2],mul(sub(x[7],x[7]),pdiv(x[5],x[5])))),mul(mul(x[7],x[2]),sub(pdiv(add(x[7],x[2]),x[5]),x[5]))))",0.2934131736526946,b2764a6f3ef5bc579589eb89668b6cf5,0.29940119760479045,True,0.005988023952095856
8,23,"greater_than_or_equal(sub(pdiv(x[7],x[7]),x[7]), mul(x[7],add(x[7],x[2])))",True,"not_(less_than_or_equal(pdiv(x[5],x[7]),add(x[5],mul(x[5],add(add(x[7],x[0]),x[2])))))",0.23353293413173648,40d19945513b721f8a7891f4912df659,0.20958083832335328,True,-0.0239520958083832
8,23,"greater_than_or_equal(sub(pdiv(x[3],x[2]),x[7]), x[5])",True,"greater_than_or_equal(pdiv(x[3],x[2]), add(x[5],x[7]))",0.3053892215568862,cc8ae3738251d70077fbaaaa1a8a26e8,0.3053892215568862,False,0.0
8,23,"less_than_or_equal(add(mul(x[5],x[7]),x[2]),sub(x[2],x[2]))",True,not_(x[6]),0.6347305389221557,b4068ba57b63c959651c969331c4b5cd,0.6407185628742516,True,0.005988023952095856
8,23,"not_(less_than_or_equal(pdiv(x[5],x[7]),add(mul(add(sub(add(x[2],x[7]),x[2]),add(x[2],x[3])),add(pdiv(x[3],pdiv(x[7],add(96.89,x[2]))),pdiv(x[3],x[5]))),x[5])))",True,"not_(not_(less_than_or_equal(91.64,pdiv(x[2],pdiv(x[3],x[0])))))",0.6586826347305389,9f39b412647a2bed42ce034a15293284,0.652694610778443,True,-0.005988023952095856
8,23,"greater_than_or_equal(pdiv(x[5],x[5]), add(x[7],mul(x[7],sub(x[3],mul(x[5],sub(x[5],x[5]))))))",True,"greater_than_or_equal(sub(pdiv(x[5],x[7]),mul(add(mul(pdiv(add(x[5],sub(x[2],add(x[5],x[2]))),x[5]),mul(x[7],add(x[7],x[2]))),x[3]),x[5])), x[5])",0.2694610778443114,9022f1cd2d01e29089d46d7d7fad78c5,0.2694610778443114,False,0.0
8,23,"greater_than_or_equal(x[5], mul(add(mul(add(x[0],x[2]),x[5]),x[7]),add(mul(x[3],x[5]),pdiv(x[3],x[3]))))",False,,,0dce5d0b794a5cc416eac23b017dfdca,0.39520958083832336,False,0.0
8,23,"greater_than_or_equal(x[5], mul(x[7],add(mul(sub(x[3],x[7]),mul(x[2],x[3])),add(x[2],x[7]))))",True,"less_than_or_equal(add(mul(x[7],pdiv(x[7],x[5])),x[2]),add(sub(x[7],x[7]),pdiv(69.44,sub(x[3],x[3]))))",0.23353293413173648,5f2e5afeb1a022e5ca01b3e765a4f86c,0.25149700598802394,True,0.017964071856287456
8,23,"greater_than_or_equal(x[7], add(x[5],x[5]))",True,"greater_than_or_equal(pdiv(x[7],pdiv(x[5],x[7])), add(x[7],add(x[7],x[0])))",0.6706586826347305,a284cf80a276d3389075f5b499dcc7dc,0.6766467065868264,True,0.005988023952095856
8,23,"greater_than_or_equal(add(sub(x[5],mul(x[5],x[5])),add(x[7],x[2])), x[3])",False,,,fe74a4ddb9dfdf1c53a850eb0eb2d3bd,0.45508982035928147,False,0.0
8,23,"not_(less_than_or_equal(pdiv(x[5],x[5]),x[0]))",True,"less_than_or_equal(x[2],x[2])",0.35928143712574845,bd082d42dcba8056510101f18394b575,0.3652694610778443,True,0.005988023952095856
8,23,"greater_than_or_equal(pdiv(x[5],add(x[2],x[5])), mul(50.79,pdiv(add(x[7],x[2]),add(x[2],x[2]))))",True,not_(x[6]),0.6347305389221557,b4068ba57b63c959651c969331c4b5cd,0.6407185628742516,True,0.005988023952095856
8,23,"greater_than_or_equal(x[5], sub(x[7],add(sub(x[7],add(x[5],x[3])),x[5])))",True,"less_than_or_equal(mul(sub(x[7],x[0]),pdiv(x[7],25.93)),pdiv(x[7],sub(mul(x[3],x[5]),mul(x[3],x[3]))))",0.5089820359281437,8ad7ccd0e2bcf51cfea619f1321f2792,0.5089820359281437,False,0.0
8,23,"greater_than_or_equal(add(mul(x[7],add(x[5],x[2])),add(mul(x[5],add(x[7],x[2])),add(x[2],x[2]))), x[5])",False,,,430fee866120e637b4c5a7632ce92137,0.47904191616766467,False,0.0
8,23,"greater_than_or_equal(mul(x[5],mul(x[5],add(x[7],mul(x[5],sub(x[7],x[2]))))), add(x[5],x[5]))",True,not_(x[6]),0.6347305389221557,b4068ba57b63c959651c969331c4b5cd,0.6347305389221557,False,0.0
8,23,"greater_than_or_equal(x[5], mul(x[5],mul(x[7],add(add(x[2],x[5]),mul(x[7],add(add(sub(58.71,add(x[2],x[5])),x[7]),mul(x[2],add(04.05,sub(x[2],x[7])))))))))",True,"not_(less_than_or_equal(pdiv(x[5],04.61),x[7]))",0.5389221556886228,a7cacbe6ce22cd2e14b847dca3a88aa5,0.5209580838323353,True,-0.017964071856287456
8,23,"less_than_or_equal(pdiv(x[5],add(x[2],mul(x[5],add(x[0],mul(x[3],add(x[2],sub(pdiv(x[5],x[3]),x[2]))))))),x[7])",False,,,8364769fbc94417afcbedc7972f5de17,0.7544910179640718,False,0.0
8,23,"greater_than_or_equal(x[5], mul(x[5],mul(x[7],add(add(53.93,add(add(pdiv(x[0],x[5]),add(x[7],x[2])),x[2])),add(x[7],x[0])))))",True,not_(x[6]),0.6347305389221557,b4068ba57b63c959651c969331c4b5cd,0.6227544910179641,True,-0.0119760479041916
8,23,"greater_than_or_equal(x[3], mul(x[7],add(x[7],x[5])))",True,"greater_than_or_equal(x[3], mul(x[7],add(x[7],x[5])))",0.3053892215568862,9af4a352110c6b25ae9e2ae6a13db1f4,0.3053892215568862,False,0.0
8,23,"greater_than_or_equal(sub(x[5],x[3]), x[7])",True,"less_than_or_equal(add(x[3],x[7]),mul(x[5],x[5]))",0.6347305389221557,9ea6c84aef50ed3a3f9642a5d02a2ba3,0.5329341317365269,True,-0.10179640718562877
8,23,"greater_than_or_equal(sub(add(x[5],x[7]),add(mul(x[2],x[5]),mul(x[2],add(sub(x[7],sub(x[2],mul(x[0],x[7]))),add(x[2],x[7]))))), pdiv(add(x[5],x[5]),mul(x[7],x[5])))",True,not_(x[6]),0.6347305389221557,b4068ba57b63c959651c969331c4b5cd,0.6407185628742516,True,0.005988023952095856
8,23,"greater_than_or_equal(pdiv(x[5],x[5]), add(x[3],x[7]))",True,"not_(less_than_or_equal(pdiv(x[5],x[5]),add(x[3],x[7])))",0.3053892215568862,f67f6bf2e1ea1a89d765b78348c25a54,0.3053892215568862,False,0.0
8,23,"greater_than_or_equal(99.24, add(x[5],x[2]))",True,"less_than_or_equal(x[2],x[2])",0.35928143712574845,bd082d42dcba8056510101f18394b575,0.35928143712574845,False,0.0
8,23,"greater_than_or_equal(x[5], add(x[7],add(mul(pdiv(x[2],x[7]),x[5]),x[5])))",True,not_(x[6]),0.6347305389221557,b4068ba57b63c959651c969331c4b5cd,0.6407185628742516,True,0.005988023952095856
8,23,"greater_than_or_equal(x[5], mul(x[7],add(x[7],x[2])))",True,"greater_than_or_equal(x[5], mul(x[7],add(x[7],x[2])))",0.2455089820359282,dbe0ded9608d153cce360999e2a5fae7,0.2455089820359282,False,0.0
8,23,"greater_than_or_equal(pdiv(x[5],pdiv(pdiv(add(pdiv(pdiv(add(pdiv(x[3],mul(x[5],x[7])),add(x[2],x[5])),x[2]),add(x[2],x[3])),add(pdiv(x[3],pdiv(x[7],add(x[2],x[7]))),pdiv(x[3],x[7]))),x[3]),x[5])), x[5])",True,not_(x[6]),0.6347305389221557,b4068ba57b63c959651c969331c4b5cd,0.6347305389221557,False,0.0
8,23,"greater_than_or_equal(pdiv(sub(x[0],x[0]),x[2]), mul(x[7],add(x[7],94.97)))",True,not_(x[6]),0.6347305389221557,b4068ba57b63c959651c969331c4b5cd,0.6407185628742516,True,0.005988023952095856
8,23,"greater_than_or_equal(00.39, mul(sub(add(add(x[0],x[7]),add(x[5],mul(x[7],add(x[2],x[5])))),x[2]),pdiv(pdiv(x[5],x[5]),add(x[2],x[3]))))",True,"less_than_or_equal(add(x[5],x[7]),x[2])",0.6287425149700598,8ab50aa59a2767278dca8b76d2a3575f,0.5868263473053892,True,-0.041916167664670656
8,23,"greater_than_or_equal(pdiv(x[3],x[3]), add(add(x[7],mul(x[7],add(x[5],mul(x[5],add(add(x[7],x[0]),x[5]))))),x[2]))",True,"greater_than_or_equal(pdiv(x[3],x[3]), add(add(x[7],mul(x[7],add(x[5],mul(x[5],add(add(x[7],x[0]),x[5]))))),x[2]))",0.3053892215568862,09803b73b716047d12c75be1e38544c7,0.3053892215568862,False,0.0
8,23,"greater_than_or_equal(04.79, add(add(x[5],mul(x[5],add(x[2],x[2]))),x[3]))",True,"less_than_or_equal(x[2],x[2])",0.35928143712574845,bd082d42dcba8056510101f18394b575,0.35928143712574845,False,0.0
8,23,"greater_than_or_equal(x[5], mul(add(sub(x[7],sub(x[3],pdiv(x[5],x[7]))),sub(x[2],x[7])),mul(x[2],add(x[2],x[5]))))",True,"not_(less_than_or_equal(pdiv(x[7],x[2]),add(x[5],x[2])))",0.40718562874251496,8ffa917118b10ef070e6bcd2c1e2fba4,0.4131736526946108,True,0.005988023952095856
8,23,"greater_than_or_equal(x[5], mul(x[7],x[3]))",True,"not_(less_than_or_equal(pdiv(x[5],x[3]),x[7]))",0.3413173652694611,e691e9faf9d6cf6a1c64f756c672a16e,0.3413173652694611,False,0.0
8,23,"greater_than_or_equal(x[5], x[2])",True,"not_(not_(less_than_or_equal(x[2],x[5])))",0.34730538922155685,4af53f79d9ad2ffac455113b88a02dd4,0.34730538922155685,False,0.0
8,23,"less_than_or_equal(pdiv(x[5],x[5]),add(x[7],mul(x[7],sub(x[3],mul(x[5],sub(sub(add(x[2],x[7]),x[2]),sub(mul(x[5],x[5]),x[2])))))))",False,,,347d17fc7eb75a25b1228f9fe41d6668,0.6826347305389222,False,0.0
8,23,"greater_than_or_equal(pdiv(x[7],add(x[2],x[5])), mul(x[7],add(x[5],x[2])))",True,"not_(less_than_or_equal(pdiv(x[5],x[5]),add(x[5],x[2])))",0.2455089820359282,5825d6d8d32996f2f81bb41cc0bfa92f,0.2455089820359282,False,0.0
8,23,"greater_than_or_equal(95.24, x[5])",True,"less_than_or_equal(x[2],x[2])",0.35928143712574845,bd082d42dcba8056510101f18394b575,0.35928143712574845,False,0.0
8,23,"greater_than_or_equal(x[2], pdiv(x[2],x[5]))",True,"less_than_or_equal(x[2],mul(x[5],x[2]))",0.6646706586826348,11c9267ebe602ee86e2d95f4fbaeeb50,0.6646706586826348,False,0.0
8,23,"less_than_or_equal(x[5],x[2])",True,"less_than_or_equal(x[5],x[2])",0.652694610778443,6fb17002302e404122653cf2c68db553,0.652694610778443,False,0.0
8,23,"greater_than_or_equal(x[5], mul(56.84,add(x[7],x[7])))",True,not_(x[6]),0.6347305389221557,b4068ba57b63c959651c969331c4b5cd,0.6407185628742516,True,0.005988023952095856
8,23,"greater_than_or_equal(x[5], mul(x[7],x[5]))",True,"less_than_or_equal(x[2],x[2])",0.35928143712574845,bd082d42dcba8056510101f18394b575,0.35928143712574845,False,0.0
8,23,"greater_than_or_equal(pdiv(x[5],sub(x[3],x[5])), x[5])",True,"less_than_or_equal(x[5],x[3])",0.5089820359281437,1d4d287fbe015bbb313f097e26f5bc37,0.5089820359281437,False,0.0
8,23,"not_(less_than_or_equal(pdiv(x[5],x[5]),add(mul(x[5],add(x[7],x[2])),add(x[2],mul(x[7],add(x[2],x[5]))))))",False,,,1f938a0fd128a4e1a34ff7357f6bd01d,0.23952095808383234,False,0.0
8,23,"greater_than_or_equal(sub(pdiv(x[7],x[5]),x[2]), add(pdiv(mul(x[5],x[2]),x[5]),pdiv(x[7],x[5])))",True,"greater_than_or_equal(pdiv(mul(x[5],x[2]),pdiv(x[2],x[5])), add(sub(x[7],x[7]),add(x[5],x[0])))",0.6107784431137724,ec48eb4aba9f475884bcf9e8f28adadc,0.6167664670658682,True,0.005988023952095856
8,23,"greater_than_or_equal(pdiv(x[5],mul(x[7],x[2])), add(sub(sub(x[5],sub(x[0],x[3])),mul(x[7],add(mul(x[0],add(sub(add(sub(x[2],x[2]),x[2]),x[5]),add(x[7],x[7]))),mul(x[7],add(x[7],x[2]))))),x[7]))",False,,,d70cb2e17cc94a7b982c798ce259813a,0.3652694610778443,False,0.0
8,23,"greater_than_or_equal(x[5], mul(x[5],mul(x[7],add(89.62,mul(add(x[7],add(sub(x[2],x[5]),add(x[5],x[7]))),x[2])))))",True,not_(x[6]),0.6347305389221557,b4068ba57b63c959651c969331c4b5cd,0.6287425149700598,True,-0.005988023952095856
8,23,"greater_than_or_equal(x[5], add(x[2],x[5]))",True,"greater_than_or_equal(pdiv(mul(x[5],x[2]),pdiv(x[2],x[5])), add(sub(x[7],x[7]),add(x[5],x[0])))",0.6107784431137724,ec48eb4aba9f475884bcf9e8f28adadc,0.6167664670658682,True,0.005988023952095856
8,23,"not_(less_than_or_equal(pdiv(x[5],add(x[2],x[5])),mul(x[5],sub(add(x[7],x[0]),mul(x[5],add(mul(x[5],mul(x[7],add(add(x[2],x[5]),mul(x[7],add(add(sub(mul(x[2],pdiv(mul(x[5],x[2]),x[5])),x[7]),x[5]),x[2]))))),sub(pdiv(x[5],x[3]),x[2])))))))",True,"less_than_or_equal(x[2],x[2])",0.35928143712574845,bd082d42dcba8056510101f18394b575,0.3652694610778443,True,0.005988023952095856
8,23,"not_(less_than_or_equal(pdiv(x[5],add(sub(x[5],add(x[7],x[2])),add(x[2],x[2]))),x[7]))",False,,,9afb5c31eec5f9d2eac6899d4a0de19c,0.3652694610778443,False,0.0
8,23,"less_than_or_equal(pdiv(x[5],x[7]),add(x[2],x[5]))",True,"less_than_or_equal(sub(pdiv(x[5],x[7]),x[2]),x[5])",0.7664670658682635,ddb8f2b80cae6cdf806f9c917c640108,0.7664670658682635,False,0.0
8,23,"greater_than_or_equal(x[5], x[5])",True,"less_than_or_equal(x[2],x[2])",0.35928143712574845,bd082d42dcba8056510101f18394b575,0.35928143712574845,False,0.0
8,23,"not_(less_than_or_equal(pdiv(x[5],x[3]),x[2]))",True,"greater_than_or_equal(add(mul(x[0],x[3]),pdiv(x[5],x[3])), x[2])",0.3293413173652695,f0c5da2fb3fda6018ebf0885b8c1ea67,0.3293413173652695,False,0.0
8,23,"not_(less_than_or_equal(pdiv(x[5],x[5]),add(mul(x[5],sub(x[0],x[2])),add(x[2],x[7]))))",False,,,6322997462c3ea4ff1b7d027264c1841,0.281437125748503,False,0.0
8,23,"greater_than_or_equal(pdiv(x[5],x[5]), add(mul(add(mul(x[7],sub(pdiv(x[5],mul(x[7],add(x[5],x[5]))),mul(x[5],add(x[0],add(x[5],x[2]))))),add(sub(x[7],sub(x[3],mul(x[5],x[7]))),add(x[2],x[7]))),x[2]),add(x[2],x[3])))",False,,,a9d5c8c8495966abb15040b61cd982fe,0.2934131736526946,False,0.0
8,23,"less_than_or_equal(pdiv(mul(x[5],mul(sub(add(91.45,add(x[2],x[3])),add(pdiv(x[3],pdiv(x[7],add(x[2],x[7]))),pdiv(x[3],x[7]))),x[3])),x[5]),x[5])",True,"not_(not_(less_than_or_equal(91.64,pdiv(x[2],pdiv(x[3],x[0])))))",0.6586826347305389,9f39b412647a2bed42ce034a15293284,0.652694610778443,True,-0.005988023952095856
8,23,"greater_than_or_equal(x[7], add(x[5],mul(x[7],add(x[7],x[0]))))",True,"not_(less_than_or_equal(pdiv(x[5],x[5]),add(x[7],pdiv(x[5],x[7]))))",0.6826347305389222,12baabdb3f6f9afdec81fe5e1729c48d,0.6766467065868264,True,-0.005988023952095856
8,23,"not_(less_than_or_equal(pdiv(x[5],x[5]),mul(x[7],add(add(x[2],x[5]),mul(x[7],mul(add(x[5],add(x[3],x[7])),mul(x[7],add(x[2],sub(pdiv(x[7],mul(x[5],x[0])),sub(sub(x[2],sub(pdiv(x[2],x[5]),mul(x[7],add(x[7],x[5])))),x[5]))))))))))",False,,,15afad16da5f9bc33c3bcab653e38b31,0.18562874251497008,False,0.0
8,23,"greater_than_or_equal(x[5], mul(x[7],add(x[3],x[5])))",True,"greater_than_or_equal(x[5], mul(x[7],add(x[5],x[3])))",0.3053892215568862,0947741ceb5018f757b589e69907d867,0.3053892215568862,False,0.0
8,23,"greater_than_or_equal(x[2], x[7])",True,"less_than_or_equal(add(x[5],x[7]),add(x[5],x[2]))",0.5269461077844311,544b4f45aa71542bcadfaa9d165fdbeb,0.5269461077844311,False,0.0
8,23,"greater_than_or_equal(x[5], mul(x[3],add(x[2],x[3])))",False,,,a5e83c9516717ec5ec7e2ecfb2889d4e,0.4011976047904192,False,0.0
8,23,"greater_than_or_equal(mul(mul(x[0],add(x[3],mul(x[5],add(x[2],add(x[2],x[0]))))),x[5]), add(add(sub(x[7],sub(x[7],x[5])),mul(x[2],x[7])),mul(sub(x[7],mul(x[7],x[5])),x[3])))",True,"less_than_or_equal(mul(pdiv(x[7],x[7]),add(x[5],x[2])),add(sub(x[7],x[7]),pdiv(mul(x[0],x[2]),sub(x[5],x[0]))))",0.6167664670658682,8e39f2e836f9199cdeed5046556535df,0.6287425149700598,True,0.0119760479041916
8,23,"greater_than_or_equal(sub(pdiv(x[5],x[7]),sub(pdiv(x[2],pdiv(pdiv(pdiv(mul(x[2],x[2]),sub(add(add(x[5],x[7]),x[2]),add(x[2],x[3]))),add(pdiv(x[3],pdiv(x[7],add(x[7],x[7]))),pdiv(x[3],x[2]))),pdiv(x[0],x[2]))),x[0])), add(add(x[2],x[3]),add(x[2],x[5])))",False,,,2e077a19d3e99288ea4de1d9fda4d5e9,0.4251497005988024,False,0.0
8,23,"greater_than_or_equal(x[5], mul(x[7],add(sub(x[5],sub(x[7],x[2])),add(x[2],x[7]))))",True,"greater_than_or_equal(x[5], mul(x[7],add(add(sub(x[2],x[7]),add(x[5],x[7])),x[2])))",0.22155688622754488,884244d505af5ac033875410cbd98fe5,0.22155688622754488,False,0.0
8,23,"not_(less_than_or_equal(pdiv(x[5],x[2]),add(x[5],x[7])))",True,"greater_than_or_equal(sub(pdiv(x[5],x[2]),x[5]), x[7])",0.28742514970059885,47b4fe2dd58d80bf9d00986d668e65e9,0.28742514970059885,False,0.0
8,23,"greater_than_or_equal(x[5], mul(x[7],x[3]))",True,"not_(less_than_or_equal(pdiv(x[5],x[3]),x[7]))",0.3413173652694611,e691e9faf9d6cf6a1c64f756c672a16e,0.3413173652694611,False,0.0
8,23,"greater_than_or_equal(x[5], mul(x[7],add(x[5],add(mul(x[7],add(add(sub(x[2],mul(mul(mul(x[5],add(x[0],x[5])),84.99),pdiv(x[2],x[5]))),x[7]),sub(x[5],mul(x[5],x[5])))),mul(x[7],add(add(x[3],x[5]),add(x[3],add(sub(x[3],x[7]),x[5]))))))))",False,,,f52a03e3b9cdd4bb50e27301862f0ab5,0.3772455089820359,False,0.0
8,23,"greater_than_or_equal(x[0], mul(x[7],add(add(x[7],add(x[5],x[7])),x[2])))",True,"not_(less_than_or_equal(pdiv(x[0],x[7]),add(add(add(mul(add(x[2],pdiv(mul(x[3],add(x[2],x[7])),x[7])),pdiv(x[7],x[5])),x[3]),x[7]),x[7])))",0.562874251497006,735ee91ab3a4b218268086d51b0aee9f,0.5389221556886228,True,-0.0239520958083832
8,23,"greater_than_or_equal(x[3], mul(x[7],add(add(add(x[7],x[0]),x[2]),x[0])))",False,,,795f72d4559e870615dccf5e97fc8694,0.2934131736526946,False,0.0
8,23,"greater_than_or_equal(x[5], add(add(x[5],mul(x[7],add(x[5],x[7]))),add(x[5],x[2])))",True,not_(x[6]),0.6347305389221557,b4068ba57b63c959651c969331c4b5cd,0.6407185628742516,True,0.005988023952095856
8,23,"not_(less_than_or_equal(99.40,sub(sub(x[5],sub(x[0],x[3])),mul(x[7],add(mul(x[5],sub(sub(sub(sub(x[2],x[2]),x[2]),x[5]),mul(x[7],add(x[7],x[5])))),x[5])))))",True,"less_than_or_equal(x[2],x[2])",0.35928143712574845,bd082d42dcba8056510101f18394b575,0.35928143712574845,False,0.0
8,23,"not_(less_than_or_equal(pdiv(x[0],x[7]),x[7]))",True,"less_than_or_equal(x[7],pdiv(x[0],x[7]))",0.5029940119760479,37afef815a97697dfbf210f3b9ca92af,0.5029940119760479,False,0.0
8,23,"less_than_or_equal(pdiv(pdiv(x[5],x[5]),add(mul(x[5],sub(x[2],add(x[2],x[5]))),mul(x[7],mul(mul(x[5],add(x[3],x[7])),mul(x[7],add(x[5],add(x[0],add(x[3],mul(x[7],add(x[7],x[2])))))))))),add(x[5],x[5]))",False,,,fef45ee65a8fd37b200e9c83712f3355,0.28742514970059885,False,0.0
8,23,"not_(less_than_or_equal(pdiv(x[5],add(mul(x[5],add(x[7],x[2])),add(x[2],92.04))),add(x[2],x[7])))",True,not_(x[6]),0.6347305389221557,b4068ba57b63c959651c969331c4b5cd,0.6407185628742516,True,0.005988023952095856
8,23,"greater_than_or_equal(pdiv(x[5],add(x[3],x[5])), pdiv(x[5],x[5]))",True,not_(x[6]),0.6347305389221557,b4068ba57b63c959651c969331c4b5cd,0.6347305389221557,False,0.0
8,23,"not_(less_than_or_equal(pdiv(x[5],x[7]),mul(mul(x[2],x[5]),mul(x[7],mul(mul(x[2],add(x[7],x[5])),add(sub(sub(add(10.20,x[7]),x[0]),add(sub(x[2],pdiv(mul(mul(x[5],mul(x[2],x[5])),x[5]),sub(x[5],mul(x[5],x[5])))),add(x[7],x[2]))),x[3]))))))",False,,,ede1fe8832cccab4487a1c825bbfa93a,0.2455089820359282,False,0.0
8,23,"greater_than_or_equal(sub(add(x[5],add(x[3],x[7])),x[0]), add(mul(add(mul(x[7],add(x[7],94.79)),x[0]),x[3]),x[7]))",True,"not_(less_than_or_equal(pdiv(x[5],sub(x[7],pdiv(x[7],x[5]))),x[3]))",0.6706586826347305,bbc3b5b5dbbfe66db4802d8c8a0de5c2,0.6467065868263473,True,-0.0239520958083832
8,23,"greater_than_or_equal(00.39, mul(sub(add(add(add(x[5],x[3]),x[5]),x[2]),x[5]),x[5]))",False,,,fca71278bcb6c40c5ba12809437b187e,0.5389221556886228,False,0.0
8,23,"greater_than_or_equal(pdiv(x[5],add(x[2],x[5])), mul(x[7],x[0]))",True,"not_(less_than_or_equal(pdiv(x[5],x[0]),x[0]))",0.35928143712574845,5372ceb8b23ce5e1dd3bf5c2fc3a57aa,0.34730538922155685,True,-0.0119760479041916
8,23,"greater_than_or_equal(sub(pdiv(x[5],x[7]),mul(x[2],x[5])), add(mul(x[7],add(pdiv(pdiv(x[5],x[2]),sub(add(x[7],x[2]),x[3])),x[5])),x[5]))",False,,,31ea3d4add6ea6cff248caeec0b055b1,0.3413173652694611,False,0.0
8,23,"greater_than_or_equal(pdiv(x[5],x[7]), add(x[0],add(x[5],x[5])))",True,"greater_than_or_equal(pdiv(x[5],add(x[7],x[7])), add(x[5],x[0]))",0.281437125748503,900d918d6c420d54e1d70726cdefdd19,0.2694610778443114,True,-0.0119760479041916
8,23,"greater_than_or_equal(x[5], x[5])",True,"less_than_or_equal(x[2],x[2])",0.35928143712574845,bd082d42dcba8056510101f18394b575,0.35928143712574845,False,0.0
8,23,"not_(less_than_or_equal(x[2],add(sub(x[7],x[7]),add(sub(x[2],x[7]),add(x[5],x[7])))))",True,not_(x[6]),0.6347305389221557,b4068ba57b63c959651c969331c4b5cd,0.6407185628742516,True,0.005988023952095856
8,23,"greater_than_or_equal(pdiv(x[5],sub(x[2],mul(x[5],add(x[0],mul(x[5],pdiv(x[5],add(mul(x[5],x[7]),add(x[7],x[7])))))))), x[7])",False,,,2c59dd70486c8bec712736e61e85d0b4,0.5389221556886228,False,0.0
8,23,"greater_than_or_equal(x[5], mul(pdiv(x[5],x[5]),add(mul(x[5],sub(x[7],x[2])),add(x[2],x[7]))))",True,"greater_than_or_equal(x[5], mul(x[7],add(x[5],pdiv(x[5],x[5]))))",0.33532934131736525,fa01caa917a58bbda28cb775016b8bd1,0.39520958083832336,True,0.05988023952095811
8,23,"not_(less_than_or_equal(x[7],add(x[5],x[3])))",True,"less_than_or_equal(mul(mul(x[7],x[7]),add(x[5],x[2])),mul(sub(x[0],73.99),sub(add(x[3],x[5]),x[7])))",0.652694610778443,721b1938d3052e0a206dd8bb4c7199f3,0.652694610778443,False,0.0
8,23,"greater_than_or_equal(sub(add(97.57,x[2]),x[7]), add(mul(x[7],add(x[2],x[5])),pdiv(add(pdiv(x[5],x[5]),add(x[7],x[2])),59.93)))",True,"less_than_or_equal(x[2],x[2])",0.35928143712574845,bd082d42dcba8056510101f18394b575,0.35928143712574845,False,0.0
8,23,"greater_than_or_equal(mul(mul(x[2],add(sub(mul(add(sub(x[2],mul(x[0],x[0])),add(x[2],x[7])),x[5]),x[3]),x[7])),add(x[5],add(x[2],x[5]))), x[7])",False,,,042811ce806dc04995f4f127c111c6ff,0.7365269461077844,False,0.0
8,23,"greater_than_or_equal(pdiv(x[5],x[5]), add(x[5],add(x[7],x[2])))",True,"not_(less_than_or_equal(pdiv(x[5],x[5]),add(x[7],add(x[5],x[2]))))",0.43113772455089816,8cf561ba4c6eb87a09aeba55043ea0f9,0.43113772455089816,False,0.0
8,23,"greater_than_or_equal(x[7], mul(x[5],sub(sub(pdiv(add(sub(x[3],pdiv(x[5],x[5])),add(x[7],x[3])),add(pdiv(x[5],add(pdiv(add(x[2],x[5]),x[5]),mul(x[2],x[2]))),x[7])),x[7]),add(sub(x[7],sub(mul(x[7],x[0]),sub(pdiv(x[5],x[7]),x[3]))),x[7]))))",True,"less_than_or_equal(mul(sub(x[7],x[3]),mul(add(pdiv(x[2],pdiv(97.90,x[5])),mul(add(pdiv(x[5],sub(pdiv(add(x[2],x[5]),mul(x[5],add(pdiv(x[2],30.95),mul(mul(pdiv(pdiv(x[5],mul(x[7],pdiv(x[5],x[5]))),x[2]),add(sub(x[7],x[7]),pdiv(x[3],x[7]))),24.05)))),pdiv(x[5],x[2]))),add(sub(x[7],x[7]),pdiv(x[5],pdiv(pdiv(x[5],x[5]),add(x[5],x[0]))))),add(x[5],x[2]))),add(sub(x[7],x[7]),add(x[3],sub(pdiv(x[3],x[7]),x[7]))))),add(x[5],x[2]))",0.3652694610778443,ec34318d3453b5fd03925810a200606e,0.3772455089820359,True,0.0119760479041916
8,23,"greater_than_or_equal(mul(x[5],mul(x[7],add(x[5],x[2]))), add(x[5],sub(mul(x[7],add(add(x[7],sub(x[7],sub(x[3],x[7]))),add(mul(add(93.76,x[5]),x[5]),add(x[2],x[5])))),x[5])))",True,not_(x[6]),0.6347305389221557,b4068ba57b63c959651c969331c4b5cd,0.6407185628742516,True,0.005988023952095856
8,23,"greater_than_or_equal(x[0], x[7])",True,"less_than_or_equal(x[7],x[0])",0.5449101796407185,be077d9307e8548c7420a3c3b9c6aaf2,0.5449101796407185,False,0.0
8,23,"not_(less_than_or_equal(pdiv(x[5],x[5]),x[7]))",True,"not_(less_than_or_equal(pdiv(x[5],x[5]),add(pdiv(x[2],96.92),x[7])))",0.39520958083832336,db0e6c3409e9b2885c8014a7de8788af,0.39520958083832336,False,0.0
8,23,"not_(greater_than_or_equal(x[5], sub(add(add(x[5],x[2]),x[5]),mul(x[7],add(x[7],x[5])))))",True,"not_(greater_than_or_equal(x[5], sub(add(add(x[5],x[2]),x[5]),mul(x[7],add(x[7],x[5])))))",0.32335329341317365,ad93d561041aee35f41d39f3072dfbeb,0.32335329341317365,False,0.0
8,23,"greater_than_or_equal(pdiv(x[5],mul(x[7],add(x[5],add(x[2],pdiv(sub(x[7],sub(x[5],mul(x[5],x[5]))),add(x[7],x[2])))))), x[3])",False,,,b44466632247cd08aba06cb9c5cf8df7,0.33532934131736525,False,0.0
8,23,"greater_than_or_equal(x[5], mul(mul(mul(x[2],add(mul(x[3],add(x[5],x[7])),add(x[5],mul(x[7],add(x[7],x[7]))))),x[5]),x[5]))",False,,,d9f851e5f025d33bfc9b9dbb8a51d7c2,0.29940119760479045,False,0.0
8,23,"not_(less_than_or_equal(pdiv(x[5],x[2]),add(x[5],x[2])))",True,"greater_than_or_equal(pdiv(x[5],pdiv(add(x[2],x[5]),x[5])), mul(x[5],x[2]))",0.28742514970059885,0803226314985e684579b7ad7da3df72,0.2934131736526946,True,0.0059880239520957446
8,23,"greater_than_or_equal(x[2], add(pdiv(add(mul(x[5],mul(x[2],x[2])),x[7]),x[7]),add(sub(x[7],sub(mul(x[7],x[0]),sub(pdiv(x[5],x[7]),x[3]))),x[7])))",True,not_(x[6]),0.6347305389221557,b4068ba57b63c959651c969331c4b5cd,0.6407185628742516,True,0.005988023952095856
8,23,"greater_than_or_equal(x[0], mul(x[7],mul(add(x[3],add(pdiv(x[5],add(mul(add(x[7],mul(add(mul(x[5],add(x[2],x[5])),x[7]),sub(x[5],mul(x[5],x[5])))),add(x[7],x[2])),x[3])),x[5])),add(x[3],add(sub(x[3],sub(sub(x[5],add(sub(x[7],x[3]),x[7])),sub(x[3],x[7]))),add(mul(x[3],x[5]),pdiv(x[3],x[3])))))))",True,"greater_than_or_equal(add(mul(x[3],x[3]),sub(x[5],sub(x[2],mul(x[0],x[2])))), add(pdiv(sub(x[5],x[7]),x[3]),46.96))",0.6347305389221557,1497c3bff9b55e63061c88de49f56f45,0.6047904191616766,True,-0.029940119760479056
8,23,"greater_than_or_equal(x[5], mul(x[7],x[2]))",True,"less_than_or_equal(sub(mul(x[2],x[7]),mul(x[0],x[7])),x[5])",0.34730538922155685,67e5c7a497be3e968ea5c2bd6433af6d,0.33532934131736525,True,-0.0119760479041916
8,23,"greater_than_or_equal(pdiv(x[5],x[5]), add(x[7],mul(x[7],sub(x[3],mul(x[5],sub(sub(add(x[5],x[7]),add(x[5],x[7])),x[7]))))))",True,"greater_than_or_equal(x[5], mul(x[7],add(mul(x[5],add(mul(x[7],mul(x[5],x[5])),x[3])),x[5])))",0.23952095808383234,8c7499abcc85b0cd77ee6adb32b1131d,0.23353293413173648,True,-0.005988023952095856
8,23,"greater_than_or_equal(x[5], mul(x[5],mul(x[7],add(mul(add(x[7],x[5]),add(sub(x[2],x[5]),add(add(x[7],x[0]),x[2]))),x[7]))))",False,,,96556457368f7b9672e0dbc3e1e7312c,0.21556886227544914,False,0.0
8,23,"greater_than_or_equal(x[5], mul(x[7],sub(add(x[7],x[7]),mul(x[7],add(x[2],x[2])))))",False,,,d7052cedcefc732305bc3305b2dcdcde,0.33532934131736525,False,0.0
8,23,"greater_than_or_equal(pdiv(x[5],add(pdiv(add(x[5],mul(x[2],add(x[5],x[3]))),x[7]),add(add(x[2],x[5]),x[5]))), x[5])",False,,,b5642ec96967a7aba0e7f95748fb1455,0.652694610778443,False,0.0
8,23,"greater_than_or_equal(x[5], mul(x[7],add(x[2],x[5])))",True,"greater_than_or_equal(x[5], mul(x[7],add(x[5],x[2])))",0.23353293413173648,49521aab13419e9d4582e656c37790ef,0.23353293413173648,False,0.0
8,23,"greater_than_or_equal(x[5], sub(mul(x[7],sub(x[5],x[5])),add(x[2],x[5])))",True,"less_than_or_equal(x[2],x[2])",0.35928143712574845,bd082d42dcba8056510101f18394b575,0.35928143712574845,False,0.0
8,23,"greater_than_or_equal(x[5], sub(mul(x[7],add(add(x[7],sub(x[7],mul(x[3],x[7]))),add(mul(add(x[7],x[2]),59.26),x[7]))),mul(x[3],x[7])))",True,"less_than_or_equal(mul(mul(x[7],x[7]),74.75),add(x[7],x[7]))",0.6227544910179641,83475aff34f9e2eb2174b5d809ea1882,0.6167664670658682,True,-0.005988023952095856
8,23,"not_(less_than_or_equal(pdiv(x[5],x[5]),mul(mul(x[5],sub(x[7],x[2])),add(x[2],x[7]))))",True,"less_than_or_equal(x[2],x[2])",0.35928143712574845,bd082d42dcba8056510101f18394b575,0.35928143712574845,False,0.0
8,23,"greater_than_or_equal(x[5], mul(x[5],add(x[3],mul(mul(x[3],x[7]),x[7]))))",False,,,39b1358ae98ddb888744ce979f1380f0,0.34730538922155685,False,0.0
8,23,"less_than_or_equal(x[5],mul(x[7],add(add(add(x[7],x[0]),x[2]),x[0])))",False,,,50e49c0a733802c5c063741928fb33d0,0.7365269461077844,False,0.0
8,23,"greater_than_or_equal(pdiv(x[5],x[5]), add(x[5],x[2]))",True,"not_(less_than_or_equal(pdiv(x[5],x[5]),add(x[5],x[2])))",0.2455089820359282,5825d6d8d32996f2f81bb41cc0bfa92f,0.2455089820359282,False,0.0
8,23,"greater_than_or_equal(pdiv(x[5],x[5]), mul(x[2],sub(pdiv(add(x[7],x[2]),x[2]),x[0])))",False,,,4b6033873a9ffe4e1071ac81a2a624a8,0.22754491017964074,False,0.0
8,23,"greater_than_or_equal(x[5], mul(99.71,x[7]))",True,not_(x[6]),0.6347305389221557,b4068ba57b63c959651c969331c4b5cd,0.6407185628742516,True,0.005988023952095856
8,23,"greater_than_or_equal(pdiv(x[5],add(x[2],x[5])), mul(x[2],add(x[5],x[5])))",True,"not_(greater_than_or_equal(mul(add(x[5],x[5]),x[2]), add(sub(x[7],x[7]),pdiv(x[5],mul(pdiv(x[5],x[5]),add(x[5],x[2]))))))",0.27544910179640714,45206f43c2a9e0df97b2cdb3a3e719bb,0.2694610778443114,True,-0.0059880239520957446
8,23,"less_than_or_equal(add(pdiv(x[5],x[3]),x[7]),add(add(sub(x[2],x[7]),add(x[5],x[7])),x[2]))",False,,,8afaaffdcf548fab31e1bcba56cc7390,0.6047904191616766,False,0.0
8,23,"greater_than_or_equal(pdiv(x[5],x[2]), mul(x[7],pdiv(pdiv(x[3],x[3]),add(add(x[7],x[0]),x[2]))))",True,"less_than_or_equal(sub(mul(x[2],x[7]),mul(x[0],x[7])),pdiv(mul(x[7],x[5]),add(x[3],x[0])))",0.33532934131736525,3196da2bdbd782d607c6576ee8113934,0.33532934131736525,False,0.0
8,23,"greater_than_or_equal(x[5], mul(add(sub(x[7],sub(x[3],x[5])),mul(x[7],add(x[5],x[7]))),x[2]))",False,,,1c0e27e03d4594ce1701952590d154b6,0.21556886227544914,False,0.0
8,23,"greater_than_or_equal(pdiv(x[5],x[2]), mul(x[7],add(add(pdiv(x[5],x[3]),x[7]),add(add(sub(x[2],x[7]),sub(x[2],x[7])),mul(x[2],add(x[2],x[5]))))))",False,,,44980fecddc07b7d2c2e47612c7beffe,0.2455089820359282,False,0.0
8,23,"greater_than_or_equal(pdiv(x[5],x[2]), add(sub(x[7],x[7]),pdiv(x[5],x[5])))",True,"not_(not_(less_than_or_equal(x[2],x[5])))",0.34730538922155685,4af53f79d9ad2ffac455113b88a02dd4,0.34730538922155685,False,0.0
8,23,"greater_than_or_equal(x[5], mul(pdiv(mul(mul(mul(pdiv(x[2],x[7]),x[5]),x[5]),x[7]),add(x[2],x[5])),x[2]))",True,"less_than_or_equal(x[2],x[2])",0.35928143712574845,bd082d42dcba8056510101f18394b575,0.35928143712574845,False,0.0
8,23,"greater_than_or_equal(sub(pdiv(x[7],x[2]),x[7]), sub(sub(x[3],mul(x[5],x[7])),add(x[2],x[7])))",True,"not_(less_than_or_equal(x[7],mul(x[3],mul(x[0],x[3]))))",0.3652694610778443,1bc89ececd5d7133a0c822138e1bf2e3,0.37125748502994016,True,0.005988023952095856
8,23,"greater_than_or_equal(sub(pdiv(add(x[5],x[5]),mul(x[7],x[5])),x[7]), add(mul(x[7],add(add(add(mul(add(x[2],pdiv(mul(x[3],add(x[2],x[0])),x[7])),pdiv(x[7],x[5])),x[3]),pdiv(mul(x[7],add(x[2],x[7])),x[2])),add(x[2],x[3]))),add(pdiv(x[3],pdiv(x[7],add(x[2],x[7]))),pdiv(x[3],x[7]))))",False,,,a25faf1b2f131b8f3bafe8728a707d23,0.2574850299401198,False,0.0
8,23,"not_(less_than_or_equal(add(x[5],x[5]),add(mul(x[5],add(x[7],x[2])),add(x[2],x[2]))))",False,,,b3aebdd9cf6a6c4e6ee31807584b141b,0.3053892215568862,False,0.0
8,23,"less_than_or_equal(00.39,mul(sub(add(x[7],sub(x[5],mul(x[5],x[5]))),add(x[7],x[2])),x[3]))",True,not_(x[6]),0.6347305389221557,b4068ba57b63c959651c969331c4b5cd,0.6407185628742516,True,0.005988023952095856
8,23,"greater_than_or_equal(pdiv(x[5],add(x[2],mul(add(x[5],x[2]),x[7]))), sub(sub(x[5],sub(x[0],x[3])),mul(x[7],add(mul(x[5],sub(sub(sub(sub(x[2],x[2]),x[2]),sub(x[7],x[7])),add(x[7],x[5]))),x[5]))))",False,,,52cc701d9d6903323460bef0b90d6919,0.25149700598802394,False,0.0
8,23,"greater_than_or_equal(94.97, x[7])",True,"less_than_or_equal(x[2],x[2])",0.35928143712574845,bd082d42dcba8056510101f18394b575,0.35928143712574845,False,0.0
8,23,"greater_than_or_equal(x[5], mul(add(x[5],x[3]),x[3]))",False,,,d3ff8d4c8134f521cbbcc4b95b9d7f53,0.46706586826347307,False,0.0
8,23,"greater_than_or_equal(x[5], mul(x[7],add(add(add(x[7],x[0]),x[2]),x[0])))",True,"greater_than_or_equal(x[5], mul(x[7],add(add(add(x[7],x[0]),x[2]),x[0])))",0.26347305389221554,7d1068adee96bb787fff6f88639428a1,0.26347305389221554,False,0.0
8,23,"not_(less_than_or_equal(pdiv(x[5],x[5]),x[5]))",True,"not_(less_than_or_equal(pdiv(x[5],x[5]),x[5]))",0.31137724550898205,774eb80249c37c32f486ae194a31e639,0.31137724550898205,False,0.0
8,23,"greater_than_or_equal(x[5], mul(x[7],mul(x[5],sub(x[7],mul(x[7],x[2])))))",True,"less_than_or_equal(x[2],x[2])",0.35928143712574845,bd082d42dcba8056510101f18394b575,0.35928143712574845,False,0.0
8,23,"less_than_or_equal(pdiv(pdiv(x[5],x[5]),add(mul(x[5],sub(x[2],add(mul(pdiv(x[5],mul(x[7],mul(mul(x[3],mul(x[5],add(x[2],x[7]))),x[5]))),x[5]),x[2]))),add(sub(x[7],x[7]),pdiv(x[5],x[5])))),mul(mul(x[5],x[7]),pdiv(x[7],x[3])))",True,"not_(less_than_or_equal(pdiv(x[5],mul(x[7],add(x[7],x[2]))),x[3]))",0.3173652694610778,f5d1e0ac2efe3f5738658ef0e812f150,0.32335329341317365,True,0.005988023952095856
8,23,"greater_than_or_equal(pdiv(sub(add(x[3],x[7]),mul(x[7],add(x[2],mul(x[7],x[0])))),40.55), x[2])",True,"greater_than_or_equal(pdiv(mul(x[5],x[2]),pdiv(x[2],x[5])), add(sub(x[7],x[7]),add(x[5],x[0])))",0.6107784431137724,ec48eb4aba9f475884bcf9e8f28adadc,0.6167664670658682,True,0.005988023952095856
8,23,"greater_than_or_equal(x[5], mul(x[7],add(mul(add(x[5],mul(x[7],add(mul(x[0],add(sub(mul(mul(x[7],pdiv(pdiv(mul(x[3],mul(x[5],mul(x[7],add(x[2],x[5])))),pdiv(add(pdiv(x[5],x[5]),add(x[7],x[2])),x[7])),add(x[2],pdiv(pdiv(mul(add(mul(x[5],x[5]),pdiv(x[7],24.42)),x[5]),x[5]),x[3])))),x[5]),add(x[5],x[2])),x[5])),x[5]))),pdiv(x[5],x[5])),add(x[5],x[2]))))",True,"greater_than_or_equal(x[5], mul(x[7],add(x[5],pdiv(x[5],x[5]))))",0.33532934131736525,fa01caa917a58bbda28cb775016b8bd1,0.29940119760479045,True,-0.0359281437125748
8,23,"less_than_or_equal(x[2],x[7])",True,"less_than_or_equal(pdiv(add(x[2],x[5]),sub(x[2],x[7])),mul(mul(x[2],x[3]),mul(x[5],x[7])))",0.4730538922155688,6a9a868ce645e54c16a03959cbdb37f6,0.4730538922155688,False,0.0
8,23,"greater_than_or_equal(pdiv(x[7],x[5]), x[7])",True,"less_than_or_equal(x[2],x[2])",0.35928143712574845,bd082d42dcba8056510101f18394b575,0.35928143712574845,False,0.0
8,23,"greater_than_or_equal(sub(pdiv(x[5],x[7]),mul(x[7],x[0])), add(mul(add(mul(x[7],add(x[7],x[7])),x[7]),x[5]),mul(x[5],add(pdiv(add(x[7],mul(x[7],add(x[5],x[7]))),sub(x[5],x[5])),add(add(x[7],x[0]),x[2])))))",False,,,2541108f057ff7127655e1bfefc0a94d,0.281437125748503,False,0.0
8,23,"greater_than_or_equal(pdiv(x[5],x[7]), add(x[2],sub(x[5],x[2])))",True,"greater_than_or_equal(x[5], mul(add(mul(add(pdiv(sub(x[7],add(x[2],x[5])),x[2]),pdiv(pdiv(mul(x[5],sub(x[3],x[3])),x[7]),x[5])),x[2]),x[3]),mul(x[5],x[7])))",0.37125748502994016,2f08b1571f4b4151dd1e837b401257ab,0.3652694610778443,True,-0.005988023952095856
8,23,"greater_than_or_equal(sub(mul(x[2],mul(mul(x[5],x[7]),add(x[2],x[7]))),x[7]), x[7])",True,not_(x[6]),0.6347305389221557,b4068ba57b63c959651c969331c4b5cd,0.6407185628742516,True,0.005988023952095856
8,23,"greater_than_or_equal(x[5], mul(x[7],x[5]))",True,"less_than_or_equal(x[2],x[2])",0.35928143712574845,bd082d42dcba8056510101f18394b575,0.35928143712574845,False,0.0
8,23,"greater_than_or_equal(x[5], mul(x[7],x[5]))",True,"less_than_or_equal(x[2],x[2])",0.35928143712574845,bd082d42dcba8056510101f18394b575,0.35928143712574845,False,0.0
8,23,"not_(less_than_or_equal(pdiv(x[5],add(mul(x[5],sub(x[7],x[2])),sub(x[2],x[7]))),pdiv(x[5],x[5])))",False,,,5fa2f17e7cc26bc88f6dace5adc66350,0.5149700598802396,False,0.0
8,23,"not_(less_than_or_equal(pdiv(x[5],x[5]),x[7]))",True,"not_(less_than_or_equal(pdiv(x[5],x[5]),add(pdiv(x[2],96.92),x[7])))",0.39520958083832336,db0e6c3409e9b2885c8014a7de8788af,0.39520958083832336,False,0.0
8,23,"less_than_or_equal(add(mul(pdiv(x[0],add(x[2],x[2])),x[5]),x[5]),add(x[2],x[2]))",False,,,fc71aaed310a5f93405cbe84bfac6b39,0.6287425149700598,False,0.0
8,23,"greater_than_or_equal(add(add(mul(x[7],add(add(x[2],x[5]),mul(x[7],mul(add(x[5],add(x[3],x[7])),mul(x[3],add(x[2],mul(pdiv(x[7],mul(x[5],x[0])),sub(sub(x[2],sub(pdiv(x[2],x[5]),mul(x[7],add(x[7],x[5])))),x[5])))))))),x[2]),add(sub(x[7],x[7]),pdiv(x[5],x[5]))), mul(mul(x[5],x[7]),pdiv(x[7],x[3])))",False,,,b27553e58c595fb759d6625c376847b2,0.29940119760479045,False,0.0
8,23,"not_(less_than_or_equal(pdiv(x[5],x[7]),add(add(x[2],x[5]),x[3])))",True,"greater_than_or_equal(x[5], mul(x[7],add(x[7],add(x[3],x[7]))))",0.31137724550898205,92552161c5d20d1b9aa117454bb6ae16,0.281437125748503,True,-0.029940119760479056
8,23,"greater_than_or_equal(sub(pdiv(pdiv(x[5],x[7]),x[7]),mul(add(add(x[5],x[7]),x[0]),pdiv(x[5],pdiv(pdiv(sub(x[5],x[3]),x[5]),x[5])))), add(sub(add(add(sub(x[7],sub(x[7],x[5])),x[2]),sub(pdiv(x[5],x[3]),x[2])),x[7]),pdiv(x[5],x[5])))",False,,,f2c178d475fc1e832a5d08fe2e3175f1,0.281437125748503,False,0.0
8,23,"less_than_or_equal(mul(add(x[2],x[7]),x[7]),x[7])",True,"less_than_or_equal(add(mul(x[7],pdiv(x[5],x[5])),x[2]),add(sub(x[7],x[7]),pdiv(69.44,sub(x[3],x[3]))))",0.19161676646706582,14c6e007ad625f3839f568e9ee8a86e1,0.19161676646706582,False,0.0
8,23,"greater_than_or_equal(pdiv(add(x[7],x[2]),x[2]), x[5])",True,"less_than_or_equal(x[2],x[2])",0.35928143712574845,bd082d42dcba8056510101f18394b575,0.35928143712574845,False,0.0
8,23,"not_(greater_than_or_equal(mul(add(add(mul(x[5],add(x[2],x[0])),add(add(x[5],x[7]),add(x[7],add(x[5],pdiv(mul(pdiv(pdiv(pdiv(x[5],x[2]),x[5]),pdiv(x[7],add(x[7],x[2]))),x[7]),x[5]))))),x[5]),add(x[2],x[5])), x[5]))",True,not_(x[6]),0.6347305389221557,b4068ba57b63c959651c969331c4b5cd,0.6407185628742516,True,0.005988023952095856
8,23,"not_(less_than_or_equal(pdiv(x[5],add(x[2],x[5])),mul(x[5],add(add(x[0],x[0]),pdiv(x[5],x[7])))))",False,,,f9495db801b579c0d9df2ad11e6d34df,0.5508982035928144,False,0.0
8,23,"not_(less_than_or_equal(x[3],add(add(x[7],x[0]),x[2])))",True,"greater_than_or_equal(x[3], add(x[2],add(x[7],x[0])))",0.45508982035928147,73f096ea5341bf206229b134b5bfea62,0.45508982035928147,False,0.0
8,23,"greater_than_or_equal(x[5], mul(x[7],add(x[5],pdiv(x[5],x[2]))))",False,,,4198c927561ff59946368650b5661f4a,0.5029940119760479,False,0.0
8,23,"greater_than_or_equal(pdiv(x[5],x[7]), add(x[0],x[7]))",True,"greater_than_or_equal(x[5], mul(x[7],add(x[7],x[0])))",0.3173652694610778,3462a3e37c5ec6d1948caca7de548540,0.3173652694610778,False,0.0
8,23,"greater_than_or_equal(sub(pdiv(x[5],x[7]),add(x[5],x[5])), mul(mul(pdiv(sub(x[0],sub(mul(x[7],sub(add(pdiv(pdiv(x[5],x[7]),add(x[3],x[5])),x[2]),x[5])),x[3])),x[5]),add(x[5],x[2])),x[5]))",False,,,b5525b85dc1f7fbed61be11fe4f45255,0.3173652694610778,False,0.0
8,23,"not_(less_than_or_equal(pdiv(x[5],x[5]),add(mul(x[7],pdiv(x[2],add(x[2],x[2]))),30.97)))",True,not_(x[6]),0.6347305389221557,b4068ba57b63c959651c969331c4b5cd,0.6407185628742516,True,0.005988023952095856
8,23,"greater_than_or_equal(sub(x[7],x[2]), x[7])",True,"greater_than_or_equal(pdiv(mul(x[5],x[2]),pdiv(x[2],x[5])), add(sub(x[7],x[7]),add(x[5],x[0])))",0.6107784431137724,ec48eb4aba9f475884bcf9e8f28adadc,0.6167664670658682,True,0.005988023952095856
8,23,"greater_than_or_equal(pdiv(x[5],x[5]), add(x[2],x[5]))",True,"not_(less_than_or_equal(pdiv(x[5],x[5]),add(x[5],x[2])))",0.2455089820359282,5825d6d8d32996f2f81bb41cc0bfa92f,0.2455089820359282,False,0.0
8,23,"greater_than_or_equal(pdiv(x[5],add(add(pdiv(x[0],x[5]),add(x[7],x[2])),x[2])), x[2])",False,,,41f6cdfcdcb9e0b94d8788ffa21e55d4,0.3293413173652695,False,0.0
8,23,"not_(less_than_or_equal(pdiv(x[5],x[7]),sub(x[5],mul(x[5],add(x[2],x[7])))))",True,"less_than_or_equal(x[2],x[2])",0.35928143712574845,bd082d42dcba8056510101f18394b575,0.3652694610778443,True,0.005988023952095856
8,23,"not_(less_than_or_equal(pdiv(x[5],x[7]),add(mul(x[2],x[5]),x[7])))",True,"greater_than_or_equal(x[5], mul(x[7],add(x[7],mul(x[5],x[2]))))",0.27544910179640714,b3680de13e8f1c124200503e1bc1645a,0.27544910179640714,False,0.0
8,23,"not_(less_than_or_equal(pdiv(x[5],x[7]),add(x[5],mul(x[7],add(x[5],x[0])))))",False,,,f7e39d78e78cd83c657533c1cd2aaeee,0.20958083832335328,False,0.0
8,23,"greater_than_or_equal(mul(x[5],x[3]), x[7])",True,"greater_than_or_equal(pdiv(x[5],add(pdiv(pdiv(x[5],x[5]),add(x[3],x[0])),sub(x[2],x[2]))), add(x[7],x[0]))",0.5029940119760479,dab59ce79fd13a43a3f06ab84cadcbaf,0.4610778443113772,True,-0.041916167664670656
8,23,"greater_than_or_equal(sub(pdiv(x[5],x[2]),x[2]), x[7])",True,"greater_than_or_equal(pdiv(x[5],x[5]), add(add(x[2],mul(x[2],mul(sub(x[7],x[7]),pdiv(x[5],x[5])))),mul(mul(x[7],x[2]),sub(pdiv(add(x[7],x[2]),x[5]),x[5]))))",0.2934131736526946,b2764a6f3ef5bc579589eb89668b6cf5,0.29940119760479045,True,0.005988023952095856
8,23,"greater_than_or_equal(x[5], mul(x[7],add(x[2],x[5])))",True,"greater_than_or_equal(x[5], mul(x[7],add(x[5],x[2])))",0.23353293413173648,49521aab13419e9d4582e656c37790ef,0.23353293413173648,False,0.0
8,23,"not_(less_than_or_equal(pdiv(x[5],add(mul(x[5],x[7]),add(pdiv(pdiv(x[7],mul(mul(add(mul(x[2],x[0]),mul(x[2],add(sub(x[7],sub(x[3],mul(x[5],x[7]))),add(x[2],x[7])))),x[2]),add(x[2],x[3]))),add(pdiv(x[3],pdiv(x[7],add(x[2],x[7]))),pdiv(x[3],x[7]))),x[3]))),x[5]))",False,,,baafa6d0a33e6b2d23af45cd08038b6d,0.6407185628742516,False,0.0
8,23,"greater_than_or_equal(x[5], mul(mul(x[7],x[5]),x[2]))",True,"less_than_or_equal(x[2],x[2])",0.35928143712574845,bd082d42dcba8056510101f18394b575,0.35928143712574845,False,0.0
8,23,"greater_than_or_equal(x[5], mul(x[7],add(x[5],x[7])))",True,"greater_than_or_equal(x[5], mul(x[7],add(x[7],x[5])))",0.22754491017964074,051dec5cdded21754165aaf5f887a47e,0.22754491017964074,False,0.0
8,23,"greater_than_or_equal(x[5], mul(mul(sub(add(x[7],x[0]),x[2]),x[0]),add(add(x[5],x[5]),mul(x[7],add(x[5],x[2])))))",False,,,995506e2149cd8dd933522f22f6c71e3,0.34730538922155685,False,0.0
8,23,"greater_than_or_equal(x[3], add(x[2],x[5]))",True,"greater_than_or_equal(x[3], add(x[5],x[2]))",0.5688622754491017,3b95d43c6b1291e78b2ed83052bed275,0.5688622754491017,False,0.0
8,23,"greater_than_or_equal(sub(pdiv(x[5],x[7]),add(x[5],x[5])), mul(x[2],add(x[5],x[0])))",True,"greater_than_or_equal(sub(pdiv(x[5],x[5]),mul(x[7],add(x[7],x[2]))), add(x[7],x[2]))",0.26347305389221554,aaf80896837d0213a823e33e60dc50ac,0.281437125748503,True,0.017964071856287456
8,23,"greater_than_or_equal(x[5], mul(x[7],sub(x[0],sub(mul(x[7],x[2]),pdiv(pdiv(x[5],x[7]),add(x[3],x[5]))))))",False,,,c386760ccee63957de4c7a62b217bbc0,0.5329341317365269,False,0.0
8,23,"greater_than_or_equal(pdiv(x[7],add(x[2],x[3])), add(pdiv(x[3],x[2]),x[7]))",False,,,61bd9295918a7cc42232ed06cab7720a,0.6107784431137724,False,0.0
8,23,"not_(less_than_or_equal(pdiv(x[5],pdiv(add(add(x[5],x[2]),pdiv(x[2],x[2])),x[5])),pdiv(mul(x[2],pdiv(x[5],x[2])),x[5])))",True,"greater_than_or_equal(pdiv(mul(x[5],x[2]),pdiv(x[2],x[5])), add(sub(x[7],x[7]),add(x[5],x[0])))",0.6107784431137724,ec48eb4aba9f475884bcf9e8f28adadc,0.6167664670658682,True,0.005988023952095856
8,23,"greater_than_or_equal(x[5], mul(x[7],add(mul(sub(x[3],x[7]),mul(x[7],sub(x[5],mul(x[5],x[5])))),add(x[7],x[2]))))",False,,,31f480c8c1eb9d75e953caf7edf8a1f2,0.2574850299401198,False,0.0
8,23,"greater_than_or_equal(x[5], add(x[5],mul(x[5],add(x[2],add(x[7],x[5])))))",True,not_(x[6]),0.6347305389221557,b4068ba57b63c959651c969331c4b5cd,0.6347305389221557,False,0.0
8,23,"greater_than_or_equal(pdiv(x[5],x[5]), add(x[2],x[5]))",True,"not_(less_than_or_equal(pdiv(x[5],x[5]),add(x[5],x[2])))",0.2455089820359282,5825d6d8d32996f2f81bb41cc0bfa92f,0.2455089820359282,False,0.0
8,23,"greater_than_or_equal(x[5], add(x[7],add(add(x[2],x[5]),mul(x[3],mul(add(x[5],add(x[3],x[7])),mul(x[7],add(x[2],mul(pdiv(x[7],mul(x[5],x[0])),sub(x[5],x[2])))))))))",True,"less_than_or_equal(sub(pdiv(x[5],x[2]),mul(x[7],x[0])),mul(mul(x[3],x[2]),sub(x[5],x[2])))",0.6467065868263473,64a044af0d7ad5746f97e0885e2b3f57,0.6586826347305389,True,0.0119760479041916
8,23,"not_(greater_than_or_equal(x[5], sub(add(add(x[5],93.45),x[2]),x[7])))",True,"less_than_or_equal(x[2],x[2])",0.35928143712574845,bd082d42dcba8056510101f18394b575,0.35928143712574845,False,0.0
8,23,"greater_than_or_equal(add(x[5],x[7]), x[3])",True,"greater_than_or_equal(add(x[5],mul(x[7],pdiv(x[3],add(07.75,pdiv(x[3],x[3]))))), sub(x[3],x[7]))",0.4251497005988024,5b1c8ab7b6aa70ae14cdffdc8e479487,0.41916167664670656,True,-0.005988023952095856
8,23,"greater_than_or_equal(x[5], mul(add(mul(x[7],add(x[5],add(x[2],x[5]))),add(x[2],x[3])),x[5]))",False,,,2278ec4380d75f36288aeedf58c224ca,0.40718562874251496,False,0.0
8,23,"greater_than_or_equal(x[5], mul(add(add(x[5],sub(x[2],add(x[2],x[5]))),x[7]),x[2]))",True,"less_than_or_equal(sub(mul(x[2],x[7]),mul(x[0],x[7])),x[5])",0.34730538922155685,67e5c7a497be3e968ea5c2bd6433af6d,0.33532934131736525,True,-0.0119760479041916
8,23,"greater_than_or_equal(x[5], mul(mul(x[5],x[2]),add(mul(add(x[5],mul(x[7],add(x[5],x[2]))),x[7]),sub(sub(x[5],sub(x[0],x[3])),mul(x[7],add(mul(x[5],sub(sub(sub(sub(x[2],x[2]),x[2]),x[5]),mul(x[2],add(x[7],x[5])))),x[5]))))))",False,,,4dbc39a9c432849d0f09e1a7a26e1ae7,0.25149700598802394,False,0.0
8,23,"greater_than_or_equal(33.63, add(x[7],x[2]))",True,"less_than_or_equal(x[2],x[2])",0.35928143712574845,bd082d42dcba8056510101f18394b575,0.35928143712574845,False,0.0
8,23,"greater_than_or_equal(x[0], mul(x[7],sub(sub(sub(pdiv(x[5],mul(x[5],mul(x[5],add(x[2],add(x[5],mul(add(add(sub(x[7],sub(x[3],mul(x[5],x[7]))),add(x[2],x[7])),x[2]),add(x[2],sub(sub(add(pdiv(x[3],pdiv(x[7],add(x[2],x[7]))),pdiv(x[3],x[7])),x[3]),x[5])))))))),x[5]),add(x[2],x[5])),x[5])))",False,,,62c41cd7e493d78331616de42d77070b,0.4491017964071856,False,0.0
8,23,x[6],True,x[6],0.3652694610778443,ff9750a95f856aee791afc16a7ee79d4,0.3652694610778443,False,0.0
8,23,"greater_than_or_equal(add(x[5],add(x[3],x[5])), mul(x[7],add(x[5],add(x[5],x[5]))))",False,,,0dec012ede88cb9089e01ec31543441e,0.32335329341317365,False,0.0
8,23,"greater_than_or_equal(pdiv(x[3],x[2]), add(x[5],00.39))",False,,,03052206ef91f975316889dcb70d4239,0.35928143712574845,False,0.0
8,23,"less_than_or_equal(add(x[5],mul(x[7],add(x[7],x[5]))),x[5])",True,not_(x[6]),0.6347305389221557,b4068ba57b63c959651c969331c4b5cd,0.6407185628742516,True,0.005988023952095856
8,23,"greater_than_or_equal(sub(pdiv(x[7],mul(x[3],x[5])),x[2]), x[5])",True,"not_(less_than_or_equal(pdiv(x[7],add(x[5],x[2])),add(sub(x[7],x[7]),mul(x[5],x[3]))))",0.4610778443113772,8033d989fa7be5e77565d4193f48072c,0.4610778443113772,False,0.0
8,23,"greater_than_or_equal(pdiv(x[5],add(x[7],add(x[7],x[7]))), x[0])",False,,,ca617fc1bb6d168f7c03395a08ba704f,0.35928143712574845,False,0.0
8,23,"greater_than_or_equal(x[5], mul(mul(mul(add(x[5],x[2]),x[7]),sub(sub(x[5],sub(x[0],x[3])),mul(x[7],add(mul(x[5],sub(sub(sub(sub(x[2],x[2]),x[2]),x[5]),mul(x[7],add(x[7],x[5])))),x[5])))),x[2]))",False,,,70e4d7cefd2be6a4bf07a189b5d0760c,0.281437125748503,False,0.0
8,23,"greater_than_or_equal(sub(pdiv(add(x[5],x[5]),mul(x[7],x[5])),x[7]), add(mul(x[7],add(add(add(mul(add(x[2],pdiv(mul(x[3],add(x[2],x[7])),x[7])),pdiv(x[7],x[5])),x[3]),x[5]),x[7])),add(x[2],x[7])))",True,"greater_than_or_equal(sub(pdiv(add(x[5],x[5]),mul(x[7],x[5])),x[7]), add(mul(x[7],add(add(add(mul(add(x[2],pdiv(mul(x[3],add(x[2],x[7])),x[7])),pdiv(x[7],x[5])),x[3]),x[5]),x[7])),add(x[2],x[7])))",0.20958083832335328,4b65a19416e3d426ba8d1747f63d40ee,0.20958083832335328,False,0.0
8,23,"not_(less_than_or_equal(pdiv(x[5],x[5]),add(mul(x[5],add(x[7],x[2])),add(x[2],x[2]))))",True,"not_(less_than_or_equal(pdiv(x[5],x[5]),add(mul(x[5],add(x[7],x[2])),add(x[2],x[2]))))",0.18562874251497008,7dd04de0f09dcb78fab13d4ca363e3e0,0.2857142857142857,True,0.10008554319931562
8,24,"greater_than_or_equal(x[5], mul(x[7],add(x[5],x[5])))",True,"greater_than_or_equal(x[5], mul(x[7],add(x[5],x[5])))",0.2455089820359282,9545aae94dd0fcb8b281ddfedf2da4e6,0.2455089820359282,False,0.0
8,24,"less_than_or_equal(x[0],x[5])",True,"less_than_or_equal(x[0],x[5])",0.37125748502994016,cdcd6f1e6c091ac380f1476046586fe6,0.37125748502994016,False,0.0
8,24,"greater_than_or_equal(x[5], mul(x[5],x[7]))",True,"less_than_or_equal(x[2],x[2])",0.35928143712574845,bd082d42dcba8056510101f18394b575,0.35928143712574845,False,0.0
8,24,"not_(less_than_or_equal(pdiv(x[5],x[7]),add(add(x[7],x[2]),x[5])))",True,"not_(less_than_or_equal(pdiv(x[3],x[7]),add(x[7],pdiv(x[3],x[5]))))",0.3293413173652695,74dce5cb961f14b3bdac896efda7926c,0.281437125748503,True,-0.04790419161676651
8,24,"greater_than_or_equal(33.63, mul(x[2],x[5]))",True,"less_than_or_equal(x[2],x[2])",0.35928143712574845,bd082d42dcba8056510101f18394b575,0.35928143712574845,False,0.0
8,24,"greater_than_or_equal(pdiv(x[5],x[5]), add(x[7],mul(x[7],x[3])))",True,"greater_than_or_equal(sub(pdiv(x[5],x[7]),mul(add(mul(pdiv(add(x[5],sub(x[2],add(x[5],x[2]))),x[5]),mul(x[7],add(x[7],x[2]))),x[3]),x[5])), x[5])",0.2694610778443114,9022f1cd2d01e29089d46d7d7fad78c5,0.2694610778443114,False,0.0
8,24,"greater_than_or_equal(pdiv(x[7],pdiv(mul(x[5],sub(sub(add(x[5],x[7]),add(x[5],x[7])),x[7])),x[7])), add(x[7],x[5]))",True,not_(x[6]),0.6347305389221557,b4068ba57b63c959651c969331c4b5cd,0.6347305389221557,False,0.0
8,24,"greater_than_or_equal(sub(pdiv(x[5],x[7]),add(x[5],x[5])), mul(x[2],x[2]))",False,,,aa5faf6135a9526d1af7eb9aa349c291,0.2694610778443114,False,0.0
8,24,"greater_than_or_equal(sub(pdiv(pdiv(x[5],add(x[5],x[0])),add(add(x[0],x[7]),x[2])),x[5]), sub(add(x[5],x[7]),pdiv(x[5],x[5])))",False,,,3db2bed96e4d7ebb4a4c41dffa33744e,0.25149700598802394,False,0.0
8,24,"greater_than_or_equal(pdiv(x[7],add(x[5],x[5])), mul(x[7],add(x[5],x[2])))",True,"greater_than_or_equal(sub(pdiv(x[5],x[5]),mul(x[5],add(x[2],x[5]))), x[5])",0.3892215568862275,b7515592bb4ee304c81598e43311a165,0.3413173652694611,True,-0.0479041916167664
8,24,"not_(less_than_or_equal(pdiv(x[5],x[3]),mul(x[7],add(mul(x[3],mul(x[7],x[7])),add(x[0],x[5])))))",False,,,e382b98b0b8779f65493351ed8e5bc88,0.3053892215568862,False,0.0
8,24,"greater_than_or_equal(pdiv(x[5],x[7]), add(x[2],add(x[7],sub(x[7],x[2]))))",True,"greater_than_or_equal(x[5], mul(x[7],add(x[7],x[7])))",0.26347305389221554,94282a7a6b76cc442b45c7114793e867,0.26347305389221554,False,0.0
8,24,"greater_than_or_equal(mul(x[5],x[2]), mul(x[7],add(add(pdiv(x[5],x[3]),x[7]),add(add(sub(x[2],x[7]),sub(x[2],x[7])),mul(x[2],add(x[2],x[5]))))))",False,,,9d24be1adf7334d1ca1a4d39f11dc3bb,0.6287425149700598,False,0.0
8,24,"greater_than_or_equal(sub(pdiv(x[7],x[7]),x[7]), mul(x[7],add(x[7],x[2])))",True,"not_(less_than_or_equal(pdiv(x[5],x[7]),add(x[5],mul(x[5],add(add(x[7],x[0]),x[2])))))",0.23353293413173648,40d19945513b721f8a7891f4912df659,0.20958083832335328,True,-0.0239520958083832
8,24,"less_than_or_equal(mul(add(x[2],x[7]),58.97),x[7])",True,not_(x[6]),0.6347305389221557,b4068ba57b63c959651c969331c4b5cd,0.6407185628742516,True,0.005988023952095856
8,24,"greater_than_or_equal(pdiv(x[5],x[7]), add(x[0],add(add(x[7],add(mul(x[7],add(x[2],x[5])),add(x[2],x[5]))),x[5])))",True,"greater_than_or_equal(x[5], mul(x[7],add(x[5],add(add(x[5],x[2]),x[5]))))",0.35928143712574845,07854308cecb684b832ea9cc5d0d7905,0.39520958083832336,True,0.03592814371257491
8,24,"not_(less_than_or_equal(pdiv(x[5],x[2]),add(x[5],x[2])))",True,"greater_than_or_equal(pdiv(x[5],pdiv(add(x[2],x[5]),x[5])), mul(x[5],x[2]))",0.28742514970059885,0803226314985e684579b7ad7da3df72,0.2934131736526946,True,0.0059880239520957446
8,24,"less_than_or_equal(x[5],mul(x[3],x[5]))",True,"less_than_or_equal(pdiv(mul(pdiv(x[3],x[3]),sub(x[5],x[3])),mul(pdiv(x[0],x[5]),sub(x[3],x[3]))),x[3])",0.6586826347305389,f97921da4bc12e7263893dbe645c4d9b,0.652694610778443,True,-0.005988023952095856
8,24,"not_(greater_than_or_equal(x[5], sub(add(add(x[5],x[2]),x[5]),x[7])))",True,"greater_than_or_equal(add(x[5],x[2]), x[7])",0.38323353293413176,6412fe182f7defc06678d0a1041106c2,0.38323353293413176,False,0.0
8,24,"greater_than_or_equal(pdiv(x[5],x[5]), add(x[7],mul(mul(x[7],add(x[7],x[5])),x[5])))",True,"not_(less_than_or_equal(pdiv(x[5],x[7]),add(x[5],mul(x[5],x[5]))))",0.26347305389221554,a9ce28fe5af581c3f664a5416d77d344,0.2455089820359282,True,-0.017964071856287345
8,24,"greater_than_or_equal(00.31, mul(sub(add(add(x[3],sub(mul(add(mul(x[7],add(x[7],x[2])),x[3]),x[5]),x[5])),add(x[2],x[5])),x[5]),add(x[5],x[2])))",False,,,c936f2341f1fcfbc8a3591791f448eba,0.43113772455089816,False,0.0
8,24,"greater_than_or_equal(00.39, mul(sub(add(add(x[0],x[7]),add(x[0],x[7])),mul(x[7],add(x[0],x[2]))),x[0]))",False,,,f5513fd2b41cdd72ee42342126291362,0.3293413173652695,False,0.0
8,24,"greater_than_or_equal(x[5], mul(add(mul(add(x[5],x[2]),x[7]),sub(sub(x[5],sub(x[0],x[3])),mul(x[7],add(mul(x[7],sub(add(x[2],x[5]),x[2])),x[5])))),x[5]))",False,,,563e5c2b835253b105f40728e0a04917,0.437125748502994,False,0.0
8,24,"greater_than_or_equal(pdiv(x[5],x[5]), pdiv(sub(sub(x[2],sub(pdiv(x[2],x[5]),mul(x[7],add(x[7],x[5])))),x[5]),x[2]))",False,,,beb235af735a1b69c30c8f112a70395a,0.3413173652694611,False,0.0
8,24,"greater_than_or_equal(pdiv(x[5],x[5]), x[5])",True,"less_than_or_equal(x[2],x[2])",0.35928143712574845,bd082d42dcba8056510101f18394b575,0.35928143712574845,False,0.0
8,24,"greater_than_or_equal(add(x[5],x[7]), add(add(x[0],x[7]),x[2]))",True,"not_(less_than_or_equal(sub(x[5],x[2]),x[0]))",0.3892215568862275,322f7ffc4e786ca792193bc38ba2a6c3,0.3892215568862275,False,0.0
8,24,"greater_than_or_equal(x[5], mul(x[7],pdiv(x[2],x[7])))",True,"not_(not_(less_than_or_equal(x[2],x[5])))",0.34730538922155685,4af53f79d9ad2ffac455113b88a02dd4,0.34730538922155685,False,0.0
8,24,"greater_than_or_equal(add(x[2],x[0]), add(add(x[2],x[3]),add(x[2],x[5])))",True,not_(x[6]),0.6347305389221557,b4068ba57b63c959651c969331c4b5cd,0.6407185628742516,True,0.005988023952095856
8,24,"greater_than_or_equal(pdiv(x[3],x[3]), add(add(x[7],x[2]),x[5]))",True,"not_(less_than_or_equal(pdiv(x[5],x[5]),add(x[7],add(x[5],x[2]))))",0.43113772455089816,8cf561ba4c6eb87a09aeba55043ea0f9,0.43113772455089816,False,0.0
8,24,"greater_than_or_equal(sub(pdiv(x[5],x[7]),x[2]), add(x[5],x[0]))",True,"not_(less_than_or_equal(pdiv(x[5],add(add(pdiv(x[5],pdiv(x[2],x[2])),x[2]),x[0])),x[7]))",0.23353293413173648,0642bf057766d8c0e7cf90681e6afb02,0.23353293413173648,False,0.0
8,24,"greater_than_or_equal(sub(pdiv(x[5],x[7]),add(x[5],x[5])), mul(x[5],x[2]))",True,"not_(less_than_or_equal(pdiv(x[5],x[7]),add(x[5],mul(x[5],add(x[2],pdiv(x[3],x[3]))))))",0.2694610778443114,3666d2adeb78fa43d08db5780c1835ec,0.26347305389221554,True,-0.005988023952095856
8,24,"greater_than_or_equal(pdiv(pdiv(pdiv(x[0],x[7]),add(x[5],x[7])),x[7]), sub(add(pdiv(mul(x[5],x[5]),add(x[7],x[2])),x[3]),x[5]))",False,,,aca09f9a40e680a34fb9494c071deb5f,0.5269461077844311,False,0.0
8,24,"greater_than_or_equal(x[5], mul(x[7],add(x[0],pdiv(x[3],x[7]))))",True,"less_than_or_equal(mul(x[0],x[7]),sub(x[5],x[3]))",0.4850299401197605,29b281c462a9b084f4bddad646bccf60,0.4850299401197605,False,0.0
8,24,"greater_than_or_equal(pdiv(x[5],mul(pdiv(add(x[2],x[7]),mul(x[2],x[7])),x[7])), x[5])",True,"greater_than_or_equal(pdiv(mul(x[5],x[2]),pdiv(x[2],x[5])), add(sub(x[7],x[7]),add(x[5],x[0])))",0.6107784431137724,ec48eb4aba9f475884bcf9e8f28adadc,0.6107784431137724,False,0.0
8,24,"greater_than_or_equal(sub(pdiv(x[5],x[7]),mul(x[2],x[3])), pdiv(mul(x[7],add(pdiv(pdiv(x[5],x[2]),sub(add(x[7],x[2]),x[3])),x[7])),x[5]))",False,,,9ea4c5a281baf9c1c44d07240a69d98b,0.3652694610778443,False,0.0
8,24,"not_(less_than_or_equal(mul(sub(add(add(x[0],x[7]),add(x[0],x[2])),x[0]),x[2]),mul(x[7],sub(x[7],x[2]))))",False,,,f1bb652a84c0b518c807f836761033da,0.4730538922155688,False,0.0
8,24,"greater_than_or_equal(x[5], add(add(pdiv(x[2],x[5]),add(mul(x[5],x[7]),add(x[7],x[7]))),x[7]))",True,"not_(greater_than_or_equal(mul(x[7],94.75), pdiv(x[5],x[7])))",0.592814371257485,52404b4d21529572a063f5ca8a716295,0.6047904191616766,True,0.0119760479041916
8,24,"greater_than_or_equal(00.39, mul(sub(pdiv(add(x[0],x[7]),add(x[0],x[2])),x[0]),x[2]))",False,,,193fe25ac22b366cb0b63f3313be8b8b,0.28742514970059885,False,0.0
8,24,"greater_than_or_equal(pdiv(x[5],x[2]), mul(x[7],add(add(pdiv(x[5],x[3]),x[7]),add(add(sub(x[2],x[7]),sub(96.79,mul(add(x[2],x[5]),x[7]))),x[2]))))",True,"less_than_or_equal(mul(mul(x[7],x[7]),74.75),add(x[7],x[7]))",0.6227544910179641,83475aff34f9e2eb2174b5d809ea1882,0.6287425149700598,True,0.0059880239520957446
8,24,"not_(less_than_or_equal(pdiv(x[5],x[5]),add(mul(x[5],add(x[7],add(x[5],x[3]))),sub(x[5],add(x[0],add(x[5],x[2]))))))",False,,,7f3596336b1baac359a710120e82c79c,0.35928143712574845,False,0.0
8,24,"greater_than_or_equal(pdiv(x[5],x[5]), add(mul(add(mul(x[7],sub(pdiv(x[5],mul(x[7],x[2])),add(x[2],x[2]))),x[5]),x[5]),x[5]))",True,"greater_than_or_equal(sub(pdiv(x[2],x[5]),x[5]), x[5])",0.5808383233532934,8b8b5e67547a0363aca02653b06f1654,0.562874251497006,True,-0.017964071856287456
8,24,"not_(less_than_or_equal(pdiv(pdiv(mul(x[7],add(mul(x[2],x[7]),add(sub(x[2],x[7]),sub(x[2],x[7])))),mul(x[2],add(x[2],x[5]))),x[7]),x[2]))",False,,,ed8fc456a39282f3242b40c29fa3e778,0.4730538922155688,False,0.0
8,24,"greater_than_or_equal(pdiv(x[5],x[2]), mul(x[7],add(add(pdiv(x[5],x[3]),x[7]),add(x[2],add(x[2],x[2])))))",False,,,2d5b546f259c03ae97e05e94a5f80a0f,0.25149700598802394,False,0.0
8,24,"greater_than_or_equal(pdiv(x[5],x[7]), add(x[2],add(x[5],x[5])))",True,"greater_than_or_equal(x[5], mul(x[7],add(x[5],add(x[2],x[5]))))",0.27544910179640714,b273e6241ac446c8ee6db4bc01755f47,0.27544910179640714,False,0.0
8,24,"greater_than_or_equal(30.95, x[7])",True,"less_than_or_equal(x[2],x[2])",0.35928143712574845,bd082d42dcba8056510101f18394b575,0.35928143712574845,False,0.0
8,24,"greater_than_or_equal(sub(pdiv(x[5],x[2]),add(sub(x[7],add(x[7],x[5])),x[5])), x[2])",True,"less_than_or_equal(pdiv(mul(x[2],x[2]),x[5]),pdiv(x[7],x[7]))",0.3293413173652695,22afa71d30776c90154a85fa7bb55d4a,0.33532934131736525,True,0.0059880239520957446
8,24,"greater_than_or_equal(mul(x[5],add(x[2],mul(x[5],add(x[0],mul(x[5],x[2]))))), x[2])",False,,,4f847f78a7293ef4d78d358dab83bad3,0.5988023952095809,False,0.0
8,24,"greater_than_or_equal(pdiv(x[5],add(pdiv(x[5],mul(x[2],add(x[5],x[7]))),add(add(x[0],x[7]),x[2]))), x[5])",True,not_(x[6]),0.6347305389221557,b4068ba57b63c959651c969331c4b5cd,0.6347305389221557,False,0.0
8,24,"greater_than_or_equal(add(x[5],mul(x[7],add(sub(add(x[2],x[5]),x[2]),91.39))), mul(x[5],add(x[5],x[2])))",True,"less_than_or_equal(x[2],x[2])",0.35928143712574845,bd082d42dcba8056510101f18394b575,0.35928143712574845,False,0.0
8,24,"greater_than_or_equal(pdiv(x[5],x[7]), x[5])",True,"less_than_or_equal(x[2],x[2])",0.35928143712574845,bd082d42dcba8056510101f18394b575,0.35928143712574845,False,0.0
8,24,"greater_than_or_equal(x[2], mul(x[7],add(sub(x[3],mul(add(add(x[0],x[7]),x[2]),x[5])),x[5])))",False,,,01c5b69dc8e1f198da1cfe2e7d8dc6d5,0.5209580838323353,False,0.0
8,24,"not_(less_than_or_equal(pdiv(mul(mul(x[0],add(x[5],mul(x[7],add(x[5],x[0])))),add(add(x[0],x[7]),x[2])),x[5]),x[5]))",False,,,0ff854971f879490812371f9ac245199,0.6407185628742516,False,0.0
8,24,"not_(less_than_or_equal(pdiv(x[5],x[7]),add(x[5],mul(x[7],add(x[5],x[0])))))",True,"not_(less_than_or_equal(pdiv(x[5],x[7]),add(x[5],mul(x[7],add(x[5],x[0])))))",0.20958083832335328,f7e39d78e78cd83c657533c1cd2aaeee,0.20958083832335328,False,0.0
8,24,"not_(less_than_or_equal(pdiv(x[2],x[5]),x[3]))",True,"not_(less_than_or_equal(pdiv(x[2],x[3]),x[5]))",0.5449101796407185,183ed94279763a5e72b82b8cd769a21d,0.5449101796407185,False,0.0
8,24,"greater_than_or_equal(sub(pdiv(x[0],mul(add(add(x[2],x[7]),pdiv(add(pdiv(x[5],x[5]),add(x[7],x[2])),x[7])),add(x[2],pdiv(pdiv(mul(x[5],x[5]),x[5]),pdiv(x[7],x[5]))))),mul(x[7],mul(x[5],x[5]))), x[3])",False,,,f9c2429ce647213fd21a7ba67f8f5805,0.6407185628742516,False,0.0
8,24,"greater_than_or_equal(x[5], mul(x[2],x[2]))",True,"less_than_or_equal(pdiv(mul(x[2],x[2]),x[5]),pdiv(x[7],x[7]))",0.3293413173652695,22afa71d30776c90154a85fa7bb55d4a,0.33532934131736525,True,0.0059880239520957446
8,24,"greater_than_or_equal(pdiv(x[5],x[7]), x[0])",True,"not_(less_than_or_equal(pdiv(x[5],x[0]),x[0]))",0.35928143712574845,5372ceb8b23ce5e1dd3bf5c2fc3a57aa,0.3413173652694611,True,-0.017964071856287345
8,24,"greater_than_or_equal(x[5], mul(x[7],add(add(add(x[5],add(x[2],x[7])),mul(x[2],x[7])),x[7])))",True,"greater_than_or_equal(x[5], mul(x[7],add(x[5],pdiv(x[5],x[5]))))",0.33532934131736525,fa01caa917a58bbda28cb775016b8bd1,0.31137724550898205,True,-0.0239520958083832
8,24,"greater_than_or_equal(pdiv(x[3],x[5]), 92.03)",True,not_(x[6]),0.6347305389221557,b4068ba57b63c959651c969331c4b5cd,0.6407185628742516,True,0.005988023952095856
8,24,"greater_than_or_equal(x[5], mul(mul(sub(add(x[7],x[5]),x[2]),x[7]),add(add(x[5],x[7]),mul(mul(x[7],add(add(x[2],x[5]),x[5])),x[5]))))",False,,,0c419a4261e54d2ba19d60355d0aa0e4,0.281437125748503,False,0.0
8,24,"not_(greater_than_or_equal(mul(add(x[2],pdiv(mul(sub(x[7],x[2]),48.39),mul(92.99,x[7]))),add(x[2],x[7])), x[2]))",True,"less_than_or_equal(add(add(x[7],x[5]),sub(x[2],x[0])),add(pdiv(x[2],x[7]),mul(x[0],x[7])))",0.4491017964071856,e1b1517d01136c7d69c1ac43a29d4e45,0.41916167664670656,True,-0.029940119760479056
8,24,"greater_than_or_equal(sub(pdiv(add(x[5],x[5]),mul(x[7],x[5])),x[7]), add(mul(x[7],add(add(pdiv(pdiv(x[5],x[2]),pdiv(x[5],add(x[0],add(x[5],add(add(add(sub(x[7],sub(x[3],mul(x[5],x[7]))),add(x[2],x[7])),x[2]),add(x[2],x[3])))))),add(pdiv(x[3],pdiv(x[7],add(x[2],x[7]))),pdiv(x[3],x[7]))),x[3])),x[5]))",False,,,14d4a77358efba19b2524562dbcbb5c5,0.3652694610778443,False,0.0
8,24,"less_than_or_equal(add(x[3],mul(x[5],x[7])),add(x[2],x[5]))",False,,,6d4a0de1e04165106ffa5a8b90983e81,0.49101796407185627,False,0.0
8,24,"greater_than_or_equal(x[5], mul(x[7],add(mul(x[2],pdiv(x[5],add(x[2],mul(x[5],add(x[5],x[2]))))),x[7])))",False,,,78bde6a71e56bbd6425d9a6f066700da,0.31137724550898205,False,0.0
8,24,"greater_than_or_equal(x[3], add(x[5],x[2]))",True,"greater_than_or_equal(x[3], add(x[5],x[2]))",0.5688622754491017,3b95d43c6b1291e78b2ed83052bed275,0.5688622754491017,False,0.0
8,24,"greater_than_or_equal(pdiv(x[5],add(x[2],mul(add(x[5],x[2]),x[7]))), sub(sub(x[5],sub(x[0],x[3])),mul(x[7],add(mul(x[5],sub(sub(sub(sub(x[2],x[2]),x[2]),sub(x[7],x[7])),add(x[7],02.04))),add(x[2],x[5])))))",False,,,275bf52207376c58e05808db98037169,0.32335329341317365,False,0.0
8,24,"greater_than_or_equal(x[5], sub(mul(x[7],sub(x[5],x[5])),add(97.38,x[5])))",True,"less_than_or_equal(x[2],x[2])",0.35928143712574845,bd082d42dcba8056510101f18394b575,0.35928143712574845,False,0.0
8,24,"greater_than_or_equal(add(pdiv(x[7],x[7]),pdiv(x[5],pdiv(mul(mul(mul(x[5],x[7]),add(x[7],mul(x[5],sub(x[7],x[2])))),add(x[2],x[5])),mul(x[5],mul(x[2],pdiv(pdiv(mul(x[2],x[2]),sub(x[5],x[5])),pdiv(x[2],x[5]))))))), x[5])",False,,,be573a6f72d309de194f34ba0e661e2b,0.40718562874251496,False,0.0
8,24,"greater_than_or_equal(x[5], mul(x[7],pdiv(x[7],x[3])))",True,"not_(less_than_or_equal(pdiv(x[5],x[7]),pdiv(x[7],x[3])))",0.2934131736526946,4cc663c2ea223b19e3e394cb03a3fec0,0.2934131736526946,False,0.0
8,24,"greater_than_or_equal(pdiv(x[5],x[7]), add(x[5],mul(x[7],add(x[2],x[5]))))",True,"not_(less_than_or_equal(pdiv(x[5],x[7]),mul(add(x[5],add(x[3],x[7])),mul(x[7],add(x[5],x[7])))))",0.22155688622754488,565b60e8ea058b39e5bc6be0d3d25800,0.22754491017964074,True,0.005988023952095856
8,24,"greater_than_or_equal(99.79, pdiv(add(x[7],x[2]),x[3]))",True,"not_(less_than_or_equal(pdiv(x[3],x[5]),add(pdiv(x[2],30.95),mul(x[0],x[3]))))",0.34730538922155685,4ac8a53c24397a99907b64c745d162c5,0.3413173652694611,True,-0.0059880239520957446
8,24,"greater_than_or_equal(x[5], mul(x[7],add(mul(sub(x[3],x[7]),mul(x[7],sub(x[5],mul(add(mul(x[7],add(x[5],x[7])),x[7]),x[7])))),add(x[7],pdiv(mul(x[5],x[2]),add(sub(x[7],x[7]),pdiv(x[5],x[5])))))))",False,,,0e3d601b0119098d345c82fd62aa7cd0,0.26347305389221554,False,0.0
8,24,"greater_than_or_equal(pdiv(add(x[2],x[5]),mul(x[2],mul(x[5],mul(x[7],add(mul(x[7],sub(x[7],mul(x[5],x[7]))),add(sub(sub(x[7],x[5]),add(x[2],x[3])),add(pdiv(x[3],pdiv(x[7],add(x[2],x[7]))),pdiv(x[3],x[7])))))))), x[3])",False,,,314aa65de5ddb6ef8fc37b6f9832b233,0.33532934131736525,False,0.0
8,24,"greater_than_or_equal(pdiv(x[5],x[7]), x[5])",True,"less_than_or_equal(x[2],x[2])",0.35928143712574845,bd082d42dcba8056510101f18394b575,0.35928143712574845,False,0.0
8,24,"not_(less_than_or_equal(pdiv(x[5],add(x[2],pdiv(x[2],add(x[2],x[2])))),x[5]))",True,"greater_than_or_equal(sub(pdiv(x[5],x[2]),x[5]), x[5])",0.2694610778443114,72989f9209d2ae9398572032465ff70a,0.281437125748503,True,0.0119760479041916
8,24,"not_(less_than_or_equal(x[2],x[5]))",True,"less_than_or_equal(x[5],x[2])",0.652694610778443,6fb17002302e404122653cf2c68db553,0.652694610778443,False,0.0
8,24,"less_than_or_equal(x[5],x[2])",True,"less_than_or_equal(x[5],x[2])",0.652694610778443,6fb17002302e404122653cf2c68db553,0.652694610778443,False,0.0
8,24,"not_(less_than_or_equal(pdiv(sub(mul(x[7],x[7]),mul(x[2],x[7])),x[7]),x[5]))",True,"greater_than_or_equal(x[7], mul(add(x[2],x[5]),pdiv(x[7],x[7])))",0.6167664670658682,416dcf46c8881ba7fb0ffdc2f0629f37,0.6167664670658682,False,0.0
8,24,"greater_than_or_equal(x[3], mul(x[5],add(x[2],add(x[5],00.94))))",False,,,d814a7642ee384d13b240cd65d18f828,0.5988023952095809,False,0.0
8,24,"greater_than_or_equal(sub(add(mul(pdiv(x[5],mul(x[0],x[5])),x[2]),92.04),sub(x[5],mul(x[7],add(x[2],x[2])))), mul(x[3],x[7]))",True,"less_than_or_equal(x[2],x[2])",0.35928143712574845,bd082d42dcba8056510101f18394b575,0.35928143712574845,False,0.0
8,24,"greater_than_or_equal(x[0], pdiv(x[5],x[3]))",True,"greater_than_or_equal(mul(x[0],x[3]), pdiv(x[5],x[3]))",0.6586826347305389,398030c733cc84fbe192baf690950e15,0.6586826347305389,False,0.0
8,24,"not_(less_than_or_equal(pdiv(x[5],x[3]),x[3]))",True,"not_(less_than_or_equal(pdiv(x[5],x[3]),x[3]))",0.3772455089820359,7cfa688c7b850bc6fb94ebd5891d9ac6,0.3772455089820359,False,0.0
8,24,"greater_than_or_equal(x[5], mul(x[0],x[3]))",True,"greater_than_or_equal(add(pdiv(x[3],x[3]),sub(x[5],x[3])), mul(pdiv(x[0],x[5]),mul(x[3],x[3])))",0.3413173652694611,20549abca100b155319252a5e0d92179,0.33532934131736525,True,-0.005988023952095856
8,24,"greater_than_or_equal(pdiv(x[5],pdiv(pdiv(add(x[5],add(x[7],x[5])),mul(x[7],sub(x[2],x[7]))),add(x[5],x[2]))), add(x[0],x[7]))",True,not_(x[6]),0.6347305389221557,b4068ba57b63c959651c969331c4b5cd,0.6407185628742516,True,0.005988023952095856
8,24,"greater_than_or_equal(x[5], mul(add(sub(x[7],sub(x[3],x[2])),x[3]),pdiv(mul(x[5],add(x[2],x[5])),x[5])))",True,"not_(less_than_or_equal(pdiv(x[5],add(x[2],x[7])),add(x[2],x[5])))",0.29940119760479045,b7cfdda3b7c9a73a0fca213dd30831b4,0.29940119760479045,False,0.0
8,24,"not_(less_than_or_equal(pdiv(x[5],x[2]),mul(x[5],add(99.79,pdiv(x[5],x[5])))))",True,not_(x[6]),0.6347305389221557,b4068ba57b63c959651c969331c4b5cd,0.6407185628742516,True,0.005988023952095856
8,24,"greater_than_or_equal(pdiv(x[5],add(x[2],x[5])), mul(x[7],add(x[5],sub(add(x[5],add(add(add(sub(x[7],sub(x[3],mul(x[5],x[2]))),add(x[2],x[7])),x[2]),add(x[2],x[3]))),add(pdiv(mul(x[3],x[7]),add(x[2],x[7])),pdiv(x[3],x[7]))))))",False,,,69e7240993db9dd40053f8e87b7f0d00,0.2455089820359282,False,0.0
8,24,"greater_than_or_equal(x[5], x[5])",True,"less_than_or_equal(x[2],x[2])",0.35928143712574845,bd082d42dcba8056510101f18394b575,0.35928143712574845,False,0.0
8,24,"greater_than_or_equal(sub(pdiv(x[7],x[7]),x[2]), mul(x[7],mul(x[7],pdiv(add(pdiv(sub(x[7],x[2]),add(x[2],x[7])),pdiv(x[5],x[5])),add(x[5],x[2])))))",False,,,9254cdaf5ca0c931e16b7245e0d9254c,0.2574850299401198,False,0.0
8,24,"greater_than_or_equal(x[5], mul(x[7],add(sub(74.75,sub(x[7],x[7])),pdiv(x[5],x[5]))))",True,not_(x[6]),0.6347305389221557,b4068ba57b63c959651c969331c4b5cd,0.6407185628742516,True,0.005988023952095856
8,24,"greater_than_or_equal(add(pdiv(mul(x[7],add(mul(x[0],mul(add(x[2],add(x[7],x[7])),mul(x[7],add(x[7],x[5])))),x[5])),x[2]),add(sub(x[7],x[7]),pdiv(x[5],x[5]))), mul(mul(x[5],x[7]),pdiv(x[7],x[3])))",True,"greater_than_or_equal(x[3], mul(mul(x[2],x[7]),sub(x[5],x[3])))",0.3173652694610778,ffa28f397bbf6e8b3fc8b0c1f44248cd,0.3173652694610778,False,0.0
8,24,"not_(less_than_or_equal(pdiv(x[5],x[5]),mul(x[5],add(add(x[2],x[5]),mul(x[7],mul(add(x[5],add(x[3],x[7])),mul(x[7],add(x[2],sub(pdiv(x[7],mul(x[5],x[0])),sub(sub(x[2],mul(pdiv(x[7],x[5]),mul(x[2],add(04.43,x[5])))),x[5]))))))))))",False,,,27859089e87464ea4ea0d36edfe928fd,0.23952095808383234,False,0.0
8,24,"greater_than_or_equal(pdiv(x[5],add(x[2],x[7])), mul(x[7],add(x[5],x[5])))",True,"greater_than_or_equal(x[5], mul(x[7],add(pdiv(x[7],sub(x[3],sub(pdiv(x[3],mul(x[7],add(x[7],x[2]))),x[3]))),x[5])))",0.22155688622754488,3d8079df8b8965df5019ae28ea17d3ad,0.21556886227544914,True,-0.0059880239520957446
8,24,"greater_than_or_equal(pdiv(mul(mul(x[7],mul(x[3],pdiv(x[5],x[7]))),add(add(sub(x[2],x[7]),add(x[5],pdiv(sub(x[2],add(x[2],x[3])),add(pdiv(x[3],pdiv(x[7],add(x[2],x[7]))),pdiv(x[3],x[7]))))),x[3])),x[5]), x[5])",False,,,8560ba897362bfbff5ddf526c2cce464,0.562874251497006,False,0.0
8,24,"greater_than_or_equal(mul(x[5],add(x[5],mul(x[5],add(x[0],mul(x[5],x[2]))))), add(sub(x[7],add(x[7],pdiv(x[5],add(add(x[2],x[7]),pdiv(x[5],x[5]))))),mul(mul(x[5],x[7]),pdiv(x[7],x[3]))))",False,,,60df2d920eaeafbddc1d7e2b1a4a0aee,0.3053892215568862,False,0.0
8,24,"not_(less_than_or_equal(pdiv(x[5],add(mul(x[5],pdiv(x[5],x[5])),mul(x[2],x[2]))),x[7]))",True,"greater_than_or_equal(pdiv(x[5],add(mul(x[2],x[2]),x[5])), x[7])",0.29940119760479045,eb49588f6230c524af771fc04b90cbed,0.29940119760479045,False,0.0
8,24,"greater_than_or_equal(pdiv(x[7],sub(x[7],x[2])), add(x[2],x[3]))",True,"less_than_or_equal(pdiv(add(x[2],x[5]),sub(x[2],x[7])),mul(mul(x[2],x[3]),mul(x[5],x[7])))",0.4730538922155688,6a9a868ce645e54c16a03959cbdb37f6,0.4730538922155688,False,0.0
8,24,"greater_than_or_equal(sub(pdiv(add(x[5],x[5]),mul(x[7],x[5])),x[7]), add(mul(x[0],add(add(add(mul(add(x[2],pdiv(mul(x[3],add(x[2],x[7])),x[7])),pdiv(x[7],x[5])),x[3]),x[5]),x[7])),add(mul(x[5],add(x[5],x[2])),x[2])))",False,,,38e7ad44a144bc9a6b2bb51a85027207,0.27544910179640714,False,0.0
8,24,"greater_than_or_equal(x[7], x[2])",True,"less_than_or_equal(pdiv(add(x[2],x[5]),sub(x[2],x[7])),mul(mul(x[2],x[3]),mul(x[5],x[7])))",0.4730538922155688,6a9a868ce645e54c16a03959cbdb37f6,0.4730538922155688,False,0.0
8,24,"greater_than_or_equal(x[5], sub(add(x[2],x[7]),sub(pdiv(x[5],x[7]),mul(x[7],add(x[5],pdiv(57.94,x[7]))))))",True,not_(x[6]),0.6347305389221557,b4068ba57b63c959651c969331c4b5cd,0.6407185628742516,True,0.005988023952095856
8,24,"greater_than_or_equal(add(pdiv(x[7],x[7]),pdiv(x[7],x[0])), x[7])",True,"less_than_or_equal(x[2],x[2])",0.35928143712574845,bd082d42dcba8056510101f18394b575,0.35928143712574845,False,0.0
8,24,"greater_than_or_equal(sub(pdiv(x[5],x[7]),x[5]), x[2])",True,"greater_than_or_equal(x[5], mul(x[7],add(x[5],x[2])))",0.23353293413173648,49521aab13419e9d4582e656c37790ef,0.23353293413173648,False,0.0
8,24,"greater_than_or_equal(pdiv(x[2],pdiv(pdiv(mul(x[2],x[2]),sub(add(add(x[5],45.09),pdiv(x[3],add(pdiv(x[3],pdiv(x[7],add(x[7],x[7]))),pdiv(x[3],x[2])))),pdiv(x[0],x[2]))),x[0])), add(add(x[2],x[3]),add(x[2],x[5])))",True,"less_than_or_equal(mul(mul(x[3],x[3]),pdiv(x[7],sub(37.93,add(x[5],x[2])))),mul(x[0],x[0]))",0.6047904191616766,2b99e7e9b25541f2348cdeee1f65dbda,0.6107784431137724,True,0.0059880239520957446
8,24,"greater_than_or_equal(pdiv(x[0],x[5]), mul(x[7],add(mul(add(x[7],x[5]),add(sub(x[2],add(pdiv(add(add(x[7],x[0]),x[2]),x[7]),x[2])),x[3])),x[7])))",False,,,aa8eeb0bb9c6d9f485e35f3bdedb97fe,0.39520958083832336,False,0.0
8,24,"greater_than_or_equal(x[5], mul(x[7],add(x[2],x[5])))",True,"greater_than_or_equal(x[5], mul(x[7],add(x[5],x[2])))",0.23353293413173648,49521aab13419e9d4582e656c37790ef,0.23353293413173648,False,0.0
8,24,"not_(less_than_or_equal(pdiv(x[5],x[7]),add(x[2],x[2])))",True,"not_(greater_than_or_equal(mul(x[7],add(x[2],x[2])), x[5]))",0.27544910179640714,f7539509fdd5f9bf93cc165393e6bf21,0.27544910179640714,False,0.0
8,24,"greater_than_or_equal(x[5], mul(mul(x[5],add(x[2],pdiv(sub(pdiv(add(x[7],x[2]),x[2]),x[0]),add(x[7],x[3])))),add(pdiv(x[5],add(pdiv(add(x[2],x[5]),add(pdiv(mul(x[2],x[2]),x[7]),x[7])),add(sub(x[7],sub(mul(x[7],x[0]),sub(pdiv(x[5],x[7]),x[3]))),x[7]))),x[5])))",False,,,11df87ac61dfb651123e408b8d3f5735,0.5868263473053892,False,0.0
8,24,"greater_than_or_equal(pdiv(x[5],x[5]), mul(x[5],mul(x[5],add(x[5],x[2]))))",True,"not_(less_than_or_equal(pdiv(pdiv(pdiv(x[2],x[2]),x[5]),add(x[2],x[5])),x[5]))",0.29940119760479045,60f7dedea310bfe831c5de5143ba604f,0.29940119760479045,False,0.0
8,24,"and_(not_(not_(greater_than_or_equal(pdiv(x[2],mul(x[3],x[7])), x[7]))),less_than_or_equal(34.89,pdiv(add(pdiv(pdiv(x[7],x[5]),add(x[2],x[7])),x[2]),x[7])))",False,,,0608f80d105c16868ba8c0e35c97ce70,0.6287425149700598,False,0.0
8,24,"greater_than_or_equal(pdiv(x[0],add(x[5],x[2])), add(x[7],sub(x[3],mul(x[5],add(x[7],mul(x[7],sub(x[3],mul(x[5],sub(sub(add(x[5],x[7]),add(x[5],x[7])),x[7])))))))))",False,,,06049e6763aaab1ccda54dda9f51dc30,0.6646706586826348,False,0.0
8,24,"greater_than_or_equal(x[5], mul(x[5],pdiv(x[7],add(add(x[2],x[5]),mul(x[7],add(add(sub(58.71,add(x[2],x[5])),x[7]),mul(x[2],add(04.05,sub(x[2],x[7])))))))))",True,"less_than_or_equal(x[2],x[2])",0.35928143712574845,bd082d42dcba8056510101f18394b575,0.35928143712574845,False,0.0
8,24,"greater_than_or_equal(sub(pdiv(x[7],x[2]),sub(pdiv(x[5],x[7]),add(x[5],x[5]))), add(pdiv(pdiv(x[5],x[2]),sub(add(x[7],x[2]),x[3])),x[5]))",False,,,f82e0b5ce9aabe71cce5b27691b24592,0.4491017964071856,False,0.0
8,24,"not_(greater_than_or_equal(add(mul(x[5],pdiv(x[7],x[7])),sub(pdiv(sub(x[7],x[2]),x[0]),00.69)), x[5]))",False,,,0aff8893ccaacb66e7690858ca4d3ca9,0.562874251497006,False,0.0
8,24,"greater_than_or_equal(x[5], x[0])",True,"less_than_or_equal(x[0],x[5])",0.37125748502994016,cdcd6f1e6c091ac380f1476046586fe6,0.37125748502994016,False,0.0
8,24,"greater_than_or_equal(00.29, add(sub(add(add(x[0],x[7]),x[3]),x[2]),x[3]))",False,,,501869dd2d865f9d682df943a2e9d39e,0.6407185628742516,False,0.0
8,24,"not_(less_than_or_equal(pdiv(x[5],x[7]),add(sub(36.99,add(x[2],x[5])),mul(x[7],mul(mul(x[5],add(x[3],pdiv(x[7],x[7]))),add(x[5],add(x[3],add(x[3],mul(x[7],add(x[7],x[2]))))))))))",True,not_(x[6]),0.6347305389221557,b4068ba57b63c959651c969331c4b5cd,0.6347305389221557,False,0.0
8,24,"less_than_or_equal(pdiv(pdiv(x[5],mul(pdiv(add(mul(pdiv(x[3],x[2]),add(x[2],x[2])),x[5]),x[5]),x[5])),x[2]),add(sub(x[7],x[7]),pdiv(x[5],x[5])))",False,,,6ae652965ebf850df73ed812524286d8,0.652694610778443,False,0.0
8,24,"greater_than_or_equal(add(add(add(x[0],add(x[5],x[2])),add(mul(x[5],add(x[7],x[2])),add(x[2],x[2]))),x[5]), x[5])",True,"less_than_or_equal(x[2],x[2])",0.35928143712574845,bd082d42dcba8056510101f18394b575,0.35928143712574845,False,0.0
8,24,"greater_than_or_equal(add(x[7],add(47.99,x[0])), add(sub(x[2],x[5]),sub(x[7],pdiv(mul(x[5],mul(sub(pdiv(x[3],x[7]),x[2]),pdiv(pdiv(x[7],x[2]),x[2]))),x[5]))))",True,"less_than_or_equal(x[2],x[2])",0.35928143712574845,bd082d42dcba8056510101f18394b575,0.35928143712574845,False,0.0
8,24,"greater_than_or_equal(x[5], mul(x[7],add(mul(sub(add(x[7],x[7]),sub(x[7],add(x[7],x[2]))),x[7]),add(mul(x[3],x[5]),pdiv(x[3],x[3])))))",True,"greater_than_or_equal(x[5], mul(x[7],add(x[7],add(x[3],x[7]))))",0.31137724550898205,92552161c5d20d1b9aa117454bb6ae16,0.3293413173652695,True,0.017964071856287456
8,24,"greater_than_or_equal(sub(pdiv(89.42,x[7]),sub(x[5],mul(x[5],x[5]))), add(x[7],x[2]))",True,"less_than_or_equal(x[2],x[2])",0.35928143712574845,bd082d42dcba8056510101f18394b575,0.35928143712574845,False,0.0
8,24,"not_(less_than_or_equal(pdiv(x[5],x[7]),add(x[5],pdiv(x[5],x[2]))))",True,"greater_than_or_equal(x[5], mul(x[7],add(x[5],pdiv(x[5],x[2]))))",0.5029940119760479,4198c927561ff59946368650b5661f4a,0.5089820359281437,True,0.005988023952095856
8,24,"greater_than_or_equal(sub(mul(x[5],add(x[2],x[2])),x[5]), x[5])",True,"greater_than_or_equal(x[2], pdiv(x[5],x[5]))",0.652694610778443,38d04e9716d0d4822bf3dbdceea9aa84,0.6467065868263473,True,-0.0059880239520957446
8,24,"not_(greater_than_or_equal(mul(add(x[5],x[2]),mul(x[7],add(mul(add(sub(mul(add(x[2],add(x[7],x[7])),add(pdiv(x[0],x[5]),x[7])),x[5]),x[5]),x[2]),add(sub(x[7],x[7]),pdiv(x[5],x[5]))))), mul(mul(x[5],x[7]),pdiv(x[7],x[3]))))",False,,,fdbdbacd1ff67498a800a1d4a1737ade,0.6287425149700598,False,0.0
8,24,"greater_than_or_equal(x[5], add(add(x[2],x[3]),add(x[2],x[5])))",True,not_(x[6]),0.6347305389221557,b4068ba57b63c959651c969331c4b5cd,0.6407185628742516,True,0.005988023952095856
8,24,"greater_than_or_equal(mul(x[5],add(x[2],mul(add(x[5],x[2]),x[7]))), sub(sub(x[5],sub(x[0],x[3])),65.79))",True,"less_than_or_equal(x[2],x[2])",0.35928143712574845,bd082d42dcba8056510101f18394b575,0.35928143712574845,False,0.0
8,24,"greater_than_or_equal(pdiv(x[5],x[5]), add(x[2],x[7]))",True,"less_than_or_equal(add(mul(x[7],pdiv(x[5],x[5])),x[2]),add(sub(x[7],x[7]),pdiv(69.44,sub(x[3],x[3]))))",0.19161676646706582,14c6e007ad625f3839f568e9ee8a86e1,0.19161676646706582,False,0.0
8,24,"not_(less_than_or_equal(pdiv(x[5],x[3]),mul(x[2],add(mul(add(x[5],mul(x[7],sub(x[7],x[2]))),mul(x[2],x[7])),mul(mul(x[5],x[5]),add(x[0],x[7]))))))",True,"greater_than_or_equal(x[5], mul(add(mul(add(pdiv(sub(x[7],add(x[2],x[5])),x[2]),pdiv(pdiv(mul(x[5],sub(x[3],x[3])),x[7]),x[5])),x[2]),x[3]),mul(x[5],x[7])))",0.37125748502994016,2f08b1571f4b4151dd1e837b401257ab,0.37125748502994016,False,0.0
8,24,"greater_than_or_equal(mul(x[7],x[5]), x[7])",True,"greater_than_or_equal(x[5], pdiv(x[2],x[2]))",0.688622754491018,d77781efe7d80c80545f6897faedc30c,0.688622754491018,False,0.0
8,24,"not_(less_than_or_equal(pdiv(x[5],x[3]),add(x[5],mul(x[7],add(x[5],x[7])))))",False,,,2209a07edd28fdedcfb9585360bf45a1,0.3293413173652695,False,0.0
8,24,"not_(less_than_or_equal(pdiv(x[5],add(add(add(x[5],mul(x[7],add(x[5],mul(x[7],add(pdiv(x[5],mul(x[5],add(x[2],x[5]))),x[7]))))),sub(x[5],mul(x[5],x[5]))),add(x[7],x[2]))),x[3]))",False,,,e0230d53ad978d008f3ac99c93c99367,0.5089820359281437,False,0.0
8,24,"greater_than_or_equal(x[7], x[5])",True,"greater_than_or_equal(x[7], x[5])",0.6107784431137724,793f9fa4aca1502cfe0a9ed6ab91b83c,0.6107784431137724,False,0.0
8,24,"less_than_or_equal(pdiv(sub(x[5],mul(x[5],add(x[2],x[5]))),x[5]),add(x[5],x[2]))",False,,,5b001b3f34eaca539c0b361f3dddd9d0,0.4251497005988024,False,0.0
8,24,"greater_than_or_equal(x[3], mul(mul(pdiv(x[5],add(x[2],x[2])),x[5]),x[7]))",False,,,6c3fdf279c27e0bc3e70b148cef72a5c,0.40718562874251496,False,0.0
8,24,"not_(greater_than_or_equal(pdiv(pdiv(x[0],add(x[2],x[5])),mul(x[7],add(x[5],x[3]))), x[5]))",False,,,c384229a30cc10ce7fac555c12453154,0.5149700598802396,False,0.0
8,24,"greater_than_or_equal(x[5], mul(x[7],add(mul(sub(x[3],x[7]),mul(x[7],pdiv(x[5],mul(x[5],x[5])))),add(x[7],x[2]))))",False,,,324efacf83a4b4f552bd301398a88574,0.3173652694610778,False,0.0
8,24,"greater_than_or_equal(sub(pdiv(89.30,x[2]),mul(x[5],add(x[5],x[2]))), x[7])",True,"greater_than_or_equal(pdiv(pdiv(93.09,add(x[0],x[2])),x[3]), mul(add(x[3],x[5]),x[5]))",0.3652694610778443,6bb8d5060871277e9a414636c648605b,0.3652694610778443,False,0.0
8,24,"greater_than_or_equal(x[7], x[5])",True,"greater_than_or_equal(x[7], x[5])",0.6107784431137724,793f9fa4aca1502cfe0a9ed6ab91b83c,0.6107784431137724,False,0.0
8,24,"not_(less_than_or_equal(pdiv(x[5],x[5]),x[7]))",True,"not_(less_than_or_equal(pdiv(x[5],x[5]),add(pdiv(x[2],96.92),x[7])))",0.39520958083832336,db0e6c3409e9b2885c8014a7de8788af,0.39520958083832336,False,0.0
8,24,"greater_than_or_equal(sub(pdiv(x[5],x[5]),add(mul(x[5],x[7]),add(x[5],x[7]))), x[7])",True,"greater_than_or_equal(pdiv(x[3],x[3]), add(add(x[7],x[7]),x[5]))",0.44311377245508987,04a9af1c8595285f04259f78eeae0c56,0.47904191616766467,True,0.0359281437125748
8,24,"greater_than_or_equal(x[5], mul(x[7],add(x[3],add(add(mul(x[7],add(x[2],x[2])),mul(x[3],x[7])),x[7]))))",True,"greater_than_or_equal(x[5], mul(x[7],add(x[7],add(x[3],x[7]))))",0.31137724550898205,92552161c5d20d1b9aa117454bb6ae16,0.3053892215568862,True,-0.005988023952095856
8,24,"greater_than_or_equal(x[2], mul(x[7],add(x[2],x[3])))",False,,,f58063aaa44e6be08051b363159942a6,0.4610778443113772,False,0.0
8,24,"greater_than_or_equal(pdiv(x[5],add(x[2],mul(add(x[5],x[2]),x[7]))), sub(sub(x[5],sub(x[0],x[3])),mul(x[7],add(mul(x[5],sub(sub(sub(sub(x[2],x[2]),x[2]),sub(x[7],sub(pdiv(x[3],x[7]),add(x[0],x[7])))),x[5])),add(x[0],add(x[5],x[2]))))))",False,,,93e6f606c038e4761c158d405673d6b0,0.23952095808383234,False,0.0
8,24,"less_than_or_equal(mul(pdiv(x[7],x[5]),x[5]),x[2])",True,"less_than_or_equal(add(x[5],x[7]),add(x[5],x[2]))",0.5269461077844311,544b4f45aa71542bcadfaa9d165fdbeb,0.5209580838323353,True,-0.0059880239520957446
8,24,"greater_than_or_equal(x[5], mul(mul(x[7],x[3]),mul(x[3],add(x[7],x[0]))))",False,,,7b4869d98e9f7891351fa024b5fd01e8,0.3173652694610778,False,0.0
8,24,"greater_than_or_equal(sub(pdiv(pdiv(x[5],44.75),mul(x[3],x[7])),x[7]), add(mul(x[3],x[7]),x[7]))",False,,,ea0195db8049781330dd65042579392a,0.5868263473053892,False,0.0
8,24,"not_(less_than_or_equal(pdiv(x[5],x[5]),add(mul(x[5],add(x[7],x[2])),add(add(pdiv(x[2],x[5]),x[5]),x[5]))))",True,"greater_than_or_equal(pdiv(x[5],add(x[5],x[2])), add(add(x[5],x[2]),x[5]))",0.6107784431137724,ae31cb00614912c9405ebe575ee41c45,0.6287425149700598,True,0.017964071856287456
8,24,"greater_than_or_equal(pdiv(x[7],add(x[2],x[2])), mul(50.94,x[7]))",True,not_(x[6]),0.6347305389221557,b4068ba57b63c959651c969331c4b5cd,0.6407185628742516,True,0.005988023952095856
8,24,"greater_than_or_equal(sub(x[5],x[5]), x[7])",True,not_(x[6]),0.6347305389221557,b4068ba57b63c959651c969331c4b5cd,0.6407185628742516,True,0.005988023952095856
8,24,"greater_than_or_equal(x[5], mul(pdiv(x[3],x[3]),add(add(x[7],x[7]),x[5])))",True,not_(x[6]),0.6347305389221557,b4068ba57b63c959651c969331c4b5cd,0.6407185628742516,True,0.005988023952095856
8,24,"greater_than_or_equal(33.63, add(x[3],x[2]))",True,"less_than_or_equal(x[2],x[2])",0.35928143712574845,bd082d42dcba8056510101f18394b575,0.35928143712574845,False,0.0
8,24,"greater_than_or_equal(sub(pdiv(x[5],x[5]),mul(x[5],add(x[7],sub(x[5],pdiv(x[5],add(pdiv(add(x[2],x[5]),x[5]),mul(x[2],x[2]))))))), x[7])",False,,,56a63cda6230bd169fce57432ec532eb,0.2694610778443114,False,0.0
8,24,"greater_than_or_equal(x[5], mul(add(pdiv(x[5],x[7]),mul(x[5],mul(x[7],add(x[5],x[0])))),add(add(x[0],x[7]),x[2])))",True,not_(x[6]),0.6347305389221557,b4068ba57b63c959651c969331c4b5cd,0.6347305389221557,False,0.0
8,24,"not_(less_than_or_equal(x[5],x[5]))",True,not_(x[6]),0.6347305389221557,b4068ba57b63c959651c969331c4b5cd,0.6407185628742516,True,0.005988023952095856
8,24,"less_than_or_equal(pdiv(pdiv(x[5],x[5]),add(mul(x[5],sub(x[2],add(x[2],x[5]))),mul(x[7],mul(add(x[5],add(x[3],x[7])),mul(x[7],add(x[2],pdiv(mul(x[3],add(x[2],x[7])),add(pdiv(pdiv(x[7],x[5]),x[3]),x[5])))))))),x[7])",False,,,3e4ab57f0f60079174c1cbe3d1d3d43f,0.2694610778443114,False,0.0
8,24,"greater_than_or_equal(pdiv(x[5],x[5]), x[5])",True,"less_than_or_equal(x[2],x[2])",0.35928143712574845,bd082d42dcba8056510101f18394b575,0.35928143712574845,False,0.0
8,24,"greater_than_or_equal(x[5], mul(x[7],add(x[5],x[2])))",True,"greater_than_or_equal(x[5], mul(x[7],add(x[5],x[2])))",0.23353293413173648,49521aab13419e9d4582e656c37790ef,0.23353293413173648,False,0.0
8,24,"greater_than_or_equal(x[5], mul(x[7],add(pdiv(add(mul(x[7],add(x[5],mul(x[5],add(add(x[7],x[5]),mul(x[7],pdiv(x[5],mul(add(x[5],x[2]),x[5]))))))),sub(x[7],add(x[5],x[7]))),mul(x[2],add(x[2],x[5]))),x[7])))",False,,,dfa1c1258dfeb6bb323edfabe65b3d60,0.28742514970059885,False,0.0
8,24,"greater_than_or_equal(sub(x[5],add(x[0],mul(add(x[5],x[2]),x[7]))), sub(sub(x[5],sub(x[0],x[3])),mul(x[7],add(mul(x[5],sub(sub(sub(sub(mul(sub(x[2],x[2]),sub(x[7],x[7])),add(x[3],x[5])),x[5]),x[2]),add(sub(x[7],x[7]),pdiv(x[5],x[5])))),mul(mul(x[5],x[7]),pdiv(x[7],x[3]))))))",False,,,a9f0b00653342d590bea03c3e70aa5b8,0.6646706586826348,False,0.0
8,24,"greater_than_or_equal(sub(pdiv(x[7],x[7]),x[7]), mul(add(x[5],x[7]),x[2]))",False,,,a82d336b7495684d6fbc34f28f83c9f5,0.20958083832335328,False,0.0
8,24,"greater_than_or_equal(x[5], mul(x[7],add(mul(sub(x[3],x[5]),79.38),x[5])))",True,"less_than_or_equal(mul(sub(x[7],x[0]),pdiv(x[7],25.93)),pdiv(x[7],sub(mul(x[3],x[5]),mul(x[3],x[3]))))",0.5089820359281437,8ad7ccd0e2bcf51cfea619f1321f2792,0.4970059880239521,True,-0.0119760479041916
8,24,"greater_than_or_equal(x[5], mul(mul(x[5],x[2]),add(mul(add(x[5],mul(x[7],add(x[5],x[2]))),x[7]),sub(sub(x[5],sub(x[0],x[3])),mul(x[7],add(mul(x[5],sub(sub(sub(sub(x[2],x[2]),sub(sub(add(x[2],x[7]),x[2]),add(x[2],x[3]))),add(pdiv(x[5],pdiv(x[7],add(x[2],x[7]))),pdiv(x[3],x[7]))),x[3])),x[5]))))))",False,,,6e1b8b875711dea1f9cbaf19066fa3ea,0.22155688622754488,False,0.0
8,24,"not_(less_than_or_equal(pdiv(x[5],add(x[3],mul(x[2],x[5]))),add(add(x[7],x[5]),x[2])))",False,,,0c0895c0789858ce147ab44473e8b095,0.4610778443113772,False,0.0
8,24,"greater_than_or_equal(09.69, pdiv(mul(mul(x[5],x[2]),x[2]),x[2]))",True,"less_than_or_equal(x[2],x[2])",0.35928143712574845,bd082d42dcba8056510101f18394b575,0.35928143712574845,False,0.0
8,24,"greater_than_or_equal(pdiv(x[5],x[2]), add(x[7],x[2]))",True,"greater_than_or_equal(pdiv(x[5],x[5]), add(add(x[2],mul(x[2],mul(sub(x[7],x[7]),pdiv(x[5],x[5])))),mul(mul(x[7],x[2]),sub(pdiv(add(x[7],x[2]),x[5]),x[5]))))",0.2934131736526946,b2764a6f3ef5bc579589eb89668b6cf5,0.29940119760479045,True,0.005988023952095856
8,24,"not_(less_than_or_equal(pdiv(x[5],x[3]),sub(x[5],mul(x[5],add(x[2],99.79)))))",True,"less_than_or_equal(x[2],x[2])",0.35928143712574845,bd082d42dcba8056510101f18394b575,0.3652694610778443,True,0.005988023952095856
8,24,"greater_than_or_equal(sub(pdiv(x[5],x[7]),x[2]), x[7])",True,"greater_than_or_equal(x[5], mul(x[7],add(x[7],x[2])))",0.2455089820359282,dbe0ded9608d153cce360999e2a5fae7,0.2455089820359282,False,0.0
8,24,"greater_than_or_equal(sub(pdiv(sub(add(x[7],x[7]),mul(x[7],add(x[7],x[5]))),x[2]),pdiv(pdiv(pdiv(mul(x[2],x[2]),sub(add(add(x[5],x[7]),x[2]),add(x[2],x[3]))),add(pdiv(x[3],pdiv(x[7],add(x[7],x[7]))),pdiv(x[3],x[2]))),pdiv(x[0],x[2]))), x[0])",False,,,b95050537adc166d0193860787d1b10e,0.3532934131736527,False,0.0
8,24,"greater_than_or_equal(add(x[7],add(x[5],mul(x[7],mul(mul(pdiv(x[2],mul(x[7],add(mul(x[3],x[5]),pdiv(x[3],sub(x[2],sub(pdiv(x[5],x[2]),x[2])))))),x[7]),pdiv(mul(x[2],pdiv(x[5],x[2])),x[5]))))), pdiv(x[7],add(x[7],x[2])))",False,,,f6b2db80dc4a2540d078f447c6602fee,0.49101796407185627,False,0.0
8,24,"not_(less_than_or_equal(pdiv(x[5],x[7]),add(x[5],x[3])))",True,"greater_than_or_equal(x[5], mul(x[7],add(x[5],x[3])))",0.3053892215568862,0947741ceb5018f757b589e69907d867,0.3053892215568862,False,0.0
8,24,"greater_than_or_equal(pdiv(x[3],x[5]), add(pdiv(pdiv(sub(mul(x[2],sub(add(x[7],x[2]),x[3])),x[5]),x[5]),add(x[2],x[5])),x[5]))",False,,,346e419a4f1f0d34c1923c7a5640b23c,0.29940119760479045,False,0.0
8,24,"greater_than_or_equal(x[2], mul(x[7],add(mul(x[7],add(x[2],x[5])),pdiv(add(pdiv(x[5],x[5]),add(x[7],x[2])),x[7]))))",True,not_(x[6]),0.6347305389221557,b4068ba57b63c959651c969331c4b5cd,0.6407185628742516,True,0.005988023952095856
8,24,"greater_than_or_equal(x[5], x[2])",True,"not_(not_(less_than_or_equal(x[2],x[5])))",0.34730538922155685,4af53f79d9ad2ffac455113b88a02dd4,0.34730538922155685,False,0.0
8,24,"greater_than_or_equal(x[5], mul(x[5],add(x[2],x[5])))",True,"not_(less_than_or_equal(pdiv(x[5],x[5]),add(x[5],x[2])))",0.2455089820359282,5825d6d8d32996f2f81bb41cc0bfa92f,0.2455089820359282,False,0.0
8,24,"greater_than_or_equal(mul(x[7],add(sub(x[5],x[5]),add(x[2],add(x[2],x[2])))), x[5])",False,,,ffc7dbc2f2253cc31bec03fb83d2d305,0.7604790419161677,False,0.0
8,24,"greater_than_or_equal(x[5], sub(x[0],x[3]))",True,"or_(less_than_or_equal(sub(x[2],x[5]),mul(x[3],x[2])),not_(greater_than_or_equal(x[5], x[3])))",0.38323353293413176,cc44f38a8b2fcefff95bcc01de90856f,0.37125748502994016,True,-0.0119760479041916
8,24,"not_(less_than_or_equal(x[5],x[2]))",True,"not_(not_(less_than_or_equal(x[2],x[5])))",0.34730538922155685,4af53f79d9ad2ffac455113b88a02dd4,0.34730538922155685,False,0.0
8,24,"not_(less_than_or_equal(pdiv(x[5],x[5]),add(mul(x[5],add(x[5],x[2])),add(x[2],x[2]))))",False,,,078b0a36377d7be8007ea2650a64db02,0.27544910179640714,False,0.0
8,24,"not_(less_than_or_equal(mul(x[5],x[5]),add(mul(x[5],x[7]),x[2])))",False,,,8722cf150bc60aa26087fd9a09138c49,0.46706586826347307,False,0.0
8,24,"greater_than_or_equal(pdiv(x[5],x[5]), add(x[7],mul(x[7],sub(x[3],mul(x[0],sub(sub(x[7],sub(x[7],x[2])),add(sub(pdiv(x[5],add(pdiv(x[3],pdiv(x[7],add(x[2],x[7]))),pdiv(x[3],x[7]))),x[3]),x[5])))))))",False,,,d3baa7132d22c4c0cce688bc7fcc940b,0.23353293413173648,False,0.0
8,24,"not_(greater_than_or_equal(mul(add(x[5],x[2]),mul(x[7],add(mul(pdiv(add(x[5],x[2]),x[5]),x[5]),pdiv(x[5],x[5])))), add(x[5],x[2])))",True,"greater_than_or_equal(x[5], mul(x[7],add(mul(x[5],add(x[5],x[2])),x[5])))",0.22155688622754488,e61648116a6f6ca12bb00c96f3f5bd1f,0.22155688622754488,False,0.0
8,24,"greater_than_or_equal(pdiv(x[5],x[7]), add(x[2],add(sub(sub(add(sub(x[3],pdiv(add(mul(x[7],sub(x[2],x[0])),mul(x[2],add(x[2],x[5]))),x[7])),x[2]),x[3]),x[5]),x[5])))",False,,,e56bfd12389b48898b436da193ca5e5b,0.33532934131736525,False,0.0
8,24,"greater_than_or_equal(x[5], mul(x[5],x[2]))",True,"not_(greater_than_or_equal(mul(x[7],x[2]), x[7]))",0.34730538922155685,f69cf4961d82af0c72c0014d2a401904,0.34730538922155685,False,0.0
8,24,"greater_than_or_equal(pdiv(x[7],add(add(x[2],x[3]),add(pdiv(x[3],pdiv(pdiv(x[7],x[2]),x[7])),pdiv(x[3],x[5])))), x[3])",False,,,cbf1d91c7ea79be4a1f1bc5c330f3c60,0.6167664670658682,False,0.0
8,24,"greater_than_or_equal(pdiv(x[5],add(mul(x[7],add(x[2],x[5])),sub(x[2],x[7]))), add(x[5],x[7]))",True,"greater_than_or_equal(pdiv(x[5],add(mul(x[7],add(x[2],x[5])),sub(x[2],x[7]))), add(x[5],x[7]))",0.33532934131736525,4719ba469c5ba5c04426de0ccc9e2556,0.33532934131736525,False,0.0
8,24,"greater_than_or_equal(add(x[5],add(x[3],x[5])), mul(x[7],add(x[5],add(x[5],x[7]))))",False,,,0f4f9fe03322e6acd52a2a6de6b178bb,0.3413173652694611,False,0.0
8,24,"greater_than_or_equal(sub(pdiv(x[5],x[5]),x[5]), mul(x[5],add(x[0],add(x[5],x[2]))))",False,,,fede4e29efb7e3b7ff25b9728d53e82c,0.40718562874251496,False,0.0
8,24,"greater_than_or_equal(sub(82.54,mul(x[2],x[2])), add(x[2],x[3]))",True,"less_than_or_equal(x[2],x[2])",0.35928143712574845,bd082d42dcba8056510101f18394b575,0.35928143712574845,False,0.0
8,24,"not_(greater_than_or_equal(add(pdiv(mul(x[2],pdiv(x[5],x[2])),x[5]),pdiv(x[7],add(x[7],x[2]))), x[7]))",True,not_(x[6]),0.6347305389221557,b4068ba57b63c959651c969331c4b5cd,0.6407185628742516,True,0.005988023952095856
8,24,"greater_than_or_equal(sub(pdiv(x[5],x[2]),x[2]), pdiv(pdiv(x[5],x[2]),mul(x[5],add(x[0],add(x[5],add(add(add(sub(x[7],sub(x[3],mul(x[0],x[7]))),add(x[2],x[0])),x[2]),add(x[2],x[3])))))))",False,,,c4edde7f26f06e232d761c492e1eebef,0.6167664670658682,False,0.0
8,24,"greater_than_or_equal(sub(pdiv(x[5],x[2]),x[7]), mul(x[5],pdiv(x[7],x[2])))",True,"greater_than_or_equal(sub(pdiv(x[5],x[2]),x[7]), mul(x[5],pdiv(x[7],x[2])))",0.23952095808383234,6b2dce2a55563b690ac7b96c24755ba3,0.23952095808383234,False,0.0
8,24,"greater_than_or_equal(pdiv(x[5],add(x[2],mul(add(x[5],x[2]),x[7]))), sub(sub(x[5],sub(x[0],x[3])),mul(x[7],add(mul(x[5],sub(sub(pdiv(add(x[7],x[2]),mul(pdiv(00.69,x[5]),x[5])),add(sub(x[5],x[5]),add(add(x[7],x[0]),x[2]))),x[0])),add(add(x[2],x[3]),add(x[2],x[5]))))))",True,"greater_than_or_equal(add(add(x[0],add(x[7],pdiv(x[5],x[2]))),x[7]), x[3])",0.35928143712574845,f10cef470e9edaad632c7debe414ab12,0.35928143712574845,False,0.0
8,24,"greater_than_or_equal(pdiv(x[5],add(x[7],mul(sub(add(sub(x[3],mul(x[5],sub(sub(add(x[5],x[7]),add(x[5],x[7])),x[7]))),x[7]),add(x[7],x[5])),x[5]))), x[2])",False,,,d3cc34c6522f1fcf9aa333c991b2e660,0.34730538922155685,False,0.0
8,24,"greater_than_or_equal(pdiv(mul(mul(x[5],x[2]),add(x[7],x[2])),x[3]), x[5])",False,,,1f95778a8a9c1d2bcca2a30736e9cdd6,0.6766467065868264,False,0.0
8,24,"greater_than_or_equal(pdiv(mul(x[7],x[2]),x[2]), x[5])",False,,,760ce80be21e4cce01d582cb3ca8dc33,0.5988023952095809,False,0.0
8,24,"greater_than_or_equal(x[5], mul(x[7],add(mul(sub(94.24,x[2]),x[5]),x[2])))",True,not_(x[6]),0.6347305389221557,b4068ba57b63c959651c969331c4b5cd,0.6347305389221557,False,0.0
8,24,"not_(less_than_or_equal(pdiv(x[5],add(mul(x[7],x[2]),x[2])),add(x[0],pdiv(x[7],mul(x[5],x[0])))))",False,,,750c13ab71d34ff1a922df370baf5b1d,0.34730538922155685,False,0.0
8,24,"not_(less_than_or_equal(pdiv(x[5],x[5]),add(mul(x[2],pdiv(x[3],add(pdiv(x[3],pdiv(x[7],add(x[2],x[7]))),pdiv(x[3],x[7])))),x[3])))",False,,,f821dcbff8428fda633a2d2fe820862d,0.35928143712574845,False,0.0
8,24,"greater_than_or_equal(pdiv(x[5],x[5]), add(x[7],mul(x[7],sub(x[3],mul(x[7],sub(sub(x[7],sub(x[7],x[2])),add(pdiv(add(x[7],x[2]),add(sub(pdiv(x[2],x[5]),x[5]),x[5])),x[2])))))))",False,,,327de39b8795a737c39fdaa7f47a329f,0.28742514970059885,False,0.0
8,24,"not_(less_than_or_equal(14.34,mul(add(x[5],x[5]),x[5])))",True,"less_than_or_equal(x[2],x[2])",0.35928143712574845,bd082d42dcba8056510101f18394b575,0.35928143712574845,False,0.0
8,24,"greater_than_or_equal(pdiv(x[5],x[5]), add(mul(x[5],add(x[7],x[2])),add(x[2],mul(x[7],add(x[2],x[5])))))",True,"not_(less_than_or_equal(pdiv(x[5],x[5]),add(mul(x[5],add(x[7],x[2])),add(x[2],mul(x[7],add(x[2],x[5]))))))",0.23952095808383234,1f938a0fd128a4e1a34ff7357f6bd01d,0.23952095808383234,False,0.0
8,24,"greater_than_or_equal(sub(pdiv(x[7],x[7]),x[7]), mul(x[7],add(x[7],x[2])))",True,"not_(less_than_or_equal(pdiv(x[5],x[7]),add(x[5],mul(x[5],add(add(x[7],x[0]),x[2])))))",0.23353293413173648,40d19945513b721f8a7891f4912df659,0.20958083832335328,True,-0.0239520958083832
8,24,"less_than_or_equal(mul(add(x[0],x[2]),mul(x[3],x[5])),pdiv(x[3],x[3]))",True,"less_than_or_equal(x[2],x[2])",0.35928143712574845,bd082d42dcba8056510101f18394b575,0.35928143712574845,False,0.0
8,24,"greater_than_or_equal(sub(pdiv(x[7],x[7]),x[7]), mul(add(x[5],x[2]),add(x[2],mul(x[7],add(x[2],x[5])))))",False,,,db1fc057f3265291e2014e8e4b37d141,0.21556886227544914,False,0.0
8,24,"greater_than_or_equal(sub(pdiv(pdiv(x[5],x[7]),x[7]),mul(add(x[5],add(x[7],x[5])),x[2])), x[5])",False,,,03695fbc589122920db9f9f69d7de839,0.21556886227544914,False,0.0
8,24,"not_(less_than_or_equal(mul(x[5],x[5]),add(mul(x[5],add(x[7],x[2])),add(x[2],pdiv(x[5],mul(add(x[2],x[5]),mul(x[7],add(x[3],mul(x[5],add(x[2],add(x[2],x[2])))))))))))",True,not_(x[6]),0.6347305389221557,b4068ba57b63c959651c969331c4b5cd,0.6407185628742516,True,0.005988023952095856
8,24,"greater_than_or_equal(pdiv(x[5],x[0]), x[5])",True,"less_than_or_equal(x[2],x[2])",0.35928143712574845,bd082d42dcba8056510101f18394b575,0.35928143712574845,False,0.0
8,24,"greater_than_or_equal(add(pdiv(45.93,x[5]),mul(x[2],mul(x[5],mul(x[7],add(mul(x[7],sub(add(pdiv(mul(x[5],x[7]),add(x[2],x[7])),x[2]),add(x[2],x[3]))),add(pdiv(x[3],pdiv(x[7],add(x[2],x[7]))),pdiv(x[3],x[7]))))))), x[3])",True,"less_than_or_equal(x[2],x[2])",0.35928143712574845,bd082d42dcba8056510101f18394b575,0.35928143712574845,False,0.0
8,24,"greater_than_or_equal(sub(pdiv(x[7],x[7]),x[3]), pdiv(x[5],x[2]))",False,,,81beb82258c1c806f6d7fe3a99c96f6c,0.6706586826347305,False,0.0
8,24,"greater_than_or_equal(pdiv(x[5],mul(mul(sub(x[2],add(sub(sub(x[5],sub(x[0],x[3])),mul(x[7],x[2])),x[2])),x[5]),x[5])), add(x[5],add(x[5],x[7])))",False,,,c58adec41ee78d0ba6c42b593353aa5b,0.6407185628742516,False,0.0
8,24,"not_(less_than_or_equal(pdiv(x[5],x[7]),add(x[5],pdiv(x[5],add(add(sub(x[0],add(sub(add(sub(x[2],x[2]),x[2]),x[5]),add(x[0],x[7]))),mul(x[7],add(x[7],x[2]))),x[7])))))",False,,,31b78560ba34c8d05f1f15fba02828cd,0.37125748502994016,False,0.0
8,24,"greater_than_or_equal(sub(pdiv(pdiv(add(mul(x[5],x[7]),add(x[7],x[7])),x[7]),add(mul(x[2],x[0]),mul(x[2],add(add(x[7],sub(x[3],mul(x[5],x[7]))),add(x[2],x[7]))))),x[2]), add(x[2],x[3]))",False,,,a9a669f595e22c3b0fff8f0858c0ae9a,0.2934131736526946,False,0.0
8,24,"greater_than_or_equal(pdiv(x[5],x[5]), add(x[7],pdiv(x[7],sub(x[7],add(x[2],x[5])))))",True,"greater_than_or_equal(add(x[5],x[2]), x[7])",0.38323353293413176,6412fe182f7defc06678d0a1041106c2,0.38323353293413176,False,0.0
8,24,"greater_than_or_equal(pdiv(x[5],x[3]), mul(x[5],sub(95.37,x[2])))",True,"not_(not_(less_than_or_equal(91.64,pdiv(x[2],pdiv(x[3],x[0])))))",0.6586826347305389,9f39b412647a2bed42ce034a15293284,0.652694610778443,True,-0.005988023952095856
8,24,"not_(less_than_or_equal(pdiv(x[5],x[3]),mul(x[3],add(mul(x[3],mul(x[7],x[7])),add(x[2],x[5])))))",False,,,1020285f59b29ff469c40c647045a363,0.32335329341317365,False,0.0
8,24,"greater_than_or_equal(24.49, mul(x[5],add(sub(x[2],x[5]),x[7])))",True,"less_than_or_equal(x[2],x[2])",0.35928143712574845,bd082d42dcba8056510101f18394b575,0.35928143712574845,False,0.0
8,24,"greater_than_or_equal(pdiv(x[5],x[5]), add(x[7],x[5]))",True,"not_(less_than_or_equal(pdiv(x[5],x[5]),add(x[7],x[5])))",0.32335329341317365,e44f6a949f00cb0bf86b1105d7c3453d,0.32335329341317365,False,0.0
8,24,"greater_than_or_equal(sub(pdiv(x[7],x[7]),x[2]), mul(x[7],add(x[3],x[7])))",False,,,1c3f028887f2fc438d2b497c1a565f23,0.22754491017964074,False,0.0
8,24,"greater_than_or_equal(add(mul(x[7],x[2]),x[5]), add(sub(x[2],x[5]),x[7]))",True,"greater_than_or_equal(x[5], sub(x[7],pdiv(x[5],pdiv(add(x[2],x[5]),x[5]))))",0.33532934131736525,084eb10daab79cd16eae9fb896fec938,0.3532934131736527,True,0.017964071856287456
8,24,"greater_than_or_equal(add(pdiv(sub(x[2],x[3]),x[5]),mul(x[7],add(x[7],x[5]))), x[5])",False,,,18207c352446b2aa8480b07e3baf398c,0.7005988023952097,False,0.0
8,24,"greater_than_or_equal(x[7], pdiv(x[3],x[5]))",True,"greater_than_or_equal(x[5], pdiv(x[3],x[7]))",0.6646706586826348,7163cc140f7c1d8b5064283f255cf146,0.6646706586826348,False,0.0
8,24,"greater_than_or_equal(15.27, sub(x[2],add(x[2],x[3])))",True,"less_than_or_equal(x[2],x[2])",0.35928143712574845,bd082d42dcba8056510101f18394b575,0.35928143712574845,False,0.0
8,24,"greater_than_or_equal(x[5], mul(x[7],add(x[7],x[0])))",True,"greater_than_or_equal(x[5], mul(x[7],add(x[7],x[0])))",0.3173652694610778,3462a3e37c5ec6d1948caca7de548540,0.3173652694610778,False,0.0
8,24,"greater_than_or_equal(pdiv(x[5],add(x[2],x[5])), mul(sub(mul(add(sub(add(x[2],x[2]),add(x[0],x[3])),add(pdiv(x[5],pdiv(x[7],add(x[2],x[7]))),pdiv(x[3],x[2]))),x[3]),x[5]),x[5]))",False,,,d9ca49c52ae8ac8111bab3cc4e40c701,0.5089820359281437,False,0.0
8,24,"greater_than_or_equal(mul(add(x[5],x[2]),add(mul(x[2],x[5]),x[5])), pdiv(x[5],x[5]))",False,,,b4c2fbba4f95d038616672afa28ca743,0.718562874251497,False,0.0
8,24,"greater_than_or_equal(pdiv(x[5],add(x[2],x[5])), mul(x[3],x[3]))",False,,,bd013962ff4e1f76cdd36df0b1904875,0.3413173652694611,False,0.0
8,24,"not_(less_than_or_equal(pdiv(x[5],x[2]),add(x[5],x[5])))",True,"greater_than_or_equal(sub(pdiv(x[5],x[2]),x[5]), x[5])",0.2694610778443114,72989f9209d2ae9398572032465ff70a,0.27544910179640714,True,0.0059880239520957446
8,24,"greater_than_or_equal(x[5], mul(mul(x[5],add(x[2],x[7])),add(add(x[0],x[7]),x[2])))",False,,,c279190856c43c44122e3510611077dc,0.19760479041916168,False,0.0
8,24,"not_(less_than_or_equal(pdiv(mul(mul(x[7],sub(pdiv(x[5],sub(add(pdiv(x[0],x[5]),add(x[7],x[2])),x[2])),x[2])),x[5]),pdiv(add(x[7],x[0]),x[2])),x[0]))",False,,,5e30afb55b1dd1d08e5a8e65a8937741,0.4011976047904192,False,0.0
8,24,"less_than_or_equal(x[5],mul(x[7],add(x[7],x[5])))",True,"not_(greater_than_or_equal(pdiv(x[5],x[7]), add(x[5],mul(x[7],pdiv(x[5],x[5])))))",0.7724550898203593,0030128647f99982f5296d7964088a85,0.7724550898203593,False,0.0
8,24,"greater_than_or_equal(x[5], mul(x[7],add(pdiv(x[7],sub(sub(sub(mul(x[5],x[7]),add(x[2],x[5])),x[2]),add(x[2],x[3]))),add(pdiv(x[3],pdiv(x[7],add(x[2],x[7]))),pdiv(x[3],x[7])))))",False,,,2d5e4df551e85de302643f72a97ddc91,0.5089820359281437,False,0.0
8,24,"greater_than_or_equal(sub(pdiv(pdiv(x[5],x[7]),x[7]),mul(add(sub(x[5],x[7]),x[0]),pdiv(x[5],x[5]))), x[2])",False,,,b4c6025fd01c2a93661a5276685fb2fa,0.32335329341317365,False,0.0
8,24,"greater_than_or_equal(sub(add(mul(x[3],x[5]),mul(mul(x[7],add(x[7],x[2])),add(x[5],x[5]))),x[7]), add(add(x[2],add(x[7],x[5])),x[0]))",True,not_(x[6]),0.6347305389221557,b4068ba57b63c959651c969331c4b5cd,0.6407185628742516,True,0.005988023952095856
8,24,"not_(greater_than_or_equal(x[5], x[5]))",True,not_(x[6]),0.6347305389221557,b4068ba57b63c959651c969331c4b5cd,0.6407185628742516,True,0.005988023952095856
8,24,"greater_than_or_equal(pdiv(x[0],pdiv(x[5],x[5])), add(mul(x[5],sub(x[7],x[2])),add(x[2],x[7])))",True,"not_(greater_than_or_equal(mul(x[7],x[5]), pdiv(x[5],sub(mul(x[0],x[2]),x[7]))))",0.6227544910179641,97740780b5563efcdb3e77851e4bab0c,0.6047904191616766,True,-0.017964071856287456
8,24,"greater_than_or_equal(pdiv(x[5],x[5]), add(x[2],x[7]))",True,"less_than_or_equal(add(mul(x[7],pdiv(x[5],x[5])),x[2]),add(sub(x[7],x[7]),pdiv(69.44,sub(x[3],x[3]))))",0.19161676646706582,14c6e007ad625f3839f568e9ee8a86e1,0.19161676646706582,False,0.0
8,24,"greater_than_or_equal(x[5], mul(x[7],add(mul(x[7],add(x[2],sub(pdiv(x[7],mul(x[5],x[0])),sub(sub(x[2],sub(pdiv(x[2],x[5]),mul(x[7],add(x[7],x[5])))),x[5])))),x[2])))",False,,,32f920dfb9f1154f9f1805bc1b1d399f,0.23353293413173648,False,0.0
8,24,"not_(less_than_or_equal(pdiv(x[5],x[5]),mul(x[2],add(add(x[2],x[5]),mul(x[7],mul(add(x[5],add(pdiv(add(x[7],x[5]),x[2]),sub(mul(x[2],add(x[2],x[5])),x[7]))),x[2]))))))",False,,,cc8146e6ef927323b83ab597f87fb13b,0.25149700598802394,False,0.0
8,24,"greater_than_or_equal(pdiv(x[3],mul(mul(x[7],x[2]),add(x[2],x[2]))), x[5])",False,,,6a2631a1df4d0843c3548543b6289198,0.29940119760479045,False,0.0
8,24,"not_(less_than_or_equal(pdiv(x[5],x[5]),add(mul(x[5],add(x[2],add(mul(x[3],add(x[5],x[3])),add(x[5],mul(x[7],add(x[7],x[7])))))),x[5])))",True,"greater_than_or_equal(00.39, mul(sub(add(add(add(x[5],x[3]),x[5]),x[2]),x[5]),x[5]))",0.5389221556886228,fca71278bcb6c40c5ba12809437b187e,0.49101796407185627,True,-0.04790419161676651
8,24,"greater_than_or_equal(pdiv(x[5],pdiv(pdiv(x[5],x[5]),add(x[5],x[2]))), mul(x[7],add(mul(x[3],x[2]),pdiv(x[3],x[3]))))",False,,,5fb2afe3868cd00e300161acf6cfbacd,0.47904191616766467,False,0.0
8,24,"greater_than_or_equal(x[5], mul(x[7],add(sub(x[5],sub(x[7],x[2])),add(x[2],x[3]))))",False,,,0d4ac332bb0a831168ff5ab942be3e46,0.2934131736526946,False,0.0
8,24,"not_(less_than_or_equal(pdiv(x[5],add(mul(pdiv(add(pdiv(x[5],x[5]),add(x[7],x[2])),mul(x[5],pdiv(x[2],pdiv(mul(x[5],x[5]),x[5])))),pdiv(x[7],sub(add(mul(x[7],mul(x[5],add(mul(x[3],x[5]),add(x[5],x[2])))),x[5]),x[5]))),pdiv(x[5],x[5]))),add(x[5],x[2])))",True,not_(x[6]),0.6347305389221557,b4068ba57b63c959651c969331c4b5cd,0.6407185628742516,True,0.005988023952095856
8,24,"greater_than_or_equal(x[5], mul(x[7],add(x[2],x[2])))",True,"not_(greater_than_or_equal(mul(x[7],add(x[2],x[2])), x[5]))",0.27544910179640714,f7539509fdd5f9bf93cc165393e6bf21,0.27544910179640714,False,0.0
8,24,"greater_than_or_equal(x[5], sub(add(x[2],x[7]),sub(pdiv(x[5],x[7]),mul(x[7],add(x[7],x[2])))))",True,"greater_than_or_equal(x[5], mul(x[7],add(x[7],x[2])))",0.2455089820359282,dbe0ded9608d153cce360999e2a5fae7,0.2455089820359282,False,0.0
8,24,"not_(less_than_or_equal(pdiv(mul(pdiv(add(x[2],mul(x[2],x[5])),add(add(x[7],x[5]),sub(sub(add(x[2],x[7]),x[2]),add(x[2],x[3])))),add(pdiv(x[3],pdiv(x[7],add(x[2],x[7]))),pdiv(x[3],x[7]))),x[3]),x[5]))",False,,,3564987fe24bac6f3ed640e26ed71975,0.5329341317365269,False,0.0
8,24,"greater_than_or_equal(sub(pdiv(x[5],x[5]),x[2]), add(mul(x[5],mul(x[7],x[2])),add(x[2],x[2])))",False,,,f0f65637b139bd243169d2cd1141488d,0.26347305389221554,False,0.0
8,24,"greater_than_or_equal(pdiv(x[5],x[7]), add(x[7],add(x[2],x[5])))",True,"not_(less_than_or_equal(pdiv(x[3],x[7]),add(x[7],pdiv(x[3],x[5]))))",0.3293413173652695,74dce5cb961f14b3bdac896efda7926c,0.281437125748503,True,-0.04790419161676651
8,24,"greater_than_or_equal(x[3], mul(x[7],add(x[7],x[5])))",True,"greater_than_or_equal(x[3], mul(x[7],add(x[7],x[5])))",0.3053892215568862,9af4a352110c6b25ae9e2ae6a13db1f4,0.3053892215568862,False,0.0
8,24,"less_than_or_equal(add(mul(pdiv(x[5],add(x[5],x[5])),mul(x[7],add(x[5],x[2]))),x[7]),sub(sub(x[5],sub(add(mul(x[7],add(x[7],x[2])),pdiv(x[2],x[2])),mul(x[3],x[7]))),x[7]))",True,not_(x[6]),0.6347305389221557,b4068ba57b63c959651c969331c4b5cd,0.6407185628742516,True,0.005988023952095856
8,24,"not_(less_than_or_equal(pdiv(93.40,x[3]),mul(x[7],add(mul(x[5],sub(x[7],sub(add(sub(x[2],pdiv(x[3],x[7])),x[7]),sub(x[7],x[7])))),x[5]))))",True,"less_than_or_equal(x[2],x[2])",0.35928143712574845,bd082d42dcba8056510101f18394b575,0.35928143712574845,False,0.0
8,24,"greater_than_or_equal(pdiv(x[5],add(x[5],mul(x[7],add(x[5],x[7])))), x[5])",True,"not_(less_than_or_equal(pdiv(x[5],x[5]),add(x[7],x[5])))",0.32335329341317365,e44f6a949f00cb0bf86b1105d7c3453d,0.32335329341317365,False,0.0
8,24,"greater_than_or_equal(x[2], x[5])",True,"less_than_or_equal(x[5],x[2])",0.652694610778443,6fb17002302e404122653cf2c68db553,0.652694610778443,False,0.0
8,24,"greater_than_or_equal(pdiv(add(x[2],x[3]),x[5]), mul(x[7],mul(x[7],x[5])))",False,,,199a0dcfa508292221ee610bcca77b0f,0.35928143712574845,False,0.0
8,24,"greater_than_or_equal(x[5], mul(x[7],add(x[5],x[5])))",True,"greater_than_or_equal(x[5], mul(x[7],add(x[5],x[5])))",0.2455089820359282,9545aae94dd0fcb8b281ddfedf2da4e6,0.2455089820359282,False,0.0
8,24,"greater_than_or_equal(add(x[2],x[5]), mul(x[7],mul(add(x[5],add(x[3],x[7])),mul(x[7],add(x[2],mul(pdiv(x[7],mul(x[5],x[0])),sub(sub(x[2],sub(pdiv(x[2],mul(x[7],x[7])),add(x[7],sub(add(x[5],x[2]),add(sub(x[7],x[7]),pdiv(x[5],x[5])))))),mul(mul(x[5],x[7]),pdiv(x[7],x[3])))))))))",False,,,858d2ee93dcf2f0a6381f2e3c1cf4f91,0.3173652694610778,False,0.0
8,24,"greater_than_or_equal(pdiv(x[5],x[5]), add(x[2],x[2]))",True,"not_(less_than_or_equal(pdiv(x[5],x[5]),add(x[2],x[2])))",0.25149700598802394,b1dd33075a09479c47bb17a355eef7af,0.25149700598802394,False,0.0
8,24,"greater_than_or_equal(pdiv(x[5],x[0]), add(pdiv(mul(x[7],add(x[3],x[7])),add(add(x[2],x[5]),x[5])),x[5]))",False,,,feae7f4bb5aad1cb43c523e848e585e9,0.3532934131736527,False,0.0
8,24,"greater_than_or_equal(94.97, x[7])",True,"less_than_or_equal(x[2],x[2])",0.35928143712574845,bd082d42dcba8056510101f18394b575,0.35928143712574845,False,0.0
8,24,"greater_than_or_equal(pdiv(x[5],x[5]), x[7])",True,"less_than_or_equal(x[2],x[2])",0.35928143712574845,bd082d42dcba8056510101f18394b575,0.35928143712574845,False,0.0
8,24,"greater_than_or_equal(pdiv(x[5],x[2]), pdiv(x[3],x[3]))",True,"not_(not_(less_than_or_equal(x[2],x[5])))",0.34730538922155685,4af53f79d9ad2ffac455113b88a02dd4,0.34730538922155685,False,0.0
8,24,"greater_than_or_equal(pdiv(x[3],x[0]), x[7])",True,"not_(less_than_or_equal(pdiv(x[3],x[5]),add(pdiv(x[2],30.95),mul(x[0],x[7]))))",0.3293413173652695,c7c0dd835d3e14b67c28a47fcb18c6c1,0.3293413173652695,False,0.0
8,24,"less_than_or_equal(x[5],mul(add(sub(x[7],sub(x[7],x[5])),x[2]),pdiv(pdiv(pdiv(mul(x[2],x[2]),pdiv(add(add(x[5],x[3]),x[2]),add(x[2],x[3]))),pdiv(pdiv(x[3],pdiv(x[7],add(x[7],x[7]))),pdiv(x[3],x[2]))),pdiv(x[0],x[2]))))",False,,,7e5c1b71866bfc3dca5a277261deddd8,0.4610778443113772,False,0.0
8,24,"greater_than_or_equal(sub(pdiv(x[2],x[3]),x[5]), mul(x[7],add(x[5],x[7])))",False,,,fbb5faffaf2cf9e867fc5cab8e6fbab8,0.592814371257485,False,0.0
8,24,"greater_than_or_equal(pdiv(x[5],add(x[5],x[7])), x[5])",True,"not_(less_than_or_equal(pdiv(x[5],x[5]),add(x[7],x[5])))",0.32335329341317365,e44f6a949f00cb0bf86b1105d7c3453d,0.32335329341317365,False,0.0
8,24,"greater_than_or_equal(sub(pdiv(x[2],x[7]),mul(x[7],add(x[5],x[7]))), sub(x[5],x[5]))",False,,,7adffb5d495d6d4064059fc8b2db5d8d,0.3652694610778443,False,0.0
8,24,"greater_than_or_equal(pdiv(x[5],x[7]), x[0])",True,"not_(less_than_or_equal(pdiv(x[5],x[0]),x[0]))",0.35928143712574845,5372ceb8b23ce5e1dd3bf5c2fc3a57aa,0.3413173652694611,True,-0.017964071856287345
8,24,"greater_than_or_equal(sub(pdiv(pdiv(x[5],x[0]),75.49),mul(x[5],add(x[5],x[2]))), x[2])",True,not_(x[6]),0.6347305389221557,b4068ba57b63c959651c969331c4b5cd,0.6407185628742516,True,0.005988023952095856
8,24,"greater_than_or_equal(x[5], add(x[5],x[2]))",True,"greater_than_or_equal(pdiv(mul(x[5],x[2]),pdiv(x[2],x[5])), add(sub(x[7],x[7]),add(x[5],x[0])))",0.6107784431137724,ec48eb4aba9f475884bcf9e8f28adadc,0.6167664670658682,True,0.005988023952095856
8,24,"greater_than_or_equal(pdiv(x[2],sub(pdiv(x[5],x[7]),x[5])), x[2])",True,"less_than_or_equal(mul(sub(sub(pdiv(x[5],x[7]),x[3]),x[5]),x[5]),x[5])",0.5808383233532934,9ce847aa2a154dd95c8a979d0558f9e9,0.652694610778443,True,0.0718562874251496
8,24,"less_than_or_equal(pdiv(pdiv(x[5],x[5]),add(mul(x[5],sub(x[2],add(x[2],x[5]))),mul(x[7],mul(mul(x[5],add(mul(add(x[7],mul(x[7],add(x[5],add(x[0],add(x[3],mul(x[7],add(x[0],x[7]))))))),add(x[5],x[2])),mul(x[3],x[7]))),x[7])))),add(x[7],x[5]))",False,,,0424965dbcebbddc1df1bd056effe766,0.281437125748503,False,0.0
8,24,"greater_than_or_equal(x[5], mul(add(pdiv(x[7],sub(x[3],x[5])),mul(x[7],add(x[5],x[7]))),x[2]))",False,,,dd194def7b46a8e8fe6ae813fe3ba0c9,0.4131736526946108,False,0.0
8,24,"greater_than_or_equal(x[5], mul(x[7],add(mul(add(x[5],mul(add(add(x[2],x[7]),add(pdiv(x[3],pdiv(x[7],add(x[2],x[7]))),pdiv(x[3],x[7]))),x[3])),x[5]),x[5])))",False,,,ec770cde9e29d31fb5e8facade06187a,0.3293413173652695,False,0.0
8,24,"greater_than_or_equal(pdiv(x[5],x[5]), add(x[7],mul(x[7],sub(x[3],mul(x[5],sub(sub(add(x[2],x[7]),64.74),x[5]))))))",False,,,39c0b38c3f56f9a62ad22e6a7e194812,0.6107784431137724,False,0.0
8,24,"greater_than_or_equal(pdiv(x[5],x[5]), x[5])",True,"less_than_or_equal(x[2],x[2])",0.35928143712574845,bd082d42dcba8056510101f18394b575,0.35928143712574845,False,0.0
8,24,"greater_than_or_equal(sub(pdiv(x[7],x[7]),x[7]), mul(x[7],add(x[7],x[2])))",True,"not_(less_than_or_equal(pdiv(x[5],x[7]),add(x[5],mul(x[5],add(add(x[7],x[0]),x[2])))))",0.23353293413173648,40d19945513b721f8a7891f4912df659,0.20958083832335328,True,-0.0239520958083832
8,24,"greater_than_or_equal(mul(mul(x[0],add(x[3],mul(x[5],add(x[2],add(x[2],70.03))))),x[5]), x[5])",False,,,0ad28874906d9eade9f88b7ee8e65d36,0.592814371257485,False,0.0
8,24,"greater_than_or_equal(x[5], mul(59.79,x[5]))",True,not_(x[6]),0.6347305389221557,b4068ba57b63c959651c969331c4b5cd,0.6347305389221557,False,0.0
8,24,"greater_than_or_equal(x[5], mul(x[0],mul(x[7],add(mul(add(x[7],x[5]),add(sub(x[2],x[5]),add(add(x[7],x[0]),x[2]))),x[7]))))",False,,,a0337429d808f2a46c7763c36847bffb,0.32335329341317365,False,0.0
8,24,"greater_than_or_equal(pdiv(x[5],pdiv(x[5],x[0])), x[5])",True,"greater_than_or_equal(pdiv(pdiv(x[7],add(x[5],x[2])),add(x[5],add(mul(mul(x[7],pdiv(pdiv(mul(pdiv(x[7],x[2]),x[7]),x[0]),x[7])),pdiv(x[5],x[2])),x[5]))), x[0])",0.3772455089820359,66e36a61185ef68f07635494dd245e8c,0.3772455089820359,False,0.0
8,24,"greater_than_or_equal(sub(pdiv(add(x[5],x[5]),sub(x[5],x[5])),add(add(x[7],x[0]),x[2])), x[0])",True,"greater_than_or_equal(pdiv(x[5],x[5]), add(add(x[7],x[0]),x[2]))",0.20359281437125754,2c8ba4c0896bdabce262eefb429de9c2,0.22754491017964074,True,0.0239520958083832
8,24,"greater_than_or_equal(pdiv(x[2],add(x[2],x[7])), mul(x[7],add(x[5],x[7])))",False,,,30bd4aed14d94172b779ab8cb586d44b,0.35928143712574845,False,0.0
8,24,"not_(greater_than_or_equal(pdiv(x[5],x[7]), x[3]))",True,"greater_than_or_equal(x[7], pdiv(x[5],x[3]))",0.6586826347305389,c4d62ee0d9ef954add009e50887aed2e,0.6586826347305389,False,0.0
8,24,"greater_than_or_equal(x[5], mul(x[7],add(pdiv(add(mul(x[7],add(x[5],mul(x[5],add(add(x[7],x[5]),mul(x[7],add(x[5],mul(add(x[5],pdiv(x[5],add(mul(x[5],x[7]),add(x[3],x[7])))),x[7]))))))),add(mul(x[2],add(pdiv(mul(x[2],add(sub(x[7],sub(x[3],mul(x[5],x[7]))),add(x[2],x[7]))),x[2]),add(x[2],x[3]))),add(pdiv(x[3],pdiv(x[7],add(x[2],x[7]))),pdiv(x[3],x[7])))),x[3]),x[5])))",True,not_(x[6]),0.6347305389221557,b4068ba57b63c959651c969331c4b5cd,0.6407185628742516,True,0.005988023952095856
8,24,"greater_than_or_equal(00.59, mul(sub(add(add(79.15,x[2]),x[7]),x[5]),x[5]))",True,not_(x[6]),0.6347305389221557,b4068ba57b63c959651c969331c4b5cd,0.6347305389221557,False,0.0
8,24,"greater_than_or_equal(x[5], mul(x[3],x[5]))",True,"less_than_or_equal(x[2],x[2])",0.35928143712574845,bd082d42dcba8056510101f18394b575,0.35928143712574845,False,0.0
8,24,"greater_than_or_equal(sub(x[2],x[5]), x[2])",True,not_(x[6]),0.6347305389221557,b4068ba57b63c959651c969331c4b5cd,0.6347305389221557,False,0.0
8,24,"greater_than_or_equal(24.15, pdiv(x[5],x[2]))",True,"less_than_or_equal(x[2],x[2])",0.35928143712574845,bd082d42dcba8056510101f18394b575,0.35928143712574845,False,0.0
8,24,"greater_than_or_equal(add(add(pdiv(x[5],add(mul(x[3],x[5]),add(x[7],x[7]))),x[7]),add(mul(x[2],mul(pdiv(mul(x[2],add(sub(x[7],sub(x[3],mul(x[5],x[7]))),add(x[2],mul(sub(x[2],add(x[2],x[3])),add(pdiv(x[3],pdiv(x[7],add(x[2],x[7]))),pdiv(x[3],x[7])))))),x[3]),x[5])),x[5])), add(x[2],x[5]))",False,,,2ef048a36108157f784d78d81c890708,0.34730538922155685,False,0.0
8,24,"and_(less_than_or_equal(mul(pdiv(x[7],mul(x[5],x[0])),sub(sub(x[2],sub(pdiv(x[2],x[5]),mul(x[7],add(x[7],x[5])))),x[5])),x[2]),greater_than_or_equal(x[7], x[7]))",False,,,025cee6c322311422663bdca765cb2c4,0.2934131736526946,False,0.0
8,24,"not_(less_than_or_equal(pdiv(mul(x[7],add(x[7],x[2])),x[5]),pdiv(mul(x[2],pdiv(x[5],x[2])),x[5])))",True,"greater_than_or_equal(pdiv(x[2],pdiv(pdiv(x[5],x[7]),add(x[2],x[7]))), x[2])",0.7305389221556886,4c54a44fa941257f7774dd80519fde2a,0.7365269461077844,True,0.0059880239520957446
8,24,"greater_than_or_equal(sub(pdiv(x[7],x[7]),x[2]), x[5])",True,"not_(less_than_or_equal(pdiv(x[5],x[5]),add(x[5],x[2])))",0.2455089820359282,5825d6d8d32996f2f81bb41cc0bfa92f,0.2455089820359282,False,0.0
8,24,"greater_than_or_equal(x[5], mul(add(mul(add(x[2],x[2]),x[7]),sub(sub(93.37,x[5]),x[5])),x[5]))",True,not_(x[6]),0.6347305389221557,b4068ba57b63c959651c969331c4b5cd,0.6347305389221557,False,0.0
8,24,"greater_than_or_equal(sub(add(97.57,x[2]),x[7]), add(mul(x[7],add(x[2],x[5])),pdiv(add(pdiv(x[5],x[5]),add(x[7],x[2])),55.64)))",True,"less_than_or_equal(x[2],x[2])",0.35928143712574845,bd082d42dcba8056510101f18394b575,0.35928143712574845,False,0.0
8,24,"greater_than_or_equal(pdiv(x[5],x[5]), add(x[2],x[7]))",True,"less_than_or_equal(add(mul(x[7],pdiv(x[5],x[5])),x[2]),add(sub(x[7],x[7]),pdiv(69.44,sub(x[3],x[3]))))",0.19161676646706582,14c6e007ad625f3839f568e9ee8a86e1,0.19161676646706582,False,0.0
8,24,"greater_than_or_equal(00.35, mul(x[5],sub(sub(sub(sub(x[2],x[2]),x[2]),x[5]),mul(x[7],add(x[7],x[5])))))",True,"less_than_or_equal(x[2],x[2])",0.35928143712574845,bd082d42dcba8056510101f18394b575,0.35928143712574845,False,0.0
8,24,"greater_than_or_equal(x[5], mul(add(mul(add(x[5],x[2]),x[7]),sub(sub(x[5],sub(x[0],x[3])),mul(x[7],x[5]))),sub(add(add(x[0],pdiv(x[5],pdiv(sub(x[2],mul(sub(x[2],mul(x[7],add(x[7],x[2]))),x[3])),x[5]))),x[5]),add(x[2],x[5]))))",False,,,b030b304d099afa34ba40e96c95fa0be,0.652694610778443,False,0.0
8,24,"greater_than_or_equal(x[7], add(x[5],x[7]))",True,not_(x[6]),0.6347305389221557,b4068ba57b63c959651c969331c4b5cd,0.6347305389221557,False,0.0
8,24,"greater_than_or_equal(pdiv(add(pdiv(x[5],x[2]),x[5]),x[2]), x[5])",True,"less_than_or_equal(x[2],x[2])",0.35928143712574845,bd082d42dcba8056510101f18394b575,0.35928143712574845,False,0.0
8,24,"greater_than_or_equal(00.33, x[3])",False,,,3ff1714e75718fd40c73ef618448d09f,0.562874251497006,False,0.0
8,24,"greater_than_or_equal(x[5], sub(add(add(x[0],x[7]),add(add(sub(x[2],x[0]),x[2]),mul(x[7],add(x[7],x[2])))),x[3]))",False,,,c45773fc64331de8f137160ea81770e2,0.3532934131736527,False,0.0
8,24,"greater_than_or_equal(x[5], add(x[3],x[7]))",True,"less_than_or_equal(add(x[3],x[7]),mul(x[5],x[5]))",0.6347305389221557,9ea6c84aef50ed3a3f9642a5d02a2ba3,0.5329341317365269,True,-0.10179640718562877
8,24,"greater_than_or_equal(pdiv(x[5],pdiv(x[5],add(x[2],x[2]))), sub(x[2],mul(add(x[5],x[2]),x[7])))",True,"less_than_or_equal(x[2],x[2])",0.35928143712574845,bd082d42dcba8056510101f18394b575,0.35928143712574845,False,0.0
8,24,"greater_than_or_equal(pdiv(x[5],24.40), add(pdiv(x[5],x[3]),x[7]))",True,not_(x[6]),0.6347305389221557,b4068ba57b63c959651c969331c4b5cd,0.6407185628742516,True,0.005988023952095856
8,24,"greater_than_or_equal(x[5], mul(add(sub(x[7],sub(x[2],sub(x[5],x[7]))),sub(x[2],x[7])),x[0]))",True,"less_than_or_equal(x[2],x[2])",0.35928143712574845,bd082d42dcba8056510101f18394b575,0.35928143712574845,False,0.0
8,24,"not_(greater_than_or_equal(x[5], add(x[2],x[5])))",True,"less_than_or_equal(pdiv(sub(x[0],x[0]),sub(x[0],x[2])),x[0])",0.38323353293413176,d0734af37aab8e9b6c733bcf8f431f61,0.38323353293413176,False,0.0
8,24,"greater_than_or_equal(x[5], mul(sub(pdiv(x[5],x[7]),add(mul(x[2],x[5]),x[7])),add(x[5],x[7])))",True,"greater_than_or_equal(sub(pdiv(x[2],sub(pdiv(x[5],x[7]),x[5])),add(x[5],sub(sub(pdiv(x[5],x[7]),pdiv(x[5],x[5])),x[5]))), x[2])",0.6946107784431137,f448dd6f29c26a0acb3372ddeb90b04c,0.7245508982035929,True,0.029940119760479167
8,24,"not_(less_than_or_equal(pdiv(pdiv(x[5],add(x[2],x[5])),mul(x[7],mul(x[5],x[3]))),x[5]))",True,"less_than_or_equal(mul(mul(x[7],x[7]),add(x[5],x[2])),add(sub(x[7],x[5]),pdiv(x[5],x[3])))",0.34730538922155685,af454be8e862ff3864da07e226b0631c,0.3413173652694611,True,-0.0059880239520957446
8,24,"greater_than_or_equal(pdiv(x[5],x[2]), x[5])",True,"not_(greater_than_or_equal(mul(x[7],x[2]), x[7]))",0.34730538922155685,f69cf4961d82af0c72c0014d2a401904,0.34730538922155685,False,0.0
8,24,"greater_than_or_equal(sub(pdiv(x[0],x[2]),x[2]), x[5])",False,,,d1745115530b3808f824b8afd1773a28,0.5089820359281437,False,0.0
8,24,"not_(less_than_or_equal(pdiv(x[2],add(add(add(x[5],mul(x[5],add(x[5],x[5]))),x[5]),mul(x[5],add(x[0],add(x[5],x[2]))))),add(sub(x[7],sub(x[3],mul(x[5],x[7]))),add(x[2],x[7]))))",False,,,964d9495ffa6cd948d3e3c23a24a7abe,0.5329341317365269,False,0.0
8,24,"greater_than_or_equal(mul(x[5],x[7]), add(x[0],x[7]))",True,not_(x[6]),0.6347305389221557,b4068ba57b63c959651c969331c4b5cd,0.6407185628742516,True,0.005988023952095856
8,24,"greater_than_or_equal(add(mul(x[7],add(x[5],mul(add(sub(mul(x[5],add(x[7],x[2])),add(x[2],x[2])),x[5]),x[5]))),x[5]), x[2])",True,"greater_than_or_equal(add(mul(x[0],x[2]),sub(x[5],x[0])), sub(sub(x[2],x[0]),mul(x[5],x[5])))",0.34730538922155685,fa36c7eff201c5964686ffd342c69e5e,0.3652694610778443,True,0.017964071856287456
8,24,"greater_than_or_equal(x[2], mul(x[0],x[7]))",True,"greater_than_or_equal(mul(pdiv(add(x[0],add(x[5],x[2])),add(x[7],x[0])),x[2]), x[0])",0.38323353293413176,70842362fb60908f5540c815b1ce97ab,0.33532934131736525,True,-0.04790419161676651
8,24,"greater_than_or_equal(x[5], mul(x[7],add(x[5],add(x[5],x[5]))))",True,"not_(less_than_or_equal(pdiv(x[5],x[7]),add(x[5],mul(x[5],add(add(pdiv(x[7],add(x[5],x[2])),add(sub(x[7],sub(x[5],mul(x[5],x[5]))),add(x[5],x[2]))),mul(x[7],pdiv(mul(x[5],x[5]),x[0])))))))",0.3293413173652695,877c20a569f40bf48158ba6b014c60ff,0.33532934131736525,True,0.0059880239520957446
8,24,"greater_than_or_equal(pdiv(x[5],x[2]), mul(x[7],pdiv(pdiv(x[3],x[3]),add(add(x[7],x[0]),x[2]))))",True,"less_than_or_equal(sub(mul(x[2],x[7]),mul(x[0],x[7])),pdiv(mul(x[7],x[5]),add(x[3],x[0])))",0.33532934131736525,3196da2bdbd782d607c6576ee8113934,0.33532934131736525,False,0.0
8,24,"greater_than_or_equal(sub(pdiv(x[5],x[7]),add(x[5],x[5])), mul(x[2],sub(x[0],sub(mul(x[7],x[2]),pdiv(pdiv(x[5],x[7]),add(x[3],x[5]))))))",True,"greater_than_or_equal(sub(pdiv(x[5],x[7]),add(x[5],x[5])), mul(x[2],sub(x[0],sub(mul(x[7],x[2]),pdiv(pdiv(x[5],x[7]),add(x[3],x[5]))))))",0.3173652694610778,ff712a52274651a0d2f1a356068f8740,0.3173652694610778,False,0.0
8,24,"not_(less_than_or_equal(add(sub(x[2],x[5]),add(add(x[7],sub(add(pdiv(pdiv(x[7],x[2]),x[3]),x[7]),sub(x[5],mul(x[5],x[5])))),add(x[7],x[2]))),x[3]))",False,,,19bb4852cfa822996148d987e17a333a,0.3772455089820359,False,0.0
8,24,"greater_than_or_equal(pdiv(x[3],x[3]), add(add(x[7],x[5]),x[3]))",True,"less_than_or_equal(x[5],sub(sub(pdiv(x[5],x[5]),x[3]),x[7]))",0.5329341317365269,76bda5b2d6cfb81760813f25a9e449b0,0.5329341317365269,False,0.0
8,24,"greater_than_or_equal(x[5], mul(x[3],add(add(x[2],x[0]),add(add(x[2],x[3]),add(x[2],x[5])))))",False,,,cd43ab03704ee3e2f5c6d49a06955042,0.5269461077844311,False,0.0
8,24,"not_(greater_than_or_equal(mul(x[7],add(x[2],x[5])), x[2]))",True,"not_(less_than_or_equal(pdiv(x[2],x[7]),add(x[5],x[2])))",0.46706586826347307,ba0578c6a0d25654bf689821b685b78a,0.46706586826347307,False,0.0
8,24,"greater_than_or_equal(pdiv(pdiv(pdiv(x[5],x[7]),add(mul(x[5],x[3]),x[7])),x[7]), x[7])",False,,,0741c1074665b838af8fd1e6b93105e9,0.32335329341317365,False,0.0
8,24,"greater_than_or_equal(x[5], mul(x[7],add(mul(x[0],x[5]),x[3])))",True,"greater_than_or_equal(x[5], mul(x[3],add(x[0],x[7])))",0.33532934131736525,9c4eb66d47f872f22af56eb067a74fde,0.3173652694610778,True,-0.017964071856287456
8,24,"greater_than_or_equal(x[5], mul(x[7],mul(mul(pdiv(add(sub(pdiv(pdiv(mul(x[5],x[7]),add(x[2],x[5])),x[2]),add(x[2],x[3])),add(pdiv(x[3],pdiv(x[7],add(x[2],x[7]))),pdiv(x[3],x[7]))),x[3]),x[5]),x[5])))",False,,,4e8281507a48cfe72005d1e045419965,0.4491017964071856,False,0.0
8,24,"not_(greater_than_or_equal(pdiv(x[5],x[3]), mul(x[7],add(mul(add(x[5],mul(x[7],add(x[7],x[2]))),x[5]),x[7]))))",False,,,2779163f2e720a9df8fb368712d415e9,0.718562874251497,False,0.0
8,24,"greater_than_or_equal(x[5], mul(x[7],add(x[5],x[7])))",True,"greater_than_or_equal(x[5], mul(x[7],add(x[7],x[5])))",0.22754491017964074,051dec5cdded21754165aaf5f887a47e,0.22754491017964074,False,0.0
8,24,"greater_than_or_equal(x[0], x[5])",True,"less_than_or_equal(x[5],x[0])",0.6227544910179641,2aedc6e15176de9ec0c909a1a3b35796,0.6227544910179641,False,0.0
8,24,"greater_than_or_equal(x[5], mul(add(sub(x[7],sub(x[3],x[5])),mul(pdiv(x[5],mul(x[7],add(x[5],pdiv(add(add(mul(x[5],add(x[7],x[2])),add(x[2],x[2])),x[5]),x[5])))),x[5])),x[2]))",False,,,66e3fbdd9d3f9456045740a61361ae2a,0.29940119760479045,False,0.0
8,24,"greater_than_or_equal(pdiv(x[5],x[7]), mul(x[7],x[5]))",True,"less_than_or_equal(x[2],x[2])",0.35928143712574845,bd082d42dcba8056510101f18394b575,0.35928143712574845,False,0.0
8,24,"greater_than_or_equal(x[5], x[2])",True,"not_(not_(less_than_or_equal(x[2],x[5])))",0.34730538922155685,4af53f79d9ad2ffac455113b88a02dd4,0.34730538922155685,False,0.0
8,24,"greater_than_or_equal(pdiv(add(x[7],sub(x[5],mul(x[5],x[5]))),add(x[7],x[2])), x[3])",False,,,7d7db65e3a3e5603d6bc09edd8b7c2ea,0.31137724550898205,False,0.0
8,24,"greater_than_or_equal(sub(pdiv(pdiv(x[5],x[7]),x[7]),mul(x[5],x[5])), add(x[5],x[2]))",True,"greater_than_or_equal(sub(pdiv(add(x[5],x[5]),mul(x[7],x[5])),x[7]), add(mul(x[7],add(add(add(mul(add(x[2],pdiv(mul(x[3],add(x[2],x[7])),x[7])),pdiv(x[7],x[5])),x[3]),x[5]),x[7])),add(x[2],x[7])))",0.20958083832335328,4b65a19416e3d426ba8d1747f63d40ee,0.21556886227544914,True,0.005988023952095856
8,24,"greater_than_or_equal(pdiv(add(x[5],add(x[7],x[0])),pdiv(x[5],x[5])), x[2])",True,"less_than_or_equal(mul(pdiv(x[5],x[5]),add(x[2],sub(x[5],x[5]))),add(x[5],x[7]))",0.37125748502994016,8333158308c3f8dab75290a9ccb65096,0.35928143712574845,True,-0.011976047904191711
8,24,"greater_than_or_equal(sub(pdiv(x[5],sub(x[5],x[5])),x[5]), mul(pdiv(pdiv(sub(x[0],sub(mul(x[7],x[2]),pdiv(pdiv(x[5],x[7]),add(x[3],45.49)))),x[2]),add(mul(x[5],add(x[7],x[2])),add(x[2],x[2]))),x[5]))",False,,,ce985c0e6ecae08238291eae7bb21a9c,0.5688622754491017,False,0.0
8,24,"greater_than_or_equal(pdiv(x[5],add(x[2],x[5])), x[3])",True,"not_(less_than_or_equal(pdiv(x[5],x[3]),add(x[5],x[2])))",0.33532934131736525,19e0b26b04f63034b8102da698d0b3b7,0.33532934131736525,False,0.0
8,24,"greater_than_or_equal(sub(pdiv(x[7],x[7]),x[7]), sub(x[3],mul(sub(mul(sub(sub(x[7],sub(add(sub(x[2],add(x[2],x[3])),add(pdiv(x[3],pdiv(x[7],add(x[2],x[7]))),pdiv(x[3],x[7]))),x[3])),x[5]),x[5]),add(x[2],x[5])),x[5])))",False,,,c7e39c51bc485e84e113f17ef7f9ceb9,0.5568862275449102,False,0.0
8,24,"greater_than_or_equal(pdiv(x[5],x[5]), add(x[7],mul(x[2],mul(x[7],add(x[7],x[5])))))",False,,,3c7d454c5b1c83e86546dba46bb204c6,0.22155688622754488,False,0.0
8,24,"greater_than_or_equal(x[5], mul(x[2],x[0]))",True,"greater_than_or_equal(mul(add(x[2],x[5]),sub(x[5],x[0])), mul(mul(x[0],x[7]),sub(x[5],x[7])))",0.38323353293413176,cf65da81ffb7a9d4ff3e042c0fa7a250,0.35928143712574845,True,-0.02395209580838331
8,24,"not_(less_than_or_equal(add(add(x[2],x[5]),pdiv(add(pdiv(x[5],x[5]),x[0]),add(x[2],x[7]))),pdiv(x[2],pdiv(pdiv(mul(x[5],x[5]),x[5]),pdiv(x[7],x[5])))))",True,"greater_than_or_equal(add(pdiv(x[5],x[7]),mul(x[7],add(sub(x[5],x[7]),add(x[5],x[5])))), pdiv(x[2],x[5]))",0.3413173652694611,c14a05a6e632205df3e2ab0bc51c98dc,0.31137724550898205,True,-0.029940119760479056
8,24,"greater_than_or_equal(pdiv(x[5],x[7]), add(x[7],x[3]))",True,"greater_than_or_equal(x[5], mul(x[7],add(x[3],x[7])))",0.31137724550898205,6631d5a50f9f01ea8de86be5bd55c79c,0.31137724550898205,False,0.0
8,24,"greater_than_or_equal(pdiv(x[5],x[7]), add(mul(x[7],sub(x[3],mul(x[5],x[7]))),pdiv(add(pdiv(mul(sub(x[2],add(x[2],x[3])),add(pdiv(x[3],pdiv(x[7],add(x[2],x[7]))),pdiv(x[2],x[2]))),x[5]),mul(x[2],mul(x[5],mul(x[7],add(mul(x[7],sub(x[7],mul(x[5],x[7]))),add(x[2],x[7])))))),x[2])))",True,"greater_than_or_equal(pdiv(pdiv(93.09,add(x[0],x[2])),x[3]), mul(add(x[3],x[5]),x[5]))",0.3652694610778443,6bb8d5060871277e9a414636c648605b,0.3772455089820359,True,0.0119760479041916
8,24,"greater_than_or_equal(sub(pdiv(pdiv(x[5],x[7]),mul(x[2],mul(add(x[5],x[7]),x[0]))),pdiv(x[5],pdiv(pdiv(sub(x[5],x[3]),x[5]),x[5]))), add(sub(add(add(sub(add(mul(mul(x[7],x[5]),x[2]),sub(pdiv(x[5],x[3]),x[0])),x[7]),x[5]),add(x[2],x[5])),x[7]),sub(x[5],mul(x[5],x[5]))))",False,,,6e24ec12fde5176a93cf06804f3048a3,0.4970059880239521,False,0.0
8,24,"greater_than_or_equal(pdiv(x[5],x[7]), add(mul(x[7],sub(x[3],mul(x[5],x[7]))),pdiv(add(sub(mul(sub(x[2],x[7]),x[5]),x[3]),x[5]),x[7])))",False,,,5953f0def514637e894b75b1d2a8f7fe,0.35928143712574845,False,0.0
8,24,"greater_than_or_equal(sub(pdiv(x[5],x[7]),mul(x[7],x[2])), add(mul(add(x[2],pdiv(mul(69.39,x[3]),pdiv(add(add(x[2],x[3]),add(pdiv(x[3],pdiv(x[7],add(x[2],x[7]))),pdiv(x[3],sub(pdiv(x[3],x[5]),x[5])))),add(x[2],x[5])))),x[5]),add(x[5],x[2])))",False,,,36f1b6d9f78d87c5149a9e02d1c74926,0.5389221556886228,False,0.0
8,24,"less_than_or_equal(pdiv(x[5],add(x[2],mul(add(x[5],x[2]),x[7]))),x[5])",False,,,950e175424560cbef3d922472dd1652f,0.7844311377245509,False,0.0
8,24,"less_than_or_equal(pdiv(pdiv(x[5],x[5]),add(mul(x[5],sub(x[2],add(x[2],x[5]))),mul(x[7],mul(mul(x[5],add(x[3],x[7])),mul(x[7],add(x[5],mul(x[0],add(x[3],mul(x[7],add(x[7],x[2])))))))))),add(sub(sub(x[5],sub(x[0],x[3])),mul(x[7],add(mul(x[5],sub(sub(sub(sub(x[2],x[2]),x[2]),sub(x[7],x[7])),add(x[7],x[5]))),x[5]))),x[2]))",False,,,ea0fd8bfd995c789e70bf276984b062c,0.3173652694610778,False,0.0
8,24,"greater_than_or_equal(pdiv(x[5],add(x[2],x[5])), x[2])",True,"greater_than_or_equal(pdiv(x[5],pdiv(add(x[2],x[5]),x[5])), mul(x[5],x[2]))",0.28742514970059885,0803226314985e684579b7ad7da3df72,0.2934131736526946,True,0.0059880239520957446
8,24,"greater_than_or_equal(pdiv(add(x[2],pdiv(x[7],x[7])),x[7]), add(x[7],x[5]))",False,,,eeec699df27173bbba5eb776d811170b,0.34730538922155685,False,0.0
8,24,"greater_than_or_equal(pdiv(x[5],x[7]), add(x[5],x[3]))",True,"greater_than_or_equal(x[5], mul(x[7],add(x[5],x[3])))",0.3053892215568862,0947741ceb5018f757b589e69907d867,0.3053892215568862,False,0.0
8,24,"greater_than_or_equal(add(x[7],x[3]), mul(x[5],add(x[2],x[5])))",True,"less_than_or_equal(sub(mul(add(x[2],x[5]),x[5]),x[3]),x[7])",0.39520958083832336,58e43cad927c6daa24adcffca84520bf,0.39520958083832336,False,0.0
8,24,"not_(not_(greater_than_or_equal(x[2], x[7])))",True,"less_than_or_equal(add(x[5],x[7]),add(x[5],x[2]))",0.5269461077844311,544b4f45aa71542bcadfaa9d165fdbeb,0.5269461077844311,False,0.0
8,24,"greater_than_or_equal(x[5], mul(x[7],add(add(add(x[7],x[0]),x[2]),x[7])))",True,"not_(less_than_or_equal(pdiv(x[3],x[7]),add(x[7],pdiv(x[3],x[5]))))",0.3293413173652695,74dce5cb961f14b3bdac896efda7926c,0.281437125748503,True,-0.04790419161676651
8,24,"greater_than_or_equal(pdiv(x[5],x[2]), mul(x[7],add(add(pdiv(x[5],x[3]),x[7]),add(mul(sub(x[2],x[7]),sub(x[2],x[7])),mul(x[2],add(x[2],x[5]))))))",False,,,5e2f6364911e0b284e8b67005970e546,0.2574850299401198,False,0.0
8,24,"less_than_or_equal(x[5],mul(x[7],add(x[7],x[5])))",True,"not_(greater_than_or_equal(pdiv(x[5],x[7]), add(x[5],mul(x[7],pdiv(x[5],x[5])))))",0.7724550898203593,0030128647f99982f5296d7964088a85,0.7724550898203593,False,0.0
8,24,"greater_than_or_equal(pdiv(add(x[2],x[2]),pdiv(x[5],x[7])), x[2])",True,"less_than_or_equal(mul(sub(sub(pdiv(x[5],x[7]),x[3]),x[5]),x[5]),x[5])",0.5808383233532934,9ce847aa2a154dd95c8a979d0558f9e9,0.592814371257485,True,0.0119760479041916
8,24,"greater_than_or_equal(pdiv(x[5],pdiv(x[2],x[5])), mul(x[7],add(x[5],x[2])))",False,,,6d7712eb16cd9cb08b44d2e8f675270f,0.29940119760479045,False,0.0
8,24,"greater_than_or_equal(add(pdiv(76.75,sub(x[7],x[7])),pdiv(x[5],x[5])), mul(mul(x[5],x[7]),pdiv(x[7],x[3])))",True,"greater_than_or_equal(x[3], mul(mul(x[2],x[7]),sub(x[5],x[3])))",0.3173652694610778,ffa28f397bbf6e8b3fc8b0c1f44248cd,0.3173652694610778,False,0.0
8,24,"greater_than_or_equal(pdiv(x[5],add(x[2],mul(add(x[5],x[2]),x[3]))), sub(sub(x[5],sub(x[0],x[3])),mul(x[7],add(mul(x[5],sub(sub(sub(sub(x[2],x[2]),x[2]),sub(x[7],x[7])),add(x[7],x[5]))),x[0]))))",False,,,3eb7752078ee32256835b9d64530483e,0.41916167664670656,False,0.0
8,24,"greater_than_or_equal(09.69, pdiv(x[7],x[5]))",True,"greater_than_or_equal(09.69, pdiv(x[7],x[5]))",0.3293413173652695,804bafc2777bbec11fe5e2804a171eef,0.3293413173652695,False,0.0
8,24,"greater_than_or_equal(00.39, sub(x[2],x[2]))",True,"less_than_or_equal(x[2],x[2])",0.35928143712574845,bd082d42dcba8056510101f18394b575,0.35928143712574845,False,0.0
8,24,"greater_than_or_equal(pdiv(x[5],x[2]), x[5])",True,"not_(greater_than_or_equal(mul(x[7],x[2]), x[7]))",0.34730538922155685,f69cf4961d82af0c72c0014d2a401904,0.34730538922155685,False,0.0
8,24,"greater_than_or_equal(x[5], x[0])",True,"less_than_or_equal(x[0],x[5])",0.37125748502994016,cdcd6f1e6c091ac380f1476046586fe6,0.37125748502994016,False,0.0
8,24,"greater_than_or_equal(sub(x[5],mul(x[7],add(x[3],mul(04.55,x[2])))), x[2])",False,,,f5b03cf28d8b55207e4b91b1eaba97f5,0.4011976047904192,False,0.0
8,24,"greater_than_or_equal(x[5], mul(x[7],add(x[3],95.09)))",True,not_(x[6]),0.6347305389221557,b4068ba57b63c959651c969331c4b5cd,0.6407185628742516,True,0.005988023952095856
8,24,"not_(less_than_or_equal(pdiv(add(x[5],x[5]),x[2]),x[5]))",True,"less_than_or_equal(x[2],x[2])",0.35928143712574845,bd082d42dcba8056510101f18394b575,0.3652694610778443,True,0.005988023952095856
8,24,"greater_than_or_equal(x[5], mul(x[7],add(x[2],x[0])))",True,"greater_than_or_equal(sub(pdiv(x[5],x[7]),x[2]), x[0])",0.32335329341317365,608e3fd5b4f48ec5fb45edbea2ae1556,0.32335329341317365,False,0.0
8,24,"greater_than_or_equal(x[5], mul(x[7],02.44))",True,"not_(less_than_or_equal(pdiv(x[5],mul(x[7],add(x[5],x[5]))),pdiv(pdiv(x[5],x[5]),x[5])))",0.4011976047904192,58aeb7a5a5652a59b3f81f1f504d0cb4,0.44311377245508987,True,0.041916167664670656
8,24,"greater_than_or_equal(x[5], mul(x[7],x[5]))",True,"less_than_or_equal(x[2],x[2])",0.35928143712574845,bd082d42dcba8056510101f18394b575,0.35928143712574845,False,0.0
8,24,"greater_than_or_equal(00.49, mul(sub(add(add(x[0],x[7]),add(x[0],x[2])),x[0]),x[3]))",False,,,d9bacf6aa4267c50744a3297b43e0fc1,0.28742514970059885,False,0.0
8,24,"not_(less_than_or_equal(pdiv(x[5],x[7]),add(x[5],mul(54.95,mul(x[7],add(x[7],94.97))))))",True,not_(x[6]),0.6347305389221557,b4068ba57b63c959651c969331c4b5cd,0.6347305389221557,False,0.0
8,24,"greater_than_or_equal(pdiv(x[5],add(x[2],mul(add(x[5],x[2]),x[7]))), sub(sub(x[5],sub(x[0],x[3])),mul(x[7],add(mul(mul(x[7],sub(x[5],add(x[2],mul(x[2],x[5])))),add(add(x[7],x[5]),sub(sub(add(x[2],x[7]),x[2]),add(x[2],x[3])))),add(pdiv(x[3],pdiv(x[7],add(x[2],x[7]))),pdiv(x[3],x[7]))))))",True,"less_than_or_equal(mul(mul(x[7],x[7]),add(x[5],x[2])),add(sub(mul(add(x[3],pdiv(x[0],x[0])),x[7]),x[3]),x[3]))",0.3413173652694611,e1372657b4e2c1664ec97970a11d294b,0.33532934131736525,True,-0.005988023952095856
8,24,"not_(less_than_or_equal(pdiv(sub(sub(x[2],x[2]),x[2]),sub(x[7],x[7])),add(x[7],x[5])))",True,"not_(less_than_or_equal(pdiv(x[5],x[5]),add(x[7],x[5])))",0.32335329341317365,e44f6a949f00cb0bf86b1105d7c3453d,0.32335329341317365,False,0.0
8,24,"not_(less_than_or_equal(pdiv(x[5],x[7]),add(x[2],mul(x[7],x[2]))))",True,"greater_than_or_equal(x[5], mul(x[7],mul(add(pdiv(x[7],x[7]),x[7]),x[2])))",0.29940119760479045,2c5c307a5f5936efefc4d993ff68a8f1,0.29940119760479045,False,0.0
8,24,"not_(less_than_or_equal(pdiv(x[5],x[5]),add(mul(x[5],add(x[7],x[2])),x[5])))",True,"greater_than_or_equal(sub(pdiv(x[5],x[5]),mul(x[5],add(x[2],x[5]))), x[5])",0.3892215568862275,b7515592bb4ee304c81598e43311a165,0.2934131736526946,True,-0.09580838323353291
8,24,"greater_than_or_equal(pdiv(x[3],x[3]), add(add(x[2],mul(add(sub(x[3],x[5]),mul(x[7],sub(x[2],x[7]))),add(x[5],x[2]))),add(x[0],x[7])))",False,,,c5307a104df1d7a14e491cc7f3ca49be,0.3293413173652695,False,0.0
8,24,"greater_than_or_equal(x[3], mul(add(x[5],add(x[2],x[0])),add(add(x[2],x[3]),add(x[2],x[5]))))",False,,,dd4367f9542f8596fe9a82aad465dac2,0.592814371257485,False,0.0
8,24,"not_(less_than_or_equal(pdiv(mul(mul(x[5],sub(sub(add(x[2],x[7]),x[2]),add(x[2],58.94))),pdiv(x[7],add(x[2],x[7]))),pdiv(x[3],x[7])),x[3]))",True,not_(x[6]),0.6347305389221557,b4068ba57b63c959651c969331c4b5cd,0.6347305389221557,False,0.0
8,24,"not_(less_than_or_equal(pdiv(x[5],add(x[7],mul(x[2],x[5]))),add(add(94.54,pdiv(x[5],add(pdiv(pdiv(x[5],x[2]),sub(add(x[7],x[2]),x[3])),x[5]))),x[5])))",True,not_(x[6]),0.6347305389221557,b4068ba57b63c959651c969331c4b5cd,0.6407185628742516,True,0.005988023952095856
8,24,"greater_than_or_equal(x[5], add(x[7],x[3]))",True,"less_than_or_equal(add(x[3],x[7]),mul(x[5],x[5]))",0.6347305389221557,9ea6c84aef50ed3a3f9642a5d02a2ba3,0.5329341317365269,True,-0.10179640718562877
8,24,"not_(less_than_or_equal(pdiv(x[5],x[5]),add(mul(mul(x[7],x[7]),x[7]),add(x[7],x[5]))))",False,,,993a35dd616f6dc3f141f7c05fbb7263,0.3293413173652695,False,0.0
8,24,"greater_than_or_equal(pdiv(x[5],x[5]), add(x[3],mul(x[7],sub(x[3],mul(x[5],sub(sub(add(x[2],x[7]),x[2]),add(mul(mul(x[3],add(pdiv(x[3],pdiv(x[7],add(x[2],x[7]))),pdiv(x[3],x[7]))),x[3]),x[5])))))))",False,,,81e52da33de35ece578d1dc114a7f23d,0.4011976047904192,False,0.0
8,24,"greater_than_or_equal(sub(pdiv(x[3],x[2]),x[7]), x[5])",True,"greater_than_or_equal(pdiv(x[3],x[2]), add(x[5],x[7]))",0.3053892215568862,cc8ae3738251d70077fbaaaa1a8a26e8,0.3053892215568862,False,0.0
8,24,"greater_than_or_equal(pdiv(x[3],x[3]), add(add(x[7],mul(x[7],add(x[5],mul(x[7],x[7])))),x[7]))",False,,,06ed10af7964f81c38d7cf16862c047c,0.3413173652694611,False,0.0
8,24,"greater_than_or_equal(pdiv(add(x[2],30.59),x[0]), add(x[5],x[2]))",False,,,41b3e3491e325d33a7228f684fa4b03a,0.34730538922155685,False,0.0
8,24,"not_(less_than_or_equal(pdiv(x[5],x[5]),add(mul(x[2],pdiv(x[5],mul(x[5],mul(add(x[5],add(x[3],x[7])),mul(x[7],add(x[2],sub(pdiv(x[7],mul(x[5],x[0])),sub(sub(x[2],sub(pdiv(x[2],x[5]),mul(04.24,pdiv(x[5],x[2])))),add(sub(x[7],x[7]),pdiv(x[5],x[5])))))))))),mul(mul(x[5],x[7]),pdiv(x[7],x[3])))))",False,,,7178a172b47952b2436314d463412508,0.32335329341317365,False,0.0
8,24,"not_(less_than_or_equal(pdiv(x[5],x[5]),mul(x[7],pdiv(add(pdiv(add(x[7],x[2]),add(x[2],x[2])),x[5]),x[5]))))",True,"greater_than_or_equal(x[5], mul(x[7],add(x[2],add(pdiv(mul(x[5],mul(x[7],add(x[5],x[2]))),x[2]),x[7]))))",0.34730538922155685,45a3bfc9262a1c3de1cb0b4c6ae02999,0.38323353293413176,True,0.03592814371257491
8,24,"greater_than_or_equal(sub(pdiv(x[7],x[2]),x[7]), sub(sub(x[3],pdiv(add(x[7],x[2]),add(x[2],x[2]))),mul(x[3],x[7])))",True,"not_(less_than_or_equal(x[7],mul(x[3],mul(x[0],x[3]))))",0.3652694610778443,1bc89ececd5d7133a0c822138e1bf2e3,0.3652694610778443,False,0.0
8,24,"greater_than_or_equal(pdiv(x[5],x[7]), mul(x[3],x[0]))",True,"not_(less_than_or_equal(pdiv(x[5],x[0]),x[0]))",0.35928143712574845,5372ceb8b23ce5e1dd3bf5c2fc3a57aa,0.3413173652694611,True,-0.017964071856287345
8,24,"greater_than_or_equal(pdiv(x[3],x[2]), x[5])",True,"greater_than_or_equal(x[3], mul(x[5],mul(x[2],x[5])))",0.32335329341317365,00a4693f1ebff735d05805e6ce2aec46,0.3413173652694611,True,0.017964071856287456
8,24,"greater_than_or_equal(x[5], mul(add(sub(x[7],sub(x[3],add(add(x[7],x[0]),x[2]))),x[0]),add(add(x[2],x[3]),add(x[2],x[5]))))",False,,,932769c7551743ff677acaf92b6836cf,0.40718562874251496,False,0.0
8,24,"greater_than_or_equal(pdiv(x[3],x[3]), add(add(x[2],x[5]),x[7]))",True,"not_(less_than_or_equal(pdiv(x[5],x[5]),add(x[7],add(x[5],x[2]))))",0.43113772455089816,8cf561ba4c6eb87a09aeba55043ea0f9,0.43113772455089816,False,0.0
8,24,"greater_than_or_equal(x[5], add(x[2],x[0]))",True,"not_(less_than_or_equal(sub(x[5],x[2]),x[0]))",0.3892215568862275,322f7ffc4e786ca792193bc38ba2a6c3,0.3892215568862275,False,0.0
8,24,"greater_than_or_equal(sub(pdiv(x[5],x[2]),x[7]), mul(x[5],pdiv(x[2],pdiv(x[5],add(add(mul(x[0],x[5]),add(x[7],x[2])),x[2])))))",True,"not_(less_than_or_equal(pdiv(x[5],add(x[5],x[7])),x[2]))",0.281437125748503,6064d2196889eafb4a8a860c948d633a,0.27544910179640714,True,-0.005988023952095856
8,24,"greater_than_or_equal(x[3], mul(x[7],add(x[7],x[7])))",False,,,0d7214fa3d6f4eaa7662dbf3d34e2531,0.26347305389221554,False,0.0
8,24,"greater_than_or_equal(sub(pdiv(x[5],add(x[2],x[7])),mul(x[2],x[7])), x[7])",True,"greater_than_or_equal(x[5], mul(x[7],add(x[2],pdiv(x[7],pdiv(x[5],add(x[2],x[7]))))))",0.25149700598802394,5f243721629fd173a761da2d9aa7d4ca,0.23952095808383234,True,-0.0119760479041916
8,24,"greater_than_or_equal(pdiv(x[5],x[5]), x[7])",True,"less_than_or_equal(x[2],x[2])",0.35928143712574845,bd082d42dcba8056510101f18394b575,0.35928143712574845,False,0.0
8,24,"greater_than_or_equal(add(mul(x[5],x[2]),add(x[2],x[7])), x[5])",True,"not_(less_than_or_equal(pdiv(x[5],x[5]),add(pdiv(sub(x[5],add(x[7],x[2])),add(x[5],x[0])),sub(pdiv(x[5],x[5]),x[2]))))",0.5688622754491017,d4a649c5f3361eee4a2432a8b64e96c5,0.5748502994011976,True,0.005988023952095856
8,24,"greater_than_or_equal(add(x[2],x[5]), x[2])",True,"less_than_or_equal(x[2],x[2])",0.35928143712574845,bd082d42dcba8056510101f18394b575,0.35928143712574845,False,0.0
8,24,"not_(less_than_or_equal(pdiv(x[5],add(mul(mul(x[5],mul(x[7],add(x[0],x[7]))),pdiv(add(pdiv(x[5],x[5]),add(x[7],x[2])),x[7])),add(x[2],pdiv(pdiv(mul(x[5],mul(x[0],x[3])),x[7]),x[5])))),mul(x[7],mul(x[5],x[2]))))",False,,,0f5e55e65a73134e43e876139320a4c3,0.29940119760479045,False,0.0
8,24,"greater_than_or_equal(pdiv(x[3],x[3]), add(add(x[7],mul(x[7],add(x[5],x[5]))),x[2]))",True,"greater_than_or_equal(pdiv(x[3],x[3]), add(add(x[7],mul(x[7],add(x[5],mul(x[5],add(add(x[7],x[0]),x[5]))))),x[2]))",0.3053892215568862,09803b73b716047d12c75be1e38544c7,0.29940119760479045,True,-0.0059880239520957446
8,24,"greater_than_or_equal(sub(pdiv(x[5],x[7]),mul(x[7],x[0])), add(mul(add(mul(x[7],add(x[7],x[7])),x[5]),x[5]),add(add(x[7],x[7]),x[5])))",True,"greater_than_or_equal(x[5], mul(x[7],add(x[5],add(add(x[5],x[2]),x[5]))))",0.35928143712574845,07854308cecb684b832ea9cc5d0d7905,0.34730538922155685,True,-0.0119760479041916
8,24,"greater_than_or_equal(x[5], mul(x[7],add(x[5],mul(x[2],add(sub(x[7],sub(x[5],x[5])),x[5])))))",True,"not_(less_than_or_equal(pdiv(x[5],x[7]),add(x[5],mul(x[2],add(x[7],x[5])))))",0.22155688622754488,5eced4cbd438e2dc048143ff8d01294d,0.22155688622754488,False,0.0
8,24,"greater_than_or_equal(sub(pdiv(x[5],x[2]),mul(x[5],mul(x[7],add(mul(x[7],add(x[7],mul(x[5],x[7]))),add(x[2],x[7]))))), x[2])",False,,,b860da96e2355d3089fd95747b736ad9,0.27544910179640714,False,0.0
8,24,"greater_than_or_equal(sub(pdiv(x[5],x[5]),x[5]), x[2])",True,"not_(less_than_or_equal(pdiv(x[5],x[5]),add(x[5],x[2])))",0.2455089820359282,5825d6d8d32996f2f81bb41cc0bfa92f,0.2455089820359282,False,0.0
8,24,"greater_than_or_equal(x[5], mul(x[7],add(mul(x[7],sub(x[3],mul(add(mul(x[7],add(x[2],x[2])),x[2]),add(x[2],x[3])))),add(pdiv(x[3],pdiv(x[7],add(x[2],x[7]))),pdiv(x[3],x[7])))))",False,,,2128531f6cddd36b618dddacb35f722b,0.5508982035928144,False,0.0
8,24,"not_(less_than_or_equal(pdiv(x[5],x[5]),add(mul(x[5],add(x[7],x[2])),add(x[2],x[2]))))",True,"not_(less_than_or_equal(pdiv(x[5],x[5]),add(mul(x[5],add(x[7],x[2])),add(x[2],x[2]))))",0.18562874251497008,7dd04de0f09dcb78fab13d4ca363e3e0,0.2857142857142857,True,0.10008554319931562
8,25,"greater_than_or_equal(pdiv(x[5],x[5]), add(x[2],x[7]))",True,"less_than_or_equal(add(mul(x[7],pdiv(x[5],x[5])),x[2]),add(sub(x[7],x[7]),pdiv(69.44,sub(x[3],x[3]))))",0.19161676646706582,14c6e007ad625f3839f568e9ee8a86e1,0.19161676646706582,False,0.0
8,25,"greater_than_or_equal(add(x[2],x[5]), mul(x[7],mul(add(x[5],add(x[3],x[7])),mul(x[7],92.34))))",True,"greater_than_or_equal(sub(pdiv(x[5],x[7]),x[2]), mul(x[7],add(79.49,x[5])))",0.5868263473053892,a4af92dd0989249e6bba1ea30863b487,0.5688622754491017,True,-0.017964071856287456
8,25,"greater_than_or_equal(x[3], mul(x[7],add(x[2],x[2])))",True,"less_than_or_equal(add(add(x[7],x[2]),sub(x[2],x[3])),pdiv(pdiv(x[5],pdiv(mul(x[2],x[7]),x[3])),add(x[5],x[5])))",0.2694610778443114,e7cf74e44bf25b964cae25767db97f6a,0.27544910179640714,True,0.0059880239520957446
8,25,"less_than_or_equal(pdiv(pdiv(x[5],x[5]),add(mul(x[5],x[2]),x[2])),x[2])",False,,,70ddf3138aed398ea3f2cb2425c9e4af,0.688622754491018,False,0.0
8,25,"greater_than_or_equal(pdiv(mul(mul(x[7],x[2]),x[7]),add(pdiv(pdiv(x[7],x[5]),x[3]),x[5])), x[7])",True,not_(x[6]),0.6347305389221557,b4068ba57b63c959651c969331c4b5cd,0.6407185628742516,True,0.005988023952095856
8,25,"greater_than_or_equal(x[5], mul(mul(x[7],x[3]),mul(x[3],add(x[7],x[7]))))",False,,,62d3534d96f5c6f1600c439f2b1a8b79,0.3173652694610778,False,0.0
8,25,"greater_than_or_equal(sub(pdiv(x[7],x[7]),x[7]), mul(x[7],add(add(pdiv(x[5],x[5]),x[2]),x[5])))",False,,,396895c2db4ed85db5106bb53b41d308,0.33532934131736525,False,0.0
8,25,"greater_than_or_equal(x[5], mul(x[7],add(mul(mul(pdiv(x[5],add(x[2],x[2])),x[5]),x[7]),add(x[5],x[2]))))",True,"greater_than_or_equal(pdiv(x[5],add(add(x[5],x[2]),x[5])), mul(x[7],add(x[7],x[2])))",0.23353293413173648,e395e33ad0711410c4310669d35f09ad,0.27544910179640714,True,0.041916167664670656
8,25,"greater_than_or_equal(x[3], x[5])",True,"less_than_or_equal(x[5],x[3])",0.5089820359281437,1d4d287fbe015bbb313f097e26f5bc37,0.5089820359281437,False,0.0
8,25,"greater_than_or_equal(sub(pdiv(x[7],sub(mul(x[7],mul(add(x[5],x[7]),pdiv(add(sub(pdiv(x[2],add(x[2],x[2])),x[5]),x[5]),x[5]))),x[2])),add(sub(x[7],x[7]),pdiv(x[5],x[5]))), mul(mul(x[5],x[7]),pdiv(x[7],x[3])))",False,,,486e69d037b0b21043263a0289c1aadc,0.4610778443113772,False,0.0
8,25,"not_(less_than_or_equal(pdiv(x[5],x[5]),add(mul(x[7],pdiv(x[7],x[2])),x[3])))",False,,,e08f67cc3749170c6f2862d5120382c4,0.43113772455089816,False,0.0
8,25,"not_(less_than_or_equal(pdiv(x[5],x[3]),mul(add(92.79,pdiv(x[7],x[7])),x[5])))",True,"not_(not_(less_than_or_equal(91.64,pdiv(x[2],pdiv(x[3],x[0])))))",0.6586826347305389,9f39b412647a2bed42ce034a15293284,0.6586826347305389,False,0.0
8,25,"greater_than_or_equal(sub(pdiv(x[5],x[3]),add(mul(x[7],mul(x[7],x[7])),add(mul(x[3],add(x[5],x[2])),add(sub(x[7],x[7]),pdiv(x[5],x[5]))))), mul(mul(x[5],x[7]),pdiv(x[7],x[3])))",True,"greater_than_or_equal(x[5], mul(x[7],add(x[5],pdiv(x[3],x[7]))))",0.5029940119760479,be7e86660e7c73363d58a9badc8fd773,0.5329341317365269,True,0.029940119760479056
8,25,"greater_than_or_equal(x[5], sub(add(x[2],x[7]),sub(pdiv(x[5],x[7]),mul(x[7],add(x[7],x[2])))))",True,"greater_than_or_equal(x[5], mul(x[7],add(x[7],x[2])))",0.2455089820359282,dbe0ded9608d153cce360999e2a5fae7,0.2455089820359282,False,0.0
8,25,"not_(less_than_or_equal(pdiv(x[5],add(x[2],x[5])),mul(x[7],add(x[0],x[7]))))",True,"greater_than_or_equal(pdiv(x[5],mul(x[7],add(x[5],x[2]))), add(x[0],x[7]))",0.2574850299401198,44bb56a774240b6dccfe5392f5c08169,0.2574850299401198,False,0.0
8,25,"greater_than_or_equal(sub(pdiv(x[5],x[7]),x[5]), pdiv(x[7],x[5]))",True,"greater_than_or_equal(x[5], mul(x[7],add(x[7],pdiv(69.44,sub(x[3],x[3])))))",0.33532934131736525,0f74d2b510468dfb01b807a5013ba7de,0.32335329341317365,True,-0.0119760479041916
8,25,"greater_than_or_equal(x[5], mul(x[7],add(x[5],x[2])))",True,"greater_than_or_equal(x[5], mul(x[7],add(x[5],x[2])))",0.23353293413173648,49521aab13419e9d4582e656c37790ef,0.23353293413173648,False,0.0
8,25,"not_(less_than_or_equal(pdiv(x[5],mul(mul(x[7],add(x[5],mul(add(x[5],x[2]),x[5]))),sub(x[7],add(x[5],x[7])))),pdiv(mul(x[5],x[2]),x[5])))",True,not_(x[6]),0.6347305389221557,b4068ba57b63c959651c969331c4b5cd,0.6407185628742516,True,0.005988023952095856
8,25,"greater_than_or_equal(sub(pdiv(x[7],x[7]),x[7]), mul(x[7],add(x[7],x[2])))",True,"not_(less_than_or_equal(pdiv(x[5],x[7]),add(x[5],mul(x[5],add(add(x[7],x[0]),x[2])))))",0.23353293413173648,40d19945513b721f8a7891f4912df659,0.20958083832335328,True,-0.0239520958083832
8,25,"greater_than_or_equal(sub(pdiv(x[7],x[2]),x[7]), sub(sub(x[3],pdiv(add(x[7],x[2]),add(x[2],x[2]))),mul(x[2],x[7])))",True,"not_(less_than_or_equal(x[7],mul(x[3],mul(x[0],x[3]))))",0.3652694610778443,1bc89ececd5d7133a0c822138e1bf2e3,0.3652694610778443,False,0.0
8,25,"greater_than_or_equal(add(x[5],x[2]), x[7])",True,"greater_than_or_equal(add(x[5],x[2]), x[7])",0.38323353293413176,6412fe182f7defc06678d0a1041106c2,0.38323353293413176,False,0.0
8,25,"less_than_or_equal(x[7],mul(x[7],add(x[7],x[2])))",True,"less_than_or_equal(pdiv(x[5],x[5]),add(x[2],x[7]))",0.8083832335329342,13bc325d64f36ba4cad976606f41f747,0.8083832335329342,False,0.0
8,25,"greater_than_or_equal(sub(pdiv(x[7],x[2]),sub(pdiv(x[5],x[2]),x[7])), mul(x[5],pdiv(sub(x[0],pdiv(sub(sub(sub(x[2],x[2]),x[2]),sub(x[7],x[7])),add(x[7],x[5]))),x[5])))",False,,,4f9d58f3b3b1a4578c072c287e3bbcc9,0.6407185628742516,False,0.0
8,25,"not_(less_than_or_equal(pdiv(x[5],x[5]),add(mul(x[5],add(x[5],add(x[2],x[2]))),x[5])))",False,,,ad4c982e6704027f603db8b1b2be3fa4,0.4491017964071856,False,0.0
8,25,"greater_than_or_equal(pdiv(x[5],x[5]), add(x[7],mul(mul(x[7],add(x[7],x[2])),x[7])))",True,"greater_than_or_equal(pdiv(x[5],x[5]), add(x[7],mul(x[7],x[7])))",0.22155688622754488,6ebc9093742e2fb247866417bd7ae5cb,0.22155688622754488,False,0.0
8,25,"greater_than_or_equal(pdiv(x[7],x[5]), add(x[2],x[7]))",False,,,9ef23cb1174b158af61b04fb0632840e,0.4251497005988024,False,0.0
8,25,"greater_than_or_equal(pdiv(x[5],x[2]), x[7])",True,"less_than_or_equal(sub(mul(x[2],x[7]),mul(x[0],x[7])),x[5])",0.34730538922155685,67e5c7a497be3e968ea5c2bd6433af6d,0.33532934131736525,True,-0.0119760479041916
8,25,"greater_than_or_equal(add(x[7],add(mul(mul(x[5],x[5]),x[0]),add(sub(x[0],x[5]),sub(x[7],pdiv(mul(x[5],mul(sub(pdiv(92.45,pdiv(pdiv(x[7],x[7]),x[2])),x[7]),x[2])),add(mul(mul(x[3],add(pdiv(x[3],pdiv(x[7],add(x[2],x[7]))),pdiv(x[3],x[7]))),x[3]),x[5])))))), x[5])",False,,,501af9dd2e1e9d2d89d28c828bc04087,0.6227544910179641,False,0.0
8,25,"greater_than_or_equal(pdiv(x[3],x[5]), add(x[3],mul(x[7],sub(x[3],mul(x[5],sub(sub(pdiv(x[2],x[5]),add(x[2],x[2])),mul(x[5],x[5])))))))",False,,,0fc868909f2f3dfa737cef49cd9e2423,0.3293413173652695,False,0.0
8,25,"greater_than_or_equal(pdiv(x[5],x[5]), add(x[7],mul(x[2],mul(x[7],add(x[7],x[5])))))",True,"greater_than_or_equal(pdiv(x[5],x[5]), add(x[7],mul(x[2],mul(x[7],add(x[7],x[5])))))",0.22155688622754488,3c7d454c5b1c83e86546dba46bb204c6,0.22155688622754488,False,0.0
8,25,"greater_than_or_equal(pdiv(x[5],x[5]), add(x[7],x[7]))",True,"greater_than_or_equal(x[5], mul(x[7],add(x[5],x[5])))",0.2455089820359282,9545aae94dd0fcb8b281ddfedf2da4e6,0.2455089820359282,False,0.0
8,25,"not_(greater_than_or_equal(mul(add(pdiv(pdiv(58.09,35.99),x[2]),x[5]),pdiv(x[2],x[0])), add(add(x[2],x[3]),add(x[2],x[5]))))",False,,,d5433363dd0d686d47930f3bb1a71760,0.6586826347305389,False,0.0
8,25,"not_(less_than_or_equal(pdiv(sub(sub(x[2],x[2]),x[2]),pdiv(mul(x[7],add(x[2],mul(x[7],x[2]))),mul(x[7],add(x[2],x[5])))),sub(x[2],x[7])))",False,,,ebf0ccb19930186e2649e71880161d28,0.6227544910179641,False,0.0
8,25,"not_(less_than_or_equal(pdiv(sub(x[7],x[7]),add(x[7],x[5])),x[5]))",True,not_(x[6]),0.6347305389221557,b4068ba57b63c959651c969331c4b5cd,0.6407185628742516,True,0.005988023952095856
8,25,"greater_than_or_equal(x[2], x[5])",True,"less_than_or_equal(x[5],x[2])",0.652694610778443,6fb17002302e404122653cf2c68db553,0.652694610778443,False,0.0
8,25,"greater_than_or_equal(add(mul(x[7],add(mul(x[0],x[5]),x[3])),sub(pdiv(x[5],x[3]),x[2])), x[7])",True,"less_than_or_equal(pdiv(sub(x[3],x[5]),pdiv(x[2],x[2])),x[5])",0.3652694610778443,8f63ec6eb4b45627ddab1b215f2fa10a,0.3293413173652695,True,-0.0359281437125748
8,25,"greater_than_or_equal(x[5], mul(mul(add(mul(x[2],pdiv(x[5],add(x[2],mul(x[5],add(x[5],x[2]))))),x[7]),sub(sub(x[5],sub(x[0],x[3])),mul(x[7],add(mul(pdiv(x[7],sub(sub(sub(x[2],x[2]),x[2]),x[5])),mul(x[7],add(x[7],x[5]))),x[5])))),x[2]))",False,,,717f14039860017948d6a2ef4bfb1069,0.32335329341317365,False,0.0
8,25,"greater_than_or_equal(x[5], mul(x[3],x[5]))",True,"less_than_or_equal(x[2],x[2])",0.35928143712574845,bd082d42dcba8056510101f18394b575,0.35928143712574845,False,0.0
8,25,"greater_than_or_equal(sub(pdiv(add(x[5],x[5]),mul(x[3],x[5])),x[7]), add(mul(x[0],add(add(add(mul(add(x[2],pdiv(mul(x[3],add(x[2],x[7])),x[7])),pdiv(x[7],x[2])),x[2]),x[5]),x[5])),x[5]))",False,,,473438b853f82f41d5295baffcfdee06,0.3413173652694611,False,0.0
8,25,"greater_than_or_equal(pdiv(x[5],x[2]), mul(add(x[7],add(pdiv(x[5],x[3]),x[7])),add(x[2],add(x[5],add(mul(x[5],x[7]),add(mul(x[5],add(x[5],x[2])),x[2]))))))",False,,,e066392bddc2becc0715cbdb8efdee0b,0.4011976047904192,False,0.0
8,25,"greater_than_or_equal(pdiv(x[5],x[5]), x[7])",True,"less_than_or_equal(x[2],x[2])",0.35928143712574845,bd082d42dcba8056510101f18394b575,0.35928143712574845,False,0.0
8,25,"not_(greater_than_or_equal(pdiv(x[5],x[5]), mul(x[5],x[2])))",True,not_(x[6]),0.6347305389221557,b4068ba57b63c959651c969331c4b5cd,0.6407185628742516,True,0.005988023952095856
8,25,"greater_than_or_equal(pdiv(add(x[7],x[5]),x[5]), x[2])",True,"less_than_or_equal(x[2],x[2])",0.35928143712574845,bd082d42dcba8056510101f18394b575,0.35928143712574845,False,0.0
8,25,"greater_than_or_equal(pdiv(x[5],add(mul(x[7],add(x[2],add(x[5],x[5]))),mul(x[7],add(x[5],x[2])))), x[7])",False,,,63825c4310ff50c18a14132230edb837,0.23952095808383234,False,0.0
8,25,"less_than_or_equal(pdiv(x[7],add(x[2],add(x[5],x[5]))),mul(x[7],add(x[5],x[2])))",False,,,d61437feaea0f375c18778887f10a295,0.6227544910179641,False,0.0
8,25,"greater_than_or_equal(pdiv(x[5],x[5]), add(x[2],pdiv(mul(x[3],add(x[2],x[7])),add(pdiv(pdiv(x[7],x[5]),99.96),add(x[2],x[7])))))",False,,,60ecfb9a7ee668125e7876be6880eb50,0.27544910179640714,False,0.0
8,25,"less_than_or_equal(add(pdiv(x[5],x[5]),add(mul(x[5],sub(x[2],add(x[2],x[5]))),mul(add(x[2],add(mul(sub(add(x[3],x[7]),mul(x[7],add(x[7],x[5]))),x[5]),x[2])),add(sub(x[7],x[7]),pdiv(x[5],x[5]))))),mul(mul(x[5],x[7]),pdiv(x[7],x[3])))",False,,,5ec8ac8207a4d77a101013593660d1ae,0.6586826347305389,False,0.0
8,25,"greater_than_or_equal(sub(pdiv(x[7],x[3]),x[7]), x[2])",True,"not_(less_than_or_equal(pdiv(x[7],add(x[7],x[2])),x[3]))",0.43113772455089816,8de78ac99aaa8c8f0ce8d79625d1d041,0.43113772455089816,False,0.0
8,25,"greater_than_or_equal(pdiv(add(pdiv(x[2],mul(x[7],add(add(pdiv(x[5],x[3]),x[7]),add(x[2],add(x[3],x[5]))))),add(x[2],x[7])),mul(x[2],x[7])), x[7])",True,"less_than_or_equal(x[2],x[2])",0.35928143712574845,bd082d42dcba8056510101f18394b575,0.35928143712574845,False,0.0
8,25,"greater_than_or_equal(pdiv(x[5],x[5]), add(x[7],mul(x[7],x[2])))",False,,,0a59dd1a7af4fa849a2c5d4611cd3eab,0.23952095808383234,False,0.0
8,25,"greater_than_or_equal(pdiv(x[5],x[7]), x[2])",True,"less_than_or_equal(sub(mul(x[2],x[7]),mul(x[0],x[7])),x[5])",0.34730538922155685,67e5c7a497be3e968ea5c2bd6433af6d,0.33532934131736525,True,-0.0119760479041916
8,25,"greater_than_or_equal(sub(pdiv(x[5],x[7]),add(x[5],x[5])), mul(x[2],sub(x[0],sub(mul(x[7],add(x[5],x[2])),add(mul(x[5],add(x[7],x[2])),add(x[2],x[2]))))))",False,,,d62e331b39c128aec62d1f763303de37,0.29940119760479045,False,0.0
8,25,"greater_than_or_equal(09.92, add(x[5],x[2]))",True,"less_than_or_equal(x[2],x[2])",0.35928143712574845,bd082d42dcba8056510101f18394b575,0.35928143712574845,False,0.0
8,25,"greater_than_or_equal(x[5], mul(sub(x[2],x[7]),x[5]))",True,"less_than_or_equal(x[2],x[2])",0.35928143712574845,bd082d42dcba8056510101f18394b575,0.35928143712574845,False,0.0
8,25,"greater_than_or_equal(pdiv(x[5],x[5]), mul(x[5],mul(x[5],add(x[7],x[2]))))",False,,,889f92d4460e2bc09f9ba4b7cd65ee36,0.3173652694610778,False,0.0
8,25,"greater_than_or_equal(pdiv(x[5],x[5]), add(mul(x[5],add(x[2],x[7])),x[2]))",False,,,40427e5bdf42be758b9e718fcb9d5562,0.20958083832335328,False,0.0
8,25,"greater_than_or_equal(x[5], sub(x[2],x[7]))",True,"less_than_or_equal(mul(pdiv(x[5],x[5]),add(x[2],sub(x[5],x[5]))),add(x[5],x[7]))",0.37125748502994016,8333158308c3f8dab75290a9ccb65096,0.37125748502994016,False,0.0
8,25,"greater_than_or_equal(pdiv(x[5],x[5]), add(x[7],mul(x[3],x[7])))",True,"greater_than_or_equal(sub(pdiv(x[5],x[7]),mul(add(mul(pdiv(add(x[5],sub(x[2],add(x[5],x[2]))),x[5]),mul(x[7],add(x[7],x[2]))),x[3]),x[5])), x[5])",0.2694610778443114,9022f1cd2d01e29089d46d7d7fad78c5,0.2694610778443114,False,0.0
8,25,"greater_than_or_equal(x[5], mul(x[5],add(x[3],x[5])))",True,"not_(less_than_or_equal(pdiv(x[5],x[5]),add(x[5],x[3])))",0.49101796407185627,bb45d530dc44268633eeb136f814ec83,0.49101796407185627,False,0.0
8,25,"greater_than_or_equal(sub(pdiv(x[5],x[5]),x[2]), x[7])",True,"less_than_or_equal(add(mul(x[7],pdiv(x[5],x[5])),x[2]),add(sub(x[7],x[7]),pdiv(69.44,sub(x[3],x[3]))))",0.19161676646706582,14c6e007ad625f3839f568e9ee8a86e1,0.19161676646706582,False,0.0
8,25,"greater_than_or_equal(sub(pdiv(x[7],x[7]),add(x[0],x[7])), add(add(mul(79.89,x[7]),x[2]),x[2]))",True,not_(x[6]),0.6347305389221557,b4068ba57b63c959651c969331c4b5cd,0.6407185628742516,True,0.005988023952095856
8,25,"greater_than_or_equal(pdiv(x[5],x[7]), add(x[5],mul(x[7],add(x[2],36.91))))",True,"not_(less_than_or_equal(pdiv(x[5],04.61),x[7]))",0.5389221556886228,a7cacbe6ce22cd2e14b847dca3a88aa5,0.5449101796407185,True,0.0059880239520957446
8,25,"greater_than_or_equal(x[5], mul(x[7],add(x[5],x[5])))",True,"greater_than_or_equal(x[5], mul(x[7],add(x[5],x[5])))",0.2455089820359282,9545aae94dd0fcb8b281ddfedf2da4e6,0.2455089820359282,False,0.0
8,25,"greater_than_or_equal(pdiv(x[5],x[5]), add(x[0],x[3]))",True,"greater_than_or_equal(pdiv(x[5],x[5]), add(x[0],x[3]))",0.3413173652694611,14660f9f17f29c43d7bf738e2d617b36,0.3413173652694611,False,0.0
8,25,"greater_than_or_equal(x[0], mul(mul(x[2],x[7]),x[7]))",False,,,8e1513fc4a2ce6d9e9f10bdbee21d6d9,0.5329341317365269,False,0.0
8,25,"greater_than_or_equal(pdiv(mul(mul(x[7],add(mul(add(x[5],mul(add(add(x[2],x[7]),x[3]),x[0])),pdiv(x[7],add(x[2],x[7]))),pdiv(x[3],x[7]))),x[3]),x[5]), x[5])",False,,,447bc2e356e671bdb0640e472a40c186,0.5089820359281437,False,0.0
8,25,"greater_than_or_equal(pdiv(x[5],add(x[2],x[5])), mul(x[3],pdiv(pdiv(x[5],x[5]),add(mul(x[5],add(x[7],x[2])),add(x[2],mul(x[7],add(x[2],x[5])))))))",False,,,8b21d17d8d1b09e5427d62ca3d5a9321,0.5868263473053892,False,0.0
8,25,"not_(greater_than_or_equal(mul(x[5],add(mul(mul(x[7],add(add(x[2],x[5]),x[5])),x[5]),x[2])), add(sub(x[7],x[7]),pdiv(x[5],x[5]))))",False,,,c6d142d0342a82a809f8ae8b63062fcf,0.2694610778443114,False,0.0
8,25,"greater_than_or_equal(pdiv(x[5],x[0]), add(x[2],sub(sub(x[2],add(x[2],x[3])),add(pdiv(x[3],pdiv(x[7],add(x[2],x[7]))),pdiv(x[3],x[7])))))",True,"or_(less_than_or_equal(sub(x[2],x[5]),mul(x[3],x[2])),not_(greater_than_or_equal(x[5], x[3])))",0.38323353293413176,cc44f38a8b2fcefff95bcc01de90856f,0.3652694610778443,True,-0.017964071856287456
8,25,"not_(greater_than_or_equal(add(mul(x[5],pdiv(x[7],x[7])),sub(pdiv(mul(x[7],x[2]),x[0]),04.39)), x[5]))",True,"less_than_or_equal(x[2],x[2])",0.35928143712574845,bd082d42dcba8056510101f18394b575,0.3532934131736527,True,-0.0059880239520957446
8,25,"greater_than_or_equal(mul(x[5],x[7]), add(x[5],x[3]))",True,not_(x[6]),0.6347305389221557,b4068ba57b63c959651c969331c4b5cd,0.6407185628742516,True,0.005988023952095856
8,25,"greater_than_or_equal(sub(pdiv(x[5],x[7]),x[2]), add(x[5],pdiv(x[5],x[7])))",True,not_(x[6]),0.6347305389221557,b4068ba57b63c959651c969331c4b5cd,0.6407185628742516,True,0.005988023952095856
8,25,"greater_than_or_equal(pdiv(x[5],x[7]), add(x[7],mul(x[7],sub(x[3],mul(x[0],sub(sub(x[7],sub(x[7],x[2])),add(sub(pdiv(x[5],add(pdiv(x[3],add(add(add(x[0],x[7]),x[2]),x[5])),x[5])),x[5]),x[7])))))))",False,,,546700cf619a60db8aeff7f2d7f5e8d4,0.281437125748503,False,0.0
8,25,"less_than_or_equal(sub(x[3],mul(x[7],x[2])),add(x[5],x[3]))",True,"less_than_or_equal(x[2],x[2])",0.35928143712574845,bd082d42dcba8056510101f18394b575,0.35928143712574845,False,0.0
8,25,"less_than_or_equal(pdiv(pdiv(x[5],x[5]),add(mul(pdiv(pdiv(x[5],pdiv(x[2],x[5])),mul(x[7],add(x[5],97.93))),x[5]),x[5])),pdiv(x[5],x[5]))",False,,,c1f3870bb010c51463f9043009b5ed8e,0.6287425149700598,False,0.0
8,25,"greater_than_or_equal(pdiv(sub(x[2],add(x[2],x[5])),mul(x[7],mul(mul(x[5],add(mul(add(x[7],mul(x[7],add(x[5],add(x[0],add(x[3],mul(x[7],add(x[0],x[7]))))))),add(x[5],x[2])),mul(x[3],x[7]))),x[7]))), add(x[7],x[5]))",True,not_(x[6]),0.6347305389221557,b4068ba57b63c959651c969331c4b5cd,0.6347305389221557,False,0.0
8,25,"greater_than_or_equal(pdiv(x[5],x[2]), mul(x[7],add(add(pdiv(x[5],x[3]),x[7]),add(mul(sub(sub(pdiv(x[7],mul(x[2],add(sub(x[7],sub(x[3],mul(x[5],x[7]))),add(x[2],x[7])))),x[2]),add(x[2],x[3])),add(pdiv(x[3],pdiv(x[7],add(x[2],x[7]))),pdiv(x[3],x[7]))),x[3]))))",False,,,cfd818d481daafed02f4280bbeef9075,0.49101796407185627,False,0.0
8,25,"greater_than_or_equal(pdiv(x[5],add(x[2],mul(add(x[5],x[2]),x[7]))), sub(sub(x[5],sub(x[0],x[3])),mul(x[0],add(mul(x[5],sub(sub(sub(sub(x[2],x[2]),x[2]),sub(x[7],sub(pdiv(x[3],x[7]),add(x[0],x[7])))),x[5])),add(x[0],add(x[0],x[2]))))))",False,,,1f024cd316973fd3c6e9de79909c5753,0.22754491017964074,False,0.0
8,25,"greater_than_or_equal(pdiv(x[5],x[7]), x[7])",True,"not_(less_than_or_equal(x[5],mul(x[7],x[7])))",0.3532934131736527,6208c2f2bc232c7eeeb665b7dcc66661,0.3532934131736527,False,0.0
8,25,"not_(less_than_or_equal(pdiv(x[5],x[5]),add(mul(x[5],add(x[5],x[2])),add(x[2],x[3]))))",True,"not_(less_than_or_equal(pdiv(x[5],x[5]),add(mul(x[5],add(x[7],x[2])),add(x[2],x[3]))))",0.34730538922155685,768b16edf980ae6270bfb7172301b187,0.41916167664670656,True,0.07185628742514971
8,25,"greater_than_or_equal(x[3], mul(x[7],x[5]))",True,"not_(greater_than_or_equal(mul(x[7],x[5]), x[3]))",0.33532934131736525,ff4b342bed4706cce4217aaf715c34c5,0.33532934131736525,False,0.0
8,25,"greater_than_or_equal(sub(pdiv(add(mul(x[7],add(mul(x[0],x[5]),x[3])),sub(pdiv(x[5],x[3]),x[2])),x[7]),pdiv(x[5],x[5])), mul(mul(x[2],x[7]),pdiv(x[7],x[3])))",False,,,574d7a1d5ed6998fa5d7d258cc967492,0.31137724550898205,False,0.0
8,25,"greater_than_or_equal(pdiv(x[5],pdiv(x[2],x[5])), mul(x[7],add(99.97,x[2])))",True,not_(x[6]),0.6347305389221557,b4068ba57b63c959651c969331c4b5cd,0.6347305389221557,False,0.0
8,25,"not_(less_than_or_equal(pdiv(mul(mul(x[7],sub(pdiv(x[5],sub(add(pdiv(x[0],x[5]),add(x[7],x[2])),x[2])),x[2])),x[5]),pdiv(add(x[7],x[0]),x[2])),x[7]))",False,,,76e74c959559c7e16e029b10926db2e1,0.562874251497006,False,0.0
8,25,"greater_than_or_equal(sub(pdiv(x[7],x[7]),x[0]), mul(x[7],add(x[3],x[7])))",False,,,848586c5ec74d4501b89b09095244043,0.2934131736526946,False,0.0
8,25,"greater_than_or_equal(x[5], mul(x[7],add(x[3],x[7])))",True,"greater_than_or_equal(x[5], mul(x[7],add(x[3],x[7])))",0.31137724550898205,6631d5a50f9f01ea8de86be5bd55c79c,0.31137724550898205,False,0.0
8,25,"greater_than_or_equal(x[3], mul(x[7],add(add(x[2],x[7]),x[2])))",True,"less_than_or_equal(add(mul(x[7],pdiv(mul(mul(x[5],x[2]),add(x[7],x[2])),x[5])),mul(x[7],add(x[7],x[2]))),x[3])",0.2574850299401198,449f24574a105e5c3d469a436f343118,0.26347305389221554,True,0.0059880239520957446
8,25,"greater_than_or_equal(x[5], mul(x[7],add(mul(x[2],pdiv(x[0],add(x[2],mul(x[5],add(x[5],36.91))))),sub(pdiv(x[2],x[5]),mul(x[7],add(x[7],x[0]))))))",False,,,214bb0479d2dcf0c916e00488940988b,0.33532934131736525,False,0.0
8,25,"greater_than_or_equal(x[5], mul(pdiv(x[5],59.06),add(x[5],sub(x[0],x[3]))))",True,"less_than_or_equal(x[2],x[2])",0.35928143712574845,bd082d42dcba8056510101f18394b575,0.35928143712574845,False,0.0
8,25,"not_(less_than_or_equal(pdiv(x[5],x[2]),add(x[7],x[2])))",True,"greater_than_or_equal(pdiv(x[5],x[5]), add(add(x[2],mul(x[2],mul(sub(x[7],x[7]),pdiv(x[5],x[5])))),mul(mul(x[7],x[2]),sub(pdiv(add(x[7],x[2]),x[5]),x[5]))))",0.2934131736526946,b2764a6f3ef5bc579589eb89668b6cf5,0.29940119760479045,True,0.005988023952095856
8,25,"not_(less_than_or_equal(pdiv(x[5],x[5]),add(mul(x[2],pdiv(x[3],add(pdiv(x[3],pdiv(x[7],add(x[2],add(x[5],x[0])))),pdiv(x[7],mul(x[5],x[0]))))),sub(sub(x[2],sub(pdiv(x[2],add(x[7],x[7])),add(x[7],x[5]))),x[5]))))",False,,,f805cc5c809414025954bc26133c4811,0.281437125748503,False,0.0
8,25,"greater_than_or_equal(mul(add(x[0],x[3]),x[7]), x[3])",False,,,e1efc72ef619c622391a47b0752d6f78,0.6766467065868264,False,0.0
8,25,"less_than_or_equal(x[5],mul(sub(x[5],x[2]),x[5]))",True,not_(x[6]),0.6347305389221557,b4068ba57b63c959651c969331c4b5cd,0.6347305389221557,False,0.0
8,25,"greater_than_or_equal(sub(pdiv(x[5],x[7]),add(x[5],x[5])), mul(x[2],mul(x[0],sub(mul(x[7],x[2]),pdiv(pdiv(x[5],x[7]),add(x[3],x[5]))))))",True,"greater_than_or_equal(sub(pdiv(x[5],x[7]),mul(x[7],x[0])), add(mul(add(mul(x[7],add(x[7],x[7])),x[7]),x[5]),mul(x[2],x[5])))",0.20359281437125754,7baa99c3602da78a70edf6832bec59fe,0.2455089820359282,True,0.041916167664670656
8,25,"greater_than_or_equal(sub(pdiv(x[5],add(mul(x[7],add(mul(x[7],add(mul(x[5],add(add(mul(mul(x[7],pdiv(pdiv(mul(x[0],pdiv(x[2],x[7])),x[0]),x[2])),pdiv(x[5],x[2])),x[5]),x[5])),x[5])),add(x[7],sub(x[7],mul(x[3],x[7]))))),x[7])),add(x[7],x[2])), x[7])",True,"greater_than_or_equal(sub(pdiv(x[5],x[7]),mul(x[7],add(x[5],add(sub(x[7],sub(sub(pdiv(mul(x[5],x[7]),add(x[2],x[2])),mul(pdiv(x[5],x[5]),add(x[7],pdiv(x[3],x[2])))),pdiv(x[5],x[7]))),pdiv(x[5],x[5]))))), x[5])",0.4251497005988024,75cf3e188f744d64ee5f71dcc2466022,0.40718562874251496,True,-0.017964071856287456
8,25,"greater_than_or_equal(x[5], mul(x[7],mul(sub(x[7],add(x[5],x[5])),mul(x[5],x[2]))))",True,"less_than_or_equal(x[2],x[2])",0.35928143712574845,bd082d42dcba8056510101f18394b575,0.35928143712574845,False,0.0
8,25,"greater_than_or_equal(sub(pdiv(x[7],x[7]),x[2]), mul(x[7],sub(x[3],x[7])))",True,"less_than_or_equal(add(add(x[7],x[2]),pdiv(x[3],x[3])),add(pdiv(x[5],pdiv(mul(x[2],x[7]),30.44)),add(x[7],mul(x[5],x[2]))))",0.3532934131736527,8b22474e90c54ae8a74a0d0752426450,0.3532934131736527,False,0.0
8,25,"greater_than_or_equal(sub(pdiv(mul(pdiv(x[7],x[7]),mul(x[7],add(add(x[5],mul(x[5],x[3])),add(mul(add(x[3],x[7]),add(add(x[0],x[7]),x[2])),x[5])))),x[5]),x[5]), x[7])",True,"less_than_or_equal(mul(sub(sub(pdiv(x[5],x[7]),x[3]),x[5]),x[5]),x[5])",0.5808383233532934,9ce847aa2a154dd95c8a979d0558f9e9,0.5748502994011976,True,-0.005988023952095856
8,25,"greater_than_or_equal(pdiv(x[5],add(x[7],pdiv(x[2],x[5]))), x[2])",True,"greater_than_or_equal(pdiv(x[5],pdiv(x[2],x[5])), mul(x[7],add(x[5],x[2])))",0.29940119760479045,6d7712eb16cd9cb08b44d2e8f675270f,0.3293413173652695,True,0.029940119760479056
8,25,"greater_than_or_equal(sub(pdiv(pdiv(x[5],x[7]),x[7]),mul(x[2],x[5])), x[5])",False,,,0971078dbf67efeb165e7abc24ef1e50,0.3413173652694611,False,0.0
8,25,"greater_than_or_equal(33.63, add(add(add(add(sub(x[5],add(x[0],add(pdiv(x[5],x[5]),x[2]))),x[5]),mul(x[7],add(x[3],mul(x[5],add(x[2],add(x[2],x[2])))))),x[5]),add(add(sub(x[7],sub(x[7],x[5])),add(x[2],x[7])),x[3])))",True,"less_than_or_equal(x[2],x[2])",0.35928143712574845,bd082d42dcba8056510101f18394b575,0.35928143712574845,False,0.0
8,25,"greater_than_or_equal(pdiv(x[3],x[0]), x[5])",True,"not_(less_than_or_equal(pdiv(x[3],x[5]),add(pdiv(x[2],30.95),mul(x[0],x[7]))))",0.3293413173652695,c7c0dd835d3e14b67c28a47fcb18c6c1,0.3532934131736527,True,0.0239520958083832
8,25,"greater_than_or_equal(pdiv(x[0],x[5]), mul(x[7],add(mul(add(x[7],x[5]),add(sub(x[2],add(x[5],x[0])),pdiv(x[3],x[3]))),add(mul(x[7],pdiv(x[2],x[3])),x[5]))))",False,,,10352e40d4225585385b5aa2d2b442e4,0.5149700598802396,False,0.0
8,25,"not_(greater_than_or_equal(mul(x[7],add(x[5],add(add(x[2],x[2]),x[5]))), x[5]))",True,"greater_than_or_equal(sub(pdiv(x[5],x[7]),add(x[5],pdiv(add(mul(pdiv(x[2],x[5]),add(x[2],x[5])),x[7]),pdiv(x[5],x[5])))), x[5])",0.3652694610778443,277e57b48c2ba30f5693c21858757cda,0.29940119760479045,True,-0.06586826347305386
8,25,"greater_than_or_equal(x[0], pdiv(sub(sub(x[2],x[2]),x[2]),sub(x[7],x[7])))",True,not_(x[6]),0.6347305389221557,b4068ba57b63c959651c969331c4b5cd,0.6347305389221557,False,0.0
8,25,"greater_than_or_equal(sub(pdiv(pdiv(x[5],x[7]),x[7]),x[7]), x[2])",False,,,3093b506d9f50ad6cc6563ca50620a72,0.31137724550898205,False,0.0
8,25,"greater_than_or_equal(sub(pdiv(x[7],mul(add(x[5],add(x[7],x[5])),x[2])),x[5]), x[5])",False,,,c34fed415b89f66868723c3629ef76c0,0.4251497005988024,False,0.0
8,25,"greater_than_or_equal(sub(pdiv(x[5],x[3]),pdiv(x[5],x[7])), x[7])",False,,,e9cc38b412eeec8ef77535e7c44bd66e,0.6287425149700598,False,0.0
8,25,"greater_than_or_equal(mul(x[7],x[2]), pdiv(pdiv(pdiv(mul(x[2],x[2]),sub(add(add(x[5],x[7]),x[2]),add(x[2],x[3]))),add(pdiv(x[7],pdiv(x[7],add(x[5],x[7]))),pdiv(x[3],x[2]))),pdiv(x[0],x[2])))",False,,,09bf748c037aa62ca52d77426819ff70,0.5988023952095809,False,0.0
8,25,"greater_than_or_equal(pdiv(x[5],x[7]), add(x[2],add(01.48,pdiv(add(mul(x[7],sub(pdiv(x[5],x[5]),add(x[2],x[7]))),x[2]),add(sub(pdiv(x[3],add(pdiv(x[3],pdiv(x[7],add(x[2],x[7]))),pdiv(x[3],x[7]))),pdiv(x[5],mul(x[5],add(x[2],x[5])))),x[5])))))",False,,,ecc80f1741eda2b6ebbd662e27d5c0b3,0.35928143712574845,False,0.0
8,25,"greater_than_or_equal(x[2], x[0])",True,"less_than_or_equal(x[0],x[2])",0.44311377245508987,6600e71d16c18564dbde1ecda8fbf2a3,0.44311377245508987,False,0.0
8,25,"greater_than_or_equal(pdiv(x[5],x[5]), mul(sub(sub(x[2],sub(pdiv(x[2],x[5]),mul(x[7],add(x[0],x[5])))),x[5]),x[2]))",True,"less_than_or_equal(x[2],x[2])",0.35928143712574845,bd082d42dcba8056510101f18394b575,0.35928143712574845,False,0.0
8,25,"greater_than_or_equal(00.35, mul(x[5],sub(sub(sub(sub(x[2],x[2]),x[2]),sub(x[7],x[7])),add(x[7],x[5]))))",True,"less_than_or_equal(x[2],x[2])",0.35928143712574845,bd082d42dcba8056510101f18394b575,0.35928143712574845,False,0.0
8,25,"greater_than_or_equal(pdiv(x[5],79.97), x[5])",True,not_(x[6]),0.6347305389221557,b4068ba57b63c959651c969331c4b5cd,0.6347305389221557,False,0.0
8,25,"greater_than_or_equal(pdiv(x[5],add(x[2],mul(add(x[5],x[2]),x[7]))), sub(x[5],add(mul(x[5],add(x[7],x[5])),add(x[2],mul(x[7],add(x[2],x[5]))))))",True,"less_than_or_equal(x[2],x[2])",0.35928143712574845,bd082d42dcba8056510101f18394b575,0.35928143712574845,False,0.0
8,25,"not_(less_than_or_equal(pdiv(x[5],sub(x[5],sub(x[0],x[3]))),mul(x[7],add(mul(x[5],sub(sub(sub(sub(x[2],x[2]),x[0]),sub(pdiv(mul(sub(pdiv(x[3],x[7]),add(x[0],x[7])),x[5]),add(x[0],add(x[5],x[2]))),add(sub(x[7],sub(x[3],mul(x[5],x[7]))),add(x[2],x[7])))),x[2])),add(x[2],x[3])))))",False,,,a4c003d2f3f4733feb921eec55745619,0.2455089820359282,False,0.0
8,25,"greater_than_or_equal(sub(pdiv(x[5],x[2]),x[7]), mul(x[5],pdiv(x[2],pdiv(pdiv(pdiv(add(add(mul(x[0],x[5]),add(x[7],x[2])),x[2]),mul(x[5],mul(x[7],add(mul(x[7],add(x[7],mul(x[5],x[7]))),add(x[2],x[7]))))),x[2]),add(x[2],x[3])))))",False,,,a3beb68cc0c929afa500e766d6ebb39b,0.3053892215568862,False,0.0
8,25,"greater_than_or_equal(x[5], mul(30.99,x[5]))",True,not_(x[6]),0.6347305389221557,b4068ba57b63c959651c969331c4b5cd,0.6347305389221557,False,0.0
8,25,"greater_than_or_equal(x[5], mul(x[5],x[2]))",True,"not_(greater_than_or_equal(mul(x[7],x[2]), x[7]))",0.34730538922155685,f69cf4961d82af0c72c0014d2a401904,0.34730538922155685,False,0.0
8,25,"greater_than_or_equal(x[5], x[0])",True,"less_than_or_equal(x[0],x[5])",0.37125748502994016,cdcd6f1e6c091ac380f1476046586fe6,0.37125748502994016,False,0.0
8,25,"greater_than_or_equal(x[5], x[2])",True,"not_(not_(less_than_or_equal(x[2],x[5])))",0.34730538922155685,4af53f79d9ad2ffac455113b88a02dd4,0.34730538922155685,False,0.0
8,25,"greater_than_or_equal(sub(pdiv(x[7],x[7]),x[7]), x[3])",True,"not_(less_than_or_equal(pdiv(x[5],x[5]),add(x[3],x[7])))",0.3053892215568862,f67f6bf2e1ea1a89d765b78348c25a54,0.3053892215568862,False,0.0
8,25,"not_(less_than_or_equal(pdiv(x[5],add(x[3],mul(x[2],x[5]))),add(add(x[7],x[5]),x[0])))",False,,,b5b184a97cb3b964ee2b0934b34c79d5,0.437125748502994,False,0.0
8,25,"less_than_or_equal(mul(x[5],add(x[5],x[2])),x[2])",True,"greater_than_or_equal(sub(pdiv(x[2],x[5]),x[5]), x[5])",0.5808383233532934,8b8b5e67547a0363aca02653b06f1654,0.5748502994011976,True,-0.005988023952095856
8,25,"greater_than_or_equal(sub(pdiv(pdiv(x[5],x[7]),x[7]),mul(x[3],pdiv(x[5],x[7]))), x[5])",True,"greater_than_or_equal(sub(pdiv(pdiv(x[5],x[5]),x[7]),x[7]), x[3])",0.31137724550898205,2acb0e54c4fe677e694dbb280bb03833,0.31137724550898205,False,0.0
8,25,"greater_than_or_equal(pdiv(sub(mul(x[5],add(pdiv(x[5],x[2]),x[7])),mul(x[5],pdiv(x[7],x[2]))),sub(pdiv(add(x[7],x[2]),x[0]),00.69)), x[5])",False,,,4b5332f2cdee33aea1e88b2e932e64cc,0.32335329341317365,False,0.0
8,25,"greater_than_or_equal(x[3], mul(x[5],pdiv(sub(sub(x[2],sub(pdiv(x[2],x[5]),mul(x[7],add(x[7],x[5])))),x[5]),x[2])))",False,,,2e6c315fc69f0f8d58b14c9cf73b0582,0.3293413173652695,False,0.0
8,25,"greater_than_or_equal(sub(pdiv(x[5],x[2]),mul(x[5],mul(x[7],add(mul(x[7],add(x[7],mul(x[5],x[7]))),add(x[2],x[7]))))), x[2])",True,"greater_than_or_equal(sub(pdiv(x[5],x[2]),mul(x[5],mul(x[7],add(mul(x[7],add(x[7],mul(x[5],x[7]))),add(x[2],x[7]))))), x[2])",0.27544910179640714,b860da96e2355d3089fd95747b736ad9,0.27544910179640714,False,0.0
8,25,"greater_than_or_equal(sub(pdiv(pdiv(x[5],x[7]),x[7]),mul(x[5],04.59)), pdiv(x[2],x[5]))",True,"greater_than_or_equal(x[5], mul(x[7],add(x[5],pdiv(x[5],x[5]))))",0.33532934131736525,fa01caa917a58bbda28cb775016b8bd1,0.29940119760479045,True,-0.0359281437125748
8,25,"greater_than_or_equal(x[5], mul(x[7],add(x[2],sub(sub(x[7],x[0]),x[2]))))",False,,,596f67133c77cefff852ae8a04d7c7b7,0.34730538922155685,False,0.0
8,25,"greater_than_or_equal(x[7], mul(x[7],add(x[2],pdiv(mul(x[2],x[5]),add(add(x[7],x[5]),sub(sub(add(x[2],x[7]),x[2]),add(x[2],x[3])))))))",False,,,628b31808bb97972c2f56df5a18980cd,0.3053892215568862,False,0.0
8,25,"not_(less_than_or_equal(pdiv(x[5],x[5]),mul(x[2],add(add(x[2],x[0]),mul(x[7],mul(add(x[5],add(pdiv(add(x[7],x[5]),x[2]),sub(mul(x[2],add(x[2],x[7])),add(x[2],x[7])))),x[2]))))))",True,"not_(less_than_or_equal(pdiv(x[5],x[5]),mul(x[2],add(add(x[2],x[5]),mul(x[7],mul(add(x[5],add(pdiv(add(x[7],x[5]),x[2]),sub(mul(x[2],add(x[2],x[5])),x[7]))),x[2]))))))",0.25149700598802394,cc8146e6ef927323b83ab597f87fb13b,0.2694610778443114,True,0.017964071856287456
8,25,"greater_than_or_equal(sub(pdiv(x[5],x[2]),add(x[5],x[2])), mul(add(mul(x[7],add(x[7],mul(x[5],x[5]))),x[7]),x[2]))",True,"not_(less_than_or_equal(pdiv(x[5],add(x[2],x[7])),add(x[2],mul(mul(x[5],x[5]),x[2]))))",0.26347305389221554,e8416c2fb71a3a71a319df2a39c63cbe,0.26347305389221554,False,0.0
8,25,"greater_than_or_equal(pdiv(x[5],x[7]), add(x[0],add(add(02.44,add(x[2],x[5])),add(x[2],x[5]))))",True,"not_(less_than_or_equal(pdiv(x[5],04.61),x[7]))",0.5389221556886228,a7cacbe6ce22cd2e14b847dca3a88aa5,0.5389221556886228,False,0.0
8,25,"not_(less_than_or_equal(pdiv(x[5],x[5]),add(mul(add(pdiv(add(x[7],x[2]),add(x[2],sub(pdiv(x[5],x[2]),x[5]))),sub(x[2],x[7])),add(x[5],x[7])),x[2])))",False,,,9aae0b06560dc76d3151a4584c777763,0.281437125748503,False,0.0
8,25,"greater_than_or_equal(x[5], mul(mul(x[5],add(x[2],x[7])),add(add(x[5],mul(x[7],add(x[5],x[5]))),add(pdiv(pdiv(x[5],x[2]),add(add(x[7],x[2]),x[3])),x[5]))))",False,,,375fc21bbe74cb310a84cf5e04f11fdd,0.562874251497006,False,0.0
8,25,"not_(less_than_or_equal(x[0],x[7]))",True,"less_than_or_equal(x[7],x[0])",0.5449101796407185,be077d9307e8548c7420a3c3b9c6aaf2,0.5449101796407185,False,0.0
8,25,"greater_than_or_equal(sub(pdiv(x[5],add(x[2],x[7])),mul(x[2],x[0])), x[7])",True,"less_than_or_equal(add(mul(x[7],pdiv(x[7],x[5])),x[2]),add(sub(x[7],x[7]),pdiv(69.44,sub(x[3],x[3]))))",0.23353293413173648,5f2e5afeb1a022e5ca01b3e765a4f86c,0.2455089820359282,True,0.011976047904191711
8,25,"greater_than_or_equal(x[5], mul(x[7],add(pdiv(x[5],mul(x[7],mul(x[2],x[5]))),x[2])))",True,"greater_than_or_equal(x[5], mul(x[7],add(x[2],pdiv(x[5],mul(x[5],add(pdiv(x[2],30.95),mul(x[0],x[7])))))))",0.6287425149700598,d8b77ebf09c26693d0a9da97b46289d2,0.6287425149700598,False,0.0
8,25,"less_than_or_equal(x[5],mul(x[7],x[0]))",True,"less_than_or_equal(sub(pdiv(x[5],x[2]),mul(x[7],x[0])),mul(mul(x[3],x[2]),sub(x[5],x[2])))",0.6467065868263473,64a044af0d7ad5746f97e0885e2b3f57,0.652694610778443,True,0.0059880239520957446
8,25,"greater_than_or_equal(pdiv(x[3],x[3]), add(add(x[7],x[0]),x[2]))",True,"greater_than_or_equal(pdiv(x[5],x[5]), add(add(x[7],x[0]),x[2]))",0.20359281437125754,2c8ba4c0896bdabce262eefb429de9c2,0.20359281437125754,False,0.0
8,25,"greater_than_or_equal(sub(82.54,mul(x[2],x[2])), add(x[2],x[3]))",True,"less_than_or_equal(x[2],x[2])",0.35928143712574845,bd082d42dcba8056510101f18394b575,0.35928143712574845,False,0.0
8,25,"greater_than_or_equal(pdiv(x[3],pdiv(x[7],add(x[2],x[7]))), pdiv(x[3],x[7]))",True,"less_than_or_equal(pdiv(x[5],x[5]),add(x[2],x[7]))",0.8083832335329342,13bc325d64f36ba4cad976606f41f747,0.8023952095808383,True,-0.005988023952095856
8,25,"greater_than_or_equal(sub(add(x[2],x[2]),x[5]), x[5])",True,"less_than_or_equal(x[5],x[2])",0.652694610778443,6fb17002302e404122653cf2c68db553,0.652694610778443,False,0.0
8,25,"greater_than_or_equal(x[5], mul(x[7],add(x[5],x[2])))",True,"greater_than_or_equal(x[5], mul(x[7],add(x[5],x[2])))",0.23353293413173648,49521aab13419e9d4582e656c37790ef,0.23353293413173648,False,0.0
8,25,"greater_than_or_equal(x[5], mul(x[7],x[2]))",True,"less_than_or_equal(sub(mul(x[2],x[7]),mul(x[0],x[7])),x[5])",0.34730538922155685,67e5c7a497be3e968ea5c2bd6433af6d,0.33532934131736525,True,-0.0119760479041916
8,25,"greater_than_or_equal(x[5], x[2])",True,"not_(not_(less_than_or_equal(x[2],x[5])))",0.34730538922155685,4af53f79d9ad2ffac455113b88a02dd4,0.34730538922155685,False,0.0
8,25,"greater_than_or_equal(pdiv(x[3],mul(mul(x[7],x[2]),add(x[2],x[2]))), add(mul(add(x[5],x[2]),x[7]),add(sub(x[5],sub(x[0],x[3])),mul(x[7],add(mul(mul(x[7],sub(mul(pdiv(add(x[2],mul(x[2],x[5])),add(add(x[7],x[5]),sub(pdiv(add(x[2],x[7]),x[2]),add(x[2],x[3])))),add(pdiv(x[3],pdiv(x[7],add(x[2],x[7]))),pdiv(x[3],x[7]))),x[3])),x[5]),x[5])))))",False,,,d620e9e60dbb785ae396f14402fde0af,0.25149700598802394,False,0.0
8,25,"greater_than_or_equal(pdiv(x[5],add(x[5],add(x[5],x[5]))), x[2])",False,,,af13ee011bd4252ae1d390a9ae6a35c6,0.2694610778443114,False,0.0
8,25,"greater_than_or_equal(pdiv(x[5],mul(pdiv(pdiv(sub(add(mul(x[7],sub(x[3],mul(x[0],sub(pdiv(x[5],x[7]),mul(x[7],add(x[7],x[2])))))),x[3]),x[5]),x[5]),add(x[2],x[5])),x[5])), add(x[5],x[2]))",False,,,e86583885bf6234ad9893dd68b44c23b,0.5508982035928144,False,0.0
8,25,"greater_than_or_equal(x[5], sub(add(96.16,x[7]),sub(x[7],pdiv(add(add(x[3],x[5]),add(pdiv(x[3],pdiv(x[7],add(x[2],x[7]))),pdiv(x[3],x[7]))),add(x[5],mul(x[5],add(x[2],x[5])))))))",True,not_(x[6]),0.6347305389221557,b4068ba57b63c959651c969331c4b5cd,0.6407185628742516,True,0.005988023952095856
8,25,"greater_than_or_equal(x[5], mul(mul(x[5],add(x[2],x[7])),x[2]))",True,"greater_than_or_equal(pdiv(pdiv(x[5],x[5]),x[2]), add(sub(x[7],sub(x[5],mul(x[5],x[5]))),add(x[0],x[2])))",0.3053892215568862,1aca9d23cabcfa7cd4770bd148b80789,0.3053892215568862,False,0.0
8,25,"greater_than_or_equal(pdiv(x[0],x[5]), x[2])",False,,,70f1da9f0da8ba120b3a85be9ec5f9ce,0.4850299401197605,False,0.0
8,25,"not_(less_than_or_equal(pdiv(x[5],x[5]),add(mul(x[5],mul(add(mul(add(x[5],x[7]),sub(x[5],mul(x[5],x[5]))),add(x[7],x[2])),x[3])),x[5])))",False,,,3119b9d5da402866bcc68e99d31e6510,0.281437125748503,False,0.0
8,25,"greater_than_or_equal(pdiv(x[3],x[3]), add(add(x[3],mul(x[7],add(x[5],mul(x[7],x[0])))),x[7]))",False,,,0dc3a6d711222b50fa469dab6e3884b1,0.3652694610778443,False,0.0
8,25,"greater_than_or_equal(x[5], mul(x[7],add(x[2],x[5])))",True,"greater_than_or_equal(x[5], mul(x[7],add(x[5],x[2])))",0.23353293413173648,49521aab13419e9d4582e656c37790ef,0.23353293413173648,False,0.0
8,25,"greater_than_or_equal(pdiv(92.02,x[2]), pdiv(x[5],add(x[2],mul(x[5],x[3]))))",True,"less_than_or_equal(pdiv(sub(x[0],x[0]),sub(x[0],x[2])),x[0])",0.38323353293413176,d0734af37aab8e9b6c733bcf8f431f61,0.38323353293413176,False,0.0
8,25,"greater_than_or_equal(pdiv(x[5],add(x[2],x[5])), mul(add(mul(add(sub(add(x[2],x[2]),add(x[0],x[3])),add(pdiv(x[5],pdiv(x[7],add(x[5],x[7]))),pdiv(x[3],x[2]))),x[3]),x[5]),mul(x[7],add(mul(sub(x[3],x[5]),79.38),x[5]))))",False,,,f2b26c58d4b6802e15b240c5d12b3b3d,0.49101796407185627,False,0.0
8,25,"greater_than_or_equal(x[5], x[5])",True,"less_than_or_equal(x[2],x[2])",0.35928143712574845,bd082d42dcba8056510101f18394b575,0.35928143712574845,False,0.0
8,25,"not_(less_than_or_equal(pdiv(x[5],add(add(x[7],x[0]),x[2])),x[7]))",True,"less_than_or_equal(add(mul(x[7],pdiv(x[7],x[5])),x[2]),add(sub(x[7],x[7]),pdiv(69.44,sub(x[3],x[3]))))",0.23353293413173648,5f2e5afeb1a022e5ca01b3e765a4f86c,0.23952095808383234,True,0.005988023952095856
8,25,"greater_than_or_equal(x[5], mul(x[5],add(x[7],add(mul(add(x[7],x[5]),add(sub(x[2],x[5]),x[2])),add(x[5],x[5])))))",False,,,858056d5925a6abd32c24c87c9e3064e,0.4850299401197605,False,0.0
8,25,"greater_than_or_equal(x[5], mul(x[7],add(mul(x[3],add(x[2],sub(pdiv(x[7],mul(x[5],16.91)),sub(add(x[2],x[5]),mul(x[7],add(x[7],x[5])))))),x[5])))",False,,,671a73b1b519582ab0943aae28a011f7,0.3053892215568862,False,0.0
8,25,"greater_than_or_equal(pdiv(x[2],add(sub(x[7],x[7]),pdiv(x[5],x[5]))), mul(mul(x[5],x[7]),pdiv(x[7],x[3])))",False,,,b9cce3cc4206703de542b0cff2c06cfb,0.41916167664670656,False,0.0
8,25,"greater_than_or_equal(x[5], mul(mul(x[5],x[5]),sub(pdiv(mul(mul(x[7],add(x[5],mul(add(x[5],x[2]),x[5]))),sub(x[7],add(x[5],x[7]))),pdiv(x[7],add(x[2],x[5]))),x[7])))",True,"less_than_or_equal(x[2],x[2])",0.35928143712574845,bd082d42dcba8056510101f18394b575,0.35928143712574845,False,0.0
8,25,"not_(less_than_or_equal(pdiv(x[5],sub(add(mul(x[5],add(add(x[2],x[5]),mul(x[7],mul(add(x[5],add(x[3],x[7])),x[3])))),x[5]),x[2])),x[5]))",False,,,9ea8c894731c1f85b3fec9262f709342,0.3772455089820359,False,0.0
8,25,"greater_than_or_equal(x[5], mul(x[7],add(sub(x[5],sub(x[7],x[2])),add(x[2],mul(x[0],add(x[2],sub(pdiv(x[7],mul(x[5],x[0])),sub(sub(x[2],mul(pdiv(x[7],x[5]),mul(x[2],add(04.43,x[5])))),x[5]))))))))",False,,,0d6866bd553013f84ec8b26b8d104191,0.2455089820359282,False,0.0
8,25,"greater_than_or_equal(x[5], mul(30.90,add(pdiv(x[5],sub(add(add(x[0],x[7]),add(x[0],x[2])),x[0])),x[2])))",True,not_(x[6]),0.6347305389221557,b4068ba57b63c959651c969331c4b5cd,0.6407185628742516,True,0.005988023952095856
8,25,"greater_than_or_equal(x[5], mul(x[5],add(x[2],mul(sub(x[2],x[0]),x[5]))))",True,"not_(less_than_or_equal(pdiv(x[5],x[5]),add(mul(x[5],x[2]),x[2])))",0.281437125748503,d082749556ca18b49bd315ec68630570,0.2934131736526946,True,0.0119760479041916
8,25,"greater_than_or_equal(add(pdiv(pdiv(x[5],x[7]),x[7]),mul(add(sub(x[5],x[7]),x[0]),pdiv(x[5],add(add(mul(mul(x[5],mul(x[7],add(x[3],mul(x[5],add(x[2],add(x[2],x[2])))))),x[5]),add(add(sub(x[7],sub(x[7],x[5])),add(x[2],x[7])),x[3])),x[7])))), mul(x[7],x[5]))",False,,,074c43c9e5121d3f5f90c733f1d741c0,0.39520958083832336,False,0.0
8,25,"greater_than_or_equal(pdiv(pdiv(pdiv(x[5],x[7]),add(mul(x[5],x[3]),x[7])),x[7]), x[2])",True,"not_(greater_than_or_equal(mul(x[7],add(x[5],x[7])), add(pdiv(mul(x[2],add(x[5],x[5])),x[2]),add(sub(x[7],x[7]),pdiv(x[5],x[3])))))",0.32335329341317365,6879d8556cd3538b7aad64e5d345873a,0.3173652694610778,True,-0.005988023952095856
8,25,"greater_than_or_equal(pdiv(x[5],pdiv(x[5],add(x[7],add(x[2],x[0])))), add(add(x[2],x[3]),add(x[2],x[5])))",False,,,55814a47d48d1db3fd72b1b017593e79,0.6347305389221557,False,0.0
8,25,"greater_than_or_equal(mul(add(add(x[7],x[0]),x[2]),x[0]), add(add(x[2],x[3]),add(x[2],x[5])))",True,not_(x[6]),0.6347305389221557,b4068ba57b63c959651c969331c4b5cd,0.6407185628742516,True,0.005988023952095856
8,25,"greater_than_or_equal(pdiv(x[3],pdiv(00.49,mul(sub(add(add(44.54,sub(x[2],x[0])),x[3]),sub(add(add(x[0],x[7]),x[2]),x[5])),x[5]))), x[5])",True,"not_(less_than_or_equal(pdiv(x[3],x[5]),add(pdiv(x[2],30.95),mul(x[0],x[3]))))",0.34730538922155685,4ac8a53c24397a99907b64c745d162c5,0.34730538922155685,False,0.0
8,25,"greater_than_or_equal(pdiv(x[7],x[2]), x[3])",True,"less_than_or_equal(mul(mul(x[2],x[3]),pdiv(x[2],x[7])),add(sub(x[7],x[3]),x[3]))",0.45508982035928147,7d973a6d8cc86431698bb2d6cd68b2c2,0.4011976047904192,True,-0.053892215568862256
8,25,"not_(less_than_or_equal(pdiv(x[5],x[5]),mul(x[2],add(add(sub(pdiv(x[5],mul(x[7],mul(add(x[5],add(pdiv(add(x[7],x[5]),x[2]),sub(mul(x[2],add(x[2],x[5])),x[2]))),sub(pdiv(x[5],x[7]),x[5])))),x[2]),mul(x[5],add(x[7],mul(x[7],sub(x[3],mul(x[5],sub(sub(add(x[5],x[7]),add(x[5],x[7])),x[7]))))))),x[7]))))",False,,,b68e15c12e363398afc663e3847519ab,0.2574850299401198,False,0.0
8,25,"less_than_or_equal(x[2],x[3])",True,"greater_than_or_equal(x[3], x[2])",0.3652694610778443,0a54951987edb23171217fd387dfe4ac,0.3652694610778443,False,0.0
8,25,"greater_than_or_equal(mul(x[3],x[7]), add(x[5],add(x[5],x[5])))",False,,,c5d12a4bf1b0ea52ddbb757128dd3c86,0.6766467065868264,False,0.0
8,25,"greater_than_or_equal(sub(pdiv(pdiv(x[5],x[7]),mul(x[2],add(sub(x[5],x[7]),pdiv(add(pdiv(x[5],x[5]),x[2]),x[5])))),mul(x[7],add(x[3],mul(x[5],add(x[2],add(x[2],x[2])))))), x[5])",False,,,c53b3113ebb7f77ac955605b5f717797,0.23353293413173648,False,0.0
8,25,"greater_than_or_equal(sub(pdiv(x[5],x[5]),x[2]), add(mul(x[5],mul(x[7],x[2])),x[5]))",False,,,00690f49bde6f499752bc7e2b046693b,0.23353293413173648,False,0.0
8,25,"greater_than_or_equal(pdiv(x[5],add(x[2],x[5])), mul(x[7],add(x[5],sub(add(55.51,x[0]),add(x[0],x[7])))))",True,not_(x[6]),0.6347305389221557,b4068ba57b63c959651c969331c4b5cd,0.6347305389221557,False,0.0
8,25,"less_than_or_equal(x[5],mul(x[7],add(x[5],add(sub(x[3],mul(x[5],x[2])),add(x[2],x[7])))))",True,"less_than_or_equal(x[5],mul(x[7],add(mul(x[5],add(x[3],pdiv(x[5],x[5]))),add(x[2],x[2]))))",0.7365269461077844,6fac9dce50f7548ecef255f45388a574,0.6826347305389222,True,-0.053892215568862145
8,25,"not_(greater_than_or_equal(x[0], add(add(x[2],x[3]),add(x[2],x[5]))))",True,"less_than_or_equal(x[2],x[2])",0.35928143712574845,bd082d42dcba8056510101f18394b575,0.35928143712574845,False,0.0
8,25,"not_(less_than_or_equal(pdiv(x[5],x[2]),add(pdiv(x[5],add(x[2],x[2])),x[5])))",True,"greater_than_or_equal(sub(pdiv(x[5],x[2]),x[5]), x[5])",0.2694610778443114,72989f9209d2ae9398572032465ff70a,0.281437125748503,True,0.0119760479041916
8,25,"greater_than_or_equal(pdiv(x[5],x[5]), add(x[2],x[7]))",True,"less_than_or_equal(add(mul(x[7],pdiv(x[5],x[5])),x[2]),add(sub(x[7],x[7]),pdiv(69.44,sub(x[3],x[3]))))",0.19161676646706582,14c6e007ad625f3839f568e9ee8a86e1,0.19161676646706582,False,0.0
8,25,"greater_than_or_equal(sub(pdiv(x[5],x[5]),x[5]), add(mul(x[5],x[2]),pdiv(x[2],add(x[2],x[2]))))",True,"greater_than_or_equal(00.39, mul(sub(add(add(add(x[5],x[3]),x[5]),x[2]),x[5]),x[5]))",0.5389221556886228,fca71278bcb6c40c5ba12809437b187e,0.5209580838323353,True,-0.017964071856287456
8,25,"greater_than_or_equal(sub(pdiv(x[5],x[7]),x[5]), x[3])",True,"greater_than_or_equal(x[5], mul(x[7],add(x[5],x[3])))",0.3053892215568862,0947741ceb5018f757b589e69907d867,0.3053892215568862,False,0.0
8,25,"greater_than_or_equal(pdiv(x[3],mul(mul(x[7],x[2]),add(x[2],x[2]))), x[7])",False,,,455527318e51cc20ff03c277e16ab649,0.2934131736526946,False,0.0
8,25,"greater_than_or_equal(pdiv(pdiv(x[7],x[2]),x[3]), x[7])",True,"less_than_or_equal(x[2],x[2])",0.35928143712574845,bd082d42dcba8056510101f18394b575,0.35928143712574845,False,0.0
8,25,"less_than_or_equal(pdiv(x[5],add(x[5],add(x[2],x[5]))),mul(x[0],sub(x[5],x[3])))",True,"greater_than_or_equal(x[0], add(x[2],x[3]))",0.6287425149700598,4ed22bab75692b804df38b56926cc8d6,0.6287425149700598,False,0.0
8,25,"not_(less_than_or_equal(pdiv(pdiv(x[0],x[5]),mul(x[2],add(x[5],x[5]))),x[5]))",False,,,cb750feaeaf1cb9b92201fa5dec17a3b,0.4730538922155688,False,0.0
8,25,"greater_than_or_equal(sub(pdiv(add(x[5],x[5]),mul(x[7],x[5])),x[7]), add(mul(x[0],add(add(add(mul(add(x[2],add(mul(x[3],add(x[2],x[7])),x[7])),pdiv(x[7],x[5])),x[5]),add(x[7],mul(x[2],mul(x[7],add(x[7],x[5]))))),x[5])),x[2]))",False,,,81f39c2cbcff4ac9e8d5fffc43ea3e1b,0.29940119760479045,False,0.0
8,25,"greater_than_or_equal(pdiv(x[5],x[3]), x[5])",True,"less_than_or_equal(x[2],x[2])",0.35928143712574845,bd082d42dcba8056510101f18394b575,0.35928143712574845,False,0.0
8,25,"greater_than_or_equal(sub(pdiv(x[5],sub(add(x[7],mul(x[5],pdiv(x[7],x[2]))),sub(sub(sub(x[2],x[2]),x[2]),sub(x[7],x[7])))),add(x[7],x[5])), x[5])",True,"not_(less_than_or_equal(pdiv(x[5],add(add(mul(x[5],add(x[5],x[0])),mul(x[3],x[7])),add(x[5],x[2]))),add(sub(x[7],sub(x[5],mul(x[5],x[5]))),add(x[5],x[2]))))",0.5508982035928144,ca040225f4a180f13db4e73bc45362a7,0.5988023952095809,True,0.04790419161676651
8,25,"not_(less_than_or_equal(pdiv(x[5],x[7]),x[5]))",True,"not_(less_than_or_equal(pdiv(x[5],x[5]),add(pdiv(x[2],96.92),x[7])))",0.39520958083832336,db0e6c3409e9b2885c8014a7de8788af,0.4011976047904192,True,0.005988023952095856
8,25,"greater_than_or_equal(x[5], mul(x[7],add(x[5],add(x[5],x[2]))))",True,"greater_than_or_equal(x[5], mul(x[7],add(x[5],add(x[2],x[5]))))",0.27544910179640714,b273e6241ac446c8ee6db4bc01755f47,0.27544910179640714,False,0.0
8,25,"greater_than_or_equal(09.69, pdiv(x[7],x[5]))",True,"greater_than_or_equal(09.69, pdiv(x[7],x[5]))",0.3293413173652695,804bafc2777bbec11fe5e2804a171eef,0.3293413173652695,False,0.0
8,25,"greater_than_or_equal(pdiv(x[5],x[5]), mul(sub(add(add(x[0],x[5]),add(x[0],x[2])),x[2]),x[2]))",True,"not_(less_than_or_equal(pdiv(x[5],x[5]),add(x[0],x[2])))",0.34730538922155685,c426607f0a92b79fd094d06b3453a190,0.3532934131736527,True,0.005988023952095856
8,25,"greater_than_or_equal(pdiv(x[5],x[2]), pdiv(x[3],x[2]))",True,"less_than_or_equal(mul(sub(x[7],x[0]),pdiv(x[7],25.93)),pdiv(x[7],sub(mul(x[3],x[5]),mul(x[3],x[3]))))",0.5089820359281437,8ad7ccd0e2bcf51cfea619f1321f2792,0.5029940119760479,True,-0.005988023952095856
8,25,"greater_than_or_equal(x[5], sub(add(x[2],x[7]),sub(pdiv(x[5],x[7]),mul(x[7],add(x[7],x[2])))))",True,"greater_than_or_equal(x[5], mul(x[7],add(x[7],x[2])))",0.2455089820359282,dbe0ded9608d153cce360999e2a5fae7,0.2455089820359282,False,0.0
8,25,"less_than_or_equal(x[2],x[5])",True,"not_(not_(less_than_or_equal(x[2],x[5])))",0.34730538922155685,4af53f79d9ad2ffac455113b88a02dd4,0.34730538922155685,False,0.0
8,25,"greater_than_or_equal(add(mul(x[2],sub(pdiv(x[7],x[7]),x[2])),x[5]), add(mul(x[5],x[2]),x[5]))",True,"not_(less_than_or_equal(pdiv(x[5],x[5]),add(x[5],x[2])))",0.2455089820359282,5825d6d8d32996f2f81bb41cc0bfa92f,0.2455089820359282,False,0.0
8,25,"greater_than_or_equal(x[3], mul(x[5],mul(sub(add(add(add(mul(x[7],add(x[0],x[2])),x[0]),x[2]),mul(x[7],add(x[7],x[2]))),x[3]),x[5])))",False,,,7108c4eec0e2729b284a49d5045e3041,0.281437125748503,False,0.0
8,25,"greater_than_or_equal(09.89, pdiv(x[7],x[5]))",True,"greater_than_or_equal(09.69, pdiv(x[7],x[5]))",0.3293413173652695,804bafc2777bbec11fe5e2804a171eef,0.3293413173652695,False,0.0
8,25,"greater_than_or_equal(pdiv(x[5],x[2]), mul(x[7],add(add(pdiv(x[5],x[3]),x[7]),add(add(x[7],pdiv(x[5],x[5])),mul(mul(x[5],x[7]),pdiv(x[7],x[3]))))))",False,,,9eb0776e8b44fada656ca4feb6cbdcfb,0.23353293413173648,False,0.0
8,25,"greater_than_or_equal(pdiv(x[7],x[2]), x[3])",True,"less_than_or_equal(mul(mul(x[2],x[3]),pdiv(x[2],x[7])),add(sub(x[7],x[3]),x[3]))",0.45508982035928147,7d973a6d8cc86431698bb2d6cd68b2c2,0.4011976047904192,True,-0.053892215568862256
8,25,"greater_than_or_equal(sub(pdiv(x[7],x[7]),x[7]), mul(x[7],x[2]))",True,"greater_than_or_equal(pdiv(x[5],x[5]), add(x[7],mul(x[7],x[2])))",0.23952095808383234,0a59dd1a7af4fa849a2c5d4611cd3eab,0.23952095808383234,False,0.0
8,25,"less_than_or_equal(pdiv(pdiv(x[5],x[7]),add(mul(x[5],sub(x[2],add(x[2],x[5]))),mul(x[7],mul(mul(x[5],add(mul(add(x[7],mul(x[7],add(x[5],add(x[0],x[2])))),x[5]),pdiv(mul(x[2],pdiv(x[5],x[2])),x[7]))),pdiv(x[7],add(x[7],x[2])))))),x[7])",False,,,bacd3f18ed699159f0abbd6e817ccb85,0.26347305389221554,False,0.0
8,25,"greater_than_or_equal(x[5], add(add(mul(add(x[2],pdiv(mul(x[3],add(x[2],x[7])),x[7])),sub(x[7],x[5])),pdiv(mul(x[5],x[7]),add(mul(x[5],add(x[5],x[2])),x[2]))),x[5]))",False,,,0501f9aa86313e61fb5d6103693aa8be,0.4251497005988024,False,0.0
8,25,"greater_than_or_equal(sub(pdiv(add(x[5],x[5]),mul(x[7],x[5])),x[7]), add(mul(x[0],x[0]),x[7]))",True,"greater_than_or_equal(sub(pdiv(x[0],x[7]),mul(x[0],mul(x[3],pdiv(x[0],x[3])))), mul(x[0],mul(x[3],x[7])))",0.3532934131736527,c6d775a454076969461e8a715306c0c4,0.3652694610778443,True,0.0119760479041916
8,25,"greater_than_or_equal(pdiv(x[5],x[5]), x[2])",True,"not_(greater_than_or_equal(mul(x[7],x[2]), x[7]))",0.34730538922155685,f69cf4961d82af0c72c0014d2a401904,0.34730538922155685,False,0.0
8,25,"greater_than_or_equal(pdiv(x[5],x[5]), x[7])",True,"less_than_or_equal(x[2],x[2])",0.35928143712574845,bd082d42dcba8056510101f18394b575,0.35928143712574845,False,0.0
8,25,"greater_than_or_equal(sub(pdiv(x[7],x[5]),add(x[0],add(x[5],x[2]))), add(sub(x[7],sub(x[3],mul(x[5],x[7]))),add(x[2],x[7])))",True,"greater_than_or_equal(pdiv(x[5],x[5]), add(x[5],add(x[5],x[5])))",0.5688622754491017,c4a908ae70ee33dbcab1c18670256f0b,0.6287425149700598,True,0.05988023952095811
8,25,"greater_than_or_equal(x[5], x[0])",True,"less_than_or_equal(x[0],x[5])",0.37125748502994016,cdcd6f1e6c091ac380f1476046586fe6,0.37125748502994016,False,0.0
8,25,"greater_than_or_equal(pdiv(x[5],add(add(add(x[5],mul(x[7],add(x[7],x[3]))),x[5]),x[5])), add(x[2],x[5]))",True,"greater_than_or_equal(add(mul(x[7],sub(x[0],x[7])),x[7]), add(x[5],x[2]))",0.6586826347305389,681d8fd5d491586fb67fc0cf65def18f,0.6347305389221557,True,-0.0239520958083832
8,25,"less_than_or_equal(pdiv(x[5],x[3]),x[3])",False,,,39fdef7bc0e236c568b4e3d31277912d,0.6227544910179641,False,0.0
8,25,"greater_than_or_equal(pdiv(mul(pdiv(x[5],x[2]),x[7]),sub(sub(pdiv(x[5],x[7]),add(x[2],x[5])),x[2])), pdiv(pdiv(x[5],x[5]),add(x[2],x[3])))",False,,,e6671153ecbb3b5dc4aa5e48133f17eb,0.5329341317365269,False,0.0
8,25,"not_(less_than_or_equal(x[2],mul(x[7],add(add(pdiv(x[5],x[3]),x[7]),add(x[2],add(x[2],x[2]))))))",False,,,aab65a2ef0cfb1fd8b690c8e0566751f,0.5508982035928144,False,0.0
8,25,"greater_than_or_equal(x[3], mul(x[2],sub(pdiv(x[3],x[2]),x[7])))",True,"less_than_or_equal(x[2],x[2])",0.35928143712574845,bd082d42dcba8056510101f18394b575,0.35928143712574845,False,0.0
8,25,"less_than_or_equal(add(x[7],x[7]),x[2])",False,,,e28ccdb78da2407bf0e8ad666df526b5,0.562874251497006,False,0.0
8,25,"not_(greater_than_or_equal(pdiv(x[5],x[2]), add(x[5],x[7])))",True,"less_than_or_equal(sub(pdiv(x[5],x[2]),x[5]),x[7])",0.7125748502994012,574d46788cdb80304367d146ddb3203a,0.7125748502994012,False,0.0
8,25,"greater_than_or_equal(sub(pdiv(x[5],x[7]),add(x[5],x[5])), add(x[2],x[0]))",True,"greater_than_or_equal(sub(pdiv(x[5],x[7]),add(x[5],pdiv(add(mul(pdiv(x[2],x[5]),add(x[2],x[5])),x[7]),pdiv(x[5],x[5])))), x[5])",0.3652694610778443,277e57b48c2ba30f5693c21858757cda,0.2934131736526946,True,-0.07185628742514971
8,25,"greater_than_or_equal(pdiv(x[5],add(x[2],add(sub(mul(x[7],x[5]),x[2]),pdiv(pdiv(pdiv(mul(x[2],x[2]),sub(add(add(x[5],x[7]),x[2]),add(x[2],x[3]))),add(pdiv(x[3],pdiv(x[7],add(x[7],x[7]))),pdiv(x[3],x[2]))),pdiv(x[0],x[2]))))), x[0])",False,,,eca1f27d2ce7eed7cabe71783259728d,0.3413173652694611,False,0.0
8,25,"greater_than_or_equal(sub(x[2],add(x[0],x[3])), add(pdiv(x[3],pdiv(x[7],add(x[2],x[7]))),pdiv(x[3],x[7])))",False,,,c929a26df8de54fd109be599d65717bd,0.6646706586826348,False,0.0
8,25,"less_than_or_equal(pdiv(x[5],x[5]),add(x[2],x[7]))",True,"less_than_or_equal(pdiv(x[5],x[5]),add(x[2],x[7]))",0.8083832335329342,13bc325d64f36ba4cad976606f41f747,0.8083832335329342,False,0.0
8,25,"greater_than_or_equal(pdiv(x[5],x[5]), add(x[7],mul(x[7],sub(x[3],mul(x[2],sub(sub(x[7],sub(x[7],x[2])),add(sub(pdiv(x[5],add(pdiv(x[3],pdiv(x[7],add(x[2],x[7]))),pdiv(x[3],x[7]))),x[7]),mul(x[2],x[7]))))))))",False,,,6a0d2cdd7a8cbd3e6573ccc83775719c,0.26347305389221554,False,0.0
8,25,"greater_than_or_equal(pdiv(x[5],x[5]), add(x[2],x[3]))",True,"not_(less_than_or_equal(pdiv(x[5],x[5]),add(x[2],x[3])))",0.2694610778443114,8e10ebf505ba211742b7164524309595,0.2694610778443114,False,0.0
8,25,"greater_than_or_equal(pdiv(x[5],x[5]), add(x[2],add(x[2],x[2])))",True,"greater_than_or_equal(pdiv(x[5],add(x[5],add(x[5],x[5]))), x[2])",0.2694610778443114,af13ee011bd4252ae1d390a9ae6a35c6,0.2694610778443114,False,0.0
8,25,"not_(less_than_or_equal(pdiv(x[5],x[5]),x[2]))",True,"not_(greater_than_or_equal(mul(x[7],x[2]), x[7]))",0.34730538922155685,f69cf4961d82af0c72c0014d2a401904,0.34730538922155685,False,0.0
8,25,"greater_than_or_equal(sub(pdiv(x[5],x[7]),x[5]), mul(x[5],sub(x[7],x[2])))",False,,,e7ad9809e009da1c9ec471c090def904,0.3173652694610778,False,0.0
8,25,"greater_than_or_equal(x[3], x[3])",True,"less_than_or_equal(x[2],x[2])",0.35928143712574845,bd082d42dcba8056510101f18394b575,0.35928143712574845,False,0.0
8,25,"greater_than_or_equal(sub(pdiv(add(mul(x[2],x[7]),mul(x[5],add(x[7],x[2]))),sub(sub(sub(x[2],x[2]),x[2]),sub(x[7],x[7]))),add(x[7],x[5])), x[5])",True,not_(x[6]),0.6347305389221557,b4068ba57b63c959651c969331c4b5cd,0.6347305389221557,False,0.0
8,25,"not_(less_than_or_equal(pdiv(x[5],x[7]),add(35.99,x[7])))",True,not_(x[6]),0.6347305389221557,b4068ba57b63c959651c969331c4b5cd,0.6347305389221557,False,0.0
8,25,"greater_than_or_equal(x[5], mul(x[7],add(add(add(pdiv(mul(x[7],x[2]),mul(x[7],add(x[2],x[5]))),sub(x[2],x[7])),add(x[5],x[7])),x[7])))",True,"greater_than_or_equal(x[5], mul(x[7],add(x[5],pdiv(x[5],x[5]))))",0.33532934131736525,fa01caa917a58bbda28cb775016b8bd1,0.3173652694610778,True,-0.017964071856287456
8,25,"greater_than_or_equal(x[5], mul(add(mul(x[7],add(x[2],mul(x[7],x[2]))),mul(x[7],add(x[2],x[5]))),sub(x[2],x[7])))",True,"less_than_or_equal(mul(sub(x[2],x[5]),sub(x[2],x[0])),add(x[3],sub(sub(x[5],x[0]),sub(sub(x[2],x[0]),mul(x[5],x[5])))))",0.35928143712574845,8ec9f7e88fcc83ba50c08b755b787f7b,0.3413173652694611,True,-0.017964071856287345
8,25,"greater_than_or_equal(pdiv(x[5],add(x[2],x[7])), x[5])",True,"less_than_or_equal(add(mul(x[7],pdiv(x[5],x[5])),x[2]),add(sub(x[7],x[7]),pdiv(69.44,sub(x[3],x[3]))))",0.19161676646706582,14c6e007ad625f3839f568e9ee8a86e1,0.19161676646706582,False,0.0
8,25,"greater_than_or_equal(add(sub(92.01,add(x[7],x[0])),add(x[5],x[2])), add(sub(x[7],sub(x[3],mul(x[5],x[3]))),sub(x[2],x[7])))",True,"less_than_or_equal(x[2],x[2])",0.35928143712574845,bd082d42dcba8056510101f18394b575,0.35928143712574845,False,0.0
8,25,"greater_than_or_equal(pdiv(x[7],add(add(x[0],x[7]),pdiv(add(pdiv(pdiv(mul(x[5],sub(x[7],x[2])),x[7]),add(x[2],pdiv(pdiv(mul(x[5],mul(x[0],x[3])),x[7]),x[5]))),mul(x[7],mul(x[5],x[2]))),x[3]))), x[5])",False,,,4db62ff56b5e2c9e941d8278bcd667b8,0.6407185628742516,False,0.0
8,25,"not_(less_than_or_equal(pdiv(x[5],x[5]),sub(pdiv(x[2],x[2]),x[5])))",True,"less_than_or_equal(x[2],x[2])",0.35928143712574845,bd082d42dcba8056510101f18394b575,0.3652694610778443,True,0.005988023952095856
8,25,"greater_than_or_equal(x[5], mul(x[3],add(x[7],x[2])))",True,"not_(less_than_or_equal(pdiv(x[5],x[3]),add(x[2],x[7])))",0.3293413173652695,63f56071f750897f33f7d388cfcbcfbd,0.3293413173652695,False,0.0
8,25,"less_than_or_equal(sub(pdiv(x[7],x[7]),x[7]),mul(add(x[5],x[2]),add(x[2],mul(x[7],add(x[2],x[5])))))",False,,,56acd4fb2787cc55663a4a16db787cf6,0.7844311377245509,False,0.0
8,25,"greater_than_or_equal(x[5], mul(x[7],mul(x[7],add(x[2],x[5]))))",True,"not_(greater_than_or_equal(mul(x[7],add(x[5],x[2])), add(sub(x[7],x[7]),pdiv(x[5],x[7]))))",0.3053892215568862,ad59d2bb97ec8951bf26a879a143614b,0.3053892215568862,False,0.0
8,25,"greater_than_or_equal(pdiv(x[5],x[7]), x[2])",True,"less_than_or_equal(sub(mul(x[2],x[7]),mul(x[0],x[7])),x[5])",0.34730538922155685,67e5c7a497be3e968ea5c2bd6433af6d,0.33532934131736525,True,-0.0119760479041916
8,25,"greater_than_or_equal(x[5], mul(x[7],add(x[5],mul(x[2],add(sub(x[7],mul(x[5],x[5])),x[5])))))",False,,,c74dcd7694239ef0a8be4a9497eeadb4,0.23353293413173648,False,0.0
8,25,not_(not_(not_(x[6]))),True,not_(x[6]),0.6347305389221557,b4068ba57b63c959651c969331c4b5cd,0.6347305389221557,False,0.0
8,25,"not_(less_than_or_equal(pdiv(x[5],x[3]),mul(x[7],add(mul(add(add(pdiv(x[2],pdiv(x[7],x[7])),x[7]),add(mul(x[7],add(x[2],x[5])),add(x[2],x[5]))),x[5]),add(x[5],x[2])))))",False,,,c63457dd7e391c7fd080709d521f38de,0.2694610778443114,False,0.0
8,25,"greater_than_or_equal(sub(pdiv(x[7],x[7]),x[7]), mul(x[7],x[3]))",True,"greater_than_or_equal(sub(pdiv(x[5],x[7]),mul(add(mul(pdiv(add(x[5],sub(x[2],add(x[5],x[2]))),x[5]),mul(x[7],add(x[7],x[2]))),x[3]),x[5])), x[5])",0.2694610778443114,9022f1cd2d01e29089d46d7d7fad78c5,0.2694610778443114,False,0.0
8,25,"greater_than_or_equal(sub(pdiv(x[5],x[2]),add(x[5],x[7])), x[5])",False,,,c10d73a8574ad2d592dece698811a07a,0.28742514970059885,False,0.0
8,25,"greater_than_or_equal(x[3], mul(x[7],add(x[5],mul(x[2],x[2]))))",False,,,72940da715ef0a995121b62a33ad14fe,0.3053892215568862,False,0.0
8,25,"greater_than_or_equal(x[7], mul(x[7],add(x[3],x[5])))",True,"not_(less_than_or_equal(pdiv(x[5],x[5]),add(x[5],x[3])))",0.49101796407185627,bb45d530dc44268633eeb136f814ec83,0.49101796407185627,False,0.0
8,25,"greater_than_or_equal(x[5], mul(x[5],add(x[3],mul(mul(x[3],x[3]),x[7]))))",False,,,a9ed214a5ad6cf70f161a45474bfb222,0.37125748502994016,False,0.0
8,25,"greater_than_or_equal(sub(x[5],x[2]), mul(x[7],x[2]))",True,"greater_than_or_equal(pdiv(x[5],add(x[2],x[7])), pdiv(x[2],x[5]))",0.3413173652694611,6a01cfb57e05d4350b308c5797775808,0.3173652694610778,True,-0.02395209580838331
8,25,"greater_than_or_equal(pdiv(x[3],x[3]), add(add(x[7],x[0]),add(pdiv(pdiv(x[5],x[3]),x[7]),add(x[2],add(x[2],x[2])))))",True,"greater_than_or_equal(add(mul(x[7],sub(x[0],x[7])),x[7]), add(x[5],x[2]))",0.6586826347305389,681d8fd5d491586fb67fc0cf65def18f,0.6467065868263473,True,-0.0119760479041916
8,25,"greater_than_or_equal(pdiv(x[5],x[3]), x[5])",True,"less_than_or_equal(x[2],x[2])",0.35928143712574845,bd082d42dcba8056510101f18394b575,0.35928143712574845,False,0.0
8,25,"greater_than_or_equal(pdiv(add(x[5],x[7]),x[5]), x[2])",True,"less_than_or_equal(x[2],x[2])",0.35928143712574845,bd082d42dcba8056510101f18394b575,0.35928143712574845,False,0.0
8,25,"greater_than_or_equal(mul(add(pdiv(x[5],x[2]),x[5]),x[2]), x[3])",False,,,70acd7d917a77387cf69368ef220322e,0.47904191616766467,False,0.0
8,25,"greater_than_or_equal(x[5], mul(mul(x[5],x[2]),add(mul(add(x[5],mul(x[2],x[2])),mul(mul(x[5],x[5]),x[2])),add(sub(x[7],x[7]),pdiv(x[5],x[5])))))",True,"not_(less_than_or_equal(pdiv(x[5],add(x[2],x[2])),mul(x[5],x[5])))",0.32335329341317365,3fddbd4dc60a7c93921f62a065786c93,0.31137724550898205,True,-0.0119760479041916
8,25,"greater_than_or_equal(pdiv(x[3],mul(mul(x[7],x[2]),add(x[2],add(x[5],x[2])))), x[7])",False,,,98a443b2ac0cf39390c4867638640c0f,0.27544910179640714,False,0.0
8,25,"greater_than_or_equal(pdiv(x[5],x[7]), add(mul(pdiv(x[5],add(pdiv(pdiv(x[5],x[2]),sub(add(x[7],x[2]),x[3])),x[5])),x[5]),add(x[2],x[5])))",True,"greater_than_or_equal(x[5], mul(x[7],add(mul(sub(x[5],x[7]),mul(x[2],x[3])),add(x[2],x[5]))))",0.23952095808383234,aa956e9d93389438a88322111e1448bd,0.22754491017964074,True,-0.0119760479041916
8,25,"greater_than_or_equal(sub(pdiv(x[7],x[7]),mul(x[0],x[7])), add(x[7],x[2]))",True,"greater_than_or_equal(x[5], mul(mul(x[5],add(x[2],x[7])),add(add(x[0],x[7]),x[2])))",0.19760479041916168,c279190856c43c44122e3510611077dc,0.19760479041916168,False,0.0
8,25,"greater_than_or_equal(x[5], mul(x[5],add(x[2],x[5])))",True,"not_(less_than_or_equal(pdiv(x[5],x[5]),add(x[5],x[2])))",0.2455089820359282,5825d6d8d32996f2f81bb41cc0bfa92f,0.2455089820359282,False,0.0
8,25,"greater_than_or_equal(sub(pdiv(pdiv(x[5],add(x[5],x[0])),add(add(x[0],x[7]),x[2])),x[5]), pdiv(add(x[5],x[7]),pdiv(x[5],x[5])))",False,,,b2a056cbcf34e678571b25713f38a32a,0.35928143712574845,False,0.0
8,25,"greater_than_or_equal(pdiv(x[3],x[3]), add(add(x[2],pdiv(add(sub(x[3],x[5]),mul(x[7],sub(x[2],x[5]))),x[5])),mul(x[2],x[2])))",False,,,ecebf3c48fd140a88d42d85e2b9f95c6,0.3772455089820359,False,0.0
8,25,"greater_than_or_equal(pdiv(x[5],add(x[2],x[5])), mul(sub(mul(mul(x[5],x[2]),x[5]),x[2]),x[5]))",True,"less_than_or_equal(x[2],x[2])",0.35928143712574845,bd082d42dcba8056510101f18394b575,0.35928143712574845,False,0.0
8,25,"not_(less_than_or_equal(pdiv(x[5],x[5]),add(mul(x[5],x[0]),x[5])))",True,"not_(less_than_or_equal(pdiv(x[5],x[5]),add(x[5],x[0])))",0.3053892215568862,00c19a3fd72854100569949b11521f0b,0.3053892215568862,False,0.0
8,25,"not_(less_than_or_equal(pdiv(x[5],x[5]),add(mul(x[2],pdiv(x[5],mul(x[5],mul(add(x[5],add(x[3],x[7])),mul(x[7],add(x[2],sub(pdiv(x[7],mul(x[5],x[0])),sub(sub(x[2],sub(pdiv(x[2],x[5]),mul(04.50,x[5]))),x[2])))))))),add(x[2],x[2]))))",False,,,ccd070ff81021045900ea59a14907b68,0.40718562874251496,False,0.0
8,25,"greater_than_or_equal(pdiv(x[5],add(x[2],mul(add(x[5],x[2]),x[7]))), sub(sub(x[5],sub(x[5],x[3])),mul(x[7],add(mul(x[5],sub(x[2],x[7])),sub(x[2],x[7])))))",True,"greater_than_or_equal(x[5], mul(x[7],add(x[5],x[3])))",0.3053892215568862,0947741ceb5018f757b589e69907d867,0.28742514970059885,True,-0.017964071856287345
8,25,"greater_than_or_equal(pdiv(x[5],x[2]), mul(x[7],add(pdiv(pdiv(x[5],x[3]),x[7]),add(mul(sub(sub(x[7],sub(sub(x[2],x[2]),sub(x[7],sub(pdiv(x[3],x[7]),add(x[0],add(mul(mul(add(add(x[0],add(x[5],x[2])),add(sub(x[7],sub(x[3],mul(x[5],x[7]))),add(x[2],x[7]))),x[2]),add(x[2],x[3])),add(pdiv(x[3],pdiv(x[7],add(x[2],x[7]))),pdiv(x[3],x[7])))))))),x[3]),x[5]),x[5]))))",False,,,438846b29b63f8e7df6b0a8b5a73bebc,0.3173652694610778,False,0.0
8,25,"greater_than_or_equal(pdiv(x[5],pdiv(x[2],x[5])), mul(x[5],add(x[2],x[2])))",True,"greater_than_or_equal(pdiv(x[5],pdiv(add(x[2],x[5]),x[5])), mul(x[5],x[2]))",0.28742514970059885,0803226314985e684579b7ad7da3df72,0.29940119760479045,True,0.0119760479041916
8,25,"not_(greater_than_or_equal(x[5], x[7]))",True,"greater_than_or_equal(x[7], x[5])",0.6107784431137724,793f9fa4aca1502cfe0a9ed6ab91b83c,0.6107784431137724,False,0.0
8,25,"greater_than_or_equal(pdiv(x[5],x[7]), add(x[5],x[3]))",True,"greater_than_or_equal(x[5], mul(x[7],add(x[5],x[3])))",0.3053892215568862,0947741ceb5018f757b589e69907d867,0.3053892215568862,False,0.0
8,25,"less_than_or_equal(pdiv(x[3],sub(mul(x[5],x[5]),add(x[2],x[5]))),x[5])",True,"less_than_or_equal(x[2],x[2])",0.35928143712574845,bd082d42dcba8056510101f18394b575,0.35928143712574845,False,0.0
8,25,"greater_than_or_equal(x[5], mul(mul(x[5],x[2]),add(mul(add(x[5],mul(x[7],add(x[5],x[2]))),x[7]),sub(sub(64.04,x[5]),x[7]))))",True,"greater_than_or_equal(pdiv(mul(x[5],x[2]),pdiv(x[2],x[5])), add(sub(x[7],x[7]),add(x[5],x[0])))",0.6107784431137724,ec48eb4aba9f475884bcf9e8f28adadc,0.6107784431137724,False,0.0
8,25,"greater_than_or_equal(sub(pdiv(x[5],x[7]),x[7]), pdiv(add(x[7],x[2]),x[2]))",True,"greater_than_or_equal(x[5], mul(x[7],add(x[2],add(pdiv(mul(x[5],mul(x[7],add(x[5],x[2]))),x[2]),x[7]))))",0.34730538922155685,45a3bfc9262a1c3de1cb0b4c6ae02999,0.47904191616766467,True,0.13173652694610782
8,25,"greater_than_or_equal(x[5], mul(x[5],mul(x[5],x[2])))",True,"less_than_or_equal(x[2],x[2])",0.35928143712574845,bd082d42dcba8056510101f18394b575,0.35928143712574845,False,0.0
8,25,"greater_than_or_equal(x[5], mul(x[2],x[3]))",True,"greater_than_or_equal(add(mul(x[0],x[3]),pdiv(x[5],x[3])), x[2])",0.3293413173652695,f0c5da2fb3fda6018ebf0885b8c1ea67,0.3293413173652695,False,0.0
8,25,"greater_than_or_equal(x[5], sub(add(x[2],x[7]),sub(pdiv(x[5],x[7]),mul(x[7],add(x[7],x[2])))))",True,"greater_than_or_equal(x[5], mul(x[7],add(x[7],x[2])))",0.2455089820359282,dbe0ded9608d153cce360999e2a5fae7,0.2455089820359282,False,0.0
8,25,"greater_than_or_equal(pdiv(x[5],add(x[2],mul(add(x[5],x[2]),x[7]))), sub(sub(x[5],sub(x[0],x[3])),mul(x[7],x[7])))",False,,,18b000eb196fdb90e5acf259a9a5a978,0.29940119760479045,False,0.0
8,25,"greater_than_or_equal(pdiv(x[5],x[7]), add(x[5],79.91))",True,not_(x[6]),0.6347305389221557,b4068ba57b63c959651c969331c4b5cd,0.6407185628742516,True,0.005988023952095856
8,25,"greater_than_or_equal(sub(pdiv(add(x[5],x[5]),sub(x[5],x[5])),add(add(x[7],34.79),mul(x[7],99.33))), pdiv(mul(x[2],x[2]),sub(add(add(x[5],x[7]),x[2]),add(x[2],x[3]))))",True,not_(x[6]),0.6347305389221557,b4068ba57b63c959651c969331c4b5cd,0.6407185628742516,True,0.005988023952095856
8,25,"greater_than_or_equal(pdiv(x[5],x[5]), mul(x[5],add(x[0],add(x[5],x[2]))))",False,,,51068fb3481feea1ce7ed6d98deea412,0.25149700598802394,False,0.0
8,25,"greater_than_or_equal(add(x[5],add(x[3],x[5])), mul(x[7],add(x[5],add(x[5],x[5]))))",True,"greater_than_or_equal(add(x[5],add(x[3],x[5])), mul(x[7],add(x[5],add(x[5],x[5]))))",0.32335329341317365,0dec012ede88cb9089e01ec31543441e,0.32335329341317365,False,0.0
8,25,"less_than_or_equal(pdiv(pdiv(x[5],x[5]),add(mul(x[5],sub(x[2],add(x[2],x[5]))),mul(x[7],mul(add(x[5],sub(x[3],x[3])),mul(x[2],add(x[2],pdiv(mul(x[3],add(x[2],x[7])),add(pdiv(pdiv(x[7],x[5]),x[3]),x[5])))))))),x[7])",False,,,dee788fca46b453b1ab29e25e8e69d2c,0.32335329341317365,False,0.0
8,25,"greater_than_or_equal(pdiv(x[2],x[7]), add(mul(x[3],x[5]),pdiv(x[3],x[3])))",False,,,03791f2b2d2fa5b1dfefc93ced9dc42d,0.5568862275449102,False,0.0
8,25,"greater_than_or_equal(sub(pdiv(x[5],x[0]),mul(pdiv(add(x[5],x[7]),x[5]),x[2])), pdiv(pdiv(pdiv(mul(x[2],x[2]),sub(add(add(x[5],x[7]),x[2]),add(x[2],x[3]))),add(pdiv(x[3],pdiv(x[7],add(x[7],x[7]))),pdiv(x[3],x[2]))),pdiv(x[0],x[2])))",False,,,6dd71b25972a39ae9c1ef5179cfc0ba2,0.5329341317365269,False,0.0
8,25,"greater_than_or_equal(x[5], mul(x[7],x[5]))",True,"less_than_or_equal(x[2],x[2])",0.35928143712574845,bd082d42dcba8056510101f18394b575,0.35928143712574845,False,0.0
8,25,"greater_than_or_equal(x[5], mul(x[7],add(x[7],x[3])))",True,"greater_than_or_equal(x[5], mul(x[7],add(x[3],x[7])))",0.31137724550898205,6631d5a50f9f01ea8de86be5bd55c79c,0.31137724550898205,False,0.0
8,25,"greater_than_or_equal(add(x[5],add(x[2],x[5])), sub(x[7],add(x[5],x[2])))",False,,,885f4ca87007531a0a05c9e3900b89af,0.33532934131736525,False,0.0
8,25,"greater_than_or_equal(x[5], pdiv(x[2],mul(x[7],pdiv(pdiv(x[3],x[3]),add(pdiv(x[7],x[0]),x[2])))))",False,,,bc2a9bd6e2f199bba5c69746364bea5d,0.47904191616766467,False,0.0
8,25,"greater_than_or_equal(09.69, pdiv(x[7],60.04))",True,"less_than_or_equal(x[2],x[2])",0.35928143712574845,bd082d42dcba8056510101f18394b575,0.35928143712574845,False,0.0
8,25,"greater_than_or_equal(x[5], mul(x[7],pdiv(x[2],x[7])))",True,"not_(not_(less_than_or_equal(x[2],x[5])))",0.34730538922155685,4af53f79d9ad2ffac455113b88a02dd4,0.34730538922155685,False,0.0
8,25,"greater_than_or_equal(pdiv(add(pdiv(x[2],mul(x[7],add(x[7],x[7]))),sub(x[7],add(x[7],x[2]))),x[7]), add(mul(x[3],x[5]),pdiv(x[3],x[3])))",True,"greater_than_or_equal(pdiv(x[2],add(x[2],x[7])), mul(x[7],add(x[5],x[7])))",0.35928143712574845,30bd4aed14d94172b779ab8cb586d44b,0.3293413173652695,True,-0.029940119760478945
8,25,"greater_than_or_equal(x[5], mul(x[7],add(mul(sub(add(add(pdiv(x[5],x[3]),x[7]),add(mul(sub(x[2],x[7]),sub(x[2],x[7])),mul(x[2],add(x[2],x[5])))),x[7]),x[2]),x[3])))",False,,,8778a919d6e3681a90b71f88d1ee0d03,0.23952095808383234,False,0.0
8,25,"greater_than_or_equal(x[3], mul(x[5],x[7]))",True,"not_(greater_than_or_equal(mul(x[7],x[5]), x[3]))",0.33532934131736525,ff4b342bed4706cce4217aaf715c34c5,0.33532934131736525,False,0.0
8,25,"greater_than_or_equal(sub(pdiv(x[7],x[7]),x[7]), mul(x[2],pdiv(x[5],add(x[2],x[2]))))",False,,,f711ff695077b26bf901a3f3d292421f,0.25149700598802394,False,0.0
8,25,"less_than_or_equal(x[5],mul(x[5],mul(x[7],add(mul(add(x[7],x[5]),add(sub(x[2],x[5]),x[7])),x[2]))))",False,,,1f6f724d0cb81bebde02a2aa752ca3f4,0.7065868263473054,False,0.0
8,25,"greater_than_or_equal(x[5], mul(x[7],add(mul(add(x[5],mul(add(add(x[2],x[5]),add(pdiv(x[3],pdiv(x[7],add(x[7],x[0]))),x[2])),x[7])),x[2]),x[3])))",False,,,368140589d4b7dacf6ff5d8d81a23088,0.25149700598802394,False,0.0
8,25,"greater_than_or_equal(x[5], mul(x[3],x[5]))",True,"less_than_or_equal(x[2],x[2])",0.35928143712574845,bd082d42dcba8056510101f18394b575,0.35928143712574845,False,0.0
8,25,"greater_than_or_equal(sub(pdiv(x[7],x[7]),x[7]), mul(mul(add(mul(add(x[5],mul(add(add(x[2],x[7]),add(pdiv(x[3],pdiv(mul(x[7],x[2]),x[7])),pdiv(x[3],x[7]))),x[3])),x[5]),x[5]),add(x[2],x[5])),x[5]))",False,,,f6e6f6bee31dc1cd2716c84e9342a402,0.43113772455089816,False,0.0
8,25,"greater_than_or_equal(add(pdiv(sub(x[7],x[2]),add(x[2],x[3])),pdiv(x[5],x[5])), add(x[5],x[2]))",False,,,91ea66c6265000340ca48e5219c9d738,0.3413173652694611,False,0.0
8,25,"greater_than_or_equal(sub(pdiv(x[7],x[7]),sub(pdiv(mul(x[7],mul(x[7],pdiv(sub(pdiv(x[5],x[2]),x[7]),x[5]))),mul(pdiv(x[7],mul(pdiv(sub(sub(sub(x[2],x[2]),x[2]),sub(x[7],x[7])),add(x[7],x[5])),x[5])),x[2])),add(sub(x[7],x[7]),pdiv(x[5],x[5])))), mul(mul(x[5],x[7]),pdiv(x[7],x[3])))",True,"greater_than_or_equal(x[3], mul(mul(x[2],x[7]),sub(x[5],x[3])))",0.3173652694610778,ffa28f397bbf6e8b3fc8b0c1f44248cd,0.32335329341317365,True,0.005988023952095856
8,25,"not_(less_than_or_equal(pdiv(x[5],x[5]),mul(x[5],add(add(x[2],pdiv(x[5],x[7])),mul(add(x[5],add(x[3],x[7])),x[2])))))",False,,,919777849ebc166362dae3b148efa07b,0.47904191616766467,False,0.0
8,25,"greater_than_or_equal(x[5], mul(x[5],mul(x[7],add(x[5],x[0]))))",True,"not_(less_than_or_equal(pdiv(x[5],x[5]),mul(x[7],add(x[5],x[0]))))",0.3413173652694611,7c95633b720254058803caa0459287d6,0.3413173652694611,False,0.0
8,25,"greater_than_or_equal(x[5], mul(x[7],mul(add(sub(x[7],x[7]),pdiv(x[5],x[5])),mul(mul(x[5],x[7]),pdiv(x[7],x[3])))))",True,"greater_than_or_equal(pdiv(pdiv(x[3],x[7]),x[7]), x[7])",0.33532934131736525,2a5f263975eb2c00720231394b71babf,0.3293413173652695,True,-0.0059880239520957446
8,25,"greater_than_or_equal(x[5], mul(x[7],add(mul(sub(x[3],x[7]),mul(x[7],sub(x[5],mul(add(sub(x[7],add(x[5],x[7])),x[7]),x[7])))),add(x[7],add(mul(x[5],x[5]),mul(sub(add(x[7],x[7]),sub(x[7],add(x[7],x[2]))),x[7]))))))",False,,,0599f480bdd8e04e3602804556f5fb08,0.2934131736526946,False,0.0
8,25,"greater_than_or_equal(x[5], mul(add(pdiv(x[7],sub(x[3],x[5])),mul(add(x[2],x[0]),x[5])),x[5]))",False,,,b9d47729b08707c23b001505707e8f3c,0.4251497005988024,False,0.0
8,25,"greater_than_or_equal(x[5], mul(x[5],x[7]))",True,"less_than_or_equal(x[2],x[2])",0.35928143712574845,bd082d42dcba8056510101f18394b575,0.35928143712574845,False,0.0
8,25,"greater_than_or_equal(x[5], mul(pdiv(mul(sub(x[7],mul(x[7],add(x[5],x[2]))),44.54),sub(x[5],x[7])),add(mul(x[3],x[5]),pdiv(x[3],x[3]))))",False,,,082f7e95071e7c1ada13fbb4c5746f63,0.6646706586826348,False,0.0
8,25,"greater_than_or_equal(x[5], x[0])",True,"less_than_or_equal(x[0],x[5])",0.37125748502994016,cdcd6f1e6c091ac380f1476046586fe6,0.37125748502994016,False,0.0
8,25,"greater_than_or_equal(x[5], mul(x[7],add(x[5],99.55)))",True,not_(x[6]),0.6347305389221557,b4068ba57b63c959651c969331c4b5cd,0.6407185628742516,True,0.005988023952095856
8,25,"greater_than_or_equal(pdiv(x[3],x[3]), add(add(x[7],x[5]),x[5]))",True,"greater_than_or_equal(pdiv(x[5],x[5]), add(add(x[7],x[5]),mul(x[5],add(x[2],x[3]))))",0.5089820359281437,0b8d0a5a14400c2ffd5cd8de1d582a19,0.5389221556886228,True,0.029940119760479056
8,25,"greater_than_or_equal(pdiv(x[5],x[5]), mul(x[5],add(x[2],x[0])))",True,"not_(less_than_or_equal(pdiv(x[7],x[7]),sub(x[2],sub(mul(x[3],x[7]),x[0]))))",0.35928143712574845,0b63becbe1fd4d00ad0710f019092072,0.3532934131736527,True,-0.0059880239520957446
8,25,"greater_than_or_equal(00.46, x[3])",True,"not_(less_than_or_equal(x[5],mul(x[3],add(x[5],x[5]))))",0.5149700598802396,d62a7cde6410c3f86badd95c5c5bfa06,0.5089820359281437,True,-0.005988023952095856
8,25,"greater_than_or_equal(pdiv(x[5],x[7]), mul(x[2],sub(pdiv(add(x[7],x[2]),x[5]),x[7])))",True,"greater_than_or_equal(add(pdiv(x[5],x[7]),mul(x[7],add(sub(x[5],x[7]),add(x[5],x[5])))), pdiv(x[2],x[5]))",0.3413173652694611,c14a05a6e632205df3e2ab0bc51c98dc,0.3293413173652695,True,-0.0119760479041916
8,25,"greater_than_or_equal(x[5], add(x[7],x[2]))",True,"greater_than_or_equal(x[5], mul(x[7],add(x[2],pdiv(x[5],x[5]))))",0.33532934131736525,bb5c1caa2e30ec7ef07b22f884640315,0.3892215568862275,True,0.053892215568862256
8,25,"greater_than_or_equal(sub(pdiv(x[0],x[7]),x[3]), x[7])",True,"not_(less_than_or_equal(pdiv(x[0],x[7]),add(x[3],x[7])))",0.5029940119760479,d4c16e0d81124489bcf0d4caa921fcd8,0.5029940119760479,False,0.0
8,25,"greater_than_or_equal(mul(x[5],add(x[5],mul(x[5],add(x[0],mul(x[5],x[2]))))), add(sub(x[7],add(x[7],pdiv(x[5],add(add(x[2],x[7]),pdiv(x[5],pdiv(add(x[5],x[7]),x[5])))))),x[2]))",True,"less_than_or_equal(sub(mul(x[2],x[7]),mul(x[0],x[7])),pdiv(mul(x[5],x[5]),x[2]))",0.3293413173652695,728ffee2abc77e0846cebcc45c7c0782,0.33532934131736525,True,0.0059880239520957446
8,25,"greater_than_or_equal(sub(x[2],add(x[5],x[0])), add(add(x[0],x[7]),x[2]))",True,not_(x[6]),0.6347305389221557,b4068ba57b63c959651c969331c4b5cd,0.6407185628742516,True,0.005988023952095856
8,25,"greater_than_or_equal(sub(pdiv(x[5],x[7]),pdiv(x[5],x[7])), x[5])",True,not_(x[6]),0.6347305389221557,b4068ba57b63c959651c969331c4b5cd,0.6347305389221557,False,0.0
8,25,"greater_than_or_equal(pdiv(x[5],x[5]), add(x[7],mul(mul(x[7],add(x[7],mul(x[5],add(x[7],x[2])))),x[3])))",False,,,6ae7e1ca89a67d02baf3be770314d95b,0.25149700598802394,False,0.0
8,25,"greater_than_or_equal(pdiv(add(x[7],sub(x[5],mul(x[2],mul(x[5],add(x[2],x[2]))))),x[5]), pdiv(x[2],x[0]))",False,,,104ebf99ff3afef2100f316d93284cf8,0.31137724550898205,False,0.0
8,25,"greater_than_or_equal(sub(pdiv(x[5],x[5]),mul(x[5],add(x[7],sub(x[5],pdiv(x[5],add(pdiv(add(x[2],x[5]),sub(pdiv(pdiv(x[5],add(x[5],x[0])),add(add(x[0],x[7]),x[2])),x[5])),sub(add(x[5],x[7]),pdiv(x[5],x[5])))))))), x[5])",False,,,cf28e2bea2c627293696bb3c890f848c,0.3413173652694611,False,0.0
8,25,"greater_than_or_equal(pdiv(x[3],pdiv(add(sub(x[2],x[5]),add(add(x[7],x[7]),x[2])),x[7])), x[2])",False,,,631f0db49bf90e5e0df29cbd91654c5d,0.4850299401197605,False,0.0
8,25,"greater_than_or_equal(x[5], mul(x[0],mul(x[7],add(mul(add(x[7],x[2]),x[2]),pdiv(pdiv(mul(mul(x[2],sub(add(x[7],x[2]),x[3])),x[5]),x[5]),add(x[2],x[5]))))))",True,"not_(less_than_or_equal(pdiv(x[5],x[0]),x[0]))",0.35928143712574845,5372ceb8b23ce5e1dd3bf5c2fc3a57aa,0.34730538922155685,True,-0.0119760479041916
8,25,"greater_than_or_equal(pdiv(add(x[3],pdiv(x[5],x[7])),x[5]), x[2])",True,"less_than_or_equal(x[2],x[2])",0.35928143712574845,bd082d42dcba8056510101f18394b575,0.35928143712574845,False,0.0
8,25,"greater_than_or_equal(x[3], x[7])",True,"greater_than_or_equal(x[3], x[7])",0.33532934131736525,176c0c35833bc4ae980b10cd773d9ebc,0.33532934131736525,False,0.0
8,25,"not_(less_than_or_equal(pdiv(x[7],x[2]),add(x[5],x[7])))",False,,,40fab297250234f7a5d56e502f96989c,0.38323353293413176,False,0.0
8,25,"greater_than_or_equal(x[5], mul(x[7],add(x[5],mul(x[2],add(sub(x[7],x[5]),00.39)))))",True,"greater_than_or_equal(x[5], mul(x[7],add(sub(x[2],x[5]),mul(x[7],add(x[5],x[7])))))",0.31137724550898205,f3e404bfdf2935bdbd5e1f47f4fe4a64,0.3173652694610778,True,0.0059880239520957446
8,25,"greater_than_or_equal(pdiv(x[5],mul(mul(x[5],x[2]),pdiv(pdiv(pdiv(mul(x[2],x[2]),sub(add(add(x[5],x[7]),x[2]),add(x[2],x[3]))),add(pdiv(x[3],pdiv(x[7],add(x[7],x[7]))),pdiv(x[3],x[2]))),pdiv(x[0],x[2])))), x[0])",False,,,11177251eced5da061b58ed604e84e43,0.3413173652694611,False,0.0
8,25,"greater_than_or_equal(sub(pdiv(x[5],x[5]),add(x[2],x[7])), x[5])",True,"not_(less_than_or_equal(pdiv(x[5],x[5]),add(x[7],add(x[5],x[2]))))",0.43113772455089816,8cf561ba4c6eb87a09aeba55043ea0f9,0.43113772455089816,False,0.0
8,25,"greater_than_or_equal(x[5], mul(x[7],add(mul(sub(add(x[7],x[7]),sub(x[7],add(x[7],x[2]))),x[7]),add(mul(sub(x[7],sub(pdiv(x[3],x[3]),add(pdiv(pdiv(pdiv(x[5],add(x[2],x[5])),mul(x[7],mul(x[5],x[3]))),x[5]),add(x[2],sub(x[3],x[2]))))),x[7]),pdiv(x[5],x[5])))))",True,"less_than_or_equal(mul(add(x[7],x[7]),add(x[2],x[5])),mul(mul(x[0],x[3]),pdiv(x[5],x[0])))",0.5868263473053892,2e45f64d3c9096f82f9d0fe11712692d,0.5808383233532934,True,-0.0059880239520957446
8,25,"greater_than_or_equal(43.99, mul(x[5],x[2]))",True,"less_than_or_equal(x[2],x[2])",0.35928143712574845,bd082d42dcba8056510101f18394b575,0.35928143712574845,False,0.0
8,25,"greater_than_or_equal(sub(pdiv(x[5],x[3]),pdiv(x[5],x[7])), x[5])",False,,,517034475e920a3379c4adb374641aa2,0.6467065868263473,False,0.0
8,25,"greater_than_or_equal(pdiv(x[5],x[7]), x[2])",True,"less_than_or_equal(sub(mul(x[2],x[7]),mul(x[0],x[7])),x[5])",0.34730538922155685,67e5c7a497be3e968ea5c2bd6433af6d,0.33532934131736525,True,-0.0119760479041916
8,25,"greater_than_or_equal(sub(pdiv(x[5],add(x[2],x[2])),x[5]), mul(mul(pdiv(sub(x[0],sub(mul(x[7],sub(add(pdiv(pdiv(x[5],59.44),sub(x[2],x[5])),x[3]),x[5])),add(x[5],x[2]))),x[5]),x[5]),pdiv(x[5],x[5])))",False,,,9a4e53311f3b19a8172c21bdb4520e93,0.3892215568862275,False,0.0
8,25,"greater_than_or_equal(x[2], add(sub(x[7],x[7]),pdiv(x[5],x[5])))",True,"greater_than_or_equal(x[2], pdiv(x[5],x[5]))",0.652694610778443,38d04e9716d0d4822bf3dbdceea9aa84,0.652694610778443,False,0.0
8,25,"greater_than_or_equal(add(mul(x[7],add(x[5],mul(mul(sub(mul(x[5],add(x[7],x[2])),add(x[2],x[2])),x[5]),x[5]))),x[5]), x[5])",True,"less_than_or_equal(x[2],x[2])",0.35928143712574845,bd082d42dcba8056510101f18394b575,0.35928143712574845,False,0.0
8,25,"greater_than_or_equal(x[5], mul(add(sub(x[7],sub(x[3],x[5])),mul(pdiv(x[5],mul(x[7],add(add(x[2],add(add(mul(x[0],add(x[7],x[2])),add(x[2],x[2])),x[5])),mul(add(47.51,x[7]),x[7])))),pdiv(x[5],x[5]))),mul(mul(x[5],x[7]),pdiv(x[7],x[3]))))",False,,,2af16891f803a7b5d8c377ec1e2a24aa,0.34730538922155685,False,0.0
8,25,"greater_than_or_equal(pdiv(x[3],x[3]), add(add(x[7],sub(x[7],add(x[5],x[5]))),x[2]))",False,,,d8924ce79eacd975d34f4c1d723ebfd4,0.31137724550898205,False,0.0
8,25,"greater_than_or_equal(add(pdiv(76.85,sub(x[7],x[7])),pdiv(x[5],x[5])), mul(mul(x[5],x[7]),pdiv(x[7],x[3])))",True,"greater_than_or_equal(x[3], mul(mul(x[2],x[7]),sub(x[5],x[3])))",0.3173652694610778,ffa28f397bbf6e8b3fc8b0c1f44248cd,0.3173652694610778,False,0.0
8,25,"greater_than_or_equal(x[5], mul(x[7],add(mul(add(add(x[5],x[3]),mul(add(x[5],x[7]),x[2])),x[7]),x[2])))",True,"not_(less_than_or_equal(pdiv(x[5],sub(x[5],sub(x[0],x[3]))),mul(x[7],add(mul(x[5],sub(sub(sub(sub(x[2],x[2]),x[0]),sub(pdiv(mul(sub(pdiv(x[3],x[7]),add(x[0],x[7])),x[5]),add(x[0],add(x[5],x[2]))),add(sub(x[7],sub(x[3],mul(x[5],x[7]))),add(x[2],x[7])))),x[2])),add(x[2],x[3])))))",0.2455089820359282,a4c003d2f3f4733feb921eec55745619,0.22754491017964074,True,-0.017964071856287456
8,25,"greater_than_or_equal(sub(pdiv(x[7],x[7]),x[5]), x[2])",True,"not_(less_than_or_equal(pdiv(x[5],x[5]),add(x[5],x[2])))",0.2455089820359282,5825d6d8d32996f2f81bb41cc0bfa92f,0.2455089820359282,False,0.0
8,25,"greater_than_or_equal(x[5], mul(add(sub(x[7],sub(x[3],x[5])),mul(pdiv(x[5],mul(x[7],add(x[5],pdiv(x[5],x[2])))),add(x[7],x[2]))),x[2]))",False,,,9b226c18789e07e68f916742938f4a56,0.29940119760479045,False,0.0
8,25,"greater_than_or_equal(pdiv(add(add(mul(x[5],add(x[7],x[2])),add(x[2],x[2])),x[5]),x[5]), x[5])",True,"less_than_or_equal(x[2],x[2])",0.35928143712574845,bd082d42dcba8056510101f18394b575,0.35928143712574845,False,0.0
8,25,"greater_than_or_equal(x[5], mul(x[7],add(x[5],x[2])))",True,"greater_than_or_equal(x[5], mul(x[7],add(x[5],x[2])))",0.23353293413173648,49521aab13419e9d4582e656c37790ef,0.23353293413173648,False,0.0
8,25,"not_(less_than_or_equal(pdiv(x[5],x[5]),add(mul(x[5],x[7]),44.54)))",True,not_(x[6]),0.6347305389221557,b4068ba57b63c959651c969331c4b5cd,0.6407185628742516,True,0.005988023952095856
8,25,"greater_than_or_equal(pdiv(x[5],x[3]), pdiv(add(x[5],x[2]),x[5]))",True,"less_than_or_equal(mul(mul(x[7],x[7]),add(x[5],x[2])),mul(x[5],mul(mul(x[5],x[7]),pdiv(x[7],x[3]))))",0.4970059880239521,24235ded28d8f1f1b42d7ad86c0364e0,0.5029940119760479,True,0.0059880239520957446
8,25,"greater_than_or_equal(pdiv(x[5],x[2]), mul(x[7],add(add(pdiv(x[5],x[3]),x[7]),add(mul(sub(add(pdiv(x[7],x[5]),x[5]),sub(x[2],sub(pdiv(x[2],x[5]),mul(x[7],add(x[7],x[5]))))),x[5]),x[2]))))",False,,,9cd8b6158eacabf0571982c0bb9ff86e,0.26347305389221554,False,0.0
8,25,"greater_than_or_equal(x[5], mul(x[7],add(mul(x[2],x[7]),mul(x[3],add(x[2],x[5])))))",False,,,3f7e5cb965f7dae71089781234d0b6cb,0.29940119760479045,False,0.0
8,25,"not_(less_than_or_equal(pdiv(x[5],x[2]),sub(pdiv(x[5],x[2]),mul(x[5],mul(x[7],mul(x[0],add(mul(x[7],pdiv(x[2],x[7])),add(x[2],x[7]))))))))",True,"less_than_or_equal(mul(mul(x[3],x[3]),pdiv(x[7],sub(37.93,add(x[5],x[2])))),mul(x[0],x[0]))",0.6047904191616766,2b99e7e9b25541f2348cdeee1f65dbda,0.6107784431137724,True,0.0059880239520957446
8,25,"greater_than_or_equal(add(x[5],x[5]), x[5])",True,"less_than_or_equal(x[2],x[2])",0.35928143712574845,bd082d42dcba8056510101f18394b575,0.35928143712574845,False,0.0
8,25,"greater_than_or_equal(pdiv(x[5],x[5]), add(add(add(x[2],x[3]),add(pdiv(mul(x[3],x[7]),add(x[2],x[7])),pdiv(x[3],x[7]))),x[3]))",True,"greater_than_or_equal(sub(x[5],add(x[0],mul(add(x[5],x[2]),x[7]))), sub(sub(x[5],sub(x[0],x[3])),mul(x[7],add(mul(x[5],sub(sub(sub(sub(mul(sub(x[2],x[2]),sub(x[7],x[7])),add(x[3],x[5])),x[5]),x[2]),add(sub(x[7],x[7]),pdiv(x[5],x[5])))),mul(mul(x[5],x[7]),pdiv(x[7],x[3]))))))",0.6646706586826348,a9f0b00653342d590bea03c3e70aa5b8,0.6167664670658682,True,-0.04790419161676651
8,25,"greater_than_or_equal(pdiv(x[5],add(x[2],x[5])), mul(x[7],add(x[5],sub(add(x[5],add(add(add(sub(x[7],sub(x[3],mul(x[5],x[2]))),add(x[2],x[7])),x[7]),sub(x[7],x[2]))),add(x[2],pdiv(add(add(pdiv(x[3],pdiv(x[7],add(x[2],x[7]))),pdiv(x[3],x[7])),x[3]),x[5]))))))",False,,,bd62318e061f44e6477bd67f60cb4d82,0.3173652694610778,False,0.0
8,25,"greater_than_or_equal(pdiv(x[5],pdiv(x[2],x[5])), mul(x[7],sub(pdiv(add(x[2],x[5]),mul(x[7],add(x[5],sub(add(x[5],add(add(add(sub(x[7],sub(x[3],mul(x[5],x[2]))),add(x[2],x[7])),x[2]),add(x[2],x[3]))),add(pdiv(mul(x[3],x[7]),add(x[2],x[7])),pdiv(x[3],x[7])))))),x[3])))",False,,,262adc21d190a0afa4b64bcbdc5004fa,0.40718562874251496,False,0.0
8,25,"greater_than_or_equal(pdiv(add(x[5],x[7]),x[5]), x[2])",True,"less_than_or_equal(x[2],x[2])",0.35928143712574845,bd082d42dcba8056510101f18394b575,0.35928143712574845,False,0.0
8,25,"greater_than_or_equal(x[5], mul(x[7],add(x[2],x[2])))",True,"not_(greater_than_or_equal(mul(x[7],add(x[2],x[2])), x[5]))",0.27544910179640714,f7539509fdd5f9bf93cc165393e6bf21,0.27544910179640714,False,0.0
8,25,"greater_than_or_equal(sub(pdiv(add(x[2],mul(x[2],x[5])),add(add(x[7],x[5]),sub(sub(add(x[2],x[7]),x[2]),add(x[2],x[3])))),add(pdiv(x[3],pdiv(x[7],add(x[2],x[7]))),pdiv(x[3],x[7]))), x[3])",False,,,274cd841e0fd8b759edbef7a1c216543,0.7005988023952097,False,0.0
8,25,"greater_than_or_equal(sub(pdiv(x[5],x[5]),x[5]), 33.37)",True,not_(x[6]),0.6347305389221557,b4068ba57b63c959651c969331c4b5cd,0.6407185628742516,True,0.005988023952095856
8,25,"greater_than_or_equal(sub(pdiv(x[5],add(x[2],pdiv(x[2],add(x[2],x[2])))),x[5]), x[5])",True,not_(x[6]),0.6347305389221557,b4068ba57b63c959651c969331c4b5cd,0.6347305389221557,False,0.0
8,25,not_(not_(not_(x[6]))),True,not_(x[6]),0.6347305389221557,b4068ba57b63c959651c969331c4b5cd,0.6347305389221557,False,0.0
8,25,"greater_than_or_equal(pdiv(add(add(x[5],x[2]),add(x[5],x[0])),pdiv(x[7],mul(x[5],x[0]))), sub(sub(x[2],sub(pdiv(x[2],x[5]),mul(x[7],add(x[7],x[5])))),x[5]))",False,,,93643bf4d64ba9c23b69fae02de5787a,0.34730538922155685,False,0.0
8,25,"not_(less_than_or_equal(pdiv(x[5],x[3]),mul(x[5],add(x[2],x[7]))))",False,,,bf5321159c47c30a1229ee0445aad6fb,0.34730538922155685,False,0.0
8,25,"greater_than_or_equal(pdiv(x[3],x[3]), add(add(x[7],x[0]),x[5]))",True,"greater_than_or_equal(pdiv(x[5],x[5]), add(add(x[7],x[0]),x[5]))",0.38323353293413176,e13aa23db313dd681eafce91776358ad,0.38323353293413176,False,0.0
8,25,"greater_than_or_equal(sub(pdiv(add(x[5],x[5]),x[7]),x[2]), mul(x[7],add(mul(x[0],add(add(add(mul(add(x[2],pdiv(mul(add(x[7],x[2]),add(x[3],pdiv(pdiv(pdiv(mul(x[5],x[3]),x[5]),x[7]),add(mul(x[5],add(x[5],x[2])),37.93)))),sub(pdiv(add(x[7],x[2]),x[2]),x[0]))),add(x[7],x[3])),add(pdiv(x[5],add(pdiv(add(x[2],x[5]),x[5]),mul(x[2],x[2]))),x[7])),x[7]),add(sub(x[7],sub(mul(x[7],x[0]),sub(pdiv(x[5],x[7]),x[3]))),x[7]))),x[5])))",False,,,8a73b89ef0e452bacd98f7533f9f268b,0.28742514970059885,False,0.0
8,25,"greater_than_or_equal(pdiv(x[5],x[7]), x[0])",True,"not_(less_than_or_equal(pdiv(x[5],x[0]),x[0]))",0.35928143712574845,5372ceb8b23ce5e1dd3bf5c2fc3a57aa,0.3413173652694611,True,-0.017964071856287345
8,25,"greater_than_or_equal(sub(pdiv(mul(mul(x[7],x[5]),x[2]),pdiv(pdiv(pdiv(mul(x[2],x[2]),sub(add(add(x[5],x[7]),x[2]),add(x[2],x[3]))),add(pdiv(x[3],pdiv(x[7],add(x[7],x[7]))),pdiv(x[3],x[2]))),pdiv(x[0],x[2]))),x[0]), add(add(x[2],x[3]),add(x[2],x[5])))",False,,,c658367a1ba6db7b57c15f4554ed26be,0.6167664670658682,False,0.0
8,25,"not_(less_than_or_equal(pdiv(x[2],x[7]),x[2]))",True,"not_(greater_than_or_equal(mul(x[7],x[2]), x[2]))",0.41916167664670656,48458053a63dae7bed8287a6fbc4cad8,0.41916167664670656,False,0.0
8,25,"greater_than_or_equal(sub(pdiv(x[7],x[7]),20.40), pdiv(pdiv(x[5],x[5]),add(mul(x[5],add(x[7],x[2])),add(x[2],x[2]))))",True,not_(x[6]),0.6347305389221557,b4068ba57b63c959651c969331c4b5cd,0.6407185628742516,True,0.005988023952095856
8,25,"greater_than_or_equal(mul(x[3],pdiv(x[7],add(x[0],x[2]))), x[7])",False,,,f1271aa55a6d27ed17bc32fc3cf9b310,0.3892215568862275,False,0.0
8,25,"greater_than_or_equal(pdiv(x[5],add(x[2],x[7])), mul(x[7],add(sub(x[5],x[0]),x[2])))",False,,,869fc12779be12c3263331d078bfec48,0.26347305389221554,False,0.0
8,25,"not_(less_than_or_equal(pdiv(x[5],x[5]),pdiv(55.93,x[5])))",True,not_(x[6]),0.6347305389221557,b4068ba57b63c959651c969331c4b5cd,0.6407185628742516,True,0.005988023952095856
8,25,"greater_than_or_equal(sub(pdiv(x[7],x[2]),x[5]), x[5])",False,,,bc4506c9fa698ac580c274ad533a7702,0.45508982035928147,False,0.0
8,25,"greater_than_or_equal(x[5], mul(add(sub(x[7],sub(x[3],x[2])),x[3]),pdiv(mul(x[5],add(x[7],x[2])),mul(x[7],mul(x[7],pdiv(add(pdiv(sub(x[7],x[2]),add(x[2],x[7])),pdiv(x[5],x[5])),add(x[5],x[2])))))))",False,,,4a06335e224e7f9606c0377f56496151,0.4970059880239521,False,0.0
8,25,"greater_than_or_equal(x[5], mul(x[3],add(mul(sub(add(x[7],x[3]),sub(x[7],add(x[0],x[2]))),x[7]),add(x[5],x[2]))))",False,,,5fa4eda3ea1d62cc0a09688e0b48fb10,0.40718562874251496,False,0.0
8,25,"greater_than_or_equal(x[3], x[0])",True,"not_(greater_than_or_equal(pdiv(x[0],x[3]), pdiv(x[5],x[5])))",0.3772455089820359,f56d58ec85f58eb9e745c543958f7db4,0.37125748502994016,True,-0.0059880239520957446
8,25,"not_(less_than_or_equal(pdiv(x[5],x[3]),mul(x[7],add(mul(x[3],mul(x[7],x[7])),sub(x[5],mul(x[5],add(x[2],x[5])))))))",False,,,5c26bf8fa58d790b87afd22ba2e6cbe8,0.3293413173652695,False,0.0
8,25,"greater_than_or_equal(pdiv(x[5],x[7]), add(x[7],add(x[0],x[5])))",True,"greater_than_or_equal(x[5], mul(x[7],add(x[0],add(x[5],x[7]))))",0.2455089820359282,a00dfaf545192cb931e7398ed11cde71,0.2455089820359282,False,0.0
8,25,"and_(less_than_or_equal(mul(pdiv(x[7],mul(x[5],x[0])),sub(sub(x[2],sub(pdiv(x[2],x[5]),mul(x[7],add(x[7],x[5])))),x[5])),x[2]),greater_than_or_equal(x[7], x[7]))",True,"and_(less_than_or_equal(mul(pdiv(x[7],mul(x[5],x[0])),sub(sub(x[2],sub(pdiv(x[2],x[5]),mul(x[7],add(x[7],x[5])))),x[5])),x[2]),greater_than_or_equal(x[7], x[7]))",0.2934131736526946,025cee6c322311422663bdca765cb2c4,0.2934131736526946,False,0.0
8,25,"greater_than_or_equal(mul(add(mul(x[7],add(sub(mul(x[2],add(x[2],x[5])),x[7]),x[2])),x[3]),x[5]), x[5])",False,,,cc17fd6443dbd0d2a1f94e04e5216a00,0.7125748502994012,False,0.0
8,25,"greater_than_or_equal(pdiv(x[5],x[2]), mul(x[7],add(add(pdiv(mul(x[5],mul(x[7],add(mul(sub(x[2],x[7]),sub(x[2],x[7])),x[5]))),sub(x[7],x[2])),add(x[2],x[3])),x[5])))",False,,,49433f8eec7743ab7874c7afc072882a,0.281437125748503,False,0.0
8,25,"greater_than_or_equal(add(pdiv(76.75,sub(x[7],x[7])),pdiv(x[5],x[7])), x[7])",True,"less_than_or_equal(x[2],x[2])",0.35928143712574845,bd082d42dcba8056510101f18394b575,0.35928143712574845,False,0.0
8,25,"greater_than_or_equal(sub(pdiv(x[5],add(x[2],x[7])),mul(x[2],x[5])), mul(mul(x[5],x[7]),pdiv(x[7],x[3])))",True,"not_(greater_than_or_equal(mul(x[7],add(x[3],x[2])), x[3]))",0.2455089820359282,207f9051bf48c1ac0089ad478e3e6ba3,0.23353293413173648,True,-0.011976047904191711
8,25,"greater_than_or_equal(x[5], mul(add(mul(pdiv(add(x[5],x[2]),x[5]),x[5]),pdiv(x[5],x[5])),add(x[5],x[2])))",True,not_(x[6]),0.6347305389221557,b4068ba57b63c959651c969331c4b5cd,0.6407185628742516,True,0.005988023952095856
8,25,"not_(greater_than_or_equal(mul(add(x[5],x[2]),mul(x[2],x[7])), x[3]))",True,"greater_than_or_equal(add(pdiv(x[3],x[7]),sub(x[7],x[2])), add(x[7],mul(x[0],mul(x[3],x[7]))))",0.2934131736526946,305beddaff5ee1c1134c3703a8529ffc,0.281437125748503,True,-0.0119760479041916
8,25,"greater_than_or_equal(pdiv(x[5],x[7]), add(x[0],add(add(x[7],add(mul(x[7],add(x[0],sub(sub(x[5],pdiv(x[3],add(mul(add(x[2],x[5]),x[5]),mul(x[2],x[2])))),x[7]))),x[7])),add(sub(x[7],sub(mul(x[7],x[0]),sub(pdiv(x[5],x[7]),x[3]))),x[7]))))",False,,,6d1d23d69f1d8258be48f498df9e2b9d,0.5209580838323353,False,0.0
8,25,"greater_than_or_equal(sub(pdiv(x[5],x[5]),mul(x[5],mul(mul(x[5],add(x[2],x[5])),x[5]))), add(x[5],x[2]))",False,,,b1be08aed4a5e18d24f5d562e3542a61,0.33532934131736525,False,0.0
8,25,"greater_than_or_equal(pdiv(27.98,x[2]), add(x[2],x[2]))",True,"less_than_or_equal(x[2],x[2])",0.35928143712574845,bd082d42dcba8056510101f18394b575,0.35928143712574845,False,0.0
8,25,"greater_than_or_equal(mul(92.54,mul(x[2],x[2])), add(x[2],x[3]))",False,,,8eecd366f7fa303a8b449c767a2a5d5b,0.44311377245508987,False,0.0
8,25,"greater_than_or_equal(pdiv(x[5],34.79), pdiv(add(x[2],x[2]),x[2]))",True,not_(x[6]),0.6347305389221557,b4068ba57b63c959651c969331c4b5cd,0.6407185628742516,True,0.005988023952095856
8,25,"greater_than_or_equal(add(x[2],x[7]), mul(x[2],x[7]))",True,"less_than_or_equal(x[2],x[2])",0.35928143712574845,bd082d42dcba8056510101f18394b575,0.35928143712574845,False,0.0
8,25,"not_(less_than_or_equal(pdiv(x[5],x[7]),sub(x[5],add(add(x[2],x[5]),mul(x[7],mul(add(x[5],add(x[3],x[7])),mul(x[2],add(x[2],sub(pdiv(x[7],mul(x[5],x[0])),sub(sub(x[2],mul(pdiv(x[7],x[5]),mul(x[2],add(04.13,x[5])))),x[5]))))))))))",True,"less_than_or_equal(x[2],x[2])",0.35928143712574845,bd082d42dcba8056510101f18394b575,0.35928143712574845,False,0.0
8,25,"not_(less_than_or_equal(pdiv(x[5],add(mul(x[5],pdiv(x[5],x[5])),mul(x[2],x[2]))),x[7]))",True,"greater_than_or_equal(pdiv(x[5],add(mul(x[2],x[2]),x[5])), x[7])",0.29940119760479045,eb49588f6230c524af771fc04b90cbed,0.29940119760479045,False,0.0
8,25,"greater_than_or_equal(pdiv(x[5],x[7]), sub(x[5],x[7]))",True,"less_than_or_equal(x[2],x[2])",0.35928143712574845,bd082d42dcba8056510101f18394b575,0.35928143712574845,False,0.0
8,25,"greater_than_or_equal(pdiv(x[5],add(x[2],x[7])), mul(x[5],x[5]))",True,"not_(greater_than_or_equal(mul(x[7],add(x[5],x[2])), add(sub(x[7],x[7]),pdiv(x[5],x[5]))))",0.2934131736526946,0626717d313f6c0bc6513f2ca4ff096e,0.2934131736526946,False,0.0
8,25,"greater_than_or_equal(sub(pdiv(sub(mul(x[2],x[7]),x[5]),x[5]),x[5]), add(x[2],x[0]))",True,"not_(less_than_or_equal(mul(x[7],add(x[2],x[2])),add(x[5],x[5])))",0.6646706586826348,b98fd4b1abc55a8bd945f52cf650a117,0.6706586826347305,True,0.0059880239520957446
8,25,"not_(less_than_or_equal(x[3],mul(x[7],add(mul(09.89,x[7]),x[2]))))",False,,,b9d0de4250b5f766723d3f2d92179c10,0.46706586826347307,False,0.0
8,25,"not_(less_than_or_equal(pdiv(x[5],x[5]),add(mul(x[5],add(x[7],x[2])),add(x[2],x[2]))))",True,"not_(less_than_or_equal(pdiv(x[5],x[5]),add(mul(x[5],add(x[7],x[2])),add(x[2],x[2]))))",0.18562874251497008,7dd04de0f09dcb78fab13d4ca363e3e0,0.2857142857142857,True,0.10008554319931562
8,26,"greater_than_or_equal(x[3], mul(x[7],sub(pdiv(pdiv(x[5],add(x[5],x[0])),add(add(x[0],x[7]),x[2])),x[5])))",False,,,192dd22859025c371c4adcee6b748a3c,0.4970059880239521,False,0.0
8,26,"greater_than_or_equal(add(add(x[2],x[7]),x[2]), x[3])",True,"less_than_or_equal(sub(sub(x[3],x[7]),x[2]),x[2])",0.4970059880239521,b8b8aaa2b485e3ec93a89d64f03c9eb3,0.4970059880239521,False,0.0
8,26,"greater_than_or_equal(sub(pdiv(x[5],x[5]),x[2]), pdiv(x[2],x[5]))",False,,,2f3f1652f481bf2d2fd409c9743de609,0.3413173652694611,False,0.0
8,26,"greater_than_or_equal(pdiv(x[5],pdiv(x[5],mul(pdiv(x[5],add(pdiv(pdiv(mul(x[2],add(x[2],x[5])),x[5]),x[5]),x[7])),pdiv(x[5],x[5])))), x[5])",False,,,3cda338955516ec9cdc2bb0183e52c60,0.3532934131736527,False,0.0
8,26,"greater_than_or_equal(pdiv(x[5],x[5]), add(mul(x[5],add(x[2],x[7])),x[2]))",True,"greater_than_or_equal(pdiv(x[5],x[5]), add(mul(x[5],add(x[2],x[7])),x[2]))",0.20958083832335328,40427e5bdf42be758b9e718fcb9d5562,0.20958083832335328,False,0.0
8,26,"greater_than_or_equal(pdiv(x[5],add(mul(x[7],add(x[2],mul(x[5],x[5]))),mul(x[7],x[5]))), x[2])",False,,,88c235deef3d681709c49fc8c58d8c18,0.2694610778443114,False,0.0
8,26,"greater_than_or_equal(mul(x[5],add(x[5],mul(x[5],add(x[0],mul(add(x[5],x[2]),x[7]))))), sub(sub(x[5],sub(x[0],x[3])),mul(x[7],add(mul(x[5],sub(sub(mul(sub(x[2],x[2]),x[2]),x[5]),mul(x[7],add(x[7],x[5])))),x[5]))))",True,"greater_than_or_equal(add(mul(x[0],x[2]),sub(x[5],x[5])), x[3])",0.6467065868263473,fa4e4ff3d0ce108b3ddcb2e0d037d301,0.6706586826347305,True,0.0239520958083832
8,26,"greater_than_or_equal(add(mul(x[2],sub(pdiv(x[7],x[7]),x[7])),pdiv(pdiv(mul(x[3],add(x[2],x[7])),add(pdiv(pdiv(x[7],x[5]),99.96),add(x[2],add(sub(x[2],add(x[2],x[3])),add(pdiv(x[3],pdiv(x[7],add(x[2],x[7]))),pdiv(x[3],x[7])))))),x[3])), x[5])",False,,,8f4a2c88ed1e32d4d1364627f3d8fa8d,0.6167664670658682,False,0.0
8,26,"greater_than_or_equal(pdiv(x[5],x[5]), add(pdiv(x[5],add(mul(x[5],x[2]),x[5])),x[2]))",True,"greater_than_or_equal(pdiv(mul(x[5],x[2]),pdiv(x[2],x[5])), add(sub(x[7],x[7]),add(x[5],x[0])))",0.6107784431137724,ec48eb4aba9f475884bcf9e8f28adadc,0.6167664670658682,True,0.005988023952095856
8,26,"not_(less_than_or_equal(pdiv(x[5],x[3]),mul(x[7],add(mul(84.13,x[5]),x[7]))))",False,,,8dacde8fe1478965c98ac674a9aa359a,0.6167664670658682,False,0.0
8,26,"greater_than_or_equal(pdiv(x[5],x[5]), add(x[7],mul(x[7],add(x[2],x[5]))))",True,"greater_than_or_equal(x[5], mul(x[7],add(mul(x[5],add(x[5],x[2])),x[5])))",0.22155688622754488,e61648116a6f6ca12bb00c96f3f5bd1f,0.22155688622754488,False,0.0
8,26,"not_(less_than_or_equal(pdiv(x[5],add(pdiv(x[5],x[5]),add(x[7],x[7]))),x[7]))",True,"greater_than_or_equal(x[5], mul(x[7],add(x[5],pdiv(x[5],x[5]))))",0.33532934131736525,fa01caa917a58bbda28cb775016b8bd1,0.35928143712574845,True,0.0239520958083832
8,26,"greater_than_or_equal(x[2], x[5])",True,"less_than_or_equal(x[5],x[2])",0.652694610778443,6fb17002302e404122653cf2c68db553,0.652694610778443,False,0.0
8,26,"greater_than_or_equal(sub(pdiv(x[5],add(pdiv(x[5],mul(mul(x[2],x[0]),x[7])),x[7])),mul(x[7],x[2])), pdiv(add(x[3],mul(x[7],add(x[0],x[7]))),add(x[5],x[2])))",False,,,321a3fbcae9eebc080ef632866bebf2d,0.5808383233532934,False,0.0
8,26,"greater_than_or_equal(sub(pdiv(x[7],x[7]),x[5]), x[5])",True,"not_(less_than_or_equal(pdiv(x[5],x[5]),add(x[5],x[5])))",0.4491017964071856,2218a51fb25443ecfeb7d4f388f41f4b,0.4491017964071856,False,0.0
8,26,"greater_than_or_equal(add(mul(x[7],add(x[5],mul(mul(sub(mul(x[5],add(x[7],x[2])),x[2]),x[2]),x[5]))),x[5]), x[5])",True,"less_than_or_equal(x[2],x[2])",0.35928143712574845,bd082d42dcba8056510101f18394b575,0.35928143712574845,False,0.0
8,26,"greater_than_or_equal(sub(pdiv(x[5],x[5]),x[2]), add(mul(x[5],mul(x[7],x[2])),x[7]))",True,"greater_than_or_equal(sub(pdiv(x[7],x[7]),x[7]), mul(x[7],add(x[2],x[2])))",0.20359281437125754,95970d13af32bda1e3f8ad029c9f477c,0.20958083832335328,True,0.0059880239520957446
8,26,"greater_than_or_equal(x[5], x[7])",True,"greater_than_or_equal(x[5], x[7])",0.3892215568862275,ca29d589a2290a0489371628a6b32bf4,0.3892215568862275,False,0.0
8,26,"greater_than_or_equal(pdiv(x[5],mul(x[5],add(x[2],x[5]))), add(x[7],add(pdiv(x[5],sub(add(add(x[0],x[7]),add(x[0],x[2])),x[0])),x[2])))",False,,,b62c58c4bb4f20a67a44c2d07605eef1,0.4491017964071856,False,0.0
8,26,"greater_than_or_equal(09.89, pdiv(x[7],pdiv(add(add(add(x[7],x[0]),x[2]),x[0]),add(add(x[2],x[3]),add(x[2],x[5])))))",True,"less_than_or_equal(x[2],x[2])",0.35928143712574845,bd082d42dcba8056510101f18394b575,0.35928143712574845,False,0.0
8,26,"not_(less_than_or_equal(sub(x[5],sub(x[5],sub(x[0],x[3]))),mul(x[7],add(mul(x[5],sub(sub(x[2],x[5]),x[2])),mul(add(x[5],x[2]),x[5])))))",False,,,e1fe6b0271818c45906c9eae25d0216a,0.6047904191616766,False,0.0
8,26,"greater_than_or_equal(pdiv(x[5],mul(sub(sub(x[2],x[2]),x[0]),sub(pdiv(mul(sub(pdiv(x[3],x[7]),add(x[0],x[7])),x[5]),add(x[0],add(x[5],x[2]))),add(sub(x[7],sub(x[3],mul(x[5],x[7]))),add(x[2],x[7]))))), x[2])",False,,,c2ab83630b216dcaf43df98f36f6f969,0.44311377245508987,False,0.0
8,26,"greater_than_or_equal(x[5], mul(x[5],add(x[2],x[5])))",True,"not_(less_than_or_equal(pdiv(x[5],x[5]),add(x[5],x[2])))",0.2455089820359282,5825d6d8d32996f2f81bb41cc0bfa92f,0.2455089820359282,False,0.0
8,26,"greater_than_or_equal(x[5], mul(x[7],add(mul(mul(pdiv(x[5],add(x[2],x[2])),x[5]),x[7]),add(x[5],00.39))))",False,,,eccb0dc2174d4f10593159bdbb1ae218,0.2934131736526946,False,0.0
8,26,"greater_than_or_equal(pdiv(x[5],x[5]), add(x[2],pdiv(mul(x[3],add(x[2],x[7])),add(pdiv(pdiv(x[7],x[5]),99.96),pdiv(x[2],x[7])))))",False,,,969dea09856eb6af42de78a023fe894c,0.2934131736526946,False,0.0
8,26,"greater_than_or_equal(pdiv(sub(mul(x[5],add(pdiv(x[5],x[2]),x[7])),mul(sub(mul(pdiv(x[7],x[2]),sub(pdiv(add(x[7],x[2]),x[0]),00.69)),x[5]),x[5])),add(sub(x[5],x[5]),add(add(x[7],x[0]),x[2]))), x[0])",False,,,a0560627a63ecd58589532be6f2c0294,0.26347305389221554,False,0.0
8,26,"not_(less_than_or_equal(pdiv(x[5],x[5]),mul(x[2],add(add(sub(pdiv(x[5],mul(x[7],mul(add(x[5],add(pdiv(add(x[7],x[5]),x[2]),sub(mul(x[2],add(x[2],x[5])),x[2]))),sub(pdiv(x[5],x[7]),x[5])))),x[2]),mul(x[5],add(x[7],mul(x[7],sub(x[3],mul(x[5],sub(sub(add(x[5],x[7]),add(x[5],sub(x[5],mul(x[7],add(x[7],x[5]))))),x[5]))))))),x[2]))))",False,,,7097657382321bd09571f6d522f3a2df,0.2694610778443114,False,0.0
8,26,"not_(less_than_or_equal(pdiv(x[5],x[7]),pdiv(mul(x[5],pdiv(add(x[5],x[3]),mul(add(mul(x[7],add(x[7],mul(x[5],x[5]))),x[7]),x[2]))),x[3])))",False,,,49a94846a79c14a6a74252a0f5a49218,0.6347305389221557,False,0.0
8,26,"greater_than_or_equal(sub(pdiv(x[5],x[7]),x[7]), x[2])",True,"greater_than_or_equal(x[5], mul(x[7],add(x[7],x[2])))",0.2455089820359282,dbe0ded9608d153cce360999e2a5fae7,0.2455089820359282,False,0.0
8,26,"greater_than_or_equal(20.95, x[2])",True,"less_than_or_equal(x[2],x[2])",0.35928143712574845,bd082d42dcba8056510101f18394b575,0.35928143712574845,False,0.0
8,26,"greater_than_or_equal(pdiv(x[5],add(mul(x[7],add(x[2],add(mul(add(x[5],mul(x[7],add(x[5],x[2]))),x[7]),sub(sub(x[5],sub(x[0],x[3])),mul(x[7],add(mul(x[5],sub(sub(sub(sub(x[2],x[2]),x[2]),x[5]),mul(x[7],add(x[7],x[5])))),x[5])))))),x[2])), add(sub(x[7],x[7]),pdiv(x[5],x[5])))",True,"greater_than_or_equal(sub(x[5],add(mul(x[7],add(x[5],mul(x[5],add(x[7],x[5])))),mul(add(add(x[0],x[7]),x[7]),x[0]))), x[2])",0.4011976047904192,98ec4f62ecd2b75a6c4e79a3f0dec494,0.44311377245508987,True,0.041916167664670656
8,26,"greater_than_or_equal(x[5], mul(sub(x[5],add(x[2],x[7])),x[5]))",True,"less_than_or_equal(x[2],x[2])",0.35928143712574845,bd082d42dcba8056510101f18394b575,0.35928143712574845,False,0.0
8,26,"greater_than_or_equal(pdiv(x[5],x[2]), mul(x[7],add(add(pdiv(x[5],x[3]),x[7]),add(add(x[7],pdiv(x[5],x[2])),add(x[2],x[3])))))",False,,,74f419214856fda9f921d8ed131bd552,0.27544910179640714,False,0.0
8,26,"not_(less_than_or_equal(pdiv(x[5],x[5]),mul(x[2],add(add(x[2],x[0]),mul(x[7],x[3])))))",False,,,dddae2e168bf3874b8fd5ba3a56f0c0d,0.3173652694610778,False,0.0
8,26,"greater_than_or_equal(sub(pdiv(x[5],x[7]),mul(mul(add(x[5],add(pdiv(add(x[7],x[5]),x[2]),sub(mul(x[2],add(x[7],x[7])),add(x[2],x[7])))),sub(add(add(x[2],x[3]),add(pdiv(x[3],pdiv(x[7],add(x[2],x[7]))),pdiv(x[3],x[7]))),x[3])),x[5])), x[5])",False,,,6b08588cfce2c8e33ddae44db4a76605,0.5688622754491017,False,0.0
8,26,"greater_than_or_equal(x[7], x[2])",True,"less_than_or_equal(pdiv(add(x[2],x[5]),sub(x[2],x[7])),mul(mul(x[2],x[3]),mul(x[5],x[7])))",0.4730538922155688,6a9a868ce645e54c16a03959cbdb37f6,0.4730538922155688,False,0.0
8,26,"less_than_or_equal(sub(pdiv(x[7],x[7]),x[7]),mul(90.97,x[7]))",True,"less_than_or_equal(x[2],x[2])",0.35928143712574845,bd082d42dcba8056510101f18394b575,0.3652694610778443,True,0.005988023952095856
8,26,"greater_than_or_equal(sub(pdiv(x[5],x[5]),mul(x[5],mul(x[3],pdiv(add(pdiv(pdiv(x[5],x[5]),x[5]),mul(x[5],x[2])),pdiv(pdiv(pdiv(mul(x[2],x[2]),sub(add(add(x[5],x[7]),x[2]),add(x[2],x[3]))),add(pdiv(x[3],pdiv(x[7],add(x[7],x[7]))),pdiv(x[3],x[2]))),pdiv(x[0],x[2])))))), x[0])",False,,,e925ebc228af7bf56c07ef030ceae234,0.44311377245508987,False,0.0
8,26,"not_(greater_than_or_equal(mul(add(x[5],x[2]),mul(x[7],add(mul(pdiv(add(x[5],x[2]),x[5]),x[5]),pdiv(add(mul(x[5],add(x[5],x[2])),x[7]),pdiv(x[2],sub(x[7],x[7])))))), x[7]))",False,,,a1638e024438649b645048097e7b2779,0.437125748502994,False,0.0
8,26,"greater_than_or_equal(pdiv(x[5],x[5]), mul(x[5],add(x[0],add(x[5],x[7]))))",False,,,a8111bb02703991d44534d0eaa15b817,0.27544910179640714,False,0.0
8,26,"greater_than_or_equal(89.24, add(add(x[0],add(x[5],x[2])),add(sub(x[7],sub(x[3],mul(x[5],x[7]))),add(x[2],x[7]))))",True,"less_than_or_equal(x[2],x[2])",0.35928143712574845,bd082d42dcba8056510101f18394b575,0.35928143712574845,False,0.0
8,26,"greater_than_or_equal(pdiv(x[5],sub(x[0],x[3])), mul(add(sub(add(mul(x[7],sub(sub(sub(sub(x[2],x[2]),x[2]),x[5]),mul(x[7],add(x[7],x[5])))),x[0]),x[2]),add(sub(x[7],x[7]),pdiv(x[5],x[5]))),mul(mul(x[5],x[7]),pdiv(x[7],x[3]))))",False,,,ba614f71a87a79ab6f7e0ed47f331cb8,0.5988023952095809,False,0.0
8,26,"greater_than_or_equal(pdiv(add(pdiv(mul(x[7],x[2]),x[2]),x[0]),sub(pdiv(mul(sub(pdiv(x[3],x[7]),add(x[0],x[7])),x[5]),add(x[0],add(x[5],x[2]))),add(sub(x[7],sub(x[3],mul(x[5],x[7]))),add(x[2],x[7])))), x[2])",False,,,3009703aa2be8d3a116ac8c33c58960d,0.4610778443113772,False,0.0
8,26,"not_(less_than_or_equal(pdiv(x[5],sub(x[5],sub(x[0],x[3]))),mul(x[7],add(mul(x[5],sub(sub(sub(sub(x[7],x[2]),pdiv(pdiv(pdiv(mul(x[2],x[2]),sub(add(add(x[5],x[7]),x[2]),add(x[2],x[3]))),add(pdiv(x[3],x[2]),x[7])),x[7])),x[7]),pdiv(x[3],x[2]))),pdiv(x[0],x[2])))))",False,,,3ff1efe6d21b2786252c75f9c51c1f84,0.34730538922155685,False,0.0
8,26,"greater_than_or_equal(pdiv(x[5],x[7]), add(x[7],x[5]))",True,"greater_than_or_equal(x[5], mul(x[7],add(x[7],x[5])))",0.22754491017964074,051dec5cdded21754165aaf5f887a47e,0.22754491017964074,False,0.0
8,26,"greater_than_or_equal(sub(pdiv(x[5],add(x[2],x[3])),mul(x[2],x[5])), x[2])",False,,,dadcd4f4639586569d2c7427ae1f62da,0.29940119760479045,False,0.0
8,26,"greater_than_or_equal(pdiv(x[5],x[2]), mul(x[7],add(add(pdiv(x[5],x[3]),x[7]),add(add(x[7],pdiv(x[5],x[5])),mul(mul(x[5],x[7]),pdiv(x[7],x[3]))))))",True,"greater_than_or_equal(pdiv(x[5],x[2]), mul(x[7],add(add(pdiv(x[5],x[3]),x[7]),add(add(x[7],pdiv(x[5],x[5])),mul(mul(x[5],x[7]),pdiv(x[7],x[3]))))))",0.23353293413173648,9eb0776e8b44fada656ca4feb6cbdcfb,0.23353293413173648,False,0.0
8,26,"greater_than_or_equal(pdiv(x[5],x[5]), mul(x[3],add(x[0],add(x[5],x[2]))))",False,,,c06858612c4a085b8142ec4a3f564205,0.3293413173652695,False,0.0
8,26,"greater_than_or_equal(sub(pdiv(x[5],x[2]),add(x[7],pdiv(mul(x[5],sub(x[7],x[2])),add(x[2],x[3])))), add(pdiv(x[3],pdiv(x[7],add(x[2],x[7]))),pdiv(x[3],x[7])))",False,,,4f8c0baba7ed4a1a1ead372104018396,0.5269461077844311,False,0.0
8,26,"greater_than_or_equal(sub(pdiv(x[5],x[7]),pdiv(x[7],x[5])), sub(x[7],x[2]))",False,,,2cc57cb7ab4b54e14f52788211448a3d,0.37125748502994016,False,0.0
8,26,"not_(less_than_or_equal(pdiv(x[7],pdiv(x[2],sub(x[7],x[7]))),x[7]))",True,not_(x[6]),0.6347305389221557,b4068ba57b63c959651c969331c4b5cd,0.6407185628742516,True,0.005988023952095856
8,26,"greater_than_or_equal(sub(pdiv(x[5],x[5]),x[2]), mul(x[5],add(mul(x[5],add(x[7],x[2])),add(x[2],x[2]))))",False,,,7f6513d99a5410467436dfefec9f812b,0.20359281437125754,False,0.0
8,26,"greater_than_or_equal(09.69, pdiv(x[7],59.39))",True,"less_than_or_equal(x[2],x[2])",0.35928143712574845,bd082d42dcba8056510101f18394b575,0.35928143712574845,False,0.0
8,26,"greater_than_or_equal(x[2], pdiv(pdiv(mul(x[7],x[7]),mul(x[5],x[5])),add(x[3],add(add(x[0],x[7]),add(x[0],x[2])))))",False,,,282a2f5c8fb0ce1c2de4866473378d27,0.5508982035928144,False,0.0
8,26,"greater_than_or_equal(09.69, pdiv(45.93,mul(x[5],x[2])))",True,"greater_than_or_equal(pdiv(mul(x[5],x[2]),pdiv(x[2],x[5])), add(sub(x[7],x[7]),add(x[5],x[0])))",0.6107784431137724,ec48eb4aba9f475884bcf9e8f28adadc,0.6107784431137724,False,0.0
8,26,"not_(less_than_or_equal(pdiv(x[7],x[2]),add(x[7],mul(x[5],x[2]))))",False,,,c23dfbbe5de67d26874d399ff733a4bc,0.31137724550898205,False,0.0
8,26,"greater_than_or_equal(pdiv(x[5],x[7]), add(x[5],mul(x[7],mul(pdiv(x[2],x[0]),add(add(x[2],x[3]),add(x[2],x[5]))))))",False,,,e34bed620a89884b44afce053633b68c,0.26347305389221554,False,0.0
8,26,"greater_than_or_equal(pdiv(add(x[7],sub(mul(add(mul(x[2],mul(x[5],add(x[7],x[2]))),x[5]),x[2]),x[5])),mul(x[2],mul(x[5],mul(x[7],add(mul(x[7],sub(x[7],mul(x[5],x[7]))),add(x[2],x[7])))))), x[2])",False,,,7277c114de1f68b35a996b62638a3908,0.652694610778443,False,0.0
8,26,"greater_than_or_equal(x[5], add(x[7],x[7]))",True,"not_(less_than_or_equal(pdiv(x[5],mul(x[7],add(x[5],x[5]))),pdiv(pdiv(x[5],x[5]),x[5])))",0.4011976047904192,58aeb7a5a5652a59b3f81f1f504d0cb4,0.4011976047904192,False,0.0
8,26,"greater_than_or_equal(add(x[3],add(00.49,mul(sub(add(add(44.54,sub(x[2],x[0])),pdiv(x[0],add(add(x[0],x[0]),x[2]))),x[5]),x[5]))), x[5])",True,"less_than_or_equal(x[2],x[2])",0.35928143712574845,bd082d42dcba8056510101f18394b575,0.35928143712574845,False,0.0
8,26,"greater_than_or_equal(sub(pdiv(x[7],mul(mul(mul(x[0],x[7]),add(x[7],x[2])),x[5])),pdiv(mul(x[2],pdiv(x[5],x[2])),x[5])), pdiv(x[7],add(x[7],x[2])))",False,,,b1e9cbdf3ce94aaf92a47a853f8955c9,0.5808383233532934,False,0.0
8,26,"greater_than_or_equal(add(pdiv(76.85,sub(x[0],x[7])),pdiv(x[5],x[5])), mul(mul(add(mul(x[5],add(x[7],x[2])),add(x[2],x[2])),x[5]),x[5]))",True,"less_than_or_equal(x[7],x[0])",0.5449101796407185,be077d9307e8548c7420a3c3b9c6aaf2,0.5449101796407185,False,0.0
8,26,"not_(less_than_or_equal(pdiv(x[5],x[5]),x[5]))",True,"not_(less_than_or_equal(pdiv(x[5],x[5]),x[5]))",0.31137724550898205,774eb80249c37c32f486ae194a31e639,0.31137724550898205,False,0.0
8,26,"greater_than_or_equal(x[5], mul(x[7],add(x[5],x[5])))",True,"greater_than_or_equal(x[5], mul(x[7],add(x[5],x[5])))",0.2455089820359282,9545aae94dd0fcb8b281ddfedf2da4e6,0.2455089820359282,False,0.0
8,26,"greater_than_or_equal(pdiv(x[5],x[5]), add(x[7],mul(x[2],mul(x[7],add(x[7],x[2])))))",False,,,fdaca1c57b159b211f74deb040d24366,0.22754491017964074,False,0.0
8,26,"less_than_or_equal(pdiv(x[5],x[7]),add(x[5],mul(add(x[5],x[2]),79.37)))",True,"less_than_or_equal(x[2],x[2])",0.35928143712574845,bd082d42dcba8056510101f18394b575,0.3652694610778443,True,0.005988023952095856
8,26,"greater_than_or_equal(pdiv(x[5],add(x[2],x[5])), mul(x[7],add(x[5],sub(add(x[5],add(add(add(sub(x[7],sub(x[3],mul(x[5],x[2]))),x[7]),sub(41.19,sub(x[2],add(x[2],pdiv(add(add(pdiv(x[3],pdiv(x[2],add(x[2],x[7]))),pdiv(x[3],x[7])),x[3]),x[5]))))),x[5])),add(x[2],x[5])))))",True,not_(x[6]),0.6347305389221557,b4068ba57b63c959651c969331c4b5cd,0.6407185628742516,True,0.005988023952095856
8,26,"greater_than_or_equal(sub(pdiv(x[5],x[5]),x[5]), x[2])",True,"not_(less_than_or_equal(pdiv(x[5],x[5]),add(x[5],x[2])))",0.2455089820359282,5825d6d8d32996f2f81bb41cc0bfa92f,0.2455089820359282,False,0.0
8,26,"less_than_or_equal(pdiv(pdiv(x[5],x[5]),add(mul(x[5],mul(x[2],add(x[2],x[5]))),mul(x[7],mul(add(x[5],sub(x[3],x[3])),mul(x[2],add(87.94,add(x[2],x[7]))))))),add(pdiv(pdiv(x[7],x[5]),x[3]),x[5]))",False,,,49e7a3fb6e172ec6a660c397f486c725,0.4491017964071856,False,0.0
8,26,"greater_than_or_equal(x[5], mul(x[7],add(x[5],mul(x[2],add(add(x[7],x[5]),00.20)))))",False,,,45be72ca7418865da94668d498657efb,0.22155688622754488,False,0.0
8,26,"greater_than_or_equal(x[3], mul(x[2],x[5]))",True,"greater_than_or_equal(x[3], mul(x[5],mul(x[2],x[5])))",0.32335329341317365,00a4693f1ebff735d05805e6ce2aec46,0.3413173652694611,True,0.017964071856287456
8,26,"greater_than_or_equal(x[5], mul(x[5],add(x[2],mul(x[5],97.93))))",True,not_(x[6]),0.6347305389221557,b4068ba57b63c959651c969331c4b5cd,0.6347305389221557,False,0.0
8,26,"greater_than_or_equal(pdiv(x[5],sub(x[2],x[5])), mul(x[7],add(sub(x[2],x[0]),x[5])))",False,,,34ce66038ec4b4a1d7a034dfacce368d,0.6347305389221557,False,0.0
8,26,"greater_than_or_equal(pdiv(x[5],add(x[2],mul(add(x[5],x[2]),x[7]))), sub(sub(x[3],x[3]),add(add(x[7],x[0]),x[2])))",True,"less_than_or_equal(x[2],x[2])",0.35928143712574845,bd082d42dcba8056510101f18394b575,0.35928143712574845,False,0.0
8,26,"greater_than_or_equal(pdiv(x[5],mul(x[0],79.65)), mul(x[5],sub(sub(sub(sub(x[2],x[2]),x[2]),sub(x[7],sub(pdiv(x[3],x[7]),add(x[0],x[7])))),x[5])))",False,,,994cd6cea25d4b620973e5867762dc2a,0.5389221556886228,False,0.0
8,26,"greater_than_or_equal(sub(pdiv(x[7],x[7]),x[7]), mul(x[7],add(add(add(x[2],x[7]),x[5]),x[5])))",True,"greater_than_or_equal(sub(pdiv(x[7],x[7]),x[7]), mul(x[7],add(add(pdiv(x[5],x[5]),x[2]),x[5])))",0.33532934131736525,396895c2db4ed85db5106bb53b41d308,0.3173652694610778,True,-0.017964071856287456
8,26,"less_than_or_equal(pdiv(pdiv(x[5],x[7]),add(mul(x[5],sub(x[2],add(x[2],x[5]))),mul(x[2],mul(mul(x[5],add(mul(add(x[7],mul(x[7],add(x[5],add(x[0],x[2])))),x[5]),pdiv(mul(x[2],pdiv(x[5],x[2])),x[3]))),pdiv(x[7],add(x[2],x[5])))))),x[5])",False,,,ff2f316bd581bbbe91ac156fc51639c9,0.2934131736526946,False,0.0
8,26,"greater_than_or_equal(sub(sub(x[5],x[7]),add(x[5],x[5])), mul(x[2],mul(add(x[7],x[2]),x[2])))",True,not_(x[6]),0.6347305389221557,b4068ba57b63c959651c969331c4b5cd,0.6407185628742516,True,0.005988023952095856
8,26,"greater_than_or_equal(mul(x[7],add(sub(mul(x[7],x[2]),mul(pdiv(x[5],x[7]),add(x[3],x[5]))),x[2])), x[5])",True,"not_(less_than_or_equal(mul(x[7],add(x[2],x[2])),add(x[5],x[5])))",0.6646706586826348,b98fd4b1abc55a8bd945f52cf650a117,0.6646706586826348,False,0.0
8,26,"greater_than_or_equal(pdiv(x[5],x[5]), mul(mul(x[7],add(x[2],x[5])),83.97))",True,"less_than_or_equal(mul(mul(x[7],x[7]),74.75),add(x[7],x[7]))",0.6227544910179641,83475aff34f9e2eb2174b5d809ea1882,0.6227544910179641,False,0.0
8,26,"greater_than_or_equal(x[5], mul(x[5],x[2]))",True,"not_(greater_than_or_equal(mul(x[7],x[2]), x[7]))",0.34730538922155685,f69cf4961d82af0c72c0014d2a401904,0.34730538922155685,False,0.0
8,26,"greater_than_or_equal(pdiv(x[5],add(x[2],x[7])), x[5])",True,"less_than_or_equal(add(mul(x[7],pdiv(x[5],x[5])),x[2]),add(sub(x[7],x[7]),pdiv(69.44,sub(x[3],x[3]))))",0.19161676646706582,14c6e007ad625f3839f568e9ee8a86e1,0.19161676646706582,False,0.0
8,26,"greater_than_or_equal(pdiv(add(x[7],x[2]),x[7]), x[2])",True,"less_than_or_equal(x[2],x[2])",0.35928143712574845,bd082d42dcba8056510101f18394b575,0.35928143712574845,False,0.0
8,26,"greater_than_or_equal(sub(pdiv(x[7],x[7]),x[7]), mul(add(pdiv(x[5],x[2]),mul(x[7],add(pdiv(pdiv(x[5],x[3]),x[7]),add(mul(sub(sub(x[7],add(sub(x[2],x[2]),sub(x[7],sub(pdiv(x[3],x[7]),mul(x[0],add(mul(mul(add(add(x[0],add(x[5],x[2])),add(sub(x[7],sub(29.79,sub(add(x[2],x[7]),x[2]))),add(x[2],x[3]))),add(pdiv(x[3],pdiv(x[7],add(x[2],x[7]))),pdiv(x[3],x[7]))),x[3]),x[5])))))),x[5]),add(x[2],x[5])),x[5])))),add(x[5],x[2])))",False,,,2bdc1fb591dd1553e7b7a40fad1d2c8e,0.6167664670658682,False,0.0
8,26,"greater_than_or_equal(sub(pdiv(x[5],x[5]),mul(add(add(mul(add(pdiv(mul(x[7],x[2]),add(x[2],x[2])),x[5]),x[5]),x[5]),x[2]),add(sub(x[7],x[7]),pdiv(x[5],x[5])))), mul(mul(x[5],x[7]),pdiv(x[7],x[3])))",False,,,2218a751b0b1296d073e12e8ae0725b3,0.5029940119760479,False,0.0
8,26,"not_(less_than_or_equal(pdiv(x[5],x[3]),mul(mul(mul(add(x[5],add(pdiv(x[2],pdiv(x[7],x[7])),x[7])),add(mul(x[7],add(mul(mul(x[5],add(x[2],x[7])),x[5]),add(x[5],x[7]))),x[3])),add(x[7],x[7])),pdiv(x[2],sub(x[7],x[7])))))",False,,,3e47af0b6870e9adae2a5dc76c2ffda2,0.27544910179640714,False,0.0
8,26,"greater_than_or_equal(pdiv(x[5],mul(add(x[5],x[5]),sub(x[2],sub(pdiv(x[2],x[5]),mul(x[7],add(x[7],x[5])))))), x[5])",False,,,fedf9012c42bc75ae8158c4866ca25da,0.4131736526946108,False,0.0
8,26,"greater_than_or_equal(x[5], mul(35.94,mul(x[7],x[2])))",True,"greater_than_or_equal(pdiv(x[5],mul(x[7],add(x[5],add(x[2],30.45)))), x[2])",0.5209580838323353,bf073e6e0f37765543641da37b15910f,0.5449101796407185,True,0.0239520958083832
8,26,"greater_than_or_equal(pdiv(x[5],add(x[2],mul(add(x[5],x[7]),x[7]))), sub(add(mul(x[7],add(sub(x[5],add(add(mul(mul(x[7],pdiv(pdiv(mul(x[0],pdiv(x[2],x[7])),x[0]),x[2])),pdiv(x[5],x[2])),x[5]),x[5])),x[5])),add(x[7],sub(x[7],mul(x[3],x[7])))),x[7]))",False,,,680c3ebf8b15c9a650e0f66c5a46210b,0.3532934131736527,False,0.0
8,26,"greater_than_or_equal(sub(pdiv(x[5],add(x[7],sub(56.40,x[3]))),mul(x[7],x[7])), mul(pdiv(pdiv(mul(x[7],x[2]),add(x[2],x[2])),x[5]),sub(add(x[5],x[2]),add(sub(x[7],x[7]),pdiv(x[5],x[5])))))",False,,,f0efc72d9f312ca4b3357af5aa6ea15c,0.4011976047904192,False,0.0
8,26,"less_than_or_equal(pdiv(x[5],add(x[2],mul(add(x[5],pdiv(x[5],add(x[2],x[5]))),10.39))),mul(sub(add(add(x[0],x[7]),add(x[3],x[2])),x[0]),x[2]))",True,"less_than_or_equal(pdiv(sub(x[0],x[0]),sub(x[0],x[2])),x[0])",0.38323353293413176,d0734af37aab8e9b6c733bcf8f431f61,0.4011976047904192,True,0.017964071856287456
8,26,"greater_than_or_equal(x[5], mul(add(x[7],sub(sub(x[5],sub(x[0],x[3])),mul(x[0],add(mul(x[5],sub(sub(sub(sub(x[2],mul(pdiv(x[2],sub(x[7],sub(pdiv(x[3],x[7]),add(x[0],x[7])))),x[5])),add(x[0],add(x[0],x[2]))),x[7]),mul(x[2],add(x[2],x[5])))),x[7])))),x[2]))",False,,,959ca4adea5e1e2a2f66018e457ec6e5,0.2934131736526946,False,0.0
8,26,"not_(less_than_or_equal(pdiv(x[5],24.75),add(sub(pdiv(x[5],mul(x[7],mul(add(x[3],add(pdiv(add(x[7],x[5]),x[2]),sub(mul(x[0],add(x[2],x[5])),x[2]))),sub(pdiv(x[5],x[7]),x[5])))),x[2]),mul(x[5],add(x[7],mul(x[7],x[2]))))))",True,not_(x[6]),0.6347305389221557,b4068ba57b63c959651c969331c4b5cd,0.6407185628742516,True,0.005988023952095856
8,26,"greater_than_or_equal(x[3], mul(x[7],add(x[7],x[7])))",True,"greater_than_or_equal(x[3], mul(x[7],add(x[7],x[7])))",0.26347305389221554,0d7214fa3d6f4eaa7662dbf3d34e2531,0.26347305389221554,False,0.0
8,26,"greater_than_or_equal(pdiv(pdiv(x[5],x[7]),x[7]), x[2])",True,"not_(greater_than_or_equal(mul(x[7],add(x[5],x[7])), add(pdiv(mul(x[2],add(x[5],x[5])),x[2]),add(sub(x[7],x[7]),pdiv(x[5],x[3])))))",0.32335329341317365,6879d8556cd3538b7aad64e5d345873a,0.3293413173652695,True,0.005988023952095856
8,26,"less_than_or_equal(pdiv(x[5],x[7]),x[5])",True,"greater_than_or_equal(x[3], pdiv(x[3],x[7]))",0.5988023952095809,544e9f57eeb7aee70ddd2795444ac73a,0.5988023952095809,False,0.0
8,26,"greater_than_or_equal(sub(pdiv(x[7],x[7]),x[7]), mul(x[7],add(x[2],x[5])))",True,"greater_than_or_equal(x[5], mul(x[7],add(mul(x[5],add(x[5],x[2])),x[5])))",0.22155688622754488,e61648116a6f6ca12bb00c96f3f5bd1f,0.22155688622754488,False,0.0
8,26,"greater_than_or_equal(x[5], mul(x[7],add(mul(sub(add(add(pdiv(x[5],x[3]),x[7]),add(mul(sub(x[2],x[7]),sub(x[2],x[7])),mul(x[2],x[2]))),pdiv(add(x[3],mul(x[7],add(x[0],x[7]))),add(x[5],x[2]))),mul(x[3],x[7])),x[7])))",False,,,61b536ba12af8c9fe3a15a0d120ac5dd,0.23952095808383234,False,0.0
8,26,"not_(less_than_or_equal(pdiv(mul(mul(pdiv(add(mul(x[3],add(add(x[2],x[0]),mul(x[7],mul(add(x[5],add(pdiv(add(x[7],x[5]),x[2]),sub(mul(x[2],add(x[2],x[7])),add(96.95,add(x[2],x[3]))))),add(pdiv(x[3],pdiv(x[7],add(x[2],x[7]))),pdiv(x[3],x[7])))))),x[3]),x[5]),x[5]),add(x[2],x[5])),x[5]),add(x[5],x[2])))",True,not_(x[6]),0.6347305389221557,b4068ba57b63c959651c969331c4b5cd,0.6347305389221557,False,0.0
8,26,"greater_than_or_equal(x[5], mul(x[7],add(x[3],x[5])))",True,"greater_than_or_equal(x[5], mul(x[7],add(x[5],x[3])))",0.3053892215568862,0947741ceb5018f757b589e69907d867,0.3053892215568862,False,0.0
8,26,"greater_than_or_equal(x[5], mul(x[7],add(mul(add(add(x[5],x[3]),pdiv(x[5],x[2])),add(x[5],x[2])),mul(add(mul(x[7],add(x[7],mul(x[5],x[5]))),x[7]),x[2]))))",True,"greater_than_or_equal(sub(pdiv(x[7],add(mul(x[3],x[7]),x[7])),add(x[7],x[2])), x[7])",0.4131736526946108,4b12d273d7cfc7d4e48dc486c13d141c,0.4610778443113772,True,0.0479041916167664
8,26,"greater_than_or_equal(sub(mul(add(x[5],x[7]),x[2]),x[7]), x[2])",True,not_(x[6]),0.6347305389221557,b4068ba57b63c959651c969331c4b5cd,0.6407185628742516,True,0.005988023952095856
8,26,"not_(greater_than_or_equal(mul(x[5],add(mul(mul(mul(x[7],sub(x[2],x[5])),x[5]),x[5]),x[2])), add(sub(x[7],x[7]),pdiv(x[5],x[5]))))",True,"less_than_or_equal(x[2],x[2])",0.35928143712574845,bd082d42dcba8056510101f18394b575,0.35928143712574845,False,0.0
8,26,"less_than_or_equal(x[5],mul(x[5],mul(x[7],add(mul(add(x[7],x[5]),add(sub(x[2],05.94),x[2])),x[2]))))",True,not_(x[6]),0.6347305389221557,b4068ba57b63c959651c969331c4b5cd,0.6347305389221557,False,0.0
8,26,"greater_than_or_equal(x[7], pdiv(x[7],pdiv(x[7],x[3])))",True,"greater_than_or_equal(x[7], x[3])",0.6646706586826348,d5925f4b2448dec895a429c6f44b5edc,0.6646706586826348,False,0.0
8,26,"greater_than_or_equal(add(pdiv(76.85,sub(mul(add(x[7],pdiv(x[5],x[5])),mul(mul(x[2],x[7]),x[2])),add(x[5],x[0]))),add(add(x[0],x[7]),x[2])), x[5])",True,"not_(less_than_or_equal(mul(x[7],add(x[2],x[2])),add(pdiv(x[5],x[2]),x[0])))",0.688622754491018,72f4ffb6a410ebd07a7468ed7e12c00b,0.688622754491018,False,0.0
8,26,"greater_than_or_equal(pdiv(x[3],x[5]), x[7])",True,"not_(greater_than_or_equal(mul(x[7],x[5]), x[3]))",0.33532934131736525,ff4b342bed4706cce4217aaf715c34c5,0.33532934131736525,False,0.0
8,26,"greater_than_or_equal(add(x[5],x[2]), x[5])",True,"less_than_or_equal(x[2],x[2])",0.35928143712574845,bd082d42dcba8056510101f18394b575,0.35928143712574845,False,0.0
8,26,"less_than_or_equal(x[5],mul(93.24,x[5]))",True,"less_than_or_equal(x[2],x[2])",0.35928143712574845,bd082d42dcba8056510101f18394b575,0.35928143712574845,False,0.0
8,26,"greater_than_or_equal(x[5], mul(51.93,sub(x[7],x[2])))",True,"less_than_or_equal(add(x[5],x[7]),add(x[5],x[2]))",0.5269461077844311,544b4f45aa71542bcadfaa9d165fdbeb,0.5329341317365269,True,0.005988023952095856
8,26,"greater_than_or_equal(x[5], mul(x[7],add(mul(add(add(x[5],x[5]),pdiv(x[5],x[7])),x[2]),x[5])))",False,,,3dabf6c1348cfb6068d8e22561c60fa1,0.21556886227544914,False,0.0
8,26,"greater_than_or_equal(sub(pdiv(pdiv(x[5],x[7]),x[7]),mul(x[5],x[3])), mul(add(x[5],x[7]),x[2]))",False,,,3d5208c6b0b5918cf21222e2a369685f,0.31137724550898205,False,0.0
8,26,"greater_than_or_equal(pdiv(x[5],add(x[2],x[5])), mul(sub(mul(add(x[5],add(mul(x[7],add(x[5],pdiv(x[5],x[2]))),add(x[7],x[2]))),x[2]),x[5]),pdiv(x[2],x[0])))",False,,,ad2e585b6ed18a7338bd40809e0f9ecb,0.22754491017964074,False,0.0
8,26,"greater_than_or_equal(x[5], mul(add(sub(x[7],sub(x[3],x[7])),mul(pdiv(add(x[2],x[5]),x[2]),x[5])),x[5]))",False,,,b04f239e614db4a4585351a7b959f60f,0.5389221556886228,False,0.0
8,26,"greater_than_or_equal(x[5], mul(x[7],add(x[5],mul(x[2],add(sub(x[7],sub(x[5],x[5])),x[5])))))",True,"not_(less_than_or_equal(pdiv(x[5],x[7]),add(x[5],mul(x[2],add(x[7],x[5])))))",0.22155688622754488,5eced4cbd438e2dc048143ff8d01294d,0.22155688622754488,False,0.0
8,26,"greater_than_or_equal(sub(mul(pdiv(x[5],x[7]),x[7]),mul(x[5],99.79)), pdiv(x[5],x[5]))",True,not_(x[6]),0.6347305389221557,b4068ba57b63c959651c969331c4b5cd,0.6407185628742516,True,0.005988023952095856
8,26,"greater_than_or_equal(pdiv(pdiv(pdiv(add(x[2],x[5]),mul(x[7],add(x[5],pdiv(add(x[5],x[2]),x[2])))),x[5]),pdiv(x[2],x[0])), add(add(x[2],x[3]),add(x[2],x[5])))",False,,,17a122460ed371cd2ce178a8d8435d4b,0.44311377245508987,False,0.0
8,26,"less_than_or_equal(mul(add(x[7],x[2]),x[3]),x[5])",True,"not_(less_than_or_equal(pdiv(x[5],x[3]),add(x[2],x[7])))",0.3293413173652695,63f56071f750897f33f7d388cfcbcfbd,0.3293413173652695,False,0.0
8,26,"greater_than_or_equal(x[5], sub(add(x[2],x[7]),sub(pdiv(x[5],x[7]),mul(pdiv(pdiv(x[3],x[3]),add(add(x[7],sub(x[7],add(x[5],x[5]))),x[2])),x[2]))))",False,,,e259f85ca6074cdf3b5ab82a573f9542,0.3053892215568862,False,0.0
8,26,"greater_than_or_equal(x[5], sub(x[7],add(x[5],x[7])))",True,"less_than_or_equal(x[2],x[2])",0.35928143712574845,bd082d42dcba8056510101f18394b575,0.35928143712574845,False,0.0
8,26,"greater_than_or_equal(sub(pdiv(x[7],x[7]),x[7]), mul(x[7],mul(x[7],add(add(add(pdiv(x[5],x[5]),x[5]),x[2]),add(sub(x[7],x[7]),pdiv(x[5],x[5]))))))",True,"not_(less_than_or_equal(pdiv(x[5],x[7]),add(x[5],mul(x[5],add(x[2],pdiv(x[3],x[3]))))))",0.2694610778443114,3666d2adeb78fa43d08db5780c1835ec,0.26347305389221554,True,-0.005988023952095856
8,26,"not_(less_than_or_equal(pdiv(x[7],x[5]),x[5]))",False,,,00ce76e12b201dc3a58a7232f993eb98,0.5149700598802396,False,0.0
8,26,"greater_than_or_equal(mul(pdiv(x[7],x[7]),x[0]), mul(x[7],add(x[3],x[5])))",True,"not_(greater_than_or_equal(mul(add(x[5],x[3]),x[7]), x[0]))",0.5329341317365269,5ba632944312ef46246c97b4d9035dd0,0.5329341317365269,False,0.0
8,26,"greater_than_or_equal(pdiv(x[3],mul(add(x[7],x[2]),add(x[2],add(x[5],x[2])))), x[3])",False,,,300636c88ef337075d3a7df02fce4d87,0.19760479041916168,False,0.0
8,26,"greater_than_or_equal(pdiv(pdiv(pdiv(x[5],x[7]),add(mul(x[5],x[3]),x[7])),x[7]), add(sub(sub(x[5],sub(x[0],x[3])),mul(x[7],add(mul(x[5],sub(sub(sub(sub(x[3],x[2]),sub(sub(add(x[2],x[7]),x[2]),add(x[2],x[3]))),add(pdiv(x[5],pdiv(x[7],add(x[2],x[7]))),pdiv(x[3],x[7]))),x[3])),x[5]))),x[5]))",True,"greater_than_or_equal(sub(pdiv(x[5],x[7]),mul(add(mul(pdiv(add(x[5],mul(x[2],add(x[5],x[2]))),x[5]),mul(x[7],add(x[2],x[2]))),x[3]),x[5])), x[5])",0.22155688622754488,126a5d55a182dded6436a2bef1434317,0.22754491017964074,True,0.005988023952095856
8,26,"greater_than_or_equal(sub(pdiv(x[3],add(x[5],x[7])),x[2]), mul(x[7],add(mul(x[0],add(add(pdiv(mul(add(x[2],pdiv(mul(add(x[7],x[2]),add(x[3],pdiv(pdiv(pdiv(mul(x[5],x[3]),x[0]),x[7]),add(mul(x[5],add(x[5],x[2])),37.93)))),sub(pdiv(add(x[7],x[2]),x[2]),x[0]))),add(x[7],x[3])),add(pdiv(x[5],add(pdiv(add(x[2],x[5]),x[5]),mul(x[2],x[2]))),x[7])),x[7]),add(sub(x[7],sub(mul(x[7],x[0]),sub(pdiv(x[5],x[7]),x[3]))),x[2]))),x[5])))",False,,,9952a20c28949078ad984a333e58243d,0.3652694610778443,False,0.0
8,26,"greater_than_or_equal(pdiv(x[3],x[5]), add(x[3],mul(x[7],sub(x[3],mul(x[5],sub(sub(pdiv(x[3],mul(24.59,pdiv(x[2],x[5]))),pdiv(x[2],x[0])),add(add(x[2],x[3]),add(x[2],x[5]))))))))",False,,,4bd680da801813389cc5db5556ddcc5f,0.4610778443113772,False,0.0
8,26,"greater_than_or_equal(x[5], mul(x[7],add(x[2],x[2])))",True,"not_(greater_than_or_equal(mul(x[7],add(x[2],x[2])), x[5]))",0.27544910179640714,f7539509fdd5f9bf93cc165393e6bf21,0.27544910179640714,False,0.0
8,26,"greater_than_or_equal(sub(pdiv(x[5],x[5]),x[2]), add(mul(x[5],mul(x[0],x[2])),add(x[2],x[2])))",False,,,242eb9ac4cdbe812f1086b79c196a6fc,0.26347305389221554,False,0.0
8,26,"greater_than_or_equal(pdiv(x[5],x[2]), x[2])",True,"less_than_or_equal(pdiv(mul(x[2],x[2]),x[5]),pdiv(x[7],x[7]))",0.3293413173652695,22afa71d30776c90154a85fa7bb55d4a,0.33532934131736525,True,0.0059880239520957446
8,26,"greater_than_or_equal(x[5], mul(x[7],add(x[5],add(x[5],add(x[5],x[5])))))",False,,,baa64d8f18af064e835e1534e082daeb,0.4251497005988024,False,0.0
8,26,"less_than_or_equal(pdiv(x[3],x[3]),pdiv(pdiv(x[5],x[5]),add(x[7],mul(x[7],sub(x[3],mul(x[2],sub(sub(x[7],sub(x[7],x[2])),add(sub(pdiv(x[5],add(pdiv(x[3],pdiv(x[7],add(x[5],add(sub(pdiv(x[3],x[7]),x[7]),mul(x[2],x[7]))))),x[7])),x[5]),x[5]))))))))",False,,,b438884c6091dc681d1be3a5c91a2d9a,0.281437125748503,False,0.0
8,26,"less_than_or_equal(add(x[7],x[0]),x[2])",True,"less_than_or_equal(add(x[7],x[0]),x[2])",0.5868263473053892,3d21c265981cf66bca30bbf040098be4,0.5868263473053892,False,0.0
8,26,"less_than_or_equal(add(mul(x[2],sub(pdiv(x[7],x[7]),x[5])),x[5]),x[3])",False,,,bde762e013edf94a8f0b10882be02173,0.5389221556886228,False,0.0
8,26,"not_(less_than_or_equal(pdiv(x[5],x[5]),add(mul(x[5],add(x[7],x[2])),add(x[2],x[0]))))",False,,,028f4a01833ef16b17e8779192dc6b26,0.20958083832335328,False,0.0
8,26,"not_(less_than_or_equal(pdiv(x[5],x[5]),x[5]))",True,"not_(less_than_or_equal(pdiv(x[5],x[5]),x[5]))",0.31137724550898205,774eb80249c37c32f486ae194a31e639,0.31137724550898205,False,0.0
8,26,"greater_than_or_equal(sub(pdiv(x[7],x[7]),x[2]), mul(x[7],add(x[5],x[7])))",True,"greater_than_or_equal(sub(pdiv(x[7],x[7]),x[2]), mul(x[7],add(x[7],x[5])))",0.20359281437125754,4a69a1b5595c2db5243789aa8a5216f4,0.20359281437125754,False,0.0
8,26,"greater_than_or_equal(pdiv(x[5],x[7]), add(x[5],mul(x[7],add(x[3],x[7]))))",False,,,89d2f4ef64330d2d8dc4b350fa975e8e,0.23952095808383234,False,0.0
8,26,"greater_than_or_equal(add(sub(76.85,sub(x[7],x[7])),pdiv(x[5],x[2])), mul(mul(x[3],x[7]),pdiv(sub(x[5],add(sub(x[2],x[5]),add(add(x[7],x[0]),x[2]))),x[7])))",True,"less_than_or_equal(x[2],x[2])",0.35928143712574845,bd082d42dcba8056510101f18394b575,0.35928143712574845,False,0.0
8,26,"greater_than_or_equal(pdiv(x[2],x[5]), mul(x[5],add(x[0],add(07.93,add(x[7],x[2])))))",True,"greater_than_or_equal(x[2], add(mul(x[5],add(x[5],x[2])),mul(x[5],add(x[5],x[2]))))",0.6467065868263473,73df14872718f434eb4fafc9aed6b945,0.6646706586826348,True,0.017964071856287456
8,26,"not_(less_than_or_equal(pdiv(x[2],x[5]),add(x[7],x[2])))",True,"not_(less_than_or_equal(pdiv(x[2],x[5]),add(x[2],x[7])))",0.4850299401197605,9082b8c160d0704c30a169b1a742a7bf,0.4850299401197605,False,0.0
8,26,"greater_than_or_equal(pdiv(x[5],x[5]), x[0])",True,"less_than_or_equal(x[2],x[2])",0.35928143712574845,bd082d42dcba8056510101f18394b575,0.35928143712574845,False,0.0
8,26,"greater_than_or_equal(x[5], mul(x[5],x[3]))",True,"less_than_or_equal(x[2],x[2])",0.35928143712574845,bd082d42dcba8056510101f18394b575,0.35928143712574845,False,0.0
8,26,"greater_than_or_equal(pdiv(x[5],x[5]), add(x[2],add(x[2],x[5])))",True,"not_(less_than_or_equal(pdiv(x[5],x[5]),add(x[2],add(x[2],x[5]))))",0.34730538922155685,c7722e98bc65b5a2448421c1eec80ac9,0.34730538922155685,False,0.0
8,26,"greater_than_or_equal(pdiv(x[5],x[2]), mul(x[7],add(add(pdiv(x[5],x[3]),x[7]),add(mul(sub(x[2],x[7]),sub(x[2],x[7])),mul(x[2],add(x[2],x[5]))))))",True,"greater_than_or_equal(pdiv(x[5],x[2]), mul(x[7],add(add(pdiv(x[5],x[3]),x[7]),add(mul(sub(x[2],x[7]),sub(x[2],x[7])),mul(x[2],add(x[2],x[5]))))))",0.2574850299401198,5e2f6364911e0b284e8b67005970e546,0.2574850299401198,False,0.0
8,26,"greater_than_or_equal(pdiv(x[5],pdiv(pdiv(add(x[5],x[2]),pdiv(mul(x[2],x[5]),add(add(x[7],x[5]),sub(sub(add(x[2],x[7]),x[2]),add(x[2],x[3]))))),add(pdiv(x[3],pdiv(x[7],add(x[2],x[7]))),pdiv(x[3],x[7])))), x[3])",False,,,90a6d17a2661abf1200be3e6c26618a0,0.5329341317365269,False,0.0
8,26,"greater_than_or_equal(x[7], mul(x[7],93.59))",True,not_(x[6]),0.6347305389221557,b4068ba57b63c959651c969331c4b5cd,0.6407185628742516,True,0.005988023952095856
8,26,"greater_than_or_equal(sub(pdiv(x[5],add(x[2],x[7])),x[5]), x[5])",True,"greater_than_or_equal(x[7], mul(x[7],add(add(add(x[2],x[2]),mul(x[5],mul(x[7],add(x[2],x[5])))),mul(x[7],add(x[3],mul(mul(pdiv(add(x[2],add(x[2],x[2])),x[5]),add(add(sub(x[7],sub(x[7],x[5])),add(x[2],x[7])),x[3])),x[7]))))))",0.29940119760479045,ad0318f9b37cf2e4fe247dde50c1551d,0.33532934131736525,True,0.0359281437125748
8,26,"greater_than_or_equal(x[5], mul(x[5],x[2]))",True,"not_(greater_than_or_equal(mul(x[7],x[2]), x[7]))",0.34730538922155685,f69cf4961d82af0c72c0014d2a401904,0.34730538922155685,False,0.0
8,26,"greater_than_or_equal(x[3], mul(x[7],add(x[7],sub(add(x[2],sub(pdiv(add(x[7],x[2]),x[0]),00.69)),x[5]))))",False,,,731e899efe88a03aeb1b4d4ee6557195,0.26347305389221554,False,0.0
8,26,"greater_than_or_equal(pdiv(x[5],add(x[2],x[7])), x[3])",True,"not_(less_than_or_equal(pdiv(x[5],x[3]),add(x[2],x[7])))",0.3293413173652695,63f56071f750897f33f7d388cfcbcfbd,0.3293413173652695,False,0.0
8,26,"greater_than_or_equal(sub(pdiv(x[5],x[5]),x[2]), x[7])",True,"less_than_or_equal(add(mul(x[7],pdiv(x[5],x[5])),x[2]),add(sub(x[7],x[7]),pdiv(69.44,sub(x[3],x[3]))))",0.19161676646706582,14c6e007ad625f3839f568e9ee8a86e1,0.19161676646706582,False,0.0
8,26,"greater_than_or_equal(x[5], mul(x[5],mul(x[7],add(mul(add(x[7],x[2]),x[7]),x[7]))))",False,,,eabd27413e4e8d46553f29ffd0755b4b,0.22754491017964074,False,0.0
8,26,"less_than_or_equal(pdiv(x[5],add(x[7],add(x[5],x[5]))),x[2])",False,,,61f144dea0285d8007d6bb3673c616a9,0.7305389221556886,False,0.0
8,26,"greater_than_or_equal(sub(pdiv(x[7],x[7]),x[7]), mul(x[7],x[7]))",True,"greater_than_or_equal(pdiv(x[5],x[5]), add(x[7],mul(x[7],x[7])))",0.22155688622754488,6ebc9093742e2fb247866417bd7ae5cb,0.22155688622754488,False,0.0
8,26,"not_(greater_than_or_equal(x[7], x[2]))",True,"less_than_or_equal(add(x[5],x[7]),add(x[5],x[2]))",0.5269461077844311,544b4f45aa71542bcadfaa9d165fdbeb,0.5269461077844311,False,0.0
8,26,"greater_than_or_equal(pdiv(x[5],add(x[2],x[5])), mul(x[5],mul(x[5],x[2])))",True,"not_(less_than_or_equal(pdiv(pdiv(pdiv(x[2],x[2]),x[5]),add(x[2],x[2])),mul(x[5],x[5])))",0.33532934131736525,12d175981c4ec5803629683651b72e04,0.3293413173652695,True,-0.0059880239520957446
8,26,"greater_than_or_equal(sub(pdiv(x[7],x[7]),x[7]), mul(x[2],add(add(pdiv(x[5],x[5]),sub(add(x[2],add(x[2],x[5])),x[7])),x[2])))",False,,,f01e35ecb902b1466a4d72b68c4001e2,0.2455089820359282,False,0.0
8,26,"greater_than_or_equal(x[5], mul(x[7],add(mul(sub(add(add(pdiv(x[5],x[3]),x[7]),add(mul(sub(x[2],x[7]),sub(x[2],x[5])),mul(x[5],mul(x[7],add(x[3],mul(x[5],add(x[2],pdiv(x[2],x[2])))))))),x[5]),add(add(sub(x[7],sub(x[7],x[5])),add(x[2],x[0])),x[3])),x[7])))",False,,,5b3fad5cc5de0e6f29a5adf6afb34537,0.37125748502994016,False,0.0
8,26,"not_(less_than_or_equal(pdiv(x[5],x[5]),add(mul(x[5],mul(add(mul(add(x[5],x[7]),sub(add(pdiv(mul(x[5],x[5]),add(x[7],x[2])),mul(x[5],mul(x[7],add(x[2],x[2])))),pdiv(mul(x[2],x[5]),add(add(x[7],x[5]),sub(sub(add(x[2],x[7]),x[2]),add(x[2],x[3])))))),add(pdiv(x[3],pdiv(x[7],add(x[2],x[7]))),pdiv(x[3],x[7]))),x[3])),x[5])))",False,,,53894f45c110dc4f6b57ebb86ee2fcf8,0.5508982035928144,False,0.0
8,26,"less_than_or_equal(mul(x[5],add(x[3],add(sub(x[3],x[7]),x[5]))),add(sub(x[7],x[3]),x[3]))",False,,,db5ce94fc9527a03cc1bc4675f76536c,0.6826347305389222,False,0.0
8,26,"greater_than_or_equal(x[7], mul(x[7],add(x[2],pdiv(mul(x[5],x[5]),mul(add(x[7],x[5]),sub(sub(add(x[2],x[7]),x[2]),add(x[2],x[3])))))))",False,,,921117a5a108f1fc51d3c67b1b89059f,0.37125748502994016,False,0.0
8,26,"greater_than_or_equal(x[2], x[7])",True,"less_than_or_equal(add(x[5],x[7]),add(x[5],x[2]))",0.5269461077844311,544b4f45aa71542bcadfaa9d165fdbeb,0.5269461077844311,False,0.0
8,26,"greater_than_or_equal(mul(x[5],x[2]), mul(x[7],add(add(pdiv(x[5],x[3]),x[5]),x[5])))",True,"less_than_or_equal(mul(add(x[7],x[7]),add(x[2],x[5])),mul(mul(x[0],x[3]),pdiv(x[5],x[0])))",0.5868263473053892,2e45f64d3c9096f82f9d0fe11712692d,0.6167664670658682,True,0.029940119760479056
8,26,"less_than_or_equal(pdiv(pdiv(x[5],pdiv(pdiv(add(mul(x[5],sub(x[2],add(x[2],x[7]))),mul(sub(x[2],x[7]),sub(x[2],x[0]))),mul(x[2],add(x[2],x[5]))),x[7])),x[2]),x[3])",False,,,13533c59574b54370d3e581f1792f74e,0.40718562874251496,False,0.0
8,26,"greater_than_or_equal(x[2], pdiv(x[3],x[3]))",True,"greater_than_or_equal(x[2], pdiv(x[5],x[5]))",0.652694610778443,38d04e9716d0d4822bf3dbdceea9aa84,0.652694610778443,False,0.0
8,26,"greater_than_or_equal(mul(x[7],add(sub(x[5],sub(x[7],x[0])),add(x[2],mul(x[0],add(x[2],sub(pdiv(x[7],mul(x[5],15.91)),mul(pdiv(x[7],x[7]),mul(x[2],add(04.43,x[5]))))))))), x[5])",False,,,12ecf27108bfea864f2c4090ef1721a1,0.6646706586826348,False,0.0
8,26,"greater_than_or_equal(pdiv(x[3],mul(mul(x[7],x[2]),sub(x[2],add(add(x[5],x[3]),mul(add(x[5],x[7]),x[2]))))), sub(mul(x[2],x[3]),add(x[2],x[7])))",False,,,76dfa5f023f86036aac85552f18954ca,0.6946107784431137,False,0.0
8,26,"greater_than_or_equal(x[5], mul(x[7],add(mul(x[2],x[7]),x[5])))",True,"greater_than_or_equal(sub(pdiv(x[5],x[7]),mul(x[7],x[2])), x[5])",0.23952095808383234,afa8642512968d1b4535f7b1d2fb82d9,0.23952095808383234,False,0.0
8,26,"greater_than_or_equal(pdiv(x[5],add(mul(x[5],x[0]),x[2])), x[0])",True,"not_(greater_than_or_equal(mul(x[0],add(x[2],x[5])), x[5]))",0.38323353293413176,75c08f44184bdbdab817c218fb1872c6,0.37125748502994016,True,-0.0119760479041916
8,26,"greater_than_or_equal(pdiv(x[5],add(x[2],x[7])), mul(56.90,x[5]))",True,not_(x[6]),0.6347305389221557,b4068ba57b63c959651c969331c4b5cd,0.6347305389221557,False,0.0
8,26,"greater_than_or_equal(pdiv(x[3],add(x[3],x[5])), x[7])",False,,,75291f8d3ee3585e03666d05c7692883,0.32335329341317365,False,0.0
8,26,"greater_than_or_equal(x[5], sub(mul(x[2],x[7]),sub(pdiv(x[5],x[7]),pdiv(x[2],add(x[2],x[2])))))",True,"greater_than_or_equal(x[5], mul(x[7],sub(mul(sub(pdiv(x[5],mul(x[5],mul(x[5],add(x[2],add(x[5],x[2]))))),add(sub(x[7],sub(x[3],mul(x[5],x[7]))),add(x[2],x[7]))),x[2]),add(x[2],x[3]))))",0.3173652694610778,3bcc10adb344282518601b7a1b5d9995,0.32335329341317365,True,0.005988023952095856
8,26,"not_(less_than_or_equal(pdiv(x[5],x[5]),add(mul(x[5],add(x[0],x[7])),add(x[7],x[2]))))",False,,,f71fdafd64fdbb70b614f16b49d749c8,0.23952095808383234,False,0.0
8,26,"greater_than_or_equal(add(mul(x[2],sub(pdiv(x[7],x[7]),x[2])),x[3]), add(add(x[5],x[2]),x[3]))",True,not_(x[6]),0.6347305389221557,b4068ba57b63c959651c969331c4b5cd,0.6407185628742516,True,0.005988023952095856
8,26,"greater_than_or_equal(x[5], mul(x[7],add(mul(sub(pdiv(add(pdiv(x[5],x[3]),x[7]),add(mul(sub(x[2],x[7]),sub(x[2],x[7])),mul(x[2],add(x[2],x[5])))),x[7]),x[2]),02.40)))",True,"not_(greater_than_or_equal(mul(x[7],add(pdiv(mul(x[2],add(mul(x[7],x[7]),pdiv(x[2],x[3]))),x[7]),add(x[7],pdiv(x[3],x[5])))), x[2]))",0.5808383233532934,9f9d7a5637bba3881b6d78d3c095fe18,0.5449101796407185,True,-0.03592814371257491
8,26,"greater_than_or_equal(pdiv(x[5],x[7]), add(x[5],mul(x[5],add(x[2],x[5]))))",True,"greater_than_or_equal(x[5], mul(x[7],add(mul(x[5],add(x[5],x[2])),x[5])))",0.22155688622754488,e61648116a6f6ca12bb00c96f3f5bd1f,0.22155688622754488,False,0.0
8,26,"greater_than_or_equal(x[5], mul(x[7],x[2]))",True,"less_than_or_equal(sub(mul(x[2],x[7]),mul(x[0],x[7])),x[5])",0.34730538922155685,67e5c7a497be3e968ea5c2bd6433af6d,0.33532934131736525,True,-0.0119760479041916
8,26,"greater_than_or_equal(pdiv(x[5],x[5]), add(mul(x[0],add(x[2],x[7])),mul(x[2],x[5])))",True,"not_(less_than_or_equal(pdiv(x[5],x[5]),add(x[0],x[2])))",0.34730538922155685,c426607f0a92b79fd094d06b3453a190,0.3413173652694611,True,-0.0059880239520957446
8,26,"greater_than_or_equal(x[5], x[2])",True,"not_(not_(less_than_or_equal(x[2],x[5])))",0.34730538922155685,4af53f79d9ad2ffac455113b88a02dd4,0.34730538922155685,False,0.0
8,26,"greater_than_or_equal(pdiv(x[5],add(x[2],add(add(x[5],x[5]),add(add(x[2],x[5]),x[5])))), x[5])",False,,,d627d9037dc249845838b9fa95ddf9e2,0.6467065868263473,False,0.0
8,26,"greater_than_or_equal(pdiv(x[5],x[7]), x[5])",True,"less_than_or_equal(x[2],x[2])",0.35928143712574845,bd082d42dcba8056510101f18394b575,0.35928143712574845,False,0.0
8,26,"greater_than_or_equal(x[5], x[5])",True,"less_than_or_equal(x[2],x[2])",0.35928143712574845,bd082d42dcba8056510101f18394b575,0.35928143712574845,False,0.0
8,26,"greater_than_or_equal(pdiv(x[3],mul(mul(x[7],x[2]),add(x[5],x[7]))), x[7])",False,,,5adb782af36c2453323ff295e2af6d7a,0.2934131736526946,False,0.0
8,26,"greater_than_or_equal(sub(pdiv(x[7],x[2]),add(mul(add(x[5],x[2]),x[7]),add(sub(64.01,x[5]),x[7]))), mul(mul(mul(x[7],sub(add(pdiv(add(x[2],mul(x[2],x[5])),add(add(x[7],x[5]),sub(pdiv(add(x[2],x[2]),x[2]),add(x[2],x[3])))),add(pdiv(x[3],pdiv(x[7],add(x[2],x[7]))),pdiv(x[3],x[7]))),x[3])),x[5]),x[5]))",True,not_(x[6]),0.6347305389221557,b4068ba57b63c959651c969331c4b5cd,0.6407185628742516,True,0.005988023952095856
8,26,"greater_than_or_equal(sub(pdiv(x[7],x[2]),add(x[5],x[0])), x[7])",False,,,603b27c7ed14a04fb7a9fc1131b0bf3e,0.3892215568862275,False,0.0
8,26,"greater_than_or_equal(sub(pdiv(x[7],x[7]),mul(x[2],mul(add(mul(x[7],add(x[7],mul(x[5],x[5]))),x[7]),x[2]))), x[3])",False,,,06e32c788819f441813020b104210973,0.2694610778443114,False,0.0
8,26,"greater_than_or_equal(39.90, add(pdiv(add(mul(sub(add(add(x[0],x[7]),add(x[0],x[2])),x[0]),x[2]),mul(x[7],add(x[7],x[2]))),x[3]),x[5]))",True,"not_(less_than_or_equal(pdiv(x[3],x[5]),add(pdiv(x[2],30.95),mul(x[0],x[3]))))",0.34730538922155685,4ac8a53c24397a99907b64c745d162c5,0.3413173652694611,True,-0.0059880239520957446
8,26,"greater_than_or_equal(x[5], mul(x[5],add(x[2],45.24)))",True,not_(x[6]),0.6347305389221557,b4068ba57b63c959651c969331c4b5cd,0.6347305389221557,False,0.0
8,26,"greater_than_or_equal(x[5], mul(x[7],add(mul(sub(add(add(pdiv(x[5],x[3]),x[7]),add(mul(sub(x[2],x[7]),sub(x[2],x[7])),mul(pdiv(mul(x[5],sub(sub(add(x[2],x[0]),x[2]),add(x[2],x[3]))),add(pdiv(x[3],pdiv(x[7],add(x[2],x[7]))),pdiv(x[3],x[7]))),x[3]))),x[5]),x[5]),add(x[2],x[5]))))",False,,,5571de9d0a2c8c0783132789a529f81d,0.31137724550898205,False,0.0
8,26,"less_than_or_equal(sub(pdiv(x[5],x[2]),mul(x[5],mul(x[7],add(mul(x[7],add(65.99,x[5])),x[7])))),x[0])",False,,,4dee3ee5748235884799b4128a5a6089,0.6407185628742516,False,0.0
8,26,"greater_than_or_equal(x[5], mul(pdiv(x[7],mul(mul(pdiv(x[5],add(x[2],mul(x[7],add(x[5],x[7])))),add(add(x[0],x[7]),x[2])),x[5])),x[5]))",False,,,e77964b97fa86296dc60b481a129b7f5,0.4011976047904192,False,0.0
8,26,"greater_than_or_equal(x[5], add(pdiv(x[5],x[7]),add(x[5],x[2])))",True,not_(x[6]),0.6347305389221557,b4068ba57b63c959651c969331c4b5cd,0.6407185628742516,True,0.005988023952095856
8,26,"greater_than_or_equal(sub(x[5],mul(x[2],sub(pdiv(x[7],x[7]),x[2]))), x[5])",True,"greater_than_or_equal(pdiv(x[7],x[2]), pdiv(pdiv(x[7],x[2]),x[2]))",0.6287425149700598,28532aa148740084055dd7d0db3ba2fe,0.6287425149700598,False,0.0
8,26,"greater_than_or_equal(x[5], mul(x[7],add(add(add(x[5],x[2]),add(x[5],x[0])),pdiv(x[7],mul(x[5],x[0])))))",True,"greater_than_or_equal(x[5], mul(x[7],add(x[5],add(pdiv(x[3],x[3]),add(x[7],x[5])))))",0.4610778443113772,e97708e5954a1048f0312418f577bc20,0.47904191616766467,True,0.017964071856287456
8,26,"less_than_or_equal(add(sub(x[5],mul(x[2],mul(x[5],mul(x[7],add(mul(x[7],sub(x[7],mul(x[5],x[7]))),add(x[2],x[7])))))),x[2]),add(x[2],x[3]))",False,,,fc31a427b047594057a60a96143dc380,0.5568862275449102,False,0.0
8,26,"greater_than_or_equal(x[5], x[5])",True,"less_than_or_equal(x[2],x[2])",0.35928143712574845,bd082d42dcba8056510101f18394b575,0.35928143712574845,False,0.0
8,26,"greater_than_or_equal(sub(add(x[2],x[5]),x[5]), add(x[5],x[2]))",True,not_(x[6]),0.6347305389221557,b4068ba57b63c959651c969331c4b5cd,0.6347305389221557,False,0.0
8,26,"greater_than_or_equal(x[5], x[2])",True,"not_(not_(less_than_or_equal(x[2],x[5])))",0.34730538922155685,4af53f79d9ad2ffac455113b88a02dd4,0.34730538922155685,False,0.0
8,26,"greater_than_or_equal(x[5], mul(mul(x[7],mul(x[7],add(x[7],x[2]))),x[5]))",False,,,0fef1e774eb26d9461906787685a8ae0,0.3652694610778443,False,0.0
8,26,"greater_than_or_equal(sub(pdiv(x[7],x[3]),pdiv(add(pdiv(mul(x[5],20.39),mul(sub(add(add(x[0],x[7]),add(x[0],x[2])),x[0]),x[2])),mul(x[7],add(x[7],x[2]))),x[3])), x[5])",True,not_(x[6]),0.6347305389221557,b4068ba57b63c959651c969331c4b5cd,0.6347305389221557,False,0.0
8,26,"greater_than_or_equal(x[3], mul(x[7],pdiv(x[7],x[7])))",True,"greater_than_or_equal(x[3], x[7])",0.33532934131736525,176c0c35833bc4ae980b10cd773d9ebc,0.33532934131736525,False,0.0
8,26,"greater_than_or_equal(pdiv(x[5],x[2]), mul(x[7],add(add(sub(x[2],sub(pdiv(x[2],x[5]),mul(x[7],add(x[7],x[5])))),x[5]),x[2])))",False,,,671cd3f7d91a6a8fbb694a9779d3b44c,0.29940119760479045,False,0.0
8,26,"greater_than_or_equal(pdiv(x[3],mul(mul(pdiv(add(x[7],x[5]),add(sub(x[2],x[5]),add(add(x[7],x[0]),x[3]))),x[7]),x[2])), x[3])",False,,,a8c7809df7e3757a01424146290f357f,0.3892215568862275,False,0.0
8,26,"greater_than_or_equal(x[5], mul(x[5],mul(x[7],add(mul(pdiv(x[2],add(x[2],add(x[5],x[2]))),x[7]),sub(sub(x[5],sub(x[0],x[3])),mul(x[7],add(mul(x[5],sub(sub(sub(sub(x[2],x[2]),sub(sub(add(x[2],x[5]),x[2]),add(x[2],x[3]))),add(pdiv(x[5],pdiv(x[7],add(x[2],x[7]))),pdiv(x[3],x[7]))),x[3])),x[5])))))))",False,,,5899143d6b47a4508c1a46362146ac53,0.27544910179640714,False,0.0
8,26,"greater_than_or_equal(pdiv(pdiv(pdiv(x[2],mul(x[7],add(add(pdiv(x[7],x[3]),x[3]),add(mul(sub(add(pdiv(x[7],x[5]),x[7]),sub(x[2],sub(pdiv(x[2],x[5]),mul(x[7],x[2])))),x[5]),x[7])))),add(x[5],mul(sub(add(add(x[0],x[7]),add(x[0],x[2])),x[0]),x[3]))),sub(add(add(x[0],x[7]),x[2]),x[5])), x[5])",False,,,978658f73e7362e1b0b189df77d7f374,0.5089820359281437,False,0.0
8,26,"greater_than_or_equal(x[5], mul(x[7],add(mul(sub(x[3],x[7]),mul(x[7],sub(x[5],mul(add(sub(x[7],pdiv(x[7],x[5])),x[5]),add(x[2],x[7]))))),x[2])))",False,,,985cdd0dd9b425be9119987cab02376a,0.3413173652694611,False,0.0
8,26,"not_(less_than_or_equal(pdiv(x[5],x[3]),x[5]))",True,"not_(less_than_or_equal(pdiv(x[5],x[5]),x[3]))",0.3413173652694611,05e1f3d74f96ed02168c5462d1f8f406,0.34730538922155685,True,0.0059880239520957446
8,26,"greater_than_or_equal(pdiv(pdiv(add(x[5],add(x[7],mul(x[3],x[7]))),x[7]),add(mul(x[3],x[7]),x[7])), add(x[7],x[2]))",False,,,712ee7cde63c582dc60f1d143d7bda8d,0.34730538922155685,False,0.0
8,26,"greater_than_or_equal(x[3], mul(x[2],sub(pdiv(x[3],x[2]),x[7])))",True,"less_than_or_equal(x[2],x[2])",0.35928143712574845,bd082d42dcba8056510101f18394b575,0.35928143712574845,False,0.0
8,26,"greater_than_or_equal(sub(pdiv(add(mul(x[7],add(x[3],x[7])),x[5]),x[5]),x[3]), x[7])",True,"less_than_or_equal(x[2],x[2])",0.35928143712574845,bd082d42dcba8056510101f18394b575,0.35928143712574845,False,0.0
8,26,"greater_than_or_equal(sub(pdiv(x[7],x[7]),x[0]), mul(x[7],add(mul(x[0],x[5]),x[3])))",False,,,6760fe58592cf8a7e40295d414c8fd5c,0.3413173652694611,False,0.0
8,26,"greater_than_or_equal(sub(82.54,mul(93.93,add(add(x[7],x[5]),sub(pdiv(mul(x[2],x[7]),x[2]),add(x[2],x[3]))))), add(pdiv(x[3],pdiv(x[7],add(x[2],x[7]))),pdiv(x[3],x[7])))",False,,,ff9b82a168605afa832db1e8afd4d0c1,0.33532934131736525,False,0.0
8,26,"greater_than_or_equal(sub(pdiv(x[7],x[7]),x[7]), mul(x[7],x[3]))",True,"greater_than_or_equal(sub(pdiv(x[5],x[7]),mul(add(mul(pdiv(add(x[5],sub(x[2],add(x[5],x[2]))),x[5]),mul(x[7],add(x[7],x[2]))),x[3]),x[5])), x[5])",0.2694610778443114,9022f1cd2d01e29089d46d7d7fad78c5,0.2694610778443114,False,0.0
8,26,"greater_than_or_equal(sub(pdiv(x[7],x[7]),x[7]), mul(x[7],add(x[7],x[2])))",True,"not_(less_than_or_equal(pdiv(x[5],x[7]),add(x[5],mul(x[5],add(add(x[7],x[0]),x[2])))))",0.23353293413173648,40d19945513b721f8a7891f4912df659,0.20958083832335328,True,-0.0239520958083832
8,26,"greater_than_or_equal(x[7], add(add(x[2],x[5]),x[5]))",False,,,5a6926f70b5957b14672a2edf62e70f8,0.6467065868263473,False,0.0
8,26,"greater_than_or_equal(99.59, add(x[2],x[3]))",True,"less_than_or_equal(x[2],x[2])",0.35928143712574845,bd082d42dcba8056510101f18394b575,0.35928143712574845,False,0.0
8,26,"greater_than_or_equal(pdiv(x[5],x[5]), add(x[7],mul(x[7],sub(x[3],mul(x[2],sub(sub(x[7],sub(x[7],x[2])),add(sub(pdiv(x[5],add(pdiv(x[3],pdiv(x[7],add(x[2],x[7]))),pdiv(x[3],add(pdiv(x[7],mul(x[5],x[7])),x[7])))),x[5]),x[5])))))))",False,,,c793471f48882e159e439af8121e0bba,0.2455089820359282,False,0.0
8,26,"greater_than_or_equal(pdiv(x[5],x[2]), mul(x[7],add(add(pdiv(x[5],x[3]),x[7]),x[5])))",False,,,32e8aec7a4bcd0e51726cae6e35465f8,0.26347305389221554,False,0.0
8,26,"greater_than_or_equal(x[5], mul(x[5],add(mul(mul(x[5],x[7]),x[2]),x[3])))",False,,,e859d17b0457089660abb8517c93b5dd,0.3413173652694611,False,0.0
8,26,"greater_than_or_equal(x[3], mul(x[7],add(add(add(x[2],x[2]),add(x[5],sub(x[5],x[5]))),add(add(x[7],x[0]),x[2]))))",False,,,5b86c5c9cdc0391ccfe30bc1e3614c5c,0.35928143712574845,False,0.0
8,26,"greater_than_or_equal(x[3], mul(x[7],x[2]))",True,"greater_than_or_equal(x[5], mul(x[7],mul(add(sub(x[7],x[7]),x[2]),add(sub(x[7],x[7]),pdiv(x[5],x[3])))))",0.2934131736526946,c999647c3f8349901a4892cae2cb97f9,0.29940119760479045,True,0.005988023952095856
8,26,"greater_than_or_equal(x[2], x[7])",True,"less_than_or_equal(add(x[5],x[7]),add(x[5],x[2]))",0.5269461077844311,544b4f45aa71542bcadfaa9d165fdbeb,0.5269461077844311,False,0.0
8,26,"greater_than_or_equal(add(mul(x[2],sub(pdiv(x[7],x[7]),x[2])),x[5]), add(mul(x[5],x[2]),54.97))",True,not_(x[6]),0.6347305389221557,b4068ba57b63c959651c969331c4b5cd,0.6407185628742516,True,0.005988023952095856
8,26,"greater_than_or_equal(sub(sub(x[5],x[7]),x[5]), x[2])",True,not_(x[6]),0.6347305389221557,b4068ba57b63c959651c969331c4b5cd,0.6407185628742516,True,0.005988023952095856
8,26,"greater_than_or_equal(sub(pdiv(x[7],x[2]),pdiv(pdiv(mul(x[2],x[2]),sub(add(add(x[5],x[7]),x[2]),add(x[2],x[3]))),add(pdiv(x[3],pdiv(x[7],add(x[7],x[7]))),pdiv(x[3],x[2])))), pdiv(x[0],x[2]))",False,,,3f2bd76522631dd8f909701090f05bda,0.40718562874251496,False,0.0
8,26,"greater_than_or_equal(x[3], mul(x[5],add(x[2],x[7])))",True,"greater_than_or_equal(x[3], mul(x[5],add(x[2],x[7])))",0.3413173652694611,1ec753e92edde6fc9cb714c9f337a146,0.3413173652694611,False,0.0
8,26,"greater_than_or_equal(x[5], mul(mul(x[7],x[3]),mul(x[3],add(x[7],x[7]))))",True,"greater_than_or_equal(x[5], mul(mul(x[7],x[3]),mul(x[3],add(x[7],x[7]))))",0.3173652694610778,62d3534d96f5c6f1600c439f2b1a8b79,0.3173652694610778,False,0.0
8,26,"greater_than_or_equal(x[5], mul(x[5],x[5]))",True,"less_than_or_equal(x[2],x[2])",0.35928143712574845,bd082d42dcba8056510101f18394b575,0.35928143712574845,False,0.0
8,26,"greater_than_or_equal(pdiv(x[7],add(x[5],x[2])), 93.74)",True,not_(x[6]),0.6347305389221557,b4068ba57b63c959651c969331c4b5cd,0.6407185628742516,True,0.005988023952095856
8,26,"greater_than_or_equal(x[5], mul(x[7],add(mul(sub(x[3],x[7]),mul(x[7],sub(x[5],mul(add(sub(x[5],sub(x[5],x[0])),x[2]),x[0])))),add(add(x[2],x[3]),add(x[2],x[5])))))",True,"greater_than_or_equal(x[5], mul(x[7],add(x[7],add(x[3],x[7]))))",0.31137724550898205,92552161c5d20d1b9aa117454bb6ae16,0.3173652694610778,True,0.0059880239520957446
8,26,"greater_than_or_equal(pdiv(x[5],add(sub(add(x[7],mul(sub(x[7],add(x[5],x[7])),x[7])),x[7]),add(x[7],add(mul(x[5],x[5]),mul(sub(add(x[7],x[7]),sub(x[7],add(x[7],x[2]))),x[7]))))), add(mul(x[3],x[5]),pdiv(x[3],x[3])))",True,"not_(less_than_or_equal(pdiv(x[7],pdiv(x[7],add(x[5],x[2]))),add(sub(x[7],sub(x[5],mul(x[5],x[5]))),add(x[5],x[2]))))",0.437125748502994,7121f8314e6f336aa4916d07dff99a28,0.5389221556886228,True,0.10179640718562877
8,26,"greater_than_or_equal(sub(add(x[2],x[7]),x[5]), x[2])",True,"greater_than_or_equal(x[7], x[5])",0.6107784431137724,793f9fa4aca1502cfe0a9ed6ab91b83c,0.6107784431137724,False,0.0
8,26,"less_than_or_equal(pdiv(x[5],x[5]),pdiv(x[5],x[7]))",True,"greater_than_or_equal(x[5], x[7])",0.3892215568862275,ca29d589a2290a0489371628a6b32bf4,0.3892215568862275,False,0.0
8,26,"greater_than_or_equal(add(pdiv(76.85,sub(x[7],x[7])),pdiv(x[5],x[5])), pdiv(mul(x[5],x[7]),pdiv(x[7],x[3])))",True,"less_than_or_equal(x[2],x[2])",0.35928143712574845,bd082d42dcba8056510101f18394b575,0.35928143712574845,False,0.0
8,26,"greater_than_or_equal(sub(add(x[5],x[3]),mul(add(x[5],x[7]),x[2])), x[7])",False,,,7449a44d46ea8bd85ecb69e9b8823737,0.25149700598802394,False,0.0
8,26,"greater_than_or_equal(x[5], mul(x[7],add(mul(add(pdiv(x[5],x[7]),x[5]),x[2]),pdiv(pdiv(pdiv(mul(x[2],x[2]),sub(add(add(x[5],x[7]),x[5]),add(x[3],x[5]))),add(pdiv(x[3],pdiv(x[7],add(x[2],x[7]))),pdiv(x[3],x[2]))),pdiv(x[0],x[2])))))",False,,,181a1db56c98924cc861bd9c4682424d,0.3413173652694611,False,0.0
8,26,"not_(greater_than_or_equal(x[2], x[5]))",True,"not_(not_(less_than_or_equal(x[2],x[5])))",0.34730538922155685,4af53f79d9ad2ffac455113b88a02dd4,0.34730538922155685,False,0.0
8,26,"greater_than_or_equal(x[5], mul(x[7],add(x[0],pdiv(x[5],add(x[2],mul(x[2],add(x[2],x[2])))))))",False,,,8eb22929cfa3ee4f1b85258482884a2f,0.5149700598802396,False,0.0
8,26,"greater_than_or_equal(x[5], mul(x[2],mul(x[7],add(mul(add(x[7],x[5]),add(sub(x[2],x[5]),add(add(x[7],x[0]),mul(pdiv(x[7],x[2]),x[3])))),x[7]))))",False,,,d38bca11211a73e172c53085089d9e43,0.2455089820359282,False,0.0
8,26,"not_(greater_than_or_equal(mul(add(x[5],x[2]),mul(x[2],x[7])), pdiv(x[5],x[2])))",False,,,8e5f9f21a5ac60f580b266b13ca3b63c,0.3173652694610778,False,0.0
8,26,"greater_than_or_equal(pdiv(x[5],add(add(pdiv(x[5],x[3]),x[7]),add(x[2],add(x[3],x[5])))), add(x[2],x[5]))",True,not_(x[6]),0.6347305389221557,b4068ba57b63c959651c969331c4b5cd,0.6407185628742516,True,0.005988023952095856
8,26,"greater_than_or_equal(sub(x[7],add(x[2],x[3])), add(pdiv(x[3],pdiv(x[7],add(x[2],x[3]))),pdiv(x[3],x[7])))",False,,,6f8b057f45ebfd282236369b384845af,0.6407185628742516,False,0.0
8,26,"greater_than_or_equal(x[0], add(x[5],add(add(sub(x[7],74.78),x[0]),mul(sub(52.50,pdiv(x[0],x[0])),x[7]))))",True,"less_than_or_equal(x[2],x[2])",0.35928143712574845,bd082d42dcba8056510101f18394b575,0.35928143712574845,False,0.0
8,26,"greater_than_or_equal(pdiv(x[5],x[7]), add(x[2],add(x[2],x[5])))",True,"greater_than_or_equal(x[5], mul(x[7],add(add(sub(x[2],x[7]),add(x[5],x[7])),x[2])))",0.22155688622754488,884244d505af5ac033875410cbd98fe5,0.22155688622754488,False,0.0
8,26,"greater_than_or_equal(sub(pdiv(x[7],x[7]),x[2]), mul(x[7],x[0]))",True,"not_(less_than_or_equal(pdiv(x[5],x[5]),add(x[2],mul(x[7],x[0]))))",0.3293413173652695,1ab369f1c9c900ba68f0c77139376ac8,0.3293413173652695,False,0.0
8,26,"greater_than_or_equal(x[3], mul(x[5],mul(mul(add(add(add(mul(x[7],add(x[5],x[2])),sub(x[3],x[7])),add(x[3],x[7])),add(add(x[2],x[5]),x[5])),x[5]),x[2])))",False,,,8b5e086cae4d13e9fcd4f29cc04339f2,0.25149700598802394,False,0.0
8,26,"greater_than_or_equal(pdiv(x[5],x[5]), add(mul(x[5],add(x[2],x[7])),x[3]))",False,,,ca36fe090c7c8965621a51aa5657f618,0.34730538922155685,False,0.0
8,26,"greater_than_or_equal(pdiv(x[5],pdiv(add(x[0],x[7]),mul(add(x[5],x[5]),x[5]))), x[7])",False,,,fb0a8fc2abf9cc0a6ea281b4a3cbd231,0.3892215568862275,False,0.0
8,26,"less_than_or_equal(sub(pdiv(x[7],x[7]),mul(x[0],x[7])),add(x[7],x[2]))",False,,,ebc6f906a77695f05a2b760597f37fe7,0.8023952095808383,False,0.0
8,26,"greater_than_or_equal(pdiv(x[5],x[5]), add(x[7],mul(x[5],mul(x[7],add(x[7],x[5])))))",True,"not_(less_than_or_equal(pdiv(x[5],x[7]),add(x[5],mul(x[5],x[5]))))",0.26347305389221554,a9ce28fe5af581c3f664a5416d77d344,0.2455089820359282,True,-0.017964071856287345
8,26,"greater_than_or_equal(pdiv(pdiv(pdiv(add(x[5],sub(x[5],pdiv(27.98,x[2]))),add(x[2],x[2])),x[5]),x[5]), x[5])",True,"greater_than_or_equal(pdiv(mul(x[5],x[2]),pdiv(x[2],x[5])), add(sub(x[7],x[7]),add(x[5],x[0])))",0.6107784431137724,ec48eb4aba9f475884bcf9e8f28adadc,0.6107784431137724,False,0.0
8,26,"greater_than_or_equal(pdiv(x[5],x[5]), x[2])",True,"not_(greater_than_or_equal(mul(x[7],x[2]), x[7]))",0.34730538922155685,f69cf4961d82af0c72c0014d2a401904,0.34730538922155685,False,0.0
8,26,"greater_than_or_equal(pdiv(x[5],x[5]), add(x[7],mul(x[7],x[2])))",True,"greater_than_or_equal(pdiv(x[5],x[5]), add(x[7],mul(x[7],x[2])))",0.23952095808383234,0a59dd1a7af4fa849a2c5d4611cd3eab,0.23952095808383234,False,0.0
8,26,"greater_than_or_equal(x[5], mul(x[7],add(x[5],mul(x[5],add(x[7],mul(x[7],x[2]))))))",True,"greater_than_or_equal(pdiv(x[5],x[5]), add(x[7],mul(x[7],x[7])))",0.22155688622754488,6ebc9093742e2fb247866417bd7ae5cb,0.22155688622754488,False,0.0
8,26,"greater_than_or_equal(pdiv(x[2],sub(x[7],add(x[2],mul(x[7],x[2])))), mul(x[7],add(x[2],x[5])))",False,,,743ea5c59a318f9cb0c196e64064225b,0.5089820359281437,False,0.0
8,26,"not_(greater_than_or_equal(mul(x[7],add(mul(add(add(add(x[2],x[2]),x[5]),x[5]),x[5]),x[2])), add(sub(x[7],x[7]),pdiv(x[5],x[5]))))",True,"greater_than_or_equal(x[5], mul(x[7],mul(add(sub(x[2],x[7]),add(x[5],x[5])),add(sub(x[7],sub(x[3],mul(x[7],x[7]))),add(x[5],x[0])))))",0.23952095808383234,66a409efc23f9a7acc0268e814b047ea,0.2455089820359282,True,0.005988023952095856
8,26,"greater_than_or_equal(pdiv(x[5],x[5]), mul(x[5],add(x[0],add(x[5],x[2]))))",True,"greater_than_or_equal(pdiv(x[5],x[5]), mul(x[5],add(x[0],add(x[5],x[2]))))",0.25149700598802394,51068fb3481feea1ce7ed6d98deea412,0.25149700598802394,False,0.0
8,26,"not_(less_than_or_equal(pdiv(x[5],add(add(x[7],x[0]),x[2])),19.01))",True,not_(x[6]),0.6347305389221557,b4068ba57b63c959651c969331c4b5cd,0.6407185628742516,True,0.005988023952095856
8,26,"not_(less_than_or_equal(pdiv(x[5],x[5]),add(add(x[5],mul(pdiv(x[5],add(sub(pdiv(x[5],mul(x[7],mul(add(x[5],add(pdiv(add(x[7],x[5]),x[2]),sub(mul(x[2],add(x[2],x[5])),x[2]))),sub(pdiv(x[5],x[7]),x[5])))),x[2]),mul(x[5],add(x[7],mul(x[7],sub(x[3],mul(x[5],sub(sub(add(x[5],x[7]),add(x[5],x[7])),x[7])))))))),x[7])),add(x[7],x[5]))))",False,,,30cec3d7b42fd5ce49b7182db292f7b3,0.5748502994011976,False,0.0
8,26,"not_(less_than_or_equal(pdiv(x[5],x[5]),mul(x[2],add(x[2],add(sub(x[7],x[7]),mul(x[5],x[5]))))))",True,"not_(less_than_or_equal(pdiv(x[5],add(x[2],x[2])),mul(x[5],x[5])))",0.32335329341317365,3fddbd4dc60a7c93921f62a065786c93,0.3173652694610778,True,-0.005988023952095856
8,26,"greater_than_or_equal(pdiv(x[5],x[5]), pdiv(x[2],add(x[2],x[2])))",True,"less_than_or_equal(x[2],x[2])",0.35928143712574845,bd082d42dcba8056510101f18394b575,0.35928143712574845,False,0.0
8,26,"greater_than_or_equal(pdiv(x[5],x[5]), add(x[7],mul(x[7],sub(x[3],mul(x[2],sub(sub(x[5],x[5]),x[5]))))))",True,"greater_than_or_equal(x[5], mul(x[5],mul(x[7],add(x[7],add(x[3],x[7])))))",0.21556886227544914,c5fb4458e595bda0403d9e1780013e49,0.22754491017964074,True,0.0119760479041916
8,26,"greater_than_or_equal(pdiv(x[5],x[7]), add(x[2],add(x[5],x[5])))",True,"greater_than_or_equal(x[5], mul(x[7],add(x[5],add(x[2],x[5]))))",0.27544910179640714,b273e6241ac446c8ee6db4bc01755f47,0.27544910179640714,False,0.0
8,26,"greater_than_or_equal(pdiv(x[5],mul(mul(x[5],x[2]),pdiv(pdiv(pdiv(mul(x[2],x[2]),sub(add(add(x[5],90.03),add(x[2],x[7])),x[2])),x[5]),sub(x[0],x[3])))), mul(x[7],add(mul(x[5],sub(sub(sub(sub(x[2],x[2]),x[2]),x[5]),mul(x[7],add(x[7],x[5])))),x[5])))",False,,,b2be7162f9535b90d29e9d0869fe4c7a,0.592814371257485,False,0.0
8,26,"greater_than_or_equal(00.39, mul(sub(pdiv(add(x[0],x[7]),add(x[0],x[2])),x[0]),x[3]))",False,,,23c1ca3c2e28dff51d3db40846860bf1,0.5089820359281437,False,0.0
8,26,"greater_than_or_equal(sub(pdiv(x[7],x[7]),x[2]), mul(add(mul(x[7],add(x[7],x[2])),x[3]),x[5]))",False,,,4063a642d794f086bfbacb504a1a8ee6,0.23952095808383234,False,0.0
8,26,"greater_than_or_equal(sub(pdiv(x[7],x[7]),mul(x[0],x[2])), sub(x[7],x[2]))",True,"less_than_or_equal(x[2],x[2])",0.35928143712574845,bd082d42dcba8056510101f18394b575,0.35928143712574845,False,0.0
8,26,"greater_than_or_equal(add(add(x[5],x[0]),x[2]), x[7])",False,,,88cafbe4c5cdc895d16ec3e9752f4828,0.39520958083832336,False,0.0
8,26,"greater_than_or_equal(x[5], mul(x[5],mul(x[7],add(mul(add(x[7],x[5]),add(sub(x[2],x[5]),x[3])),mul(x[7],add(x[5],mul(x[2],x[2])))))))",False,,,39668c776c51ec3444dff3e0f93a3674,0.3053892215568862,False,0.0
8,26,"not_(less_than_or_equal(pdiv(x[5],x[5]),x[5]))",True,"not_(less_than_or_equal(pdiv(x[5],x[5]),x[5]))",0.31137724550898205,774eb80249c37c32f486ae194a31e639,0.31137724550898205,False,0.0
8,26,"greater_than_or_equal(sub(add(30.98,x[2]),mul(x[2],x[2])), x[5])",True,"less_than_or_equal(x[2],x[2])",0.35928143712574845,bd082d42dcba8056510101f18394b575,0.35928143712574845,False,0.0
8,26,"greater_than_or_equal(sub(pdiv(pdiv(x[5],x[7]),x[2]),mul(x[5],x[5])), add(x[5],x[2]))",False,,,2bab7471ce90b00c4d33ab351e6461ef,0.27544910179640714,False,0.0
8,26,"greater_than_or_equal(x[3], mul(x[7],add(x[2],x[2])))",True,"less_than_or_equal(add(add(x[7],x[2]),sub(x[2],x[3])),pdiv(pdiv(x[5],pdiv(mul(x[2],x[7]),x[3])),add(x[5],x[5])))",0.2694610778443114,e7cf74e44bf25b964cae25767db97f6a,0.27544910179640714,True,0.0059880239520957446
8,26,"greater_than_or_equal(x[3], add(add(x[7],x[0]),x[2]))",True,"greater_than_or_equal(x[3], add(x[2],add(x[7],x[0])))",0.45508982035928147,73f096ea5341bf206229b134b5bfea62,0.45508982035928147,False,0.0
8,26,"greater_than_or_equal(pdiv(x[3],x[3]), mul(x[7],add(x[7],x[7])))",True,"less_than_or_equal(mul(mul(x[7],x[7]),add(x[5],x[5])),x[5])",0.2455089820359282,70c1a978a90304e47c9ea26f5d914234,0.2455089820359282,False,0.0
8,26,"greater_than_or_equal(add(x[5],mul(x[7],add(x[5],x[2]))), x[5])",True,"less_than_or_equal(x[2],x[2])",0.35928143712574845,bd082d42dcba8056510101f18394b575,0.35928143712574845,False,0.0
8,26,"greater_than_or_equal(pdiv(x[5],add(x[5],add(mul(x[7],add(x[5],x[7])),add(add(mul(x[2],add(x[2],x[5])),x[5]),x[5])))), x[7])",True,"not_(less_than_or_equal(pdiv(x[5],04.61),x[7]))",0.5389221556886228,a7cacbe6ce22cd2e14b847dca3a88aa5,0.39520958083832336,True,-0.14371257485029942
8,26,"greater_than_or_equal(x[5], mul(sub(sub(add(x[3],x[7]),add(x[5],x[7])),x[7]),x[7]))",False,,,b338c5e42df9e6172f0d8f5ead028f93,0.3532934131736527,False,0.0
8,26,"greater_than_or_equal(pdiv(x[3],sub(mul(x[7],x[2]),add(x[2],add(x[5],x[2])))), pdiv(pdiv(x[5],mul(x[5],add(x[2],x[5]))),x[5]))",True,not_(x[6]),0.6347305389221557,b4068ba57b63c959651c969331c4b5cd,0.6407185628742516,True,0.005988023952095856
8,26,"greater_than_or_equal(x[0], mul(x[7],add(sub(x[5],sub(x[7],x[2])),add(x[5],x[3]))))",False,,,95caf62d38aa9e8d014655bf6331b0dc,0.5748502994011976,False,0.0
8,26,"greater_than_or_equal(pdiv(x[5],x[5]), add(36.93,x[7]))",True,not_(x[6]),0.6347305389221557,b4068ba57b63c959651c969331c4b5cd,0.6407185628742516,True,0.005988023952095856
8,26,"greater_than_or_equal(mul(x[2],x[5]), x[7])",True,"less_than_or_equal(x[7],mul(x[5],x[2]))",0.5868263473053892,4fc846ba581f337a2d2a5969ea7ba4ee,0.5868263473053892,False,0.0
8,26,"greater_than_or_equal(mul(x[7],add(x[2],x[0])), x[5])",False,,,33f09123adf2e5cb1de182722f09d3a9,0.6766467065868264,False,0.0
8,26,"greater_than_or_equal(pdiv(x[5],x[5]), x[5])",True,"less_than_or_equal(x[2],x[2])",0.35928143712574845,bd082d42dcba8056510101f18394b575,0.35928143712574845,False,0.0
8,26,"greater_than_or_equal(pdiv(x[5],x[7]), x[5])",True,"less_than_or_equal(x[2],x[2])",0.35928143712574845,bd082d42dcba8056510101f18394b575,0.35928143712574845,False,0.0
8,26,"greater_than_or_equal(pdiv(x[5],x[5]), add(x[7],mul(x[7],sub(x[3],mul(x[2],sub(sub(x[7],sub(x[7],01.34)),x[5]))))))",True,"not_(greater_than_or_equal(x[7], pdiv(pdiv(x[5],x[5]),add(x[3],sub(add(sub(pdiv(x[5],x[5]),add(x[2],x[5])),mul(x[5],add(pdiv(x[2],pdiv(x[5],add(x[5],mul(x[0],x[7])))),add(x[7],pdiv(x[3],x[5]))))),x[2])))))",0.32335329341317365,ec51d1d16eb01ad5d2411f70aabf2701,0.33532934131736525,True,0.0119760479041916
8,26,"not_(less_than_or_equal(pdiv(x[5],x[2]),add(pdiv(x[5],add(x[2],pdiv(add(x[7],x[2]),x[5]))),pdiv(x[3],x[7]))))",False,,,b9e65be4627ff3e293d85741a8ea01b6,0.5269461077844311,False,0.0
8,26,"greater_than_or_equal(add(x[2],x[3]), add(pdiv(x[3],pdiv(x[7],add(x[2],x[7]))),pdiv(x[3],x[7])))",False,,,ebed731bc2b10d616df7020585b2b9b5,0.6646706586826348,False,0.0
8,26,"greater_than_or_equal(sub(pdiv(x[5],x[2]),mul(x[5],mul(x[7],add(pdiv(x[7],add(x[7],mul(x[5],x[7]))),add(x[2],x[7]))))), 89.30)",True,not_(x[6]),0.6347305389221557,b4068ba57b63c959651c969331c4b5cd,0.6407185628742516,True,0.005988023952095856
8,26,"not_(less_than_or_equal(pdiv(x[5],x[5]),add(mul(add(pdiv(x[7],mul(x[7],add(x[2],x[5]))),sub(x[2],x[7])),add(x[5],x[7])),x[2])))",False,,,2fb98c6eed62b4b2b233fc4edec9e6d9,0.5988023952095809,False,0.0
8,26,"not_(less_than_or_equal(pdiv(x[5],x[7]),add(x[2],mul(x[7],x[0]))))",False,,,37ac19eb146685eb1ea3bca43b5d0876,0.3293413173652695,False,0.0
8,26,"greater_than_or_equal(sub(pdiv(x[7],pdiv(add(mul(x[7],mul(x[5],x[5])),pdiv(x[7],x[2])),sub(sub(sub(x[2],x[2]),x[2]),sub(x[7],x[7])))),add(x[7],x[5])), x[5])",True,not_(x[6]),0.6347305389221557,b4068ba57b63c959651c969331c4b5cd,0.6407185628742516,True,0.005988023952095856
8,26,"greater_than_or_equal(pdiv(x[5],add(x[2],x[0])), x[7])",True,"greater_than_or_equal(sub(pdiv(x[5],x[7]),x[2]), x[0])",0.32335329341317365,608e3fd5b4f48ec5fb45edbea2ae1556,0.32335329341317365,False,0.0
8,26,"not_(less_than_or_equal(x[3],mul(x[5],add(mul(add(pdiv(add(x[7],x[2]),add(x[2],sub(pdiv(x[5],x[2]),x[7]))),sub(x[2],x[7])),add(x[5],x[2])),sub(pdiv(x[5],add(x[2],x[0])),mul(x[7],add(x[0],x[3])))))))",False,,,5e6c3bc900a186134a43602459780253,0.5988023952095809,False,0.0
8,26,"greater_than_or_equal(sub(x[2],x[3]), add(pdiv(x[3],pdiv(x[7],add(x[7],x[0]))),x[2]))",True,not_(x[6]),0.6347305389221557,b4068ba57b63c959651c969331c4b5cd,0.6347305389221557,False,0.0
8,26,"greater_than_or_equal(x[5], mul(x[7],x[0]))",True,"not_(less_than_or_equal(pdiv(x[5],x[0]),x[0]))",0.35928143712574845,5372ceb8b23ce5e1dd3bf5c2fc3a57aa,0.3413173652694611,True,-0.017964071856287345
8,26,"greater_than_or_equal(pdiv(x[3],mul(mul(x[5],pdiv(x[2],x[5])),x[5])), 47.51)",True,"greater_than_or_equal(mul(x[0],x[3]), pdiv(x[5],x[3]))",0.6586826347305389,398030c733cc84fbe192baf690950e15,0.652694610778443,True,-0.005988023952095856
8,26,"greater_than_or_equal(pdiv(x[5],x[5]), add(x[7],mul(x[7],pdiv(x[2],x[5]))))",True,"greater_than_or_equal(x[5], mul(x[7],add(x[5],x[2])))",0.23353293413173648,49521aab13419e9d4582e656c37790ef,0.22754491017964074,True,-0.0059880239520957446
8,26,"greater_than_or_equal(x[5], x[5])",True,"less_than_or_equal(x[2],x[2])",0.35928143712574845,bd082d42dcba8056510101f18394b575,0.35928143712574845,False,0.0
8,26,"greater_than_or_equal(pdiv(mul(x[7],add(x[5],x[3])),sub(x[2],sub(add(x[2],pdiv(x[7],x[7])),add(x[7],x[5])))), x[5])",True,"less_than_or_equal(pdiv(x[3],x[3]),add(x[7],x[5]))",0.6766467065868264,af4feba43f47b03c318615bfaa859bb7,0.6766467065868264,False,0.0
8,26,"greater_than_or_equal(sub(pdiv(x[5],x[7]),add(x[5],x[5])), mul(x[2],mul(mul(x[5],mul(x[7],add(add(add(x[7],sub(pdiv(add(sub(x[2],sub(pdiv(add(pdiv(x[7],x[0]),x[2]),x[7]),x[2])),x[3]),x[7]),sub(x[5],mul(x[5],x[5])))),add(x[7],x[2])),x[3]))),x[5])))",False,,,77fbf1d94f4fefe5a388f26364facebe,0.2694610778443114,False,0.0
8,26,"greater_than_or_equal(x[5], x[0])",True,"less_than_or_equal(x[0],x[5])",0.37125748502994016,cdcd6f1e6c091ac380f1476046586fe6,0.37125748502994016,False,0.0
8,26,"greater_than_or_equal(sub(pdiv(x[7],x[7]),x[7]), mul(x[5],x[3]))",False,,,5f720dc2c703cc3734ac8bb04cf4609e,0.29940119760479045,False,0.0
8,26,"greater_than_or_equal(sub(pdiv(add(mul(x[7],add(mul(x[0],x[7]),add(x[7],x[2]))),x[5]),pdiv(mul(x[2],pdiv(x[5],x[2])),x[5])),pdiv(x[7],add(x[7],x[2]))), x[7])",False,,,9a11798f3f9d4ad896ce4449656c0f4a,0.6646706586826348,False,0.0
8,26,"greater_than_or_equal(sub(pdiv(x[5],x[7]),add(x[5],x[5])), mul(x[2],sub(x[2],x[2])))",True,"greater_than_or_equal(x[5], mul(x[7],add(x[5],x[5])))",0.2455089820359282,9545aae94dd0fcb8b281ddfedf2da4e6,0.2455089820359282,False,0.0
8,26,"not_(less_than_or_equal(pdiv(x[5],add(mul(x[5],pdiv(x[5],x[5])),mul(x[0],sub(mul(x[7],add(x[7],x[2])),add(mul(x[5],add(x[7],add(x[5],add(pdiv(x[2],x[5]),x[5])))),x[5]))))),x[2]))",False,,,9d2f9150dfa26b1c2d8d5815de1e6c27,0.3413173652694611,False,0.0
8,26,"greater_than_or_equal(add(add(add(x[2],pdiv(x[3],x[5])),x[5]),add(x[2],x[5])), x[5])",True,"less_than_or_equal(x[2],x[2])",0.35928143712574845,bd082d42dcba8056510101f18394b575,0.35928143712574845,False,0.0
8,26,"not_(less_than_or_equal(pdiv(pdiv(mul(x[7],add(mul(x[2],x[7]),add(sub(x[2],x[7]),sub(x[2],x[7])))),mul(x[2],add(x[2],x[5]))),x[7]),mul(add(add(x[7],sub(x[7],add(x[5],x[5]))),x[2]),x[2])))",False,,,091b762fbb76f4a70f91b30ea13c24c6,0.44311377245508987,False,0.0
8,26,"greater_than_or_equal(x[5], mul(add(x[5],sub(x[5],sub(add(x[2],pdiv(pdiv(x[5],x[5]),x[5])),x[2]))),add(sub(x[7],x[7]),pdiv(x[5],x[5]))))",True,"less_than_or_equal(x[2],x[2])",0.35928143712574845,bd082d42dcba8056510101f18394b575,0.35928143712574845,False,0.0
8,26,"greater_than_or_equal(sub(pdiv(x[5],x[5]),x[2]), add(mul(x[5],mul(x[7],x[5])),x[7]))",False,,,bb6b8a00330dff1b6b769b00f9d6375f,0.20958083832335328,False,0.0
8,26,"greater_than_or_equal(add(x[2],x[2]), x[7])",True,"less_than_or_equal(x[7],add(x[2],x[2]))",0.46706586826347307,6a39579802a38e0b69a0ec3c10873b87,0.46706586826347307,False,0.0
8,26,"greater_than_or_equal(pdiv(x[3],mul(mul(x[7],x[2]),x[5])), mul(x[7],mul(x[7],add(x[2],x[3]))))",False,,,fde68612ca66747991446bb3eaf513fa,0.3413173652694611,False,0.0
8,26,"greater_than_or_equal(pdiv(x[5],x[5]), add(x[7],mul(x[7],x[2])))",True,"greater_than_or_equal(pdiv(x[5],x[5]), add(x[7],mul(x[7],x[2])))",0.23952095808383234,0a59dd1a7af4fa849a2c5d4611cd3eab,0.23952095808383234,False,0.0
8,26,"greater_than_or_equal(sub(pdiv(x[5],x[2]),mul(x[5],mul(add(mul(add(mul(x[7],add(x[7],mul(x[5],x[7]))),add(x[2],x[3])),x[7]),x[7]),add(mul(x[3],x[7]),x[7])))), add(x[7],x[2]))",False,,,f485ce9fa7650e551dbe635d162e3107,0.23952095808383234,False,0.0
8,26,"greater_than_or_equal(pdiv(x[3],mul(mul(x[7],x[2]),add(x[2],add(x[5],x[2])))), x[7])",True,"greater_than_or_equal(pdiv(x[3],mul(mul(x[7],x[2]),add(x[2],add(x[5],x[2])))), x[7])",0.27544910179640714,98a443b2ac0cf39390c4867638640c0f,0.27544910179640714,False,0.0
8,26,"greater_than_or_equal(x[5], mul(x[5],sub(sub(x[5],sub(x[0],x[3])),mul(x[7],add(mul(x[5],sub(sub(sub(sub(x[2],x[2]),sub(sub(add(x[2],x[7]),x[2]),add(x[2],x[3]))),add(pdiv(x[5],pdiv(x[7],add(x[2],x[7]))),pdiv(x[3],x[7]))),x[3])),x[5])))))",False,,,a4619033e42a246cb9e3e1c95ab240a8,0.5449101796407185,False,0.0
8,26,"greater_than_or_equal(pdiv(x[3],x[5]), add(x[3],mul(x[7],sub(x[3],mul(x[5],sub(sub(pdiv(sub(mul(x[5],add(x[5],x[2])),add(x[2],x[2])),x[5]),x[5]),x[5]))))))",True,"greater_than_or_equal(pdiv(x[3],x[5]), add(x[3],mul(x[7],sub(x[3],mul(x[5],sub(sub(pdiv(x[3],mul(24.59,pdiv(x[2],x[5]))),pdiv(x[2],x[0])),add(add(x[2],x[3]),add(x[2],x[5]))))))))",0.4610778443113772,4bd680da801813389cc5db5556ddcc5f,0.4011976047904192,True,-0.059880239520958
8,26,"greater_than_or_equal(add(x[5],x[2]), mul(pdiv(add(x[7],x[7]),x[3]),mul(x[7],add(x[7],x[2]))))",False,,,9b3c10e1cfeec8cea7e9ff4a64c053c5,0.27544910179640714,False,0.0
8,26,"greater_than_or_equal(sub(pdiv(x[5],x[7]),x[5]), mul(x[7],add(x[7],add(x[0],x[5]))))",True,"greater_than_or_equal(sub(pdiv(x[5],x[7]),x[5]), mul(x[7],add(x[7],x[5])))",0.2455089820359282,bd60c72475b288ea9487852ed6852c02,0.23952095808383234,True,-0.005988023952095856
8,26,"greater_than_or_equal(x[3], mul(x[7],pdiv(x[2],x[7])))",True,"greater_than_or_equal(x[3], x[2])",0.3652694610778443,0a54951987edb23171217fd387dfe4ac,0.3652694610778443,False,0.0
8,26,"greater_than_or_equal(pdiv(x[3],x[3]), add(x[7],x[2]))",True,"less_than_or_equal(add(mul(x[7],pdiv(x[5],x[5])),x[2]),add(sub(x[7],x[7]),pdiv(69.44,sub(x[3],x[3]))))",0.19161676646706582,14c6e007ad625f3839f568e9ee8a86e1,0.19161676646706582,False,0.0
8,26,"not_(less_than_or_equal(x[3],mul(sub(x[5],sub(x[0],x[3])),mul(x[7],add(mul(x[5],sub(sub(sub(sub(x[2],x[2]),x[0]),sub(pdiv(mul(sub(pdiv(x[3],x[7]),add(x[0],x[7])),x[5]),add(x[0],add(x[5],x[2]))),add(sub(x[7],sub(x[3],mul(x[5],x[7]))),add(x[2],x[5])))),x[5])),add(x[2],add(mul(x[7],sub(x[3],mul(add(mul(x[7],add(x[2],x[2])),x[2]),add(x[2],x[3])))),add(pdiv(x[3],pdiv(x[7],add(x[2],x[7]))),pdiv(x[3],x[7])))))))))",False,,,60a4eed49e0336875579b1e6bc991079,0.4610778443113772,False,0.0
8,26,"greater_than_or_equal(pdiv(pdiv(x[5],x[2]),pdiv(add(x[2],x[5]),00.39)), mul(sub(add(add(x[0],x[7]),add(x[0],x[0])),x[0]),mul(add(mul(x[7],add(x[7],x[2])),x[3]),x[5])))",False,,,bbfa1d86b8ca58ee4f02d578899f4d3a,0.2455089820359282,False,0.0
8,26,"greater_than_or_equal(x[5], mul(49.49,mul(add(mul(x[7],add(x[7],mul(x[5],x[5]))),x[7]),x[2])))",True,"not_(less_than_or_equal(pdiv(x[5],x[7]),mul(add(x[2],x[2]),89.74)))",0.6047904191616766,b43cb00a20044ea1c11cc702bd218446,0.592814371257485,True,-0.0119760479041916
8,26,"greater_than_or_equal(x[3], x[7])",True,"greater_than_or_equal(x[3], x[7])",0.33532934131736525,176c0c35833bc4ae980b10cd773d9ebc,0.33532934131736525,False,0.0
8,26,"less_than_or_equal(x[5],mul(x[7],add(pdiv(mul(x[5],x[5]),mul(x[7],add(sub(add(x[2],x[5]),x[2]),x[5]))),x[5])))",True,"less_than_or_equal(x[5],mul(x[7],add(x[5],x[5])))",0.7485029940119761,77a959e5b70589687d783f7113d9af76,0.7485029940119761,False,0.0
8,26,"greater_than_or_equal(sub(pdiv(x[5],x[7]),add(x[5],x[5])), mul(x[2],sub(x[0],sub(mul(x[7],add(x[5],x[2])),add(mul(x[5],add(x[7],x[2])),add(x[2],pdiv(pdiv(x[5],x[5]),x[5])))))))",True,"greater_than_or_equal(sub(pdiv(x[5],x[7]),add(x[5],pdiv(add(mul(pdiv(x[2],x[5]),add(x[2],x[5])),x[7]),pdiv(x[5],x[5])))), x[5])",0.3652694610778443,277e57b48c2ba30f5693c21858757cda,0.3413173652694611,True,-0.0239520958083832
8,26,"greater_than_or_equal(x[5], mul(sub(mul(add(mul(sub(add(add(pdiv(92.44,add(mul(sub(x[2],x[7]),sub(x[0],x[7])),mul(x[2],add(x[2],x[5])))),x[3]),x[2]),x[3]),x[5]),x[5]),add(x[2],x[5])),x[5]),add(x[5],x[2])))",True,not_(x[6]),0.6347305389221557,b4068ba57b63c959651c969331c4b5cd,0.6347305389221557,False,0.0
8,26,"greater_than_or_equal(mul(x[7],add(x[5],mul(x[5],add(x[0],mul(x[5],x[2]))))), add(sub(x[7],sub(x[7],pdiv(x[5],add(add(x[2],x[7]),pdiv(x[5],pdiv(add(x[5],x[7]),x[5])))))),x[2]))",False,,,3b02ab2336fb87a02bcb2ddcf1232bd5,0.7005988023952097,False,0.0
8,26,"less_than_or_equal(x[5],mul(x[5],add(x[5],pdiv(x[7],sub(x[5],mul(x[5],add(pdiv(add(x[7],x[2]),x[3]),x[5])))))))",False,,,56f783be01db5af6ef795f633b8f8f0c,0.5748502994011976,False,0.0
8,26,"greater_than_or_equal(x[2], mul(x[7],add(add(x[2],x[7]),x[2])))",False,,,08782027cf1774af2082f9f27b7259d9,0.4011976047904192,False,0.0
8,26,"greater_than_or_equal(pdiv(x[5],x[3]), add(pdiv(x[7],pdiv(x[7],add(x[5],x[7]))),pdiv(x[3],x[2])))",True,"not_(less_than_or_equal(pdiv(x[5],x[3]),add(add(pdiv(x[3],x[2]),pdiv(x[5],x[2])),x[2])))",0.6287425149700598,dd1ed18a8443bcd145db2ea0ad3b261a,0.5748502994011976,True,-0.053892215568862256
8,26,"greater_than_or_equal(mul(x[7],x[2]), pdiv(pdiv(pdiv(mul(99.62,add(x[5],x[7])),add(add(add(x[2],x[7]),pdiv(x[5],mul(x[7],add(x[2],x[5])))),mul(x[2],mul(x[5],mul(x[7],add(mul(x[7],sub(x[7],mul(x[5],x[7]))),add(x[2],x[7]))))))),x[2]),add(x[2],x[3])))",True,not_(x[6]),0.6347305389221557,b4068ba57b63c959651c969331c4b5cd,0.6407185628742516,True,0.005988023952095856
8,26,"greater_than_or_equal(mul(x[5],x[5]), x[2])",True,"greater_than_or_equal(mul(x[5],x[5]), x[2])",0.43113772455089816,27c9a0656cbf90b6dfaeb7687812c890,0.43113772455089816,False,0.0
8,26,"not_(less_than_or_equal(mul(x[5],add(x[2],pdiv(x[2],add(x[2],x[2])))),x[3]))",False,,,0650a5c8451d0bdd49a9317c5adb7f8a,0.5868263473053892,False,0.0
8,26,"greater_than_or_equal(pdiv(x[5],add(x[2],mul(add(x[5],x[2]),x[7]))), sub(x[5],add(mul(x[5],add(x[7],x[5])),add(x[2],mul(x[7],add(x[2],x[5]))))))",True,"less_than_or_equal(x[2],x[2])",0.35928143712574845,bd082d42dcba8056510101f18394b575,0.35928143712574845,False,0.0
8,26,"greater_than_or_equal(pdiv(x[5],x[5]), add(x[7],add(mul(x[7],mul(x[7],add(mul(pdiv(add(x[5],x[2]),x[5]),x[5]),pdiv(x[5],x[5])))),add(x[5],x[2]))))",True,"greater_than_or_equal(sub(pdiv(add(x[5],x[5]),mul(sub(x[2],mul(x[7],add(mul(x[5],add(sub(x[5],x[2]),x[2])),x[5]))),sub(x[7],x[7]))),x[7]), add(mul(x[7],add(x[2],x[5])),add(x[2],x[5])))",0.4850299401197605,638074c259fadef3f68037f904f86979,0.47904191616766467,True,-0.005988023952095856
8,26,"less_than_or_equal(x[7],x[7])",True,"less_than_or_equal(x[2],x[2])",0.35928143712574845,bd082d42dcba8056510101f18394b575,0.35928143712574845,False,0.0
8,26,"greater_than_or_equal(x[3], mul(x[7],add(sub(pdiv(pdiv(x[5],x[7]),x[7]),mul(x[5],x[5])),add(x[5],x[2]))))",True,"less_than_or_equal(add(x[5],mul(pdiv(x[5],x[5]),add(mul(add(sub(x[7],x[7]),pdiv(x[2],x[5])),x[5]),add(x[3],x[7])))),pdiv(x[3],pdiv(x[5],x[3])))",0.6347305389221557,c7af69b78b82dbbfa4ec2a8fb3b63fe2,0.6586826347305389,True,0.0239520958083832
8,26,"greater_than_or_equal(sub(pdiv(x[2],add(x[2],x[7])),mul(x[2],x[0])), mul(mul(x[5],x[7]),pdiv(x[2],mul(add(x[7],x[2]),x[2]))))",True,"greater_than_or_equal(x[2], mul(x[5],mul(x[7],add(add(x[0],x[7]),x[3]))))",0.4491017964071856,13e6982aac5b5a378ea7a28abf1bd0bd,0.4491017964071856,False,0.0
8,26,"greater_than_or_equal(pdiv(x[5],x[2]), mul(x[7],add(add(pdiv(mul(x[5],x[5]),x[5]),x[2]),add(sub(x[7],x[7]),pdiv(x[5],x[5])))))",False,,,da2cfaf71b9047c4370169104c460e2b,0.281437125748503,False,0.0
8,26,"greater_than_or_equal(pdiv(x[5],add(x[5],add(mul(x[7],add(mul(sub(x[5],x[7]),sub(x[2],x[7])),x[5])),sub(x[7],x[2])))), add(x[2],x[3]))",False,,,a378ddc294988e0e671a2bd0069e7714,0.38323353293413176,False,0.0
8,26,"greater_than_or_equal(pdiv(x[3],x[0]), add(x[3],mul(x[7],mul(x[3],mul(x[5],sub(sub(add(sub(x[5],x[2]),pdiv(x[2],add(x[2],x[3]))),x[5]),x[2]))))))",True,"less_than_or_equal(x[2],x[2])",0.35928143712574845,bd082d42dcba8056510101f18394b575,0.35928143712574845,False,0.0
8,26,"greater_than_or_equal(pdiv(x[5],x[5]), mul(x[2],pdiv(mul(x[3],add(x[2],x[7])),add(pdiv(pdiv(x[3],x[5]),99.94),add(x[2],x[7])))))",True,"less_than_or_equal(x[2],x[2])",0.35928143712574845,bd082d42dcba8056510101f18394b575,0.35928143712574845,False,0.0
8,26,"greater_than_or_equal(x[7], mul(x[7],add(x[0],mul(x[2],add(sub(x[7],mul(x[5],x[2])),x[5])))))",False,,,ab25e05657e673e2ac5aa34d3bcd1021,0.3532934131736527,False,0.0
8,26,"greater_than_or_equal(x[5], mul(x[7],x[2]))",True,"less_than_or_equal(sub(mul(x[2],x[7]),mul(x[0],x[7])),x[5])",0.34730538922155685,67e5c7a497be3e968ea5c2bd6433af6d,0.33532934131736525,True,-0.0119760479041916
8,26,"greater_than_or_equal(pdiv(x[5],add(add(x[3],x[7]),add(add(x[2],x[5]),x[5]))), x[5])",True,"greater_than_or_equal(add(mul(x[3],x[3]),sub(x[5],sub(x[2],mul(x[0],x[2])))), add(pdiv(sub(x[5],x[7]),x[3]),46.96))",0.6347305389221557,1497c3bff9b55e63061c88de49f56f45,0.6107784431137724,True,-0.02395209580838331
8,26,"greater_than_or_equal(pdiv(x[5],x[7]), 90.09)",True,not_(x[6]),0.6347305389221557,b4068ba57b63c959651c969331c4b5cd,0.6407185628742516,True,0.005988023952095856
8,26,"greater_than_or_equal(x[5], x[5])",True,"less_than_or_equal(x[2],x[2])",0.35928143712574845,bd082d42dcba8056510101f18394b575,0.35928143712574845,False,0.0
8,26,"and_(greater_than_or_equal(mul(pdiv(x[7],mul(x[5],x[0])),sub(sub(x[2],add(pdiv(x[2],x[5]),mul(x[7],add(x[7],x[5])))),x[5])), x[2]),greater_than_or_equal(x[7], x[7]))",True,not_(x[6]),0.6347305389221557,b4068ba57b63c959651c969331c4b5cd,0.6407185628742516,True,0.005988023952095856
8,26,"greater_than_or_equal(x[7], mul(x[7],mul(x[2],pdiv(mul(x[2],x[5]),add(add(x[7],x[5]),x[3])))))",True,"less_than_or_equal(x[2],x[2])",0.35928143712574845,bd082d42dcba8056510101f18394b575,0.35928143712574845,False,0.0
8,26,"greater_than_or_equal(x[5], mul(x[7],add(x[2],sub(sub(add(x[2],x[7]),x[2]),add(x[2],x[3])))))",False,,,99e6327f3ca3b6690f5a444d4c2205de,0.3532934131736527,False,0.0
8,26,"less_than_or_equal(x[5],mul(x[7],add(x[5],x[7])))",True,"not_(greater_than_or_equal(pdiv(x[5],x[7]), add(x[5],mul(x[7],pdiv(x[5],x[5])))))",0.7724550898203593,0030128647f99982f5296d7964088a85,0.7724550898203593,False,0.0
8,26,"greater_than_or_equal(pdiv(x[3],mul(x[7],add(x[2],add(x[5],x[5])))), mul(x[7],add(x[5],x[2])))",False,,,0513682d5f71a58bb61bee575d437adb,0.2694610778443114,False,0.0
8,26,"greater_than_or_equal(pdiv(20.59,x[5]), add(x[2],x[0]))",True,"less_than_or_equal(x[2],x[2])",0.35928143712574845,bd082d42dcba8056510101f18394b575,0.35928143712574845,False,0.0
8,26,"less_than_or_equal(x[2],x[3])",True,"greater_than_or_equal(x[3], x[2])",0.3652694610778443,0a54951987edb23171217fd387dfe4ac,0.3652694610778443,False,0.0
8,26,"greater_than_or_equal(x[5], mul(x[5],mul(x[7],add(add(sub(x[7],pdiv(add(pdiv(x[5],x[7]),x[7]),x[5])),x[5]),add(x[0],x[7])))))",True,"less_than_or_equal(sub(mul(add(x[2],x[5]),x[5]),x[5]),x[2])",0.34730538922155685,e607945e92f68a81dbf4ef62a3cc8fc9,0.34730538922155685,False,0.0
8,26,"greater_than_or_equal(add(pdiv(76.87,add(x[7],x[5])),add(sub(x[2],sub(pdiv(add(add(x[7],43.40),x[2]),x[3]),x[7])),sub(x[5],mul(x[5],x[5])))), add(x[7],x[2]))",False,,,21547d99370dc37ae316ef61b3567be0,0.4131736526946108,False,0.0
8,26,"greater_than_or_equal(x[7], pdiv(x[2],x[5]))",True,"less_than_or_equal(x[2],mul(x[5],x[7]))",0.5449101796407185,d608af957328a82c144b0b72c2090c46,0.5449101796407185,False,0.0
8,26,"greater_than_or_equal(pdiv(x[5],sub(x[5],x[5])), mul(add(pdiv(pdiv(x[5],x[7]),x[7]),mul(x[5],04.59)),pdiv(x[2],x[5])))",False,,,576103f928f854dbd36d3b9d54068bda,0.5508982035928144,False,0.0
8,26,"greater_than_or_equal(mul(x[5],x[2]), pdiv(pdiv(x[5],x[7]),add(x[3],x[5])))",True,not_(x[6]),0.6347305389221557,b4068ba57b63c959651c969331c4b5cd,0.6347305389221557,False,0.0
8,26,"not_(less_than_or_equal(pdiv(x[7],x[7]),x[5]))",True,"not_(less_than_or_equal(pdiv(x[5],x[5]),x[5]))",0.31137724550898205,774eb80249c37c32f486ae194a31e639,0.31137724550898205,False,0.0
8,26,"greater_than_or_equal(x[3], mul(x[5],pdiv(pdiv(sub(x[2],sub(pdiv(x[2],x[5]),mul(x[7],pdiv(add(x[2],pdiv(x[2],add(x[2],x[2]))),x[5])))),x[5]),x[5])))",False,,,2926aaead98a560a50b69a521247e029,0.3532934131736527,False,0.0
8,26,"greater_than_or_equal(pdiv(x[3],x[3]), add(x[5],pdiv(x[5],add(x[2],x[7]))))",False,,,8ef5ec8294c9109754eabee07ec40537,0.5868263473053892,False,0.0
8,26,"greater_than_or_equal(sub(x[5],add(x[2],x[0])), add(add(x[2],x[3]),add(x[2],x[5])))",True,not_(x[6]),0.6347305389221557,b4068ba57b63c959651c969331c4b5cd,0.6407185628742516,True,0.005988023952095856
8,26,"greater_than_or_equal(x[5], mul(x[7],add(x[5],mul(x[2],x[7]))))",True,"greater_than_or_equal(sub(pdiv(x[5],x[7]),mul(x[7],x[2])), x[5])",0.23952095808383234,afa8642512968d1b4535f7b1d2fb82d9,0.23952095808383234,False,0.0
8,26,"greater_than_or_equal(x[5], mul(x[7],add(mul(sub(add(mul(pdiv(x[5],x[3]),x[7]),add(mul(sub(x[2],x[7]),sub(x[2],x[7])),mul(x[2],add(x[2],x[5])))),x[7]),x[2]),x[3])))",False,,,bb07208db9e1317727373dea88aa6b34,0.2455089820359282,False,0.0
8,26,"greater_than_or_equal(pdiv(x[5],x[5]), add(x[2],add(pdiv(pdiv(x[2],x[5]),x[5]),x[5])))",True,"not_(less_than_or_equal(pdiv(x[5],x[7]),mul(add(x[2],x[2]),89.74)))",0.6047904191616766,b43cb00a20044ea1c11cc702bd218446,0.5329341317365269,True,-0.07185628742514971
8,26,"greater_than_or_equal(sub(pdiv(x[5],add(59.59,sub(x[5],x[5]))),x[7]), pdiv(x[5],x[5]))",True,not_(x[6]),0.6347305389221557,b4068ba57b63c959651c969331c4b5cd,0.6407185628742516,True,0.005988023952095856
8,26,"not_(less_than_or_equal(pdiv(x[2],x[5]),x[5]))",True,"not_(less_than_or_equal(pdiv(x[2],x[5]),x[5]))",0.5688622754491017,379e3fd86c4786507474cde0c666a1a3,0.5688622754491017,False,0.0
8,26,"less_than_or_equal(pdiv(x[5],x[5]),add(x[7],mul(x[7],x[2])))",False,,,476740f85afe9ab305a34232702caddf,0.7604790419161677,False,0.0
8,26,"not_(less_than_or_equal(pdiv(x[5],x[5]),add(mul(x[5],x[5]),add(x[2],x[7]))))",False,,,59ab860d2c8e67626e0e0c39936232c7,0.23952095808383234,False,0.0
8,26,"greater_than_or_equal(pdiv(mul(pdiv(x[0],x[5]),x[2]),add(sub(x[7],x[7]),pdiv(x[5],x[5]))), mul(mul(x[5],x[7]),pdiv(x[7],x[3])))",True,"not_(greater_than_or_equal(mul(x[7],add(x[5],sub(mul(add(x[0],pdiv(x[7],x[3])),mul(add(x[3],x[5]),x[5])),x[5]))), x[0]))",0.5389221556886228,09fe71c4cd726883bc768a006c333b59,0.5449101796407185,True,0.0059880239520957446
8,26,"greater_than_or_equal(pdiv(x[5],add(x[2],mul(add(x[5],x[2]),x[7]))), sub(sub(x[5],sub(x[0],add(x[7],x[0]))),x[2]))",False,,,53eed032dbe732b4f023f54f17bdaa25,0.2455089820359282,False,0.0
8,26,"greater_than_or_equal(pdiv(x[5],x[3]), add(x[3],mul(x[7],add(mul(x[5],sub(sub(sub(sub(x[2],x[2]),x[2]),sub(x[7],sub(pdiv(x[7],x[7]),add(x[0],x[7])))),x[5])),add(x[0],add(x[0],x[2]))))))",True,"not_(less_than_or_equal(pdiv(pdiv(mul(x[5],add(x[5],x[5])),x[3]),x[3]),x[3]))",0.38323353293413176,cbc4c49cf818af7e37e71b153487a6c9,0.3892215568862275,True,0.0059880239520957446
8,26,"greater_than_or_equal(x[5], sub(add(x[2],x[7]),sub(pdiv(x[5],x[7]),mul(x[7],x[3]))))",False,,,0c193e0992777198ac452dba4aef2ef8,0.3173652694610778,False,0.0
8,26,"greater_than_or_equal(pdiv(x[5],x[5]), mul(x[2],x[7]))",True,"less_than_or_equal(x[2],x[2])",0.35928143712574845,bd082d42dcba8056510101f18394b575,0.35928143712574845,False,0.0
8,26,"greater_than_or_equal(x[5], mul(x[7],add(x[2],x[7])))",True,"greater_than_or_equal(x[5], mul(x[7],add(x[7],x[2])))",0.2455089820359282,dbe0ded9608d153cce360999e2a5fae7,0.2455089820359282,False,0.0
8,26,"greater_than_or_equal(x[5], mul(x[7],add(mul(mul(pdiv(x[5],add(x[2],x[2])),x[5]),x[7]),add(x[3],x[5]))))",False,,,6b4b53aa2343ea761bd24e36f6057b79,0.32335329341317365,False,0.0
8,26,"less_than_or_equal(sub(x[2],x[5]),x[7])",True,"less_than_or_equal(mul(pdiv(x[5],x[5]),add(x[2],sub(x[5],x[5]))),add(x[5],x[7]))",0.37125748502994016,8333158308c3f8dab75290a9ccb65096,0.37125748502994016,False,0.0
8,26,"less_than_or_equal(x[2],x[5])",True,"not_(not_(less_than_or_equal(x[2],x[5])))",0.34730538922155685,4af53f79d9ad2ffac455113b88a02dd4,0.34730538922155685,False,0.0
8,26,"greater_than_or_equal(sub(pdiv(x[5],x[5]),x[2]), add(mul(x[5],mul(x[7],x[2])),add(x[2],x[2])))",True,"greater_than_or_equal(sub(pdiv(x[5],x[5]),x[2]), add(mul(x[5],mul(x[7],x[2])),add(x[2],x[2])))",0.26347305389221554,f0f65637b139bd243169d2cd1141488d,0.26347305389221554,False,0.0
8,26,"greater_than_or_equal(x[5], mul(sub(x[5],sub(mul(add(mul(add(x[7],x[5]),add(sub(x[2],x[5]),add(add(x[7],x[0]),x[2]))),x[7]),x[2]),x[3])),x[7]))",False,,,c8716e4fedd7ab75f44564fe02b68275,0.4011976047904192,False,0.0
8,26,"greater_than_or_equal(sub(pdiv(x[5],x[7]),add(x[2],x[2])), sub(x[7],x[7]))",True,"not_(greater_than_or_equal(mul(x[7],add(x[2],x[2])), x[5]))",0.27544910179640714,f7539509fdd5f9bf93cc165393e6bf21,0.27544910179640714,False,0.0
8,26,"and_(less_than_or_equal(mul(pdiv(x[7],mul(x[0],x[0])),sub(sub(x[2],sub(pdiv(x[2],x[5]),mul(x[7],add(x[7],x[5])))),x[5])),x[2]),greater_than_or_equal(x[7], pdiv(x[5],x[5])))",True,"greater_than_or_equal(pdiv(x[5],sub(x[7],x[3])), 95.24)",0.6167664670658682,ba19007e087effce903fa62d3564e852,0.6347305389221557,True,0.017964071856287456
8,26,"not_(less_than_or_equal(pdiv(x[5],x[7]),sub(x[5],add(add(x[2],x[5]),mul(add(x[2],add(x[5],add(x[3],x[7]))),mul(x[2],add(x[2],sub(pdiv(x[7],mul(96.16,x[2])),mul(mul(x[7],x[5]),x[3])))))))))",True,"less_than_or_equal(x[2],x[2])",0.35928143712574845,bd082d42dcba8056510101f18394b575,0.35928143712574845,False,0.0
8,26,"greater_than_or_equal(mul(x[3],x[3]), add(add(x[7],x[0]),x[2]))",False,,,581caed000a5380f91519b14ea296aa9,0.5568862275449102,False,0.0
8,26,"greater_than_or_equal(sub(pdiv(x[5],x[5]),pdiv(x[2],pdiv(pdiv(pdiv(pdiv(x[2],x[2]),sub(add(mul(x[5],x[7]),x[2]),add(x[2],x[3]))),add(pdiv(x[3],pdiv(x[7],add(x[7],x[7]))),pdiv(x[3],x[2]))),pdiv(x[7],x[2])))), x[0])",False,,,d197f7b61026fc3fcfb5df4e77babe1a,0.37125748502994016,False,0.0
8,26,"greater_than_or_equal(sub(pdiv(x[5],x[7]),54.84), x[2])",True,not_(x[6]),0.6347305389221557,b4068ba57b63c959651c969331c4b5cd,0.6407185628742516,True,0.005988023952095856
8,26,"greater_than_or_equal(pdiv(add(add(x[5],x[2]),add(x[5],x[0])),pdiv(x[7],mul(x[5],x[0]))), sub(sub(x[2],sub(pdiv(x[2],x[5]),mul(sub(mul(add(x[7],x[5]),x[2]),pdiv(x[2],add(x[2],x[2]))),x[5]))),x[5]))",True,"less_than_or_equal(x[2],x[2])",0.35928143712574845,bd082d42dcba8056510101f18394b575,0.35928143712574845,False,0.0
8,26,"not_(less_than_or_equal(pdiv(x[5],x[5]),mul(x[2],add(add(sub(pdiv(x[5],mul(75.41,add(pdiv(add(x[7],x[5]),x[2]),pdiv(mul(x[2],add(x[2],x[5])),x[2])))),sub(pdiv(x[5],x[7]),x[5])),x[2]),mul(x[5],sub(x[7],mul(x[7],sub(x[3],mul(x[5],pdiv(sub(add(x[5],x[7]),pdiv(sub(sub(x[2],sub(add(x[2],x[5]),add(x[7],add(x[7],x[5])))),x[5]),x[5])),x[5]))))))))))",True,"greater_than_or_equal(pdiv(pdiv(x[5],x[5]),add(x[5],x[0])), x[2])",0.3413173652694611,5005b0c334820b72e1246e09cfc64254,0.33532934131736525,True,-0.005988023952095856
8,26,"greater_than_or_equal(x[5], mul(x[7],add(mul(sub(add(add(x[2],sub(mul(x[7],mul(x[5],x[5])),x[5])),x[7]),x[7]),x[7]),add(x[7],x[5]))))",True,"greater_than_or_equal(x[5], mul(x[7],add(mul(x[7],add(mul(x[7],add(add(mul(x[5],x[3]),x[2]),x[2])),add(x[2],x[0]))),x[7])))",0.22754491017964074,c473f7825f5573131c6020ace6408bfe,0.22754491017964074,False,0.0
8,26,"greater_than_or_equal(sub(pdiv(x[5],add(x[2],x[7])),mul(x[2],x[5])), mul(mul(x[5],x[7]),pdiv(x[7],add(x[5],x[5]))))",False,,,e11804fdd5304907352ed2203ae10862,0.25149700598802394,False,0.0
8,26,"less_than_or_equal(add(sub(add(x[3],mul(mul(x[3],x[7]),x[7])),add(mul(x[3],x[7]),x[7])),add(x[7],x[2])),x[7])",False,,,7af45698cdbab04c69f3917b809e7feb,0.6227544910179641,False,0.0
8,26,"greater_than_or_equal(x[5], mul(add(x[5],mul(x[2],sub(pdiv(mul(add(x[7],x[2]),x[5]),add(mul(x[5],x[2]),x[5])),x[2]))),pdiv(pdiv(x[5],x[5]),add(x[2],x[3]))))",False,,,1cc78b86a60d49e7ac3d5a8e6cb9df9b,0.7065868263473054,False,0.0
8,26,"not_(less_than_or_equal(pdiv(x[5],x[5]),add(mul(x[5],add(x[7],x[2])),add(x[2],x[2]))))",True,"not_(less_than_or_equal(pdiv(x[5],x[5]),add(mul(x[5],add(x[7],x[2])),add(x[2],x[2]))))",0.18562874251497008,7dd04de0f09dcb78fab13d4ca363e3e0,0.2857142857142857,True,0.10008554319931562
8,27,"greater_than_or_equal(sub(pdiv(x[5],x[5]),x[2]), add(mul(x[0],mul(x[7],add(mul(x[7],add(x[2],x[2])),mul(x[5],mul(x[5],add(x[2],x[5])))))),x[5]))",False,,,3e148ffe3f1fe8bba751881b38a553c6,0.22754491017964074,False,0.0
8,27,"greater_than_or_equal(pdiv(pdiv(x[5],x[2]),pdiv(add(x[2],x[5]),x[5])), add(add(pdiv(x[5],sub(add(add(x[0],x[7]),add(x[0],x[0])),pdiv(sub(pdiv(pdiv(x[2],add(x[2],x[2])),x[5]),x[5]),x[5]))),x[5]),mul(x[7],add(x[5],x[7]))))",False,,,ecf745ef1b61190a377ca36d3adfdffc,0.2934131736526946,False,0.0
8,27,"greater_than_or_equal(pdiv(x[5],x[5]), add(x[7],mul(x[7],x[5])))",True,"not_(less_than_or_equal(pdiv(x[5],x[7]),add(x[5],mul(x[5],x[5]))))",0.26347305389221554,a9ce28fe5af581c3f664a5416d77d344,0.2574850299401198,True,-0.0059880239520957446
8,27,"less_than_or_equal(sub(pdiv(x[7],x[7]),x[7]),mul(90.93,mul(x[3],mul(x[5],add(x[7],x[2])))))",False,,,3fcba1f5d05e91aade98fdaf30a2e66a,0.3652694610778443,False,0.0
8,27,"not_(less_than_or_equal(pdiv(mul(mul(x[5],add(mul(x[5],add(x[7],x[2])),add(x[2],x[2]))),x[5]),x[5]),x[5]))",False,,,7015b1f1275918956327ba891481cfa3,0.8083832335329342,False,0.0
8,27,"greater_than_or_equal(sub(x[5],x[5]), x[2])",True,"greater_than_or_equal(pdiv(mul(x[5],x[2]),pdiv(x[2],x[5])), add(sub(x[7],x[7]),add(x[5],x[0])))",0.6107784431137724,ec48eb4aba9f475884bcf9e8f28adadc,0.6167664670658682,True,0.005988023952095856
8,27,"greater_than_or_equal(x[5], mul(x[7],mul(mul(x[2],x[7]),pdiv(x[5],x[5]))))",True,"not_(greater_than_or_equal(mul(x[7],add(x[5],x[7])), add(pdiv(mul(x[2],add(x[5],x[5])),x[2]),add(sub(x[7],x[7]),pdiv(x[5],x[3])))))",0.32335329341317365,6879d8556cd3538b7aad64e5d345873a,0.3293413173652695,True,0.005988023952095856
8,27,"less_than_or_equal(pdiv(add(x[7],x[7]),add(x[3],x[5])),sub(x[2],sub(pdiv(x[2],x[5]),mul(sub(mul(add(x[7],x[5]),x[5]),x[2]),add(sub(x[7],x[7]),pdiv(x[5],x[5]))))))",False,,,d42d408c3109eee7997120cce3c1c4a6,0.5508982035928144,False,0.0
8,27,"greater_than_or_equal(x[5], mul(x[2],x[3]))",True,"greater_than_or_equal(add(mul(x[0],x[3]),pdiv(x[5],x[3])), x[2])",0.3293413173652695,f0c5da2fb3fda6018ebf0885b8c1ea67,0.3293413173652695,False,0.0
8,27,"greater_than_or_equal(pdiv(mul(x[7],mul(x[7],x[7])),add(x[5],x[2])), mul(x[2],x[7]))",False,,,2e22c4f63a5ec74bb89910dd81acf3a9,0.5808383233532934,False,0.0
8,27,"greater_than_or_equal(sub(pdiv(x[7],sub(pdiv(x[7],x[7]),x[7])),mul(x[7],sub(x[7],x[2]))), x[5])",False,,,32cd215c037d662aa1520cc2662dbc9e,0.7005988023952097,False,0.0
8,27,"greater_than_or_equal(x[7], x[2])",True,"less_than_or_equal(pdiv(add(x[2],x[5]),sub(x[2],x[7])),mul(mul(x[2],x[3]),mul(x[5],x[7])))",0.4730538922155688,6a9a868ce645e54c16a03959cbdb37f6,0.4730538922155688,False,0.0
8,27,"greater_than_or_equal(pdiv(x[5],add(mul(x[7],add(x[5],x[7])),add(add(x[0],x[7]),x[2]))), x[5])",False,,,50eeb06992dbab106e07740d3a1347ee,0.3053892215568862,False,0.0
8,27,"less_than_or_equal(mul(add(x[7],x[2]),mul(x[0],x[2])),add(x[2],x[2]))",True,"less_than_or_equal(x[2],x[2])",0.35928143712574845,bd082d42dcba8056510101f18394b575,0.35928143712574845,False,0.0
8,27,"greater_than_or_equal(sub(pdiv(x[5],x[5]),x[2]), add(mul(x[5],x[3]),x[5]))",True,"not_(less_than_or_equal(pdiv(sub(pdiv(x[5],x[5]),add(x[5],x[2])),x[5]),x[5]))",0.4251497005988024,0750e6d4943bca7e71917530dac6c93f,0.3772455089820359,True,-0.04790419161676651
8,27,"greater_than_or_equal(add(x[7],add(x[2],x[5])), sub(x[7],add(x[5],x[2])))",True,"less_than_or_equal(x[2],x[2])",0.35928143712574845,bd082d42dcba8056510101f18394b575,0.35928143712574845,False,0.0
8,27,"greater_than_or_equal(pdiv(x[5],sub(pdiv(add(x[7],x[3]),mul(mul(x[7],add(x[7],x[5])),x[7])),add(x[2],x[7]))), pdiv(x[3],x[2]))",False,,,fef3c77819aa06188eec1c09282cf15a,0.7125748502994012,False,0.0
8,27,"greater_than_or_equal(pdiv(x[5],x[5]), add(x[7],mul(x[7],mul(mul(x[7],add(x[2],x[7])),sub(sub(x[5],sub(x[0],x[3])),mul(x[7],add(mul(x[5],sub(sub(sub(sub(x[2],99.49),mul(x[7],add(x[7],x[5]))),x[5]),x[2])),add(sub(x[7],x[7]),pdiv(x[5],x[5])))))))))",False,,,a1d94fce547180ff07a0ae0cea5e8e6d,0.35928143712574845,False,0.0
8,27,"greater_than_or_equal(pdiv(x[3],x[3]), add(x[5],x[5]))",True,"not_(less_than_or_equal(pdiv(x[5],x[5]),add(x[5],x[5])))",0.4491017964071856,2218a51fb25443ecfeb7d4f388f41f4b,0.4491017964071856,False,0.0
8,27,"greater_than_or_equal(sub(pdiv(x[7],x[7]),x[7]), mul(x[7],add(add(add(x[2],x[7]),x[7]),x[2])))",False,,,f939a56af984ccebe822528941622d51,0.2694610778443114,False,0.0
8,27,"greater_than_or_equal(x[5], mul(add(x[7],sub(sub(x[5],sub(x[0],x[3])),mul(x[0],add(mul(x[5],sub(sub(sub(sub(x[2],mul(pdiv(x[2],sub(13.98,x[7])),add(x[0],x[7]))),mul(add(add(x[0],add(pdiv(sub(x[2],x[7]),mul(x[2],add(x[2],x[5]))),x[7])),x[2]),x[3])),x[5]),x[5])),add(x[2],x[5]))))),x[5]))",False,,,6aaa773923a57bf41a3313cb859a8cb2,0.4970059880239521,False,0.0
8,27,"greater_than_or_equal(pdiv(x[5],add(x[2],mul(add(x[5],x[2]),x[7]))), x[7])",True,"greater_than_or_equal(x[5], mul(x[7],add(x[5],x[2])))",0.23353293413173648,49521aab13419e9d4582e656c37790ef,0.23353293413173648,False,0.0
8,27,"greater_than_or_equal(x[3], mul(x[7],add(x[7],sub(sub(x[5],sub(x[0],add(x[7],x[0]))),x[2]))))",False,,,b45f0cd43a74f897a40619edbb061d13,0.31137724550898205,False,0.0
8,27,"greater_than_or_equal(pdiv(mul(mul(x[3],add(x[5],mul(x[7],mul(pdiv(sub(pdiv(x[0],x[7]),add(x[5],mul(x[5],add(x[7],mul(x[7],x[2]))))),x[2]),x[5])))),x[5]),x[5]), x[2])",False,,,63ca1cb9499a6aea3dde20cb948c442e,0.5089820359281437,False,0.0
8,27,"greater_than_or_equal(x[5], mul(mul(x[7],x[3]),mul(x[3],add(x[7],x[2]))))",False,,,4a278ab03a1629c2ac165f416df8a4b5,0.3413173652694611,False,0.0
8,27,"greater_than_or_equal(x[5], mul(x[7],add(mul(mul(pdiv(x[5],add(x[2],x[2])),x[5]),x[7]),add(x[5],x[2]))))",True,"greater_than_or_equal(pdiv(x[5],add(add(x[5],x[2]),x[5])), mul(x[7],add(x[7],x[2])))",0.23353293413173648,e395e33ad0711410c4310669d35f09ad,0.27544910179640714,True,0.041916167664670656
8,27,"less_than_or_equal(pdiv(pdiv(x[5],x[5]),add(mul(x[5],mul(mul(x[2],x[7]),x[5])),mul(x[7],mul(add(x[5],sub(pdiv(add(x[3],mul(x[2],add(87.94,add(x[2],x[7])))),add(pdiv(pdiv(x[7],x[5]),x[3]),x[7])),x[7])),x[7])))),mul(x[7],add(x[2],x[5])))",False,,,29df1f99f28fe73d1a46496669242592,0.7365269461077844,False,0.0
8,27,"greater_than_or_equal(sub(pdiv(x[5],x[7]),add(add(sub(x[7],x[2]),add(x[2],x[3])),add(pdiv(x[3],pdiv(x[7],add(x[2],x[7]))),pdiv(x[3],x[7])))), x[3])",False,,,dc88aab345743e01db733cf0e48cd4d9,0.5748502994011976,False,0.0
8,27,"greater_than_or_equal(sub(pdiv(x[7],x[5]),x[7]), mul(x[7],mul(x[5],add(mul(x[5],add(mul(x[5],add(x[2],x[7])),x[2])),x[0]))))",True,"not_(less_than_or_equal(pdiv(x[5],x[5]),add(mul(x[5],x[5]),x[5])))",0.3772455089820359,85004d30cad8675ea748791609909266,0.31137724550898205,True,-0.06586826347305386
8,27,"not_(less_than_or_equal(pdiv(20.43,x[2]),mul(x[2],x[7])))",True,"less_than_or_equal(x[2],x[2])",0.35928143712574845,bd082d42dcba8056510101f18394b575,0.35928143712574845,False,0.0
8,27,"greater_than_or_equal(pdiv(x[5],x[7]), x[2])",True,"less_than_or_equal(sub(mul(x[2],x[7]),mul(x[0],x[7])),x[5])",0.34730538922155685,67e5c7a497be3e968ea5c2bd6433af6d,0.33532934131736525,True,-0.0119760479041916
8,27,"greater_than_or_equal(sub(pdiv(x[5],x[5]),x[2]), add(mul(x[5],mul(x[7],x[2])),x[5]))",True,"greater_than_or_equal(sub(pdiv(x[5],x[5]),x[2]), add(mul(x[5],mul(x[7],x[2])),x[5]))",0.23353293413173648,00690f49bde6f499752bc7e2b046693b,0.23353293413173648,False,0.0
8,27,"greater_than_or_equal(x[2], mul(x[7],x[0]))",True,"greater_than_or_equal(mul(pdiv(add(x[0],add(x[5],x[2])),add(x[7],x[0])),x[2]), x[0])",0.38323353293413176,70842362fb60908f5540c815b1ce97ab,0.33532934131736525,True,-0.04790419161676651
8,27,"greater_than_or_equal(pdiv(x[5],x[2]), mul(x[7],x[2]))",False,,,9c4d50c9e7212ffdcbc267edb17e6bfc,0.33532934131736525,False,0.0
8,27,"greater_than_or_equal(x[5], mul(x[7],add(add(add(pdiv(x[5],x[3]),x[7]),add(mul(sub(x[2],x[7]),sub(x[2],x[7])),mul(x[2],add(x[2],x[5])))),x[7])))",True,"greater_than_or_equal(x[5], mul(x[7],add(add(sub(x[2],x[7]),add(sub(mul(x[7],pdiv(add(add(x[2],x[3]),add(pdiv(x[3],pdiv(x[7],add(x[2],x[7]))),pdiv(x[3],x[7]))),x[3])),x[5]),x[5])),add(x[2],x[5]))))",0.4491017964071856,a3030efbde5a42a6fa14984f92eb0aee,0.3892215568862275,True,-0.05988023952095811
8,27,"greater_than_or_equal(x[5], mul(x[7],add(mul(mul(pdiv(x[5],add(x[2],x[2])),x[2]),x[7]),add(x[3],x[5]))))",False,,,10d5860e54117425dada5f5e83cc4265,0.281437125748503,False,0.0
8,27,"greater_than_or_equal(pdiv(x[5],x[7]), pdiv(sub(x[5],add(sub(x[2],x[5]),add(add(x[7],x[0]),x[2]))),x[7]))",False,,,0d17fff4539a60c739facb9ae4a9967b,0.4850299401197605,False,0.0
8,27,"greater_than_or_equal(sub(pdiv(x[5],x[5]),x[2]), pdiv(add(x[7],mul(x[2],mul(x[7],add(x[7],x[5])))),x[5]))",True,"greater_than_or_equal(sub(pdiv(x[5],x[7]),add(x[5],pdiv(add(mul(pdiv(x[2],x[5]),add(x[2],x[5])),x[7]),pdiv(x[5],x[5])))), x[5])",0.3652694610778443,277e57b48c2ba30f5693c21858757cda,0.3413173652694611,True,-0.0239520958083832
8,27,"not_(greater_than_or_equal(pdiv(x[5],x[5]), add(mul(x[5],add(x[7],x[2])),add(x[2],x[2]))))",True,"not_(less_than_or_equal(pdiv(mul(mul(x[5],add(mul(x[5],add(x[7],x[2])),add(x[2],x[2]))),x[5]),x[5]),x[5]))",0.8083832335329342,7015b1f1275918956327ba891481cfa3,0.8143712574850299,True,0.0059880239520957446
8,27,"greater_than_or_equal(pdiv(x[5],x[7]), sub(x[5],mul(x[5],x[5])))",True,"less_than_or_equal(x[2],x[2])",0.35928143712574845,bd082d42dcba8056510101f18394b575,0.35928143712574845,False,0.0
8,27,"greater_than_or_equal(sub(pdiv(x[5],x[7]),add(x[5],x[5])), mul(x[2],mul(mul(x[5],mul(x[7],add(add(add(x[7],sub(pdiv(add(sub(x[2],sub(pdiv(add(pdiv(x[7],x[0]),x[2]),x[3]),x[2])),x[3]),x[5]),x[0])),mul(x[5],x[7])),add(x[5],x[5])))),mul(x[2],add(x[5],x[0])))))",False,,,38fbb9ee5064bf696eeaee3d3b03f5c1,0.31137724550898205,False,0.0
8,27,"greater_than_or_equal(sub(x[0],pdiv(pdiv(x[5],x[7]),add(mul(x[5],x[3]),x[7]))), x[7])",True,not_(x[6]),0.6347305389221557,b4068ba57b63c959651c969331c4b5cd,0.6407185628742516,True,0.005988023952095856
8,27,"less_than_or_equal(x[7],x[7])",True,"less_than_or_equal(x[2],x[2])",0.35928143712574845,bd082d42dcba8056510101f18394b575,0.35928143712574845,False,0.0
8,27,"less_than_or_equal(sub(sub(x[7],x[7]),x[7]),mul(90.97,x[7]))",True,"less_than_or_equal(x[2],x[2])",0.35928143712574845,bd082d42dcba8056510101f18394b575,0.35928143712574845,False,0.0
8,27,"greater_than_or_equal(x[5], mul(x[7],add(mul(sub(add(mul(pdiv(x[5],x[5]),add(x[2],x[7])),x[0]),x[7]),x[2]),x[2])))",True,"greater_than_or_equal(pdiv(x[5],x[5]), add(add(x[2],mul(x[2],mul(sub(x[7],x[7]),pdiv(x[5],x[5])))),mul(mul(x[7],x[2]),sub(pdiv(add(x[7],x[2]),x[5]),x[5]))))",0.2934131736526946,b2764a6f3ef5bc579589eb89668b6cf5,0.3053892215568862,True,0.0119760479041916
8,27,"not_(less_than_or_equal(pdiv(x[5],x[5]),add(mul(x[5],x[3]),x[7])))",True,"greater_than_or_equal(sub(pdiv(x[7],x[7]),x[7]), mul(x[5],x[3]))",0.29940119760479045,5f720dc2c703cc3734ac8bb04cf4609e,0.29940119760479045,False,0.0
8,27,"greater_than_or_equal(sub(pdiv(x[5],x[5]),x[5]), x[2])",True,"not_(less_than_or_equal(pdiv(x[5],x[5]),add(x[5],x[2])))",0.2455089820359282,5825d6d8d32996f2f81bb41cc0bfa92f,0.2455089820359282,False,0.0
8,27,"greater_than_or_equal(sub(pdiv(x[7],pdiv(x[2],pdiv(mul(x[2],pdiv(x[5],x[2])),x[5]))),pdiv(x[7],add(x[7],x[2]))), x[7])",False,,,f437db477ffd837b7fa46629e1e7b6ed,0.39520958083832336,False,0.0
8,27,"greater_than_or_equal(x[0], x[7])",True,"less_than_or_equal(x[7],x[0])",0.5449101796407185,be077d9307e8548c7420a3c3b9c6aaf2,0.5449101796407185,False,0.0
8,27,"greater_than_or_equal(sub(pdiv(x[5],add(x[2],x[7])),mul(x[2],x[5])), mul(mul(x[5],x[7]),sub(x[7],add(x[5],x[5]))))",False,,,597dc3ab062ad146a07ca491d876ffe2,0.33532934131736525,False,0.0
8,27,"greater_than_or_equal(sub(pdiv(x[5],x[5]),add(pdiv(pdiv(mul(mul(x[5],add(mul(x[5],x[5]),add(x[2],x[7]))),x[5]),x[7]),x[2]),x[2])), x[5])",True,"not_(less_than_or_equal(pdiv(x[5],x[5]),add(add(x[5],x[5]),add(x[2],x[5]))))",0.6047904191616766,fee23d1d05590693481891bf1f613c0b,0.6586826347305389,True,0.053892215568862256
8,27,"greater_than_or_equal(pdiv(x[5],x[2]), mul(x[7],add(add(mul(add(x[5],mul(x[7],x[5])),sub(x[2],add(add(sub(x[2],x[2]),add(x[2],add(x[2],x[5]))),00.39))),mul(sub(add(add(x[0],x[7]),add(x[0],x[2])),x[0]),x[2])),mul(x[7],add(x[7],x[2])))))",True,"not_(greater_than_or_equal(mul(x[7],add(x[5],x[2])), add(x[5],x[5])))",0.33532934131736525,3080bd5d805985ff01b8ad8ae7ac1462,0.3293413173652695,True,-0.0059880239520957446
8,27,"greater_than_or_equal(x[5], x[2])",True,"not_(not_(less_than_or_equal(x[2],x[5])))",0.34730538922155685,4af53f79d9ad2ffac455113b88a02dd4,0.34730538922155685,False,0.0
8,27,"not_(less_than_or_equal(mul(x[3],x[5]),x[7]))",True,"greater_than_or_equal(pdiv(x[5],add(pdiv(pdiv(x[5],x[5]),add(x[3],x[0])),sub(x[2],x[2]))), add(x[7],x[0]))",0.5029940119760479,dab59ce79fd13a43a3f06ab84cadcbaf,0.4610778443113772,True,-0.041916167664670656
8,27,"less_than_or_equal(pdiv(x[5],add(x[2],x[0])),x[5])",True,"greater_than_or_equal(x[2], pdiv(x[2],add(x[2],x[0])))",0.652694610778443,ee75d6f269a9d1030f4979b7451fc28c,0.6467065868263473,True,-0.0059880239520957446
8,27,"greater_than_or_equal(x[5], mul(x[7],add(x[7],x[2])))",True,"greater_than_or_equal(x[5], mul(x[7],add(x[7],x[2])))",0.2455089820359282,dbe0ded9608d153cce360999e2a5fae7,0.2455089820359282,False,0.0
8,27,"greater_than_or_equal(sub(pdiv(x[7],x[7]),x[7]), mul(sub(x[5],mul(add(x[7],sub(sub(x[5],sub(x[0],x[3])),mul(x[7],add(mul(x[5],sub(sub(sub(sub(x[2],x[2]),x[2]),x[5]),mul(x[7],add(x[7],x[5])))),x[5])))),x[2])),add(sub(x[7],x[7]),pdiv(x[5],x[5]))))",False,,,f6623020271779a6b807ab0ece9cc4f4,0.39520958083832336,False,0.0
8,27,"greater_than_or_equal(add(x[5],add(x[2],x[5])), sub(x[7],add(x[2],add(x[2],x[3]))))",True,"less_than_or_equal(x[2],x[2])",0.35928143712574845,bd082d42dcba8056510101f18394b575,0.35928143712574845,False,0.0
8,27,"greater_than_or_equal(pdiv(x[5],add(pdiv(add(x[7],mul(x[7],x[5])),x[2]),x[5])), x[2])",False,,,c68c77e4dd6b752f9b88ddab3a287b61,0.35928143712574845,False,0.0
8,27,"greater_than_or_equal(sub(pdiv(x[5],x[5]),x[2]), add(mul(x[5],mul(mul(x[5],x[2]),add(x[2],x[2]))),x[5]))",False,,,4da9c6b2324c528f75cc1aa8cef0ea21,0.23353293413173648,False,0.0
8,27,"greater_than_or_equal(sub(pdiv(x[5],x[5]),x[5]), x[2])",True,"not_(less_than_or_equal(pdiv(x[5],x[5]),add(x[5],x[2])))",0.2455089820359282,5825d6d8d32996f2f81bb41cc0bfa92f,0.2455089820359282,False,0.0
8,27,"greater_than_or_equal(sub(add(x[5],x[3]),x[5]), x[5])",True,"less_than_or_equal(x[5],x[3])",0.5089820359281437,1d4d287fbe015bbb313f097e26f5bc37,0.5089820359281437,False,0.0
8,27,"greater_than_or_equal(sub(pdiv(x[5],x[7]),x[0]), mul(x[7],add(x[7],add(x[0],mul(add(x[5],x[7]),x[2])))))",False,,,4bab862916d0f3048dcd3c06db10500c,0.23952095808383234,False,0.0
8,27,"greater_than_or_equal(x[5], mul(x[7],add(x[5],mul(x[2],x[7]))))",True,"greater_than_or_equal(sub(pdiv(x[5],x[7]),mul(x[7],x[2])), x[5])",0.23952095808383234,afa8642512968d1b4535f7b1d2fb82d9,0.23952095808383234,False,0.0
8,27,"greater_than_or_equal(pdiv(x[5],x[5]), add(x[7],mul(x[7],x[2])))",True,"greater_than_or_equal(pdiv(x[5],x[5]), add(x[7],mul(x[7],x[2])))",0.23952095808383234,0a59dd1a7af4fa849a2c5d4611cd3eab,0.23952095808383234,False,0.0
8,27,"greater_than_or_equal(add(add(add(x[2],x[3]),mul(x[2],sub(sub(x[5],x[5]),x[5]))),x[2]), add(sub(x[7],x[7]),pdiv(x[5],x[5])))",False,,,4fd8b4a8114d97fc5ca463d97c14764e,0.6766467065868264,False,0.0
8,27,"not_(less_than_or_equal(add(x[2],x[5]),mul(x[2],mul(x[5],mul(x[7],add(mul(x[7],sub(x[7],mul(x[5],x[7]))),add(x[2],x[7])))))))",True,"less_than_or_equal(x[2],x[2])",0.35928143712574845,bd082d42dcba8056510101f18394b575,0.35928143712574845,False,0.0
8,27,"greater_than_or_equal(x[7], mul(x[7],pdiv(x[5],x[5])))",True,"less_than_or_equal(x[2],x[2])",0.35928143712574845,bd082d42dcba8056510101f18394b575,0.35928143712574845,False,0.0
8,27,"greater_than_or_equal(sub(pdiv(x[5],x[7]),add(x[5],x[5])), mul(x[2],sub(mul(x[2],x[7]),x[5])))",True,"not_(less_than_or_equal(pdiv(x[5],x[7]),mul(add(x[5],add(x[3],x[7])),mul(x[7],add(x[5],x[7])))))",0.22155688622754488,565b60e8ea058b39e5bc6be0d3d25800,0.23353293413173648,True,0.0119760479041916
8,27,"greater_than_or_equal(x[5], mul(x[7],add(x[2],x[2])))",True,"not_(greater_than_or_equal(mul(x[7],add(x[2],x[2])), x[5]))",0.27544910179640714,f7539509fdd5f9bf93cc165393e6bf21,0.27544910179640714,False,0.0
8,27,"greater_than_or_equal(x[5], mul(x[7],add(mul(sub(add(add(mul(x[5],x[3]),x[7]),add(mul(sub(x[2],x[7]),sub(x[2],add(x[5],x[2]))),add(sub(x[7],sub(x[3],mul(x[5],x[7]))),add(x[2],x[7])))),x[2]),mul(x[2],x[3])),add(pdiv(x[3],mul(x[7],add(x[2],x[7]))),pdiv(x[3],x[7])))))",False,,,02eca7df8a9d1f474043ea3563cb8cec,0.6287425149700598,False,0.0
8,27,"greater_than_or_equal(20.95, x[2])",True,"less_than_or_equal(x[2],x[2])",0.35928143712574845,bd082d42dcba8056510101f18394b575,0.35928143712574845,False,0.0
8,27,"greater_than_or_equal(x[5], mul(mul(x[7],x[3]),mul(x[3],add(x[7],x[5]))))",False,,,a58521987cd0c8c7771e67c352a793aa,0.3173652694610778,False,0.0
8,27,"greater_than_or_equal(sub(pdiv(x[2],x[7]),x[2]), x[7])",False,,,2bb4a0ec88ea899f9f566dfc88978959,0.35928143712574845,False,0.0
8,27,"greater_than_or_equal(pdiv(x[5],x[5]), add(mul(x[5],add(add(x[5],x[7]),add(x[7],add(mul(add(x[5],x[5]),x[2]),add(sub(x[7],x[7]),pdiv(x[5],x[5])))))),mul(mul(x[5],x[7]),pdiv(x[7],x[3]))))",False,,,417cdca570dceda322e9439a96312f84,0.5029940119760479,False,0.0
8,27,"greater_than_or_equal(mul(x[5],x[2]), x[7])",True,"less_than_or_equal(x[7],mul(x[5],x[2]))",0.5868263473053892,4fc846ba581f337a2d2a5969ea7ba4ee,0.5868263473053892,False,0.0
8,27,"greater_than_or_equal(sub(pdiv(x[2],x[5]),x[7]), add(x[2],add(x[2],x[5])))",True,"greater_than_or_equal(x[2], add(mul(x[5],add(x[5],x[2])),mul(x[5],add(x[5],x[2]))))",0.6467065868263473,73df14872718f434eb4fafc9aed6b945,0.6227544910179641,True,-0.0239520958083832
8,27,"greater_than_or_equal(pdiv(x[5],x[5]), pdiv(x[5],x[5]))",True,"less_than_or_equal(x[2],x[2])",0.35928143712574845,bd082d42dcba8056510101f18394b575,0.35928143712574845,False,0.0
8,27,"less_than_or_equal(mul(59.59,mul(x[5],x[7])),x[2])",True,"less_than_or_equal(mul(sub(30.95,x[2]),x[5]),mul(x[7],add(add(add(x[2],x[3]),pdiv(x[0],x[7])),x[2])))",0.6467065868263473,322944f1a81ee73855970d3a0b60a0dd,0.6407185628742516,True,-0.0059880239520957446
8,27,"greater_than_or_equal(pdiv(add(pdiv(x[5],x[2]),mul(x[7],add(add(pdiv(x[5],x[3]),x[7]),x[2]))),sub(x[2],add(add(sub(x[2],x[2]),75.99),x[5]))), 00.39)",True,not_(x[6]),0.6347305389221557,b4068ba57b63c959651c969331c4b5cd,0.6407185628742516,True,0.005988023952095856
8,27,"greater_than_or_equal(pdiv(pdiv(x[5],x[3]),x[5]), x[7])",True,"less_than_or_equal(x[2],x[2])",0.35928143712574845,bd082d42dcba8056510101f18394b575,0.35928143712574845,False,0.0
8,27,"greater_than_or_equal(pdiv(x[5],x[5]), add(x[7],mul(x[7],pdiv(add(add(x[2],x[3]),add(pdiv(x[3],pdiv(x[7],add(x[2],x[7]))),pdiv(x[3],x[7]))),x[3]))))",True,not_(x[6]),0.6347305389221557,b4068ba57b63c959651c969331c4b5cd,0.6407185628742516,True,0.005988023952095856
8,27,"greater_than_or_equal(x[5], mul(x[7],add(mul(add(x[2],x[5]),sub(x[7],add(x[5],x[2]))),x[5])))",False,,,c57fe4bdbe976010c3c43218cab82354,0.3772455089820359,False,0.0
8,27,"greater_than_or_equal(add(x[5],mul(pdiv(x[5],add(x[2],mul(pdiv(x[5],x[7]),add(x[3],x[5])))),x[5])), sub(x[2],sub(pdiv(x[2],x[5]),mul(x[7],add(x[7],x[5])))))",False,,,9adad88e77e80e3c70f6f01982160e56,0.3293413173652695,False,0.0
8,27,"greater_than_or_equal(sub(pdiv(x[7],x[7]),x[2]), pdiv(pdiv(x[5],pdiv(x[5],add(x[2],x[0]))),add(add(x[2],x[3]),add(x[2],x[5]))))",False,,,3a2d28a35f2c20b3df6092172ed2065e,0.33532934131736525,False,0.0
8,27,"less_than_or_equal(mul(x[7],x[7]),add(x[7],x[2]))",True,"less_than_or_equal(x[2],x[2])",0.35928143712574845,bd082d42dcba8056510101f18394b575,0.35928143712574845,False,0.0
8,27,"greater_than_or_equal(x[5], mul(x[7],add(x[5],mul(x[2],add(add(x[7],x[5]),00.20)))))",True,"greater_than_or_equal(x[5], mul(x[7],add(x[5],mul(x[2],add(add(x[7],x[5]),00.20)))))",0.22155688622754488,45be72ca7418865da94668d498657efb,0.22155688622754488,False,0.0
8,27,"greater_than_or_equal(pdiv(x[5],x[5]), mul(x[5],add(x[2],x[7])))",True,"not_(greater_than_or_equal(mul(x[7],add(x[5],x[2])), add(sub(x[7],x[7]),pdiv(x[5],x[5]))))",0.2934131736526946,0626717d313f6c0bc6513f2ca4ff096e,0.2934131736526946,False,0.0
8,27,"not_(greater_than_or_equal(mul(add(x[5],x[2]),mul(x[2],x[0])), add(add(x[2],x[3]),add(x[2],x[5]))))",True,"less_than_or_equal(x[2],x[2])",0.35928143712574845,bd082d42dcba8056510101f18394b575,0.35928143712574845,False,0.0
8,27,"greater_than_or_equal(x[5], mul(x[7],add(x[7],x[2])))",True,"greater_than_or_equal(x[5], mul(x[7],add(x[7],x[2])))",0.2455089820359282,dbe0ded9608d153cce360999e2a5fae7,0.2455089820359282,False,0.0
8,27,"not_(less_than_or_equal(pdiv(x[5],x[5]),add(mul(x[5],add(x[5],x[7])),add(add(sub(x[2],add(x[2],x[5])),x[5]),x[5]))))",False,,,f22e31d4d8ca6d6e694e90dee72cc67b,0.41916167664670656,False,0.0
8,27,"greater_than_or_equal(09.69, pdiv(x[7],x[5]))",True,"greater_than_or_equal(09.69, pdiv(x[7],x[5]))",0.3293413173652695,804bafc2777bbec11fe5e2804a171eef,0.3293413173652695,False,0.0
8,27,"greater_than_or_equal(sub(pdiv(x[7],x[7]),add(pdiv(sub(add(mul(x[7],add(x[7],x[2])),x[3]),x[5]),x[5]),add(x[2],x[5]))), x[5])",True,"less_than_or_equal(mul(pdiv(x[2],x[7]),mul(x[3],x[0])),mul(sub(x[0],x[7]),pdiv(x[3],x[0])))",0.6047904191616766,3dcd61327fdb33360e9b03a017985fb9,0.562874251497006,True,-0.041916167664670656
8,27,"greater_than_or_equal(x[5], mul(x[7],sub(mul(mul(pdiv(x[5],pdiv(x[5],x[5])),mul(04.65,x[5])),x[5]),add(x[2],x[3]))))",False,,,08b760e3483defeadc6f94cc96aa436d,0.2934131736526946,False,0.0
8,27,"greater_than_or_equal(add(x[2],x[2]), x[5])",True,"greater_than_or_equal(add(x[2],x[2]), x[5])",0.6047904191616766,58c989c6c5d320ece246c539fa0373f8,0.6047904191616766,False,0.0
8,27,"less_than_or_equal(sub(x[7],sub(x[5],x[5])),x[5])",True,"greater_than_or_equal(x[5], x[7])",0.3892215568862275,ca29d589a2290a0489371628a6b32bf4,0.3892215568862275,False,0.0
8,27,"greater_than_or_equal(x[5], mul(x[7],add(x[5],mul(x[2],pdiv(x[5],mul(x[7],add(x[3],x[5])))))))",False,,,abcfdf448e381693a9e5987e1ed34110,0.23353293413173648,False,0.0
8,27,"greater_than_or_equal(pdiv(x[5],x[5]), sub(x[5],x[2]))",True,"less_than_or_equal(x[2],x[2])",0.35928143712574845,bd082d42dcba8056510101f18394b575,0.35928143712574845,False,0.0
8,27,"greater_than_or_equal(pdiv(x[5],x[7]), add(x[5],mul(x[5],add(x[3],add(mul(x[7],add(x[2],x[2])),x[5])))))",True,"not_(less_than_or_equal(pdiv(x[5],x[7]),add(x[5],mul(x[5],add(x[2],pdiv(x[3],x[3]))))))",0.2694610778443114,3666d2adeb78fa43d08db5780c1835ec,0.25149700598802394,True,-0.017964071856287456
8,27,"greater_than_or_equal(x[0], add(pdiv(pdiv(x[5],x[5]),add(mul(09.89,x[7]),x[2])),x[2]))",False,,,be5053e29ade8d88f45374560b0c0162,0.6407185628742516,False,0.0
8,27,"not_(and_(greater_than_or_equal(sub(x[7],sub(pdiv(x[5],x[7]),mul(pdiv(pdiv(x[3],x[3]),add(add(x[7],sub(sub(add(add(49.97,x[2]),x[5]),x[7]),sub(x[5],mul(x[5],x[5])))),add(x[7],x[2]))),x[3]))), x[5]),greater_than_or_equal(pdiv(add(sub(x[3],x[7]),x[5]),add(sub(x[7],x[3]),x[7])), sub(x[3],x[7]))))",False,,,fb8f13d2aef876d1f537e12aa9eb8133,0.3173652694610778,False,0.0
8,27,"greater_than_or_equal(x[5], mul(x[7],add(mul(sub(add(add(sub(x[5],x[3]),x[7]),add(mul(sub(x[2],x[7]),sub(add(sub(x[7],mul(pdiv(mul(x[5],sub(sub(add(pdiv(sub(x[0],x[2]),add(x[2],x[3])),add(pdiv(x[3],mul(x[7],add(x[2],x[7]))),pdiv(x[3],x[7]))),x[3]),x[5])),x[5]),add(x[7],x[2]))),add(x[2],x[2])),x[5])),x[5])),x[5]),x[2]),add(sub(x[7],x[7]),pdiv(x[5],x[5])))))",False,,,7935f7aef50e9da9d4e8723f686f0e39,0.3053892215568862,False,0.0
8,27,"greater_than_or_equal(sub(pdiv(x[5],x[7]),x[2]), x[5])",True,"greater_than_or_equal(x[5], mul(x[7],add(x[5],x[2])))",0.23353293413173648,49521aab13419e9d4582e656c37790ef,0.23353293413173648,False,0.0
8,27,"greater_than_or_equal(pdiv(x[5],x[7]), add(x[5],pdiv(x[5],add(x[2],x[7]))))",True,"greater_than_or_equal(sub(pdiv(x[2],x[7]),x[2]), x[7])",0.35928143712574845,2bb4a0ec88ea899f9f566dfc88978959,0.35928143712574845,False,0.0
8,27,"greater_than_or_equal(sub(x[3],pdiv(x[5],x[7])), x[5])",True,"not_(less_than_or_equal(sub(x[3],x[5]),x[5]))",0.6347305389221557,b5fa2e7d7048b39fdcc9317861adfd94,0.6826347305389222,True,0.04790419161676651
8,27,"not_(less_than_or_equal(pdiv(x[5],x[5]),mul(x[2],add(add(x[2],x[0]),x[0]))))",True,"not_(less_than_or_equal(pdiv(x[5],x[5]),add(x[2],mul(x[7],x[0]))))",0.3293413173652695,1ab369f1c9c900ba68f0c77139376ac8,0.33532934131736525,True,0.0059880239520957446
8,27,"greater_than_or_equal(pdiv(x[5],x[2]), mul(x[7],add(add(pdiv(mul(x[7],x[3]),x[7]),x[5]),mul(x[7],mul(x[5],x[2])))))",False,,,6b829faff842909b93243716814705ee,0.2934131736526946,False,0.0
8,27,"greater_than_or_equal(64.50, x[2])",True,"less_than_or_equal(x[2],x[2])",0.35928143712574845,bd082d42dcba8056510101f18394b575,0.35928143712574845,False,0.0
8,27,"greater_than_or_equal(sub(pdiv(x[5],x[7]),pdiv(x[7],x[5])), sub(sub(mul(x[7],x[2]),x[7]),x[2]))",True,"greater_than_or_equal(x[5], sub(x[7],pdiv(x[5],pdiv(add(x[2],x[5]),x[5]))))",0.33532934131736525,084eb10daab79cd16eae9fb896fec938,0.3413173652694611,True,0.005988023952095856
8,27,"greater_than_or_equal(sub(pdiv(x[5],x[7]),add(x[5],x[5])), mul(x[2],sub(x[2],pdiv(pdiv(x[7],add(add(mul(x[5],add(x[7],x[2])),add(x[2],x[2])),x[5])),x[5]))))",False,,,65a095c933e9e30b86e87931bc819b39,0.23952095808383234,False,0.0
8,27,"greater_than_or_equal(x[5], mul(x[7],add(x[5],x[2])))",True,"greater_than_or_equal(x[5], mul(x[7],add(x[5],x[2])))",0.23353293413173648,49521aab13419e9d4582e656c37790ef,0.23353293413173648,False,0.0
8,27,"greater_than_or_equal(00.69, pdiv(x[7],x[2]))",False,,,970ab32b0dc32ec5b452caebf9ef2432,0.5389221556886228,False,0.0
8,27,"less_than_or_equal(pdiv(x[5],x[7]),add(x[5],x[2]))",True,"less_than_or_equal(sub(pdiv(x[5],x[7]),x[2]),x[5])",0.7664670658682635,ddb8f2b80cae6cdf806f9c917c640108,0.7664670658682635,False,0.0
8,27,"greater_than_or_equal(pdiv(x[5],x[5]), mul(x[3],add(x[0],add(x[5],mul(add(x[5],x[2]),79.37)))))",True,"not_(not_(less_than_or_equal(91.64,pdiv(x[2],pdiv(x[3],x[0])))))",0.6586826347305389,9f39b412647a2bed42ce034a15293284,0.652694610778443,True,-0.005988023952095856
8,27,"greater_than_or_equal(x[5], mul(79.35,x[2]))",True,"greater_than_or_equal(pdiv(mul(x[5],x[2]),pdiv(x[2],x[5])), add(sub(x[7],x[7]),add(x[5],x[0])))",0.6107784431137724,ec48eb4aba9f475884bcf9e8f28adadc,0.6167664670658682,True,0.005988023952095856
8,27,"not_(less_than_or_equal(pdiv(x[5],x[5]),add(mul(x[5],mul(add(add(x[5],x[5]),pdiv(x[5],x[7])),x[0])),x[5])))",False,,,065a957199d1adb525d97db73e8c1aa8,0.32335329341317365,False,0.0
8,27,"greater_than_or_equal(x[7], pdiv(x[2],sub(add(x[2],sub(pdiv(add(x[7],x[2]),x[0]),x[3])),add(add(sub(x[3],mul(x[5],add(sub(x[5],x[5]),add(add(x[7],x[0]),x[2])))),x[0]),add(add(x[2],x[3]),add(x[2],x[5]))))))",False,,,f4b6572585039946335e0961fe2dcf30,0.4251497005988024,False,0.0
8,27,"greater_than_or_equal(x[3], x[3])",True,"less_than_or_equal(x[2],x[2])",0.35928143712574845,bd082d42dcba8056510101f18394b575,0.35928143712574845,False,0.0
8,27,"not_(less_than_or_equal(pdiv(x[5],82.90),x[2]))",True,"greater_than_or_equal(pdiv(mul(x[5],x[2]),pdiv(x[2],x[5])), add(sub(x[7],x[7]),add(x[5],x[0])))",0.6107784431137724,ec48eb4aba9f475884bcf9e8f28adadc,0.6167664670658682,True,0.005988023952095856
8,27,"greater_than_or_equal(sub(pdiv(x[5],x[5]),x[2]), add(add(x[5],mul(x[7],x[5])),x[7]))",False,,,ccc7d1c4209504e2a389d41d24624d7c,0.46706586826347307,False,0.0
8,27,"greater_than_or_equal(pdiv(x[5],x[5]), add(x[2],pdiv(mul(x[3],add(x[2],x[7])),add(pdiv(pdiv(x[7],x[5]),99.94),pdiv(x[2],x[7])))))",True,"greater_than_or_equal(pdiv(x[5],x[5]), add(x[2],pdiv(mul(x[3],add(x[2],x[7])),add(pdiv(pdiv(x[7],x[5]),99.96),pdiv(x[2],x[7])))))",0.2934131736526946,969dea09856eb6af42de78a023fe894c,0.2934131736526946,False,0.0
8,27,"greater_than_or_equal(sub(pdiv(x[5],x[5]),x[2]), add(mul(x[5],mul(x[7],x[5])),x[7]))",True,"greater_than_or_equal(sub(pdiv(x[5],x[5]),x[2]), add(mul(x[5],mul(x[7],x[5])),x[7]))",0.20958083832335328,bb6b8a00330dff1b6b769b00f9d6375f,0.20958083832335328,False,0.0
8,27,"greater_than_or_equal(x[5], x[7])",True,"greater_than_or_equal(x[5], x[7])",0.3892215568862275,ca29d589a2290a0489371628a6b32bf4,0.3892215568862275,False,0.0
8,27,"greater_than_or_equal(pdiv(x[5],mul(x[7],add(x[2],x[5]))), mul(x[2],mul(x[5],mul(x[7],add(mul(x[7],sub(x[7],add(x[5],x[7]))),add(x[2],x[7]))))))",False,,,04e923b5aa789c6070b4c37bcdc75558,0.3293413173652695,False,0.0
8,27,"greater_than_or_equal(x[5], mul(sub(x[5],add(mul(x[3],add(x[2],x[7])),mul(x[2],x[2]))),x[7]))",True,"less_than_or_equal(x[2],x[2])",0.35928143712574845,bd082d42dcba8056510101f18394b575,0.35928143712574845,False,0.0
8,27,"greater_than_or_equal(x[5], mul(x[5],add(x[7],add(mul(add(x[7],x[2]),x[7]),x[7]))))",True,"greater_than_or_equal(sub(pdiv(x[7],x[7]),x[7]), mul(x[7],add(add(add(x[2],x[7]),x[7]),x[2])))",0.2694610778443114,f939a56af984ccebe822528941622d51,0.3053892215568862,True,0.0359281437125748
8,27,"greater_than_or_equal(pdiv(x[5],x[5]), add(x[7],mul(x[7],sub(x[3],mul(x[2],sub(sub(x[0],x[5]),x[5]))))))",True,"greater_than_or_equal(x[5], mul(x[7],add(mul(x[5],add(mul(x[7],mul(x[5],x[5])),x[3])),x[5])))",0.23952095808383234,8c7499abcc85b0cd77ee6adb32b1131d,0.22155688622754488,True,-0.017964071856287456
8,27,"greater_than_or_equal(x[3], add(x[7],x[5]))",True,"less_than_or_equal(add(add(x[7],x[5]),sub(x[2],x[3])),x[2])",0.5808383233532934,b9ec470daab482bf42854f3b768e4b80,0.5808383233532934,False,0.0
8,27,"greater_than_or_equal(sub(pdiv(x[5],add(x[5],x[5])),add(x[7],mul(x[7],sub(x[3],mul(x[2],sub(sub(x[5],x[5]),x[5])))))), x[3])",False,,,5d48d630f4e8348281320033c71aad97,0.5508982035928144,False,0.0
8,27,"greater_than_or_equal(pdiv(x[5],x[5]), mul(x[2],sub(mul(x[5],add(x[7],x[2])),x[2])))",True,"less_than_or_equal(x[2],x[2])",0.35928143712574845,bd082d42dcba8056510101f18394b575,0.35928143712574845,False,0.0
8,27,"greater_than_or_equal(add(mul(x[7],add(x[5],mul(mul(add(x[0],add(x[2],x[2])),add(add(x[7],sub(x[3],mul(x[5],x[7]))),add(x[2],x[3]))),x[2]))),add(x[2],58.94)), pdiv(x[7],add(x[2],x[7])))",True,"less_than_or_equal(x[2],x[2])",0.35928143712574845,bd082d42dcba8056510101f18394b575,0.35928143712574845,False,0.0
8,27,"greater_than_or_equal(sub(pdiv(x[7],x[7]),x[2]), x[3])",True,"not_(less_than_or_equal(pdiv(x[5],x[5]),add(x[2],x[3])))",0.2694610778443114,8e10ebf505ba211742b7164524309595,0.2694610778443114,False,0.0
8,27,"greater_than_or_equal(pdiv(x[5],add(mul(x[7],add(x[7],x[2])),x[5])), pdiv(mul(x[2],pdiv(x[5],x[2])),x[5]))",True,"greater_than_or_equal(pdiv(mul(x[5],x[2]),pdiv(x[2],x[5])), add(sub(x[7],x[7]),add(x[5],x[0])))",0.6107784431137724,ec48eb4aba9f475884bcf9e8f28adadc,0.6167664670658682,True,0.005988023952095856
8,27,"greater_than_or_equal(pdiv(x[3],x[3]), mul(x[7],add(pdiv(x[2],mul(x[7],add(add(pdiv(x[5],x[3]),x[7]),add(mul(sub(x[2],x[7]),sub(x[2],x[5])),add(x[2],add(x[2],x[5])))))),x[7])))",False,,,98aaad95da7f3f12ac4e4471dda3f0af,0.3892215568862275,False,0.0
8,27,"greater_than_or_equal(pdiv(pdiv(x[0],x[7]),x[2]), sub(pdiv(add(sub(x[3],pdiv(x[0],00.69)),x[5]),x[5]),add(sub(x[5],x[5]),add(add(x[7],x[0]),x[2]))))",False,,,a3f56ff3504257957937935f1880426d,0.5868263473053892,False,0.0
8,27,"greater_than_or_equal(sub(pdiv(x[5],x[5]),x[2]), add(mul(x[5],mul(x[7],90.93)),x[2]))",True,"less_than_or_equal(mul(mul(x[7],x[7]),74.75),add(x[7],x[7]))",0.6227544910179641,83475aff34f9e2eb2174b5d809ea1882,0.6167664670658682,True,-0.005988023952095856
8,27,"greater_than_or_equal(pdiv(x[5],add(x[2],x[5])), mul(add(mul(add(x[5],x[2]),x[5]),x[2]),x[5]))",True,"not_(less_than_or_equal(pdiv(x[5],x[5]),add(x[5],x[2])))",0.2455089820359282,5825d6d8d32996f2f81bb41cc0bfa92f,0.2455089820359282,False,0.0
8,27,"greater_than_or_equal(x[5], mul(x[7],add(mul(sub(add(add(x[2],sub(mul(x[7],add(x[2],x[3])),x[7])),sub(x[5],mul(x[5],x[5]))),add(add(add(x[2],x[3]),x[5]),add(x[3],add(sub(x[3],x[7]),x[5])))),add(sub(x[7],x[3]),x[7])),sub(x[3],x[7]))))",False,,,244fe9e00fe77a21b629f527d4f9b9f5,0.35928143712574845,False,0.0
8,27,"greater_than_or_equal(x[5], mul(x[2],add(x[7],add(mul(add(x[7],x[5]),add(sub(x[2],x[5]),add(add(x[7],x[0]),mul(pdiv(x[5],x[5]),x[5])))),x[5]))))",False,,,f38bf1c62a1f9b2c2d6f32d79865ab8d,0.25149700598802394,False,0.0
8,27,"greater_than_or_equal(sub(pdiv(x[7],x[2]),add(x[2],x[5])), x[7])",False,,,5178d9c000e89c832ba685d855c6c029,0.40718562874251496,False,0.0
8,27,"less_than_or_equal(sub(pdiv(x[7],x[7]),x[7]),mul(x[2],add(add(pdiv(x[5],x[5]),sub(add(x[7],x[7]),mul(x[2],add(add(mul(add(x[7],add(sub(add(x[2],add(x[2],x[5])),x[5]),x[2])),x[3]),x[5]),x[5])))),add(x[2],x[5]))))",False,,,c27d1d6bfb2b68bc9278a6090af03fd2,0.7485029940119761,False,0.0
8,27,"greater_than_or_equal(pdiv(x[5],x[5]), mul(x[5],add(x[0],add(x[5],x[5]))))",True,"not_(less_than_or_equal(pdiv(x[5],x[5]),add(mul(x[5],x[5]),x[5])))",0.3772455089820359,85004d30cad8675ea748791609909266,0.33532934131736525,True,-0.041916167664670656
8,27,"not_(less_than_or_equal(pdiv(x[5],add(add(x[7],x[2]),sub(x[7],x[7]))),x[7]))",True,"greater_than_or_equal(x[5], mul(x[7],add(x[7],x[2])))",0.2455089820359282,dbe0ded9608d153cce360999e2a5fae7,0.2455089820359282,False,0.0
8,27,"greater_than_or_equal(x[5], mul(x[5],mul(x[7],add(mul(add(x[3],add(x[2],x[7])),x[0]),x[3]))))",False,,,0aa3255c3f47fa8a36e51f7d721dc234,0.32335329341317365,False,0.0
8,27,"not_(greater_than_or_equal(add(mul(x[3],mul(x[7],x[5])),x[7]), x[2]))",True,"greater_than_or_equal(pdiv(x[2],x[7]), add(mul(x[3],x[5]),pdiv(x[3],x[3])))",0.5568862275449102,03791f2b2d2fa5b1dfefc93ced9dc42d,0.5568862275449102,False,0.0
8,27,"greater_than_or_equal(sub(pdiv(x[5],x[5]),x[2]), add(pdiv(x[5],x[2]),mul(x[5],mul(x[7],add(mul(mul(add(pdiv(x[7],mul(x[5],x[7])),add(x[2],x[2])),x[2]),add(x[2],x[3])),add(pdiv(x[3],pdiv(x[7],add(x[2],x[7]))),pdiv(x[3],x[7])))))))",False,,,d584096c68905d4b535f214d48b9ef95,0.6407185628742516,False,0.0
8,27,"greater_than_or_equal(sub(pdiv(x[7],x[7]),mul(x[0],x[7])), add(x[7],x[5]))",True,"greater_than_or_equal(pdiv(x[5],x[5]), add(add(x[7],x[0]),x[5]))",0.38323353293413176,e13aa23db313dd681eafce91776358ad,0.3293413173652695,True,-0.053892215568862256
8,27,"greater_than_or_equal(sub(pdiv(x[5],x[5]),x[2]), add(mul(x[5],mul(x[7],x[7])),x[3]))",False,,,d74e3134973df9cb5262e8e8c1401819,0.27544910179640714,False,0.0
8,27,"greater_than_or_equal(x[5], mul(pdiv(x[7],x[7]),x[7]))",True,"greater_than_or_equal(x[5], x[7])",0.3892215568862275,ca29d589a2290a0489371628a6b32bf4,0.3892215568862275,False,0.0
8,27,"greater_than_or_equal(sub(x[5],mul(sub(mul(add(mul(add(x[7],x[2]),x[7]),x[7]),x[7]),add(mul(x[7],add(x[2],x[5])),add(x[2],x[5]))),x[5])), add(x[5],x[2]))",True,"not_(less_than_or_equal(pdiv(pdiv(x[5],sub(x[5],x[7])),x[2]),add(add(x[5],x[2]),x[2])))",0.3772455089820359,e6fa80b6a0d44104bd2e01f706028b1d,0.43113772455089816,True,0.053892215568862256
8,27,"greater_than_or_equal(x[5], mul(x[7],add(x[5],sub(mul(x[7],add(add(pdiv(x[5],x[3]),x[7]),add(add(x[7],pdiv(x[5],x[2])),add(x[2],x[7])))),add(pdiv(x[3],pdiv(x[7],add(x[2],x[7]))),pdiv(sub(x[2],pdiv(x[3],x[5])),x[5]))))))",True,"greater_than_or_equal(mul(x[2],x[5]), mul(x[7],add(x[7],x[2])))",0.4850299401197605,0a25eb3edf4c09d1e9859a9e9f538e33,0.4730538922155688,True,-0.011976047904191711
8,27,"greater_than_or_equal(pdiv(x[5],add(x[5],sub(x[2],sub(mul(sub(x[3],x[7]),x[7]),add(x[7],x[5]))))), x[5])",False,,,ed3dea268b3b8814cb922022539c4c87,0.5449101796407185,False,0.0
8,27,"not_(greater_than_or_equal(mul(x[7],add(mul(add(add(add(x[2],x[2]),x[5]),sub(pdiv(x[5],x[2]),add(sub(x[7],x[7]),pdiv(x[5],x[0])))),add(mul(x[5],sub(sub(sub(sub(x[2],mul(pdiv(x[2],sub(x[7],sub(pdiv(x[3],x[7]),add(x[0],x[7])))),x[5])),add(x[0],add(x[0],x[2]))),x[7]),mul(x[2],add(x[2],x[5])))),x[7])),x[2])), x[3]))",False,,,94687f96ee0e2e6c14040d1b0072fc6e,0.38323353293413176,False,0.0
8,27,"greater_than_or_equal(pdiv(x[5],x[2]), x[5])",True,"not_(greater_than_or_equal(mul(x[7],x[2]), x[7]))",0.34730538922155685,f69cf4961d82af0c72c0014d2a401904,0.34730538922155685,False,0.0
8,27,"greater_than_or_equal(x[5], mul(x[2],mul(x[7],add(mul(x[7],pdiv(x[2],x[5])),mul(x[2],mul(x[5],mul(x[7],add(mul(x[7],sub(x[7],mul(x[5],x[7]))),add(x[2],x[7])))))))))",True,"greater_than_or_equal(sub(pdiv(x[5],x[2]),x[7]), mul(x[5],pdiv(x[2],pdiv(pdiv(pdiv(add(add(mul(x[0],x[5]),add(x[7],x[2])),x[2]),mul(x[5],mul(x[7],add(mul(x[7],add(x[7],mul(x[5],x[7]))),add(x[2],x[7]))))),x[2]),add(x[2],x[3])))))",0.3053892215568862,a3beb68cc0c929afa500e766d6ebb39b,0.29940119760479045,True,-0.0059880239520957446
8,27,"greater_than_or_equal(x[5], mul(add(x[7],x[5]),add(sub(x[2],x[5]),add(add(x[7],x[0]),mul(pdiv(x[7],x[2]),x[3])))))",False,,,5cddf0467531a33da3019ee53e005ef6,0.4610778443113772,False,0.0
8,27,"greater_than_or_equal(pdiv(sub(x[7],x[2]),x[0]), x[5])",False,,,7e4afbcf6e1e5b9425f3a0c80fba9f66,0.4251497005988024,False,0.0
8,27,"not_(less_than_or_equal(pdiv(x[5],x[5]),add(mul(x[5],add(pdiv(x[3],mul(x[5],pdiv(pdiv(sub(x[2],sub(pdiv(x[2],x[5]),mul(x[7],pdiv(add(x[2],pdiv(x[2],add(x[2],x[2]))),x[5])))),x[5]),x[5]))),x[2])),add(sub(x[7],x[7]),pdiv(x[5],x[5])))))",True,"not_(less_than_or_equal(pdiv(x[7],pdiv(x[7],add(x[5],x[2]))),add(sub(x[7],sub(x[5],mul(x[5],x[5]))),add(x[5],x[2]))))",0.437125748502994,7121f8314e6f336aa4916d07dff99a28,0.5688622754491017,True,0.1317365269461077
8,27,"greater_than_or_equal(sub(pdiv(x[7],x[7]),x[7]), mul(x[2],add(add(pdiv(x[5],x[5]),sub(add(x[2],add(x[2],x[5])),x[7])),add(x[5],x[2]))))",False,,,8ad593397323f729721c3c0946d30ffa,0.31137724550898205,False,0.0
8,27,"greater_than_or_equal(pdiv(x[3],mul(add(x[7],mul(x[7],x[2])),x[2])), x[3])",False,,,06d4933fce9acfcff9f94fa8f2e4102b,0.32335329341317365,False,0.0
8,27,"not_(less_than_or_equal(x[0],mul(x[5],add(mul(x[5],add(x[7],x[2])),add(x[2],x[2])))))",False,,,fce700fa29a9721d8e9cf5e9d08023d2,0.5988023952095809,False,0.0
8,27,"greater_than_or_equal(x[3], mul(x[5],mul(mul(add(add(add(mul(x[7],add(x[5],x[0])),sub(x[3],x[7])),add(x[3],x[7])),add(add(x[2],x[5]),x[5])),x[5]),x[2])))",False,,,3b7f1958c1effa5038b94b23ecccee43,0.2455089820359282,False,0.0
8,27,"greater_than_or_equal(pdiv(x[5],add(x[2],x[7])), x[2])",True,"greater_than_or_equal(pdiv(x[5],x[5]), add(add(x[2],mul(x[2],mul(sub(x[7],x[7]),pdiv(x[5],x[5])))),mul(mul(x[7],x[2]),sub(pdiv(add(x[7],x[2]),x[5]),x[5]))))",0.2934131736526946,b2764a6f3ef5bc579589eb89668b6cf5,0.29940119760479045,True,0.005988023952095856
8,27,"greater_than_or_equal(x[5], mul(pdiv(x[7],mul(mul(mul(x[5],add(x[2],mul(x[7],add(x[5],x[7])))),add(add(x[3],add(x[2],x[7])),sub(sub(x[5],sub(x[0],x[3])),mul(x[7],add(mul(x[5],sub(sub(sub(sub(x[2],x[2]),x[2]),sub(x[7],sub(pdiv(x[3],add(x[5],x[0])),x[7]))),x[5])),mul(x[5],x[2])))))),91.39)),mul(x[5],add(x[5],x[2]))))",True,"less_than_or_equal(x[2],x[2])",0.35928143712574845,bd082d42dcba8056510101f18394b575,0.35928143712574845,False,0.0
8,27,"greater_than_or_equal(sub(pdiv(sub(add(x[7],x[2]),mul(x[7],add(x[5],x[7]))),add(x[2],x[5])),mul(x[2],mul(x[5],mul(x[7],add(mul(x[7],sub(x[7],mul(x[5],x[7]))),add(x[2],x[7])))))), x[2])",True,"not_(less_than_or_equal(pdiv(sub(pdiv(x[5],x[5]),add(x[5],x[2])),x[5]),mul(x[7],add(x[7],x[2]))))",0.27544910179640714,2570cc0caa1a7eac1036761f030e6c28,0.29940119760479045,True,0.02395209580838331
8,27,"less_than_or_equal(pdiv(pdiv(x[5],x[7]),add(mul(x[5],sub(x[2],add(x[2],x[5]))),mul(x[2],mul(mul(x[5],add(mul(add(x[7],mul(x[7],add(x[5],add(x[0],x[2])))),x[5]),pdiv(mul(x[2],pdiv(x[5],x[2])),x[3]))),pdiv(sub(mul(add(x[2],x[5]),x[5]),x[2]),x[5]))))),mul(x[7],add(x[3],mul(x[5],add(x[2],add(x[2],x[2]))))))",False,,,f043acee36b5cdd592f37e3aa08a32ca,0.31137724550898205,False,0.0
8,27,"less_than_or_equal(x[7],x[7])",True,"less_than_or_equal(x[2],x[2])",0.35928143712574845,bd082d42dcba8056510101f18394b575,0.35928143712574845,False,0.0
8,27,"less_than_or_equal(sub(pdiv(x[5],99.62),x[2]),add(sub(sub(pdiv(x[5],x[7]),pdiv(x[2],add(x[2],x[2]))),x[5]),x[5]))",False,,,343b477ec1050f62b49383d5b2cc1a6c,0.3652694610778443,False,0.0
8,27,"greater_than_or_equal(sub(x[5],x[7]), add(x[5],mul(x[7],mul(pdiv(x[2],x[0]),add(add(x[2],x[3]),add(x[0],x[5]))))))",True,not_(x[6]),0.6347305389221557,b4068ba57b63c959651c969331c4b5cd,0.6407185628742516,True,0.005988023952095856
8,27,"not_(less_than_or_equal(pdiv(x[5],x[5]),mul(x[2],add(add(x[2],x[0]),mul(x[7],x[3])))))",True,"not_(less_than_or_equal(pdiv(x[5],x[5]),mul(x[2],add(add(x[2],x[0]),mul(x[7],x[3])))))",0.3173652694610778,dddae2e168bf3874b8fd5ba3a56f0c0d,0.3173652694610778,False,0.0
8,27,"greater_than_or_equal(sub(pdiv(pdiv(x[5],x[7]),x[7]),mul(x[5],x[3])), mul(add(x[5],x[7]),x[2]))",True,"greater_than_or_equal(sub(pdiv(pdiv(x[5],x[7]),x[7]),mul(x[5],x[3])), mul(add(x[5],x[7]),x[2]))",0.31137724550898205,3d5208c6b0b5918cf21222e2a369685f,0.31137724550898205,False,0.0
8,27,"greater_than_or_equal(x[5], add(mul(x[5],add(x[7],x[2])),add(x[2],x[2])))",False,,,e11005ec07201a2894611d22b27bb65c,0.4251497005988024,False,0.0
8,27,"greater_than_or_equal(sub(pdiv(x[5],x[5]),x[2]), mul(sub(pdiv(x[5],x[7]),add(x[2],x[2])),sub(x[7],x[7])))",True,"not_(greater_than_or_equal(mul(x[7],x[2]), x[7]))",0.34730538922155685,f69cf4961d82af0c72c0014d2a401904,0.34730538922155685,False,0.0
8,27,"less_than_or_equal(pdiv(x[5],add(x[2],x[7])),x[5])",True,"less_than_or_equal(pdiv(x[5],x[5]),add(x[2],x[7]))",0.8083832335329342,13bc325d64f36ba4cad976606f41f747,0.8023952095808383,True,-0.005988023952095856
8,27,"greater_than_or_equal(x[2], mul(x[3],add(x[2],x[7])))",False,,,060f7b78e1dd6ed6f9d21d9fa77ce7ea,0.5209580838323353,False,0.0
8,27,"greater_than_or_equal(pdiv(x[5],x[5]), add(x[2],x[2]))",True,"not_(less_than_or_equal(pdiv(x[5],x[5]),add(x[2],x[2])))",0.25149700598802394,b1dd33075a09479c47bb17a355eef7af,0.25149700598802394,False,0.0
8,27,"greater_than_or_equal(x[5], mul(x[7],add(mul(sub(add(mul(pdiv(x[5],x[3]),x[7]),add(mul(sub(x[2],x[7]),sub(x[2],x[7])),mul(x[2],add(x[2],x[5])))),x[7]),x[7]),x[5])))",False,,,6a68c940c3e70460414938bc84ea2382,0.2574850299401198,False,0.0
8,27,"greater_than_or_equal(sub(pdiv(x[5],x[5]),x[2]), x[2])",True,"not_(less_than_or_equal(pdiv(x[5],x[5]),add(x[2],x[2])))",0.25149700598802394,b1dd33075a09479c47bb17a355eef7af,0.25149700598802394,False,0.0
8,27,"greater_than_or_equal(x[3], mul(x[7],add(mul(x[5],add(mul(x[5],add(mul(pdiv(x[2],add(x[2],x[2])),x[5]),x[5])),x[5])),x[2])))",False,,,caefeb4f998a62acce7fd3ba90968d73,0.3053892215568862,False,0.0
8,27,"greater_than_or_equal(x[5], mul(add(x[7],sub(sub(x[5],sub(x[3],x[3])),mul(x[0],add(pdiv(x[5],sub(sub(sub(sub(x[2],add(pdiv(x[2],sub(x[7],sub(pdiv(x[3],x[7]),add(x[0],x[7])))),x[5])),add(x[0],add(x[0],x[2]))),x[7]),mul(x[2],add(x[2],x[5])))),x[7])))),sub(pdiv(x[3],x[5]),x[5])))",False,,,7de65d5b6a0f0e0d8a036648214eb536,0.4491017964071856,False,0.0
8,27,"greater_than_or_equal(x[2], x[5])",True,"less_than_or_equal(x[5],x[2])",0.652694610778443,6fb17002302e404122653cf2c68db553,0.652694610778443,False,0.0
8,27,"greater_than_or_equal(sub(x[3],x[5]), x[7])",True,"less_than_or_equal(add(add(x[7],x[5]),sub(x[2],x[3])),x[2])",0.5808383233532934,b9ec470daab482bf42854f3b768e4b80,0.5808383233532934,False,0.0
8,27,"greater_than_or_equal(pdiv(pdiv(x[5],add(x[2],x[3])),sub(mul(pdiv(x[5],x[2]),add(x[5],x[5])),mul(x[7],add(x[5],x[2])))), x[7])",False,,,54451e97275e2fce9c9b16e201219305,0.3652694610778443,False,0.0
8,27,"greater_than_or_equal(sub(pdiv(x[7],43.29),x[5]), x[5])",True,not_(x[6]),0.6347305389221557,b4068ba57b63c959651c969331c4b5cd,0.6347305389221557,False,0.0
8,27,"greater_than_or_equal(pdiv(x[5],x[5]), add(mul(x[5],add(x[2],pdiv(mul(x[2],x[5]),x[2]))),sub(add(x[7],x[2]),x[3])))",False,,,dd4a2ddf4dae225e7ddef136e0c96a92,0.23353293413173648,False,0.0
8,27,"greater_than_or_equal(pdiv(sub(mul(mul(mul(x[7],x[2]),add(x[2],add(x[5],x[2]))),mul(x[5],mul(x[5],add(x[7],x[2])))),mul(x[7],add(x[2],x[5]))),sub(x[2],x[7])), add(x[5],x[7]))",False,,,0a7d3fb88001190fefdb6b0aec145d24,0.5269461077844311,False,0.0
8,27,"greater_than_or_equal(pdiv(x[5],x[5]), add(x[7],mul(x[7],x[2])))",True,"greater_than_or_equal(pdiv(x[5],x[5]), add(x[7],mul(x[7],x[2])))",0.23952095808383234,0a59dd1a7af4fa849a2c5d4611cd3eab,0.23952095808383234,False,0.0
8,27,"greater_than_or_equal(sub(add(mul(x[7],add(x[2],x[5])),add(x[2],x[5])),x[5]), add(x[5],x[2]))",True,"less_than_or_equal(sub(pdiv(x[5],x[7]),x[2]),x[5])",0.7664670658682635,ddb8f2b80cae6cdf806f9c917c640108,0.7664670658682635,False,0.0
8,27,"greater_than_or_equal(pdiv(x[5],x[2]), add(x[0],x[7]))",True,"not_(less_than_or_equal(x[5],mul(x[2],add(x[7],x[0]))))",0.32335329341317365,354e2deeabd50563319a4f341cf0421d,0.32335329341317365,False,0.0
8,27,"greater_than_or_equal(pdiv(x[5],x[7]), add(x[2],add(x[5],x[7])))",True,"not_(less_than_or_equal(pdiv(x[3],x[7]),add(x[7],pdiv(x[3],x[5]))))",0.3293413173652695,74dce5cb961f14b3bdac896efda7926c,0.281437125748503,True,-0.04790419161676651
8,27,"greater_than_or_equal(sub(pdiv(x[7],x[7]),x[7]), mul(x[7],add(x[2],x[2])))",True,"greater_than_or_equal(sub(pdiv(x[7],x[7]),x[7]), mul(x[7],add(x[2],x[2])))",0.20359281437125754,95970d13af32bda1e3f8ad029c9f477c,0.20359281437125754,False,0.0
8,27,"not_(less_than_or_equal(pdiv(x[5],x[5]),add(mul(x[5],mul(add(x[7],x[2]),add(mul(pdiv(add(x[5],x[2]),x[3]),x[0]),x[2]))),x[0])))",False,,,bfd66e53e52523ec0c5d2d706e75dde1,0.281437125748503,False,0.0
8,27,"greater_than_or_equal(pdiv(x[3],add(x[7],x[2])), add(x[2],x[2]))",False,,,5b8eb811ae13320e81bfee6011f52167,0.281437125748503,False,0.0
8,27,"greater_than_or_equal(pdiv(add(x[7],x[2]),sub(x[7],x[7])), x[7])",True,"less_than_or_equal(x[2],x[2])",0.35928143712574845,bd082d42dcba8056510101f18394b575,0.35928143712574845,False,0.0
8,27,"greater_than_or_equal(pdiv(x[5],add(x[2],x[0])), sub(pdiv(x[5],x[7]),add(x[7],x[5])))",True,"greater_than_or_equal(x[5], mul(x[2],sub(pdiv(x[5],x[7]),x[2])))",0.4970059880239521,44ac51793f548ab2b785abb2f631b12d,0.5449101796407185,True,0.0479041916167664
8,27,"greater_than_or_equal(x[5], mul(x[3],x[3]))",True,"greater_than_or_equal(add(mul(x[0],x[3]),pdiv(x[5],x[3])), x[3])",0.3892215568862275,df965f11e64c3c02cbf3b3975bf8e5c8,0.39520958083832336,True,0.005988023952095856
8,27,"greater_than_or_equal(x[5], sub(add(x[2],x[2]),sub(pdiv(x[5],x[7]),mul(pdiv(pdiv(x[3],x[3]),add(add(x[7],sub(x[7],x[5])),x[5])),add(x[2],x[5])))))",True,"greater_than_or_equal(pdiv(x[5],add(x[2],x[7])), pdiv(x[2],x[5]))",0.3413173652694611,6a01cfb57e05d4350b308c5797775808,0.3293413173652695,True,-0.0119760479041916
8,27,"greater_than_or_equal(mul(x[7],sub(x[2],x[7])), mul(x[2],add(x[2],x[5])))",True,not_(x[6]),0.6347305389221557,b4068ba57b63c959651c969331c4b5cd,0.6407185628742516,True,0.005988023952095856
8,27,"greater_than_or_equal(pdiv(mul(pdiv(x[2],mul(x[7],add(add(pdiv(x[5],x[3]),x[7]),add(mul(sub(x[7],x[3]),mul(mul(x[2],x[2]),add(x[2],add(x[5],x[2])))),x[7])))),mul(x[7],add(mul(add(x[7],x[5]),add(sub(x[2],x[5]),add(add(x[7],x[0]),x[2]))),x[7]))),x[2]), x[3])",False,,,54129c7217486e834c117d882ea03333,0.6766467065868264,False,0.0
8,27,"greater_than_or_equal(sub(pdiv(sub(mul(76.85,sub(x[7],x[7])),pdiv(x[5],x[2])),mul(mul(x[3],x[7]),pdiv(sub(x[5],add(sub(x[2],x[5]),add(add(x[7],x[0]),x[2]))),x[7]))),x[2]), x[3])",False,,,4567caee04a7b27e36b574351f4212a2,0.592814371257485,False,0.0
8,27,"greater_than_or_equal(x[0], x[7])",True,"less_than_or_equal(x[7],x[0])",0.5449101796407185,be077d9307e8548c7420a3c3b9c6aaf2,0.5449101796407185,False,0.0
8,27,"greater_than_or_equal(sub(pdiv(x[5],x[5]),x[2]), 30.79)",True,not_(x[6]),0.6347305389221557,b4068ba57b63c959651c969331c4b5cd,0.6407185628742516,True,0.005988023952095856
8,27,"greater_than_or_equal(pdiv(pdiv(mul(x[7],x[2]),x[2]),x[5]), x[5])",False,,,f7862941d6294448b100a0040e623c7b,0.5029940119760479,False,0.0
8,27,"greater_than_or_equal(sub(pdiv(x[7],x[7]),x[7]), mul(x[7],add(mul(x[7],add(x[0],x[0])),x[0])))",False,,,8a4f134c08f409cb226fddf17f580173,0.281437125748503,False,0.0
8,27,"greater_than_or_equal(pdiv(pdiv(x[0],x[2]),pdiv(add(x[2],x[5]),00.39)), mul(sub(add(add(x[7],mul(x[2],x[5])),pdiv(sub(x[2],pdiv(x[5],x[2])),x[5])),pdiv(x[7],add(x[7],x[2]))),x[7]))",True,"greater_than_or_equal(pdiv(x[5],pdiv(add(x[2],x[5]),x[5])), mul(x[5],x[2]))",0.28742514970059885,0803226314985e684579b7ad7da3df72,0.2934131736526946,True,0.0059880239520957446
8,27,"greater_than_or_equal(pdiv(x[5],x[0]), x[7])",True,"not_(less_than_or_equal(pdiv(x[5],x[0]),x[0]))",0.35928143712574845,5372ceb8b23ce5e1dd3bf5c2fc3a57aa,0.3413173652694611,True,-0.017964071856287345
8,27,"greater_than_or_equal(x[5], mul(mul(x[7],x[3]),mul(x[5],x[7])))",True,"less_than_or_equal(x[2],x[2])",0.35928143712574845,bd082d42dcba8056510101f18394b575,0.35928143712574845,False,0.0
8,27,"greater_than_or_equal(pdiv(x[3],mul(mul(add(x[7],x[7]),x[7]),x[7])), x[2])",False,,,559aac2871a3f52fbe2016fd48ec4c1c,0.29940119760479045,False,0.0
8,27,"not_(less_than_or_equal(pdiv(x[5],x[2]),add(mul(x[5],add(x[7],x[2])),x[5])))",False,,,9fd480934c6c672fcbfb26739694bd3f,0.26347305389221554,False,0.0
8,27,"greater_than_or_equal(sub(pdiv(x[2],x[2]),x[5]), x[5])",True,"not_(less_than_or_equal(pdiv(x[5],x[5]),add(x[5],x[5])))",0.4491017964071856,2218a51fb25443ecfeb7d4f388f41f4b,0.4491017964071856,False,0.0
8,27,"greater_than_or_equal(x[5], mul(pdiv(mul(add(mul(sub(x[3],x[7]),mul(x[7],sub(x[5],mul(add(sub(x[5],sub(x[5],x[0])),x[2]),x[7])))),x[5]),x[5]),mul(x[2],add(sub(x[7],mul(x[5],x[5])),x[5]))),mul(mul(x[5],x[7]),pdiv(x[7],x[3]))))",False,,,3ca66d232aa6a1c50aa89138468d3208,0.3772455089820359,False,0.0
8,27,"greater_than_or_equal(x[3], mul(x[7],sub(mul(x[7],x[2]),x[7])))",True,"less_than_or_equal(x[2],x[2])",0.35928143712574845,bd082d42dcba8056510101f18394b575,0.35928143712574845,False,0.0
8,27,"greater_than_or_equal(x[7], x[7])",True,"less_than_or_equal(x[2],x[2])",0.35928143712574845,bd082d42dcba8056510101f18394b575,0.35928143712574845,False,0.0
8,27,"greater_than_or_equal(x[5], mul(x[5],mul(x[7],add(mul(pdiv(x[0],add(x[2],add(x[5],x[2]))),x[7]),sub(sub(x[5],sub(x[0],x[3])),mul(x[7],add(mul(x[5],sub(sub(sub(sub(x[2],x[2]),sub(sub(add(x[2],x[5]),x[2]),add(x[2],x[3]))),add(pdiv(x[5],pdiv(x[7],add(x[2],x[7]))),pdiv(x[3],x[7]))),x[3])),x[5])))))))",False,,,079cdddcb6c0068f6ae84ed11676a803,0.27544910179640714,False,0.0
8,27,"greater_than_or_equal(sub(pdiv(x[7],x[7]),x[2]), mul(x[2],add(add(pdiv(x[5],pdiv(add(sub(add(x[2],add(x[2],x[0])),x[7]),x[2]),x[3])),x[5]),x[5])))",False,,,011b82c8947bcc18d8c33b3274a037fe,0.2574850299401198,False,0.0
8,27,"greater_than_or_equal(pdiv(x[5],x[5]), sub(x[2],x[2]))",True,"less_than_or_equal(x[2],x[2])",0.35928143712574845,bd082d42dcba8056510101f18394b575,0.35928143712574845,False,0.0
8,27,"greater_than_or_equal(sub(pdiv(x[7],add(x[5],x[2])),x[7]), sub(sub(x[5],sub(x[0],x[3])),mul(x[7],add(mul(x[5],sub(sub(sub(sub(x[2],x[2]),x[2]),x[5]),mul(x[7],add(x[7],x[5])))),x[5]))))",False,,,4e16b95677e4663a00f841cb4aab35d2,0.6347305389221557,False,0.0
8,27,"greater_than_or_equal(x[7], mul(mul(x[7],add(x[2],add(x[5],x[5]))),mul(x[7],x[7])))",False,,,bd645ab45eb9b703b770dfd98cda8c2e,0.2694610778443114,False,0.0
8,27,"greater_than_or_equal(54.06, sub(mul(add(sub(x[0],x[3]),mul(x[7],add(mul(x[5],sub(sub(sub(sub(x[2],x[2]),x[2]),sub(x[7],sub(pdiv(x[3],add(x[5],x[0])),x[7]))),x[5])),x[5]))),mul(x[2],91.39)),mul(x[5],add(x[5],x[2]))))",True,"less_than_or_equal(x[2],x[2])",0.35928143712574845,bd082d42dcba8056510101f18394b575,0.35928143712574845,False,0.0
8,27,"greater_than_or_equal(pdiv(x[5],add(x[2],x[7])), x[5])",True,"less_than_or_equal(add(mul(x[7],pdiv(x[5],x[5])),x[2]),add(sub(x[7],x[7]),pdiv(69.44,sub(x[3],x[3]))))",0.19161676646706582,14c6e007ad625f3839f568e9ee8a86e1,0.19161676646706582,False,0.0
8,27,"greater_than_or_equal(sub(pdiv(x[5],x[5]),x[2]), mul(x[5],add(mul(x[5],add(x[5],x[7])),x[3])))",False,,,5846aaf02d773941e894c6f5fb6c28cf,0.2934131736526946,False,0.0
8,27,"greater_than_or_equal(x[5], mul(pdiv(x[2],add(x[2],x[2])),x[5]))",True,"less_than_or_equal(x[2],x[2])",0.35928143712574845,bd082d42dcba8056510101f18394b575,0.35928143712574845,False,0.0
8,27,"greater_than_or_equal(sub(pdiv(x[5],x[5]),x[0]), x[7])",True,"greater_than_or_equal(x[3], mul(add(x[7],x[0]),x[3]))",0.31137724550898205,f5bf9aebb388af6a7cbda4724b01f693,0.31137724550898205,False,0.0
8,27,"greater_than_or_equal(pdiv(x[5],x[5]), add(x[7],mul(x[2],pdiv(x[2],pdiv(pdiv(pdiv(mul(x[2],x[2]),sub(add(add(x[5],x[7]),x[2]),add(x[2],x[3]))),add(pdiv(x[3],pdiv(x[7],add(x[7],x[7]))),pdiv(x[3],x[2]))),pdiv(x[0],x[2]))))))",False,,,dc5538b48ad43d8e7763c95e7f189be6,0.37125748502994016,False,0.0
8,27,"greater_than_or_equal(mul(pdiv(x[5],x[7]),x[7]), x[2])",True,"not_(not_(less_than_or_equal(x[2],x[5])))",0.34730538922155685,4af53f79d9ad2ffac455113b88a02dd4,0.34730538922155685,False,0.0
8,27,"not_(less_than_or_equal(pdiv(x[7],x[2]),x[2]))",True,"not_(less_than_or_equal(pdiv(x[7],x[2]),x[2]))",0.3413173652694611,48484676f604e2391c073c391231d763,0.3413173652694611,False,0.0
8,27,"greater_than_or_equal(x[7], mul(x[2],x[3]))",True,"less_than_or_equal(mul(mul(x[2],x[3]),pdiv(x[2],x[7])),add(sub(x[7],x[3]),x[3]))",0.45508982035928147,7d973a6d8cc86431698bb2d6cd68b2c2,0.4011976047904192,True,-0.053892215568862256
8,27,"greater_than_or_equal(x[5], mul(mul(pdiv(pdiv(x[3],add(mul(add(add(x[7],sub(x[7],add(x[5],x[5]))),x[2]),x[2]),x[5])),x[7]),sub(x[5],mul(x[5],x[5]))),add(x[7],x[2])))",False,,,667499da636eb796291c9f7ab02aa474,0.5269461077844311,False,0.0
8,27,"greater_than_or_equal(x[5], sub(add(x[2],x[7]),sub(pdiv(x[5],x[7]),mul(x[7],x[3]))))",True,"greater_than_or_equal(x[5], sub(add(x[2],x[7]),sub(pdiv(x[5],x[7]),mul(x[7],x[3]))))",0.3173652694610778,0c193e0992777198ac452dba4aef2ef8,0.3173652694610778,False,0.0
8,27,"greater_than_or_equal(x[0], x[7])",True,"less_than_or_equal(x[7],x[0])",0.5449101796407185,be077d9307e8548c7420a3c3b9c6aaf2,0.5449101796407185,False,0.0
8,27,"greater_than_or_equal(x[5], mul(x[7],add(x[5],x[5])))",True,"greater_than_or_equal(x[5], mul(x[7],add(x[5],x[5])))",0.2455089820359282,9545aae94dd0fcb8b281ddfedf2da4e6,0.2455089820359282,False,0.0
8,27,"greater_than_or_equal(x[5], x[2])",True,"not_(not_(less_than_or_equal(x[2],x[5])))",0.34730538922155685,4af53f79d9ad2ffac455113b88a02dd4,0.34730538922155685,False,0.0
8,27,"greater_than_or_equal(00.09, sub(pdiv(pdiv(x[5],x[7]),x[2]),mul(x[5],x[5])))",True,"less_than_or_equal(mul(sub(30.95,x[2]),x[5]),mul(x[7],add(add(add(x[2],x[3]),pdiv(x[0],x[7])),x[2])))",0.6467065868263473,322944f1a81ee73855970d3a0b60a0dd,0.6467065868263473,False,0.0
8,27,"greater_than_or_equal(mul(sub(pdiv(x[7],mul(x[7],add(x[0],x[2]))),x[0]),x[3]), x[5])",False,,,2614249ea26af637fa104f730888ea2e,0.3293413173652695,False,0.0
8,27,"greater_than_or_equal(pdiv(x[3],mul(add(x[7],x[2]),add(x[2],add(x[3],x[5])))), x[5])",False,,,2faac185efecec6460edad2c7785809a,0.34730538922155685,False,0.0
8,27,"greater_than_or_equal(sub(pdiv(mul(add(x[3],mul(x[2],mul(add(mul(x[7],add(x[7],mul(x[5],x[5]))),x[7]),x[2]))),x[5]),x[2]),x[3]), x[0])",False,,,44e780c5c782cf27609a6bfbfcf29021,0.4011976047904192,False,0.0
8,27,"greater_than_or_equal(pdiv(x[5],x[2]), mul(x[7],add(add(pdiv(mul(x[5],x[5]),x[5]),x[2]),mul(sub(x[7],x[7]),pdiv(x[5],x[2])))))",True,"less_than_or_equal(mul(mul(x[7],x[2]),add(x[5],x[2])),x[5])",0.28742514970059885,4ae7d23fb296374221971282b09dd9ba,0.28742514970059885,False,0.0
8,27,"greater_than_or_equal(pdiv(pdiv(93.07,x[5]),x[5]), add(pdiv(x[2],x[5]),x[5]))",True,"less_than_or_equal(x[2],x[2])",0.35928143712574845,bd082d42dcba8056510101f18394b575,0.35928143712574845,False,0.0
8,27,"greater_than_or_equal(pdiv(x[5],99.29), x[5])",True,not_(x[6]),0.6347305389221557,b4068ba57b63c959651c969331c4b5cd,0.6347305389221557,False,0.0
8,27,"greater_than_or_equal(x[5], mul(x[7],add(x[5],mul(add(x[2],x[5]),x[7]))))",True,"not_(less_than_or_equal(pdiv(x[5],x[7]),mul(add(x[5],add(x[3],x[7])),mul(x[7],add(x[5],x[7])))))",0.22155688622754488,565b60e8ea058b39e5bc6be0d3d25800,0.22754491017964074,True,0.005988023952095856
8,27,"greater_than_or_equal(pdiv(x[5],x[5]), add(x[7],add(x[7],sub(mul(pdiv(mul(x[2],sub(sub(x[5],x[5]),x[5])),x[2]),add(sub(x[7],x[7]),pdiv(x[5],x[5]))),mul(mul(x[5],x[7]),pdiv(x[7],x[3]))))))",False,,,20289ae32450a4498fef536dab5bbf3d,0.3532934131736527,False,0.0
8,27,"greater_than_or_equal(pdiv(x[3],x[5]), add(x[2],add(mul(x[7],sub(x[3],mul(add(mul(x[7],add(x[2],x[2])),x[2]),add(x[2],x[3])))),add(pdiv(x[3],pdiv(x[0],add(x[2],x[7]))),pdiv(x[3],x[7])))))",False,,,852423ca8ceeba8f5536cf6a808732e3,0.7005988023952097,False,0.0
8,27,"greater_than_or_equal(pdiv(x[5],add(x[2],x[5])), mul(sub(mul(add(x[5],add(mul(x[7],add(mul(x[2],x[5]),x[2])),add(x[7],x[2]))),x[2]),x[5]),pdiv(x[2],x[0])))",False,,,cc1becbf3ab51d5d92031ae73746e193,0.26347305389221554,False,0.0
8,27,"greater_than_or_equal(x[5], mul(x[7],add(mul(mul(pdiv(x[3],add(x[2],x[2])),x[5]),x[7]),add(x[3],x[5]))))",False,,,b690374226f38fd6d16ce8b1b0c58c25,0.3413173652694611,False,0.0
8,27,"greater_than_or_equal(pdiv(x[3],x[5]), add(19.04,x[5]))",True,"less_than_or_equal(mul(sub(30.95,x[2]),x[5]),mul(x[7],add(add(add(x[2],x[3]),pdiv(x[0],x[7])),x[2])))",0.6467065868263473,322944f1a81ee73855970d3a0b60a0dd,0.652694610778443,True,0.0059880239520957446
8,27,"not_(greater_than_or_equal(mul(x[7],add(mul(add(add(add(x[2],x[2]),x[5]),x[5]),x[5]),x[2])), add(add(x[7],x[2]),mul(x[5],mul(x[5],add(x[7],x[2]))))))",False,,,8d3f0d2cb85aed6876cec796e24431c0,0.31137724550898205,False,0.0
8,27,"greater_than_or_equal(sub(pdiv(x[5],x[7]),add(x[5],x[5])), mul(x[2],mul(mul(x[5],mul(x[7],add(add(add(x[7],pdiv(x[2],mul(add(x[7],x[2]),x[2]))),add(x[2],x[3])),add(pdiv(x[3],pdiv(x[7],add(x[2],x[7]))),pdiv(x[3],x[7]))))),x[3])))",True,"not_(less_than_or_equal(pdiv(x[5],x[7]),add(x[5],mul(x[5],add(add(pdiv(x[7],add(x[7],x[3])),x[3]),x[3])))))",0.28742514970059885,05a1222881e719f0a7ff5c35d0d33125,0.25149700598802394,True,-0.03592814371257491
8,27,"greater_than_or_equal(sub(pdiv(x[7],add(x[2],x[7])),mul(x[2],x[0])), mul(mul(x[5],x[7]),sub(pdiv(add(sub(x[2],sub(pdiv(add(pdiv(x[7],x[0]),sub(pdiv(x[7],x[2]),x[3])),x[7]),sub(x[5],mul(x[5],x[5])))),add(x[7],x[2])),x[3]),x[5])))",True,"greater_than_or_equal(add(pdiv(x[7],x[2]),x[2]), x[5])",0.3772455089820359,bcad89a5c89e45d4b9ae9333253c1aa4,0.35928143712574845,True,-0.017964071856287456
8,27,"greater_than_or_equal(mul(x[5],add(x[2],x[5])), x[5])",True,"greater_than_or_equal(add(x[2],x[5]), pdiv(x[7],x[7]))",0.7544910179640718,3db16fa16df21b15852938a2c3f9a18b,0.7485029940119761,True,-0.0059880239520957446
8,27,"greater_than_or_equal(39.90, add(x[2],mul(sub(add(add(x[0],x[7]),add(x[0],x[2])),x[0]),x[2])))",True,"less_than_or_equal(x[2],x[2])",0.35928143712574845,bd082d42dcba8056510101f18394b575,0.35928143712574845,False,0.0
8,27,"greater_than_or_equal(x[5], mul(pdiv(x[5],x[5]),x[2]))",True,"not_(not_(less_than_or_equal(x[2],x[5])))",0.34730538922155685,4af53f79d9ad2ffac455113b88a02dd4,0.34730538922155685,False,0.0
8,27,"greater_than_or_equal(x[5], mul(x[7],add(mul(x[2],x[3]),42.05)))",True,not_(x[6]),0.6347305389221557,b4068ba57b63c959651c969331c4b5cd,0.6347305389221557,False,0.0
8,27,"less_than_or_equal(pdiv(x[3],mul(mul(x[7],x[2]),add(x[2],add(x[5],x[2])))),x[7])",False,,,0b22cf543b09ee47cead9e7e979be391,0.7245508982035929,False,0.0
8,27,"greater_than_or_equal(pdiv(x[7],x[3]), add(x[3],mul(sub(x[5],x[7]),add(x[7],x[5]))))",False,,,8e16a865e657e4f223a337597b9c04ac,0.5988023952095809,False,0.0
8,27,"greater_than_or_equal(sub(pdiv(x[5],x[7]),pdiv(x[3],x[2])), x[3])",False,,,9e09706a87ee1d6b8ed30527082bf1c2,0.5029940119760479,False,0.0
8,27,"greater_than_or_equal(sub(x[5],x[5]), add(x[7],mul(x[7],add(x[2],x[5]))))",True,not_(x[6]),0.6347305389221557,b4068ba57b63c959651c969331c4b5cd,0.6407185628742516,True,0.005988023952095856
8,27,"not_(less_than_or_equal(pdiv(x[5],add(x[7],x[7])),mul(x[7],x[3])))",False,,,9d75ce2cf6476edd10ee2f97c84140f7,0.3173652694610778,False,0.0
8,27,"greater_than_or_equal(x[5], mul(pdiv(sub(add(x[5],mul(x[2],add(add(x[7],x[5]),00.20))),x[7]),x[7]),x[2]))",False,,,f495e11995ad4760c751b2e954ae32c9,0.46706586826347307,False,0.0
8,27,"greater_than_or_equal(sub(x[2],x[7]), 97.41)",True,not_(x[6]),0.6347305389221557,b4068ba57b63c959651c969331c4b5cd,0.6407185628742516,True,0.005988023952095856
8,27,"greater_than_or_equal(mul(x[5],x[5]), add(mul(add(add(pdiv(x[5],x[0]),add(x[2],pdiv(mul(x[3],add(mul(pdiv(x[7],add(pdiv(pdiv(x[7],x[5]),99.96),pdiv(x[2],x[5]))),x[2]),add(x[2],x[3]))),add(pdiv(x[3],pdiv(x[7],add(x[2],x[7]))),pdiv(x[3],x[7]))))),x[3]),x[5]),x[5]))",True,not_(x[6]),0.6347305389221557,b4068ba57b63c959651c969331c4b5cd,0.6347305389221557,False,0.0
8,27,"greater_than_or_equal(pdiv(x[3],mul(mul(x[5],mul(x[7],add(x[5],x[2]))),x[2])), x[2])",False,,,7ebb48ac4e313a592c3818ca5d63597c,0.32335329341317365,False,0.0
8,27,"greater_than_or_equal(pdiv(x[5],add(x[5],x[7])), x[2])",True,"not_(less_than_or_equal(pdiv(x[5],add(x[5],x[7])),x[2]))",0.281437125748503,6064d2196889eafb4a8a860c948d633a,0.281437125748503,False,0.0
8,27,"greater_than_or_equal(x[5], mul(x[7],add(x[5],x[2])))",True,"greater_than_or_equal(x[5], mul(x[7],add(x[5],x[2])))",0.23353293413173648,49521aab13419e9d4582e656c37790ef,0.23353293413173648,False,0.0
8,27,"not_(less_than_or_equal(pdiv(x[5],x[3]),add(mul(mul(add(x[5],add(pdiv(x[0],pdiv(x[7],x[7])),x[7])),add(mul(x[7],add(mul(mul(x[5],add(x[2],x[7])),x[5]),add(x[5],x[7]))),x[3])),add(x[7],x[7])),pdiv(x[5],x[2]))))",False,,,324dc816a6b8cf78db289df8de3e843f,0.6167664670658682,False,0.0
8,27,"greater_than_or_equal(add(x[5],x[2]), x[0])",True,"less_than_or_equal(sub(sub(x[3],x[5]),pdiv(x[3],pdiv(add(x[2],x[3]),pdiv(x[0],x[7])))),x[2])",0.34730538922155685,b3e532c4ac9b50f7b93d7fdffd216042,0.3532934131736527,True,0.005988023952095856
8,27,"greater_than_or_equal(x[5], mul(x[7],add(mul(sub(x[2],add(add(sub(x[0],x[2]),add(x[2],add(x[2],x[5]))),00.39)),mul(sub(add(add(x[0],x[7]),add(x[0],add(x[3],sub(x[2],pdiv(x[7],add(add(add(x[2],x[3]),x[5]),x[5])))))),add(x[2],x[5])),x[5])),add(x[5],x[2]))))",False,,,93a21e0b8ba0356fed5036e139b4eb86,0.3173652694610778,False,0.0
8,27,"greater_than_or_equal(pdiv(x[5],x[5]), add(x[7],mul(x[7],sub(sub(pdiv(mul(x[2],sub(sub(x[5],x[5]),x[5])),x[2]),add(sub(x[7],x[7]),pdiv(x[5],x[5]))),mul(mul(x[5],x[7]),pdiv(x[7],x[3]))))))",True,"less_than_or_equal(x[2],x[2])",0.35928143712574845,bd082d42dcba8056510101f18394b575,0.35928143712574845,False,0.0
8,27,"greater_than_or_equal(sub(pdiv(x[5],sub(x[2],x[3])),mul(x[7],x[5])), x[2])",False,,,dad3f8e3f5cedd56013553aaea1d48ae,0.6047904191616766,False,0.0
8,27,"greater_than_or_equal(sub(pdiv(x[7],x[7]),x[7]), add(x[2],x[7]))",False,,,c4d224ca9941fd4517dbfc3cbea30d6d,0.29940119760479045,False,0.0
8,27,"greater_than_or_equal(x[3], mul(x[7],add(add(mul(x[7],sub(x[3],mul(x[2],sub(sub(x[5],x[5]),x[5])))),x[3]),add(sub(x[7],x[7]),pdiv(x[5],x[5])))))",True,"greater_than_or_equal(add(pdiv(x[3],x[7]),sub(x[5],add(x[3],add(sub(x[3],x[7]),pdiv(x[0],x[0]))))), x[5])",0.3772455089820359,322d5b28da3046879a22f5d101e8b0c4,0.3772455089820359,False,0.0
8,27,"less_than_or_equal(pdiv(x[5],x[5]),add(39.94,sub(pdiv(x[2],x[0]),add(add(x[2],x[3]),add(x[2],x[5])))))",True,"less_than_or_equal(x[2],x[2])",0.35928143712574845,bd082d42dcba8056510101f18394b575,0.35928143712574845,False,0.0
8,27,"not_(less_than_or_equal(pdiv(x[5],x[5]),add(mul(x[5],x[2]),add(x[5],x[5]))))",False,,,053c3e3384b07f1821c5413c4e1f0064,0.47904191616766467,False,0.0
8,27,"greater_than_or_equal(x[5], mul(x[7],pdiv(x[7],add(x[2],x[2]))))",False,,,4e91a8287c96d1a4e291ca36ca639a5c,0.38323353293413176,False,0.0
8,27,"greater_than_or_equal(pdiv(sub(x[7],mul(x[7],x[2])),mul(x[5],mul(x[5],add(x[7],x[2])))), mul(x[7],add(x[2],x[5])))",False,,,c59eac043f7e02434642ead200a26708,0.25149700598802394,False,0.0
8,27,"greater_than_or_equal(pdiv(x[3],mul(mul(x[7],x[2]),add(x[2],add(x[5],x[3])))), x[7])",True,"greater_than_or_equal(pdiv(x[3],mul(mul(x[7],x[2]),add(x[2],add(x[5],x[2])))), x[7])",0.27544910179640714,98a443b2ac0cf39390c4867638640c0f,0.27544910179640714,False,0.0
8,27,"greater_than_or_equal(x[0], add(mul(x[7],add(mul(add(x[7],x[5]),add(sub(x[2],x[5]),add(add(x[7],x[0]),x[2]))),x[7])),x[2]))",True,"less_than_or_equal(mul(pdiv(x[2],x[7]),mul(x[3],x[0])),mul(sub(x[0],x[7]),pdiv(x[3],x[0])))",0.6047904191616766,3dcd61327fdb33360e9b03a017985fb9,0.5688622754491017,True,-0.03592814371257491
8,27,"greater_than_or_equal(pdiv(x[5],x[7]), x[2])",True,"less_than_or_equal(sub(mul(x[2],x[7]),mul(x[0],x[7])),x[5])",0.34730538922155685,67e5c7a497be3e968ea5c2bd6433af6d,0.33532934131736525,True,-0.0119760479041916
8,27,"greater_than_or_equal(pdiv(x[5],x[5]), add(x[2],add(add(x[5],mul(x[0],mul(pdiv(x[2],85.91),x[3]))),add(x[2],x[5]))))",True,"greater_than_or_equal(pdiv(x[5],add(x[2],x[5])), add(x[5],x[5]))",0.5748502994011976,a11262a93a4c9f43e445db2fe176e910,0.5748502994011976,False,0.0
8,27,"greater_than_or_equal(x[2], x[5])",True,"less_than_or_equal(x[5],x[2])",0.652694610778443,6fb17002302e404122653cf2c68db553,0.652694610778443,False,0.0
8,27,"greater_than_or_equal(sub(pdiv(x[7],x[7]),x[7]), mul(x[7],add(x[7],x[5])))",True,"not_(less_than_or_equal(pdiv(x[5],x[7]),add(x[5],mul(x[5],add(x[7],x[5])))))",0.26347305389221554,6050d6d251a5a3431ff62831b7be63a8,0.2574850299401198,True,-0.0059880239520957446
8,27,"greater_than_or_equal(x[5], mul(x[7],add(add(x[2],x[7]),x[5])))",True,"not_(less_than_or_equal(pdiv(x[3],x[7]),add(x[7],pdiv(x[3],x[5]))))",0.3293413173652695,74dce5cb961f14b3bdac896efda7926c,0.281437125748503,True,-0.04790419161676651
8,27,"less_than_or_equal(pdiv(x[5],add(x[0],x[7])),x[2])",False,,,2e6ea2f0edd6677c3cd3563b2e492596,0.6766467065868264,False,0.0
8,27,"greater_than_or_equal(x[5], mul(x[7],add(mul(x[2],x[7]),00.39)))",False,,,3516c9a9f9abf2ce75194860d3951acd,0.29940119760479045,False,0.0
8,27,"greater_than_or_equal(x[5], mul(x[7],add(mul(mul(pdiv(x[5],add(x[2],x[2])),x[5]),x[7]),add(x[5],x[5]))))",True,"greater_than_or_equal(pdiv(x[5],x[5]), add(x[7],mul(x[7],sub(x[3],mul(x[7],sub(sub(x[7],sub(x[7],x[2])),add(pdiv(add(x[7],x[2]),add(sub(pdiv(x[2],x[5]),x[5]),x[5])),x[2])))))))",0.28742514970059885,327de39b8795a737c39fdaa7f47a329f,0.31137724550898205,True,0.0239520958083832
8,27,"greater_than_or_equal(sub(pdiv(x[7],x[7]),x[5]), x[2])",True,"not_(less_than_or_equal(pdiv(x[5],x[5]),add(x[5],x[2])))",0.2455089820359282,5825d6d8d32996f2f81bb41cc0bfa92f,0.2455089820359282,False,0.0
8,27,"greater_than_or_equal(pdiv(x[5],x[5]), pdiv(pdiv(pdiv(mul(x[2],x[2]),sub(add(add(x[5],x[7]),x[2]),add(x[2],x[3]))),add(pdiv(x[3],pdiv(x[7],add(x[7],x[7]))),pdiv(x[3],x[2]))),pdiv(x[0],x[2])))",True,"less_than_or_equal(pdiv(mul(x[2],x[0]),pdiv(x[3],x[2])),add(x[3],pdiv(x[5],x[5])))",0.3293413173652695,43405007e305438685d37410b29a9ae6,0.32335329341317365,True,-0.005988023952095856
8,27,"greater_than_or_equal(pdiv(x[5],add(x[5],add(x[5],pdiv(x[5],pdiv(mul(x[2],pdiv(x[5],x[2])),x[5]))))), add(x[7],add(x[7],x[2])))",True,"not_(less_than_or_equal(pdiv(x[5],add(add(mul(x[5],add(x[5],x[0])),mul(x[3],x[7])),add(x[5],x[2]))),add(sub(x[7],sub(x[5],mul(x[5],x[5]))),add(x[5],x[2]))))",0.5508982035928144,ca040225f4a180f13db4e73bc45362a7,0.5808383233532934,True,0.029940119760479056
8,27,"greater_than_or_equal(sub(pdiv(x[7],x[7]),x[7]), mul(x[7],add(x[7],74.75)))",True,not_(x[6]),0.6347305389221557,b4068ba57b63c959651c969331c4b5cd,0.6347305389221557,False,0.0
8,27,"less_than_or_equal(x[2],mul(x[3],x[0]))",False,,,ef4e663ecf7944ad4a7b2bcf7bf9f7d8,0.592814371257485,False,0.0
8,27,"not_(greater_than_or_equal(pdiv(x[5],x[7]), mul(x[5],mul(x[7],add(x[5],x[5])))))",False,,,2b388be7fe23a8fa2943ac74463bd4a0,0.6946107784431137,False,0.0
8,27,"greater_than_or_equal(sub(pdiv(x[7],x[7]),x[7]), pdiv(add(x[2],x[7]),x[5]))",False,,,1eed9de8f91921f0733e2f1ca8b6c2d7,0.45508982035928147,False,0.0
8,27,"greater_than_or_equal(pdiv(x[0],x[7]), add(x[2],x[5]))",True,"less_than_or_equal(mul(mul(x[7],x[7]),add(pdiv(x[5],x[5]),add(x[5],x[2]))),x[0])",0.49101796407185627,72f66bbb110430f6ad8cbc02dd618010,0.5149700598802396,True,0.02395209580838331
8,27,"greater_than_or_equal(sub(pdiv(x[3],mul(x[5],x[5])),x[2]), add(sub(x[7],x[7]),add(x[5],x[5])))",False,,,d2248aaf53388566cfff33759cc87cd1,0.41916167664670656,False,0.0
8,27,"not_(less_than_or_equal(pdiv(x[5],pdiv(x[3],x[3])),add(x[7],x[2])))",True,"greater_than_or_equal(x[5], mul(x[7],add(x[2],pdiv(x[5],x[5]))))",0.33532934131736525,bb5c1caa2e30ec7ef07b22f884640315,0.3892215568862275,True,0.053892215568862256
8,27,"greater_than_or_equal(x[5], x[5])",True,"less_than_or_equal(x[2],x[2])",0.35928143712574845,bd082d42dcba8056510101f18394b575,0.35928143712574845,False,0.0
8,27,"greater_than_or_equal(add(pdiv(76.87,add(x[7],x[5])),add(sub(x[2],sub(pdiv(x[5],x[7]),43.40)),x[2])), x[3])",True,"less_than_or_equal(x[2],x[2])",0.35928143712574845,bd082d42dcba8056510101f18394b575,0.35928143712574845,False,0.0
8,27,"greater_than_or_equal(x[5], mul(x[7],add(mul(sub(x[3],x[7]),mul(x[7],sub(x[2],mul(add(x[7],x[2]),x[3])))),x[5])))",False,,,efb71ae749b0605fe816f0741112b5d0,0.3652694610778443,False,0.0
8,27,"greater_than_or_equal(x[5], mul(x[7],x[5]))",True,"less_than_or_equal(x[2],x[2])",0.35928143712574845,bd082d42dcba8056510101f18394b575,0.35928143712574845,False,0.0
8,27,"greater_than_or_equal(pdiv(x[3],mul(add(x[7],x[2]),add(x[2],add(x[5],mul(x[7],add(x[2],add(x[2],x[5]))))))), mul(x[7],add(x[5],x[2])))",False,,,0ed9fc32f67fc7f251a916d0dc029caf,0.2694610778443114,False,0.0
8,27,"greater_than_or_equal(pdiv(add(x[2],x[3]),x[0]), x[2])",True,"less_than_or_equal(x[2],x[2])",0.35928143712574845,bd082d42dcba8056510101f18394b575,0.3532934131736527,True,-0.0059880239520957446
8,27,"not_(greater_than_or_equal(pdiv(x[5],x[5]), add(mul(x[5],x[5]),add(x[2],x[7]))))",False,,,c2aed5c26e049c561d69f2aac9730360,0.7604790419161677,False,0.0
8,27,"greater_than_or_equal(pdiv(x[3],x[3]), add(x[3],pdiv(sub(mul(x[2],mul(x[5],mul(x[7],add(mul(x[7],add(x[7],mul(x[5],x[7]))),add(x[2],x[7]))))),x[2]),add(x[2],x[3]))))",False,,,071bb1c0c47fadd931883a37c710c4d2,0.33532934131736525,False,0.0
8,27,"not_(or_(x[6],less_than_or_equal(x[5],add(x[2],sub(pdiv(add(43.98,00.69),x[5]),x[5])))))",True,not_(x[6]),0.6347305389221557,b4068ba57b63c959651c969331c4b5cd,0.6407185628742516,True,0.005988023952095856
8,27,"greater_than_or_equal(x[5], sub(x[7],add(x[7],12.04)))",True,"less_than_or_equal(x[2],x[2])",0.35928143712574845,bd082d42dcba8056510101f18394b575,0.35928143712574845,False,0.0
8,27,"greater_than_or_equal(pdiv(x[5],add(pdiv(add(add(x[7],x[2]),x[5]),pdiv(mul(x[2],pdiv(x[5],x[2])),x[5])),pdiv(x[7],add(x[7],x[2])))), x[7])",True,"not_(less_than_or_equal(pdiv(x[5],mul(x[7],add(x[5],x[5]))),pdiv(pdiv(x[5],x[5]),x[5])))",0.4011976047904192,58aeb7a5a5652a59b3f81f1f504d0cb4,0.3532934131736527,True,-0.04790419161676651
8,27,"greater_than_or_equal(sub(pdiv(x[5],mul(x[7],add(x[5],x[2]))),x[2]), x[5])",True,"greater_than_or_equal(x[5], mul(mul(x[7],add(x[2],x[5])),add(x[2],x[5])))",0.19161676646706582,62389eccbd0ced0ad04dca28fa26521d,0.19161676646706582,False,0.0
8,27,"greater_than_or_equal(x[5], x[7])",True,"greater_than_or_equal(x[5], x[7])",0.3892215568862275,ca29d589a2290a0489371628a6b32bf4,0.3892215568862275,False,0.0
8,27,"less_than_or_equal(x[5],x[5])",True,"less_than_or_equal(x[2],x[2])",0.35928143712574845,bd082d42dcba8056510101f18394b575,0.35928143712574845,False,0.0
8,27,"greater_than_or_equal(x[5], mul(x[7],add(pdiv(x[3],x[2]),add(x[5],x[2]))))",True,"greater_than_or_equal(x[5], mul(x[7],add(x[2],add(pdiv(mul(x[5],mul(x[3],add(x[5],x[2]))),x[2]),x[7]))))",0.35928143712574845,90485dfebda107ae81043b04464d3acc,0.4970059880239521,True,0.13772455089820368
8,27,"greater_than_or_equal(pdiv(x[7],x[2]), x[5])",True,"not_(less_than_or_equal(pdiv(x[7],x[2]),x[5]))",0.4131736526946108,6c7e6e07b7b12247ceef424eff5148c5,0.4131736526946108,False,0.0
8,27,"greater_than_or_equal(pdiv(x[5],mul(x[7],add(x[2],add(x[2],x[5])))), mul(x[7],add(x[5],x[2])))",False,,,475381c5d80510136e61da9a2579ac40,0.21556886227544914,False,0.0
8,27,"greater_than_or_equal(x[5], mul(x[7],add(x[5],mul(x[2],add(x[7],add(x[7],x[5]))))))",False,,,9f94a7882072c8c6fe8c908a5a1703f0,0.22155688622754488,False,0.0
8,27,"greater_than_or_equal(pdiv(x[5],add(mul(x[5],x[0]),x[2])), x[7])",True,"not_(less_than_or_equal(x[5],mul(x[2],add(x[7],x[0]))))",0.32335329341317365,354e2deeabd50563319a4f341cf0421d,0.3173652694610778,True,-0.005988023952095856
8,27,"less_than_or_equal(sub(pdiv(x[7],x[5]),x[5]),add(x[2],x[7]))",True,"greater_than_or_equal(x[5], sub(x[7],pdiv(x[5],pdiv(add(x[2],x[5]),x[5]))))",0.33532934131736525,084eb10daab79cd16eae9fb896fec938,0.4131736526946108,True,0.07784431137724557
8,27,"greater_than_or_equal(x[5], mul(x[5],x[2]))",True,"not_(greater_than_or_equal(mul(x[7],x[2]), x[7]))",0.34730538922155685,f69cf4961d82af0c72c0014d2a401904,0.34730538922155685,False,0.0
8,27,"greater_than_or_equal(x[5], mul(x[7],add(x[5],mul(x[2],add(x[2],x[7])))))",True,"greater_than_or_equal(x[5], mul(x[7],add(mul(sub(x[5],x[7]),mul(x[2],x[3])),add(x[2],x[5]))))",0.23952095808383234,aa956e9d93389438a88322111e1448bd,0.23353293413173648,True,-0.005988023952095856
8,27,"not_(less_than_or_equal(pdiv(x[5],sub(x[5],sub(x[0],x[3]))),mul(x[7],add(mul(x[5],sub(sub(sub(sub(x[7],x[2]),sub(pdiv(pdiv(mul(x[2],x[2]),sub(add(add(mul(64.50,x[2]),x[3]),add(pdiv(90.93,00.20),x[7])),x[7])),x[2]),mul(pdiv(add(x[7],x[2]),x[0]),00.69))),x[5]),x[5])),add(sub(x[5],x[5]),add(add(x[7],x[0]),x[2]))))))",False,,,fd0e341b18f46a9df3472f15f17bbaaf,0.22155688622754488,False,0.0
8,27,"greater_than_or_equal(x[3], mul(x[7],add(x[7],sub(add(sub(x[3],mul(x[5],sub(sub(add(x[5],x[7]),add(x[5],x[7])),x[7]))),x[7]),add(x[7],x[5])))))",True,"not_(less_than_or_equal(pdiv(x[3],x[7]),add(x[3],mul(x[7],add(x[7],x[2])))))",0.2455089820359282,0b577e6dcdd735639d7dff1dd12cfc49,0.2455089820359282,False,0.0
8,27,"greater_than_or_equal(x[5], mul(x[5],x[2]))",True,"not_(greater_than_or_equal(mul(x[7],x[2]), x[7]))",0.34730538922155685,f69cf4961d82af0c72c0014d2a401904,0.34730538922155685,False,0.0
8,27,"greater_than_or_equal(x[5], mul(x[7],add(x[5],mul(x[5],add(x[2],x[7])))))",True,"not_(less_than_or_equal(pdiv(x[5],x[7]),add(x[5],mul(x[5],add(add(x[7],x[0]),x[2])))))",0.23353293413173648,40d19945513b721f8a7891f4912df659,0.20958083832335328,True,-0.0239520958083832
8,27,"greater_than_or_equal(add(pdiv(pdiv(x[5],x[3]),x[5]),mul(x[7],add(x[7],add(mul(x[5],x[5]),mul(pdiv(add(x[7],sub(x[0],x[7])),add(x[7],x[2])),x[7]))))), add(mul(x[3],x[5]),pdiv(x[3],x[3])))",False,,,5adcfa1679de05e8ab8d5f28ba038f52,0.38323353293413176,False,0.0
8,27,"greater_than_or_equal(x[3], mul(x[7],add(mul(add(add(x[5],x[5]),pdiv(x[5],x[7])),x[2]),35.79)))",True,not_(x[6]),0.6347305389221557,b4068ba57b63c959651c969331c4b5cd,0.6407185628742516,True,0.005988023952095856
8,27,"not_(less_than_or_equal(pdiv(x[5],x[5]),x[5]))",True,"not_(less_than_or_equal(pdiv(x[5],x[5]),x[5]))",0.31137724550898205,774eb80249c37c32f486ae194a31e639,0.31137724550898205,False,0.0
8,27,"greater_than_or_equal(sub(pdiv(x[5],x[5]),mul(x[3],pdiv(x[5],x[7]))), x[5])",True,"less_than_or_equal(mul(x[5],add(x[3],x[7])),x[7])",0.5748502994011976,525fa37e97e8a28f65156dcbf8b6f513,0.5748502994011976,False,0.0
8,27,"greater_than_or_equal(x[5], x[7])",True,"greater_than_or_equal(x[5], x[7])",0.3892215568862275,ca29d589a2290a0489371628a6b32bf4,0.3892215568862275,False,0.0
8,27,"greater_than_or_equal(sub(pdiv(x[5],add(x[5],x[2])),x[7]), sub(sub(x[5],sub(34.79,sub(add(mul(x[5],add(sub(sub(sub(x[2],x[2]),x[2]),x[5]),mul(x[7],add(x[7],x[5])))),x[5]),x[2]))),add(sub(x[7],x[7]),pdiv(x[5],x[5]))))",True,"less_than_or_equal(x[2],x[2])",0.35928143712574845,bd082d42dcba8056510101f18394b575,0.35928143712574845,False,0.0
8,27,"greater_than_or_equal(pdiv(x[0],mul(x[7],add(x[2],add(x[5],x[5])))), mul(x[7],add(54.86,x[5])))",True,not_(x[6]),0.6347305389221557,b4068ba57b63c959651c969331c4b5cd,0.6287425149700598,True,-0.005988023952095856
8,27,"greater_than_or_equal(x[5], sub(mul(x[2],mul(x[2],add(x[5],sub(x[5],x[5])))),add(add(x[7],x[0]),x[2])))",True,"less_than_or_equal(x[2],x[2])",0.35928143712574845,bd082d42dcba8056510101f18394b575,0.35928143712574845,False,0.0
8,27,"greater_than_or_equal(pdiv(x[5],x[5]), add(x[7],x[3]))",True,"not_(less_than_or_equal(pdiv(x[5],x[5]),add(x[3],x[7])))",0.3053892215568862,f67f6bf2e1ea1a89d765b78348c25a54,0.3053892215568862,False,0.0
8,27,"greater_than_or_equal(x[3], add(50.79,pdiv(mul(x[7],x[2]),x[7])))",True,not_(x[6]),0.6347305389221557,b4068ba57b63c959651c969331c4b5cd,0.6407185628742516,True,0.005988023952095856
8,27,"greater_than_or_equal(sub(add(x[5],x[5]),x[7]), x[0])",False,,,ac3eece2b8c314eed0517adfed236630,0.35928143712574845,False,0.0
8,27,"greater_than_or_equal(pdiv(x[5],x[7]), add(x[5],mul(x[7],mul(pdiv(x[2],x[0]),add(add(x[2],x[3]),x[5])))))",False,,,fc7e1d88f2c61123719b702246737b89,0.2455089820359282,False,0.0
8,27,"greater_than_or_equal(x[5], mul(x[5],mul(x[7],add(mul(pdiv(x[7],x[2]),x[7]),x[7]))))",False,,,5d4f816437b1dbec4dad4fdd18f3a905,0.2934131736526946,False,0.0
8,27,"greater_than_or_equal(add(x[5],add(x[2],x[5])), add(x[7],add(sub(add(x[2],x[5]),x[2]),x[5])))",True,"less_than_or_equal(add(x[5],x[7]),add(x[5],x[2]))",0.5269461077844311,544b4f45aa71542bcadfaa9d165fdbeb,0.5269461077844311,False,0.0
8,27,"greater_than_or_equal(sub(pdiv(x[7],x[7]),x[7]), mul(x[7],add(x[7],x[2])))",True,"not_(less_than_or_equal(pdiv(x[5],x[7]),add(x[5],mul(x[5],add(add(x[7],x[0]),x[2])))))",0.23353293413173648,40d19945513b721f8a7891f4912df659,0.20958083832335328,True,-0.0239520958083832
8,27,"greater_than_or_equal(pdiv(x[3],mul(pdiv(x[7],x[2]),add(x[2],x[5]))), pdiv(mul(x[2],pdiv(x[5],x[2])),x[5]))",False,,,b17a841e3f84e6425d17bc34bb4162d5,0.5029940119760479,False,0.0
8,27,"less_than_or_equal(pdiv(x[5],add(x[7],x[7])),x[5])",True,"less_than_or_equal(x[5],mul(x[7],add(x[5],x[5])))",0.7485029940119761,77a959e5b70589687d783f7113d9af76,0.7485029940119761,False,0.0
8,27,"not_(less_than_or_equal(x[2],x[7]))",True,"less_than_or_equal(add(x[5],x[7]),add(x[5],x[2]))",0.5269461077844311,544b4f45aa71542bcadfaa9d165fdbeb,0.5269461077844311,False,0.0
8,27,"greater_than_or_equal(pdiv(x[3],mul(mul(x[7],x[2]),add(x[2],add(x[5],x[2])))), 34.79)",True,"greater_than_or_equal(pdiv(x[5],add(x[5],x[2])), add(add(x[5],x[2]),x[5]))",0.6107784431137724,ae31cb00614912c9405ebe575ee41c45,0.5449101796407185,True,-0.06586826347305386
8,27,x[1],True,x[1],0.3652694610778443,8fe1a95217af65598a8b7fd872a69562,0.3652694610778443,False,0.0
8,27,"greater_than_or_equal(68.41, x[7])",True,"less_than_or_equal(x[2],x[2])",0.35928143712574845,bd082d42dcba8056510101f18394b575,0.35928143712574845,False,0.0
8,27,"greater_than_or_equal(pdiv(x[5],x[5]), add(x[2],pdiv(pdiv(x[3],add(x[2],x[7])),add(pdiv(pdiv(x[7],x[5]),99.22),x[7]))))",False,,,2942226341d49c8d5987525015258899,0.6347305389221557,False,0.0
8,27,"greater_than_or_equal(mul(pdiv(x[2],x[2]),sub(sub(add(x[2],x[5]),x[2]),add(x[2],x[3]))), add(pdiv(x[5],pdiv(x[7],add(x[2],x[7]))),pdiv(x[3],x[7])))",True,not_(x[6]),0.6347305389221557,b4068ba57b63c959651c969331c4b5cd,0.6407185628742516,True,0.005988023952095856
8,27,"greater_than_or_equal(x[5], mul(x[5],mul(x[7],sub(mul(pdiv(x[2],add(x[2],add(x[5],x[2]))),x[7]),sub(add(x[5],sub(x[0],x[3])),mul(x[7],add(pdiv(x[5],sub(sub(sub(sub(mul(x[7],add(x[5],mul(x[7],add(x[3],x[7])))),add(add(x[2],x[5]),x[5])),x[5]),x[2]),add(sub(x[7],x[7]),pdiv(x[5],x[5])))),mul(mul(x[5],x[7]),pdiv(x[7],x[3])))))))))",False,,,e5fe3e2b3a28eefaca7dfc53838616d2,0.32335329341317365,False,0.0
8,27,"greater_than_or_equal(pdiv(x[5],x[7]), add(x[7],sub(mul(x[7],add(mul(x[0],x[5]),x[3])),sub(pdiv(x[5],x[3]),x[2]))))",True,"not_(less_than_or_equal(pdiv(x[5],mul(x[7],add(x[7],x[2]))),x[3]))",0.3173652694610778,f5d1e0ac2efe3f5738658ef0e812f150,0.31137724550898205,True,-0.0059880239520957446
8,27,"greater_than_or_equal(sub(pdiv(x[7],x[7]),x[5]), mul(x[5],add(x[0],x[7])))",True,"greater_than_or_equal(pdiv(x[3],x[5]), add(x[3],mul(x[7],sub(x[3],mul(x[5],sub(sub(pdiv(x[2],x[5]),add(x[2],x[2])),mul(x[5],x[5])))))))",0.3293413173652695,0fc868909f2f3dfa737cef49cd9e2423,0.27544910179640714,True,-0.05389221556886237
8,27,"greater_than_or_equal(x[5], mul(x[7],add(mul(mul(pdiv(x[5],add(x[2],x[2])),x[5]),x[3]),x[5])))",False,,,86fc28a406356ed995600c6a3ef25b77,0.3772455089820359,False,0.0
8,27,"greater_than_or_equal(x[5], mul(x[7],add(mul(sub(add(add(x[2],sub(mul(x[7],mul(x[5],x[7])),add(x[5],x[2]))),x[7]),sub(sub(x[5],sub(x[0],x[3])),add(x[7],sub(mul(x[5],sub(sub(sub(sub(x[2],x[2]),x[2]),x[5]),mul(x[7],add(x[7],x[5])))),x[5])))),x[2]),add(sub(x[7],x[7]),pdiv(x[5],x[5])))))",False,,,5514461b133c472d1d381a111776946f,0.3652694610778443,False,0.0
8,27,"greater_than_or_equal(x[5], mul(pdiv(x[5],mul(add(pdiv(x[5],x[7]),x[5]),x[2])),pdiv(pdiv(pdiv(mul(x[2],mul(x[7],pdiv(add(x[5],x[7]),x[5]))),add(x[3],x[5])),add(pdiv(x[3],pdiv(x[7],add(x[2],x[7]))),pdiv(x[5],add(add(x[7],x[0]),x[2])))),x[7])))",False,,,d457f8fe0cadc470caa712b8c63b11c5,0.35928143712574845,False,0.0
8,27,"not_(less_than_or_equal(pdiv(x[3],x[2]),pdiv(x[0],x[2])))",False,,,9dc615bc1940280eb45544a670b39920,0.4011976047904192,False,0.0
8,27,"greater_than_or_equal(sub(sub(x[5],pdiv(54.86,x[5])),add(sub(x[2],x[5]),add(add(x[7],x[0]),x[2]))), x[7])",True,not_(x[6]),0.6347305389221557,b4068ba57b63c959651c969331c4b5cd,0.6407185628742516,True,0.005988023952095856
8,27,"not_(less_than_or_equal(pdiv(x[5],x[5]),add(mul(x[5],x[2]),pdiv(x[2],pdiv(x[2],x[2])))))",True,"not_(less_than_or_equal(pdiv(x[5],x[5]),add(mul(x[5],x[2]),x[2])))",0.281437125748503,d082749556ca18b49bd315ec68630570,0.281437125748503,False,0.0
8,27,"less_than_or_equal(x[5],x[2])",True,"less_than_or_equal(x[5],x[2])",0.652694610778443,6fb17002302e404122653cf2c68db553,0.652694610778443,False,0.0
8,27,"greater_than_or_equal(09.69, pdiv(x[2],sub(pdiv(x[5],x[7]),x[5])))",False,,,907295555352c5c15073d1868b74cdb3,0.33532934131736525,False,0.0
8,27,"greater_than_or_equal(sub(pdiv(x[7],mul(x[2],x[7])),x[7]), x[5])",False,,,9fffe34837ddcf7fa35b6e9541eac0bc,0.3293413173652695,False,0.0
8,27,"greater_than_or_equal(x[5], mul(x[7],add(add(add(x[5],add(x[2],x[5])),x[5]),x[2])))",True,"greater_than_or_equal(x[5], mul(x[7],add(mul(sub(add(add(pdiv(x[5],x[3]),x[7]),add(mul(sub(x[2],x[7]),sub(x[2],x[5])),mul(x[5],mul(x[7],add(x[3],mul(x[5],add(x[2],pdiv(x[2],x[2])))))))),x[5]),add(add(sub(x[7],sub(x[7],x[5])),add(x[2],x[0])),x[3])),x[7])))",0.37125748502994016,5b3fad5cc5de0e6f29a5adf6afb34537,0.4011976047904192,True,0.029940119760479056
8,27,"less_than_or_equal(x[5],sub(x[7],add(mul(add(add(x[5],x[5]),pdiv(x[5],x[7])),x[2]),x[5])))",True,"greater_than_or_equal(mul(x[3],x[7]), add(x[5],add(x[5],x[5])))",0.6766467065868264,c5d12a4bf1b0ea52ddbb757128dd3c86,0.6706586826347305,True,-0.005988023952095856
8,27,"greater_than_or_equal(pdiv(x[5],x[0]), add(x[2],x[7]))",True,"not_(less_than_or_equal(pdiv(x[5],x[0]),add(x[7],x[2])))",0.281437125748503,f6a133dcb2f701e412c68591012d3594,0.281437125748503,False,0.0
8,27,"greater_than_or_equal(pdiv(x[5],x[5]), add(x[7],mul(x[5],mul(mul(x[5],x[7]),x[5]))))",False,,,19ba3bb1a97afd58265f077252cf64af,0.27544910179640714,False,0.0
8,27,"greater_than_or_equal(sub(x[5],add(x[2],x[3])), mul(x[7],add(x[5],x[2])))",False,,,518d7c0233a05d3a88efaaea3d500f72,0.5748502994011976,False,0.0
8,27,"greater_than_or_equal(pdiv(x[2],x[5]), mul(x[5],mul(x[5],x[2])))",True,"less_than_or_equal(x[2],x[2])",0.35928143712574845,bd082d42dcba8056510101f18394b575,0.35928143712574845,False,0.0
8,27,"greater_than_or_equal(pdiv(x[5],add(x[5],x[5])), x[0])",True,"less_than_or_equal(x[0],mul(add(x[3],x[2]),pdiv(x[5],x[5])))",0.37125748502994016,a4b3109094a3eb1d4ea1563e85a80cc4,0.37125748502994016,False,0.0
8,27,"greater_than_or_equal(pdiv(x[5],x[2]), mul(pdiv(sub(pdiv(add(x[7],x[2]),x[2]),x[0]),add(x[7],x[3])),add(pdiv(x[5],add(pdiv(add(x[2],x[5]),x[5]),mul(x[2],x[2]))),x[7])))",False,,,d20222198a60ed49a784056a7a7fa3c0,0.3413173652694611,False,0.0
8,27,"not_(less_than_or_equal(pdiv(x[7],x[2]),add(79.79,x[7])))",True,not_(x[6]),0.6347305389221557,b4068ba57b63c959651c969331c4b5cd,0.6407185628742516,True,0.005988023952095856
8,27,"greater_than_or_equal(pdiv(pdiv(x[5],x[2]),pdiv(add(x[2],x[5]),00.39)), mul(sub(add(add(mul(x[3],pdiv(x[5],x[7])),x[5]),x[2]),pdiv(pdiv(pdiv(mul(x[2],x[2]),sub(add(add(x[5],x[5]),x[2]),add(x[2],x[5]))),add(pdiv(x[3],pdiv(x[7],add(x[7],x[7]))),pdiv(x[3],x[2]))),pdiv(x[0],x[2]))),x[0]))",False,,,fc99591cb7fa71b6174ba5f763eb89a4,0.3532934131736527,False,0.0
8,27,"greater_than_or_equal(x[5], x[7])",True,"greater_than_or_equal(x[5], x[7])",0.3892215568862275,ca29d589a2290a0489371628a6b32bf4,0.3892215568862275,False,0.0
8,27,"greater_than_or_equal(x[5], mul(x[7],add(x[5],mul(x[5],add(x[7],mul(x[0],x[3]))))))",True,"greater_than_or_equal(pdiv(x[5],x[5]), add(x[7],mul(x[7],x[7])))",0.22155688622754488,6ebc9093742e2fb247866417bd7ae5cb,0.21556886227544914,True,-0.0059880239520957446
8,27,"greater_than_or_equal(pdiv(x[5],x[5]), mul(x[3],add(x[0],add(x[5],add(x[5],x[5])))))",False,,,c174bade0c62eb36ca3c0fb181213696,0.41916167664670656,False,0.0
8,27,"greater_than_or_equal(x[2], add(sub(x[3],sub(x[5],mul(x[5],x[7]))),add(x[2],x[7])))",False,,,208a7f9bcd6e7bc9ca092772957989c5,0.5508982035928144,False,0.0
8,27,"greater_than_or_equal(sub(pdiv(x[7],x[7]),x[5]), x[5])",True,"not_(less_than_or_equal(pdiv(x[5],x[5]),add(x[5],x[5])))",0.4491017964071856,2218a51fb25443ecfeb7d4f388f41f4b,0.4491017964071856,False,0.0
8,27,"greater_than_or_equal(pdiv(x[5],mul(sub(mul(x[7],add(add(sub(x[2],sub(pdiv(x[2],x[5]),mul(x[7],add(x[7],x[5])))),x[5]),x[3])),mul(add(add(x[7],x[0]),x[2]),x[7])),x[2])), x[3])",False,,,db10e1b4db31c360b409284a300ed538,0.41916167664670656,False,0.0
8,27,"greater_than_or_equal(mul(x[5],x[5]), x[2])",True,"greater_than_or_equal(mul(x[5],x[5]), x[2])",0.43113772455089816,27c9a0656cbf90b6dfaeb7687812c890,0.43113772455089816,False,0.0
8,27,"not_(less_than_or_equal(pdiv(pdiv(pdiv(x[3],x[3]),mul(x[7],add(x[7],x[7]))),x[2]),sub(pdiv(add(x[7],x[2]),x[0]),00.69)))",False,,,e7061f82adb555e438d0833b415e698e,0.2574850299401198,False,0.0
8,27,"greater_than_or_equal(x[2], x[2])",True,"less_than_or_equal(x[2],x[2])",0.35928143712574845,bd082d42dcba8056510101f18394b575,0.35928143712574845,False,0.0
8,27,"not_(less_than_or_equal(pdiv(pdiv(x[2],x[5]),pdiv(mul(x[2],pdiv(x[5],x[2])),x[5])),pdiv(x[7],add(x[7],x[2]))))",False,,,d297b1e68d64cb284fb12e265d2b49d9,0.5449101796407185,False,0.0
8,27,"not_(less_than_or_equal(pdiv(x[5],add(add(x[7],x[0]),x[2])),sub(x[5],sub(x[5],x[0]))))",False,,,5dbbefcfcc34bd1541b1b6ba43e78365,0.3772455089820359,False,0.0
8,27,"greater_than_or_equal(x[5], mul(x[7],add(mul(sub(x[3],x[7]),mul(x[7],sub(x[5],mul(add(x[7],x[2]),x[3])))),x[7])))",False,,,029afd10883e4182cdcdb2fd508bd730,0.33532934131736525,False,0.0
8,27,"greater_than_or_equal(sub(pdiv(x[7],x[7]),x[7]), mul(x[7],add(x[7],09.39)))",True,"greater_than_or_equal(x[5], mul(x[7],mul(add(sub(x[7],x[7]),x[7]),add(sub(67.44,x[0]),sub(pdiv(x[5],x[7]),x[3])))))",0.5748502994011976,f9fd89441ea09e8222bb716d0d846afc,0.5688622754491017,True,-0.005988023952095856
8,27,"not_(less_than_or_equal(pdiv(x[7],x[2]),add(x[7],mul(x[5],add(x[7],sub(sub(x[5],sub(x[0],add(x[7],x[0]))),x[2]))))))",False,,,a77c70434f6634692b879f23679d41b3,0.28742514970059885,False,0.0
8,27,"greater_than_or_equal(pdiv(x[3],add(x[2],mul(add(x[5],x[5]),pdiv(sub(pdiv(add(x[7],x[2]),x[2]),x[0]),add(x[7],x[3]))))), mul(add(x[5],add(pdiv(add(x[2],x[5]),x[5]),mul(x[2],x[2]))),x[7]))",True,"not_(greater_than_or_equal(mul(x[7],add(pdiv(mul(x[2],add(mul(x[7],x[7]),pdiv(x[2],x[3]))),x[7]),add(x[7],pdiv(x[3],x[5])))), x[2]))",0.5808383233532934,9f9d7a5637bba3881b6d78d3c095fe18,0.562874251497006,True,-0.017964071856287456
8,27,"greater_than_or_equal(x[2], x[5])",True,"less_than_or_equal(x[5],x[2])",0.652694610778443,6fb17002302e404122653cf2c68db553,0.652694610778443,False,0.0
8,27,"not_(less_than_or_equal(pdiv(x[5],add(pdiv(x[5],x[5]),add(x[7],x[7]))),x[7]))",True,"greater_than_or_equal(x[5], mul(x[7],add(x[5],pdiv(x[5],x[5]))))",0.33532934131736525,fa01caa917a58bbda28cb775016b8bd1,0.35928143712574845,True,0.0239520958083832
8,27,"greater_than_or_equal(pdiv(x[5],add(x[2],x[7])), x[5])",True,"less_than_or_equal(add(mul(x[7],pdiv(x[5],x[5])),x[2]),add(sub(x[7],x[7]),pdiv(69.44,sub(x[3],x[3]))))",0.19161676646706582,14c6e007ad625f3839f568e9ee8a86e1,0.19161676646706582,False,0.0
8,27,"greater_than_or_equal(pdiv(x[5],x[5]), x[7])",True,"less_than_or_equal(x[2],x[2])",0.35928143712574845,bd082d42dcba8056510101f18394b575,0.35928143712574845,False,0.0
8,27,"not_(less_than_or_equal(x[5],mul(x[5],mul(x[2],add(add(x[2],x[7]),x[5])))))",True,"not_(less_than_or_equal(pdiv(x[5],x[5]),mul(x[2],add(add(x[2],x[5]),mul(x[7],mul(add(x[5],add(pdiv(add(x[7],x[5]),x[2]),sub(mul(x[2],add(x[2],x[5])),x[7]))),x[2]))))))",0.25149700598802394,cc8146e6ef927323b83ab597f87fb13b,0.27544910179640714,True,0.0239520958083832
8,27,"less_than_or_equal(pdiv(x[5],x[5]),add(x[2],x[0]))",True,"greater_than_or_equal(x[2], pdiv(x[2],add(x[2],x[0])))",0.652694610778443,ee75d6f269a9d1030f4979b7451fc28c,0.652694610778443,False,0.0
8,27,"greater_than_or_equal(pdiv(x[5],x[2]), mul(sub(x[7],add(pdiv(x[5],x[3]),x[7])),x[5]))",True,"less_than_or_equal(x[2],x[2])",0.35928143712574845,bd082d42dcba8056510101f18394b575,0.35928143712574845,False,0.0
8,27,"greater_than_or_equal(pdiv(x[2],add(x[2],x[3])), x[7])",True,"greater_than_or_equal(x[2], mul(x[7],add(x[2],x[3])))",0.4610778443113772,f58063aaa44e6be08051b363159942a6,0.4610778443113772,False,0.0
8,27,"greater_than_or_equal(pdiv(x[5],x[5]), mul(x[5],add(x[0],add(x[5],x[5]))))",True,"not_(less_than_or_equal(pdiv(x[5],x[5]),add(mul(x[5],x[5]),x[5])))",0.3772455089820359,85004d30cad8675ea748791609909266,0.33532934131736525,True,-0.041916167664670656
8,27,"greater_than_or_equal(pdiv(x[5],x[7]), add(x[5],x[3]))",True,"greater_than_or_equal(x[5], mul(x[7],add(x[5],x[3])))",0.3053892215568862,0947741ceb5018f757b589e69907d867,0.3053892215568862,False,0.0
8,27,"greater_than_or_equal(pdiv(x[5],x[5]), mul(x[3],pdiv(x[5],x[7])))",True,"less_than_or_equal(x[5],pdiv(x[7],x[3]))",0.5389221556886228,e639a05c0cec8a9ed833becfccaedc3d,0.5389221556886228,False,0.0
8,27,"less_than_or_equal(pdiv(pdiv(x[5],x[7]),add(mul(x[5],sub(x[2],add(x[2],x[5]))),mul(x[3],mul(mul(x[5],add(mul(add(x[7],mul(x[7],add(x[5],add(x[0],x[2])))),x[5]),mul(x[2],x[7]))),sub(sub(x[5],sub(x[0],x[3])),mul(x[7],add(mul(x[5],sub(sub(sub(sub(x[2],x[2]),x[2]),x[5]),mul(x[7],add(x[7],x[5])))),x[5]))))))),x[2])",False,,,c0a4d8f49bc61c9efb12b9725b8fb033,0.29940119760479045,False,0.0
8,27,"greater_than_or_equal(x[5], mul(x[7],pdiv(mul(x[2],pdiv(x[5],x[2])),x[3])))",False,,,bdae309858f0a168ddc0ad7411654ffa,0.3173652694610778,False,0.0
8,27,"not_(less_than_or_equal(pdiv(x[5],mul(x[7],add(x[2],x[7]))),sub(sub(x[5],sub(x[0],x[3])),mul(x[7],add(mul(x[5],sub(sub(sub(sub(x[2],x[2]),x[2]),x[5]),mul(x[7],add(x[7],x[5])))),x[5])))))",False,,,9cff45f116aabc9befef770b3f53b82e,0.20958083832335328,False,0.0
8,27,"greater_than_or_equal(x[5], x[5])",True,"less_than_or_equal(x[2],x[2])",0.35928143712574845,bd082d42dcba8056510101f18394b575,0.35928143712574845,False,0.0
8,27,"greater_than_or_equal(pdiv(add(x[5],x[5]),mul(x[7],add(x[5],x[2]))), x[7])",True,"not_(greater_than_or_equal(mul(x[7],add(x[5],x[7])), add(pdiv(mul(x[2],add(x[5],x[5])),x[2]),add(sub(x[7],x[7]),pdiv(x[5],x[3])))))",0.32335329341317365,6879d8556cd3538b7aad64e5d345873a,0.32335329341317365,False,0.0
8,27,"greater_than_or_equal(sub(pdiv(x[5],add(x[2],x[3])),mul(x[5],x[5])), pdiv(sub(pdiv(pdiv(pdiv(add(x[2],x[7]),mul(x[2],x[5])),mul(mul(x[5],x[7]),pdiv(x[7],mul(x[5],x[5])))),x[2]),add(sub(x[7],x[7]),pdiv(x[5],x[5]))),mul(mul(x[5],x[7]),pdiv(x[7],x[3]))))",False,,,53d38f67d9105bf01dff71a6be29bd29,0.6407185628742516,False,0.0
8,27,"greater_than_or_equal(sub(pdiv(x[5],x[5]),pdiv(mul(x[7],x[5]),x[7])), x[2])",True,"not_(less_than_or_equal(pdiv(x[5],x[5]),add(x[5],x[2])))",0.2455089820359282,5825d6d8d32996f2f81bb41cc0bfa92f,0.2455089820359282,False,0.0
8,27,"greater_than_or_equal(sub(pdiv(x[5],x[5]),x[2]), add(mul(x[7],pdiv(x[2],pdiv(pdiv(pdiv(mul(x[2],x[2]),sub(add(add(x[5],x[7]),x[2]),add(x[2],x[3]))),add(pdiv(x[3],pdiv(x[7],add(x[7],x[7]))),pdiv(x[3],x[2]))),pdiv(x[0],x[2])))),x[0]))",False,,,c4748445ad3e643c82f0bf4b63edbeff,0.33532934131736525,False,0.0
8,27,"greater_than_or_equal(sub(pdiv(sub(pdiv(x[2],add(x[5],x[7])),x[7]),x[3]),x[5]), x[7])",False,,,03cc3ac0b43c8234f7f462a67adb4123,0.5568862275449102,False,0.0
8,27,"greater_than_or_equal(sub(pdiv(x[7],x[7]),x[5]), x[2])",True,"not_(less_than_or_equal(pdiv(x[5],x[5]),add(x[5],x[2])))",0.2455089820359282,5825d6d8d32996f2f81bb41cc0bfa92f,0.2455089820359282,False,0.0
8,27,"greater_than_or_equal(sub(pdiv(x[7],x[2]),x[2]), pdiv(pdiv(mul(x[2],x[2]),sub(x[7],x[5])),x[7]))",False,,,30bf4460b374635b754d5f334dcb4bc3,0.35928143712574845,False,0.0
8,27,"greater_than_or_equal(x[5], add(x[7],add(mul(sub(add(mul(pdiv(x[5],x[3]),x[7]),add(mul(sub(x[2],x[7]),sub(x[2],mul(sub(mul(x[2],add(x[2],x[5])),x[7]),x[2]))),x[3])),x[5]),x[5]),add(x[2],x[5]))))",True,not_(x[6]),0.6347305389221557,b4068ba57b63c959651c969331c4b5cd,0.6407185628742516,True,0.005988023952095856
8,27,"greater_than_or_equal(pdiv(x[5],add(x[2],x[5])), x[2])",True,"greater_than_or_equal(pdiv(x[5],pdiv(add(x[2],x[5]),x[5])), mul(x[5],x[2]))",0.28742514970059885,0803226314985e684579b7ad7da3df72,0.2934131736526946,True,0.0059880239520957446
8,27,"greater_than_or_equal(pdiv(x[5],mul(sub(mul(add(x[5],pdiv(mul(x[7],add(x[5],pdiv(x[5],x[2]))),sub(x[7],x[7]))),x[2]),sub(x[0],x[2])),x[0])), add(add(x[2],x[3]),add(x[2],x[3])))",False,,,40ed09a29e2f6c5f19bf398a44d17ffc,0.5149700598802396,False,0.0
8,27,"greater_than_or_equal(sub(pdiv(x[5],x[5]),x[2]), add(mul(x[5],add(x[7],x[7])),sub(x[2],pdiv(pdiv(x[2],x[5]),mul(x[7],add(x[7],x[5]))))))",True,"not_(less_than_or_equal(pdiv(x[5],x[5]),mul(x[7],add(x[5],x[5]))))",0.2574850299401198,60772b7c6d008dbac48c1b7022ba9e21,0.2574850299401198,False,0.0
8,27,"less_than_or_equal(x[5],x[2])",True,"less_than_or_equal(x[5],x[2])",0.652694610778443,6fb17002302e404122653cf2c68db553,0.652694610778443,False,0.0
8,27,"greater_than_or_equal(x[3], mul(x[5],mul(mul(add(add(add(mul(mul(x[5],x[2]),x[7]),x[2]),x[5]),x[7]),45.92),mul(x[2],x[2]))))",False,,,ee9ff773b676a51e36a791750982bffe,0.47904191616766467,False,0.0
8,27,"greater_than_or_equal(pdiv(x[5],x[5]), add(x[2],pdiv(mul(x[3],add(x[2],x[7])),add(pdiv(pdiv(x[7],x[5]),99.96),pdiv(x[2],add(add(mul(x[5],mul(x[0],x[2])),add(x[2],x[2])),mul(x[7],x[0])))))))",False,,,e31a2370afeddfecd2bab77a27aaa1e5,0.31137724550898205,False,0.0
8,27,"greater_than_or_equal(sub(pdiv(x[5],x[5]),64.50), x[2])",True,not_(x[6]),0.6347305389221557,b4068ba57b63c959651c969331c4b5cd,0.6407185628742516,True,0.005988023952095856
8,27,"greater_than_or_equal(x[5], x[2])",True,"not_(not_(less_than_or_equal(x[2],x[5])))",0.34730538922155685,4af53f79d9ad2ffac455113b88a02dd4,0.34730538922155685,False,0.0
8,27,"greater_than_or_equal(x[3], x[7])",True,"greater_than_or_equal(x[3], x[7])",0.33532934131736525,176c0c35833bc4ae980b10cd773d9ebc,0.33532934131736525,False,0.0
8,27,"greater_than_or_equal(x[5], mul(x[7],add(x[5],x[2])))",True,"greater_than_or_equal(x[5], mul(x[7],add(x[5],x[2])))",0.23353293413173648,49521aab13419e9d4582e656c37790ef,0.23353293413173648,False,0.0
8,27,"not_(less_than_or_equal(pdiv(x[5],x[5]),add(mul(x[5],add(x[7],x[2])),add(x[2],x[2]))))",True,"not_(less_than_or_equal(pdiv(x[5],x[5]),add(mul(x[5],add(x[7],x[2])),add(x[2],x[2]))))",0.18562874251497008,7dd04de0f09dcb78fab13d4ca363e3e0,0.2857142857142857,True,0.10008554319931562
8,28,"greater_than_or_equal(pdiv(x[5],add(x[2],x[7])), x[7])",True,"greater_than_or_equal(x[5], mul(x[7],add(x[7],x[2])))",0.2455089820359282,dbe0ded9608d153cce360999e2a5fae7,0.2455089820359282,False,0.0
8,28,"greater_than_or_equal(sub(pdiv(x[7],x[7]),x[7]), mul(x[2],pdiv(x[5],x[5])))",True,"less_than_or_equal(add(mul(x[7],pdiv(x[5],x[5])),x[2]),add(sub(x[7],x[7]),pdiv(69.44,sub(x[3],x[3]))))",0.19161676646706582,14c6e007ad625f3839f568e9ee8a86e1,0.19161676646706582,False,0.0
8,28,"greater_than_or_equal(sub(sub(x[5],x[5]),x[5]), x[2])",True,not_(x[6]),0.6347305389221557,b4068ba57b63c959651c969331c4b5cd,0.6407185628742516,True,0.005988023952095856
8,28,"greater_than_or_equal(x[5], mul(x[7],add(mul(sub(add(mul(pdiv(x[5],x[3]),x[7]),add(pdiv(sub(x[2],x[7]),sub(x[2],x[7])),75.99)),x[5]),x[7]),x[2])))",True,"greater_than_or_equal(sub(pdiv(x[5],x[7]),x[2]), mul(x[7],add(79.49,x[5])))",0.5868263473053892,a4af92dd0989249e6bba1ea30863b487,0.5868263473053892,False,0.0
8,28,"greater_than_or_equal(add(x[5],add(x[7],x[5])), x[7])",True,"less_than_or_equal(x[2],x[2])",0.35928143712574845,bd082d42dcba8056510101f18394b575,0.35928143712574845,False,0.0
8,28,"greater_than_or_equal(x[5], mul(x[7],add(x[5],mul(x[2],pdiv(x[5],mul(x[7],sub(x[0],x[5])))))))",True,"greater_than_or_equal(mul(add(x[2],x[5]),sub(x[5],x[0])), mul(mul(x[0],x[7]),sub(x[5],x[7])))",0.38323353293413176,cf65da81ffb7a9d4ff3e042c0fa7a250,0.38323353293413176,False,0.0
8,28,"greater_than_or_equal(x[5], mul(x[7],add(pdiv(sub(x[3],x[7]),mul(add(add(sub(x[5],mul(add(x[7],x[2]),x[3])),x[5]),mul(x[7],add(x[7],x[5]))),x[5])),x[2])))",False,,,79516bec560e0fdbf4d6a1878cd5477f,0.41916167664670656,False,0.0
8,28,"not_(less_than_or_equal(pdiv(x[5],mul(x[7],add(x[2],x[7]))),sub(sub(x[5],sub(x[0],x[3])),mul(x[7],add(mul(x[5],sub(sub(sub(sub(x[2],x[2]),x[2]),x[7]),sub(x[5],x[0]))),mul(pdiv(pdiv(add(x[7],x[0]),x[3]),x[5]),add(x[3],add(sub(x[3],x[7]),x[5]))))))))",False,,,a2de08be6c31db463cbb60675bcbaf11,0.3772455089820359,False,0.0
8,28,"not_(less_than_or_equal(pdiv(x[5],mul(x[7],add(x[2],x[7]))),sub(sub(x[5],sub(x[0],add(x[5],x[7]))),add(mul(x[5],sub(sub(sub(sub(x[2],x[2]),x[2]),x[5]),mul(x[7],add(x[7],x[5])))),x[5]))))",True,"not_(less_than_or_equal(pdiv(x[5],x[7]),add(x[5],mul(x[5],add(add(pdiv(x[7],add(x[7],x[3])),x[3]),x[3])))))",0.28742514970059885,05a1222881e719f0a7ff5c35d0d33125,0.2455089820359282,True,-0.041916167664670656
8,28,"greater_than_or_equal(sub(pdiv(x[5],x[5]),x[0]), x[5])",True,"not_(less_than_or_equal(pdiv(x[5],x[5]),add(x[5],x[0])))",0.3053892215568862,00c19a3fd72854100569949b11521f0b,0.3053892215568862,False,0.0
8,28,"greater_than_or_equal(sub(pdiv(x[7],x[7]),x[2]), x[3])",True,"not_(less_than_or_equal(pdiv(x[5],x[5]),add(x[2],x[3])))",0.2694610778443114,8e10ebf505ba211742b7164524309595,0.2694610778443114,False,0.0
8,28,"not_(less_than_or_equal(pdiv(x[5],x[3]),add(x[5],mul(x[2],add(x[2],x[7])))))",False,,,918c28c430f1b07e1bf7f434a89cd308,0.28742514970059885,False,0.0
8,28,"greater_than_or_equal(x[5], pdiv(x[7],add(mul(x[5],add(x[0],x[7])),add(x[7],x[2]))))",False,,,41f9101acb73b75336e9404ab50e4e23,0.4730538922155688,False,0.0
8,28,"greater_than_or_equal(sub(pdiv(x[5],x[5]),x[2]), add(mul(x[5],x[2]),x[3]))",False,,,4fffc941c96d70e2873a4bfa787f1c24,0.31137724550898205,False,0.0
8,28,"greater_than_or_equal(pdiv(x[3],mul(add(x[7],x[2]),add(x[3],add(x[5],mul(99.99,x[5]))))), x[2])",False,,,686da0f013286907193b874dc55a7930,0.6047904191616766,False,0.0
8,28,"greater_than_or_equal(add(sub(pdiv(x[5],x[7]),x[2]),x[5]), x[5])",True,"less_than_or_equal(sub(mul(x[2],x[7]),mul(x[0],x[7])),x[5])",0.34730538922155685,67e5c7a497be3e968ea5c2bd6433af6d,0.33532934131736525,True,-0.0119760479041916
8,28,"less_than_or_equal(add(mul(pdiv(x[5],x[5]),mul(x[5],add(x[7],mul(x[0],x[3])))),x[7]),add(mul(sub(x[2],x[7]),sub(x[2],x[7])),mul(x[2],x[2])))",False,,,676aa891008af4d6141fa842a3aa1983,0.6167664670658682,False,0.0
8,28,"less_than_or_equal(x[7],x[7])",True,"less_than_or_equal(x[2],x[2])",0.35928143712574845,bd082d42dcba8056510101f18394b575,0.35928143712574845,False,0.0
8,28,"less_than_or_equal(add(mul(x[7],add(x[7],mul(x[5],x[5]))),x[7]),x[2])",True,"greater_than_or_equal(00.69, pdiv(x[7],x[2]))",0.5389221556886228,970ab32b0dc32ec5b452caebf9ef2432,0.5149700598802396,True,-0.0239520958083832
8,28,"greater_than_or_equal(sub(pdiv(x[5],x[7]),add(x[5],x[5])), x[3])",False,,,9be4da4ebb99c65522e56b7d788188b0,0.33532934131736525,False,0.0
8,28,"less_than_or_equal(pdiv(x[5],x[2]),mul(x[7],add(add(pdiv(mul(x[7],x[2]),sub(mul(x[2],x[7]),x[5])),x[5]),x[2])))",True,"not_(less_than_or_equal(mul(x[7],add(x[2],x[2])),add(x[5],x[5])))",0.6646706586826348,b98fd4b1abc55a8bd945f52cf650a117,0.6646706586826348,False,0.0
8,28,"greater_than_or_equal(x[7], mul(x[7],x[2]))",True,"not_(greater_than_or_equal(mul(x[7],x[2]), x[7]))",0.34730538922155685,f69cf4961d82af0c72c0014d2a401904,0.34730538922155685,False,0.0
8,28,"greater_than_or_equal(pdiv(x[5],x[5]), add(sub(pdiv(x[5],x[7]),x[2]),x[5]))",True,"greater_than_or_equal(pdiv(pdiv(mul(mul(x[7],x[7]),pdiv(mul(x[2],x[7]),x[2])),x[5]),x[5]), add(x[5],add(x[0],x[7])))",0.6646706586826348,879c6304cef2a7c134c7785c7707d2e7,0.6586826347305389,True,-0.005988023952095856
8,28,"greater_than_or_equal(x[5], mul(pdiv(mul(add(x[5],x[5]),mul(x[2],x[7])),mul(x[2],x[0])),x[7]))",False,,,9aa23b905c2cd5e07f7b779ccb291cc5,0.29940119760479045,False,0.0
8,28,"greater_than_or_equal(x[5], mul(sub(x[5],x[2]),x[2]))",True,"less_than_or_equal(x[2],x[2])",0.35928143712574845,bd082d42dcba8056510101f18394b575,0.35928143712574845,False,0.0
8,28,"greater_than_or_equal(pdiv(x[2],add(x[2],x[2])), x[5])",True,"greater_than_or_equal(sub(add(x[5],x[2]),mul(x[5],add(x[2],x[2]))), x[5])",0.43113772455089816,6c953b09b3ad48bf8d593335b4498c41,0.43113772455089816,False,0.0
8,28,"greater_than_or_equal(pdiv(x[3],add(x[3],82.04)), add(x[2],x[2]))",True,"greater_than_or_equal(pdiv(mul(x[5],x[2]),pdiv(x[2],x[5])), add(sub(x[7],x[7]),add(x[5],x[0])))",0.6107784431137724,ec48eb4aba9f475884bcf9e8f28adadc,0.6167664670658682,True,0.005988023952095856
8,28,"greater_than_or_equal(pdiv(x[5],add(x[2],x[7])), x[3])",True,"not_(less_than_or_equal(pdiv(x[5],x[3]),add(x[2],x[7])))",0.3293413173652695,63f56071f750897f33f7d388cfcbcfbd,0.3293413173652695,False,0.0
8,28,"less_than_or_equal(x[7],add(mul(sub(x[2],x[7]),sub(x[2],x[7])),mul(add(mul(x[5],sub(sub(add(x[2],x[3]),x[2]),add(x[2],x[3]))),add(pdiv(x[3],pdiv(x[7],add(x[2],x[7]))),pdiv(x[3],x[7]))),x[3])))",False,,,9aa4b8dc5b1bb3a9ab32cdc209157c2a,0.3413173652694611,False,0.0
8,28,"greater_than_or_equal(x[2], pdiv(pdiv(x[5],x[5]),mul(x[7],add(x[5],x[2]))))",True,"less_than_or_equal(add(mul(x[0],x[2]),sub(pdiv(01.69,x[2]),add(sub(x[0],x[7]),x[7]))),add(x[5],x[2]))",0.6586826347305389,cb48a67c9603d9ce8092b9ac7c5410ad,0.6586826347305389,False,0.0
8,28,"greater_than_or_equal(sub(pdiv(x[5],x[5]),x[2]), x[7])",True,"less_than_or_equal(add(mul(x[7],pdiv(x[5],x[5])),x[2]),add(sub(x[7],x[7]),pdiv(69.44,sub(x[3],x[3]))))",0.19161676646706582,14c6e007ad625f3839f568e9ee8a86e1,0.19161676646706582,False,0.0
8,28,"greater_than_or_equal(x[5], mul(x[7],sub(x[5],add(sub(x[2],x[5]),add(add(x[7],x[0]),x[2])))))",True,"less_than_or_equal(x[2],x[2])",0.35928143712574845,bd082d42dcba8056510101f18394b575,0.35928143712574845,False,0.0
8,28,"not_(less_than_or_equal(pdiv(x[5],add(pdiv(x[5],x[5]),x[2])),x[5]))",True,not_(x[6]),0.6347305389221557,b4068ba57b63c959651c969331c4b5cd,0.6407185628742516,True,0.005988023952095856
8,28,"greater_than_or_equal(sub(pdiv(x[7],sub(mul(x[2],sub(x[7],x[7])),x[7])),add(mul(x[7],add(x[2],x[5])),add(x[2],x[5]))), x[5])",True,not_(x[6]),0.6347305389221557,b4068ba57b63c959651c969331c4b5cd,0.6407185628742516,True,0.005988023952095856
8,28,"greater_than_or_equal(x[5], mul(x[7],add(x[5],x[2])))",True,"greater_than_or_equal(x[5], mul(x[7],add(x[5],x[2])))",0.23353293413173648,49521aab13419e9d4582e656c37790ef,0.23353293413173648,False,0.0
8,28,"greater_than_or_equal(sub(pdiv(x[5],add(x[2],x[7])),mul(x[2],x[5])), pdiv(pdiv(x[5],x[3]),mul(add(x[2],x[0]),add(sub(x[2],x[3]),add(x[2],x[5])))))",False,,,72ce5d9a34567bb09f7a5fe10fecb4da,0.5688622754491017,False,0.0
8,28,"greater_than_or_equal(sub(pdiv(x[7],x[7]),x[2]), mul(mul(x[5],x[7]),sub(x[7],add(x[5],pdiv(mul(x[2],add(sub(x[7],x[7]),pdiv(x[5],x[5]))),mul(mul(x[5],x[7]),pdiv(x[7],x[3])))))))",True,"less_than_or_equal(x[2],x[2])",0.35928143712574845,bd082d42dcba8056510101f18394b575,0.35928143712574845,False,0.0
8,28,"not_(less_than_or_equal(pdiv(x[5],x[5]),add(mul(x[3],mul(x[2],add(mul(x[5],add(x[7],x[2])),x[5]))),mul(x[5],x[2]))))",False,,,2b117bf45c3ddb1c6e1f533e1ba6d846,0.29940119760479045,False,0.0
8,28,"greater_than_or_equal(sub(pdiv(x[5],x[5]),x[2]), add(mul(x[5],mul(add(x[7],x[2]),sub(x[7],add(x[2],x[5])))),sub(x[2],x[7])))",True,"less_than_or_equal(add(add(x[7],x[2]),pdiv(x[3],x[3])),add(pdiv(x[5],pdiv(mul(x[2],x[7]),30.44)),add(x[7],mul(x[5],x[2]))))",0.3532934131736527,8b22474e90c54ae8a74a0d0752426450,0.34730538922155685,True,-0.005988023952095856
8,28,"greater_than_or_equal(pdiv(sub(x[7],mul(x[7],x[2])),mul(x[5],mul(x[5],x[7]))), x[5])",False,,,61a722eb399c9181e0a784127143d647,0.281437125748503,False,0.0
8,28,"greater_than_or_equal(pdiv(x[5],x[2]), add(pdiv(pdiv(x[0],x[5]),x[7]),add(x[2],x[2])))",False,,,be72c6ecdd7603896c699909482a5cb9,0.3892215568862275,False,0.0
8,28,"greater_than_or_equal(x[5], mul(x[0],add(x[7],x[5])))",False,,,22b5bd9bed54b8c2aab8c79ed4f11f0c,0.3413173652694611,False,0.0
8,28,"not_(less_than_or_equal(pdiv(x[5],mul(pdiv(add(mul(x[5],add(x[0],x[7])),add(x[7],x[2])),x[2]),x[7])),add(mul(x[3],x[5]),pdiv(x[3],x[3]))))",True,"greater_than_or_equal(sub(pdiv(x[5],x[7]),mul(x[7],add(x[5],add(sub(x[7],sub(sub(pdiv(mul(x[5],x[7]),add(x[2],x[2])),mul(pdiv(x[5],x[5]),add(x[7],pdiv(x[3],x[2])))),pdiv(x[5],x[7]))),pdiv(x[5],x[5]))))), x[5])",0.4251497005988024,75cf3e188f744d64ee5f71dcc2466022,0.5329341317365269,True,0.10778443113772451
8,28,"greater_than_or_equal(sub(pdiv(x[7],x[7]),x[5]), mul(x[5],add(add(x[2],x[2]),pdiv(pdiv(x[5],x[5]),add(x[2],x[3])))))",True,"greater_than_or_equal(pdiv(x[5],x[5]), add(x[5],add(x[5],x[5])))",0.5688622754491017,c4a908ae70ee33dbcab1c18670256f0b,0.592814371257485,True,0.02395209580838331
8,28,"greater_than_or_equal(sub(pdiv(x[7],x[7]),x[5]), x[2])",True,"not_(less_than_or_equal(pdiv(x[5],x[5]),add(x[5],x[2])))",0.2455089820359282,5825d6d8d32996f2f81bb41cc0bfa92f,0.2455089820359282,False,0.0
8,28,"greater_than_or_equal(mul(x[5],add(x[7],mul(x[0],x[3]))), x[7])",False,,,f57ae78e295b16470360ddd4b0ebf33b,0.6407185628742516,False,0.0
8,28,"greater_than_or_equal(x[5], mul(x[7],add(x[5],sub(sub(x[5],x[5]),x[5]))))",True,"less_than_or_equal(x[2],x[2])",0.35928143712574845,bd082d42dcba8056510101f18394b575,0.35928143712574845,False,0.0
8,28,"greater_than_or_equal(pdiv(x[5],x[5]), add(x[7],mul(x[2],mul(x[7],add(x[0],add(x[2],x[7]))))))",True,"greater_than_or_equal(pdiv(x[5],x[5]), add(x[7],mul(x[2],mul(x[7],add(x[7],x[2])))))",0.22754491017964074,fdaca1c57b159b211f74deb040d24366,0.22155688622754488,True,-0.005988023952095856
8,28,"greater_than_or_equal(x[5], mul(x[5],pdiv(x[2],x[2])))",True,"less_than_or_equal(x[2],x[2])",0.35928143712574845,bd082d42dcba8056510101f18394b575,0.35928143712574845,False,0.0
8,28,"greater_than_or_equal(pdiv(x[5],x[5]), add(x[7],mul(pdiv(add(add(92.04,add(x[2],x[2])),x[5]),x[7]),sub(x[5],mul(x[5],x[5])))))",True,"greater_than_or_equal(x[5], pdiv(x[2],x[2]))",0.688622754491018,d77781efe7d80c80545f6897faedc30c,0.6826347305389222,True,-0.0059880239520957446
8,28,"greater_than_or_equal(x[5], pdiv(mul(x[2],sub(sub(x[0],x[5]),x[5])),x[2]))",False,,,64f22921804bf7337a7df1da494435c1,0.3772455089820359,False,0.0
8,28,"greater_than_or_equal(x[5], mul(x[3],x[2]))",True,"greater_than_or_equal(add(mul(x[0],x[3]),pdiv(x[5],x[3])), x[2])",0.3293413173652695,f0c5da2fb3fda6018ebf0885b8c1ea67,0.3293413173652695,False,0.0
8,28,"greater_than_or_equal(x[5], mul(mul(add(x[5],x[2]),x[2]),x[5]))",True,"not_(less_than_or_equal(pdiv(x[5],x[2]),mul(x[5],add(x[5],x[2]))))",0.31137724550898205,142cae9b2b777b572b7a8767ad22e3d8,0.3053892215568862,True,-0.005988023952095856
8,28,"greater_than_or_equal(mul(92.52,sub(add(mul(pdiv(x[5],x[3]),x[7]),add(mul(sub(x[2],x[7]),sub(x[2],x[7])),mul(x[2],add(x[3],mul(x[5],add(mul(x[5],add(x[0],x[7])),add(x[7],x[2]))))))),x[2])), x[7])",False,,,8999216e1e1ad472d0511b3c50bd4c43,0.3892215568862275,False,0.0
8,28,"not_(less_than_or_equal(pdiv(x[5],add(x[7],x[7])),x[7]))",True,"greater_than_or_equal(x[5], mul(x[7],add(x[7],x[7])))",0.26347305389221554,94282a7a6b76cc442b45c7114793e867,0.26347305389221554,False,0.0
8,28,"greater_than_or_equal(pdiv(x[5],x[5]), add(x[7],mul(x[5],mul(x[5],x[5]))))",False,,,5db6f7bed67a51cfd3aa15ac861b3084,0.281437125748503,False,0.0
8,28,"greater_than_or_equal(x[5], x[0])",True,"less_than_or_equal(x[0],x[5])",0.37125748502994016,cdcd6f1e6c091ac380f1476046586fe6,0.37125748502994016,False,0.0
8,28,"not_(less_than_or_equal(pdiv(x[5],x[5]),x[5]))",True,"not_(less_than_or_equal(pdiv(x[5],x[5]),x[5]))",0.31137724550898205,774eb80249c37c32f486ae194a31e639,0.31137724550898205,False,0.0
8,28,"greater_than_or_equal(x[7], mul(x[3],add(mul(mul(pdiv(x[5],add(x[2],x[2])),x[2]),x[7]),add(x[3],x[5]))))",False,,,a606a72b0dbe3732b65dbbe0449cd029,0.6407185628742516,False,0.0
8,28,"greater_than_or_equal(sub(pdiv(x[7],x[7]),x[5]), mul(x[5],add(mul(x[3],mul(x[7],add(x[7],x[7]))),x[2])))",True,"greater_than_or_equal(sub(pdiv(x[5],x[5]),mul(x[5],add(x[2],x[5]))), x[5])",0.3892215568862275,b7515592bb4ee304c81598e43311a165,0.26347305389221554,True,-0.12574850299401197
8,28,"greater_than_or_equal(24.97, mul(add(x[2],mul(x[7],add(x[5],x[0]))),sub(x[3],x[7])))",True,"less_than_or_equal(x[2],x[2])",0.35928143712574845,bd082d42dcba8056510101f18394b575,0.35928143712574845,False,0.0
8,28,"greater_than_or_equal(pdiv(19.04,x[5]), x[5])",True,"less_than_or_equal(x[2],x[2])",0.35928143712574845,bd082d42dcba8056510101f18394b575,0.35928143712574845,False,0.0
8,28,"greater_than_or_equal(x[5], mul(x[5],add(x[7],add(mul(add(x[7],x[2]),mul(add(pdiv(x[7],x[3]),add(x[2],x[7])),sub(sub(x[5],sub(x[0],x[3])),mul(x[7],add(mul(x[5],sub(sub(sub(sub(x[2],x[2]),x[2]),x[5]),mul(x[7],add(x[7],x[5])))),x[5]))))),x[2]))))",False,,,863616761862f4da52f6c2452410678a,0.3413173652694611,False,0.0
8,28,"less_than_or_equal(mul(x[7],x[7]),add(x[7],x[2]))",True,"less_than_or_equal(x[2],x[2])",0.35928143712574845,bd082d42dcba8056510101f18394b575,0.35928143712574845,False,0.0
8,28,"greater_than_or_equal(add(x[5],x[7]), x[2])",True,"less_than_or_equal(mul(pdiv(x[5],x[5]),add(x[2],sub(x[5],x[5]))),add(x[5],x[7]))",0.37125748502994016,8333158308c3f8dab75290a9ccb65096,0.37125748502994016,False,0.0
8,28,"greater_than_or_equal(sub(pdiv(x[7],x[2]),add(pdiv(pdiv(pdiv(mul(x[2],x[2]),sub(x[3],pdiv(x[7],x[7]))),x[7]),mul(x[7],x[2])),pdiv(add(x[3],mul(x[7],add(x[0],x[7]))),add(x[5],x[2])))), mul(x[3],x[7]))",False,,,fdfa0e9d936cc80aecc2d825fc1010fa,0.35928143712574845,False,0.0
8,28,"greater_than_or_equal(sub(mul(add(x[7],x[5]),x[5]),x[2]), add(sub(x[7],x[7]),pdiv(x[5],x[5])))",False,,,4b1beef0e61be99a0c44e338e199ffb4,0.6467065868263473,False,0.0
8,28,"greater_than_or_equal(sub(pdiv(x[5],x[5]),x[2]), add(pdiv(x[5],add(x[7],x[7])),sub(x[2],pdiv(pdiv(x[2],x[5]),mul(x[0],x[5])))))",False,,,9fa023e94776ac2ff6bb11929767071f,0.4251497005988024,False,0.0
8,28,"greater_than_or_equal(95.24, x[2])",True,"less_than_or_equal(x[2],x[2])",0.35928143712574845,bd082d42dcba8056510101f18394b575,0.35928143712574845,False,0.0
8,28,"greater_than_or_equal(pdiv(x[5],add(x[2],x[5])), sub(add(mul(add(x[5],x[2]),x[5]),x[2]),x[5]))",True,"greater_than_or_equal(pdiv(pdiv(x[5],x[5]),add(pdiv(x[2],mul(x[2],x[5])),x[5])), mul(x[2],add(x[5],x[2])))",0.27544910179640714,323b5baa9272309b613295dcd93f1fa6,0.27544910179640714,False,0.0
8,28,"greater_than_or_equal(sub(pdiv(x[5],x[5]),pdiv(mul(x[7],x[0]),x[7])), add(x[5],x[2]))",True,"not_(less_than_or_equal(pdiv(x[5],add(add(pdiv(x[5],pdiv(x[2],x[2])),x[2]),x[0])),x[5]))",0.281437125748503,451c11779af540190a3b75f2a4a5f7c5,0.27544910179640714,True,-0.005988023952095856
8,28,"greater_than_or_equal(x[5], pdiv(x[7],x[3]))",True,"greater_than_or_equal(pdiv(x[5],add(pdiv(pdiv(x[5],x[5]),add(x[3],x[0])),sub(x[2],x[2]))), add(x[7],x[0]))",0.5029940119760479,dab59ce79fd13a43a3f06ab84cadcbaf,0.4610778443113772,True,-0.041916167664670656
8,28,"greater_than_or_equal(x[5], mul(x[7],x[5]))",True,"less_than_or_equal(x[2],x[2])",0.35928143712574845,bd082d42dcba8056510101f18394b575,0.35928143712574845,False,0.0
8,28,"greater_than_or_equal(add(x[5],x[7]), add(add(90.95,x[5]),x[5]))",True,not_(x[6]),0.6347305389221557,b4068ba57b63c959651c969331c4b5cd,0.6407185628742516,True,0.005988023952095856
8,28,"greater_than_or_equal(sub(pdiv(x[5],sub(pdiv(x[7],x[7]),x[7])),mul(x[7],add(x[2],x[2]))), x[5])",False,,,4132d2838030a68941df66de9d168a95,0.4251497005988024,False,0.0
8,28,"greater_than_or_equal(x[5], x[2])",True,"not_(not_(less_than_or_equal(x[2],x[5])))",0.34730538922155685,4af53f79d9ad2ffac455113b88a02dd4,0.34730538922155685,False,0.0
8,28,"greater_than_or_equal(pdiv(x[5],x[5]), pdiv(x[7],mul(x[7],x[3])))",True,"less_than_or_equal(pdiv(mul(pdiv(x[3],x[3]),sub(x[5],x[3])),mul(pdiv(x[0],x[5]),sub(x[3],x[3]))),x[3])",0.6586826347305389,f97921da4bc12e7263893dbe645c4d9b,0.652694610778443,True,-0.005988023952095856
8,28,"greater_than_or_equal(sub(x[3],x[5]), x[0])",True,"greater_than_or_equal(x[3], add(add(x[0],sub(x[0],x[5])),add(x[5],x[5])))",0.5568862275449102,12155afbfefe7d35a956e5c22a38327b,0.5449101796407185,True,-0.011976047904191711
8,28,"greater_than_or_equal(x[5], mul(x[2],pdiv(x[7],x[7])))",True,"not_(not_(less_than_or_equal(x[2],x[5])))",0.34730538922155685,4af53f79d9ad2ffac455113b88a02dd4,0.34730538922155685,False,0.0
8,28,"greater_than_or_equal(x[2], x[2])",True,"less_than_or_equal(x[2],x[2])",0.35928143712574845,bd082d42dcba8056510101f18394b575,0.35928143712574845,False,0.0
8,28,"greater_than_or_equal(x[5], mul(x[7],add(89.30,x[2])))",True,not_(x[6]),0.6347305389221557,b4068ba57b63c959651c969331c4b5cd,0.6407185628742516,True,0.005988023952095856
8,28,"greater_than_or_equal(sub(pdiv(x[7],x[7]),x[7]), mul(92.44,add(mul(add(x[2],x[5]),x[7]),sub(x[5],mul(x[5],x[5])))))",True,not_(x[6]),0.6347305389221557,b4068ba57b63c959651c969331c4b5cd,0.6407185628742516,True,0.005988023952095856
8,28,"greater_than_or_equal(x[5], x[5])",True,"less_than_or_equal(x[2],x[2])",0.35928143712574845,bd082d42dcba8056510101f18394b575,0.35928143712574845,False,0.0
8,28,"greater_than_or_equal(pdiv(x[2],x[7]), pdiv(add(pdiv(mul(x[2],x[2]),sub(x[7],x[5])),x[7]),x[2]))",False,,,835f6eeaa3006938a61d66f244b43915,0.5149700598802396,False,0.0
8,28,"greater_than_or_equal(x[5], mul(mul(mul(x[7],x[2]),add(x[2],add(x[5],pdiv(x[2],pdiv(sub(x[7],x[7]),x[7]))))),pdiv(x[3],x[2])))",False,,,25adbdca52f5455791cfaf5cb006e589,0.3173652694610778,False,0.0
8,28,"not_(less_than_or_equal(pdiv(x[5],x[5]),add(mul(x[5],x[5]),pdiv(x[2],pdiv(x[2],x[2])))))",True,"not_(greater_than_or_equal(mul(x[5],add(x[5],x[2])), add(sub(x[7],x[7]),pdiv(x[5],x[5]))))",0.27544910179640714,66d1f1f84d146fdd572ef7ee95562584,0.2574850299401198,True,-0.017964071856287345
8,28,"greater_than_or_equal(pdiv(x[5],mul(x[7],add(mul(pdiv(pdiv(x[2],x[5]),mul(x[7],add(x[5],x[2]))),x[7]),sub(sub(x[5],sub(x[0],x[3])),mul(x[7],add(mul(x[5],sub(sub(sub(sub(x[2],x[2]),x[2]),x[5]),mul(x[7],add(x[7],x[5])))),x[5])))))), x[2])",False,,,0814d0ac196e88eb0f5d232369b0f859,0.2574850299401198,False,0.0
8,28,"greater_than_or_equal(x[2], pdiv(mul(mul(x[5],x[5]),x[5]),add(sub(x[2],x[7]),pdiv(x[5],x[5]))))",False,,,80e0b0134ae3768b40e83e6860ebb84b,0.5029940119760479,False,0.0
8,28,"less_than_or_equal(pdiv(x[5],x[5]),pdiv(sub(x[5],x[2]),x[2]))",True,"greater_than_or_equal(x[5], add(x[2],x[2]))",0.39520958083832336,ceb136f9325a6c3dff5e71a06e63c76f,0.39520958083832336,False,0.0
8,28,"greater_than_or_equal(x[5], sub(add(sub(sub(pdiv(x[2],x[5]),mul(x[7],add(x[7],x[5]))),x[5]),x[2]),add(sub(x[7],x[7]),pdiv(x[5],x[5]))))",True,"greater_than_or_equal(add(mul(x[0],x[2]),sub(x[5],x[0])), sub(sub(x[2],x[0]),mul(x[5],x[5])))",0.34730538922155685,fa36c7eff201c5964686ffd342c69e5e,0.3532934131736527,True,0.005988023952095856
8,28,"greater_than_or_equal(x[5], mul(x[7],add(x[3],pdiv(x[5],add(x[2],x[5])))))",False,,,210554d9a4af4755f6b6fa890d0d2ca9,0.32335329341317365,False,0.0
8,28,"not_(less_than_or_equal(sub(pdiv(x[7],x[7]),x[3]),mul(x[7],add(x[7],x[2]))))",True,"greater_than_or_equal(sub(pdiv(x[5],x[5]),mul(x[7],add(x[7],x[2]))), x[3])",0.23952095808383234,28ec52dd7333cc1c240b9eacee8d6909,0.23952095808383234,False,0.0
8,28,"greater_than_or_equal(pdiv(x[5],x[5]), add(mul(x[5],add(x[7],x[2])),add(x[2],x[2])))",True,"not_(less_than_or_equal(pdiv(x[5],x[5]),add(mul(x[5],add(x[7],x[2])),add(x[2],x[2]))))",0.18562874251497008,7dd04de0f09dcb78fab13d4ca363e3e0,0.18562874251497008,False,0.0
8,28,"greater_than_or_equal(pdiv(add(x[7],x[2]),x[2]), x[7])",True,"less_than_or_equal(x[2],x[2])",0.35928143712574845,bd082d42dcba8056510101f18394b575,0.35928143712574845,False,0.0
8,28,"not_(less_than_or_equal(pdiv(x[5],x[5]),add(mul(pdiv(sub(add(x[0],x[7]),x[7]),add(x[2],x[7])),x[5]),x[2])))",False,,,cf1f4fe0fce770f369f4cacf654e93e2,0.34730538922155685,False,0.0
8,28,"not_(less_than_or_equal(x[2],x[3]))",True,"not_(less_than_or_equal(pdiv(x[5],x[5]),add(x[2],sub(pdiv(x[3],x[2]),add(mul(x[2],x[7]),mul(x[2],x[3]))))))",0.6586826347305389,97992d1c6392ce2361e75a580fad0a69,0.6347305389221557,True,-0.0239520958083832
8,28,"greater_than_or_equal(pdiv(x[3],mul(add(x[2],mul(x[7],x[2])),pdiv(x[5],add(add(x[7],x[2]),sub(x[7],x[7]))))), x[7])",False,,,ec4edef52ddefdf1df3372ca31ec3184,0.3293413173652695,False,0.0
8,28,"greater_than_or_equal(sub(pdiv(pdiv(x[5],mul(x[2],sub(mul(x[5],pdiv(mul(pdiv(x[2],x[2]),x[2]),x[5])),x[3]))),x[5]),x[2]), add(sub(x[7],x[7]),pdiv(x[5],x[5])))",False,,,38435a770b5de6bc9e52a60c9f718cd8,0.5988023952095809,False,0.0
8,28,"greater_than_or_equal(pdiv(x[3],add(x[7],x[2])), mul(x[7],add(x[5],x[7])))",False,,,f16e9685720a80af5da5da31a3f3c5a9,0.26347305389221554,False,0.0
8,28,"greater_than_or_equal(pdiv(sub(x[7],mul(x[7],x[2])),mul(pdiv(00.20,x[7]),x[0])), x[2])",False,,,f7c215df2b4c8a2993304847cb6177f1,0.4011976047904192,False,0.0
8,28,"greater_than_or_equal(x[5], mul(x[3],add(sub(x[5],x[2]),add(add(x[7],x[5]),x[5]))))",False,,,dc9259fee09ed140b8e99561dcdcbe49,0.5688622754491017,False,0.0
8,28,"not_(less_than_or_equal(pdiv(x[5],x[5]),add(mul(x[5],mul(add(x[7],add(x[2],add(x[5],x[5]))),mul(x[7],x[7]))),x[2])))",True,"not_(less_than_or_equal(pdiv(pdiv(x[5],01.48),mul(x[5],x[7])),add(x[2],x[5])))",0.22754491017964074,cdd9fc6a504c2aeb45792a4625465ee0,0.22754491017964074,False,0.0
8,28,"greater_than_or_equal(x[7], mul(mul(pdiv(x[2],add(x[2],x[2])),x[5]),pdiv(add(x[5],x[2]),add(sub(x[7],x[7]),pdiv(x[5],x[5])))))",False,,,7df022013c66a6a85e1430733c130af6,0.5029940119760479,False,0.0
8,28,"greater_than_or_equal(pdiv(x[3],mul(mul(x[7],pdiv(x[5],x[7])),add(x[5],x[5]))), mul(sub(pdiv(sub(x[7],pdiv(pdiv(x[7],add(add(mul(x[5],add(x[7],x[2])),add(x[2],x[2])),x[5])),x[5])),x[5]),x[2]),add(sub(x[7],x[7]),pdiv(x[5],x[5]))))",False,,,11c44d3bad194f95fc3c2ab387390443,0.3532934131736527,False,0.0
8,28,"greater_than_or_equal(sub(x[2],add(x[2],add(x[5],x[3]))), x[7])",True,not_(x[6]),0.6347305389221557,b4068ba57b63c959651c969331c4b5cd,0.6407185628742516,True,0.005988023952095856
8,28,"greater_than_or_equal(x[5], mul(x[7],add(54.06,sub(x[5],sub(x[0],x[3])))))",True,not_(x[6]),0.6347305389221557,b4068ba57b63c959651c969331c4b5cd,0.6407185628742516,True,0.005988023952095856
8,28,"greater_than_or_equal(pdiv(x[5],x[2]), mul(x[7],x[3]))",True,"not_(greater_than_or_equal(mul(x[7],add(x[5],x[7])), add(pdiv(mul(x[2],add(x[5],x[5])),x[2]),add(sub(x[7],x[7]),pdiv(x[5],x[3])))))",0.32335329341317365,6879d8556cd3538b7aad64e5d345873a,0.32335329341317365,False,0.0
8,28,"greater_than_or_equal(sub(pdiv(x[5],mul(42.45,add(add(x[7],x[0]),x[2]))),x[0]), add(add(x[2],x[3]),add(x[2],x[5])))",True,not_(x[6]),0.6347305389221557,b4068ba57b63c959651c969331c4b5cd,0.6407185628742516,True,0.005988023952095856
8,28,"greater_than_or_equal(92.04, add(x[2],x[2]))",True,"less_than_or_equal(x[2],x[2])",0.35928143712574845,bd082d42dcba8056510101f18394b575,0.35928143712574845,False,0.0
8,28,"greater_than_or_equal(pdiv(x[5],add(x[2],mul(add(x[5],x[2]),x[5]))), x[7])",True,"greater_than_or_equal(pdiv(x[5],add(x[2],mul(x[5],add(x[5],x[2])))), x[7])",0.22155688622754488,98e175c7a83b857c6b6a9b5022e0f243,0.22155688622754488,False,0.0
8,28,"greater_than_or_equal(pdiv(add(pdiv(add(x[5],x[5]),mul(add(x[2],x[5]),mul(add(sub(x[5],mul(x[5],x[5])),add(x[7],x[2])),x[3]))),x[5]),add(x[3],add(sub(x[3],x[7]),x[5]))), add(sub(x[7],x[3]),x[7]))",False,,,273dc35e32d4a6c762983c51d386f73b,0.3652694610778443,False,0.0
8,28,"greater_than_or_equal(x[5], mul(x[7],add(x[5],x[0])))",True,"greater_than_or_equal(sub(pdiv(x[5],x[7]),x[0]), x[5])",0.281437125748503,398ddcc29f5ec071f51fa23d31620cd7,0.281437125748503,False,0.0
8,28,"greater_than_or_equal(x[5], x[7])",True,"greater_than_or_equal(x[5], x[7])",0.3892215568862275,ca29d589a2290a0489371628a6b32bf4,0.3892215568862275,False,0.0
8,28,"greater_than_or_equal(pdiv(x[5],x[5]), add(x[7],mul(x[2],mul(x[3],pdiv(mul(x[7],add(x[7],x[2])),x[2])))))",False,,,f886bed66eea9745cd2814a630932c25,0.2574850299401198,False,0.0
8,28,"greater_than_or_equal(pdiv(x[2],x[5]), add(x[7],mul(x[5],x[7])))",False,,,0beb7a4ecb70e37e33ddeadc12ea7387,0.47904191616766467,False,0.0
8,28,"greater_than_or_equal(x[3], mul(x[7],add(x[7],sub(sub(x[5],sub(x[0],x[7])),add(x[5],x[2])))))",False,,,730c69ff9ce43937d9d0b75d5f3b895c,0.2934131736526946,False,0.0
8,28,"less_than_or_equal(x[5],mul(add(pdiv(x[5],add(x[2],add(mul(x[7],sub(x[3],mul(add(mul(x[7],add(x[2],x[2])),x[2]),add(x[2],x[3])))),add(pdiv(x[3],pdiv(x[7],add(x[2],x[7]))),pdiv(x[3],x[7]))))),x[3]),x[5]))",False,,,8ae1fd3a16b8e82c2548d261b4732e41,0.6826347305389222,False,0.0
8,28,"greater_than_or_equal(x[5], mul(x[7],add(x[5],pdiv(x[5],x[2]))))",True,"greater_than_or_equal(x[5], mul(x[7],add(x[5],pdiv(x[5],x[2]))))",0.5029940119760479,4198c927561ff59946368650b5661f4a,0.5029940119760479,False,0.0
8,28,"greater_than_or_equal(x[3], mul(add(mul(x[2],mul(pdiv(add(x[7],x[2]),x[2]),x[0])),add(x[7],x[3])),add(pdiv(add(mul(add(pdiv(add(x[2],x[5]),x[5]),mul(x[2],x[2])),x[7]),x[7]),add(sub(x[7],sub(mul(x[7],x[0]),sub(pdiv(x[5],x[7]),x[3]))),x[7])),x[5])))",False,,,e5888fd010e4ab0bbd7cba6615dd7c8a,0.5149700598802396,False,0.0
8,28,"greater_than_or_equal(sub(pdiv(x[0],x[2]),add(pdiv(x[7],x[7]),pdiv(x[5],x[0]))), add(mul(x[5],sub(sub(sub(sub(x[2],mul(pdiv(x[2],sub(x[7],sub(pdiv(x[3],x[7]),add(x[0],x[7])))),x[5])),add(x[0],add(x[0],x[2]))),x[7]),mul(x[2],add(x[2],x[5])))),x[7]))",False,,,7e94f65edb38de66665579908fe9af3f,0.6407185628742516,False,0.0
8,28,"not_(greater_than_or_equal(mul(x[7],add(mul(add(add(add(x[2],x[2]),x[5]),sub(pdiv(x[5],x[7]),add(x[5],x[5]))),mul(x[2],sub(mul(x[2],x[7]),x[5]))),x[5])), x[2]))",False,,,4478c0aa882190d1c29dd1c8cdc7af23,0.4491017964071856,False,0.0
8,28,"greater_than_or_equal(x[5], mul(x[7],add(mul(mul(pdiv(add(x[7],x[2]),x[2]),x[5]),x[7]),add(19.64,add(add(x[2],x[3]),add(pdiv(x[3],pdiv(x[7],add(x[2],x[7]))),pdiv(x[3],x[7])))))))",True,not_(x[6]),0.6347305389221557,b4068ba57b63c959651c969331c4b5cd,0.6347305389221557,False,0.0
8,28,"greater_than_or_equal(x[5], mul(x[7],add(x[2],mul(x[5],add(54.06,sub(x[5],sub(mul(add(x[3],mul(x[7],add(mul(x[5],sub(sub(sub(sub(x[2],x[2]),x[2]),x[5]),mul(x[7],add(x[7],x[5])))),x[5]))),x[2]),add(sub(x[7],x[7]),pdiv(x[5],x[5])))))))))",True,not_(x[6]),0.6347305389221557,b4068ba57b63c959651c969331c4b5cd,0.6287425149700598,True,-0.005988023952095856
8,28,"greater_than_or_equal(x[3], mul(add(x[5],x[7]),x[2]))",True,"greater_than_or_equal(x[3], mul(add(x[7],x[5]),x[2]))",0.29940119760479045,b5fd2329b3d37d3741067324fc482215,0.29940119760479045,False,0.0
8,28,"greater_than_or_equal(sub(pdiv(pdiv(x[5],x[7]),x[7]),mul(x[5],x[2])), mul(mul(x[5],x[2]),add(mul(x[5],mul(90.92,x[7])),add(add(x[2],x[5]),x[5]))))",False,,,a2238c6d543f652a85f1c50644df2c8c,0.27544910179640714,False,0.0
8,28,"greater_than_or_equal(sub(pdiv(x[5],pdiv(sub(pdiv(x[7],x[7]),x[7]),mul(sub(x[7],add(pdiv(add(x[3],mul(mul(x[5],x[0]),x[7])),add(x[5],x[2])),mul(x[3],x[7]))),x[7]))),add(x[7],x[5])), x[3])",False,,,22d97519a9c6665a3dc6dfe06d06df66,0.6467065868263473,False,0.0
8,28,"greater_than_or_equal(mul(x[2],x[3]), x[7])",True,"greater_than_or_equal(mul(x[3],x[3]), pdiv(x[3],pdiv(x[2],x[7])))",0.592814371257485,904512314205cdefe018ca417db8be87,0.5988023952095809,True,0.005988023952095856
8,28,"greater_than_or_equal(pdiv(x[3],pdiv(x[7],x[7])), pdiv(mul(x[5],sub(sub(add(x[5],x[7]),add(x[5],x[7])),x[7])),x[3]))",True,"less_than_or_equal(x[2],x[2])",0.35928143712574845,bd082d42dcba8056510101f18394b575,0.3652694610778443,True,0.005988023952095856
8,28,"less_than_or_equal(pdiv(x[5],add(pdiv(add(mul(add(x[5],x[2]),x[7]),x[7]),x[2]),add(x[2],x[2]))),x[5])",True,"less_than_or_equal(sub(sub(x[3],x[5]),pdiv(x[7],mul(add(sub(x[7],x[7]),pdiv(x[5],x[2])),x[7]))),x[0])",0.3892215568862275,5918517f5c7939fc875812594d344b06,0.39520958083832336,True,0.005988023952095856
8,28,"greater_than_or_equal(x[5], pdiv(pdiv(mul(mul(x[2],x[7]),x[7]),x[5]),x[5]))",False,,,b68b8a1f0454db5b82ef2e84f0b86d0b,0.32335329341317365,False,0.0
8,28,"greater_than_or_equal(sub(mul(x[7],add(x[5],mul(add(x[2],x[5]),x[7]))),sub(x[5],mul(x[5],x[5]))), add(x[7],x[2]))",False,,,c98abcb060901fac828cd31a102f0d88,0.688622754491018,False,0.0
8,28,"greater_than_or_equal(sub(pdiv(x[5],x[5]),add(x[5],x[2])), x[3])",True,"not_(less_than_or_equal(pdiv(x[5],x[5]),add(x[2],add(x[5],mul(pdiv(x[5],x[5]),x[3])))))",0.5149700598802396,13a7fe0d2bb7255ff1d43121bd9c5733,0.5149700598802396,False,0.0
8,28,"greater_than_or_equal(sub(pdiv(x[7],x[7]),x[7]), mul(x[7],add(x[7],x[2])))",True,"not_(less_than_or_equal(pdiv(x[5],x[7]),add(x[5],mul(x[5],add(add(x[7],x[0]),x[2])))))",0.23353293413173648,40d19945513b721f8a7891f4912df659,0.20958083832335328,True,-0.0239520958083832
8,28,"not_(less_than_or_equal(92.04,add(x[2],x[2])))",True,"less_than_or_equal(x[2],x[2])",0.35928143712574845,bd082d42dcba8056510101f18394b575,0.35928143712574845,False,0.0
8,28,"greater_than_or_equal(pdiv(x[5],add(x[2],x[5])), mul(x[3],x[5]))",False,,,2bb1b560c27defcb8c6ef514ed41bf09,0.3293413173652695,False,0.0
8,28,"greater_than_or_equal(pdiv(x[5],x[5]), add(x[7],mul(x[7],x[2])))",True,"greater_than_or_equal(pdiv(x[5],x[5]), add(x[7],mul(x[7],x[2])))",0.23952095808383234,0a59dd1a7af4fa849a2c5d4611cd3eab,0.23952095808383234,False,0.0
8,28,"greater_than_or_equal(sub(pdiv(x[5],x[5]),x[2]), add(mul(x[7],pdiv(x[2],pdiv(pdiv(pdiv(mul(x[2],x[2]),sub(add(add(x[5],x[7]),x[2]),add(x[2],x[3]))),add(pdiv(x[3],pdiv(x[7],add(x[7],x[7]))),pdiv(x[5],x[2]))),pdiv(x[0],x[7])))),x[0]))",False,,,a02f4ff1785d41b2da59965a8b241171,0.3173652694610778,False,0.0
8,28,"greater_than_or_equal(pdiv(x[5],x[2]), mul(x[7],add(add(pdiv(mul(x[3],x[3]),x[7]),x[5]),mul(x[7],mul(add(mul(x[2],x[3]),x[5]),add(x[5],x[2]))))))",False,,,b2fea8408d6e09a7ac0b8477a5cc6e30,0.2574850299401198,False,0.0
8,28,"greater_than_or_equal(x[0], x[7])",True,"less_than_or_equal(x[7],x[0])",0.5449101796407185,be077d9307e8548c7420a3c3b9c6aaf2,0.5449101796407185,False,0.0
8,28,"greater_than_or_equal(sub(pdiv(x[5],mul(x[7],add(x[5],add(mul(pdiv(x[5],x[5]),x[5]),x[5])))),x[7]), pdiv(mul(x[7],add(x[7],x[5])),x[5]))",False,,,0ee70993e4a2e86110f0b94601cd8e54,0.3413173652694611,False,0.0
8,28,"greater_than_or_equal(x[5], x[3])",True,"less_than_or_equal(mul(sub(x[7],x[0]),pdiv(x[7],25.93)),pdiv(x[7],sub(mul(x[3],x[5]),mul(x[3],x[3]))))",0.5089820359281437,8ad7ccd0e2bcf51cfea619f1321f2792,0.5089820359281437,False,0.0
8,28,"less_than_or_equal(sub(pdiv(pdiv(x[5],mul(x[7],add(x[5],mul(x[5],add(x[2],x[7]))))),x[2]),add(x[2],x[3])),add(pdiv(x[3],pdiv(x[7],add(x[2],x[7]))),pdiv(x[3],x[7])))",False,,,924db36d9c104d8345d1429126ba16aa,0.7485029940119761,False,0.0
8,28,"less_than_or_equal(add(x[7],x[5]),x[2])",True,"less_than_or_equal(add(x[5],x[7]),x[2])",0.6287425149700598,8ab50aa59a2767278dca8b76d2a3575f,0.6287425149700598,False,0.0
8,28,"greater_than_or_equal(pdiv(x[5],x[5]), mul(mul(x[5],add(x[2],pdiv(mul(x[2],x[5]),x[2]))),sub(add(x[7],x[2]),x[3])))",False,,,ae7df6a9ca55d6806fa727ec30a86d06,0.3173652694610778,False,0.0
8,28,"less_than_or_equal(x[5],x[2])",True,"less_than_or_equal(x[5],x[2])",0.652694610778443,6fb17002302e404122653cf2c68db553,0.652694610778443,False,0.0
8,28,"greater_than_or_equal(pdiv(sub(x[7],mul(x[7],x[2])),mul(x[5],mul(x[5],add(x[0],x[2])))), mul(x[7],x[7]))",False,,,1b95e304379341b713ae895b0a7b28de,0.2934131736526946,False,0.0
8,28,"not_(less_than_or_equal(pdiv(x[5],sub(x[5],sub(x[0],x[3]))),mul(add(x[2],sub(add(sub(x[2],x[5]),add(x[5],x[7])),x[2])),add(x[2],x[3]))))",False,,,8a3df84645f6610ce4e89083527a1487,0.29940119760479045,False,0.0
8,28,"greater_than_or_equal(x[3], mul(x[7],add(mul(x[5],add(mul(x[5],add(add(pdiv(x[2],x[2]),sub(add(93.94,x[5]),x[5])),add(x[2],x[5]))),x[5])),add(x[5],x[2]))))",False,,,22ad293e9f2dbcb998a3d5cbee699d31,0.6167664670658682,False,0.0
8,28,"greater_than_or_equal(pdiv(x[5],x[5]), add(mul(x[5],add(x[2],pdiv(mul(x[2],x[2]),add(x[2],x[2])))),x[5]))",False,,,d1fd9a965c85940d678ae60c36b5e1a2,0.28742514970059885,False,0.0
8,28,"not_(less_than_or_equal(pdiv(x[5],x[5]),x[7]))",True,"not_(less_than_or_equal(pdiv(x[5],x[5]),add(pdiv(x[2],96.92),x[7])))",0.39520958083832336,db0e6c3409e9b2885c8014a7de8788af,0.39520958083832336,False,0.0
8,28,"not_(less_than_or_equal(pdiv(x[5],mul(x[7],add(x[2],x[7]))),sub(sub(97.96,x[2]),add(x[2],x[2]))))",True,"less_than_or_equal(mul(mul(x[7],x[7]),74.75),add(x[7],x[7]))",0.6227544910179641,83475aff34f9e2eb2174b5d809ea1882,0.6287425149700598,True,0.0059880239520957446
8,28,"greater_than_or_equal(x[0], add(x[5],add(add(sub(add(x[7],mul(x[7],sub(x[3],mul(x[2],sub(sub(x[5],x[5]),x[5]))))),x[2]),add(pdiv(x[7],x[7]),pdiv(x[5],x[5]))),mul(mul(x[5],x[7]),pdiv(x[7],x[3])))))",True,not_(x[6]),0.6347305389221557,b4068ba57b63c959651c969331c4b5cd,0.6407185628742516,True,0.005988023952095856
8,28,"greater_than_or_equal(sub(x[3],add(x[7],x[5])), x[2])",False,,,3c4caf10d637082fef4e525df09eb295,0.6047904191616766,False,0.0
8,28,"greater_than_or_equal(pdiv(25.98,x[2]), add(x[2],add(x[5],x[2])))",True,"less_than_or_equal(x[2],x[2])",0.35928143712574845,bd082d42dcba8056510101f18394b575,0.35928143712574845,False,0.0
8,28,"greater_than_or_equal(sub(pdiv(x[5],x[7]),add(x[5],x[5])), mul(x[2],mul(add(x[5],mul(x[7],add(add(add(x[7],sub(pdiv(add(sub(x[2],sub(pdiv(add(pdiv(x[7],x[0]),x[2]),x[3]),x[2])),x[3]),x[5]),x[0])),mul(x[5],x[7])),add(x[5],x[5])))),mul(x[2],add(x[5],x[2])))))",False,,,1cf1e5dc3135556e9f8493eabbc9116a,0.34730538922155685,False,0.0
8,28,"greater_than_or_equal(x[5], mul(x[7],pdiv(mul(add(add(add(x[0],x[7]),x[2]),x[5]),x[0]),x[5])))",False,,,4d2b37e1d3e48270b04ed6bcc522de8d,0.37125748502994016,False,0.0
8,28,"greater_than_or_equal(pdiv(x[5],add(x[2],x[5])), mul(sub(mul(add(x[5],pdiv(mul(x[7],add(mul(sub(pdiv(x[5],x[2]),add(x[7],x[2])),x[2]),x[5])),pdiv(x[2],pdiv(x[5],mul(x[7],add(x[5],mul(x[5],add(x[2],x[7])))))))),x[2]),add(x[2],x[3])),add(pdiv(x[3],pdiv(x[7],add(x[2],x[7]))),pdiv(x[3],x[7]))))",False,,,2eea331312fd5da8af837c637f66636b,0.4850299401197605,False,0.0
8,28,"greater_than_or_equal(pdiv(pdiv(x[5],x[2]),pdiv(add(x[2],x[7]),x[2])), add(x[3],x[2]))",False,,,f51bc64e039263f989f477204dd3417a,0.3053892215568862,False,0.0
8,28,"greater_than_or_equal(sub(pdiv(x[5],x[5]),x[2]), add(mul(x[5],mul(x[5],x[5])),add(add(pdiv(x[5],sub(add(add(x[0],x[7]),add(x[0],x[0])),pdiv(sub(mul(pdiv(x[2],add(x[2],x[2])),x[5]),x[5]),x[5]))),x[5]),mul(x[7],add(x[5],x[7])))))",False,,,1633fd1a48696c97a5418de9b3659cfc,0.5748502994011976,False,0.0
8,28,"not_(less_than_or_equal(pdiv(20.44,add(add(x[2],x[5]),x[5])),x[5]))",True,"less_than_or_equal(x[2],x[2])",0.35928143712574845,bd082d42dcba8056510101f18394b575,0.35928143712574845,False,0.0
8,28,"greater_than_or_equal(sub(pdiv(x[5],x[5]),x[2]), add(mul(x[0],x[2]),x[7]))",False,,,dbab7180669d9deff62b1dbd7b546fe4,0.20359281437125754,False,0.0
8,28,"greater_than_or_equal(pdiv(pdiv(x[5],x[2]),pdiv(add(x[2],x[5]),x[5])), x[7])",True,"greater_than_or_equal(pdiv(x[5],pdiv(x[2],x[5])), mul(x[7],add(x[5],x[2])))",0.29940119760479045,6d7712eb16cd9cb08b44d2e8f675270f,0.29940119760479045,False,0.0
8,28,"greater_than_or_equal(x[5], sub(x[7],add(x[0],00.69)))",True,"greater_than_or_equal(x[5], sub(x[7],pdiv(x[5],pdiv(add(x[2],x[2]),mul(add(pdiv(pdiv(x[5],x[5]),x[5]),add(pdiv(x[2],x[0]),pdiv(add(x[5],mul(x[2],x[3])),pdiv(x[5],x[3])))),x[2])))))",0.33532934131736525,186bd8c50b363cd7d1a49ca5ad2acce1,0.33532934131736525,False,0.0
8,28,"greater_than_or_equal(x[5], mul(x[7],mul(mul(x[2],x[7]),add(sub(x[3],mul(x[5],sub(sub(add(x[5],x[7]),add(x[5],x[7])),x[7]))),x[7]))))",False,,,88ce579b41c22b9b476e615e352ae5ee,0.3053892215568862,False,0.0
8,28,"greater_than_or_equal(x[3], mul(x[7],add(pdiv(x[5],pdiv(x[5],x[5])),x[2])))",True,"greater_than_or_equal(sub(pdiv(x[3],x[7]),x[2]), x[5])",0.2934131736526946,f37b192ee68e8c22b6377054abcd1642,0.2934131736526946,False,0.0
8,28,"greater_than_or_equal(pdiv(x[5],x[5]), add(x[5],add(x[2],add(mul(x[5],x[7]),x[2]))))",True,"not_(less_than_or_equal(add(pdiv(pdiv(x[5],x[5]),add(x[5],x[2])),mul(x[2],x[0])),add(add(x[2],x[3]),add(x[2],x[5]))))",0.4011976047904192,84510e8ebd8b1a98531b90bc2a0c17ac,0.46706586826347307,True,0.06586826347305386
8,28,"greater_than_or_equal(mul(pdiv(x[5],98.99),mul(x[7],add(x[5],x[2]))), x[2])",True,"greater_than_or_equal(pdiv(mul(x[5],x[2]),pdiv(x[2],x[5])), add(sub(x[7],x[7]),add(x[5],x[0])))",0.6107784431137724,ec48eb4aba9f475884bcf9e8f28adadc,0.6167664670658682,True,0.005988023952095856
8,28,"greater_than_or_equal(pdiv(x[3],mul(mul(x[5],mul(x[5],add(mul(x[5],add(x[0],x[7])),pdiv(x[0],x[2])))),x[2])), x[7])",True,"less_than_or_equal(add(add(x[7],x[2]),sub(x[5],x[5])),add(pdiv(add(x[3],x[3]),add(add(x[0],x[0]),x[7])),x[7]))",0.3413173652694611,e06e9ab970f68a5e352d1dcfb1782659,0.3413173652694611,False,0.0
8,28,"greater_than_or_equal(sub(pdiv(x[5],x[7]),add(x[5],x[5])), mul(x[2],sub(mul(x[2],x[5]),add(mul(x[7],add(x[5],mul(x[2],mul(x[0],x[2])))),x[0]))))",True,"greater_than_or_equal(x[5], mul(x[7],add(pdiv(x[7],sub(x[3],sub(pdiv(x[3],mul(x[7],add(x[7],x[2]))),x[3]))),x[5])))",0.22155688622754488,3d8079df8b8965df5019ae28ea17d3ad,0.25149700598802394,True,0.029940119760479056
8,28,"greater_than_or_equal(pdiv(x[2],x[5]), x[2])",True,"less_than_or_equal(x[2],x[2])",0.35928143712574845,bd082d42dcba8056510101f18394b575,0.35928143712574845,False,0.0
8,28,"greater_than_or_equal(pdiv(x[3],add(x[7],x[2])), x[3])",True,"less_than_or_equal(add(mul(x[7],pdiv(x[5],x[5])),x[2]),add(sub(x[7],x[7]),pdiv(69.44,sub(x[3],x[3]))))",0.19161676646706582,14c6e007ad625f3839f568e9ee8a86e1,0.19161676646706582,False,0.0
8,28,"greater_than_or_equal(pdiv(add(x[2],x[2]),35.97), x[2])",True,"greater_than_or_equal(pdiv(mul(x[5],x[2]),pdiv(x[2],x[5])), add(sub(x[7],x[7]),add(x[5],x[0])))",0.6107784431137724,ec48eb4aba9f475884bcf9e8f28adadc,0.6167664670658682,True,0.005988023952095856
8,28,"greater_than_or_equal(sub(pdiv(x[5],x[5]),x[2]), add(mul(x[5],mul(x[7],x[5])),x[7]))",True,"greater_than_or_equal(sub(pdiv(x[5],x[5]),x[2]), add(mul(x[5],mul(x[7],x[5])),x[7]))",0.20958083832335328,bb6b8a00330dff1b6b769b00f9d6375f,0.20958083832335328,False,0.0
8,28,"greater_than_or_equal(sub(pdiv(x[7],x[2]),x[2]), x[5])",True,"not_(less_than_or_equal(pdiv(x[7],x[2]),add(x[5],x[2])))",0.40718562874251496,8ffa917118b10ef070e6bcd2c1e2fba4,0.40718562874251496,False,0.0
8,28,"greater_than_or_equal(sub(pdiv(x[5],x[5]),x[2]), x[7])",True,"less_than_or_equal(add(mul(x[7],pdiv(x[5],x[5])),x[2]),add(sub(x[7],x[7]),pdiv(69.44,sub(x[3],x[3]))))",0.19161676646706582,14c6e007ad625f3839f568e9ee8a86e1,0.19161676646706582,False,0.0
8,28,"greater_than_or_equal(pdiv(x[2],x[2]), mul(mul(x[5],add(x[2],x[5])),x[5]))",True,"not_(less_than_or_equal(pdiv(pdiv(pdiv(x[2],x[2]),x[5]),add(x[2],x[5])),x[5]))",0.29940119760479045,60f7dedea310bfe831c5de5143ba604f,0.29940119760479045,False,0.0
8,28,"greater_than_or_equal(sub(pdiv(x[7],x[7]),x[2]), mul(add(mul(x[7],add(x[7],x[2])),x[3]),x[0]))",False,,,b77ebf90bbb02a501f9cde53db23bf5d,0.29940119760479045,False,0.0
8,28,"greater_than_or_equal(add(mul(mul(x[7],add(x[7],sub(sub(x[5],sub(x[0],x[2])),x[2]))),x[5]),x[5]), x[5])",True,"less_than_or_equal(x[2],x[2])",0.35928143712574845,bd082d42dcba8056510101f18394b575,0.37125748502994016,True,0.011976047904191711
8,28,"greater_than_or_equal(sub(pdiv(x[5],x[5]),x[2]), mul(x[5],pdiv(mul(x[5],add(x[5],x[7])),x[3])))",False,,,ff69afff1f62bb98c1a4b215d7706f9b,0.3772455089820359,False,0.0
8,28,"not_(greater_than_or_equal(pdiv(x[5],x[5]), add(mul(x[5],mul(add(x[7],x[2]),mul(x[3],add(x[7],x[7])))),x[5])))",False,,,e3f9386c36d092d72e977bec9fd57d68,0.7125748502994012,False,0.0
8,28,"greater_than_or_equal(x[5], mul(x[7],add(x[5],x[2])))",True,"greater_than_or_equal(x[5], mul(x[7],add(x[5],x[2])))",0.23353293413173648,49521aab13419e9d4582e656c37790ef,0.23353293413173648,False,0.0
8,28,"greater_than_or_equal(pdiv(x[5],pdiv(x[2],x[7])), x[2])",False,,,b9ecaec47e1ae00ce7486ff5285e5b49,0.37125748502994016,False,0.0
8,28,"greater_than_or_equal(sub(x[5],add(x[2],x[7])), x[5])",True,not_(x[6]),0.6347305389221557,b4068ba57b63c959651c969331c4b5cd,0.6407185628742516,True,0.005988023952095856
8,28,"not_(less_than_or_equal(pdiv(54.94,x[5]),mul(x[7],add(x[7],x[2]))))",True,"less_than_or_equal(x[2],x[2])",0.35928143712574845,bd082d42dcba8056510101f18394b575,0.35928143712574845,False,0.0
8,28,"greater_than_or_equal(x[5], mul(x[2],add(x[7],add(mul(add(x[7],x[5]),add(sub(x[2],x[5]),add(add(x[7],x[0]),mul(pdiv(x[5],x[5]),x[7])))),sub(x[7],x[0])))))",False,,,2ea186a56a4ada6903ec51a0add4e42b,0.22155688622754488,False,0.0
8,28,"greater_than_or_equal(pdiv(add(x[5],x[5]),mul(x[7],add(x[5],x[2]))), x[5])",True,"less_than_or_equal(x[2],x[2])",0.35928143712574845,bd082d42dcba8056510101f18394b575,0.35928143712574845,False,0.0
8,28,"greater_than_or_equal(pdiv(x[5],x[5]), add(x[2],x[2]))",True,"not_(less_than_or_equal(pdiv(x[5],x[5]),add(x[2],x[2])))",0.25149700598802394,b1dd33075a09479c47bb17a355eef7af,0.25149700598802394,False,0.0
8,28,"greater_than_or_equal(09.69, pdiv(x[2],x[3]))",True,"less_than_or_equal(pdiv(mul(x[2],x[0]),pdiv(x[3],x[2])),add(x[3],pdiv(x[5],x[5])))",0.3293413173652695,43405007e305438685d37410b29a9ae6,0.3293413173652695,False,0.0
8,28,"greater_than_or_equal(mul(x[5],mul(sub(mul(add(mul(add(x[7],x[2]),x[7]),x[7]),x[7]),add(mul(x[7],sub(x[2],x[5])),add(x[2],x[5]))),x[5])), add(x[5],x[2]))",False,,,00613f68fb3c5b13098cac0ad5abcc59,0.6107784431137724,False,0.0
8,28,"not_(less_than_or_equal(pdiv(x[5],add(pdiv(x[5],x[5]),add(x[7],mul(x[0],x[3])))),x[7]))",True,"greater_than_or_equal(x[5], mul(x[7],add(x[7],pdiv(69.44,sub(x[3],x[3])))))",0.33532934131736525,0f74d2b510468dfb01b807a5013ba7de,0.3293413173652695,True,-0.0059880239520957446
8,28,"greater_than_or_equal(x[5], sub(x[7],add(x[5],mul(x[5],add(x[7],x[0])))))",False,,,5ef7ce483504d82902c47e91faeeda99,0.31137724550898205,False,0.0
8,28,"greater_than_or_equal(sub(pdiv(x[7],x[7]),x[7]), sub(x[2],x[7]))",True,"not_(greater_than_or_equal(mul(x[7],x[2]), x[7]))",0.34730538922155685,f69cf4961d82af0c72c0014d2a401904,0.34730538922155685,False,0.0
8,28,"greater_than_or_equal(sub(pdiv(pdiv(mul(add(x[7],x[5]),x[5]),x[7]),x[2]),x[2]), pdiv(mul(x[5],x[5]),x[2]))",True,"less_than_or_equal(sub(mul(x[2],x[7]),mul(x[0],x[7])),pdiv(mul(x[7],x[5]),add(x[3],x[0])))",0.33532934131736525,3196da2bdbd782d607c6576ee8113934,0.33532934131736525,False,0.0
8,28,"greater_than_or_equal(x[5], mul(mul(x[2],x[3]),mul(x[3],mul(x[7],x[7]))))",False,,,ebe7074e02df412e0d8bb9c444106b5c,0.3413173652694611,False,0.0
8,28,"greater_than_or_equal(pdiv(x[0],pdiv(x[5],x[3])), x[7])",False,,,fb0bc7026e699ddd84a7fb03e675adc0,0.5688622754491017,False,0.0
8,28,"greater_than_or_equal(pdiv(x[5],x[7]), x[2])",True,"less_than_or_equal(sub(mul(x[2],x[7]),mul(x[0],x[7])),x[5])",0.34730538922155685,67e5c7a497be3e968ea5c2bd6433af6d,0.33532934131736525,True,-0.0119760479041916
8,28,"greater_than_or_equal(x[5], mul(x[7],add(x[2],x[3])))",True,"not_(greater_than_or_equal(mul(x[7],add(x[3],x[2])), add(x[5],mul(sub(x[5],x[5]),sub(add(08.46,x[3]),add(pdiv(x[5],x[7]),sub(x[7],x[5])))))))",0.31137724550898205,e4f020371c9c4af4bedc99e9207ee51f,0.31137724550898205,False,0.0
8,28,"greater_than_or_equal(x[5], add(x[7],add(mul(mul(pdiv(x[5],add(x[2],x[2])),x[5]),x[3]),add(x[5],x[5]))))",True,not_(x[6]),0.6347305389221557,b4068ba57b63c959651c969331c4b5cd,0.6407185628742516,True,0.005988023952095856
8,28,"greater_than_or_equal(x[5], sub(x[7],add(x[5],mul(x[5],add(x[7],mul(x[0],x[3]))))))",True,"greater_than_or_equal(x[5], sub(x[7],add(x[5],mul(x[5],add(x[7],x[0])))))",0.31137724550898205,5ef7ce483504d82902c47e91faeeda99,0.3173652694610778,True,0.0059880239520957446
8,28,"not_(less_than_or_equal(pdiv(x[5],sub(x[7],add(x[2],x[7]))),sub(sub(x[5],sub(x[0],x[3])),mul(x[7],add(mul(x[5],sub(sub(sub(sub(x[2],x[2]),x[2]),x[5]),mul(x[7],add(x[7],x[5])))),x[5])))))",False,,,a2d49edca4688eb1b6ea35acd46e3df1,0.6167664670658682,False,0.0
8,28,"greater_than_or_equal(pdiv(pdiv(x[7],x[7]),x[7]), mul(x[7],x[7]))",True,"less_than_or_equal(x[2],x[2])",0.35928143712574845,bd082d42dcba8056510101f18394b575,0.35928143712574845,False,0.0
8,28,"greater_than_or_equal(pdiv(x[5],add(x[2],add(pdiv(add(x[3],mul(x[7],add(x[0],x[7]))),add(x[5],x[2])),mul(x[3],x[7])))), x[0])",False,,,689115921296dfa510ef9e8ecb5c88d4,0.37125748502994016,False,0.0
8,28,"greater_than_or_equal(sub(add(x[7],x[7]),mul(x[7],add(99.49,mul(x[7],add(x[5],x[2]))))), x[7])",True,not_(x[6]),0.6347305389221557,b4068ba57b63c959651c969331c4b5cd,0.6407185628742516,True,0.005988023952095856
8,28,"greater_than_or_equal(sub(pdiv(x[0],x[5]),x[5]), x[0])",True,"less_than_or_equal(x[5],x[0])",0.6227544910179641,2aedc6e15176de9ec0c909a1a3b35796,0.6047904191616766,True,-0.017964071856287456
8,28,"greater_than_or_equal(x[5], pdiv(57.93,x[7]))",True,not_(x[6]),0.6347305389221557,b4068ba57b63c959651c969331c4b5cd,0.6407185628742516,True,0.005988023952095856
8,28,"greater_than_or_equal(pdiv(x[5],x[5]), pdiv(pdiv(pdiv(mul(00.39,mul(sub(add(add(x[0],x[3]),add(x[0],x[2])),x[0]),x[2])),mul(x[7],add(x[7],x[2]))),x[3]),x[5]))",False,,,eaaf0eab46eadc67e9841ef0dfb7d187,0.5808383233532934,False,0.0
8,28,"greater_than_or_equal(sub(pdiv(x[5],x[5]),x[2]), mul(mul(x[5],mul(x[7],x[5])),99.09))",False,,,70c5b6a2dc16a5d26597dd8897fe9479,0.5868263473053892,False,0.0
8,28,"greater_than_or_equal(x[3], mul(x[5],mul(mul(add(add(add(mul(x[7],add(x[0],19.84)),add(add(x[3],x[7]),add(add(x[2],x[5]),x[5]))),x[5]),x[2]),add(sub(x[7],x[7]),pdiv(x[5],x[5]))),mul(mul(x[5],x[7]),pdiv(x[7],x[3])))))",False,,,b7aae187fd8b82fd56eeb3362f0feb0e,0.40718562874251496,False,0.0
8,28,"not_(greater_than_or_equal(x[2], x[3]))",True,"greater_than_or_equal(x[3], x[2])",0.3652694610778443,0a54951987edb23171217fd387dfe4ac,0.3652694610778443,False,0.0
8,28,"greater_than_or_equal(pdiv(x[5],x[5]), add(add(pdiv(pdiv(x[5],x[2]),x[5]),x[0]),x[2]))",True,not_(x[6]),0.6347305389221557,b4068ba57b63c959651c969331c4b5cd,0.6407185628742516,True,0.005988023952095856
8,28,"greater_than_or_equal(add(x[0],pdiv(x[5],x[5])), add(39.94,sub(pdiv(x[2],x[0]),add(add(x[2],x[3]),add(x[2],x[5])))))",True,not_(x[6]),0.6347305389221557,b4068ba57b63c959651c969331c4b5cd,0.6407185628742516,True,0.005988023952095856
8,28,"greater_than_or_equal(x[2], x[0])",True,"less_than_or_equal(x[0],x[2])",0.44311377245508987,6600e71d16c18564dbde1ecda8fbf2a3,0.44311377245508987,False,0.0
8,28,"greater_than_or_equal(pdiv(x[5],x[7]), add(x[5],pdiv(mul(add(x[0],add(x[5],x[2])),add(sub(x[7],sub(x[3],mul(x[5],x[7]))),add(x[2],x[7]))),x[2])))",False,,,ba97b6578034a118556f1958122a7d97,0.4011976047904192,False,0.0
8,28,"greater_than_or_equal(pdiv(x[5],x[5]), add(x[7],mul(x[7],sub(sub(pdiv(mul(x[2],sub(sub(x[5],x[5]),x[3])),x[2]),add(sub(x[7],x[7]),pdiv(x[5],x[5]))),mul(mul(x[5],x[7]),pdiv(x[7],x[3]))))))",True,"less_than_or_equal(x[2],x[2])",0.35928143712574845,bd082d42dcba8056510101f18394b575,0.35928143712574845,False,0.0
8,28,"less_than_or_equal(pdiv(pdiv(x[5],x[7]),pdiv(mul(x[5],sub(x[2],add(x[2],x[7]))),mul(x[3],mul(mul(x[5],add(mul(add(sub(x[7],x[7]),add(x[5],add(x[0],99.79))),add(x[7],add(x[5],mul(x[7],add(x[5],x[2]))))),x[2])),x[5])))),x[7])",True,"less_than_or_equal(x[2],x[2])",0.35928143712574845,bd082d42dcba8056510101f18394b575,0.3652694610778443,True,0.005988023952095856
8,28,"greater_than_or_equal(pdiv(x[3],mul(add(x[7],x[2]),add(x[2],add(x[3],add(x[7],x[7]))))), mul(x[7],add(x[2],x[2])))",False,,,4b6858dff177bb447a605018276bbdf0,0.23952095808383234,False,0.0
8,28,"greater_than_or_equal(sub(pdiv(add(x[2],x[3]),x[0]),x[2]), x[0])",True,"less_than_or_equal(x[0],mul(add(x[3],x[2]),pdiv(x[5],x[5])))",0.37125748502994016,a4b3109094a3eb1d4ea1563e85a80cc4,0.3652694610778443,True,-0.005988023952095856
8,28,"greater_than_or_equal(sub(pdiv(x[5],x[0]),x[2]), mul(x[5],add(mul(x[5],add(x[5],x[7])),x[3])))",False,,,bdba882f1d0582f21ed12e18caf19ad4,0.39520958083832336,False,0.0
8,28,"greater_than_or_equal(sub(pdiv(x[7],mul(mul(x[2],mul(x[7],add(x[2],add(x[2],x[7])))),add(pdiv(x[3],pdiv(x[7],add(x[7],x[7]))),pdiv(x[3],x[2])))),pdiv(x[0],x[2])), x[0])",False,,,a501e47bf5be8c2e7dd451083ec0e799,0.34730538922155685,False,0.0
8,28,"greater_than_or_equal(pdiv(x[5],x[5]), pdiv(pdiv(pdiv(mul(x[2],x[2]),sub(add(add(x[5],x[7]),x[5]),x[7])),x[2]),pdiv(mul(x[5],sub(pdiv(mul(x[5],mul(x[7],add(mul(x[7],sub(x[7],mul(x[5],x[7]))),add(x[2],x[7])))),x[2]),add(x[2],x[3]))),add(pdiv(x[3],pdiv(x[7],add(x[2],x[7]))),pdiv(x[3],x[7])))))",False,,,969b6bba57f2bc242fcc6013ddd3b0a4,0.37125748502994016,False,0.0
8,28,"not_(less_than_or_equal(pdiv(x[5],x[5]),pdiv(sub(x[5],add(x[5],add(x[7],x[2]))),mul(x[7],add(x[5],x[7])))))",True,"less_than_or_equal(x[2],x[2])",0.35928143712574845,bd082d42dcba8056510101f18394b575,0.35928143712574845,False,0.0
8,28,"less_than_or_equal(sub(pdiv(x[5],x[7]),x[2]),x[2])",True,"less_than_or_equal(x[5],mul(x[7],add(x[2],add(add(mul(x[5],x[5]),x[0]),sub(sub(x[2],x[0]),mul(x[5],x[5]))))))",0.7245508982035929,21e5acbb92db865ed482a16c5a791b96,0.7245508982035929,False,0.0
8,28,"not_(less_than_or_equal(add(mul(x[2],x[3]),x[5]),x[5]))",True,"less_than_or_equal(pdiv(sub(x[0],x[0]),sub(x[0],x[2])),x[0])",0.38323353293413176,d0734af37aab8e9b6c733bcf8f431f61,0.3892215568862275,True,0.0059880239520957446
8,28,"greater_than_or_equal(x[2], x[5])",True,"less_than_or_equal(x[5],x[2])",0.652694610778443,6fb17002302e404122653cf2c68db553,0.652694610778443,False,0.0
8,28,"greater_than_or_equal(sub(92.04,add(x[5],sub(x[2],x[2]))), sub(sub(add(x[2],x[5]),x[2]),add(x[2],x[3])))",True,"less_than_or_equal(x[2],x[2])",0.35928143712574845,bd082d42dcba8056510101f18394b575,0.35928143712574845,False,0.0
8,28,"greater_than_or_equal(pdiv(x[5],x[2]), x[2])",True,"less_than_or_equal(pdiv(mul(x[2],x[2]),x[5]),pdiv(x[7],x[7]))",0.3293413173652695,22afa71d30776c90154a85fa7bb55d4a,0.33532934131736525,True,0.0059880239520957446
8,28,"greater_than_or_equal(x[5], mul(x[7],add(mul(mul(pdiv(x[5],add(x[2],x[2])),x[5]),x[7]),add(x[5],x[2]))))",True,"greater_than_or_equal(pdiv(x[5],add(add(x[5],x[2]),x[5])), mul(x[7],add(x[7],x[2])))",0.23353293413173648,e395e33ad0711410c4310669d35f09ad,0.27544910179640714,True,0.041916167664670656
8,28,"greater_than_or_equal(pdiv(x[5],add(mul(x[7],add(x[5],x[7])),add(add(x[7],add(sub(sub(x[5],sub(x[0],x[3])),mul(x[7],add(mul(x[5],sub(sub(sub(sub(x[2],x[2]),x[2]),x[5]),mul(x[7],add(x[7],x[5])))),x[5]))),x[2])),add(sub(x[7],x[7]),pdiv(x[5],x[5]))))), mul(mul(x[5],x[7]),pdiv(x[7],x[3])))",False,,,32afd7c9c192f5b3a0d8cf12cbfc0417,0.2934131736526946,False,0.0
8,28,"greater_than_or_equal(x[5], x[2])",True,"not_(not_(less_than_or_equal(x[2],x[5])))",0.34730538922155685,4af53f79d9ad2ffac455113b88a02dd4,0.34730538922155685,False,0.0
8,28,"greater_than_or_equal(sub(pdiv(x[5],add(x[2],x[7])),mul(x[2],x[5])), mul(mul(x[5],x[7]),sub(x[7],mul(x[5],x[5]))))",False,,,398de26f929cbfaea68a8294cb571a87,0.27544910179640714,False,0.0
8,28,"greater_than_or_equal(pdiv(x[3],mul(add(x[7],42.45),add(add(x[7],x[0]),x[2]))), x[0])",True,"less_than_or_equal(mul(add(x[0],x[0]),add(x[2],x[5])),sub(add(x[2],x[3]),add(x[3],x[2])))",0.3892215568862275,c9704e311ac7e289734d4b5a1bdc086f,0.3892215568862275,False,0.0
8,28,"greater_than_or_equal(x[5], x[2])",True,"not_(not_(less_than_or_equal(x[2],x[5])))",0.34730538922155685,4af53f79d9ad2ffac455113b88a02dd4,0.34730538922155685,False,0.0
8,28,"not_(greater_than_or_equal(add(mul(x[5],x[3]),x[7]), add(mul(sub(x[2],x[7]),sub(x[2],x[7])),mul(x[2],add(x[2],x[5])))))",False,,,b5890255a84b161547650276e6b744d1,0.6646706586826348,False,0.0
8,28,"not_(less_than_or_equal(add(x[5],x[7]),pdiv(x[5],x[2])))",True,"less_than_or_equal(sub(pdiv(x[5],x[2]),x[5]),x[7])",0.7125748502994012,574d46788cdb80304367d146ddb3203a,0.7125748502994012,False,0.0
8,28,"greater_than_or_equal(pdiv(90.93,00.20), x[7])",True,"less_than_or_equal(x[2],x[2])",0.35928143712574845,bd082d42dcba8056510101f18394b575,0.35928143712574845,False,0.0
8,28,"greater_than_or_equal(pdiv(x[5],x[5]), add(x[2],x[5]))",True,"not_(less_than_or_equal(pdiv(x[5],x[5]),add(x[5],x[2])))",0.2455089820359282,5825d6d8d32996f2f81bb41cc0bfa92f,0.2455089820359282,False,0.0
8,28,"greater_than_or_equal(94.97, x[5])",True,"less_than_or_equal(x[2],x[2])",0.35928143712574845,bd082d42dcba8056510101f18394b575,0.35928143712574845,False,0.0
8,28,"greater_than_or_equal(pdiv(x[3],add(add(x[7],x[5]),00.20)), x[7])",True,"not_(greater_than_or_equal(mul(mul(x[5],add(x[3],add(sub(x[3],x[7]),x[5]))),add(sub(x[7],x[3]),x[7])), sub(x[3],x[7])))",0.33532934131736525,b412620b250e673533a8464e1d09c984,0.3053892215568862,True,-0.029940119760479056
8,28,"not_(less_than_or_equal(pdiv(x[5],x[5]),add(mul(x[5],add(x[7],sub(x[7],x[2]))),x[2])))",True,"not_(less_than_or_equal(pdiv(pdiv(x[5],01.48),mul(x[5],x[7])),add(x[2],x[5])))",0.22754491017964074,cdd9fc6a504c2aeb45792a4625465ee0,0.22754491017964074,False,0.0
8,28,"greater_than_or_equal(sub(pdiv(add(mul(x[5],x[2]),add(mul(x[5],mul(x[0],x[2])),add(x[2],x[2]))),mul(x[7],x[7])),add(x[7],sub(add(x[5],x[2]),add(sub(x[7],x[7]),pdiv(x[5],x[5]))))), mul(mul(x[5],x[7]),pdiv(x[7],x[3])))",False,,,2e49830288388b35e84f55d08a80cf55,0.3173652694610778,False,0.0
8,28,"greater_than_or_equal(x[5], mul(x[7],x[5]))",True,"less_than_or_equal(x[2],x[2])",0.35928143712574845,bd082d42dcba8056510101f18394b575,0.35928143712574845,False,0.0
8,28,"greater_than_or_equal(pdiv(x[5],x[7]), add(86.09,x[0]))",True,not_(x[6]),0.6347305389221557,b4068ba57b63c959651c969331c4b5cd,0.6407185628742516,True,0.005988023952095856
8,28,"greater_than_or_equal(x[5], mul(x[7],add(pdiv(x[5],x[5]),add(x[2],x[7]))))",True,"not_(less_than_or_equal(pdiv(x[3],x[7]),add(x[7],pdiv(x[3],x[5]))))",0.3293413173652695,74dce5cb961f14b3bdac896efda7926c,0.35928143712574845,True,0.029940119760478945
8,28,"greater_than_or_equal(x[5], add(x[7],add(mul(sub(add(mul(mul(sub(add(mul(pdiv(x[5],x[3]),x[7]),add(mul(sub(x[2],x[7]),sub(x[2],pdiv(sub(mul(x[2],add(x[2],x[5])),x[2]),x[7]))),x[5])),x[7]),x[2]),x[2]),x[5]),x[5]),x[5]),x[2])))",False,,,6be8d53219fd76bb34358c684fd85f10,0.39520958083832336,False,0.0
8,28,"greater_than_or_equal(sub(pdiv(sub(add(x[7],x[2]),mul(x[3],add(x[5],x[7]))),add(x[2],x[7])),36.91), sub(pdiv(x[2],x[5]),mul(x[7],add(x[7],x[5]))))",True,not_(x[6]),0.6347305389221557,b4068ba57b63c959651c969331c4b5cd,0.6407185628742516,True,0.005988023952095856
8,28,"greater_than_or_equal(add(x[5],mul(pdiv(x[5],add(mul(add(mul(pdiv(x[5],x[7]),add(x[3],x[3])),x[2]),mul(x[5],mul(x[5],add(sub(x[7],sub(x[7],mul(x[5],x[7]))),x[7])))),sub(x[7],x[2]))),add(x[2],x[3]))), add(pdiv(x[3],pdiv(x[7],add(x[2],x[7]))),pdiv(x[3],x[7])))",False,,,ada14898aca2f2de4bc7ceed6205cdf8,0.6167664670658682,False,0.0
8,28,"greater_than_or_equal(sub(pdiv(x[5],x[7]),add(x[5],x[5])), mul(x[2],x[5]))",True,"not_(less_than_or_equal(pdiv(x[5],x[7]),add(x[5],mul(x[5],add(x[2],pdiv(x[3],x[3]))))))",0.2694610778443114,3666d2adeb78fa43d08db5780c1835ec,0.26347305389221554,True,-0.005988023952095856
8,28,"greater_than_or_equal(x[5], mul(x[7],mul(mul(x[2],x[7]),pdiv(sub(x[2],pdiv(pdiv(pdiv(sub(add(sub(mul(x[5],add(x[7],x[2])),add(x[2],x[2])),x[5]),x[5]),x[5]),x[2]),add(sub(x[7],x[7]),pdiv(x[5],x[5])))),mul(mul(x[5],x[7]),pdiv(x[7],x[3]))))))",False,,,25a29a0de2931b8cc41053122033661d,0.4491017964071856,False,0.0
8,28,"greater_than_or_equal(sub(pdiv(x[7],x[7]),x[2]), x[3])",True,"not_(less_than_or_equal(pdiv(x[5],x[5]),add(x[2],x[3])))",0.2694610778443114,8e10ebf505ba211742b7164524309595,0.2694610778443114,False,0.0
8,28,"greater_than_or_equal(sub(pdiv(x[5],x[5]),x[7]), x[0])",True,"greater_than_or_equal(x[3], mul(add(x[7],x[0]),x[3]))",0.31137724550898205,f5bf9aebb388af6a7cbda4724b01f693,0.31137724550898205,False,0.0
8,28,"greater_than_or_equal(sub(pdiv(x[7],x[5]),x[7]), mul(x[2],add(add(pdiv(x[5],x[5]),sub(add(x[2],add(x[2],x[5])),x[5])),x[7])))",False,,,3a0d045c04e43f38cc097ddd11d07cc9,0.4970059880239521,False,0.0
8,28,"greater_than_or_equal(mul(pdiv(x[7],add(x[5],x[2])),x[3]), x[0])",False,,,262805873cba566598869cac6c18db66,0.44311377245508987,False,0.0
8,28,"greater_than_or_equal(pdiv(x[5],x[7]), add(x[7],sub(mul(x[7],add(mul(x[0],x[5]),x[3])),sub(pdiv(x[5],x[3]),x[2]))))",True,"not_(less_than_or_equal(pdiv(x[5],mul(x[7],add(x[7],x[2]))),x[3]))",0.3173652694610778,f5d1e0ac2efe3f5738658ef0e812f150,0.31137724550898205,True,-0.0059880239520957446
8,28,"greater_than_or_equal(mul(x[7],add(mul(x[5],sub(sub(sub(sub(x[2],x[2]),sub(sub(pdiv(x[2],x[5]),x[2]),add(x[2],x[3]))),add(pdiv(x[5],pdiv(x[7],add(x[2],x[7]))),pdiv(x[3],x[7]))),x[3])),x[5])), x[5])",True,not_(x[6]),0.6347305389221557,b4068ba57b63c959651c969331c4b5cd,0.6347305389221557,False,0.0
8,28,"greater_than_or_equal(x[5], mul(x[5],mul(x[7],add(mul(pdiv(x[0],pdiv(x[2],add(x[5],x[2]))),x[7]),sub(pdiv(x[5],sub(x[0],x[3])),sub(pdiv(x[5],x[5]),x[2]))))))",False,,,eb852cffb4f863b5982c98aba74dc47f,0.33532934131736525,False,0.0
8,28,"greater_than_or_equal(pdiv(x[5],add(x[2],x[5])), mul(add(mul(add(x[5],add(x[2],x[7])),pdiv(x[5],x[2])),x[7]),sub(sub(x[5],sub(x[0],x[3])),mul(sub(sub(add(mul(x[5],sub(sub(sub(sub(x[2],x[2]),x[2]),x[5]),mul(x[7],add(x[7],x[5])))),x[5]),x[2]),add(sub(x[7],x[7]),pdiv(x[5],x[5]))),mul(mul(x[5],x[7]),pdiv(x[7],x[3]))))))",False,,,7e6a1094e8ab05af0e62b324f8fccc1d,0.5868263473053892,False,0.0
8,28,"greater_than_or_equal(pdiv(x[5],x[5]), mul(x[5],x[2]))",True,"less_than_or_equal(x[2],x[2])",0.35928143712574845,bd082d42dcba8056510101f18394b575,0.35928143712574845,False,0.0
8,28,"greater_than_or_equal(sub(pdiv(x[7],mul(x[2],x[7])),pdiv(mul(x[2],sub(sub(x[0],x[5]),x[3])),x[2])), add(sub(x[7],x[7]),pdiv(x[5],x[5])))",True,"less_than_or_equal(pdiv(sub(x[0],x[0]),sub(x[0],x[2])),x[0])",0.38323353293413176,d0734af37aab8e9b6c733bcf8f431f61,0.38323353293413176,False,0.0
8,28,"not_(less_than_or_equal(pdiv(x[5],x[5]),add(mul(x[5],add(x[0],x[7])),add(x[7],x[7]))))",True,"greater_than_or_equal(pdiv(x[3],x[3]), add(add(x[7],mul(x[7],add(x[5],mul(x[7],x[7])))),x[7]))",0.3413173652694611,06ed10af7964f81c38d7cf16862c047c,0.32335329341317365,True,-0.017964071856287456
8,28,"greater_than_or_equal(pdiv(sub(x[7],mul(x[7],x[2])),mul(x[5],mul(x[5],add(x[7],x[2])))), mul(x[7],add(x[2],x[5])))",True,"greater_than_or_equal(pdiv(sub(x[7],mul(x[7],x[2])),mul(x[5],mul(x[5],add(x[7],x[2])))), mul(x[7],add(x[2],x[5])))",0.25149700598802394,c59eac043f7e02434642ead200a26708,0.25149700598802394,False,0.0
8,28,"greater_than_or_equal(pdiv(x[3],x[3]), add(x[3],x[2]))",True,"not_(less_than_or_equal(pdiv(x[5],x[5]),add(x[2],x[3])))",0.2694610778443114,8e10ebf505ba211742b7164524309595,0.2694610778443114,False,0.0
8,28,"greater_than_or_equal(x[5], mul(pdiv(pdiv(sub(mul(x[2],mul(x[5],mul(x[7],add(mul(x[7],add(sub(pdiv(mul(x[5],x[7]),add(x[2],x[7])),x[2]),add(x[2],x[3]))),add(pdiv(x[3],pdiv(x[7],add(x[2],x[2]))),pdiv(x[3],x[7])))))),x[3]),x[5]),x[5]),add(x[2],x[5])))",False,,,94d93b6ec50b6a561e1c0d77ac43d022,0.34730538922155685,False,0.0
8,28,"not_(less_than_or_equal(pdiv(x[5],add(mul(x[7],x[2]),sub(mul(sub(x[5],x[3]),x[5]),sub(x[2],sub(pdiv(x[2],x[5]),mul(x[7],add(x[7],x[5]))))))),x[5]))",False,,,6ac02fddd9fe7f97ae8e29a87e5bb6cd,0.41916167664670656,False,0.0
8,28,"greater_than_or_equal(x[5], mul(mul(x[7],x[3]),mul(x[7],x[5])))",True,"less_than_or_equal(x[2],x[2])",0.35928143712574845,bd082d42dcba8056510101f18394b575,0.35928143712574845,False,0.0
8,28,"greater_than_or_equal(pdiv(x[7],x[2]), add(x[2],add(x[5],x[2])))",False,,,533fb851b30109a2e687da39092b8321,0.4131736526946108,False,0.0
8,28,"greater_than_or_equal(x[5], mul(x[7],add(add(sub(add(mul(pdiv(x[5],x[5]),add(x[7],x[7])),x[0]),mul(x[7],x[2])),add(x[2],x[5])),x[5])))",True,"greater_than_or_equal(x[5], mul(x[7],add(x[5],add(add(x[5],x[2]),x[5]))))",0.35928143712574845,07854308cecb684b832ea9cc5d0d7905,0.4011976047904192,True,0.04191616766467077
8,28,"greater_than_or_equal(pdiv(x[5],add(x[2],add(x[2],x[2]))), x[5])",True,"greater_than_or_equal(pdiv(x[5],add(x[5],add(x[5],x[5]))), x[2])",0.2694610778443114,af13ee011bd4252ae1d390a9ae6a35c6,0.2694610778443114,False,0.0
8,28,"greater_than_or_equal(sub(pdiv(x[5],x[5]),x[2]), mul(x[5],add(add(x[5],add(sub(mul(x[7],x[3]),mul(x[3],add(x[7],x[7]))),x[5])),x[7])))",True,"greater_than_or_equal(sub(pdiv(x[5],x[5]),x[2]), mul(x[5],add(mul(x[5],add(x[5],x[7])),x[3])))",0.2934131736526946,5846aaf02d773941e894c6f5fb6c28cf,0.34730538922155685,True,0.053892215568862256
8,28,"greater_than_or_equal(pdiv(x[5],add(x[2],mul(add(x[5],x[2]),x[7]))), x[7])",True,"greater_than_or_equal(x[5], mul(x[7],add(x[5],x[2])))",0.23353293413173648,49521aab13419e9d4582e656c37790ef,0.23353293413173648,False,0.0
8,28,"greater_than_or_equal(sub(pdiv(x[5],x[7]),add(x[5],x[5])), mul(x[2],mul(mul(x[5],mul(x[7],add(add(add(x[7],pdiv(x[2],mul(add(x[2],x[2]),x[2]))),add(x[2],x[3])),add(pdiv(x[3],pdiv(x[7],add(x[2],x[7]))),sub(x[3],add(pdiv(x[3],x[5]),x[5])))))),add(x[2],x[5]))))",False,,,99fe8778bf7ceb06d5d4e79d6704c839,0.281437125748503,False,0.0
8,28,"greater_than_or_equal(x[5], mul(x[2],mul(x[7],add(mul(x[7],pdiv(x[2],x[5])),mul(x[2],mul(x[5],mul(x[7],add(mul(x[7],sub(x[7],mul(x[5],pdiv(sub(add(x[2],x[7]),x[2]),add(x[2],x[3]))))),add(pdiv(x[3],pdiv(x[7],add(x[2],x[7]))),pdiv(x[3],x[7]))))))))))",False,,,b9ed33c4bb240fd766cf683c942a4d86,0.32335329341317365,False,0.0
8,28,"greater_than_or_equal(sub(pdiv(x[7],x[5]),add(x[7],mul(x[2],add(x[7],add(x[7],x[2]))))), x[2])",False,,,020e9309344a3148517e005db87dab00,0.5029940119760479,False,0.0
8,28,"greater_than_or_equal(pdiv(x[5],x[7]), x[7])",True,"not_(less_than_or_equal(x[5],mul(x[7],x[7])))",0.3532934131736527,6208c2f2bc232c7eeeb665b7dcc66661,0.3532934131736527,False,0.0
8,28,"greater_than_or_equal(sub(pdiv(x[5],x[5]),x[2]), add(mul(x[7],pdiv(x[2],pdiv(pdiv(pdiv(mul(x[2],x[2]),sub(mul(pdiv(x[5],mul(x[2],x[0])),x[5]),x[5])),add(x[2],x[5])),x[5]))),add(x[5],x[2])))",False,,,cd6e75cc409e3e4d24874c2674e6efeb,0.4491017964071856,False,0.0
8,28,"less_than_or_equal(x[5],x[7])",True,"greater_than_or_equal(x[7], x[5])",0.6107784431137724,793f9fa4aca1502cfe0a9ed6ab91b83c,0.6107784431137724,False,0.0
8,28,"greater_than_or_equal(pdiv(x[5],x[0]), add(x[7],mul(x[7],x[5])))",False,,,5f91aa87e669ec4b8dc08e3667a7bfbf,0.3293413173652695,False,0.0
8,28,"greater_than_or_equal(sub(pdiv(x[5],x[5]),x[2]), add(mul(x[5],add(x[7],x[7])),sub(x[2],pdiv(pdiv(x[7],pdiv(mul(x[7],x[5]),x[7])),x[2]))))",True,"not_(less_than_or_equal(pdiv(x[5],add(x[2],x[2])),mul(x[5],x[5])))",0.32335329341317365,3fddbd4dc60a7c93921f62a065786c93,0.3173652694610778,True,-0.005988023952095856
8,28,"less_than_or_equal(sub(pdiv(x[5],x[2]),x[5]),mul(x[7],add(x[7],x[5])))",False,,,8f1519597bc7ae041b4656ff09f5a334,0.7425149700598803,False,0.0
8,28,"greater_than_or_equal(x[5], mul(x[7],add(x[5],mul(x[2],x[7]))))",True,"greater_than_or_equal(sub(pdiv(x[5],x[7]),mul(x[7],x[2])), x[5])",0.23952095808383234,afa8642512968d1b4535f7b1d2fb82d9,0.23952095808383234,False,0.0
8,28,"greater_than_or_equal(add(x[2],x[7]), add(x[7],mul(sub(pdiv(x[3],x[2]),pdiv(x[0],x[2])),x[0])))",False,,,c66cbee31ade7654baec368e260ca9d8,0.40718562874251496,False,0.0
8,28,"greater_than_or_equal(x[5], pdiv(x[5],x[5]))",True,"greater_than_or_equal(x[5], pdiv(x[2],x[2]))",0.688622754491018,d77781efe7d80c80545f6897faedc30c,0.688622754491018,False,0.0
8,28,"greater_than_or_equal(sub(pdiv(sub(add(x[7],x[2]),mul(add(mul(x[7],add(x[7],x[2])),x[7]),x[5])),mul(x[7],x[2])),x[7]), mul(x[7],add(sub(x[5],x[0]),x[2])))",True,"greater_than_or_equal(x[5], mul(x[5],add(x[7],mul(add(mul(x[7],x[7]),x[7]),add(sub(x[7],pdiv(pdiv(x[2],x[5]),add(mul(x[5],x[3]),x[2]))),add(x[5],x[2]))))))",0.26347305389221554,762621e4d5f448c13d7ae415bdcc8fad,0.23952095808383234,True,-0.0239520958083832
8,28,"greater_than_or_equal(sub(pdiv(x[7],x[7]),x[7]), mul(x[7],add(x[3],x[5])))",True,"greater_than_or_equal(sub(pdiv(x[5],x[7]),mul(add(x[3],x[5]),x[5])), x[5])",0.22754491017964074,0ff984e5f601c3726863d4b18ff07a6b,0.22754491017964074,False,0.0
8,28,"less_than_or_equal(pdiv(x[5],x[5]),add(x[7],x[7]))",True,"less_than_or_equal(x[5],mul(x[7],add(x[5],x[5])))",0.7485029940119761,77a959e5b70589687d783f7113d9af76,0.7544910179640718,True,0.0059880239520957446
8,28,"greater_than_or_equal(sub(pdiv(x[7],mul(x[7],sub(29.96,sub(x[0],x[5])))),x[5]), x[2])",True,not_(x[6]),0.6347305389221557,b4068ba57b63c959651c969331c4b5cd,0.6407185628742516,True,0.005988023952095856
8,28,"greater_than_or_equal(x[5], mul(x[7],add(mul(sub(mul(x[7],add(x[7],x[2])),x[2]),add(x[5],sub(x[5],x[5]))),add(add(x[7],x[0]),x[2]))))",True,"not_(less_than_or_equal(pdiv(x[5],x[7]),add(mul(x[7],add(x[5],x[0])),pdiv(pdiv(x[7],add(x[0],sub(pdiv(x[5],x[5]),x[2]))),add(pdiv(x[2],x[2]),mul(x[5],sub(sub(pdiv(x[5],x[5]),x[3]),x[7])))))))",0.22754491017964074,3e108e94bff2dadcf172b337ce602e63,0.22754491017964074,False,0.0
8,28,"greater_than_or_equal(pdiv(x[5],x[5]), add(x[7],mul(x[2],add(mul(pdiv(x[5],x[5]),add(x[2],x[7])),x[0]))))",True,"greater_than_or_equal(sub(pdiv(x[5],x[5]),x[2]), add(mul(x[0],x[2]),x[7]))",0.20359281437125754,dbab7180669d9deff62b1dbd7b546fe4,0.20359281437125754,False,0.0
8,28,"greater_than_or_equal(pdiv(x[5],add(x[2],x[7])), x[5])",True,"less_than_or_equal(add(mul(x[7],pdiv(x[5],x[5])),x[2]),add(sub(x[7],x[7]),pdiv(69.44,sub(x[3],x[3]))))",0.19161676646706582,14c6e007ad625f3839f568e9ee8a86e1,0.19161676646706582,False,0.0
8,28,"greater_than_or_equal(x[2], mul(x[7],add(x[5],mul(x[2],add(add(x[7],x[5]),09.20)))))",True,"greater_than_or_equal(x[5], mul(x[7],mul(add(sub(x[7],x[7]),x[7]),add(sub(67.44,x[0]),sub(pdiv(x[5],x[7]),x[3])))))",0.5748502994011976,f9fd89441ea09e8222bb716d0d846afc,0.5808383233532934,True,0.005988023952095856
8,28,"greater_than_or_equal(x[5], add(x[7],x[5]))",True,not_(x[6]),0.6347305389221557,b4068ba57b63c959651c969331c4b5cd,0.6407185628742516,True,0.005988023952095856
8,28,"greater_than_or_equal(pdiv(x[5],x[5]), add(x[5],add(pdiv(mul(x[7],add(add(pdiv(mul(x[5],x[5]),x[5]),x[2]),mul(sub(x[7],x[7]),pdiv(x[5],x[2])))),pdiv(x[2],add(x[2],x[2]))),x[5])))",False,,,7a6e490d164c9eda32def72f2e28cfa6,0.5389221556886228,False,0.0
8,28,"greater_than_or_equal(sub(pdiv(x[5],x[7]),add(x[5],x[5])), mul(99.64,add(x[2],pdiv(x[3],add(pdiv(90.93,sub(x[7],add(mul(add(x[7],x[7]),x[2]),mul(pdiv(add(x[7],x[2]),x[0]),00.69)))),x[5])))))",True,"greater_than_or_equal(x[5], mul(x[7],add(mul(pdiv(x[2],x[3]),add(add(39.79,pdiv(add(x[2],x[3]),mul(x[5],pdiv(add(x[7],x[0]),x[2])))),x[0])),add(add(x[2],x[3]),add(x[2],x[5])))))",0.6107784431137724,00374039b3126580999d68eca2e0b5f1,0.6107784431137724,False,0.0
8,28,"greater_than_or_equal(pdiv(x[5],sub(x[2],x[7])), sub(x[2],x[7]))",False,,,d52a9f786333a4c019ea60c50fb23b96,0.5089820359281437,False,0.0
8,28,"less_than_or_equal(x[5],mul(x[7],add(mul(sub(add(mul(pdiv(x[5],x[3]),x[7]),add(mul(x[5],add(x[7],mul(x[7],x[2]))),x[3])),x[5]),x[5]),add(x[2],x[5]))))",False,,,ef24c29a4478e103463024a6200c9c67,0.7425149700598803,False,0.0
8,28,"greater_than_or_equal(pdiv(x[5],x[7]), add(mul(sub(x[2],add(add(sub(x[0],x[2]),x[2]),x[7])),x[3]),x[7]))",False,,,cd550a7fe78ac439c0891096ffc37d56,0.33532934131736525,False,0.0
8,28,"greater_than_or_equal(pdiv(x[5],add(add(x[2],add(x[2],x[5])),00.39)), mul(sub(add(add(x[0],x[2]),add(x[0],add(x[3],sub(x[2],pdiv(x[7],add(add(add(x[2],x[3]),x[5]),x[5])))))),add(x[2],x[5])),x[5]))",False,,,0200f9aa52e4d99e819527a75e62c73b,0.32335329341317365,False,0.0
8,28,"greater_than_or_equal(x[5], mul(x[7],add(x[5],mul(x[5],add(x[2],x[2])))))",True,"greater_than_or_equal(sub(pdiv(x[7],x[7]),x[7]), mul(x[7],add(x[2],x[2])))",0.20359281437125754,95970d13af32bda1e3f8ad029c9f477c,0.20359281437125754,False,0.0
8,28,"greater_than_or_equal(sub(x[3],mul(mul(x[5],x[0]),x[5])), x[3])",True,"less_than_or_equal(mul(add(x[0],x[0]),add(x[2],x[5])),sub(add(x[2],x[3]),add(x[3],x[2])))",0.3892215568862275,c9704e311ac7e289734d4b5a1bdc086f,0.3892215568862275,False,0.0
8,28,"greater_than_or_equal(pdiv(x[5],x[2]), add(x[7],x[0]))",True,"not_(less_than_or_equal(x[5],mul(x[2],add(x[7],x[0]))))",0.32335329341317365,354e2deeabd50563319a4f341cf0421d,0.32335329341317365,False,0.0
8,28,"not_(less_than_or_equal(pdiv(x[5],x[2]),add(mul(x[5],add(x[7],x[2])),mul(add(x[7],x[2]),x[3]))))",False,,,52bd191333a43e8f2ff41f559f401823,0.2574850299401198,False,0.0
8,28,"greater_than_or_equal(x[5], mul(x[7],add(mul(sub(x[3],x[7]),mul(x[7],sub(x[5],x[5]))),mul(sub(x[0],sub(mul(x[5],add(mul(x[5],add(x[7],x[2])),add(x[2],x[2]))),x[5])),x[5]))))",True,"less_than_or_equal(x[2],x[2])",0.35928143712574845,bd082d42dcba8056510101f18394b575,0.35928143712574845,False,0.0
8,28,"less_than_or_equal(x[7],mul(x[7],pdiv(x[5],x[5])))",True,"less_than_or_equal(x[2],x[2])",0.35928143712574845,bd082d42dcba8056510101f18394b575,0.35928143712574845,False,0.0
8,28,"not_(less_than_or_equal(add(x[5],add(x[7],x[2])),add(x[2],x[0])))",True,"less_than_or_equal(x[2],x[2])",0.35928143712574845,bd082d42dcba8056510101f18394b575,0.37125748502994016,True,0.011976047904191711
8,28,"greater_than_or_equal(x[3], mul(x[5],mul(mul(add(add(add(mul(x[7],add(x[5],x[0])),sub(x[3],x[7])),add(x[5],x[2])),x[2]),x[5]),x[5])))",False,,,9446d9fc349f26261fe6e9e4bfba5ede,0.3532934131736527,False,0.0
8,28,"less_than_or_equal(x[5],x[3])",True,"less_than_or_equal(x[5],x[3])",0.5089820359281437,1d4d287fbe015bbb313f097e26f5bc37,0.5089820359281437,False,0.0
8,28,"greater_than_or_equal(pdiv(x[5],add(x[2],x[7])), x[5])",True,"less_than_or_equal(add(mul(x[7],pdiv(x[5],x[5])),x[2]),add(sub(x[7],x[7]),pdiv(69.44,sub(x[3],x[3]))))",0.19161676646706582,14c6e007ad625f3839f568e9ee8a86e1,0.19161676646706582,False,0.0
8,28,"not_(less_than_or_equal(pdiv(x[5],add(x[7],add(x[2],x[5]))),00.39))",False,,,8a8162005922ce882637cf7937bb29c5,0.3293413173652695,False,0.0
8,28,"greater_than_or_equal(pdiv(pdiv(x[0],x[2]),pdiv(x[7],mul(x[3],mul(x[7],x[7])))), x[7])",False,,,8674336f11e457af7e849d6a2a33bf2c,0.6167664670658682,False,0.0
8,28,"greater_than_or_equal(pdiv(x[5],54.02), x[2])",True,"greater_than_or_equal(pdiv(mul(x[5],x[2]),pdiv(x[2],x[5])), add(sub(x[7],x[7]),add(x[5],x[0])))",0.6107784431137724,ec48eb4aba9f475884bcf9e8f28adadc,0.6167664670658682,True,0.005988023952095856
8,28,"greater_than_or_equal(x[5], mul(x[7],add(x[2],x[2])))",True,"not_(greater_than_or_equal(mul(x[7],add(x[2],x[2])), x[5]))",0.27544910179640714,f7539509fdd5f9bf93cc165393e6bf21,0.27544910179640714,False,0.0
8,28,"greater_than_or_equal(x[5], mul(x[7],add(x[5],x[3])))",True,"greater_than_or_equal(x[5], mul(x[7],add(x[5],x[3])))",0.3053892215568862,0947741ceb5018f757b589e69907d867,0.3053892215568862,False,0.0
8,28,"greater_than_or_equal(x[5], mul(x[7],add(x[5],mul(x[5],add(sub(add(mul(x[0],x[5]),x[7]),x[2]),x[2])))))",True,"greater_than_or_equal(x[5], mul(x[7],add(x[5],x[5])))",0.2455089820359282,9545aae94dd0fcb8b281ddfedf2da4e6,0.21556886227544914,True,-0.029940119760479056
8,28,"greater_than_or_equal(sub(pdiv(x[5],x[5]),x[0]), x[5])",True,"not_(less_than_or_equal(pdiv(x[5],x[5]),add(x[5],x[0])))",0.3053892215568862,00c19a3fd72854100569949b11521f0b,0.3053892215568862,False,0.0
8,28,"greater_than_or_equal(x[5], mul(x[3],x[7]))",True,"not_(less_than_or_equal(pdiv(x[5],x[3]),x[7]))",0.3413173652694611,e691e9faf9d6cf6a1c64f756c672a16e,0.3413173652694611,False,0.0
8,28,"greater_than_or_equal(pdiv(x[5],sub(sub(mul(x[7],add(x[7],mul(x[7],x[2]))),add(x[7],add(mul(add(x[7],x[5]),add(sub(x[2],x[5]),add(add(x[7],x[0]),mul(pdiv(x[5],x[5]),x[5])))),x[5]))),x[7])), x[7])",True,not_(x[6]),0.6347305389221557,b4068ba57b63c959651c969331c4b5cd,0.6407185628742516,True,0.005988023952095856
8,28,"greater_than_or_equal(pdiv(x[3],x[7]), add(x[5],mul(x[7],mul(pdiv(x[2],x[0]),add(add(x[2],x[3]),x[5])))))",False,,,574b7f0d24c4d57849cff6cf6047e24c,0.3053892215568862,False,0.0
8,28,"greater_than_or_equal(pdiv(x[5],mul(mul(mul(x[5],x[3]),pdiv(pdiv(pdiv(mul(x[2],x[2]),sub(add(add(x[5],x[7]),x[2]),add(x[2],x[3]))),add(pdiv(x[3],pdiv(x[7],add(x[7],x[7]))),pdiv(x[3],x[2]))),pdiv(x[0],x[2]))),x[0])), add(add(x[2],x[3]),add(x[2],x[5])))",False,,,77bc03a7f51db95a326f3284731b0ffc,0.5748502994011976,False,0.0
8,28,"not_(less_than_or_equal(pdiv(x[7],x[2]),94.97))",True,not_(x[6]),0.6347305389221557,b4068ba57b63c959651c969331c4b5cd,0.6407185628742516,True,0.005988023952095856
8,28,"greater_than_or_equal(pdiv(x[5],pdiv(x[5],x[5])), x[5])",True,"less_than_or_equal(x[2],x[2])",0.35928143712574845,bd082d42dcba8056510101f18394b575,0.35928143712574845,False,0.0
8,28,"greater_than_or_equal(pdiv(x[7],add(x[7],x[2])), x[2])",False,,,c2ca179aa5678b1933edbd41db07b5f4,0.37125748502994016,False,0.0
8,28,"greater_than_or_equal(pdiv(x[5],x[5]), add(x[7],mul(x[2],mul(x[5],add(x[5],x[5])))))",False,,,6f60b191d2b55b0180ec73d193c9d521,0.25149700598802394,False,0.0
8,28,"greater_than_or_equal(sub(pdiv(x[5],x[5]),x[2]), add(mul(x[5],mul(x[3],x[5])),x[7]))",False,,,0d312392bdc54878b9dd90a1aed9c342,0.22754491017964074,False,0.0
8,28,"greater_than_or_equal(pdiv(x[2],add(x[2],x[2])), x[5])",True,"greater_than_or_equal(sub(add(x[5],x[2]),mul(x[5],add(x[2],x[2]))), x[5])",0.43113772455089816,6c953b09b3ad48bf8d593335b4498c41,0.43113772455089816,False,0.0
8,28,"greater_than_or_equal(pdiv(x[5],x[5]), add(x[7],mul(x[7],x[2])))",True,"greater_than_or_equal(pdiv(x[5],x[5]), add(x[7],mul(x[7],x[2])))",0.23952095808383234,0a59dd1a7af4fa849a2c5d4611cd3eab,0.23952095808383234,False,0.0
8,28,"less_than_or_equal(x[7],add(x[7],x[2]))",True,"less_than_or_equal(x[2],x[2])",0.35928143712574845,bd082d42dcba8056510101f18394b575,0.35928143712574845,False,0.0
8,28,"not_(less_than_or_equal(pdiv(x[0],x[5]),pdiv(add(x[5],add(x[2],sub(pdiv(x[5],x[5]),x[5]))),x[0])))",True,"less_than_or_equal(sub(pdiv(x[5],x[2]),mul(x[7],x[0])),mul(mul(x[3],x[2]),sub(x[5],x[2])))",0.6467065868263473,64a044af0d7ad5746f97e0885e2b3f57,0.6407185628742516,True,-0.0059880239520957446
8,28,"greater_than_or_equal(sub(x[5],x[5]), mul(x[2],sub(mul(x[2],x[7]),x[5])))",True,"less_than_or_equal(sub(mul(x[2],x[7]),mul(x[0],x[7])),x[5])",0.34730538922155685,67e5c7a497be3e968ea5c2bd6433af6d,0.33532934131736525,True,-0.0119760479041916
8,28,"greater_than_or_equal(sub(pdiv(x[5],x[7]),add(pdiv(x[2],x[7]),x[5])), x[2])",True,"not_(less_than_or_equal(pdiv(x[5],x[7]),add(add(x[2],add(x[7],x[0])),x[2])))",0.2574850299401198,c65dc5b3abc480580a761fc65c0f65b3,0.3293413173652695,True,0.07185628742514971
8,28,"greater_than_or_equal(sub(pdiv(x[5],add(x[5],x[2])),x[7]), sub(pdiv(x[5],sub(34.79,sub(add(mul(x[5],add(sub(add(mul(x[2],x[2]),x[2]),x[5]),mul(x[7],add(x[7],x[5])))),x[5]),x[2]))),add(sub(x[3],x[7]),pdiv(x[5],x[5]))))",False,,,e5fed045ec627e743f30948013d2bf1b,0.34730538922155685,False,0.0
8,28,"greater_than_or_equal(x[7], x[2])",True,"less_than_or_equal(pdiv(add(x[2],x[5]),sub(x[2],x[7])),mul(mul(x[2],x[3]),mul(x[5],x[7])))",0.4730538922155688,6a9a868ce645e54c16a03959cbdb37f6,0.4730538922155688,False,0.0
8,28,"greater_than_or_equal(pdiv(x[3],mul(add(x[7],pdiv(pdiv(x[5],add(x[2],x[5])),x[2])),x[2])), x[5])",False,,,6b00ce49e952df57ec0382a0285a7375,0.41916167664670656,False,0.0
8,28,"greater_than_or_equal(pdiv(x[5],x[7]), x[5])",True,"less_than_or_equal(x[2],x[2])",0.35928143712574845,bd082d42dcba8056510101f18394b575,0.35928143712574845,False,0.0
8,28,"greater_than_or_equal(sub(pdiv(add(x[5],sub(x[7],mul(add(x[2],x[0]),add(add(x[2],x[3]),x[5])))),mul(x[7],add(x[2],x[2]))),mul(add(pdiv(add(x[5],mul(x[7],add(mul(x[7],sub(x[7],mul(x[5],x[7]))),add(x[2],x[7])))),x[2]),add(x[2],x[3])),add(pdiv(x[3],pdiv(x[7],add(x[2],x[7]))),pdiv(x[3],x[7])))), x[3])",False,,,edecf72b83c8e62ef144394ab78e3031,0.6047904191616766,False,0.0
8,28,"greater_than_or_equal(x[7], mul(x[7],mul(x[5],add(x[7],x[2]))))",True,"not_(greater_than_or_equal(mul(x[7],add(x[5],x[2])), add(sub(x[7],x[7]),pdiv(x[5],x[5]))))",0.2934131736526946,0626717d313f6c0bc6513f2ca4ff096e,0.2934131736526946,False,0.0
8,28,"greater_than_or_equal(x[5], x[5])",True,"less_than_or_equal(x[2],x[2])",0.35928143712574845,bd082d42dcba8056510101f18394b575,0.35928143712574845,False,0.0
8,28,"greater_than_or_equal(sub(pdiv(x[5],x[5]),x[2]), add(mul(x[0],mul(x[7],x[7])),x[3]))",False,,,dd31dc73698491a70a9697b7d0c145c0,0.281437125748503,False,0.0
8,28,"greater_than_or_equal(sub(pdiv(x[7],sub(x[7],x[3])),x[5]), x[2])",False,,,fc06ad95c0b445eaaeee109548810275,0.6347305389221557,False,0.0
8,28,"greater_than_or_equal(x[3], mul(x[7],add(x[7],sub(add(sub(x[3],mul(add(mul(sub(sub(add(x[5],x[7]),add(x[5],x[7])),x[7]),x[5]),x[5]),x[2])),x[7]),sub(x[5],add(sub(x[2],x[5]),add(add(x[7],x[0]),x[2])))))))",False,,,44d90de8de6404e2e700643e268d4f23,0.3053892215568862,False,0.0
8,28,"greater_than_or_equal(x[5], mul(x[7],add(x[5],mul(x[2],x[7]))))",True,"greater_than_or_equal(sub(pdiv(x[5],x[7]),mul(x[7],x[2])), x[5])",0.23952095808383234,afa8642512968d1b4535f7b1d2fb82d9,0.23952095808383234,False,0.0
8,28,"greater_than_or_equal(sub(pdiv(x[5],x[5]),x[2]), add(mul(x[5],mul(mul(x[2],x[0]),x[7])),x[5]))",False,,,f217e314afea756075ce9fffb670b8aa,0.23952095808383234,False,0.0
8,28,"greater_than_or_equal(pdiv(x[5],x[7]), sub(x[5],add(x[5],x[5])))",True,"less_than_or_equal(x[2],x[2])",0.35928143712574845,bd082d42dcba8056510101f18394b575,0.35928143712574845,False,0.0
8,28,"not_(less_than_or_equal(pdiv(x[5],sub(x[5],sub(x[0],x[3]))),mul(x[7],add(mul(x[5],add(sub(x[7],x[7]),x[2])),sub(pdiv(pdiv(mul(x[2],x[2]),sub(add(add(mul(64.50,x[2]),x[3]),add(pdiv(90.93,00.20),x[7])),x[7])),x[2]),mul(pdiv(add(x[7],x[2]),x[0]),00.64))))))",True,"less_than_or_equal(x[2],x[2])",0.35928143712574845,bd082d42dcba8056510101f18394b575,0.3652694610778443,True,0.005988023952095856
8,28,"greater_than_or_equal(sub(pdiv(x[5],x[7]),add(x[5],x[5])), mul(x[2],sub(x[2],pdiv(pdiv(x[3],mul(x[5],add(sub(x[5],x[7]),add(add(x[7],x[0]),x[5])))),x[0]))))",False,,,e7d9599fbd5a8fc2e09e6367984066f8,0.25149700598802394,False,0.0
8,28,"and_(less_than_or_equal(pdiv(x[5],x[7]),add(mul(pdiv(x[5],mul(x[2],mul(mul(x[5],mul(x[7],add(add(add(x[7],pdiv(x[2],mul(add(x[7],x[2]),x[2]))),add(x[2],x[3])),add(pdiv(pdiv(x[3],x[7]),add(x[2],x[7])),pdiv(x[3],x[7]))))),x[3]))),x[5]),x[5])),greater_than_or_equal(pdiv(x[5],x[5]), add(x[5],x[2])))",False,,,540b0f1ab1f518af2ca21315e619699e,0.39520958083832336,False,0.0
8,28,"greater_than_or_equal(x[5], mul(x[7],add(x[5],mul(x[2],add(x[2],x[7])))))",True,"greater_than_or_equal(x[5], mul(x[7],add(mul(sub(x[5],x[7]),mul(x[2],x[3])),add(x[2],x[5]))))",0.23952095808383234,aa956e9d93389438a88322111e1448bd,0.23353293413173648,True,-0.005988023952095856
8,28,"greater_than_or_equal(sub(pdiv(x[5],x[2]),x[5]), add(add(x[7],x[0]),x[2]))",False,,,0c72f5db903d1ff8a5ba4a056236818c,0.29940119760479045,False,0.0
8,28,"not_(less_than_or_equal(50.79,pdiv(mul(x[7],x[2]),x[5])))",True,"less_than_or_equal(x[2],x[2])",0.35928143712574845,bd082d42dcba8056510101f18394b575,0.35928143712574845,False,0.0
8,28,"not_(less_than_or_equal(pdiv(x[5],x[5]),add(mul(x[5],mul(add(x[7],x[2]),add(mul(pdiv(add(x[5],x[3]),pdiv(x[2],sub(pdiv(x[5],add(x[2],x[7])),x[5]))),x[5]),mul(x[2],add(sub(x[7],mul(x[5],x[5])),x[5]))))),sub(mul(x[5],x[7]),pdiv(x[7],x[3])))))",False,,,d773190a4e2cba21e719534d11df47a9,0.46706586826347307,False,0.0
8,28,"greater_than_or_equal(sub(pdiv(x[5],add(x[0],x[3])),x[0]), x[2])",False,,,c75dbf367f22a03111e1fcefe14a9de6,0.3532934131736527,False,0.0
8,28,"greater_than_or_equal(mul(x[2],x[7]), mul(x[2],x[0]))",True,"and_(less_than_or_equal(pdiv(x[0],x[0]),pdiv(x[7],x[7])),greater_than_or_equal(sub(x[2],x[2]), sub(x[0],x[7])))",0.45508982035928147,0c866f95d3c400cff6c51bdae200239a,0.45508982035928147,False,0.0
8,28,"greater_than_or_equal(x[5], mul(x[7],add(x[5],x[5])))",True,"greater_than_or_equal(x[5], mul(x[7],add(x[5],x[5])))",0.2455089820359282,9545aae94dd0fcb8b281ddfedf2da4e6,0.2455089820359282,False,0.0
8,28,"greater_than_or_equal(pdiv(x[5],x[2]), mul(x[7],add(add(mul(add(x[5],mul(x[7],mul(x[7],add(x[5],x[7])))),add(add(x[7],x[7]),x[2])),95.91),x[7])))",True,"less_than_or_equal(mul(mul(x[7],x[7]),74.75),add(x[7],x[7]))",0.6227544910179641,83475aff34f9e2eb2174b5d809ea1882,0.6287425149700598,True,0.0059880239520957446
8,28,"greater_than_or_equal(pdiv(x[5],add(x[5],sub(x[2],add(add(sub(x[2],x[7]),add(x[2],mul(x[2],x[5]))),00.39)))), mul(sub(add(add(x[0],x[7]),add(x[0],x[2])),x[0]),x[2]))",False,,,6a2b78ed2ef80379352c231d5f3daeef,0.437125748502994,False,0.0
8,28,"greater_than_or_equal(x[5], mul(x[7],add(x[5],mul(x[2],pdiv(x[5],mul(x[3],add(x[3],x[2])))))))",False,,,12d4943266fb0fad5e7303cc0d9fb489,0.2694610778443114,False,0.0
8,28,"less_than_or_equal(sub(pdiv(x[2],x[5]),x[5]),add(x[2],x[7]))",True,"greater_than_or_equal(x[5], mul(x[7],sub(mul(sub(pdiv(x[5],mul(x[5],mul(x[5],add(x[2],add(x[5],x[2]))))),add(sub(x[7],sub(x[3],mul(x[5],x[7]))),add(x[2],x[7]))),x[2]),add(x[2],x[3]))))",0.3173652694610778,3bcc10adb344282518601b7a1b5d9995,0.4011976047904192,True,0.08383233532934142
8,28,"greater_than_or_equal(x[5], mul(x[7],add(mul(mul(pdiv(x[3],add(x[2],x[2])),x[5]),x[7]),add(x[3],add(36.91,sub(pdiv(x[2],x[5]),mul(x[7],add(x[7],x[5]))))))))",True,not_(x[6]),0.6347305389221557,b4068ba57b63c959651c969331c4b5cd,0.6347305389221557,False,0.0
8,28,"not_(less_than_or_equal(add(x[5],add(add(x[7],x[0]),x[2])),x[7]))",True,"less_than_or_equal(x[2],x[2])",0.35928143712574845,bd082d42dcba8056510101f18394b575,0.35928143712574845,False,0.0
8,28,"not_(less_than_or_equal(pdiv(x[5],add(add(pdiv(x[5],x[2]),x[7]),x[7])),02.44))",True,not_(x[6]),0.6347305389221557,b4068ba57b63c959651c969331c4b5cd,0.6407185628742516,True,0.005988023952095856
8,28,"not_(less_than_or_equal(x[5],mul(x[5],mul(x[2],add(add(x[2],x[7]),x[5])))))",True,"not_(less_than_or_equal(pdiv(x[5],x[5]),mul(x[2],add(add(x[2],x[5]),mul(x[7],mul(add(x[5],add(pdiv(add(x[7],x[5]),x[2]),sub(mul(x[2],add(x[2],x[5])),x[7]))),x[2]))))))",0.25149700598802394,cc8146e6ef927323b83ab597f87fb13b,0.27544910179640714,True,0.0239520958083832
8,28,"greater_than_or_equal(sub(pdiv(x[2],x[7]),x[7]), mul(x[7],add(pdiv(x[5],x[3]),92.04)))",True,"less_than_or_equal(x[7],sub(mul(x[3],x[5]),mul(x[3],x[3])))",0.6227544910179641,2dd89a1e9924a644885ec3ef9f28193f,0.6227544910179641,False,0.0
8,28,"greater_than_or_equal(x[5], x[3])",True,"less_than_or_equal(mul(sub(x[7],x[0]),pdiv(x[7],25.93)),pdiv(x[7],sub(mul(x[3],x[5]),mul(x[3],x[3]))))",0.5089820359281437,8ad7ccd0e2bcf51cfea619f1321f2792,0.5089820359281437,False,0.0
8,28,"greater_than_or_equal(x[5], mul(x[5],mul(x[7],sub(mul(pdiv(x[2],add(x[2],pdiv(x[5],x[2]))),x[2]),add(add(x[5],sub(x[0],x[3])),mul(x[7],add(pdiv(x[5],sub(sub(sub(sub(mul(59.92,x[7]),add(x[3],x[7])),add(add(x[2],x[5]),x[5])),x[5]),x[2])),add(sub(x[2],x[7]),pdiv(x[5],x[5])))))))))",True,"less_than_or_equal(x[2],x[2])",0.35928143712574845,bd082d42dcba8056510101f18394b575,0.35928143712574845,False,0.0
8,28,"not_(greater_than_or_equal(pdiv(x[5],x[5]), add(mul(x[5],mul(add(mul(x[5],x[5]),pdiv(x[5],x[7])),x[5])),x[5])))",False,,,2934bda6b44b31dec296a0428614ec9d,0.5269461077844311,False,0.0
8,28,"greater_than_or_equal(x[5], mul(pdiv(x[0],x[5]),pdiv(x[2],x[0])))",False,,,f9911b5297d5ed176fff7be681954193,0.3892215568862275,False,0.0
8,28,"not_(less_than_or_equal(pdiv(x[5],mul(x[7],x[2])),x[5]))",True,"less_than_or_equal(x[2],x[2])",0.35928143712574845,bd082d42dcba8056510101f18394b575,0.3652694610778443,True,0.005988023952095856
8,28,"greater_than_or_equal(x[2], x[7])",True,"less_than_or_equal(add(x[5],x[7]),add(x[5],x[2]))",0.5269461077844311,544b4f45aa71542bcadfaa9d165fdbeb,0.5269461077844311,False,0.0
8,28,"not_(less_than_or_equal(pdiv(x[5],x[5]),add(mul(x[5],x[5]),pdiv(x[5],x[7]))))",False,,,ffc7c0d6a291e65e67839e17a16ac6b1,0.6586826347305389,False,0.0
8,28,"greater_than_or_equal(x[5], mul(x[7],x[5]))",True,"less_than_or_equal(x[2],x[2])",0.35928143712574845,bd082d42dcba8056510101f18394b575,0.35928143712574845,False,0.0
8,28,"greater_than_or_equal(sub(pdiv(x[5],x[5]),x[2]), add(mul(x[5],mul(mul(x[5],x[2]),sub(pdiv(add(pdiv(x[7],x[0]),x[2]),x[3]),x[2]))),x[3]))",False,,,904ad5ab5264231a6901cecab0b562b2,0.3053892215568862,False,0.0
8,28,"greater_than_or_equal(sub(pdiv(x[5],x[7]),add(x[5],x[5])), mul(x[2],mul(mul(x[5],mul(x[7],add(add(add(x[7],sub(pdiv(add(sub(x[2],add(x[2],x[2])),x[5]),x[5]),x[5])),x[5]),mul(x[7],add(x[5],x[7]))))),add(add(x[0],x[7]),x[2]))))",False,,,e4561a4ffdc1c6242048f8c62d29cb55,0.28742514970059885,False,0.0
8,28,"greater_than_or_equal(x[5], add(x[7],add(x[2],sub(x[2],pdiv(pdiv(pdiv(mul(x[2],x[2]),sub(add(add(x[5],x[7]),x[2]),add(x[0],x[3]))),add(pdiv(x[3],pdiv(x[7],add(x[7],x[7]))),pdiv(x[3],x[2]))),pdiv(x[0],x[2]))))))",False,,,92a3bfcf145665eff41cc456473e6244,0.32335329341317365,False,0.0
8,28,"greater_than_or_equal(sub(pdiv(x[7],x[7]),x[5]), pdiv(add(x[2],sub(x[7],x[7])),x[7]))",False,,,892957152a1bc8dbe6c8a19a2864684c,0.5329341317365269,False,0.0
8,28,"greater_than_or_equal(pdiv(pdiv(x[5],x[2]),pdiv(add(x[2],x[5]),x[5])), add(add(pdiv(x[5],sub(add(add(x[0],x[7]),add(x[0],x[0])),pdiv(sub(pdiv(pdiv(x[2],add(x[2],x[2])),x[5]),sub(mul(x[7],x[2]),x[7])),x[2]))),x[2]),x[7]))",False,,,f4e02857e094efb694d118e710d26685,0.34730538922155685,False,0.0
8,28,"greater_than_or_equal(x[3], mul(x[7],x[5]))",True,"not_(greater_than_or_equal(mul(x[7],x[5]), x[3]))",0.33532934131736525,ff4b342bed4706cce4217aaf715c34c5,0.33532934131736525,False,0.0
8,28,"less_than_or_equal(42.44,mul(add(x[7],x[5]),mul(x[2],mul(x[5],mul(x[7],add(mul(x[7],sub(x[7],mul(x[5],x[7]))),add(x[2],x[7])))))))",True,not_(x[6]),0.6347305389221557,b4068ba57b63c959651c969331c4b5cd,0.6407185628742516,True,0.005988023952095856
8,28,"greater_than_or_equal(x[3], mul(x[7],add(x[2],pdiv(x[5],pdiv(add(x[7],mul(x[5],x[3])),mul(add(x[5],x[7]),x[2]))))))",True,"greater_than_or_equal(x[3], mul(add(x[7],x[5]),x[2]))",0.29940119760479045,b5fd2329b3d37d3741067324fc482215,0.2934131736526946,True,-0.005988023952095856
8,28,"greater_than_or_equal(sub(add(sub(sub(x[5],sub(x[0],add(x[7],x[0]))),x[2]),add(mul(x[7],sub(x[3],mul(add(mul(x[7],add(x[2],x[2])),x[2]),sub(x[2],x[3])))),add(pdiv(x[3],pdiv(x[7],add(x[2],x[7]))),pdiv(x[3],x[7])))),x[3]), x[5])",True,"not_(greater_than_or_equal(mul(x[7],add(x[2],x[2])), add(pdiv(x[3],x[5]),x[5])))",0.34730538922155685,4ec7480e2513eb46df8e0f72e89cd970,0.3413173652694611,True,-0.0059880239520957446
8,28,"greater_than_or_equal(x[5], mul(x[7],x[7]))",True,"not_(less_than_or_equal(x[5],mul(x[7],x[7])))",0.3532934131736527,6208c2f2bc232c7eeeb665b7dcc66661,0.3532934131736527,False,0.0
8,28,"greater_than_or_equal(add(pdiv(x[7],add(x[5],x[5])),add(sub(mul(x[7],x[2]),pdiv(pdiv(x[5],x[7]),add(sub(x[7],add(x[2],x[5])),x[3]))),x[5])), add(x[5],x[2]))",False,,,e5f8adde7de2f1af7cf185c7245f0d92,0.5389221556886228,False,0.0
8,28,"greater_than_or_equal(pdiv(x[5],x[5]), add(x[2],pdiv(add(x[3],add(x[2],x[7])),add(pdiv(pdiv(x[7],x[5]),99.96),pdiv(x[2],add(add(mul(x[5],mul(x[0],x[2])),add(x[2],x[2])),mul(x[7],x[0])))))))",False,,,f7f8c4ebe98d9c4dc08fa44707f5116e,0.5988023952095809,False,0.0
8,28,"greater_than_or_equal(sub(pdiv(94.74,mul(add(add(x[7],x[5]),00.20),x[7])),x[7]), x[2])",True,"less_than_or_equal(x[2],x[2])",0.35928143712574845,bd082d42dcba8056510101f18394b575,0.35928143712574845,False,0.0
8,28,"not_(less_than_or_equal(pdiv(x[5],sub(mul(x[7],x[7]),x[5])),x[2]))",False,,,f39884ef87a1ec0e35b6566a818eeb76,0.6167664670658682,False,0.0
8,28,"greater_than_or_equal(pdiv(x[3],add(x[2],x[0])), x[2])",False,,,509952383967e0ae9a031179e1bd7816,0.3053892215568862,False,0.0
8,28,"greater_than_or_equal(x[3], mul(x[7],add(add(x[7],sub(sub(x[5],sub(x[0],add(x[7],x[0]))),x[2])),add(mul(x[7],sub(x[3],mul(add(mul(x[7],add(x[2],x[2])),x[2]),add(mul(pdiv(x[3],mul(pdiv(x[3],pdiv(x[7],add(x[2],x[7]))),pdiv(x[5],x[7]))),x[3]),x[5])))),x[5]))))",False,,,c0bf20b13fe0f2a6cb49184891294ccf,0.4011976047904192,False,0.0
8,28,"not_(less_than_or_equal(pdiv(x[7],x[2]),add(x[7],mul(x[5],x[7]))))",False,,,d3fbe44d29d776ace58b46697591770c,0.28742514970059885,False,0.0
8,28,"greater_than_or_equal(pdiv(x[5],x[5]), add(x[7],mul(x[7],sub(x[3],mul(x[7],sub(sub(x[0],x[5]),x[5]))))))",True,"not_(less_than_or_equal(pdiv(x[5],x[7]),add(x[5],mul(x[5],add(x[3],x[7])))))",0.2455089820359282,e07bad2ba699cfd4243ab25a9a13e7e3,0.23353293413173648,True,-0.011976047904191711
8,28,"greater_than_or_equal(pdiv(x[5],x[5]), mul(x[5],add(x[7],mul(x[0],x[3]))))",True,"not_(less_than_or_equal(pdiv(x[5],x[5]),add(x[0],mul(pdiv(x[2],x[2]),mul(x[7],mul(x[3],x[3]))))))",0.3532934131736527,d78c302c6226bcc966005edf2f045a66,0.3532934131736527,False,0.0
8,28,"greater_than_or_equal(pdiv(x[5],x[2]), mul(x[5],mul(x[7],mul(pdiv(x[2],mul(add(add(add(x[2],mul(add(x[5],mul(x[7],add(x[2],x[5]))),mul(x[2],mul(x[5],mul(x[7],add(mul(x[7],sub(x[7],mul(x[5],x[7]))),add(x[2],x[7]))))))),x[2]),add(x[2],x[3])),add(pdiv(x[3],pdiv(x[7],add(x[2],x[7]))),pdiv(x[3],x[7])))),x[3]))))",True,"less_than_or_equal(x[2],x[2])",0.35928143712574845,bd082d42dcba8056510101f18394b575,0.35928143712574845,False,0.0
8,28,"less_than_or_equal(pdiv(x[5],x[5]),add(x[5],x[2]))",True,"greater_than_or_equal(add(x[2],x[5]), pdiv(x[7],x[7]))",0.7544910179640718,3db16fa16df21b15852938a2c3f9a18b,0.7544910179640718,False,0.0
8,28,"not_(greater_than_or_equal(x[7], x[2]))",True,"less_than_or_equal(add(x[5],x[7]),add(x[5],x[2]))",0.5269461077844311,544b4f45aa71542bcadfaa9d165fdbeb,0.5269461077844311,False,0.0
8,28,"greater_than_or_equal(x[5], sub(x[7],add(x[7],pdiv(x[5],x[5]))))",True,"less_than_or_equal(x[2],x[2])",0.35928143712574845,bd082d42dcba8056510101f18394b575,0.35928143712574845,False,0.0
8,28,"greater_than_or_equal(sub(pdiv(x[5],x[5]),x[2]), mul(20.54,x[2]))",True,"greater_than_or_equal(pdiv(mul(x[5],x[2]),pdiv(x[2],x[5])), add(sub(x[7],x[7]),add(x[5],x[0])))",0.6107784431137724,ec48eb4aba9f475884bcf9e8f28adadc,0.6167664670658682,True,0.005988023952095856
8,28,"greater_than_or_equal(x[5], mul(x[7],add(x[5],pdiv(add(sub(x[5],add(x[5],x[7])),x[3]),mul(x[3],add(x[7],x[7]))))))",False,,,9dc93f722843fe01f79ccc4c5868eacc,0.45508982035928147,False,0.0
8,28,"greater_than_or_equal(pdiv(x[5],pdiv(pdiv(add(x[7],mul(x[7],x[7])),pdiv(mul(x[2],sub(sub(x[2],x[5]),mul(x[7],add(x[5],19.69)))),mul(x[7],add(mul(x[7],add(x[2],x[5])),add(x[2],x[5]))))),x[5])), add(x[5],x[2]))",True,not_(x[6]),0.6347305389221557,b4068ba57b63c959651c969331c4b5cd,0.6407185628742516,True,0.005988023952095856
8,28,"less_than_or_equal(x[5],x[5])",True,"less_than_or_equal(x[2],x[2])",0.35928143712574845,bd082d42dcba8056510101f18394b575,0.35928143712574845,False,0.0
8,28,"greater_than_or_equal(sub(pdiv(x[7],x[7]),x[2]), mul(x[2],add(add(pdiv(x[5],pdiv(add(sub(add(x[2],add(x[2],x[0])),x[7]),x[2]),x[3])),x[2]),x[5])))",False,,,bebd9b75889f76465b9acc270e9df316,0.2455089820359282,False,0.0
8,28,"greater_than_or_equal(pdiv(09.54,12.04), x[7])",True,"not_(less_than_or_equal(pdiv(x[5],x[5]),mul(x[7],add(x[7],00.47))))",0.3173652694610778,b9fd537dac02d7f6099301b882c85396,0.3173652694610778,False,0.0
8,28,"greater_than_or_equal(pdiv(x[5],x[5]), add(x[0],x[2]))",True,"not_(less_than_or_equal(pdiv(x[5],x[5]),add(x[0],x[2])))",0.34730538922155685,c426607f0a92b79fd094d06b3453a190,0.34730538922155685,False,0.0
8,28,"greater_than_or_equal(pdiv(add(x[2],x[3]),x[7]), x[3])",True,"less_than_or_equal(x[2],x[2])",0.35928143712574845,bd082d42dcba8056510101f18394b575,0.35928143712574845,False,0.0
8,28,"greater_than_or_equal(x[3], mul(x[5],mul(x[7],add(mul(pdiv(x[7],x[2]),x[7]),x[2]))))",False,,,d75db3eb1b0a3d6c526fc089ff6a21b9,0.3173652694610778,False,0.0
8,28,"greater_than_or_equal(pdiv(pdiv(x[5],x[2]),pdiv(pdiv(x[7],add(x[7],x[2])),add(x[2],x[0]))), x[5])",True,"less_than_or_equal(x[2],x[2])",0.35928143712574845,bd082d42dcba8056510101f18394b575,0.35928143712574845,False,0.0
8,28,"greater_than_or_equal(pdiv(x[5],mul(x[5],mul(x[7],add(mul(pdiv(x[7],x[2]),x[7]),x[7])))), x[7])",False,,,f532ef798e0c8d92bc97dd7dd2480dc5,0.281437125748503,False,0.0
8,28,"greater_than_or_equal(x[5], x[5])",True,"less_than_or_equal(x[2],x[2])",0.35928143712574845,bd082d42dcba8056510101f18394b575,0.35928143712574845,False,0.0
8,28,"greater_than_or_equal(x[5], mul(85.24,x[5]))",True,not_(x[6]),0.6347305389221557,b4068ba57b63c959651c969331c4b5cd,0.6347305389221557,False,0.0
8,28,"less_than_or_equal(add(x[7],x[2]),add(x[2],x[0]))",True,"less_than_or_equal(x[7],x[0])",0.5449101796407185,be077d9307e8548c7420a3c3b9c6aaf2,0.5449101796407185,False,0.0
8,28,"greater_than_or_equal(pdiv(add(mul(x[2],add(x[7],add(mul(add(x[7],x[5]),add(sub(93.05,x[7]),x[0])),mul(pdiv(x[5],x[5]),x[5])))),x[5]),x[7]), x[7])",True,"less_than_or_equal(x[2],x[2])",0.35928143712574845,bd082d42dcba8056510101f18394b575,0.35928143712574845,False,0.0
8,28,"greater_than_or_equal(pdiv(x[5],add(x[2],mul(add(add(add(x[2],x[7]),x[7]),mul(x[5],x[5])),x[2]))), add(sub(x[7],x[7]),pdiv(x[5],x[5])))",False,,,ffcbdb63d2bc3c49fa0484d4a7f2c591,0.3293413173652695,False,0.0
8,28,"greater_than_or_equal(x[3], mul(x[7],add(mul(x[5],add(mul(07.89,x[7]),x[2])),x[2])))",False,,,afa4426e4c230b8887a9e04b449a7155,0.3652694610778443,False,0.0
8,28,"greater_than_or_equal(x[5], 92.04)",True,not_(x[6]),0.6347305389221557,b4068ba57b63c959651c969331c4b5cd,0.6407185628742516,True,0.005988023952095856
8,28,"greater_than_or_equal(pdiv(x[3],mul(add(x[7],x[2]),add(x[0],add(x[5],mul(x[7],add(x[2],add(x[5],x[0]))))))), sub(x[5],mul(mul(pdiv(x[5],add(x[2],x[2])),x[5]),x[7])))",False,,,96f863fafe2d1eb7be85e11926084d54,0.3053892215568862,False,0.0
8,28,"greater_than_or_equal(pdiv(x[5],add(add(add(x[7],x[5]),mul(x[7],sub(x[5],x[7]))),add(add(sub(x[7],sub(mul(x[7],x[0]),sub(pdiv(x[5],x[7]),x[3]))),x[7]),x[5]))), x[3])",False,,,5f44d3e3280ba26f846d446655650010,0.6407185628742516,False,0.0
8,28,"not_(less_than_or_equal(pdiv(x[5],x[5]),add(mul(x[5],add(x[7],x[2])),add(x[2],x[2]))))",True,"not_(less_than_or_equal(pdiv(x[5],x[5]),add(mul(x[5],add(x[7],x[2])),add(x[2],x[2]))))",0.18562874251497008,7dd04de0f09dcb78fab13d4ca363e3e0,0.2857142857142857,True,0.10008554319931562
8,29,"greater_than_or_equal(sub(pdiv(x[7],x[7]),x[7]), mul(x[2],pdiv(add(add(add(x[5],add(add(x[7],x[0]),x[2])),x[7]),x[2]),x[3])))",False,,,09a8798e2caad39882c779d95d48ce14,0.40718562874251496,False,0.0
8,29,"not_(less_than_or_equal(x[5],x[2]))",True,"not_(not_(less_than_or_equal(x[2],x[5])))",0.34730538922155685,4af53f79d9ad2ffac455113b88a02dd4,0.34730538922155685,False,0.0
8,29,"greater_than_or_equal(pdiv(x[5],add(x[2],99.27)), x[2])",True,"greater_than_or_equal(pdiv(mul(x[5],x[2]),pdiv(x[2],x[5])), add(sub(x[7],x[7]),add(x[5],x[0])))",0.6107784431137724,ec48eb4aba9f475884bcf9e8f28adadc,0.6167664670658682,True,0.005988023952095856
8,29,"greater_than_or_equal(pdiv(x[5],x[5]), add(x[7],mul(x[0],sub(x[3],mul(x[7],sub(sub(x[0],x[5]),x[5]))))))",False,,,8bbcb0dbef5280cc57b00333d52a38a1,0.281437125748503,False,0.0
8,29,"not_(less_than_or_equal(pdiv(x[5],x[5]),add(mul(x[5],mul(add(x[7],add(x[2],pdiv(x[5],x[5]))),mul(x[7],sub(mul(x[2],mul(x[7],add(x[5],x[7]))),add(x[2],x[5]))))),mul(x[2],mul(x[5],mul(x[7],add(mul(x[7],sub(x[7],mul(x[5],x[7]))),add(x[2],x[7]))))))))",True,"less_than_or_equal(x[2],x[2])",0.35928143712574845,bd082d42dcba8056510101f18394b575,0.35928143712574845,False,0.0
8,29,"and_(greater_than_or_equal(pdiv(x[5],x[5]), x[2]),greater_than_or_equal(x[0], x[2]))",True,"greater_than_or_equal(x[0], x[2])",0.5329341317365269,f30904201255a44726c2f25803948202,0.5329341317365269,False,0.0
8,29,"greater_than_or_equal(x[5], mul(mul(x[7],x[3]),mul(x[2],x[5])))",True,"less_than_or_equal(x[2],x[2])",0.35928143712574845,bd082d42dcba8056510101f18394b575,0.35928143712574845,False,0.0
8,29,"greater_than_or_equal(sub(pdiv(x[7],x[5]),x[7]), mul(x[2],add(add(mul(add(x[7],x[2]),pdiv(x[2],sub(x[7],x[7]))),x[7]),add(mul(x[7],add(x[2],x[5])),add(x[2],x[5])))))",False,,,2193d561cce4ad00f3bba163568ea98c,0.47904191616766467,False,0.0
8,29,"greater_than_or_equal(x[5], mul(x[3],x[2]))",True,"greater_than_or_equal(add(mul(x[0],x[3]),pdiv(x[5],x[3])), x[2])",0.3293413173652695,f0c5da2fb3fda6018ebf0885b8c1ea67,0.3293413173652695,False,0.0
8,29,"greater_than_or_equal(pdiv(x[5],x[2]), mul(x[7],add(add(pdiv(mul(x[3],x[3]),x[7]),x[5]),mul(x[7],mul(add(mul(x[7],x[5]),mul(x[7],mul(x[5],x[2]))),x[3])))))",False,,,8caa4223b602f6b9eecbcc5cc739e7cf,0.31137724550898205,False,0.0
8,29,"greater_than_or_equal(pdiv(pdiv(add(mul(pdiv(50.79,pdiv(mul(x[0],add(x[7],x[2])),x[2])),mul(x[7],x[7])),add(x[7],add(sub(x[7],add(x[5],mul(x[5],add(x[7],mul(x[0],x[3]))))),x[7]))),add(mul(sub(x[2],x[7]),sub(x[2],x[7])),mul(x[2],x[2]))),pdiv(add(x[3],mul(x[7],add(x[0],x[7]))),add(x[5],x[2]))), mul(x[3],x[7]))",False,,,646a9e4a0c4ec3e028a20ccfc657d30a,0.4610778443113772,False,0.0
8,29,"greater_than_or_equal(x[3], add(x[5],x[2]))",True,"greater_than_or_equal(x[3], add(x[5],x[2]))",0.5688622754491017,3b95d43c6b1291e78b2ed83052bed275,0.5688622754491017,False,0.0
8,29,"not_(less_than_or_equal(pdiv(x[7],x[2]),add(x[7],x[5])))",True,"not_(less_than_or_equal(pdiv(x[7],x[2]),add(x[5],x[7])))",0.38323353293413176,40fab297250234f7a5d56e502f96989c,0.38323353293413176,False,0.0
8,29,"greater_than_or_equal(sub(pdiv(x[5],x[5]),x[2]), mul(x[5],add(add(x[5],mul(sub(sub(x[7],x[3]),mul(x[2],add(mul(x[5],add(x[7],x[2])),x[5]))),mul(x[5],x[2]))),mul(x[5],add(mul(x[5],add(x[7],x[2])),add(x[2],x[2]))))))",True,"greater_than_or_equal(sub(pdiv(x[5],x[5]),mul(x[5],add(x[2],x[5]))), x[5])",0.3892215568862275,b7515592bb4ee304c81598e43311a165,0.281437125748503,True,-0.10778443113772451
8,29,"not_(less_than_or_equal(pdiv(x[5],x[5]),add(mul(x[5],add(x[7],x[2])),add(x[2],20.45))))",True,not_(x[6]),0.6347305389221557,b4068ba57b63c959651c969331c4b5cd,0.6407185628742516,True,0.005988023952095856
8,29,"less_than_or_equal(pdiv(x[5],add(x[2],x[5])),x[5])",True,"greater_than_or_equal(add(x[2],x[5]), pdiv(x[7],x[7]))",0.7544910179640718,3db16fa16df21b15852938a2c3f9a18b,0.7485029940119761,True,-0.0059880239520957446
8,29,"greater_than_or_equal(sub(pdiv(x[5],x[5]),x[2]), mul(x[5],add(add(06.79,add(x[3],mul(x[3],add(x[7],x[7])))),x[7])))",False,,,c5dffd5f0bc998aa20ad2033e4e1041e,0.6467065868263473,False,0.0
8,29,"greater_than_or_equal(sub(pdiv(x[5],x[7]),x[2]), x[2])",True,"not_(greater_than_or_equal(mul(x[7],add(x[2],x[2])), x[5]))",0.27544910179640714,f7539509fdd5f9bf93cc165393e6bf21,0.27544910179640714,False,0.0
8,29,"not_(less_than_or_equal(pdiv(x[5],x[5]),add(mul(x[5],x[5]),pdiv(x[2],pdiv(x[2],x[7])))))",False,,,09ae11fb11e81dcd8f51a4124a1cb303,0.2934131736526946,False,0.0
8,29,"greater_than_or_equal(pdiv(x[3],add(x[7],x[2])), mul(x[7],add(x[5],x[2])))",False,,,63f058dd91b24c3d80fe6217d2a75b6a,0.26347305389221554,False,0.0
8,29,"not_(less_than_or_equal(mul(x[5],x[5]),pdiv(sub(x[7],add(x[5],add(x[7],pdiv(pdiv(mul(x[7],add(x[5],x[7])),add(x[2],x[5])),mul(x[2],mul(x[5],mul(x[7],add(mul(x[7],sub(x[7],mul(x[5],x[7]))),add(x[2],x[7]))))))))),x[2])))",True,"less_than_or_equal(pdiv(sub(x[0],x[0]),sub(x[0],x[2])),x[0])",0.38323353293413176,d0734af37aab8e9b6c733bcf8f431f61,0.38323353293413176,False,0.0
8,29,"greater_than_or_equal(x[5], mul(x[7],add(sub(sub(x[5],mul(x[2],mul(x[5],mul(x[7],add(mul(x[7],sub(x[7],mul(x[5],x[7]))),add(x[2],x[7])))))),x[2]),add(x[2],x[3]))))",False,,,04519d29130790a2b3aabfa0c9d05f09,0.3532934131736527,False,0.0
8,29,"greater_than_or_equal(pdiv(x[5],add(x[2],x[5])), mul(add(mul(x[7],add(pdiv(x[3],x[2]),sub(x[5],x[2]))),mul(add(mul(x[7],add(x[7],mul(x[5],pdiv(add(x[7],x[2]),x[3])))),x[5]),x[5])),add(x[2],x[5])))",False,,,cb0fabc822682d80c2d1de2db71b256c,0.4850299401197605,False,0.0
8,29,"greater_than_or_equal(x[5], mul(x[7],x[2]))",True,"less_than_or_equal(sub(mul(x[2],x[7]),mul(x[0],x[7])),x[5])",0.34730538922155685,67e5c7a497be3e968ea5c2bd6433af6d,0.33532934131736525,True,-0.0119760479041916
8,29,"greater_than_or_equal(sub(pdiv(x[7],mul(x[2],x[7])),add(x[5],x[2])), add(sub(x[7],x[7]),pdiv(x[5],x[5])))",False,,,7f3bd5dcfb879096913233886b9ceba3,0.3053892215568862,False,0.0
8,29,"greater_than_or_equal(pdiv(x[5],x[7]), x[7])",True,"not_(less_than_or_equal(x[5],mul(x[7],x[7])))",0.3532934131736527,6208c2f2bc232c7eeeb665b7dcc66661,0.3532934131736527,False,0.0
8,29,"greater_than_or_equal(x[5], mul(x[7],add(x[5],pdiv(add(x[2],x[2]),sub(pdiv(x[5],x[7]),x[7])))))",False,,,e62ec007631b54d77769a2a36ca24432,0.27544910179640714,False,0.0
8,29,"greater_than_or_equal(pdiv(x[2],x[2]), mul(add(x[5],add(x[2],x[5])),x[5]))",True,"not_(less_than_or_equal(pdiv(x[5],x[5]),add(mul(x[5],x[5]),x[5])))",0.3772455089820359,85004d30cad8675ea748791609909266,0.3413173652694611,True,-0.0359281437125748
8,29,"greater_than_or_equal(sub(pdiv(x[5],x[7]),add(x[5],x[7])), add(x[7],add(x[0],mul(add(pdiv(x[3],x[7]),x[3]),x[5]))))",False,,,e708bcae8a81be4a0e5c3618de5abc8e,0.47904191616766467,False,0.0
8,29,"less_than_or_equal(x[7],add(pdiv(sub(pdiv(pdiv(x[7],sub(x[2],sub(sub(mul(add(mul(x[5],sub(sub(add(x[2],x[3]),x[2]),add(x[2],x[3]))),add(pdiv(x[3],pdiv(x[7],add(x[2],x[7]))),x[5])),x[7]),x[2]),x[7]))),x[2]),x[3]),add(x[2],x[7])),sub(sub(x[5],sub(x[0],x[3])),mul(x[7],add(mul(x[5],sub(sub(sub(sub(x[2],x[2]),x[2]),x[5]),mul(x[7],add(x[7],x[5])))),x[5])))))",False,,,6ddbb6ffc0e3fb5fb4ddec7dd6e60640,0.37125748502994016,False,0.0
8,29,"greater_than_or_equal(x[5], mul(sub(mul(add(pdiv(sub(x[2],sub(sub(add(x[2],x[5]),x[2]),add(x[2],x[3]))),add(pdiv(x[5],pdiv(x[7],add(x[2],x[7]))),pdiv(x[3],x[7]))),x[3]),x[5]),x[5]),add(x[2],x[5])))",True,"greater_than_or_equal(add(pdiv(x[3],x[7]),sub(x[5],add(x[3],x[0]))), sub(pdiv(x[7],add(x[5],x[5])),add(sub(x[7],x[0]),pdiv(add(pdiv(x[7],add(x[5],x[2])),mul(sub(x[7],sub(x[5],mul(x[5],x[5]))),add(add(x[5],sub(x[3],x[7])),pdiv(x[3],pdiv(x[5],x[3]))))),x[2]))))",0.3532934131736527,74f8248f50f984913be2811137cb773c,0.34730538922155685,True,-0.005988023952095856
8,29,"greater_than_or_equal(sub(92.04,add(x[5],sub(sub(add(mul(add(x[2],x[5]),x[7]),sub(x[5],mul(x[5],x[5]))),add(x[7],x[2])),x[3]))), x[5])",True,"less_than_or_equal(x[2],x[2])",0.35928143712574845,bd082d42dcba8056510101f18394b575,0.35928143712574845,False,0.0
8,29,"not_(less_than_or_equal(sub(pdiv(x[7],x[7]),x[3]),mul(x[7],add(x[7],x[2]))))",True,"greater_than_or_equal(sub(pdiv(x[5],x[5]),mul(x[7],add(x[7],x[2]))), x[3])",0.23952095808383234,28ec52dd7333cc1c240b9eacee8d6909,0.23952095808383234,False,0.0
8,29,"greater_than_or_equal(sub(pdiv(x[7],x[7]),x[5]), x[7])",True,"not_(less_than_or_equal(pdiv(x[5],x[5]),add(x[7],x[5])))",0.32335329341317365,e44f6a949f00cb0bf86b1105d7c3453d,0.32335329341317365,False,0.0
8,29,"greater_than_or_equal(pdiv(x[5],add(x[2],x[5])), sub(add(mul(add(x[5],x[2]),x[5]),x[2]),x[5]))",True,"greater_than_or_equal(pdiv(pdiv(x[5],x[5]),add(pdiv(x[2],mul(x[2],x[5])),x[5])), mul(x[2],add(x[5],x[2])))",0.27544910179640714,323b5baa9272309b613295dcd93f1fa6,0.27544910179640714,False,0.0
8,29,"greater_than_or_equal(x[5], mul(x[7],add(x[5],sub(x[2],pdiv(x[5],sub(pdiv(x[5],x[5]),add(x[5],x[5])))))))",False,,,cdb746b771a75a63984e610dba4d5db6,0.32335329341317365,False,0.0
8,29,"greater_than_or_equal(sub(pdiv(x[5],x[7]),add(x[5],x[5])), x[5])",True,"not_(less_than_or_equal(pdiv(x[5],x[7]),add(x[5],mul(x[5],add(add(pdiv(x[7],add(x[5],x[2])),add(sub(x[7],sub(x[5],mul(x[5],x[5]))),add(x[5],x[2]))),mul(x[7],pdiv(mul(x[5],x[5]),x[0])))))))",0.3293413173652695,877c20a569f40bf48158ba6b014c60ff,0.33532934131736525,True,0.0059880239520957446
8,29,"greater_than_or_equal(pdiv(sub(x[7],mul(x[7],x[2])),mul(x[7],x[2])), sub(mul(x[2],x[7]),x[5]))",True,"not_(less_than_or_equal(pdiv(x[5],x[7]),sub(add(sub(x[2],add(pdiv(add(x[2],x[0]),x[0]),x[5])),add(x[5],x[2])),x[0])))",0.3413173652694611,bdf018d409436d26701460412c913f48,0.3413173652694611,False,0.0
8,29,"greater_than_or_equal(mul(x[2],add(x[7],x[2])), add(x[2],x[2]))",True,"greater_than_or_equal(pdiv(mul(x[5],x[2]),pdiv(x[2],x[5])), add(sub(x[7],x[7]),add(x[5],x[0])))",0.6107784431137724,ec48eb4aba9f475884bcf9e8f28adadc,0.6167664670658682,True,0.005988023952095856
8,29,"greater_than_or_equal(x[7], mul(x[7],mul(x[5],pdiv(mul(mul(x[2],x[7]),x[7]),x[5]))))",True,"less_than_or_equal(x[2],x[2])",0.35928143712574845,bd082d42dcba8056510101f18394b575,0.35928143712574845,False,0.0
8,29,"greater_than_or_equal(pdiv(x[5],x[7]), add(x[5],mul(x[7],x[0])))",True,"greater_than_or_equal(sub(pdiv(x[5],x[7]),mul(x[7],x[0])), add(mul(add(mul(x[7],add(x[7],x[7])),x[7]),sub(x[2],x[2])),x[5]))",0.31137724550898205,ed25cf649fcbd26aa7586e4b83151f52,0.31137724550898205,False,0.0
8,29,"greater_than_or_equal(x[5], mul(x[7],add(x[2],x[2])))",True,"not_(greater_than_or_equal(mul(x[7],add(x[2],x[2])), x[5]))",0.27544910179640714,f7539509fdd5f9bf93cc165393e6bf21,0.27544910179640714,False,0.0
8,29,"greater_than_or_equal(pdiv(x[3],add(add(x[2],mul(pdiv(x[5],x[5]),x[5])),x[2])), add(sub(x[7],x[7]),pdiv(x[5],x[5])))",False,,,866e89597585c7e6ee9359edc0f9305c,0.5808383233532934,False,0.0
8,29,"greater_than_or_equal(x[7], mul(x[7],mul(09.89,x[2])))",False,,,d2827a3660ee7a49db471a42b3602fe0,0.5269461077844311,False,0.0
8,29,"greater_than_or_equal(sub(x[2],x[3]), mul(add(x[7],x[3]),add(sub(pdiv(add(x[5],x[2]),x[3]),x[0]),x[2])))",True,not_(x[6]),0.6347305389221557,b4068ba57b63c959651c969331c4b5cd,0.6407185628742516,True,0.005988023952095856
8,29,"greater_than_or_equal(pdiv(x[3],add(x[7],pdiv(x[7],x[7]))), x[5])",False,,,fc9a98e44b0046f86001d0dbadb671f5,0.5568862275449102,False,0.0
8,29,"greater_than_or_equal(pdiv(add(x[5],x[5]),mul(x[7],add(x[5],x[0]))), x[5])",True,"less_than_or_equal(x[2],x[2])",0.35928143712574845,bd082d42dcba8056510101f18394b575,0.35928143712574845,False,0.0
8,29,"greater_than_or_equal(pdiv(x[5],add(x[5],add(x[2],add(sub(x[7],sub(x[5],x[0])),x[5])))), mul(mul(x[5],x[7]),pdiv(x[7],x[3])))",False,,,e8355f38485c509b295b64ca91a90c69,0.26347305389221554,False,0.0
8,29,"greater_than_or_equal(x[5], mul(x[5],x[5]))",True,"less_than_or_equal(x[2],x[2])",0.35928143712574845,bd082d42dcba8056510101f18394b575,0.35928143712574845,False,0.0
8,29,"greater_than_or_equal(pdiv(x[3],mul(add(x[7],x[2]),add(x[2],add(x[3],add(x[7],x[7]))))), mul(x[7],add(x[7],x[2])))",False,,,72a016c5922f59584dd473990ace7600,0.2574850299401198,False,0.0
8,29,"greater_than_or_equal(sub(pdiv(x[7],x[7]),x[0]), mul(x[5],add(x[7],add(x[0],mul(add(48.43,x[2]),x[2])))))",False,,,3bcacbf6931d2874b0fae0ce3731d0c5,0.6287425149700598,False,0.0
8,29,"greater_than_or_equal(x[5], mul(x[7],add(mul(mul(add(x[5],add(x[2],x[2])),x[2]),x[5]),mul(x[7],add(add(add(x[2],x[7]),sub(sub(x[5],sub(x[0],x[3])),mul(x[7],add(mul(x[5],sub(sub(sub(sub(x[2],x[2]),x[2]),x[5]),mul(x[7],add(x[7],x[5])))),x[5])))),x[2])))))",False,,,cbaafe139cae4fdea51d26488a49e847,0.2455089820359282,False,0.0
8,29,"greater_than_or_equal(sub(pdiv(x[7],x[7]),x[7]), mul(x[7],add(pdiv(pdiv(x[5],x[7]),add(x[5],x[2])),x[2])))",False,,,f8c9b53be078cb52840f0be72d671ae0,0.4491017964071856,False,0.0
8,29,"greater_than_or_equal(x[3], sub(x[7],add(x[2],pdiv(x[2],pdiv(add(x[7],mul(x[5],x[3])),mul(add(x[7],x[3]),x[5]))))))",False,,,f982bb308e59b73a2032f54e1ae6ef39,0.3772455089820359,False,0.0
8,29,"greater_than_or_equal(sub(sub(x[7],x[7]),x[5]), x[2])",True,not_(x[6]),0.6347305389221557,b4068ba57b63c959651c969331c4b5cd,0.6407185628742516,True,0.005988023952095856
8,29,"greater_than_or_equal(x[5], mul(x[7],x[5]))",True,"less_than_or_equal(x[2],x[2])",0.35928143712574845,bd082d42dcba8056510101f18394b575,0.35928143712574845,False,0.0
8,29,"greater_than_or_equal(pdiv(90.54,add(x[5],mul(x[7],add(x[3],x[0])))), mul(x[7],x[2]))",True,"less_than_or_equal(x[2],x[2])",0.35928143712574845,bd082d42dcba8056510101f18394b575,0.35928143712574845,False,0.0
8,29,"greater_than_or_equal(x[5], mul(x[7],add(x[5],mul(add(mul(add(x[2],x[7]),sub(add(mul(x[5],sub(sub(sub(sub(x[2],x[2]),x[2]),x[5]),mul(x[7],add(x[7],x[5])))),x[5]),x[2])),add(sub(x[7],x[7]),pdiv(x[5],x[5]))),mul(mul(x[5],x[7]),pdiv(x[7],x[3]))))))",False,,,45a9790e75a7a10a6c8d2a5fe9d70004,0.3772455089820359,False,0.0
8,29,"greater_than_or_equal(sub(pdiv(x[5],x[7]),add(x[5],x[5])), mul(x[2],mul(mul(x[5],mul(x[7],add(add(add(x[7],sub(pdiv(add(sub(x[2],add(x[2],x[2])),x[5]),x[5]),x[5])),add(add(mul(x[7],add(x[5],x[7])),add(add(94.36,pdiv(x[5],x[7])),x[5])),x[3])),pdiv(pdiv(pdiv(mul(x[2],x[2]),sub(add(add(x[5],x[7]),x[2]),add(x[2],x[3]))),add(pdiv(x[3],pdiv(x[7],add(x[7],x[7]))),pdiv(x[3],x[2]))),pdiv(x[0],x[2]))))),x[0])))",False,,,d552c936fd5329b43082fb41a989ab17,0.2694610778443114,False,0.0
8,29,"greater_than_or_equal(pdiv(x[5],x[2]), add(x[2],add(x[2],x[5])))",False,,,80fca7105537c16857eaea6bceb54f74,0.2934131736526946,False,0.0
8,29,"greater_than_or_equal(pdiv(x[5],x[7]), add(x[5],mul(x[5],add(x[3],add(mul(x[7],add(x[2],x[2])),x[5])))))",True,"not_(less_than_or_equal(pdiv(x[5],x[7]),add(x[5],mul(x[5],add(x[2],pdiv(x[3],x[3]))))))",0.2694610778443114,3666d2adeb78fa43d08db5780c1835ec,0.25149700598802394,True,-0.017964071856287456
8,29,"greater_than_or_equal(x[5], x[5])",True,"less_than_or_equal(x[2],x[2])",0.35928143712574845,bd082d42dcba8056510101f18394b575,0.35928143712574845,False,0.0
8,29,"greater_than_or_equal(pdiv(pdiv(x[5],x[2]),pdiv(add(x[2],x[7]),x[2])), add(x[3],x[2]))",True,"greater_than_or_equal(pdiv(pdiv(x[5],x[2]),pdiv(add(x[2],x[7]),x[2])), add(x[3],x[2]))",0.3053892215568862,f51bc64e039263f989f477204dd3417a,0.3053892215568862,False,0.0
8,29,"greater_than_or_equal(x[5], mul(x[7],mul(x[5],x[2])))",True,"less_than_or_equal(x[2],x[2])",0.35928143712574845,bd082d42dcba8056510101f18394b575,0.35928143712574845,False,0.0
8,29,"greater_than_or_equal(x[5], mul(x[7],add(x[2],add(x[7],add(mul(add(x[7],x[5]),add(sub(add(add(x[5],add(sub(x[7],x[0]),mul(pdiv(x[5],x[5]),x[7]))),sub(x[7],x[0])),x[2]),mul(add(x[2],x[3]),x[7]))),sub(x[5],mul(x[5],x[5])))))))",False,,,b8e3b46bd3c0777a9d1a39521f11c03b,0.37125748502994016,False,0.0
8,29,"greater_than_or_equal(x[5], mul(x[5],mul(x[2],pdiv(x[5],mul(x[7],add(x[3],x[5]))))))",False,,,9c6fd74dd1c52036ecb394b51b4c6cf0,0.41916167664670656,False,0.0
8,29,"greater_than_or_equal(pdiv(x[5],add(x[2],x[0])), x[7])",True,"greater_than_or_equal(sub(pdiv(x[5],x[7]),x[2]), x[0])",0.32335329341317365,608e3fd5b4f48ec5fb45edbea2ae1556,0.32335329341317365,False,0.0
8,29,"greater_than_or_equal(sub(mul(x[7],x[7]),sub(x[3],mul(x[5],sub(sub(add(x[5],x[7]),add(x[5],x[7])),x[5])))), x[7])",True,not_(x[6]),0.6347305389221557,b4068ba57b63c959651c969331c4b5cd,0.6407185628742516,True,0.005988023952095856
8,29,"greater_than_or_equal(x[5], pdiv(x[5],x[5]))",True,"greater_than_or_equal(x[5], pdiv(x[2],x[2]))",0.688622754491018,d77781efe7d80c80545f6897faedc30c,0.688622754491018,False,0.0
8,29,"greater_than_or_equal(pdiv(x[2],x[5]), x[5])",True,"not_(less_than_or_equal(pdiv(x[2],x[5]),x[5]))",0.5688622754491017,379e3fd86c4786507474cde0c666a1a3,0.5688622754491017,False,0.0
8,29,"greater_than_or_equal(x[5], sub(x[7],add(x[7],pdiv(add(x[2],mul(add(x[5],x[2]),x[7])),x[7]))))",True,"less_than_or_equal(x[2],x[2])",0.35928143712574845,bd082d42dcba8056510101f18394b575,0.35928143712574845,False,0.0
8,29,"greater_than_or_equal(x[5], mul(x[2],add(x[7],x[5])))",True,"not_(less_than_or_equal(pdiv(x[5],add(x[5],x[7])),x[2]))",0.281437125748503,6064d2196889eafb4a8a860c948d633a,0.281437125748503,False,0.0
8,29,"greater_than_or_equal(pdiv(x[5],add(pdiv(add(x[5],mul(x[7],add(x[5],x[2]))),x[5]),x[2])), x[5])",True,not_(x[6]),0.6347305389221557,b4068ba57b63c959651c969331c4b5cd,0.6347305389221557,False,0.0
8,29,"greater_than_or_equal(mul(mul(mul(x[7],add(x[7],sub(sub(x[5],sub(x[0],add(x[7],x[0]))),x[2]))),add(mul(x[7],sub(x[3],mul(add(mul(x[7],add(x[2],x[2])),x[2]),add(x[2],x[3])))),add(pdiv(x[3],pdiv(x[7],add(x[2],x[7]))),pdiv(x[3],x[7])))),x[3]), x[5])",False,,,10d249064760a1a6b4a54c6928367e39,0.5988023952095809,False,0.0
8,29,"greater_than_or_equal(sub(pdiv(add(mul(x[5],07.93),mul(x[0],x[2])),add(x[2],x[2])),mul(x[7],x[7])), add(x[7],sub(add(x[5],x[2]),add(sub(x[7],x[7]),pdiv(x[5],x[5])))))",False,,,df42839469598b66d247ca0f0db81021,0.34730538922155685,False,0.0
8,29,"greater_than_or_equal(x[5], mul(x[7],add(x[5],mul(x[5],add(mul(add(x[7],x[5]),add(sub(93.75,x[7]),x[5])),mul(pdiv(x[5],x[5]),x[5]))))))",True,"less_than_or_equal(mul(mul(x[7],x[7]),74.75),add(x[7],x[7]))",0.6227544910179641,83475aff34f9e2eb2174b5d809ea1882,0.6107784431137724,True,-0.011976047904191711
8,29,"greater_than_or_equal(pdiv(add(mul(x[2],add(x[7],add(x[2],x[2]))),x[2]),add(x[2],x[3])), add(pdiv(add(x[3],x[7]),add(x[2],x[7])),pdiv(x[3],x[7])))",False,,,8df67ecfdb867f0cd54844f9a6b0e739,0.688622754491018,False,0.0
8,29,"greater_than_or_equal(sub(pdiv(x[5],add(91.74,add(x[2],x[5]))),pdiv(sub(mul(add(add(x[2],x[3]),add(pdiv(90.93,00.20),x[7])),x[7]),x[2]),mul(pdiv(add(x[7],x[2]),x[0]),00.69))), x[5])",True,not_(x[6]),0.6347305389221557,b4068ba57b63c959651c969331c4b5cd,0.6407185628742516,True,0.005988023952095856
8,29,"greater_than_or_equal(pdiv(pdiv(x[0],x[7]),add(x[5],x[5])), mul(mul(x[5],x[0]),x[5]))",False,,,c3409a4b2ba4ae605e7a31ae0c3b7cb3,0.29940119760479045,False,0.0
8,29,"less_than_or_equal(pdiv(sub(x[7],mul(x[7],x[2])),add(x[5],mul(x[2],add(x[0],x[2])))),mul(sub(17.94,add(x[2],x[5])),mul(x[2],mul(x[5],mul(x[7],add(mul(x[7],sub(x[7],mul(x[5],x[7]))),add(x[2],x[7])))))))",False,,,136a513202a1dd0cc2b58b9526b4e19a,0.7005988023952097,False,0.0
8,29,"greater_than_or_equal(x[5], add(mul(x[5],sub(sub(sub(sub(x[7],x[2]),sub(pdiv(pdiv(mul(x[2],x[2]),sub(add(add(mul(64.57,x[2]),x[3]),add(pdiv(90.93,00.20),x[7])),x[7])),x[2]),mul(pdiv(add(x[7],x[2]),x[0]),00.69))),x[5]),x[5])),add(sub(x[5],x[5]),add(add(x[7],x[0]),x[2]))))",False,,,bdb9fb624737f9ef26d196b3383b38cb,0.47904191616766467,False,0.0
8,29,"greater_than_or_equal(x[2], x[5])",True,"less_than_or_equal(x[5],x[2])",0.652694610778443,6fb17002302e404122653cf2c68db553,0.652694610778443,False,0.0
8,29,"greater_than_or_equal(pdiv(x[5],x[5]), add(sub(pdiv(x[5],x[2]),x[5]),add(add(x[7],x[0]),x[2])))",False,,,254659cced7f46f07f8a2ff368247b4f,0.6047904191616766,False,0.0
8,29,"greater_than_or_equal(sub(pdiv(x[7],x[7]),x[2]), mul(mul(x[5],x[7]),sub(x[7],add(x[5],pdiv(00.69,x[5])))))",True,"less_than_or_equal(x[2],x[2])",0.35928143712574845,bd082d42dcba8056510101f18394b575,0.35928143712574845,False,0.0
8,29,"greater_than_or_equal(04.90, sub(x[3],mul(x[5],sub(sub(add(x[5],x[7]),add(x[5],x[7])),x[7]))))",True,"less_than_or_equal(x[2],x[2])",0.35928143712574845,bd082d42dcba8056510101f18394b575,0.35928143712574845,False,0.0
8,29,"greater_than_or_equal(x[3], mul(x[7],add(x[5],sub(x[2],x[2]))))",True,"not_(greater_than_or_equal(mul(x[7],x[5]), x[3]))",0.33532934131736525,ff4b342bed4706cce4217aaf715c34c5,0.33532934131736525,False,0.0
8,29,"greater_than_or_equal(sub(pdiv(x[7],x[7]),x[7]), mul(x[7],add(add(83.99,pdiv(x[2],pdiv(pdiv(pdiv(mul(x[2],x[2]),sub(add(add(x[5],x[7]),x[2]),add(x[2],x[3]))),add(pdiv(x[3],pdiv(x[7],add(x[7],x[7]))),pdiv(x[3],x[2]))),pdiv(x[0],x[2])))),x[0])))",True,"greater_than_or_equal(add(mul(x[7],sub(x[0],x[7])),x[7]), add(x[5],x[2]))",0.6586826347305389,681d8fd5d491586fb67fc0cf65def18f,0.6407185628742516,True,-0.017964071856287345
8,29,"greater_than_or_equal(sub(pdiv(99.94,92.04),add(x[2],x[5])), sub(sub(x[5],sub(x[0],x[3])),mul(x[7],add(mul(x[5],sub(sub(sub(sub(x[2],x[2]),x[2]),x[5]),mul(x[7],add(x[7],x[5])))),x[5]))))",False,,,a9f7bfa2f657adb1075a1652f8d244f8,0.592814371257485,False,0.0
8,29,"greater_than_or_equal(pdiv(x[5],add(x[2],x[5])), mul(add(mul(add(x[5],x[2]),x[5]),x[0]),add(x[2],x[2])))",False,,,df24b64b2660d8daa8a2b9a513c3196e,0.21556886227544914,False,0.0
8,29,"greater_than_or_equal(pdiv(x[5],x[5]), add(x[7],mul(x[2],mul(x[7],add(x[2],sub(mul(x[5],pdiv(x[5],x[5])),add(x[5],x[2])))))))",True,"less_than_or_equal(x[2],x[2])",0.35928143712574845,bd082d42dcba8056510101f18394b575,0.35928143712574845,False,0.0
8,29,"greater_than_or_equal(pdiv(x[5],x[5]), add(x[7],mul(x[7],sub(x[3],mul(x[7],sub(sub(x[0],x[5]),x[5]))))))",True,"not_(less_than_or_equal(pdiv(x[5],x[7]),add(x[5],mul(x[5],add(x[3],x[7])))))",0.2455089820359282,e07bad2ba699cfd4243ab25a9a13e7e3,0.23353293413173648,True,-0.011976047904191711
8,29,"not_(less_than_or_equal(x[3],mul(x[5],add(add(x[5],x[7]),sub(x[5],mul(x[5],x[5]))))))",False,,,d635eb91bf0469ca05da7b15c4a69a01,0.5209580838323353,False,0.0
8,29,"greater_than_or_equal(pdiv(x[5],x[2]), x[2])",True,"less_than_or_equal(pdiv(mul(x[2],x[2]),x[5]),pdiv(x[7],x[7]))",0.3293413173652695,22afa71d30776c90154a85fa7bb55d4a,0.33532934131736525,True,0.0059880239520957446
8,29,"not_(less_than_or_equal(pdiv(x[5],sub(x[7],mul(add(sub(x[2],x[5]),add(add(x[7],x[0]),mul(pdiv(x[5],x[5]),x[7]))),sub(x[7],x[0])))),x[2]))",False,,,25c12c7d073c91fd2089b29e13ae8564,0.3053892215568862,False,0.0
8,29,"greater_than_or_equal(x[5], mul(x[2],add(x[7],add(mul(add(x[7],x[5]),x[5]),add(x[7],x[2])))))",False,,,e5fd36b1ec8c99aa49ce09e9838acfa1,0.25149700598802394,False,0.0
8,29,"greater_than_or_equal(x[5], x[5])",True,"less_than_or_equal(x[2],x[2])",0.35928143712574845,bd082d42dcba8056510101f18394b575,0.35928143712574845,False,0.0
8,29,"greater_than_or_equal(x[5], mul(x[2],sub(x[5],x[2])))",True,"less_than_or_equal(x[2],x[2])",0.35928143712574845,bd082d42dcba8056510101f18394b575,0.35928143712574845,False,0.0
8,29,"greater_than_or_equal(pdiv(x[5],x[5]), pdiv(pdiv(x[2],x[5]),mul(x[7],add(x[5],x[2]))))",False,,,b60ffd119e0136e1b9503e9c93517ccb,0.6287425149700598,False,0.0
8,29,"greater_than_or_equal(pdiv(x[2],mul(x[7],add(mul(x[7],add(mul(x[2],add(mul(pdiv(x[5],x[5]),add(x[2],x[7])),x[0])),add(add(x[2],x[2]),x[5]))),x[5]))), x[5])",False,,,0102ba17dd411abf53e39faf4c057095,0.4251497005988024,False,0.0
8,29,"less_than_or_equal(x[7],add(mul(add(x[2],x[7]),sub(x[2],x[7])),mul(add(mul(x[5],sub(sub(add(94.35,x[5]),x[5]),x[3])),x[5]),x[5])))",True,"greater_than_or_equal(x[5], mul(x[7],mul(add(sub(x[2],x[7]),add(x[5],x[5])),add(sub(x[5],add(sub(x[2],x[7]),add(x[5],39.79))),pdiv(add(x[2],x[7]),add(mul(x[3],x[7]),add(x[5],add(19.01,x[5]))))))))",0.3532934131736527,3c5fcbb6b7ca4e821802a50a42c8e755,0.34730538922155685,True,-0.005988023952095856
8,29,"greater_than_or_equal(x[5], mul(x[2],x[2]))",True,"less_than_or_equal(pdiv(mul(x[2],x[2]),x[5]),pdiv(x[7],x[7]))",0.3293413173652695,22afa71d30776c90154a85fa7bb55d4a,0.33532934131736525,True,0.0059880239520957446
8,29,"greater_than_or_equal(pdiv(x[5],x[5]), add(x[7],mul(x[7],x[7])))",True,"greater_than_or_equal(pdiv(x[5],x[5]), add(x[7],mul(x[7],x[7])))",0.22155688622754488,6ebc9093742e2fb247866417bd7ae5cb,0.22155688622754488,False,0.0
8,29,"not_(less_than_or_equal(pdiv(x[5],sub(64.54,x[5])),add(x[2],sub(add(sub(x[2],x[5]),add(x[5],sub(x[3],mul(x[7],pdiv(sub(x[0],x[5]),x[5]))))),x[2]))))",True,"greater_than_or_equal(sub(pdiv(x[0],mul(x[7],x[0])),x[2]), add(pdiv(x[5],pdiv(x[2],45.94)),x[7]))",0.6347305389221557,7c9297f6a16b0fdd01811c2278eab4ec,0.652694610778443,True,0.017964071856287345
8,29,"less_than_or_equal(mul(x[7],x[3]),add(x[7],x[5]))",True,"less_than_or_equal(x[2],x[2])",0.35928143712574845,bd082d42dcba8056510101f18394b575,0.35928143712574845,False,0.0
8,29,"greater_than_or_equal(pdiv(x[5],x[2]), x[2])",True,"less_than_or_equal(pdiv(mul(x[2],x[2]),x[5]),pdiv(x[7],x[7]))",0.3293413173652695,22afa71d30776c90154a85fa7bb55d4a,0.33532934131736525,True,0.0059880239520957446
8,29,"greater_than_or_equal(mul(sub(pdiv(x[5],x[5]),x[2]),add(mul(x[5],mul(x[7],x[2])),add(x[2],x[2]))), x[5])",False,,,01844bd376b492bca1308c52e73e9d67,0.5568862275449102,False,0.0
8,29,"greater_than_or_equal(x[5], mul(x[7],add(mul(add(mul(x[7],add(x[7],x[2])),x[2]),add(x[5],sub(x[5],x[5]))),add(add(x[7],x[0]),x[2]))))",True,"not_(less_than_or_equal(pdiv(x[3],x[7]),add(x[7],pdiv(x[3],x[5]))))",0.3293413173652695,74dce5cb961f14b3bdac896efda7926c,0.25149700598802394,True,-0.07784431137724557
8,29,"greater_than_or_equal(sub(pdiv(add(x[7],pdiv(x[7],x[0])),x[2]),x[5]), x[5])",False,,,1ffe5b8c843dceff51aa86d423733589,0.3892215568862275,False,0.0
8,29,"not_(less_than_or_equal(pdiv(x[5],x[5]),add(mul(x[2],x[5]),x[5])))",True,"greater_than_or_equal(pdiv(x[5],x[5]), add(mul(x[2],x[5]),x[5]))",0.2694610778443114,7f1c552431c0c46dd4efbf8ab3f863dd,0.2694610778443114,False,0.0
8,29,"greater_than_or_equal(pdiv(x[5],add(x[2],x[5])), mul(x[7],sub(x[5],sub(x[5],mul(x[2],x[5])))))",True,"greater_than_or_equal(pdiv(pdiv(x[5],x[5]),add(x[5],x[0])), x[2])",0.3413173652694611,5005b0c334820b72e1246e09cfc64254,0.3413173652694611,False,0.0
8,29,"greater_than_or_equal(pdiv(x[0],add(x[2],x[7])), x[5])",False,,,cefbfaabd7593065c1adf0b835e470a5,0.5449101796407185,False,0.0
8,29,"greater_than_or_equal(pdiv(x[5],x[5]), add(sub(x[5],pdiv(x[5],mul(x[7],add(x[3],x[5])))),sub(x[2],sub(pdiv(x[2],x[5]),mul(x[7],add(x[7],x[5]))))))",False,,,226d86da7633c23b77aca2f386428035,0.31137724550898205,False,0.0
8,29,"greater_than_or_equal(x[5], mul(x[7],add(x[5],mul(x[2],add(x[2],pdiv(mul(x[2],x[2]),add(x[2],x[2])))))))",False,,,0c7d56e34e9c22686626320dc91b39a9,0.2694610778443114,False,0.0
8,29,"greater_than_or_equal(pdiv(x[5],x[2]), mul(x[7],x[5]))",True,"less_than_or_equal(x[2],x[2])",0.35928143712574845,bd082d42dcba8056510101f18394b575,0.35928143712574845,False,0.0
8,29,"greater_than_or_equal(pdiv(x[5],add(add(x[2],add(x[2],x[5])),00.39)), mul(sub(add(add(x[0],x[2]),add(x[0],add(x[3],sub(x[2],pdiv(x[7],add(add(add(mul(add(x[3],x[5]),x[5]),add(x[2],x[5])),x[3]),x[2])))))),x[7]),x[7]))",False,,,b8dde78061acf591a4ede79524c5c32b,0.29940119760479045,False,0.0
8,29,"greater_than_or_equal(x[3], mul(x[7],add(x[7],x[7])))",True,"greater_than_or_equal(x[3], mul(x[7],add(x[7],x[7])))",0.26347305389221554,0d7214fa3d6f4eaa7662dbf3d34e2531,0.26347305389221554,False,0.0
8,29,"less_than_or_equal(x[3],mul(add(x[5],x[7]),x[2]))",False,,,3ee280796b4c49cbc4e752583fced34b,0.7005988023952097,False,0.0
8,29,"not_(less_than_or_equal(pdiv(x[5],add(add(x[7],x[0]),x[2])),x[5]))",True,"greater_than_or_equal(pdiv(x[5],x[5]), add(add(x[7],x[0]),x[2]))",0.20359281437125754,2c8ba4c0896bdabce262eefb429de9c2,0.20958083832335328,True,0.0059880239520957446
8,29,"greater_than_or_equal(sub(pdiv(x[2],x[3]),x[7]), sub(x[0],mul(x[5],x[5])))",False,,,ec88bc1d00f925e9d9c3c8409a7c7574,0.3892215568862275,False,0.0
8,29,"greater_than_or_equal(sub(pdiv(x[7],x[7]),x[5]), mul(x[5],add(x[7],mul(x[2],mul(x[5],add(x[5],x[5]))))))",True,"greater_than_or_equal(sub(pdiv(x[5],x[5]),mul(x[5],add(x[2],x[5]))), x[5])",0.3892215568862275,b7515592bb4ee304c81598e43311a165,0.29940119760479045,True,-0.08982035928143706
8,29,"greater_than_or_equal(pdiv(95.49,mul(x[7],add(x[5],x[2]))), x[5])",True,"less_than_or_equal(x[2],x[2])",0.35928143712574845,bd082d42dcba8056510101f18394b575,0.35928143712574845,False,0.0
8,29,"greater_than_or_equal(pdiv(x[5],sub(x[2],x[5])), mul(sub(mul(add(x[5],add(mul(x[7],add(mul(x[2],x[5]),x[2])),mul(x[7],x[2]))),x[2]),x[5]),x[5]))",True,"greater_than_or_equal(pdiv(x[5],sub(x[2],x[5])), mul(x[7],add(x[5],x[5])))",0.6407185628742516,2ea5989515ed2c8eb2bd7d675090a9cc,0.6407185628742516,False,0.0
8,29,"greater_than_or_equal(pdiv(90.05,40.40), x[0])",True,"less_than_or_equal(x[2],x[2])",0.35928143712574845,bd082d42dcba8056510101f18394b575,0.35928143712574845,False,0.0
8,29,"greater_than_or_equal(pdiv(x[5],mul(x[7],mul(add(mul(x[2],x[3]),x[5]),add(x[5],x[2])))), sub(mul(x[5],pdiv(x[5],x[5])),add(x[5],x[2])))",True,"less_than_or_equal(x[2],x[2])",0.35928143712574845,bd082d42dcba8056510101f18394b575,0.35928143712574845,False,0.0
8,29,"greater_than_or_equal(pdiv(mul(pdiv(x[2],mul(x[7],mul(add(pdiv(mul(x[3],x[3]),x[7]),x[5]),x[5]))),add(mul(x[5],add(x[2],pdiv(mul(x[2],x[2]),add(x[2],x[2])))),x[5])),x[5]), x[5])",False,,,87297967802cad0936ab3fa20570a316,0.46706586826347307,False,0.0
8,29,"less_than_or_equal(pdiv(pdiv(x[5],x[7]),pdiv(mul(x[5],sub(x[2],mul(x[2],x[7]))),mul(x[3],mul(mul(x[5],add(mul(add(sub(x[7],x[7]),add(x[5],add(x[0],99.79))),add(x[7],add(x[5],mul(x[7],add(x[5],x[2]))))),x[2])),x[5])))),sub(add(sub(x[5],mul(x[5],x[5])),add(x[7],x[2])),x[3]))",False,,,ca6a19b65e9607369527bd0fe8678c34,0.6646706586826348,False,0.0
8,29,"greater_than_or_equal(sub(pdiv(x[7],pdiv(mul(x[7],sub(x[2],pdiv(x[5],x[5]))),x[2])),add(mul(x[5],add(x[7],x[2])),add(x[2],x[2]))), x[5])",True,"greater_than_or_equal(x[2], pdiv(x[5],x[5]))",0.652694610778443,38d04e9716d0d4822bf3dbdceea9aa84,0.6467065868263473,True,-0.0059880239520957446
8,29,"greater_than_or_equal(sub(pdiv(x[5],x[5]),x[3]), mul(add(x[7],x[2]),add(x[2],add(x[5],pdiv(x[7],x[7])))))",False,,,2e9d1a3a8b71945118a81610fdeeb25d,0.5029940119760479,False,0.0
8,29,"greater_than_or_equal(pdiv(x[3],add(x[7],x[2])), x[2])",False,,,a66cfa678559dffcfe80db6000e707b8,0.32335329341317365,False,0.0
8,29,"greater_than_or_equal(x[2], mul(x[7],add(x[3],mul(x[2],x[7]))))",False,,,60c0850900a8b7471c2e62a764a5ee34,0.43113772455089816,False,0.0
8,29,"greater_than_or_equal(sub(pdiv(x[7],x[7]),x[3]), mul(x[5],x[2]))",False,,,17c16cb85bd1046cb8f8a21de57c22c7,0.32335329341317365,False,0.0
8,29,"greater_than_or_equal(sub(pdiv(pdiv(x[2],add(x[7],mul(x[7],sub(x[3],mul(x[2],sub(sub(x[5],x[5]),x[5])))))),x[2]),add(pdiv(x[7],x[7]),pdiv(93.22,x[5]))), x[7])",True,not_(x[6]),0.6347305389221557,b4068ba57b63c959651c969331c4b5cd,0.6347305389221557,False,0.0
8,29,"greater_than_or_equal(50.49, pdiv(add(x[7],x[2]),add(x[2],x[2])))",True,"less_than_or_equal(x[2],x[2])",0.35928143712574845,bd082d42dcba8056510101f18394b575,0.35928143712574845,False,0.0
8,29,"greater_than_or_equal(sub(pdiv(x[7],x[7]),x[7]), mul(x[2],pdiv(x[5],x[0])))",False,,,98457a2b1ac93bcc15f1d46f4591803c,0.21556886227544914,False,0.0
8,29,"greater_than_or_equal(pdiv(x[5],add(x[2],x[5])), mul(x[7],add(x[5],x[3])))",True,"greater_than_or_equal(sub(pdiv(x[5],x[5]),mul(x[7],add(x[7],x[2]))), x[3])",0.23952095808383234,28ec52dd7333cc1c240b9eacee8d6909,0.2455089820359282,True,0.005988023952095856
8,29,"greater_than_or_equal(sub(add(x[7],x[7]),x[7]), mul(x[2],pdiv(x[5],x[5])))",True,"less_than_or_equal(pdiv(add(x[2],x[5]),sub(x[2],x[7])),mul(mul(x[2],x[3]),mul(x[5],x[7])))",0.4730538922155688,6a9a868ce645e54c16a03959cbdb37f6,0.4730538922155688,False,0.0
8,29,"greater_than_or_equal(sub(pdiv(x[7],x[7]),x[7]), mul(x[7],add(pdiv(x[5],x[3]),92.04)))",True,not_(x[6]),0.6347305389221557,b4068ba57b63c959651c969331c4b5cd,0.6347305389221557,False,0.0
8,29,"greater_than_or_equal(x[3], mul(x[7],add(x[0],sub(sub(x[5],sub(x[0],x[7])),add(x[5],x[2])))))",True,"not_(less_than_or_equal(x[5],mul(sub(x[7],x[3]),pdiv(x[5],x[2]))))",0.38323353293413176,35cee6e5dcd0c029bebf47a715814b60,0.3652694610778443,True,-0.017964071856287456
8,29,"greater_than_or_equal(pdiv(sub(x[5],x[7]),x[2]), x[7])",True,"not_(less_than_or_equal(pdiv(x[5],add(x[2],x[7])),add(x[2],x[7])))",0.2694610778443114,080245d0c5557c2b7fe695c6972120c2,0.32335329341317365,True,0.053892215568862256
8,29,"greater_than_or_equal(sub(pdiv(x[5],x[7]),x[0]), mul(x[7],add(add(mul(add(x[0],mul(pdiv(x[7],mul(x[7],x[2])),mul(pdiv(00.20,x[7]),x[0]))),x[2]),sub(pdiv(add(x[7],x[2]),x[0]),00.69)),x[5])))",False,,,875691c318f66ec66efbe7686751c752,0.2455089820359282,False,0.0
8,29,"greater_than_or_equal(pdiv(x[5],add(mul(x[7],add(x[5],x[3])),x[5])), x[5])",False,,,ab375d174a5a07a160d1054a8504e94f,0.3293413173652695,False,0.0
8,29,"less_than_or_equal(x[7],x[2])",True,"less_than_or_equal(add(x[5],x[7]),add(x[5],x[2]))",0.5269461077844311,544b4f45aa71542bcadfaa9d165fdbeb,0.5269461077844311,False,0.0
8,29,"not_(less_than_or_equal(pdiv(x[7],sub(x[2],x[5])),add(add(x[7],x[0]),mul(pdiv(x[5],x[5]),mul(add(sub(x[7],x[0]),x[2]),mul(add(x[2],x[3]),x[7]))))))",False,,,61d9a617dc344ba2f6ce584ad9a0b813,0.6287425149700598,False,0.0
8,29,"greater_than_or_equal(x[5], mul(x[2],add(x[7],add(mul(sub(x[7],x[5]),mul(x[5],x[2])),x[5]))))",True,"not_(less_than_or_equal(pdiv(x[5],add(x[5],x[7])),x[2]))",0.281437125748503,6064d2196889eafb4a8a860c948d633a,0.28742514970059885,True,0.005988023952095856
8,29,"greater_than_or_equal(18.04, pdiv(x[3],x[7]))",True,"less_than_or_equal(sub(sub(x[3],x[5]),pdiv(x[7],mul(add(sub(x[7],x[7]),pdiv(x[5],x[2])),x[7]))),x[0])",0.3892215568862275,5918517f5c7939fc875812594d344b06,0.37125748502994016,True,-0.017964071856287345
8,29,"greater_than_or_equal(x[5], mul(x[2],add(add(x[7],mul(x[5],x[5])),x[5])))",False,,,f2412a5f6ec40bd249f6071f01d96b4e,0.23952095808383234,False,0.0
8,29,"greater_than_or_equal(x[2], mul(x[0],add(x[7],x[5])))",False,,,e42468f59aea1dc91495027b8a3b90d6,0.3652694610778443,False,0.0
8,29,"greater_than_or_equal(x[7], add(x[5],x[3]))",True,"less_than_or_equal(mul(mul(x[7],x[7]),add(x[5],x[2])),mul(sub(x[0],73.99),sub(add(x[3],x[5]),x[7])))",0.652694610778443,721b1938d3052e0a206dd8bb4c7199f3,0.652694610778443,False,0.0
8,29,"not_(less_than_or_equal(pdiv(x[5],x[5]),add(mul(x[5],add(x[7],x[2])),add(98.90,sub(x[5],mul(x[5],x[5]))))))",True,not_(x[6]),0.6347305389221557,b4068ba57b63c959651c969331c4b5cd,0.6407185628742516,True,0.005988023952095856
8,29,"less_than_or_equal(pdiv(pdiv(x[5],mul(x[7],mul(x[5],add(x[2],x[2])))),mul(add(x[7],x[2]),x[2])),x[5])",True,"less_than_or_equal(pdiv(pdiv(x[5],x[5]),add(mul(x[5],x[2]),x[2])),x[2])",0.688622754491018,70ddf3138aed398ea3f2cb2425c9e4af,0.6766467065868264,True,-0.0119760479041916
8,29,"greater_than_or_equal(pdiv(x[5],x[5]), add(x[7],mul(x[2],add(mul(pdiv(x[5],x[5]),add(x[2],pdiv(x[5],add(x[2],x[7])))),x[7]))))",False,,,4e7605b1a4e82c9924c48349e8c470c1,0.19161676646706582,False,0.0
8,29,"greater_than_or_equal(x[7], x[0])",True,"and_(less_than_or_equal(pdiv(x[0],x[0]),pdiv(x[7],x[7])),greater_than_or_equal(sub(x[2],x[2]), sub(x[0],x[7])))",0.45508982035928147,0c866f95d3c400cff6c51bdae200239a,0.45508982035928147,False,0.0
8,29,"greater_than_or_equal(add(add(x[5],x[3]),sub(pdiv(x[5],x[3]),x[2])), x[7])",False,,,4d97ecd0216b2a4a484d1c9884dc0223,0.31137724550898205,False,0.0
8,29,"greater_than_or_equal(pdiv(x[5],x[7]), add(x[7],sub(mul(x[7],add(x[2],x[5])),x[5])))",False,,,3738652b9a717cfd0d8cc62b6c386930,0.31137724550898205,False,0.0
8,29,"greater_than_or_equal(pdiv(x[5],add(x[2],x[5])), mul(x[3],add(x[5],x[3])))",False,,,30300285226bfc086c0fe425eac85ab8,0.37125748502994016,False,0.0
8,29,"greater_than_or_equal(x[2], x[5])",True,"less_than_or_equal(x[5],x[2])",0.652694610778443,6fb17002302e404122653cf2c68db553,0.652694610778443,False,0.0
8,29,"greater_than_or_equal(pdiv(sub(x[7],mul(x[5],pdiv(mul(x[7],add(x[2],x[5])),sub(x[2],x[7])))),add(x[5],x[7])), x[2])",False,,,b0c0efdd8eb63549dcc790dedf12bcc0,0.47904191616766467,False,0.0
8,29,"greater_than_or_equal(pdiv(sub(x[7],mul(x[7],x[2])),mul(x[5],mul(x[5],add(x[7],add(x[2],mul(mul(x[5],x[5]),x[7])))))), x[5])",False,,,8632a973a6e9fc0b3690eebbf2f15497,0.33532934131736525,False,0.0
8,29,"greater_than_or_equal(pdiv(x[5],add(x[2],x[5])), mul(x[7],add(x[2],x[5])))",True,"greater_than_or_equal(x[5], mul(mul(x[7],add(x[2],x[5])),add(x[2],x[5])))",0.19161676646706582,62389eccbd0ced0ad04dca28fa26521d,0.19161676646706582,False,0.0
8,29,"greater_than_or_equal(sub(add(x[5],x[5]),x[2]), add(mul(x[5],mul(x[3],x[5])),x[7]))",False,,,bf0834f06b9838b1c9d5ca5b8a56ed56,0.32335329341317365,False,0.0
8,29,"greater_than_or_equal(sub(mul(x[7],add(x[5],x[5])),sub(x[2],x[2])), sub(sub(add(x[2],x[5]),x[2]),add(x[2],x[3])))",False,,,bb547b5300b4715e889741a0f2987d1b,0.4011976047904192,False,0.0
8,29,"greater_than_or_equal(sub(x[2],x[5]), x[5])",True,"not_(greater_than_or_equal(add(x[5],x[5]), x[2]))",0.6586826347305389,b67783c92e859390ea0a70f112223d2c,0.6586826347305389,False,0.0
8,29,"greater_than_or_equal(sub(pdiv(x[5],x[7]),pdiv(x[2],x[5])), x[5])",True,"greater_than_or_equal(x[5], mul(x[7],add(x[2],pdiv(x[7],pdiv(x[5],add(x[2],x[7]))))))",0.25149700598802394,5f243721629fd173a761da2d9aa7d4ca,0.27544910179640714,True,0.0239520958083832
8,29,"not_(greater_than_or_equal(pdiv(x[5],x[5]), add(mul(x[2],add(x[7],sub(x[7],x[5]))),x[5])))",False,,,4e45a4292c0018b1856a9e830c7ef468,0.7664670658682635,False,0.0
8,29,"greater_than_or_equal(sub(pdiv(x[5],x[5]),x[2]), add(mul(x[5],mul(x[2],mul(add(x[5],x[2]),sub(mul(x[2],x[5]),x[5])))),pdiv(x[5],x[5])))",True,"greater_than_or_equal(pdiv(mul(x[5],x[2]),pdiv(x[2],x[5])), add(sub(x[7],x[7]),add(x[5],x[0])))",0.6107784431137724,ec48eb4aba9f475884bcf9e8f28adadc,0.6167664670658682,True,0.005988023952095856
8,29,"greater_than_or_equal(pdiv(x[5],add(x[2],x[5])), mul(pdiv(x[2],add(x[2],x[2])),x[5]))",True,"less_than_or_equal(x[2],x[2])",0.35928143712574845,bd082d42dcba8056510101f18394b575,0.35928143712574845,False,0.0
8,29,"greater_than_or_equal(sub(pdiv(x[5],x[5]),x[2]), x[5])",True,"not_(less_than_or_equal(pdiv(x[5],x[5]),add(x[5],x[2])))",0.2455089820359282,5825d6d8d32996f2f81bb41cc0bfa92f,0.2455089820359282,False,0.0
8,29,"greater_than_or_equal(add(add(mul(mul(pdiv(mul(x[7],x[5]),x[7]),x[3]),add(x[2],x[3])),x[5]),x[2]), x[5])",True,"less_than_or_equal(x[2],x[2])",0.35928143712574845,bd082d42dcba8056510101f18394b575,0.35928143712574845,False,0.0
8,29,"greater_than_or_equal(x[5], mul(x[7],pdiv(pdiv(x[5],x[5]),add(mul(x[5],add(x[7],x[2])),add(x[2],x[2])))))",False,,,0b6686ac361410d3e69741e012210499,0.5089820359281437,False,0.0
8,29,"not_(less_than_or_equal(pdiv(x[3],x[5]),x[5]))",True,"not_(less_than_or_equal(pdiv(x[3],x[5]),x[5]))",0.37125748502994016,178b0a082bb86ed246316c01bb19f07e,0.37125748502994016,False,0.0
8,29,"greater_than_or_equal(pdiv(x[5],add(add(x[2],add(x[2],x[5])),00.39)), mul(sub(add(add(x[0],x[2]),add(x[0],add(x[3],sub(x[2],pdiv(x[7],add(add(add(x[2],x[5]),add(pdiv(add(mul(x[5],add(x[7],sub(x[7],x[2]))),x[2]),x[5]),x[5])),x[5])))))),x[2]),add(sub(x[7],x[7]),pdiv(x[5],x[5]))))",False,,,844c299c8d3d79b93684b53a4dd900b5,0.4970059880239521,False,0.0
8,29,"greater_than_or_equal(add(x[7],x[7]), pdiv(x[3],x[2]))",False,,,84eb1d5fb9cc9f5a4095f42190335733,0.718562874251497,False,0.0
8,29,"greater_than_or_equal(x[5], mul(x[7],add(x[5],mul(x[2],add(mul(x[2],x[2]),x[5])))))",True,"greater_than_or_equal(x[5], mul(x[7],add(x[5],mul(x[2],add(sub(x[7],mul(x[5],x[5])),x[5])))))",0.23353293413173648,c74dcd7694239ef0a8be4a9497eeadb4,0.22754491017964074,True,-0.0059880239520957446
8,29,"greater_than_or_equal(pdiv(x[5],add(pdiv(add(x[2],x[7]),x[5]),add(x[3],x[7]))), add(add(x[2],mul(mul(x[5],x[5]),x[2])),add(sub(x[7],x[7]),pdiv(x[5],x[5]))))",True,not_(x[6]),0.6347305389221557,b4068ba57b63c959651c969331c4b5cd,0.6407185628742516,True,0.005988023952095856
8,29,"greater_than_or_equal(pdiv(x[2],add(x[7],x[5])), x[7])",False,,,e05795ec5d07d621c7b19107c1b55f40,0.4610778443113772,False,0.0
8,29,"greater_than_or_equal(pdiv(x[5],x[5]), add(mul(x[5],add(x[7],x[2])),add(x[2],x[2])))",True,"not_(less_than_or_equal(pdiv(x[5],x[5]),add(mul(x[5],add(x[7],x[2])),add(x[2],x[2]))))",0.18562874251497008,7dd04de0f09dcb78fab13d4ca363e3e0,0.18562874251497008,False,0.0
8,29,"greater_than_or_equal(x[5], mul(x[7],mul(mul(x[2],x[5]),x[5])))",True,"less_than_or_equal(x[2],x[2])",0.35928143712574845,bd082d42dcba8056510101f18394b575,0.35928143712574845,False,0.0
8,29,"greater_than_or_equal(sub(pdiv(x[5],x[7]),add(x[5],x[5])), mul(x[2],mul(add(x[5],mul(sub(mul(add(add(add(add(sub(sub(pdiv(add(sub(x[2],sub(pdiv(add(pdiv(x[7],sub(add(x[2],x[3]),x[2])),x[3]),x[5]),x[0])),mul(x[5],x[7])),add(x[5],x[5])),mul(x[0],add(x[5],x[2]))),pdiv(pdiv(x[5],x[2]),x[3])),pdiv(x[7],add(x[2],x[5]))),x[5]),x[2]),x[5]),mul(x[7],add(x[3],mul(x[5],add(x[2],add(x[2],x[2])))))),x[5]),add(add(sub(x[7],sub(x[7],x[5])),add(x[2],x[7])),x[3]))),x[7])))",False,,,df5d793d9b962075e411970b7b7a5b05,0.3652694610778443,False,0.0
8,29,"greater_than_or_equal(pdiv(x[5],add(49.79,mul(add(x[5],x[2]),x[5]))), x[2])",True,"greater_than_or_equal(pdiv(mul(x[5],x[2]),pdiv(x[2],x[5])), add(sub(x[7],x[7]),add(x[5],x[0])))",0.6107784431137724,ec48eb4aba9f475884bcf9e8f28adadc,0.6167664670658682,True,0.005988023952095856
8,29,"greater_than_or_equal(pdiv(x[5],add(x[2],x[5])), add(mul(x[7],add(x[2],mul(x[2],pdiv(x[5],mul(x[7],add(x[3],x[5])))))),sub(x[2],sub(pdiv(x[2],x[5]),mul(x[7],add(x[7],x[5]))))))",False,,,38ab234aa66bddfa9a17086a7355b398,0.23952095808383234,False,0.0
8,29,"greater_than_or_equal(92.04, add(x[2],x[5]))",True,"less_than_or_equal(x[2],x[2])",0.35928143712574845,bd082d42dcba8056510101f18394b575,0.35928143712574845,False,0.0
8,29,"greater_than_or_equal(mul(x[2],x[3]), x[5])",True,"greater_than_or_equal(pdiv(mul(x[2],x[7]),x[7]), pdiv(x[5],x[3]))",0.6706586826347305,2105a07d10f6f37bfbb4bfca3f395428,0.6706586826347305,False,0.0
8,29,"greater_than_or_equal(pdiv(x[5],x[2]), mul(x[7],add(add(pdiv(mul(x[3],x[3]),x[7]),x[5]),mul(x[7],mul(add(sub(pdiv(x[5],x[5]),x[2]),x[7]),sub(x[0],add(sub(x[2],x[5]),add(add(x[7],x[0]),x[2]))))))))",False,,,7573bd87309ee47eb7988fc26d95fa2e,0.3652694610778443,False,0.0
8,29,"greater_than_or_equal(pdiv(09.54,add(x[5],x[5])), mul(mul(pdiv(x[5],add(x[2],x[2])),x[5]),x[7]))",True,"less_than_or_equal(x[2],x[2])",0.35928143712574845,bd082d42dcba8056510101f18394b575,0.35928143712574845,False,0.0
8,29,"greater_than_or_equal(x[0], mul(x[3],x[5]))",True,"not_(less_than_or_equal(pdiv(x[0],x[5]),x[3]))",0.592814371257485,674a185d15b6d642436aa71a8c21a7e7,0.5868263473053892,True,-0.005988023952095856
8,29,"greater_than_or_equal(sub(pdiv(x[5],x[5]),x[2]), add(mul(x[0],x[2]),x[2]))",False,,,7f169c5826bf82ed0985d985f81a62bc,0.26347305389221554,False,0.0
8,29,"greater_than_or_equal(mul(add(add(x[0],x[7]),x[2]),x[5]), x[5])",True,"less_than_or_equal(sub(pdiv(x[7],x[7]),x[0]),add(x[2],add(x[7],x[0])))",0.7724550898203593,e04065fd6e8409427429a120f0f9c88f,0.7904191616766467,True,0.017964071856287456
8,29,"greater_than_or_equal(x[3], mul(x[7],add(x[7],sub(add(sub(x[3],mul(add(x[0],sub(add(x[5],x[7]),add(x[5],x[7]))),x[7])),x[5]),mul(54.93,add(x[2],x[5]))))))",True,"less_than_or_equal(x[2],x[2])",0.35928143712574845,bd082d42dcba8056510101f18394b575,0.35928143712574845,False,0.0
8,29,"greater_than_or_equal(sub(pdiv(x[5],x[7]),add(x[5],x[5])), mul(x[2],mul(mul(x[0],x[3]),mul(add(add(add(x[7],pdiv(x[2],mul(add(x[2],x[2]),x[2]))),add(x[2],x[3])),add(pdiv(x[3],pdiv(x[7],add(x[5],x[7]))),sub(x[3],add(pdiv(add(x[5],mul(pdiv(sub(x[5],add(sub(x[2],x[5]),add(add(x[7],x[0]),x[2]))),x[7]),x[2])),x[3]),x[7])))),sub(x[5],mul(x[5],x[5]))))))",True,"not_(less_than_or_equal(pdiv(x[5],x[7]),add(x[5],mul(x[7],add(x[5],x[0])))))",0.20958083832335328,f7e39d78e78cd83c657533c1cd2aaeee,0.23952095808383234,True,0.029940119760479056
8,29,"not_(less_than_or_equal(pdiv(x[5],x[5]),add(mul(pdiv(sub(sub(x[5],x[5]),mul(mul(pdiv(x[5],add(x[2],x[2])),x[5]),x[7])),add(x[5],x[2])),x[7]),sub(sub(x[5],mul(x[0],x[3])),mul(x[7],add(pdiv(x[5],pdiv(sub(sub(sub(x[2],x[2]),x[2]),x[5]),mul(x[7],add(x[7],x[5])))),x[5]))))))",True,"less_than_or_equal(x[2],x[2])",0.35928143712574845,bd082d42dcba8056510101f18394b575,0.35928143712574845,False,0.0
8,29,"greater_than_or_equal(pdiv(x[5],mul(add(x[7],x[2]),add(x[0],add(x[5],mul(x[7],add(x[2],add(x[5],x[0]))))))), mul(x[7],x[7]))",True,"greater_than_or_equal(sub(pdiv(add(x[5],x[5]),mul(x[7],x[5])),x[7]), add(mul(x[7],add(add(add(mul(add(x[2],pdiv(mul(x[3],add(x[2],x[7])),x[7])),pdiv(x[7],x[5])),x[3]),x[5]),x[7])),add(x[2],x[7])))",0.20958083832335328,4b65a19416e3d426ba8d1747f63d40ee,0.20958083832335328,False,0.0
8,29,"greater_than_or_equal(pdiv(x[5],x[5]), add(x[5],add(x[2],add(mul(x[5],x[7]),34.79))))",True,not_(x[6]),0.6347305389221557,b4068ba57b63c959651c969331c4b5cd,0.6407185628742516,True,0.005988023952095856
8,29,"greater_than_or_equal(sub(pdiv(sub(add(x[7],x[2]),add(mul(mul(x[7],add(x[7],x[2])),x[7]),x[5])),mul(x[7],x[5])),add(mul(x[7],x[7]),x[2])), 40.45)",True,"not_(greater_than_or_equal(mul(x[7],add(mul(x[5],add(44.95,x[7])),x[0])), x[2]))",0.6467065868263473,c29f666681bb6ea6b9cbeb497256221e,0.6407185628742516,True,-0.0059880239520957446
8,29,"greater_than_or_equal(add(x[7],mul(x[7],add(sub(x[5],x[0]),x[2]))), x[0])",False,,,b8fbacbc1a0ad369ae6dd4226d497eac,0.44311377245508987,False,0.0
8,29,"greater_than_or_equal(x[5], add(x[2],x[7]))",True,"greater_than_or_equal(x[5], mul(x[7],add(x[2],pdiv(x[5],x[5]))))",0.33532934131736525,bb5c1caa2e30ec7ef07b22f884640315,0.3892215568862275,True,0.053892215568862256
8,29,"not_(less_than_or_equal(pdiv(x[5],add(add(x[5],add(mul(x[7],add(x[5],x[2])),mul(x[7],add(x[7],x[5])))),mul(x[7],96.24))),x[5]))",True,not_(x[6]),0.6347305389221557,b4068ba57b63c959651c969331c4b5cd,0.6407185628742516,True,0.005988023952095856
8,29,"greater_than_or_equal(sub(pdiv(x[5],x[3]),add(x[5],x[5])), mul(x[2],add(pdiv(x[5],x[2]),mul(add(mul(sub(add(add(pdiv(x[5],x[5]),mul(x[2],add(x[5],x[7]))),add(add(x[0],x[7]),x[2])),x[0]),x[5]),x[5]),x[7]))))",False,,,f310463c7ece89e160f4b27bc4845e15,0.5449101796407185,False,0.0
8,29,"greater_than_or_equal(x[5], x[2])",True,"not_(not_(less_than_or_equal(x[2],x[5])))",0.34730538922155685,4af53f79d9ad2ffac455113b88a02dd4,0.34730538922155685,False,0.0
8,29,"greater_than_or_equal(pdiv(x[5],x[2]), x[5])",True,"not_(greater_than_or_equal(mul(x[7],x[2]), x[7]))",0.34730538922155685,f69cf4961d82af0c72c0014d2a401904,0.34730538922155685,False,0.0
8,29,"greater_than_or_equal(x[5], mul(x[7],add(x[5],mul(x[5],pdiv(add(x[7],mul(x[7],x[5])),sub(mul(add(x[5],x[0]),sub(x[5],mul(x[2],x[5]))),x[2]))))))",False,,,53f3724fcdd296129e61a5b74f686d5c,0.4011976047904192,False,0.0
8,29,"greater_than_or_equal(pdiv(pdiv(sub(x[0],x[3]),sub(pdiv(x[5],x[5]),x[2])),30.79), pdiv(add(x[5],x[7]),x[3]))",True,not_(x[6]),0.6347305389221557,b4068ba57b63c959651c969331c4b5cd,0.6467065868263473,True,0.0119760479041916
8,29,"greater_than_or_equal(x[5], mul(x[5],mul(x[7],add(mul(pdiv(x[0],pdiv(x[2],add(x[5],x[2]))),x[7]),sub(pdiv(x[5],x[5]),x[5])))))",False,,,67bf29821a340a05911a066aaa6b2c32,0.34730538922155685,False,0.0
8,29,"greater_than_or_equal(pdiv(x[5],x[7]), x[5])",True,"less_than_or_equal(x[2],x[2])",0.35928143712574845,bd082d42dcba8056510101f18394b575,0.35928143712574845,False,0.0
8,29,"greater_than_or_equal(sub(pdiv(x[3],x[7]),add(x[5],x[5])), mul(x[2],mul(mul(x[5],mul(x[7],add(add(add(x[7],sub(sub(add(sub(x[2],sub(pdiv(add(pdiv(x[7],sub(add(x[2],x[3]),x[2])),x[3]),x[5]),x[0])),mul(x[5],x[7])),add(x[5],x[5])),mul(x[2],add(x[5],x[0])))),add(add(x[0],x[7]),x[2])),x[5]))),x[5])))",False,,,09d5400ac99720d881bc58ee9d80630f,0.38323353293413176,False,0.0
8,29,"greater_than_or_equal(mul(add(add(x[0],x[7]),x[2]),x[5]), x[5])",True,"less_than_or_equal(sub(pdiv(x[7],x[7]),x[0]),add(x[2],add(x[7],x[0])))",0.7724550898203593,e04065fd6e8409427429a120f0f9c88f,0.7904191616766467,True,0.017964071856287456
8,29,"greater_than_or_equal(sub(pdiv(x[5],sub(50.79,x[3])),x[3]), pdiv(pdiv(x[5],x[2]),pdiv(add(x[2],x[5]),x[5])))",True,not_(x[6]),0.6347305389221557,b4068ba57b63c959651c969331c4b5cd,0.6407185628742516,True,0.005988023952095856
8,29,"greater_than_or_equal(add(x[7],mul(x[5],add(x[7],x[2]))), add(x[2],x[2]))",False,,,fb077f6551f597e5f85e760e74c3c393,0.49101796407185627,False,0.0
8,29,"greater_than_or_equal(x[7], mul(pdiv(x[7],x[7]),x[5]))",True,"greater_than_or_equal(x[7], x[5])",0.6107784431137724,793f9fa4aca1502cfe0a9ed6ab91b83c,0.6107784431137724,False,0.0
8,29,"greater_than_or_equal(x[5], pdiv(pdiv(mul(x[2],pdiv(x[7],x[7])),x[5]),pdiv(x[2],x[2])))",True,"greater_than_or_equal(mul(x[5],x[5]), x[2])",0.43113772455089816,27c9a0656cbf90b6dfaeb7687812c890,0.43113772455089816,False,0.0
8,29,"greater_than_or_equal(x[5], mul(x[7],mul(x[0],x[5])))",True,"less_than_or_equal(x[2],x[2])",0.35928143712574845,bd082d42dcba8056510101f18394b575,0.35928143712574845,False,0.0
8,29,"greater_than_or_equal(x[5], mul(x[7],add(add(add(x[3],mul(x[7],add(mul(x[5],sub(sub(sub(sub(x[2],x[2]),x[2]),x[5]),mul(x[7],add(x[7],x[5])))),x[5]))),x[2]),add(sub(x[7],x[7]),pdiv(x[5],x[5])))))",False,,,0ef5789f1073b7e1bf71c033f74edd3d,0.44311377245508987,False,0.0
8,29,"greater_than_or_equal(pdiv(x[5],mul(x[7],add(mul(pdiv(pdiv(x[2],x[3]),mul(x[7],add(x[5],x[2]))),x[7]),sub(add(x[5],sub(sub(sub(add(mul(pdiv(x[5],x[5]),add(x[7],add(mul(x[0],mul(19.09,add(x[5],x[5]))),x[5]))),x[7]),pdiv(x[5],x[5])),x[5]),x[2])),add(sub(x[7],x[7]),pdiv(x[5],x[5])))))), mul(mul(x[5],x[7]),pdiv(x[7],x[3])))",False,,,edf09d16b5da5e0fdbce820e2178eb70,0.5209580838323353,False,0.0
8,29,"greater_than_or_equal(sub(add(mul(mul(add(x[5],x[2]),x[2]),mul(x[5],x[2])),add(x[7],mul(x[7],sub(x[3],mul(x[2],sub(sub(x[5],x[5]),x[5])))))),x[2]), add(sub(x[7],x[7]),pdiv(x[5],x[5])))",False,,,593e3aaac4ec691a99983e1affc24143,0.7245508982035929,False,0.0
8,29,"greater_than_or_equal(sub(pdiv(x[7],x[5]),sub(x[7],sub(x[5],mul(x[5],x[5])))), add(x[7],x[2]))",True,"not_(less_than_or_equal(pdiv(x[5],x[5]),add(mul(x[5],add(x[5],add(x[2],x[2]))),x[5])))",0.4491017964071856,ad4c982e6704027f603db8b1b2be3fa4,0.41916167664670656,True,-0.029940119760479056
8,29,"greater_than_or_equal(x[5], mul(x[2],pdiv(x[7],add(mul(add(x[7],x[5]),add(pdiv(x[2],x[5]),add(add(x[7],x[0]),mul(pdiv(x[5],sub(06.96,x[0])),x[2])))),mul(add(x[2],x[3]),x[7])))))",True,"less_than_or_equal(x[2],x[2])",0.35928143712574845,bd082d42dcba8056510101f18394b575,0.3652694610778443,True,0.005988023952095856
8,29,"not_(less_than_or_equal(pdiv(x[5],x[5]),add(add(x[5],mul(add(x[7],add(x[2],add(x[5],x[5]))),mul(x[7],x[7]))),x[2])))",False,,,51c04dbb5ac17f2a3d0a3e022449f4ce,0.3293413173652695,False,0.0
8,29,"greater_than_or_equal(pdiv(x[5],add(x[2],x[7])), x[5])",True,"less_than_or_equal(add(mul(x[7],pdiv(x[5],x[5])),x[2]),add(sub(x[7],x[7]),pdiv(69.44,sub(x[3],x[3]))))",0.19161676646706582,14c6e007ad625f3839f568e9ee8a86e1,0.19161676646706582,False,0.0
8,29,"greater_than_or_equal(pdiv(x[5],x[0]), add(x[7],mul(add(mul(mul(x[7],add(add(x[2],x[5]),x[5])),x[5]),x[2]),add(sub(x[7],x[7]),pdiv(x[5],x[5])))))",False,,,7519fca1d4cd8cfd9fcc4d209c8cec44,0.32335329341317365,False,0.0
8,29,"greater_than_or_equal(x[3], mul(x[7],add(x[7],sub(add(sub(x[0],mul(add(mul(sub(sub(add(x[5],x[7]),add(x[5],x[0])),x[7]),x[5]),x[5]),x[2])),x[7]),sub(x[5],add(sub(x[2],sub(pdiv(add(add(x[7],x[0]),x[2]),x[7]),x[2])),x[3]))))))",False,,,b42b0439b22fb2439c18ae2a4347f8b2,0.3532934131736527,False,0.0
8,29,"greater_than_or_equal(sub(pdiv(x[7],x[7]),x[7]), mul(x[7],add(x[2],sub(x[3],92.04))))",True,"less_than_or_equal(x[2],x[2])",0.35928143712574845,bd082d42dcba8056510101f18394b575,0.35928143712574845,False,0.0
8,29,"greater_than_or_equal(x[2], x[2])",True,"less_than_or_equal(x[2],x[2])",0.35928143712574845,bd082d42dcba8056510101f18394b575,0.35928143712574845,False,0.0
8,29,"greater_than_or_equal(x[5], mul(x[7],x[7]))",True,"not_(less_than_or_equal(x[5],mul(x[7],x[7])))",0.3532934131736527,6208c2f2bc232c7eeeb665b7dcc66661,0.3532934131736527,False,0.0
8,29,"greater_than_or_equal(sub(pdiv(x[5],mul(x[7],x[3])),x[7]), x[5])",False,,,9f3a70b7fcc1fea3196e66eecb1e7af9,0.31137724550898205,False,0.0
8,29,"greater_than_or_equal(sub(pdiv(x[2],mul(x[7],add(x[5],x[5]))),mul(x[2],sub(mul(x[2],x[7]),x[5]))), x[0])",False,,,0e1e749f5377c43e470d30a32386cca4,0.34730538922155685,False,0.0
8,29,"greater_than_or_equal(pdiv(x[5],add(x[2],x[5])), mul(x[7],x[0]))",True,"not_(less_than_or_equal(pdiv(x[5],x[0]),x[0]))",0.35928143712574845,5372ceb8b23ce5e1dd3bf5c2fc3a57aa,0.34730538922155685,True,-0.0119760479041916
8,29,"greater_than_or_equal(sub(pdiv(x[5],add(x[7],x[5])),add(x[3],pdiv(x[7],add(x[2],x[5])))), x[5])",True,"less_than_or_equal(mul(pdiv(x[2],x[7]),mul(x[3],x[0])),mul(sub(x[0],x[7]),pdiv(x[3],x[0])))",0.6047904191616766,3dcd61327fdb33360e9b03a017985fb9,0.5868263473053892,True,-0.017964071856287456
8,29,"greater_than_or_equal(pdiv(x[5],add(x[2],x[5])), mul(add(mul(x[5],x[2]),add(mul(x[5],mul(x[3],x[5])),x[7])),add(x[0],x[5])))",False,,,dfc8ac4736a344204502b7c7dbd32898,0.21556886227544914,False,0.0
8,29,"greater_than_or_equal(sub(pdiv(x[5],add(x[5],x[2])),x[5]), x[2])",False,,,19c47109420da5b353aba05535390a38,0.40718562874251496,False,0.0
8,29,"greater_than_or_equal(sub(pdiv(x[5],x[5]),x[2]), add(sub(x[7],x[7]),pdiv(x[5],x[5])))",True,"greater_than_or_equal(pdiv(mul(x[5],x[2]),pdiv(x[2],x[5])), add(sub(x[7],x[7]),add(x[5],x[0])))",0.6107784431137724,ec48eb4aba9f475884bcf9e8f28adadc,0.6167664670658682,True,0.005988023952095856
8,29,"greater_than_or_equal(sub(pdiv(x[5],add(x[2],x[7])),mul(x[2],x[5])), mul(mul(x[5],x[7]),sub(x[7],mul(94.54,pdiv(x[5],mul(x[2],x[5]))))))",True,"less_than_or_equal(x[2],x[2])",0.35928143712574845,bd082d42dcba8056510101f18394b575,0.35928143712574845,False,0.0
8,29,"greater_than_or_equal(pdiv(x[5],x[5]), add(x[7],mul(x[7],x[0])))",True,"greater_than_or_equal(sub(pdiv(x[7],x[7]),x[7]), mul(x[0],x[7]))",0.3173652694610778,c04b0cc545011298a205e061fafca8a2,0.3173652694610778,False,0.0
8,29,"less_than_or_equal(x[5],mul(x[7],add(x[5],x[2])))",True,"less_than_or_equal(sub(pdiv(x[5],x[7]),x[2]),x[5])",0.7664670658682635,ddb8f2b80cae6cdf806f9c917c640108,0.7664670658682635,False,0.0
8,29,"greater_than_or_equal(09.39, pdiv(x[5],x[5]))",True,"less_than_or_equal(x[2],x[2])",0.35928143712574845,bd082d42dcba8056510101f18394b575,0.35928143712574845,False,0.0
8,29,"greater_than_or_equal(x[5], mul(x[7],sub(x[5],x[2])))",True,"less_than_or_equal(x[2],x[2])",0.35928143712574845,bd082d42dcba8056510101f18394b575,0.35928143712574845,False,0.0
8,29,"greater_than_or_equal(sub(pdiv(x[7],x[7]),x[7]), x[2])",True,"less_than_or_equal(add(mul(x[7],pdiv(x[5],x[5])),x[2]),add(sub(x[7],x[7]),pdiv(69.44,sub(x[3],x[3]))))",0.19161676646706582,14c6e007ad625f3839f568e9ee8a86e1,0.19161676646706582,False,0.0
8,29,"greater_than_or_equal(sub(pdiv(x[7],x[7]),x[7]), mul(x[7],add(x[7],x[7])))",True,"greater_than_or_equal(x[5], mul(x[7],add(x[5],x[5])))",0.2455089820359282,9545aae94dd0fcb8b281ddfedf2da4e6,0.2455089820359282,False,0.0
8,29,"greater_than_or_equal(sub(pdiv(x[7],x[5]),x[2]), add(mul(x[5],mul(x[0],x[2])),add(x[2],x[2])))",False,,,c69e392f72a6489a137fbf5d0a553c68,0.46706586826347307,False,0.0
8,29,"greater_than_or_equal(pdiv(x[3],add(x[2],pdiv(x[0],add(x[2],x[2])))), x[5])",False,,,c36e3441f3fe169a8016ea465ebff9d1,0.38323353293413176,False,0.0
8,29,"greater_than_or_equal(mul(pdiv(x[5],x[7]),add(x[5],x[7])), x[2])",True,"greater_than_or_equal(add(mul(x[0],x[2]),sub(x[5],x[0])), sub(sub(x[2],x[0]),mul(x[5],x[5])))",0.34730538922155685,fa36c7eff201c5964686ffd342c69e5e,0.33532934131736525,True,-0.0119760479041916
8,29,"less_than_or_equal(add(mul(x[7],add(x[7],mul(x[5],x[5]))),x[7]),x[2])",True,"greater_than_or_equal(00.69, pdiv(x[7],x[2]))",0.5389221556886228,970ab32b0dc32ec5b452caebf9ef2432,0.5149700598802396,True,-0.0239520958083832
8,29,"not_(less_than_or_equal(pdiv(pdiv(pdiv(42.24,mul(add(x[7],x[7]),x[2])),sub(pdiv(add(x[7],x[2]),x[0]),00.19)),x[5]),x[5]))",True,"less_than_or_equal(x[2],x[2])",0.35928143712574845,bd082d42dcba8056510101f18394b575,0.35928143712574845,False,0.0
8,29,"greater_than_or_equal(pdiv(x[0],x[3]), x[5])",True,"not_(less_than_or_equal(pdiv(x[0],x[5]),x[3]))",0.592814371257485,674a185d15b6d642436aa71a8c21a7e7,0.5868263473053892,True,-0.005988023952095856
8,29,"greater_than_or_equal(sub(pdiv(add(x[2],x[7]),x[3]),add(mul(x[7],x[3]),mul(x[3],add(x[7],x[7])))), pdiv(x[2],sub(x[7],x[7])))",False,,,09ffb0b33531d593c36ab89d415d6c68,0.6407185628742516,False,0.0
8,29,"greater_than_or_equal(x[5], mul(x[7],add(mul(sub(mul(x[7],add(x[7],x[2])),x[2]),add(x[5],sub(x[7],x[5]))),x[7])))",False,,,bf4b6a6b1df10e5541f584c424314ea6,0.28742514970059885,False,0.0
8,29,"greater_than_or_equal(pdiv(x[5],x[7]), add(x[5],mul(x[5],add(x[7],x[7]))))",True,"greater_than_or_equal(x[5], mul(x[7],add(x[5],x[5])))",0.2455089820359282,9545aae94dd0fcb8b281ddfedf2da4e6,0.2455089820359282,False,0.0
8,29,"less_than_or_equal(sub(x[7],x[7]),add(x[7],x[2]))",True,"less_than_or_equal(x[2],x[2])",0.35928143712574845,bd082d42dcba8056510101f18394b575,0.35928143712574845,False,0.0
8,29,"greater_than_or_equal(pdiv(x[5],99.24), x[5])",True,not_(x[6]),0.6347305389221557,b4068ba57b63c959651c969331c4b5cd,0.6347305389221557,False,0.0
8,29,"less_than_or_equal(sub(pdiv(x[7],x[7]),x[7]),mul(x[2],pdiv(pdiv(add(x[5],x[2]),add(mul(x[5],add(x[7],x[2])),add(x[2],x[2]))),x[5])))",False,,,fe977002b012267b0102465859b37258,0.7485029940119761,False,0.0
8,29,"greater_than_or_equal(x[0], x[5])",True,"less_than_or_equal(x[5],x[0])",0.6227544910179641,2aedc6e15176de9ec0c909a1a3b35796,0.6227544910179641,False,0.0
8,29,"not_(less_than_or_equal(pdiv(x[5],pdiv(pdiv(add(x[2],x[7]),x[5]),x[7])),add(x[3],x[7])))",True,"greater_than_or_equal(sub(pdiv(x[5],x[7]),mul(59.74,pdiv(x[3],pdiv(x[2],x[0])))), add(add(x[2],x[3]),add(x[2],x[5])))",0.6167664670658682,1fd25a18bf6ba29543e641c43e24da44,0.6467065868263473,True,0.029940119760479056
8,29,"greater_than_or_equal(pdiv(add(add(x[7],x[0]),x[2]),x[7]), x[2])",True,"less_than_or_equal(x[2],x[2])",0.35928143712574845,bd082d42dcba8056510101f18394b575,0.35928143712574845,False,0.0
8,29,"not_(less_than_or_equal(pdiv(x[5],mul(x[7],add(x[2],x[7]))),sub(sub(x[5],sub(x[0],add(x[5],x[7]))),add(mul(x[5],add(sub(add(x[7],x[5]),add(x[3],x[7])),add(add(x[2],x[5]),x[5]))),x[5]))))",False,,,d3b534fe77c9176c96eff179a397042d,0.34730538922155685,False,0.0
8,29,"greater_than_or_equal(pdiv(x[5],sub(sub(sub(sub(x[2],x[2]),x[2]),x[5]),mul(x[2],add(x[7],x[5])))), x[5])",True,not_(x[6]),0.6347305389221557,b4068ba57b63c959651c969331c4b5cd,0.6347305389221557,False,0.0
8,29,"greater_than_or_equal(pdiv(x[5],add(x[2],mul(add(x[5],x[2]),99.24))), mul(add(x[7],x[5]),x[5]))",True,not_(x[6]),0.6347305389221557,b4068ba57b63c959651c969331c4b5cd,0.6347305389221557,False,0.0
8,29,"greater_than_or_equal(x[5], mul(x[7],mul(mul(x[2],x[7]),add(sub(x[0],mul(x[5],sub(sub(add(x[5],x[7]),add(x[5],x[7])),add(sub(x[3],mul(x[5],sub(sub(add(x[5],x[7]),add(x[5],x[7])),x[7]))),x[7])))),add(x[7],x[5])))))",False,,,c04a2f030e2f8e0f099c95b36f1a3dd8,0.2455089820359282,False,0.0
8,29,"not_(less_than_or_equal(x[5],mul(x[5],mul(x[2],add(add(x[2],x[7]),x[5])))))",True,"not_(less_than_or_equal(pdiv(x[5],x[5]),mul(x[2],add(add(x[2],x[5]),mul(x[7],mul(add(x[5],add(pdiv(add(x[7],x[5]),x[2]),sub(mul(x[2],add(x[2],x[5])),x[7]))),x[2]))))))",0.25149700598802394,cc8146e6ef927323b83ab597f87fb13b,0.27544910179640714,True,0.0239520958083832
8,29,"greater_than_or_equal(pdiv(x[5],x[5]), add(x[7],mul(x[7],add(x[7],x[0]))))",True,"greater_than_or_equal(x[5], mul(x[7],add(x[5],x[5])))",0.2455089820359282,9545aae94dd0fcb8b281ddfedf2da4e6,0.20958083832335328,True,-0.03592814371257491
8,29,"greater_than_or_equal(x[3], mul(x[7],add(x[7],sub(sub(x[5],sub(x[0],x[2])),sub(mul(add(x[5],add(mul(x[7],add(mul(x[2],x[5]),x[2])),add(x[7],x[2]))),x[2]),x[5])))))",False,,,cfc2ab57d8128821733b666283ae224a,0.3772455089820359,False,0.0
8,29,"greater_than_or_equal(x[3], mul(x[2],mul(pdiv(x[5],x[5]),x[5])))",True,"greater_than_or_equal(x[3], mul(x[5],mul(x[2],x[5])))",0.32335329341317365,00a4693f1ebff735d05805e6ce2aec46,0.3413173652694611,True,0.017964071856287456
8,29,"greater_than_or_equal(pdiv(x[5],add(x[2],x[5])), sub(mul(x[5],x[5]),x[5]))",True,"less_than_or_equal(x[2],x[2])",0.35928143712574845,bd082d42dcba8056510101f18394b575,0.35928143712574845,False,0.0
8,29,"greater_than_or_equal(sub(pdiv(x[5],x[7]),add(x[5],x[3])), pdiv(x[2],add(x[7],mul(x[5],x[7]))))",True,"greater_than_or_equal(x[5], mul(x[7],add(x[7],add(x[3],x[7]))))",0.31137724550898205,92552161c5d20d1b9aa117454bb6ae16,0.3413173652694611,True,0.029940119760479056
8,29,"not_(less_than_or_equal(pdiv(x[7],x[2]),sub(mul(x[2],x[7]),x[5])))",True,"less_than_or_equal(x[2],x[2])",0.35928143712574845,bd082d42dcba8056510101f18394b575,0.35928143712574845,False,0.0
8,29,"greater_than_or_equal(sub(pdiv(x[5],x[3]),add(add(pdiv(x[3],x[7]),sub(x[5],mul(x[5],x[5]))),add(x[7],x[2]))), x[3])",False,,,ce10a7dab188a3ff60266fb83324e13e,0.5988023952095809,False,0.0
8,29,"not_(less_than_or_equal(pdiv(x[5],x[2]),add(mul(x[5],add(x[7],x[2])),mul(add(50.79,pdiv(mul(add(x[7],x[2]),sub(x[7],add(x[2],x[5]))),sub(x[2],x[7]))),add(x[5],x[7])))))",True,not_(x[6]),0.6347305389221557,b4068ba57b63c959651c969331c4b5cd,0.6287425149700598,True,-0.005988023952095856
8,29,"greater_than_or_equal(pdiv(x[5],x[5]), x[7])",True,"less_than_or_equal(x[2],x[2])",0.35928143712574845,bd082d42dcba8056510101f18394b575,0.35928143712574845,False,0.0
8,29,"greater_than_or_equal(sub(pdiv(x[5],x[5]),x[2]), add(mul(x[5],mul(x[0],add(x[2],x[7]))),x[5]))",True,"greater_than_or_equal(sub(pdiv(x[5],x[5]),x[2]), add(mul(x[0],mul(x[7],add(mul(x[7],add(x[2],x[2])),mul(x[5],mul(x[5],add(x[2],x[5])))))),x[5]))",0.22754491017964074,3e148ffe3f1fe8bba751881b38a553c6,0.23353293413173648,True,0.0059880239520957446
8,29,"greater_than_or_equal(mul(add(x[7],x[7]),sub(x[3],mul(x[5],sub(sub(add(x[5],x[7]),add(x[5],x[7])),x[7])))), x[7])",False,,,4030c2e66c66af44ff5cde62211ce2dd,0.47904191616766467,False,0.0
8,29,"greater_than_or_equal(x[3], mul(x[5],add(mul(x[7],add(x[5],mul(x[2],pdiv(x[5],mul(x[5],add(x[3],x[0])))))),sub(x[2],sub(pdiv(x[2],x[5]),mul(x[7],add(x[7],x[5])))))))",True,"not_(greater_than_or_equal(mul(x[5],add(add(sub(x[7],sub(x[3],mul(x[5],x[7]))),add(x[2],x[7])),x[2])), add(x[2],x[3])))",0.33532934131736525,6eb6ef00fc369500383976ed17d7b626,0.32335329341317365,True,-0.0119760479041916
8,29,"greater_than_or_equal(sub(pdiv(x[0],x[5]),x[5]), x[2])",True,"less_than_or_equal(x[5],x[0])",0.6227544910179641,2aedc6e15176de9ec0c909a1a3b35796,0.6047904191616766,True,-0.017964071856287456
8,29,"greater_than_or_equal(x[5], pdiv(mul(x[2],97.94),add(x[5],x[5])))",True,"greater_than_or_equal(pdiv(mul(x[5],x[2]),pdiv(x[2],x[5])), add(sub(x[7],x[7]),add(x[5],x[0])))",0.6107784431137724,ec48eb4aba9f475884bcf9e8f28adadc,0.6167664670658682,True,0.005988023952095856
8,29,"greater_than_or_equal(pdiv(x[3],add(x[7],x[2])), x[2])",True,"greater_than_or_equal(pdiv(x[3],add(x[7],x[2])), x[2])",0.32335329341317365,a66cfa678559dffcfe80db6000e707b8,0.32335329341317365,False,0.0
8,29,"greater_than_or_equal(pdiv(x[5],mul(x[7],add(mul(pdiv(pdiv(x[2],x[5]),mul(x[7],add(x[5],x[2]))),x[7]),sub(sub(x[5],sub(x[0],x[3])),mul(x[7],add(mul(x[5],sub(sub(sub(sub(x[2],x[2]),x[2]),x[5]),mul(x[7],add(x[7],x[5])))),x[5])))))), x[3])",False,,,9c80b68192ede1ab77bfb88d38052126,0.3293413173652695,False,0.0
8,29,"greater_than_or_equal(pdiv(x[5],add(x[2],x[5])), mul(x[7],sub(x[5],x[2])))",True,"less_than_or_equal(x[2],x[2])",0.35928143712574845,bd082d42dcba8056510101f18394b575,0.35928143712574845,False,0.0
8,29,"greater_than_or_equal(pdiv(x[3],pdiv(x[7],x[7])), pdiv(sub(x[5],sub(sub(add(x[5],x[7]),add(x[5],x[7])),x[7])),x[3]))",True,"less_than_or_equal(add(pdiv(84.89,mul(x[2],add(sub(x[7],pdiv(x[5],69.44)),sub(x[5],mul(x[3],x[3]))))),add(pdiv(x[7],x[7]),pdiv(x[3],x[5]))),x[2])",0.6107784431137724,92a3eaa505cbe9aca406887d1fd42634,0.6107784431137724,False,0.0
8,29,"greater_than_or_equal(x[5], mul(x[7],add(x[5],x[7])))",True,"greater_than_or_equal(x[5], mul(x[7],add(x[7],x[5])))",0.22754491017964074,051dec5cdded21754165aaf5f887a47e,0.22754491017964074,False,0.0
8,29,"greater_than_or_equal(pdiv(x[5],x[7]), x[0])",True,"not_(less_than_or_equal(pdiv(x[5],x[0]),x[0]))",0.35928143712574845,5372ceb8b23ce5e1dd3bf5c2fc3a57aa,0.3413173652694611,True,-0.017964071856287345
8,29,"not_(less_than_or_equal(pdiv(x[7],pdiv(pdiv(x[7],x[2]),x[2])),x[5]))",False,,,48e28df410f72835203298d279126212,0.652694610778443,False,0.0
8,29,"not_(greater_than_or_equal(x[7], x[7]))",True,not_(x[6]),0.6347305389221557,b4068ba57b63c959651c969331c4b5cd,0.6407185628742516,True,0.005988023952095856
8,29,"greater_than_or_equal(pdiv(x[5],x[2]), mul(x[7],add(add(pdiv(x[3],mul(x[5],add(x[7],mul(x[7],x[2])))),x[3]),x[5])))",False,,,07377d3aec34e1663fbb97066031f77f,0.3652694610778443,False,0.0
8,29,"greater_than_or_equal(mul(x[3],x[3]), x[7])",True,"greater_than_or_equal(x[3], pdiv(x[7],x[3]))",0.4251497005988024,58685e8f1d8416ca4b7dbbb9230b8100,0.4251497005988024,False,0.0
8,29,"less_than_or_equal(sub(pdiv(x[5],x[5]),x[2]),x[7])",True,"less_than_or_equal(pdiv(x[5],x[5]),add(x[2],x[7]))",0.8083832335329342,13bc325d64f36ba4cad976606f41f747,0.8083832335329342,False,0.0
8,29,"greater_than_or_equal(add(add(mul(x[7],add(x[2],x[2])),x[7]),add(add(mul(x[5],add(x[7],x[2])),add(x[2],x[2])),x[5])), x[5])",True,"less_than_or_equal(x[2],x[2])",0.35928143712574845,bd082d42dcba8056510101f18394b575,0.35928143712574845,False,0.0
8,29,"greater_than_or_equal(x[5], sub(add(x[2],add(x[2],x[0])),x[7]))",False,,,cf7c121ee0ea776efd7d6de456391593,0.4131736526946108,False,0.0
8,29,"greater_than_or_equal(sub(pdiv(x[7],x[7]),x[7]), mul(x[7],add(89.30,x[2])))",True,not_(x[6]),0.6347305389221557,b4068ba57b63c959651c969331c4b5cd,0.6347305389221557,False,0.0
8,29,"less_than_or_equal(x[2],x[5])",True,"not_(not_(less_than_or_equal(x[2],x[5])))",0.34730538922155685,4af53f79d9ad2ffac455113b88a02dd4,0.34730538922155685,False,0.0
8,29,"greater_than_or_equal(pdiv(x[5],x[5]), x[5])",True,"less_than_or_equal(x[2],x[2])",0.35928143712574845,bd082d42dcba8056510101f18394b575,0.35928143712574845,False,0.0
8,29,"greater_than_or_equal(pdiv(x[5],x[5]), add(mul(pdiv(pdiv(pdiv(x[2],pdiv(mul(x[2],x[2]),add(x[2],x[2]))),x[5]),add(x[7],mul(x[2],add(mul(pdiv(x[5],x[5]),add(x[2],x[7])),x[0])))),x[7]),x[2]))",False,,,96c78197f462fe8cfe72f4eb7cb95998,0.6107784431137724,False,0.0
8,29,"less_than_or_equal(sub(x[3],add(x[7],x[7])),mul(x[2],pdiv(x[5],x[5])))",False,,,558ebf76a0db0ab99eb3436a238a9900,0.46706586826347307,False,0.0
8,29,"less_than_or_equal(pdiv(x[5],add(x[2],mul(add(x[5],x[2]),x[5]))),50.79)",True,"less_than_or_equal(x[2],x[2])",0.35928143712574845,bd082d42dcba8056510101f18394b575,0.35928143712574845,False,0.0
8,29,"greater_than_or_equal(sub(pdiv(pdiv(x[2],x[5]),add(x[2],x[2])),sub(pdiv(x[5],x[7]),x[5])), x[3])",False,,,9b5c9dc2c57bb41a59e333f2d2f740bd,0.6107784431137724,False,0.0
8,29,"less_than_or_equal(x[7],x[7])",True,"less_than_or_equal(x[2],x[2])",0.35928143712574845,bd082d42dcba8056510101f18394b575,0.35928143712574845,False,0.0
8,29,"greater_than_or_equal(pdiv(pdiv(x[5],x[2]),pdiv(add(sub(mul(x[7],x[2]),add(x[3],x[2])),x[5]),x[5])), x[5])",False,,,79219aac2d9e26613bc98ace41102e32,0.5449101796407185,False,0.0
8,29,"greater_than_or_equal(pdiv(x[5],add(x[2],x[5])), mul(x[7],pdiv(x[5],x[2])))",False,,,578bb2cd26b4fa628bd9a4a99ed0126a,0.44311377245508987,False,0.0
8,29,"greater_than_or_equal(x[5], mul(mul(mul(x[7],x[2]),mul(x[2],add(89.98,sub(x[7],x[7])))),x[7]))",False,,,52a2f7d2339d0d45a5a379ea9d9b4e76,0.2694610778443114,False,0.0
8,29,"greater_than_or_equal(x[5], mul(sub(x[5],x[2]),x[2]))",True,"less_than_or_equal(x[2],x[2])",0.35928143712574845,bd082d42dcba8056510101f18394b575,0.35928143712574845,False,0.0
8,29,"greater_than_or_equal(sub(pdiv(x[5],add(x[5],x[7])),sub(29.79,pdiv(add(x[7],x[2]),x[3]))), x[5])",True,"not_(not_(less_than_or_equal(91.64,pdiv(x[2],pdiv(x[3],x[0])))))",0.6586826347305389,9f39b412647a2bed42ce034a15293284,0.6586826347305389,False,0.0
8,29,"greater_than_or_equal(sub(pdiv(x[5],x[5]),x[2]), x[7])",True,"less_than_or_equal(add(mul(x[7],pdiv(x[5],x[5])),x[2]),add(sub(x[7],x[7]),pdiv(69.44,sub(x[3],x[3]))))",0.19161676646706582,14c6e007ad625f3839f568e9ee8a86e1,0.19161676646706582,False,0.0
8,29,"greater_than_or_equal(pdiv(x[5],x[5]), x[5])",True,"less_than_or_equal(x[2],x[2])",0.35928143712574845,bd082d42dcba8056510101f18394b575,0.35928143712574845,False,0.0
8,29,"not_(less_than_or_equal(pdiv(x[5],x[5]),add(mul(x[5],mul(mul(x[7],sub(x[2],add(x[5],x[5]))),mul(x[7],x[0]))),x[2])))",True,"less_than_or_equal(x[2],x[2])",0.35928143712574845,bd082d42dcba8056510101f18394b575,0.3532934131736527,True,-0.0059880239520957446
8,29,"greater_than_or_equal(pdiv(x[5],x[5]), add(mul(x[5],add(x[7],x[2])),x[5]))",True,"greater_than_or_equal(sub(pdiv(x[5],x[5]),mul(x[5],add(x[2],x[5]))), x[5])",0.3892215568862275,b7515592bb4ee304c81598e43311a165,0.2934131736526946,True,-0.09580838323353291
8,29,"greater_than_or_equal(x[5], mul(mul(x[2],x[3]),mul(x[7],x[2])))",True,"greater_than_or_equal(pdiv(x[5],mul(x[7],mul(x[2],add(x[2],x[5])))), x[3])",0.3413173652694611,c402f23faa4dc3c20e1bb1a80f76f77d,0.33532934131736525,True,-0.005988023952095856
8,29,"greater_than_or_equal(x[5], x[5])",True,"less_than_or_equal(x[2],x[2])",0.35928143712574845,bd082d42dcba8056510101f18394b575,0.35928143712574845,False,0.0
8,29,"greater_than_or_equal(sub(pdiv(x[5],x[2]),x[5]), add(add(x[0],x[7]),add(x[0],00.69)))",False,,,397bb25b279c9feadd5ad51b314ab090,0.3413173652694611,False,0.0
8,29,"not_(less_than_or_equal(pdiv(x[5],mul(x[7],add(x[0],x[2]))),mul(mul(x[7],x[3]),pdiv(x[5],add(add(x[7],x[2]),sub(x[7],x[7]))))))",True,"less_than_or_equal(x[2],x[2])",0.35928143712574845,bd082d42dcba8056510101f18394b575,0.3652694610778443,True,0.005988023952095856
8,29,"greater_than_or_equal(x[5], sub(x[7],add(mul(mul(pdiv(x[5],add(x[2],x[7])),x[2]),x[2]),x[5])))",True,"greater_than_or_equal(add(mul(x[5],x[2]),add(x[5],x[5])), x[7])",0.32335329341317365,54bb1ff210ee94b1ca96a5aa46d07bad,0.3173652694610778,True,-0.005988023952095856
8,29,"not_(less_than_or_equal(x[5],mul(x[5],mul(x[2],add(add(98.99,x[2]),x[5])))))",True,"greater_than_or_equal(pdiv(mul(x[5],x[2]),pdiv(x[2],x[5])), add(sub(x[7],x[7]),add(x[5],x[0])))",0.6107784431137724,ec48eb4aba9f475884bcf9e8f28adadc,0.6167664670658682,True,0.005988023952095856
8,29,"greater_than_or_equal(sub(pdiv(x[5],x[5]),x[2]), add(mul(x[5],add(x[5],mul(x[7],mul(x[5],x[2])))),x[3]))",True,"not_(less_than_or_equal(pdiv(x[5],x[5]),add(mul(x[5],add(x[7],x[2])),add(x[2],x[3]))))",0.34730538922155685,768b16edf980ae6270bfb7172301b187,0.3892215568862275,True,0.041916167664670656
8,29,"greater_than_or_equal(x[7], mul(x[7],x[7]))",True,"less_than_or_equal(x[2],x[2])",0.35928143712574845,bd082d42dcba8056510101f18394b575,0.35928143712574845,False,0.0
8,29,"not_(less_than_or_equal(pdiv(x[5],add(pdiv(x[5],x[5]),add(pdiv(add(mul(x[0],x[3]),x[7]),add(mul(sub(x[2],x[7]),sub(x[2],x[7])),mul(x[2],x[2]))),pdiv(add(x[3],mul(x[7],add(x[0],x[7]))),add(x[5],x[2]))))),mul(x[3],x[7])))",False,,,ea29caddc611bb98d58c3142ddce3c35,0.4970059880239521,False,0.0
8,29,"greater_than_or_equal(pdiv(pdiv(x[5],x[2]),pdiv(add(x[2],x[5]),x[5])), x[7])",True,"greater_than_or_equal(pdiv(x[5],pdiv(x[2],x[5])), mul(x[7],add(x[5],x[2])))",0.29940119760479045,6d7712eb16cd9cb08b44d2e8f675270f,0.29940119760479045,False,0.0
8,29,"greater_than_or_equal(x[2], add(sub(x[7],sub(x[5],x[5])),x[5]))",True,"less_than_or_equal(add(x[5],x[7]),x[2])",0.6287425149700598,8ab50aa59a2767278dca8b76d2a3575f,0.6287425149700598,False,0.0
8,29,"greater_than_or_equal(x[5], mul(x[5],pdiv(x[5],x[7])))",True,"greater_than_or_equal(x[7], x[5])",0.6107784431137724,793f9fa4aca1502cfe0a9ed6ab91b83c,0.6107784431137724,False,0.0
8,29,"greater_than_or_equal(x[5], mul(x[7],add(x[0],x[2])))",True,"greater_than_or_equal(sub(pdiv(x[5],x[7]),x[2]), x[0])",0.32335329341317365,608e3fd5b4f48ec5fb45edbea2ae1556,0.32335329341317365,False,0.0
8,29,"greater_than_or_equal(x[5], mul(x[2],add(x[7],add(mul(add(x[7],x[5]),add(sub(x[2],05.94),x[0])),mul(pdiv(x[5],x[5]),x[5])))))",True,"less_than_or_equal(x[2],x[2])",0.35928143712574845,bd082d42dcba8056510101f18394b575,0.35928143712574845,False,0.0
8,29,"greater_than_or_equal(sub(x[5],x[5]), mul(x[2],mul(mul(x[2],x[7]),x[5])))",True,"greater_than_or_equal(pdiv(mul(x[5],x[2]),pdiv(x[2],x[5])), add(sub(x[7],x[7]),add(x[5],x[0])))",0.6107784431137724,ec48eb4aba9f475884bcf9e8f28adadc,0.6107784431137724,False,0.0
8,29,"greater_than_or_equal(add(x[5],x[2]), x[7])",True,"greater_than_or_equal(add(x[5],x[2]), x[7])",0.38323353293413176,6412fe182f7defc06678d0a1041106c2,0.38323353293413176,False,0.0
8,29,"greater_than_or_equal(pdiv(x[5],add(x[2],mul(x[5],mul(mul(add(x[5],x[2]),x[2]),x[5])))), x[7])",False,,,acd8879a5f6d9743e6d56dfcbec37f51,0.28742514970059885,False,0.0
8,29,"greater_than_or_equal(sub(pdiv(x[5],x[5]),x[2]), add(mul(x[5],x[7]),mul(x[7],add(x[2],x[2]))))",False,,,fd3b4cbbf0bf25940cd2f8bcdd1fedd0,0.20359281437125754,False,0.0
8,29,"greater_than_or_equal(sub(pdiv(x[7],x[7]),mul(mul(x[2],x[0]),x[7])), x[5])",False,,,9b1270087232c9565b0473badb6141ad,0.3053892215568862,False,0.0
8,29,"greater_than_or_equal(pdiv(x[5],add(x[2],x[5])), mul(add(mul(add(x[5],add(x[7],x[7])),pdiv(x[3],x[2])),pdiv(x[0],x[2])),x[5]))",False,,,1faafb0768031d9c21c5bec0d3e67e5c,0.5748502994011976,False,0.0
8,29,"not_(less_than_or_equal(pdiv(x[5],x[3]),add(x[5],mul(x[2],add(x[2],99.97)))))",False,,,02fee16f370e8f7bed78ba23a4eb8ed7,0.6347305389221557,False,0.0
8,29,"less_than_or_equal(pdiv(x[5],x[5]),add(x[7],mul(x[2],mul(x[3],pdiv(mul(x[7],pdiv(x[7],x[2])),x[2])))))",False,,,82fd753e0e1d6ad18aa497b0ff219cba,0.688622754491018,False,0.0
8,29,"greater_than_or_equal(pdiv(sub(x[7],mul(x[7],x[2])),mul(x[5],mul(x[5],pdiv(x[7],x[2])))), mul(sub(x[5],x[2]),x[5]))",False,,,399ca66bc4c2113abf07cd9609de6905,0.4491017964071856,False,0.0
8,29,"greater_than_or_equal(pdiv(x[5],mul(x[2],add(pdiv(pdiv(x[0],x[5]),x[7]),add(x[2],x[2])))), sub(x[7],x[7]))",True,"less_than_or_equal(x[2],x[2])",0.35928143712574845,bd082d42dcba8056510101f18394b575,0.35928143712574845,False,0.0
8,29,"greater_than_or_equal(sub(pdiv(x[7],x[7]),x[7]), add(mul(sub(add(add(pdiv(x[5],x[5]),mul(x[2],add(x[5],x[7]))),add(add(x[0],x[7]),x[2])),x[0]),x[5]),x[5]))",False,,,e6d83c513793bf048a08767ffa429bb9,0.562874251497006,False,0.0
8,29,"greater_than_or_equal(x[5], x[2])",True,"not_(not_(less_than_or_equal(x[2],x[5])))",0.34730538922155685,4af53f79d9ad2ffac455113b88a02dd4,0.34730538922155685,False,0.0
8,29,"greater_than_or_equal(pdiv(pdiv(x[7],x[7]),x[7]), mul(x[7],add(x[7],x[2])))",True,"greater_than_or_equal(x[5], mul(mul(x[7],mul(x[7],add(x[7],x[2]))),x[5]))",0.3652694610778443,0fef1e774eb26d9461906787685a8ae0,0.3652694610778443,False,0.0
8,29,"not_(less_than_or_equal(x[5],mul(x[5],mul(x[2],add(add(x[2],x[7]),x[7])))))",True,"greater_than_or_equal(x[5], mul(x[5],mul(add(x[2],add(x[7],x[7])),x[2])))",0.28742514970059885,1c17c262a2e74368be1a83768bc87ca4,0.2934131736526946,True,0.0059880239520957446
8,29,"greater_than_or_equal(pdiv(x[3],mul(add(x[2],mul(x[5],x[2])),pdiv(x[2],x[5]))), x[3])",True,"greater_than_or_equal(pdiv(x[5],pdiv(add(x[2],x[5]),x[5])), mul(x[5],x[2]))",0.28742514970059885,0803226314985e684579b7ad7da3df72,0.2934131736526946,True,0.0059880239520957446
8,29,"greater_than_or_equal(add(pdiv(x[7],add(x[5],x[5])),add(sub(mul(x[7],x[2]),mul(pdiv(x[5],x[7]),add(sub(x[7],add(x[5],add(add(x[7],x[2]),sub(x[7],x[7])))),x[7]))),add(mul(x[7],sub(x[2],x[5])),add(x[2],x[5])))), x[5])",True,"greater_than_or_equal(pdiv(pdiv(93.09,add(x[0],x[2])),x[3]), mul(add(x[3],x[5]),x[5]))",0.3652694610778443,6bb8d5060871277e9a414636c648605b,0.37125748502994016,True,0.005988023952095856
8,29,"greater_than_or_equal(09.69, pdiv(x[2],sub(pdiv(x[5],sub(mul(sub(x[2],x[7]),sub(x[2],x[7])),mul(add(mul(x[5],sub(sub(add(x[2],x[3]),x[2]),add(x[2],x[3]))),add(pdiv(x[3],pdiv(x[7],add(x[2],x[7]))),pdiv(x[3],x[7]))),x[3]))),x[5])))",True,"less_than_or_equal(x[2],x[2])",0.35928143712574845,bd082d42dcba8056510101f18394b575,0.35928143712574845,False,0.0
8,29,"not_(less_than_or_equal(pdiv(x[5],add(pdiv(x[2],add(x[7],x[2])),x[2])),x[5]))",True,"greater_than_or_equal(pdiv(x[7],add(x[7],x[2])), x[2])",0.37125748502994016,c2ca179aa5678b1933edbd41db07b5f4,0.3772455089820359,True,0.0059880239520957446
8,29,"greater_than_or_equal(x[5], mul(x[7],add(x[5],add(x[2],x[2]))))",True,"greater_than_or_equal(x[5], mul(x[7],add(add(sub(x[2],x[7]),add(x[5],x[7])),x[2])))",0.22155688622754488,884244d505af5ac033875410cbd98fe5,0.22155688622754488,False,0.0
8,29,"less_than_or_equal(x[5],mul(x[5],x[2]))",True,"greater_than_or_equal(x[2], pdiv(x[5],x[5]))",0.652694610778443,38d04e9716d0d4822bf3dbdceea9aa84,0.6467065868263473,True,-0.0059880239520957446
8,29,"greater_than_or_equal(x[7], mul(x[7],add(sub(x[7],sub(x[5],x[7])),x[5])))",True,"greater_than_or_equal(x[5], mul(x[7],add(x[5],x[5])))",0.2455089820359282,9545aae94dd0fcb8b281ddfedf2da4e6,0.2455089820359282,False,0.0
8,29,"greater_than_or_equal(pdiv(pdiv(x[5],x[2]),pdiv(add(add(x[7],x[2]),pdiv(x[7],add(x[7],x[2]))),x[2])), add(x[5],sub(x[5],x[5])))",False,,,c7ea4b3852f2cbc6e7db93409f269b23,0.4131736526946108,False,0.0
8,29,"greater_than_or_equal(pdiv(mul(x[5],x[2]),add(mul(x[5],mul(92.92,x[7])),add(add(x[2],x[3]),x[5]))), x[5])",True,not_(x[6]),0.6347305389221557,b4068ba57b63c959651c969331c4b5cd,0.6347305389221557,False,0.0
8,29,"greater_than_or_equal(sub(pdiv(pdiv(x[5],x[7]),x[7]),mul(x[5],x[2])), mul(sub(x[7],mul(x[7],add(pdiv(mul(x[5],mul(x[5],add(x[0],x[2]))),mul(x[7],x[7])),add(mul(x[5],sub(sub(sub(sub(x[7],x[2]),sub(pdiv(pdiv(mul(x[2],x[2]),sub(add(add(mul(64.50,x[2]),x[3]),add(pdiv(90.93,00.20),x[7])),x[7])),x[2]),mul(pdiv(add(x[7],x[2]),x[0]),00.69))),x[5]),x[5])),add(sub(x[5],x[5]),add(add(x[7],x[0]),x[2])))))),x[0]))",True,"less_than_or_equal(x[2],x[2])",0.35928143712574845,bd082d42dcba8056510101f18394b575,0.35928143712574845,False,0.0
8,29,"greater_than_or_equal(pdiv(x[5],add(x[2],add(pdiv(x[2],x[7]),x[5]))), x[2])",False,,,b0f9f6033127cd00981c01b183ca7dd2,0.3892215568862275,False,0.0
8,29,"greater_than_or_equal(mul(pdiv(x[5],x[7]),x[5]), sub(x[7],add(x[5],x[2])))",False,,,b17459aa3a06314a591f7b9b10bf09b0,0.3652694610778443,False,0.0
8,29,"greater_than_or_equal(x[5], mul(x[3],add(mul(mul(pdiv(x[5],x[5]),x[2]),x[2]),x[5])))",False,,,c4a96cc9c3735c658bc450e14fa6ed7b,0.3173652694610778,False,0.0
8,29,"greater_than_or_equal(x[2], mul(x[7],add(add(x[2],x[2]),x[5])))",False,,,a470a23eedfee460be15efa24d5d0831,0.4730538922155688,False,0.0
8,29,"not_(less_than_or_equal(pdiv(x[5],x[5]),add(x[7],mul(mul(x[7],add(x[2],add(x[5],x[5]))),mul(x[7],x[7])))))",True,"greater_than_or_equal(x[5], mul(x[5],mul(x[7],add(mul(add(x[7],x[2]),x[7]),x[7]))))",0.22754491017964074,eabd27413e4e8d46553f29ffd0755b4b,0.22155688622754488,True,-0.005988023952095856
8,29,"greater_than_or_equal(x[5], mul(x[7],add(x[5],mul(x[2],mul(x[5],add(x[7],sub(x[7],x[2])))))))",False,,,f23bdfcf617f0352dfedb8d0ba7de7aa,0.2455089820359282,False,0.0
8,29,"greater_than_or_equal(x[5], mul(mul(add(x[5],add(add(x[2],54.86),x[5])),add(sub(x[2],x[5]),add(add(x[7],x[0]),x[2]))),x[7]))",True,"greater_than_or_equal(x[5], mul(20.59,mul(x[2],x[7])))",0.4730538922155688,667cc26fb42a80bd880bbafd45215701,0.4970059880239521,True,0.02395209580838331
8,29,"greater_than_or_equal(pdiv(mul(mul(x[7],add(pdiv(x[5],x[5]),mul(x[5],sub(x[7],sub(x[5],mul(x[5],x[5])))))),add(x[7],x[2])),x[3]), x[5])",False,,,341e8a5189f0fbe76b25356ca806bbde,0.6766467065868264,False,0.0
8,29,"greater_than_or_equal(x[3], mul(mul(pdiv(add(x[7],mul(x[2],add(mul(pdiv(mul(x[3],x[5]),x[7]),add(x[2],x[5])),sub(x[2],mul(x[5],mul(x[7],add(mul(x[7],sub(x[7],mul(x[5],x[7]))),add(x[2],x[7])))))))),x[2]),add(x[2],x[3])),add(pdiv(x[3],pdiv(x[7],add(x[2],x[7]))),pdiv(x[3],x[7]))))",True,"less_than_or_equal(pdiv(pdiv(x[5],x[5]),add(x[0],x[7])),pdiv(mul(mul(x[5],x[5]),x[2]),add(sub(x[7],x[7]),pdiv(x[5],x[5]))))",0.6467065868263473,661fa06cf6abb651009153d06a5dd792,0.6407185628742516,True,-0.0059880239520957446
8,29,"greater_than_or_equal(sub(pdiv(x[5],x[5]),x[2]), add(mul(x[7],x[5]),x[5]))",True,"not_(less_than_or_equal(pdiv(sub(pdiv(x[5],x[5]),add(x[5],x[2])),x[5]),mul(x[7],add(x[7],x[2]))))",0.27544910179640714,2570cc0caa1a7eac1036761f030e6c28,0.3173652694610778,True,0.041916167664670656
8,29,"greater_than_or_equal(x[7], mul(x[0],add(x[7],add(mul(add(x[7],x[5]),add(sub(x[2],x[5]),add(add(x[7],x[0]),mul(pdiv(x[5],x[7]),sub(89.49,pdiv(x[3],x[5])))))),x[5]))))",False,,,1f415cff7bd2547163078181e7daf4b1,0.39520958083832336,False,0.0
8,29,"greater_than_or_equal(x[0], x[7])",True,"less_than_or_equal(x[7],x[0])",0.5449101796407185,be077d9307e8548c7420a3c3b9c6aaf2,0.5449101796407185,False,0.0
8,29,"greater_than_or_equal(pdiv(x[5],x[2]), mul(x[7],add(add(pdiv(mul(x[3],x[3]),x[7]),x[5]),mul(x[7],mul(add(mul(x[2],x[3]),x[5]),add(x[5],x[2]))))))",True,"greater_than_or_equal(pdiv(x[5],x[2]), mul(x[7],add(add(pdiv(mul(x[3],x[3]),x[7]),x[5]),mul(x[7],mul(add(mul(x[2],x[3]),x[5]),add(x[5],x[2]))))))",0.2574850299401198,b2fea8408d6e09a7ac0b8477a5cc6e30,0.2574850299401198,False,0.0
8,29,"greater_than_or_equal(x[5], mul(x[7],add(x[5],sub(add(x[2],x[5]),x[7]))))",False,,,d0d168c5879d2f9621be20241fbd548c,0.20958083832335328,False,0.0
8,29,"greater_than_or_equal(pdiv(19.04,47.93), mul(mul(x[5],x[7]),pdiv(x[7],x[3])))",False,,,9317616e85520c0397c49b0517e8f6ba,0.3053892215568862,False,0.0
8,29,"not_(less_than_or_equal(pdiv(x[7],x[2]),add(x[2],x[3])))",True,"not_(less_than_or_equal(pdiv(x[3],sub(x[7],x[7])),add(pdiv(x[2],add(x[7],x[0])),x[2])))",0.41916167664670656,bbab0954f0c97d37f1d8c9d14049458e,0.4251497005988024,True,0.005988023952095856
8,29,"greater_than_or_equal(sub(pdiv(x[3],x[5]),x[2]), add(mul(x[5],mul(x[7],x[5])),x[5]))",True,"greater_than_or_equal(sub(pdiv(x[5],x[5]),x[2]), mul(x[5],pdiv(mul(x[5],add(x[5],x[7])),x[3])))",0.3772455089820359,ff69afff1f62bb98c1a4b215d7706f9b,0.4610778443113772,True,0.08383233532934131
8,29,"greater_than_or_equal(pdiv(x[5],add(x[2],x[5])), mul(x[7],add(x[5],x[2])))",True,"greater_than_or_equal(x[5], mul(mul(x[7],add(x[2],x[5])),add(x[2],x[5])))",0.19161676646706582,62389eccbd0ced0ad04dca28fa26521d,0.19161676646706582,False,0.0
8,29,"greater_than_or_equal(pdiv(x[7],mul(x[7],add(mul(pdiv(pdiv(x[2],x[5]),mul(x[7],add(x[5],x[2]))),x[7]),sub(sub(x[5],sub(x[0],x[3])),mul(x[7],add(mul(x[5],sub(sub(sub(sub(x[2],x[2]),x[2]),x[5]),mul(x[7],add(x[5],x[5])))),x[5])))))), x[2])",False,,,98cbdff8998d683b3cec6b4e00d5efc5,0.28742514970059885,False,0.0
8,29,"greater_than_or_equal(pdiv(x[3],mul(mul(x[5],mul(x[5],add(mul(x[5],add(x[0],x[7])),pdiv(x[0],x[2])))),x[2])), 19.04)",False,,,d9d81501ff6a2f1bcaa26dee296c7dc9,0.44311377245508987,False,0.0
8,29,"greater_than_or_equal(sub(pdiv(x[3],x[5]),x[2]), add(mul(x[5],x[2]),pdiv(x[5],pdiv(add(x[7],mul(x[5],x[3])),mul(add(x[5],x[7]),x[2])))))",False,,,854c044519596b4e9bcb59730f047565,0.3413173652694611,False,0.0
8,29,"greater_than_or_equal(x[3], mul(x[7],add(x[5],x[2])))",True,"greater_than_or_equal(sub(pdiv(x[3],x[7]),x[2]), x[5])",0.2934131736526946,f37b192ee68e8c22b6377054abcd1642,0.2934131736526946,False,0.0
8,29,"greater_than_or_equal(pdiv(x[5],add(x[2],x[5])), mul(sub(mul(add(x[5],add(mul(35.99,x[0]),mul(x[7],add(x[5],mul(x[5],add(x[7],mul(x[0],x[3]))))))),x[7]),add(sub(sub(x[2],64.11),sub(mul(x[2],x[2]),pdiv(add(x[3],mul(x[7],add(x[0],x[7]))),add(pdiv(57.94,x[7]),x[7])))),add(x[7],x[5]))),x[3]))",True,"not_(not_(less_than_or_equal(91.64,pdiv(x[2],pdiv(x[3],x[0])))))",0.6586826347305389,9f39b412647a2bed42ce034a15293284,0.652694610778443,True,-0.005988023952095856
8,29,"greater_than_or_equal(pdiv(x[5],x[5]), mul(x[2],x[5]))",True,"less_than_or_equal(x[2],x[2])",0.35928143712574845,bd082d42dcba8056510101f18394b575,0.35928143712574845,False,0.0
8,29,"greater_than_or_equal(sub(pdiv(pdiv(x[2],x[0]),x[7]),add(pdiv(x[5],x[3]),x[7])), x[2])",False,,,2b6fc845feb2b2fdf0dbcb4185aa8422,0.31137724550898205,False,0.0
8,29,"greater_than_or_equal(sub(x[5],x[2]), add(mul(x[5],mul(mul(x[5],x[2]),sub(pdiv(add(pdiv(x[7],x[5]),x[2]),x[0]),98.97))),x[0]))",False,,,75fde38f180d1708baf67fca29ffa287,0.3293413173652695,False,0.0
8,29,"greater_than_or_equal(add(x[2],mul(add(x[2],x[3]),x[7])), sub(x[5],mul(x[5],x[5])))",True,"less_than_or_equal(x[5],mul(x[7],add(add(pdiv(x[2],x[7]),add(x[5],x[7])),mul(sub(pdiv(x[5],x[7]),x[0]),add(x[0],mul(x[5],add(x[2],x[3])))))))",0.4970059880239521,3533a1c9315f1fe7b8de5ff38dcd8b8b,0.4491017964071856,True,-0.04790419161676651
8,29,"greater_than_or_equal(x[5], mul(x[2],add(x[7],add(mul(add(x[7],x[5]),add(sub(x[2],x[5]),add(add(x[3],add(add(mul(pdiv(x[5],x[5]),x[2]),sub(x[7],x[2])),x[5])),x[2]))),add(x[7],x[0])))))",False,,,1ff02b69754200a54fdf98fec4eb97f9,0.28742514970059885,False,0.0
8,29,"greater_than_or_equal(pdiv(sub(x[7],mul(x[7],x[2])),sub(x[5],mul(x[5],add(x[0],x[2])))), sub(x[7],x[7]))",False,,,55b181534d46fb993673a94e286ab1de,0.35928143712574845,False,0.0
8,29,"not_(less_than_or_equal(pdiv(x[5],mul(x[7],add(x[2],x[7]))),sub(sub(x[5],sub(x[0],add(x[5],x[7]))),add(mul(x[5],sub(sub(sub(sub(x[2],mul(pdiv(x[2],x[5]),mul(x[7],add(x[7],sub(add(x[2],x[2]),x[2]))))),add(mul(pdiv(x[3],mul(pdiv(x[3],pdiv(x[7],add(x[2],x[7]))),pdiv(x[5],x[7]))),x[3]),x[5])),x[5]),add(x[2],x[5]))),x[5]))))",False,,,9c5c3945f343ce8aca356cb8cfb76c12,0.28742514970059885,False,0.0
8,29,"greater_than_or_equal(sub(mul(x[7],add(pdiv(x[2],x[7]),x[5])),x[2]), add(x[7],mul(x[7],sub(x[3],mul(x[2],sub(sub(x[5],x[5]),x[5]))))))",True,not_(x[6]),0.6347305389221557,b4068ba57b63c959651c969331c4b5cd,0.6407185628742516,True,0.005988023952095856
8,29,"greater_than_or_equal(sub(pdiv(x[5],mul(mul(add(x[5],x[2]),x[2]),x[5])),add(add(sub(x[5],mul(x[5],x[5])),add(x[7],x[2])),x[3])), x[5])",False,,,dad8c02048920b1dcff138bebd2dfc8e,0.2694610778443114,False,0.0
8,29,"not_(less_than_or_equal(pdiv(x[5],x[5]),add(mul(sub(pdiv(add(add(pdiv(x[2],add(x[2],x[2])),x[5]),x[5]),x[5]),x[2]),add(sub(x[7],x[7]),pdiv(x[5],x[5]))),mul(mul(x[5],x[7]),pdiv(x[7],x[3])))))",True,not_(x[6]),0.6347305389221557,b4068ba57b63c959651c969331c4b5cd,0.6347305389221557,False,0.0
8,29,"greater_than_or_equal(x[5], mul(x[0],add(x[7],x[0])))",False,,,7c44aef7e0a329422252ea9da2406f2a,0.35928143712574845,False,0.0
8,29,"greater_than_or_equal(sub(pdiv(x[5],x[7]),add(x[5],x[5])), mul(x[2],sub(x[2],pdiv(pdiv(x[3],mul(x[5],add(sub(mul(sub(mul(x[7],add(mul(x[0],x[5]),x[3])),mul(x[5],add(x[2],x[2]))),x[3]),x[5]),x[5]))),add(x[2],x[5])))))",False,,,613f5fb33e26019d141e0fdbddf8d461,0.47904191616766467,False,0.0
8,29,"less_than_or_equal(pdiv(x[5],x[7]),x[2])",True,"not_(less_than_or_equal(mul(x[7],add(x[2],x[2])),add(x[5],x[5])))",0.6646706586826348,b98fd4b1abc55a8bd945f52cf650a117,0.6646706586826348,False,0.0
8,29,"greater_than_or_equal(x[7], mul(x[7],x[2]))",True,"not_(greater_than_or_equal(mul(x[7],x[2]), x[7]))",0.34730538922155685,f69cf4961d82af0c72c0014d2a401904,0.34730538922155685,False,0.0
8,29,"greater_than_or_equal(x[5], sub(x[7],sub(x[5],mul(x[2],x[7]))))",True,"greater_than_or_equal(x[5], sub(x[7],pdiv(x[5],pdiv(add(x[2],x[2]),mul(x[5],x[5])))))",0.3293413173652695,012cf7faf6bf213502e26f225888a91c,0.32335329341317365,True,-0.005988023952095856
8,29,"greater_than_or_equal(pdiv(x[5],mul(x[7],add(x[2],x[5]))), mul(x[2],mul(x[5],mul(x[7],add(mul(x[7],sub(x[7],add(x[5],x[7]))),add(x[5],add(x[7],mul(x[0],x[3]))))))))",True,"greater_than_or_equal(pdiv(pdiv(x[5],x[5]),add(x[5],x[0])), x[2])",0.3413173652694611,5005b0c334820b72e1246e09cfc64254,0.3413173652694611,False,0.0
8,29,"greater_than_or_equal(pdiv(x[3],sub(pdiv(mul(x[5],pdiv(sub(add(x[2],x[7]),x[2]),add(x[2],x[3]))),add(pdiv(x[3],pdiv(x[7],add(x[2],x[0]))),pdiv(x[3],x[7]))),x[3])), x[5])",False,,,6a7e7fb3d721edaf24aab357bcd4f4f6,0.6407185628742516,False,0.0
8,29,"greater_than_or_equal(x[5], mul(x[2],mul(x[7],add(mul(x[7],pdiv(x[2],x[5])),mul(x[2],mul(sub(92.02,x[7]),sub(x[2],add(mul(add(x[5],x[2]),x[5]),x[7]))))))))",False,,,976924b6003b501a013e913e5d5a32c0,0.3652694610778443,False,0.0
8,29,"greater_than_or_equal(pdiv(x[5],add(x[2],mul(add(x[5],pdiv(x[5],mul(mul(add(x[5],x[2]),x[2]),x[5]))),x[7]))), sub(x[5],mul(x[5],x[5])))",False,,,8d8a38cc532871901145933f4a161b02,0.5209580838323353,False,0.0
8,29,"greater_than_or_equal(add(x[5],x[7]), sub(x[7],mul(x[5],sub(sub(add(x[5],x[7]),add(pdiv(x[3],x[5]),mul(x[7],add(x[7],x[5])))),x[5]))))",False,,,dbf229532dd9d30f3b4b28a9082d1425,0.44311377245508987,False,0.0
8,29,"greater_than_or_equal(pdiv(pdiv(x[3],x[2]),pdiv(add(x[2],x[7]),x[5])), pdiv(99.59,mul(sub(x[5],x[5]),add(add(x[7],x[0]),x[2]))))",False,,,923d973481e7074dc3a62205ed15d4b0,0.35928143712574845,False,0.0
8,29,"greater_than_or_equal(x[5], mul(x[2],add(x[3],x[2])))",True,"greater_than_or_equal(sub(pdiv(x[5],x[2]),x[2]), x[3])",0.32335329341317365,c5fcb0d116a01769c8bb9b5404f6dac9,0.32335329341317365,False,0.0
8,29,"not_(less_than_or_equal(pdiv(pdiv(pdiv(x[3],x[3]),mul(x[3],x[5])),x[5]),mul(x[0],mul(pdiv(x[2],x[0]),add(add(x[2],x[3]),x[5])))))",True,"not_(less_than_or_equal(pdiv(x[5],x[5]),mul(x[2],add(sub(x[7],x[7]),add(pdiv(pdiv(x[3],sub(mul(x[3],x[5]),x[5])),x[3]),add(x[7],x[0]))))))",0.35928143712574845,77e2471a5ac83931e3439de62f3a457a,0.3532934131736527,True,-0.0059880239520957446
8,29,"greater_than_or_equal(pdiv(x[3],mul(add(x[7],x[7]),x[2])), sub(pdiv(add(x[7],x[2]),x[0]),00.62))",False,,,e8872682217dbe3b4ad9cb204aaa3501,0.2574850299401198,False,0.0
8,29,"greater_than_or_equal(pdiv(x[5],pdiv(add(x[2],add(x[2],x[5])),00.37)), mul(sub(add(add(x[0],x[2]),add(x[0],add(x[3],mul(x[2],mul(x[7],add(add(add(x[5],x[3]),x[0]),x[5])))))),add(x[2],x[5])),x[5]))",False,,,660d983301d4b2c8bab7e52283c6f5cf,0.33532934131736525,False,0.0
8,29,"greater_than_or_equal(x[2], mul(x[7],mul(x[5],add(x[7],x[2]))))",True,"less_than_or_equal(mul(mul(x[7],x[7]),add(x[5],x[5])),x[2])",0.3892215568862275,a3eabe66e4b477a58dcd40fa58491de4,0.3413173652694611,True,-0.0479041916167664
8,29,"greater_than_or_equal(sub(pdiv(x[5],x[7]),mul(pdiv(x[5],x[5]),x[5])), x[5])",True,"greater_than_or_equal(x[5], mul(x[7],add(x[5],x[5])))",0.2455089820359282,9545aae94dd0fcb8b281ddfedf2da4e6,0.2455089820359282,False,0.0
8,29,"greater_than_or_equal(x[5], mul(x[7],add(x[5],x[2])))",True,"greater_than_or_equal(x[5], mul(x[7],add(x[5],x[2])))",0.23353293413173648,49521aab13419e9d4582e656c37790ef,0.23353293413173648,False,0.0
8,29,"greater_than_or_equal(x[2], x[2])",True,"less_than_or_equal(x[2],x[2])",0.35928143712574845,bd082d42dcba8056510101f18394b575,0.35928143712574845,False,0.0
8,29,"greater_than_or_equal(x[5], mul(mul(pdiv(x[2],sub(pdiv(x[5],x[5]),x[2])),mul(x[5],pdiv(mul(x[5],add(x[5],x[7])),x[3]))),add(mul(pdiv(add(x[5],x[2]),x[3]),63.40),add(add(x[2],x[3]),add(x[2],x[5])))))",False,,,71416a7223d234bc5fe770052549c889,0.6167664670658682,False,0.0
8,29,"greater_than_or_equal(pdiv(x[5],x[5]), add(x[7],x[2]))",True,"less_than_or_equal(add(mul(x[7],pdiv(x[5],x[5])),x[2]),add(sub(x[7],x[7]),pdiv(69.44,sub(x[3],x[3]))))",0.19161676646706582,14c6e007ad625f3839f568e9ee8a86e1,0.19161676646706582,False,0.0
8,29,"not_(less_than_or_equal(pdiv(x[5],add(x[7],x[7])),x[7]))",True,"greater_than_or_equal(x[5], mul(x[7],add(x[7],x[7])))",0.26347305389221554,94282a7a6b76cc442b45c7114793e867,0.26347305389221554,False,0.0
8,29,"not_(less_than_or_equal(pdiv(x[5],x[5]),add(mul(x[5],add(x[7],sub(x[7],sub(pdiv(x[2],x[5]),x[5])))),x[5])))",False,,,593320582483d5d47dfc2fabd008d023,0.437125748502994,False,0.0
8,29,"greater_than_or_equal(pdiv(x[5],pdiv(x[2],x[5])), mul(x[7],add(x[5],x[2])))",True,"greater_than_or_equal(pdiv(x[5],pdiv(x[2],x[5])), mul(x[7],add(x[5],x[2])))",0.29940119760479045,6d7712eb16cd9cb08b44d2e8f675270f,0.29940119760479045,False,0.0
8,29,"greater_than_or_equal(pdiv(x[5],x[7]), add(mul(sub(x[2],mul(add(add(x[0],x[2]),x[2]),x[7])),x[3]),x[7]))",False,,,495f0c96ee0800c95cef12079530a372,0.33532934131736525,False,0.0
8,29,"greater_than_or_equal(sub(pdiv(sub(add(x[5],add(mul(x[7],add(mul(x[2],x[5]),x[2])),add(x[7],x[2]))),x[2]),x[5]),pdiv(x[2],x[0])), add(add(x[2],x[3]),add(x[2],x[5])))",False,,,519bc602dc365223171e983ba0da932e,0.6107784431137724,False,0.0
8,29,"greater_than_or_equal(pdiv(x[5],add(x[2],sub(12.04,mul(x[2],mul(add(mul(x[7],add(x[7],x[2])),x[7]),x[5]))))), mul(x[7],x[2]))",True,"greater_than_or_equal(pdiv(x[5],add(pdiv(add(x[7],mul(x[7],x[5])),x[2]),x[5])), x[2])",0.35928143712574845,c68c77e4dd6b752f9b88ddab3a287b61,0.35928143712574845,False,0.0
8,29,"not_(less_than_or_equal(pdiv(x[5],mul(add(x[5],x[2]),x[2])),x[5]))",True,"not_(less_than_or_equal(pdiv(x[5],x[2]),mul(x[5],add(x[5],x[2]))))",0.31137724550898205,142cae9b2b777b572b7a8767ad22e3d8,0.31137724550898205,False,0.0
8,29,"greater_than_or_equal(x[5], mul(x[2],x[5]))",True,"not_(greater_than_or_equal(mul(x[7],x[2]), x[7]))",0.34730538922155685,f69cf4961d82af0c72c0014d2a401904,0.34730538922155685,False,0.0
8,29,"greater_than_or_equal(pdiv(x[5],x[0]), pdiv(x[7],mul(54.45,x[5])))",True,"not_(less_than_or_equal(pdiv(x[5],x[0]),x[0]))",0.35928143712574845,5372ceb8b23ce5e1dd3bf5c2fc3a57aa,0.3532934131736527,True,-0.0059880239520957446
8,29,"greater_than_or_equal(sub(pdiv(x[5],x[0]),add(x[5],x[7])), add(mul(pdiv(x[5],add(pdiv(pdiv(x[5],x[2]),sub(add(x[7],x[2]),x[3])),x[5])),x[5]),add(x[2],x[5])))",False,,,bc6ddb836d94d01c747d2cdb41d6595e,0.5449101796407185,False,0.0
8,29,"greater_than_or_equal(sub(pdiv(x[7],x[3]),add(x[7],x[2])), x[3])",False,,,b8ae87d2310920c60b146e122a32ef50,0.6167664670658682,False,0.0
8,29,"greater_than_or_equal(pdiv(x[7],x[7]), mul(x[7],97.94))",True,not_(x[6]),0.6347305389221557,b4068ba57b63c959651c969331c4b5cd,0.6347305389221557,False,0.0
8,29,"greater_than_or_equal(pdiv(x[5],add(x[2],mul(02.04,add(x[2],x[5])))), x[2])",False,,,5389d2ca657fe05018a4388ae9523741,0.32335329341317365,False,0.0
8,29,"greater_than_or_equal(x[5], mul(02.40,sub(x[3],mul(x[7],sub(sub(x[0],x[5]),x[5])))))",True,"greater_than_or_equal(sub(pdiv(x[5],add(x[5],x[5])),add(x[7],mul(x[7],sub(x[3],mul(x[2],sub(sub(x[5],x[5]),x[5])))))), x[3])",0.5508982035928144,5d48d630f4e8348281320033c71aad97,0.6287425149700598,True,0.07784431137724546
8,29,"less_than_or_equal(mul(x[5],x[5]),add(x[5],x[2]))",True,"less_than_or_equal(x[2],x[2])",0.35928143712574845,bd082d42dcba8056510101f18394b575,0.35928143712574845,False,0.0
8,29,"greater_than_or_equal(pdiv(x[7],x[0]), x[2])",True,"less_than_or_equal(pdiv(mul(x[2],x[0]),pdiv(x[3],x[2])),add(mul(x[2],x[7]),mul(x[7],pdiv(x[7],x[3]))))",0.3892215568862275,42c0762f7ef0dcb5439fff3a6949dcd1,0.37125748502994016,True,-0.017964071856287345
8,29,"greater_than_or_equal(pdiv(x[5],add(x[2],x[5])), mul(sub(mul(add(x[5],add(mul(x[7],add(mul(x[2],x[5]),x[2])),add(x[7],x[2]))),x[3]),mul(x[5],add(x[7],mul(x[7],sub(x[3],mul(x[7],sub(sub(x[0],x[5]),x[5]))))))),x[2]))",False,,,e32346756766fdcb8651b878597d9be1,0.33532934131736525,False,0.0
8,29,"greater_than_or_equal(sub(pdiv(x[7],x[7]),x[2]), mul(x[2],add(add(pdiv(x[5],pdiv(add(sub(add(x[2],add(x[2],x[0])),x[7]),x[5]),mul(mul(add(x[7],x[2]),add(x[2],add(x[5],x[2]))),x[3]))),x[0]),x[2])))",False,,,7bfd47395e0e7484420d316c1e9a0d3a,0.27544910179640714,False,0.0
8,29,"greater_than_or_equal(pdiv(x[3],add(x[7],x[2])), pdiv(pdiv(x[7],x[7]),x[0]))",True,"less_than_or_equal(add(add(x[7],x[0]),pdiv(x[2],x[3])),add(sub(x[3],pdiv(x[0],x[7])),mul(x[3],x[0])))",0.5149700598802396,86fea483f6519efa2798f809c14a3cc8,0.4610778443113772,True,-0.05389221556886237
8,29,"not_(less_than_or_equal(pdiv(x[5],x[3]),add(x[5],mul(x[2],add(x[2],x[2])))))",False,,,059298d1bebdd3b200defb494cd465f8,0.31137724550898205,False,0.0
8,29,"not_(less_than_or_equal(pdiv(x[5],x[5]),add(mul(x[5],add(x[7],x[2])),add(x[2],x[2]))))",True,"not_(less_than_or_equal(pdiv(x[5],x[5]),add(mul(x[5],add(x[7],x[2])),add(x[2],x[2]))))",0.18562874251497008,7dd04de0f09dcb78fab13d4ca363e3e0,0.2857142857142857,True,0.10008554319931562
8,30,"greater_than_or_equal(sub(pdiv(x[7],x[7]),x[3]), add(x[7],x[7]))",True,"not_(less_than_or_equal(pdiv(x[5],x[5]),add(x[3],add(add(x[5],x[7]),sub(x[7],x[5])))))",0.44311377245508987,93cd9d0fddd8012aea2a94611263640d,0.44311377245508987,False,0.0
8,30,"not_(less_than_or_equal(pdiv(x[5],x[7]),add(x[5],x[5])))",True,"greater_than_or_equal(x[5], mul(x[7],add(x[5],x[5])))",0.2455089820359282,9545aae94dd0fcb8b281ddfedf2da4e6,0.25149700598802394,True,0.0059880239520957446
8,30,"greater_than_or_equal(pdiv(x[5],add(x[2],x[5])), mul(sub(pdiv(x[5],x[5]),x[5]),x[2]))",True,"less_than_or_equal(sub(mul(x[2],x[7]),mul(x[0],x[7])),pdiv(mul(x[7],x[5]),add(x[3],x[0])))",0.33532934131736525,3196da2bdbd782d607c6576ee8113934,0.34730538922155685,True,0.0119760479041916
8,30,"greater_than_or_equal(pdiv(x[5],x[5]), add(x[7],mul(x[2],add(mul(pdiv(x[5],add(x[2],x[2])),x[5]),x[5]))))",True,"greater_than_or_equal(pdiv(x[5],x[5]), add(x[7],mul(x[2],mul(x[5],add(x[5],x[5])))))",0.25149700598802394,6f60b191d2b55b0180ec73d193c9d521,0.23952095808383234,True,-0.0119760479041916
8,30,"not_(less_than_or_equal(x[5],mul(x[5],mul(x[2],add(add(x[2],x[7]),79.35)))))",True,"greater_than_or_equal(pdiv(mul(x[5],x[2]),pdiv(x[2],x[5])), add(sub(x[7],x[7]),add(x[5],x[0])))",0.6107784431137724,ec48eb4aba9f475884bcf9e8f28adadc,0.6167664670658682,True,0.005988023952095856
8,30,"greater_than_or_equal(pdiv(x[5],add(mul(add(x[5],mul(add(mul(add(x[5],x[2]),x[5]),x[2]),x[5])),x[5]),pdiv(x[5],x[5]))), add(x[5],x[2]))",True,not_(x[6]),0.6347305389221557,b4068ba57b63c959651c969331c4b5cd,0.6407185628742516,True,0.005988023952095856
8,30,"greater_than_or_equal(sub(pdiv(x[5],mul(x[7],sub(x[2],pdiv(x[5],x[5])))),x[2]), add(mul(x[5],add(pdiv(pdiv(x[2],add(x[2],x[2])),x[5]),x[5])),x[5]))",True,"greater_than_or_equal(x[2], pdiv(x[5],x[5]))",0.652694610778443,38d04e9716d0d4822bf3dbdceea9aa84,0.652694610778443,False,0.0
8,30,"greater_than_or_equal(sub(pdiv(x[7],mul(x[2],x[7])),add(x[5],x[2])), add(x[7],x[2]))",True,"not_(less_than_or_equal(pdiv(pdiv(x[5],sub(x[5],x[5])),x[2]),add(mul(mul(mul(x[7],add(x[7],add(pdiv(sub(add(x[2],sub(add(x[2],x[7]),mul(x[7],add(x[7],x[2])))),x[3]),x[5]),x[5]))),add(x[2],x[5])),x[5]),add(x[5],x[2]))))",0.26347305389221554,054d00fe878b6af10a415745c8c7d79c,0.281437125748503,True,0.017964071856287456
8,30,"greater_than_or_equal(x[7], mul(x[7],x[7]))",True,"less_than_or_equal(x[2],x[2])",0.35928143712574845,bd082d42dcba8056510101f18394b575,0.35928143712574845,False,0.0
8,30,"greater_than_or_equal(mul(pdiv(x[5],x[7]),add(x[5],x[3])), x[5])",True,"not_(greater_than_or_equal(mul(x[7],x[5]), pdiv(x[5],sub(add(x[3],x[5]),x[7]))))",0.34730538922155685,906cd02322ebc08dcc05972ce8f978a6,0.3413173652694611,True,-0.0059880239520957446
8,30,"greater_than_or_equal(x[5], mul(x[7],add(x[5],x[3])))",True,"greater_than_or_equal(x[5], mul(x[7],add(x[5],x[3])))",0.3053892215568862,0947741ceb5018f757b589e69907d867,0.3053892215568862,False,0.0
8,30,"greater_than_or_equal(x[3], mul(x[7],x[7]))",True,"greater_than_or_equal(x[3], mul(x[7],x[7]))",0.3413173652694611,3d72bbc340f037088e8e4149f2ca8ce3,0.3413173652694611,False,0.0
8,30,"greater_than_or_equal(x[5], mul(x[7],x[7]))",True,"not_(less_than_or_equal(x[5],mul(x[7],x[7])))",0.3532934131736527,6208c2f2bc232c7eeeb665b7dcc66661,0.3532934131736527,False,0.0
8,30,"greater_than_or_equal(sub(pdiv(x[5],x[7]),x[0]), x[5])",True,"greater_than_or_equal(sub(pdiv(x[5],x[7]),x[0]), x[5])",0.281437125748503,398ddcc29f5ec071f51fa23d31620cd7,0.281437125748503,False,0.0
8,30,"greater_than_or_equal(sub(pdiv(x[0],mul(x[7],add(x[7],add(x[0],mul(add(x[5],x[7]),x[2]))))),x[7]), x[2])",True,"less_than_or_equal(mul(mul(x[7],x[7]),add(pdiv(x[5],x[5]),add(x[5],x[2]))),x[0])",0.49101796407185627,72f66bbb110430f6ad8cbc02dd618010,0.49101796407185627,False,0.0
8,30,"greater_than_or_equal(pdiv(sub(sub(mul(add(x[7],x[7]),x[2]),sub(pdiv(x[2],x[2]),add(x[2],x[2]))),x[5]),x[5]), x[5])",False,,,786dc226c0001c22dc5131a106e969d3,0.7065868263473054,False,0.0
8,30,"greater_than_or_equal(sub(pdiv(x[5],mul(x[7],x[3])),pdiv(pdiv(x[5],add(x[2],x[5])),mul(add(mul(add(x[5],x[2]),x[7]),x[2]),x[5]))), x[5])",False,,,8c55d3791a73d442a6c1070abee705da,0.5029940119760479,False,0.0
8,30,"greater_than_or_equal(pdiv(x[5],x[5]), x[2])",True,"not_(greater_than_or_equal(mul(x[7],x[2]), x[7]))",0.34730538922155685,f69cf4961d82af0c72c0014d2a401904,0.34730538922155685,False,0.0
8,30,"greater_than_or_equal(x[2], x[5])",True,"less_than_or_equal(x[5],x[2])",0.652694610778443,6fb17002302e404122653cf2c68db553,0.652694610778443,False,0.0
8,30,"greater_than_or_equal(pdiv(x[5],add(sub(mul(x[7],add(add(add(mul(x[5],x[3]),pdiv(mul(x[5],mul(x[7],mul(add(mul(x[7],x[5]),mul(x[7],mul(x[5],x[2]))),x[2]))),x[5])),add(x[5],x[2])),x[5])),x[5]),pdiv(x[5],x[5]))), add(x[5],x[2]))",False,,,6d8a0440710abaa9bbed5b7197c39e6b,0.5029940119760479,False,0.0
8,30,"greater_than_or_equal(pdiv(x[5],add(x[2],x[5])), mul(add(mul(x[5],x[2]),add(mul(x[5],mul(x[3],x[5])),x[7])),add(x[7],x[5])))",False,,,352a51418ea7911e52298a1f0cbf1370,0.25149700598802394,False,0.0
8,30,"greater_than_or_equal(x[7], mul(add(add(add(add(x[7],x[5]),x[2]),add(mul(x[2],x[2]),x[5])),x[5]),add(x[7],mul(x[7],x[2]))))",True,"greater_than_or_equal(add(mul(x[7],sub(x[0],x[7])),x[7]), add(x[5],x[2]))",0.6586826347305389,681d8fd5d491586fb67fc0cf65def18f,0.6347305389221557,True,-0.0239520958083832
8,30,"greater_than_or_equal(x[5], mul(x[7],add(x[2],x[5])))",True,"greater_than_or_equal(x[5], mul(x[7],add(x[5],x[2])))",0.23353293413173648,49521aab13419e9d4582e656c37790ef,0.23353293413173648,False,0.0
8,30,"greater_than_or_equal(mul(mul(mul(x[7],add(x[5],x[2])),x[0]),x[5]), x[5])",True,not_(x[6]),0.6347305389221557,b4068ba57b63c959651c969331c4b5cd,0.6347305389221557,False,0.0
8,30,"less_than_or_equal(pdiv(x[5],add(mul(x[7],add(x[5],x[3])),x[5])),x[5])",False,,,e9966d27d6450ddd58e8335327fdcb47,0.6646706586826348,False,0.0
8,30,"greater_than_or_equal(x[3], mul(x[2],mul(pdiv(x[5],x[5]),add(add(sub(pdiv(x[5],mul(mul(add(x[5],x[2]),x[2]),x[5])),add(add(sub(x[5],mul(x[5],x[5])),add(x[7],x[2])),x[3])),x[5]),add(x[3],add(sub(x[3],x[7]),x[5]))))))",False,,,0f2a61ba922bdf9efa9b011d1f5ba828,0.6646706586826348,False,0.0
8,30,"greater_than_or_equal(x[2], x[5])",True,"less_than_or_equal(x[5],x[2])",0.652694610778443,6fb17002302e404122653cf2c68db553,0.652694610778443,False,0.0
8,30,"less_than_or_equal(x[5],x[3])",True,"less_than_or_equal(x[5],x[3])",0.5089820359281437,1d4d287fbe015bbb313f097e26f5bc37,0.5089820359281437,False,0.0
8,30,"greater_than_or_equal(x[3], mul(x[5],add(mul(x[7],add(x[5],mul(x[2],pdiv(x[5],mul(add(add(sub(mul(mul(pdiv(mul(x[7],x[5]),x[7]),x[3]),add(x[2],x[3])),x[5]),x[2]),x[5]),x[2]))))),pdiv(pdiv(x[5],x[5]),add(x[2],x[3])))))",False,,,68e35426b9a6f2b61890d8c78e353857,0.6047904191616766,False,0.0
8,30,"greater_than_or_equal(pdiv(x[5],x[2]), mul(x[7],add(add(pdiv(mul(x[3],x[3]),x[7]),x[5]),mul(x[7],mul(add(mul(x[2],x[0]),x[5]),add(x[5],x[2]))))))",False,,,4c2cb5912ac43b5b88b9a03e42f32827,0.26347305389221554,False,0.0
8,30,"not_(less_than_or_equal(x[5],mul(x[5],mul(x[2],add(add(x[2],x[5]),x[5])))))",False,,,6fb775b55acd457fcfd1d98c09749486,0.28742514970059885,False,0.0
8,30,"greater_than_or_equal(pdiv(x[5],x[7]), add(x[5],mul(x[5],add(x[7],x[7]))))",True,"greater_than_or_equal(x[5], mul(x[7],add(x[5],x[5])))",0.2455089820359282,9545aae94dd0fcb8b281ddfedf2da4e6,0.2455089820359282,False,0.0
8,30,"greater_than_or_equal(x[7], pdiv(sub(pdiv(x[5],x[7]),x[3]),x[2]))",False,,,ba929a9f87cca5dea2f9b10c8271247c,0.7005988023952097,False,0.0
8,30,"greater_than_or_equal(x[5], mul(x[7],add(x[5],add(92.09,pdiv(x[2],x[3])))))",True,not_(x[6]),0.6347305389221557,b4068ba57b63c959651c969331c4b5cd,0.6407185628742516,True,0.005988023952095856
8,30,"greater_than_or_equal(pdiv(x[5],add(mul(add(x[5],x[2]),x[2]),add(sub(x[7],x[7]),pdiv(x[5],x[5])))), mul(x[5],mul(x[7],pdiv(x[7],x[3]))))",False,,,7bb363f5cdd192c3f8d6a58590f7c3ad,0.27544910179640714,False,0.0
8,30,"greater_than_or_equal(pdiv(x[2],add(x[7],x[5])), mul(x[7],sub(x[5],x[7])))",False,,,a5bcb51978756d6987870855bc43b1b8,0.40718562874251496,False,0.0
8,30,"greater_than_or_equal(sub(pdiv(x[7],x[5]),x[5]), x[2])",True,"not_(less_than_or_equal(pdiv(x[7],x[5]),add(x[5],x[2])))",0.5209580838323353,330fc634ea36064ef3797fa341995bd5,0.5209580838323353,False,0.0
8,30,"greater_than_or_equal(pdiv(x[5],add(x[2],x[5])), add(mul(x[7],add(x[2],mul(x[2],pdiv(x[5],mul(x[7],add(x[3],x[5])))))),sub(x[2],sub(pdiv(x[2],x[5]),mul(x[7],add(x[7],x[7]))))))",False,,,b08e5cd7b2a06ba193ebc664ac6149fc,0.2574850299401198,False,0.0
8,30,"greater_than_or_equal(x[5], mul(x[7],mul(mul(x[2],x[7]),add(sub(x[0],mul(x[5],mul(sub(add(add(mul(x[7],add(x[5],x[7])),add(mul(x[3],mul(x[5],sub(sub(add(x[5],x[7]),add(x[5],x[7])),92.04))),add(x[2],x[5]))),x[2]),x[5]),x[5]))),pdiv(x[5],x[5])))))",False,,,f485a3925ffe6846191c2c3dd9e10699,0.26347305389221554,False,0.0
8,30,"greater_than_or_equal(pdiv(x[5],add(x[2],x[5])), mul(x[7],add(x[7],x[5])))",True,"greater_than_or_equal(sub(pdiv(pdiv(x[5],x[7]),x[7]),mul(add(x[5],add(x[7],x[0])),pdiv(x[5],pdiv(pdiv(add(x[2],x[3]),x[5]),x[5])))), add(x[2],x[5]))",0.21556886227544914,0a3991074de968b032cf316a167a3e86,0.20958083832335328,True,-0.005988023952095856
8,30,"greater_than_or_equal(x[5], mul(x[7],x[5]))",True,"less_than_or_equal(x[2],x[2])",0.35928143712574845,bd082d42dcba8056510101f18394b575,0.35928143712574845,False,0.0
8,30,"not_(less_than_or_equal(pdiv(x[5],x[7]),x[0]))",True,"not_(less_than_or_equal(pdiv(x[5],x[0]),x[0]))",0.35928143712574845,5372ceb8b23ce5e1dd3bf5c2fc3a57aa,0.34730538922155685,True,-0.0119760479041916
8,30,"greater_than_or_equal(x[5], add(x[2],x[2]))",True,"greater_than_or_equal(x[5], add(x[2],x[2]))",0.39520958083832336,ceb136f9325a6c3dff5e71a06e63c76f,0.39520958083832336,False,0.0
8,30,"greater_than_or_equal(x[7], mul(x[7],add(x[2],x[3])))",True,"not_(less_than_or_equal(pdiv(x[5],x[5]),add(x[2],x[3])))",0.2694610778443114,8e10ebf505ba211742b7164524309595,0.2694610778443114,False,0.0
8,30,"greater_than_or_equal(mul(pdiv(x[7],x[2]),x[5]), mul(x[7],add(99.97,x[2])))",True,not_(x[6]),0.6347305389221557,b4068ba57b63c959651c969331c4b5cd,0.6407185628742516,True,0.005988023952095856
8,30,"greater_than_or_equal(pdiv(x[5],mul(x[7],add(x[5],x[7]))), x[2])",True,"not_(less_than_or_equal(pdiv(pdiv(x[5],x[7]),add(x[5],x[7])),x[2]))",0.2934131736526946,3f52ef68cff3ae8626bca51cd1226a6c,0.2934131736526946,False,0.0
8,30,"not_(greater_than_or_equal(add(x[7],mul(x[2],x[7])), x[2]))",True,"greater_than_or_equal(00.69, pdiv(x[7],x[2]))",0.5389221556886228,970ab32b0dc32ec5b452caebf9ef2432,0.5209580838323353,True,-0.017964071856287456
8,30,"greater_than_or_equal(pdiv(x[5],x[7]), pdiv(x[5],add(x[7],x[7])))",True,"less_than_or_equal(x[2],x[2])",0.35928143712574845,bd082d42dcba8056510101f18394b575,0.35928143712574845,False,0.0
8,30,"greater_than_or_equal(pdiv(x[7],mul(x[7],add(mul(pdiv(sub(x[2],x[5]),mul(x[7],add(x[5],x[2]))),x[7]),sub(sub(x[5],sub(x[0],x[3])),mul(x[5],x[5]))))), x[2])",False,,,69cd3456cdbf918170fba06a0cef6ab4,0.4970059880239521,False,0.0
8,30,"greater_than_or_equal(sub(pdiv(x[5],x[5]),pdiv(mul(x[7],x[0]),65.79)), x[7])",True,"less_than_or_equal(sub(x[5],sub(x[5],mul(x[0],x[5]))),mul(pdiv(x[2],x[0]),pdiv(x[5],x[3])))",0.3652694610778443,0d2206ebe6d2f2267a12ad05764e55bd,0.37125748502994016,True,0.005988023952095856
8,30,"greater_than_or_equal(x[5], mul(x[7],add(x[5],sub(add(x[2],x[5]),x[0]))))",True,"greater_than_or_equal(pdiv(x[5],x[7]), add(x[5],mul(x[7],mul(pdiv(x[2],x[0]),add(add(x[2],x[3]),add(x[2],x[5]))))))",0.26347305389221554,e34bed620a89884b44afce053633b68c,0.26347305389221554,False,0.0
8,30,"not_(less_than_or_equal(pdiv(x[5],sub(mul(add(mul(add(sub(x[2],x[5]),add(add(x[7],x[0]),mul(pdiv(x[2],x[5]),x[7]))),sub(sub(sub(x[0],x[2]),mul(add(x[2],x[3]),x[7])),sub(x[5],mul(x[5],x[5])))),add(x[7],x[2])),x[3]),x[5])),add(x[3],add(sub(x[3],x[7]),x[5]))))",True,not_(x[6]),0.6347305389221557,b4068ba57b63c959651c969331c4b5cd,0.6407185628742516,True,0.005988023952095856
8,30,"greater_than_or_equal(x[2], mul(x[2],x[5]))",True,"less_than_or_equal(x[2],x[2])",0.35928143712574845,bd082d42dcba8056510101f18394b575,0.35928143712574845,False,0.0
8,30,"greater_than_or_equal(x[5], mul(x[7],mul(x[5],pdiv(x[5],x[5]))))",True,"less_than_or_equal(x[2],x[2])",0.35928143712574845,bd082d42dcba8056510101f18394b575,0.35928143712574845,False,0.0
8,30,"greater_than_or_equal(x[5], mul(x[7],add(x[5],mul(add(mul(add(pdiv(x[5],x[5]),x[2]),x[7]),add(x[5],x[2])),sub(x[7],x[7])))))",True,"less_than_or_equal(x[2],x[2])",0.35928143712574845,bd082d42dcba8056510101f18394b575,0.35928143712574845,False,0.0
8,30,"not_(less_than_or_equal(add(x[7],x[2]),add(x[7],mul(x[5],x[7]))))",True,"less_than_or_equal(x[7],pdiv(x[2],x[5]))",0.45508982035928147,d33cfc188406cf3750d6a42207b463ce,0.45508982035928147,False,0.0
8,30,"greater_than_or_equal(pdiv(x[5],mul(x[2],add(pdiv(pdiv(x[0],x[5]),add(add(30.98,x[2]),add(x[2],pdiv(pdiv(x[5],x[5]),x[5])))),x[2]))), add(sub(x[7],x[7]),pdiv(x[5],x[5])))",True,"less_than_or_equal(pdiv(mul(x[2],x[2]),x[5]),pdiv(x[7],x[7]))",0.3293413173652695,22afa71d30776c90154a85fa7bb55d4a,0.33532934131736525,True,0.0059880239520957446
8,30,"greater_than_or_equal(94.54, pdiv(x[2],sub(x[2],x[7])))",True,"less_than_or_equal(x[2],x[2])",0.35928143712574845,bd082d42dcba8056510101f18394b575,0.3532934131736527,True,-0.0059880239520957446
8,30,"greater_than_or_equal(pdiv(x[5],mul(x[7],add(mul(x[3],add(x[7],x[2])),mul(x[7],add(x[5],x[2]))))), x[5])",False,,,1571f6070f03f1b570780c33f1c3b499,0.27544910179640714,False,0.0
8,30,"greater_than_or_equal(sub(pdiv(mul(mul(add(x[7],add(x[7],x[2])),add(x[5],x[2])),x[3]),x[0]),x[2]), x[0])",False,,,05750e2af68df9172263ec7f88a2766f,0.4011976047904192,False,0.0
8,30,"greater_than_or_equal(x[5], mul(add(x[7],x[2]),x[5]))",True,"less_than_or_equal(add(mul(x[7],pdiv(x[5],x[5])),x[2]),add(sub(x[7],x[7]),pdiv(69.44,sub(x[3],x[3]))))",0.19161676646706582,14c6e007ad625f3839f568e9ee8a86e1,0.19161676646706582,False,0.0
8,30,"greater_than_or_equal(59.00, pdiv(x[7],mul(x[5],mul(x[7],add(mul(sub(mul(pdiv(add(add(sub(x[2],x[7]),mul(x[2],x[2])),pdiv(add(x[3],mul(x[7],add(x[0],x[7]))),add(x[5],x[2]))),mul(x[3],x[7])),x[7]),add(x[7],x[5])),x[3]),x[3])))))",True,"less_than_or_equal(x[2],x[2])",0.35928143712574845,bd082d42dcba8056510101f18394b575,0.35928143712574845,False,0.0
8,30,"not_(less_than_or_equal(pdiv(x[5],x[5]),pdiv(pdiv(mul(x[2],add(x[5],sub(x[5],x[5]))),add(add(x[7],x[0]),x[2])),x[0])))",False,,,a087028f0f8121370a4c3106cd045e05,0.5688622754491017,False,0.0
8,30,"not_(less_than_or_equal(pdiv(x[5],x[2]),add(mul(mul(mul(mul(x[2],x[0]),x[7]),x[5]),x[5]),add(x[0],x[7]))))",False,,,ff3883c4a1a1a8f3d11f109e65861c05,0.31137724550898205,False,0.0
8,30,"greater_than_or_equal(sub(pdiv(x[7],30.98),x[2]), x[5])",True,not_(x[6]),0.6347305389221557,b4068ba57b63c959651c969331c4b5cd,0.6407185628742516,True,0.005988023952095856
8,30,"greater_than_or_equal(add(x[2],sub(pdiv(x[5],x[5]),x[5])), x[2])",True,"less_than_or_equal(x[2],x[2])",0.35928143712574845,bd082d42dcba8056510101f18394b575,0.35928143712574845,False,0.0
8,30,"greater_than_or_equal(x[5], add(x[2],x[5]))",True,"greater_than_or_equal(pdiv(mul(x[5],x[2]),pdiv(x[2],x[5])), add(sub(x[7],x[7]),add(x[5],x[0])))",0.6107784431137724,ec48eb4aba9f475884bcf9e8f28adadc,0.6167664670658682,True,0.005988023952095856
8,30,"greater_than_or_equal(x[5], mul(sub(mul(add(pdiv(sub(x[2],sub(sub(add(x[5],x[5]),x[2]),add(x[5],x[3]))),add(pdiv(x[5],pdiv(x[7],add(x[2],x[7]))),pdiv(x[3],x[7]))),97.93),x[2]),x[7]),add(add(mul(x[5],add(x[7],x[2])),add(x[2],x[2])),x[5])))",True,"greater_than_or_equal(pdiv(mul(x[5],x[2]),pdiv(x[2],x[5])), add(sub(x[7],x[7]),add(x[5],x[0])))",0.6107784431137724,ec48eb4aba9f475884bcf9e8f28adadc,0.6167664670658682,True,0.005988023952095856
8,30,"greater_than_or_equal(09.69, pdiv(x[2],sub(pdiv(x[5],sub(mul(sub(x[2],x[7]),x[7]),sub(x[7],mul(add(mul(x[5],sub(sub(add(x[2],x[2]),x[5]),x[5])),x[5]),x[2])))),pdiv(sub(x[7],x[7]),pdiv(x[5],x[5])))))",True,"less_than_or_equal(x[2],x[2])",0.35928143712574845,bd082d42dcba8056510101f18394b575,0.35928143712574845,False,0.0
8,30,"not_(less_than_or_equal(pdiv(x[5],x[5]),add(mul(x[5],add(x[7],x[2])),add(x[2],mul(x[2],add(add(x[2],x[3]),add(pdiv(x[3],pdiv(x[7],add(x[2],x[7]))),pdiv(x[3],x[7]))))))))",False,,,d3c43d850b02a429bc02741f2d9db72c,0.4251497005988024,False,0.0
8,30,"greater_than_or_equal(sub(pdiv(x[5],x[5]),x[2]), x[7])",True,"less_than_or_equal(add(mul(x[7],pdiv(x[5],x[5])),x[2]),add(sub(x[7],x[7]),pdiv(69.44,sub(x[3],x[3]))))",0.19161676646706582,14c6e007ad625f3839f568e9ee8a86e1,0.19161676646706582,False,0.0
8,30,"greater_than_or_equal(x[3], mul(x[3],add(mul(mul(pdiv(x[5],x[5]),x[7]),mul(x[5],59.02)),x[7])))",True,"greater_than_or_equal(pdiv(x[5],mul(x[7],add(x[5],mul(85.24,x[5])))), x[5])",0.6107784431137724,764b2879264b832602c83ddbf1e6d0f0,0.6107784431137724,False,0.0
8,30,"greater_than_or_equal(x[2], x[5])",True,"less_than_or_equal(x[5],x[2])",0.652694610778443,6fb17002302e404122653cf2c68db553,0.652694610778443,False,0.0
8,30,"greater_than_or_equal(pdiv(x[5],add(x[2],mul(add(x[5],x[0]),add(x[7],x[2])))), add(x[0],add(x[5],mul(x[7],add(x[2],add(x[5],x[0]))))))",False,,,0df374411aadc96d8874b19857e77c80,0.32335329341317365,False,0.0
8,30,"greater_than_or_equal(pdiv(54.19,add(sub(x[3],mul(x[5],sub(sub(add(x[5],x[7]),pdiv(x[5],x[7])),x[7]))),x[7])), add(x[7],x[5]))",True,"less_than_or_equal(x[2],x[2])",0.35928143712574845,bd082d42dcba8056510101f18394b575,0.35928143712574845,False,0.0
8,30,"greater_than_or_equal(x[5], mul(x[2],sub(x[3],93.91)))",True,"less_than_or_equal(x[2],x[2])",0.35928143712574845,bd082d42dcba8056510101f18394b575,0.35928143712574845,False,0.0
8,30,"greater_than_or_equal(sub(pdiv(x[5],x[5]),x[2]), x[5])",True,"not_(less_than_or_equal(pdiv(x[5],x[5]),add(x[5],x[2])))",0.2455089820359282,5825d6d8d32996f2f81bb41cc0bfa92f,0.2455089820359282,False,0.0
8,30,"greater_than_or_equal(x[5], x[2])",True,"not_(not_(less_than_or_equal(x[2],x[5])))",0.34730538922155685,4af53f79d9ad2ffac455113b88a02dd4,0.34730538922155685,False,0.0
8,30,"greater_than_or_equal(x[5], mul(x[7],add(sub(x[0],x[7]),add(x[5],x[7]))))",True,"greater_than_or_equal(sub(pdiv(x[5],x[7]),x[0]), x[5])",0.281437125748503,398ddcc29f5ec071f51fa23d31620cd7,0.281437125748503,False,0.0
8,30,"greater_than_or_equal(x[3], mul(x[7],add(x[7],x[3])))",True,"greater_than_or_equal(x[5], mul(x[7],add(pdiv(x[7],sub(x[3],sub(pdiv(x[3],x[7]),x[7]))),add(x[5],x[0]))))",0.28742514970059885,1f98d5ff1b2c89be481196bc374109f7,0.28742514970059885,False,0.0
8,30,"greater_than_or_equal(pdiv(x[5],x[5]), add(x[7],mul(x[2],add(mul(pdiv(x[5],x[5]),mul(pdiv(x[2],x[5]),sub(pdiv(x[7],x[7]),x[5]))),x[2]))))",False,,,38b1e54e8fbc0e01e502c1995129a285,0.281437125748503,False,0.0
8,30,"greater_than_or_equal(pdiv(x[5],x[2]), add(x[5],mul(x[5],add(x[3],add(mul(x[7],add(add(x[2],pdiv(x[3],add(x[2],pdiv(mul(x[7],x[7]),sub(x[3],mul(x[5],sub(sub(add(x[5],x[7]),add(x[5],x[7])),x[7]))))))),x[7])),add(x[7],x[5]))))))",False,,,d52744b2cda3b71590136e3350979730,0.2574850299401198,False,0.0
8,30,"greater_than_or_equal(sub(pdiv(x[5],x[5]),x[3]), x[7])",True,"not_(less_than_or_equal(pdiv(x[5],x[5]),add(x[3],x[7])))",0.3053892215568862,f67f6bf2e1ea1a89d765b78348c25a54,0.3053892215568862,False,0.0
8,30,"greater_than_or_equal(x[3], sub(x[7],add(x[2],pdiv(x[2],pdiv(add(x[7],mul(x[5],x[3])),mul(add(x[7],x[2]),sub(pdiv(x[2],mul(x[7],x[3])),x[2])))))))",False,,,928d3e213fcfbd3c3c6b8da657be36e4,0.38323353293413176,False,0.0
8,30,"greater_than_or_equal(pdiv(x[2],add(mul(pdiv(x[5],x[5]),add(x[2],pdiv(x[5],add(x[2],x[7])))),x[7])), mul(add(sub(x[3],mul(x[5],sub(sub(add(x[5],x[7]),add(x[5],x[7])),x[7]))),x[7]),add(x[7],x[5])))",True,"not_(greater_than_or_equal(mul(x[7],add(mul(x[5],add(44.95,x[7])),x[0])), x[2]))",0.6467065868263473,c29f666681bb6ea6b9cbeb497256221e,0.6047904191616766,True,-0.041916167664670656
8,30,"greater_than_or_equal(pdiv(x[5],x[5]), add(x[7],mul(x[5],x[5])))",False,,,4b2e9507f2c993dfae5cf2b11aa49c39,0.27544910179640714,False,0.0
8,30,"greater_than_or_equal(pdiv(x[7],x[5]), x[7])",True,"less_than_or_equal(x[2],x[2])",0.35928143712574845,bd082d42dcba8056510101f18394b575,0.35928143712574845,False,0.0
8,30,"greater_than_or_equal(30.95, x[7])",True,"less_than_or_equal(x[2],x[2])",0.35928143712574845,bd082d42dcba8056510101f18394b575,0.35928143712574845,False,0.0
8,30,"greater_than_or_equal(pdiv(x[5],add(x[5],add(x[2],add(sub(x[7],sub(x[5],x[0])),x[5])))), mul(mul(x[5],x[7]),92.04))",True,"less_than_or_equal(mul(mul(x[7],x[7]),74.75),add(x[7],x[7]))",0.6227544910179641,83475aff34f9e2eb2174b5d809ea1882,0.6167664670658682,True,-0.005988023952095856
8,30,"greater_than_or_equal(x[3], mul(x[2],mul(add(x[7],x[2]),add(x[2],x[3]))))",False,,,a6b8b78d0b7cbbf5f75ede9ad148806e,0.2455089820359282,False,0.0
8,30,"greater_than_or_equal(pdiv(x[5],x[5]), add(x[7],mul(x[7],x[5])))",True,"not_(less_than_or_equal(pdiv(x[5],x[7]),add(x[5],mul(x[5],x[5]))))",0.26347305389221554,a9ce28fe5af581c3f664a5416d77d344,0.2574850299401198,True,-0.0059880239520957446
8,30,"greater_than_or_equal(mul(x[2],x[2]), x[7])",False,,,9d1215bab92fc0265a748307b6d6cf2a,0.6586826347305389,False,0.0
8,30,"greater_than_or_equal(pdiv(x[3],mul(add(x[2],x[2]),x[2])), x[5])",False,,,a28edc8e896867fc507f0cf282670ba9,0.3053892215568862,False,0.0
8,30,"greater_than_or_equal(sub(pdiv(x[5],mul(mul(mul(add(x[5],pdiv(x[2],x[5])),x[3]),x[5]),add(x[5],x[2]))),x[5]), x[5])",False,,,be4ea27404a3a86323c6ac95ed0b817c,0.3053892215568862,False,0.0
8,30,"greater_than_or_equal(sub(pdiv(x[7],x[7]),x[2]), pdiv(add(x[7],x[2]),x[5]))",True,"not_(less_than_or_equal(pdiv(x[5],pdiv(add(x[2],x[5]),x[5])),add(x[7],x[2])))",0.437125748502994,93511222f6446c52b88e8f62b0ab5b94,0.4251497005988024,True,-0.0119760479041916
8,30,"not_(less_than_or_equal(pdiv(x[5],x[2]),add(mul(x[2],x[7]),add(mul(pdiv(x[2],x[2]),add(x[5],sub(x[5],x[5]))),add(add(x[7],x[0]),x[2])))))",False,,,bb8520d6b201c898d003adea3b8b37e0,0.2934131736526946,False,0.0
8,30,"greater_than_or_equal(pdiv(x[5],add(x[2],x[7])), mul(add(x[7],x[5]),x[5]))",False,,,7b35b2336a5ec0510351e3fe3736ca84,0.21556886227544914,False,0.0
8,30,"greater_than_or_equal(x[5], mul(x[2],add(x[7],92.74)))",True,"greater_than_or_equal(pdiv(mul(x[5],x[2]),pdiv(x[2],x[5])), add(sub(x[7],x[7]),add(x[5],x[0])))",0.6107784431137724,ec48eb4aba9f475884bcf9e8f28adadc,0.6167664670658682,True,0.005988023952095856
8,30,"greater_than_or_equal(pdiv(x[5],add(add(add(x[0],mul(x[7],mul(x[7],x[7]))),x[2]),add(x[2],x[3]))), add(pdiv(x[3],pdiv(x[7],add(x[2],x[7]))),pdiv(x[3],x[7])))",True,"less_than_or_equal(sub(add(x[3],x[2]),add(x[2],x[2])),sub(mul(x[5],x[7]),add(x[2],x[3])))",0.652694610778443,d8b00f2456104b7dc927fd2808f3c18e,0.6287425149700598,True,-0.0239520958083832
8,30,"greater_than_or_equal(pdiv(x[5],x[2]), add(add(mul(x[5],x[2]),add(mul(x[3],mul(x[3],x[5])),x[7])),add(x[0],x[5])))",False,,,c34084b181abc43863e9d1d5f39f40c6,0.28742514970059885,False,0.0
8,30,"greater_than_or_equal(pdiv(x[3],mul(add(x[7],x[7]),x[2])), sub(pdiv(add(x[7],x[2]),x[0]),09.49))",True,"not_(greater_than_or_equal(mul(x[7],x[2]), x[7]))",0.34730538922155685,f69cf4961d82af0c72c0014d2a401904,0.34730538922155685,False,0.0
8,30,"greater_than_or_equal(sub(pdiv(x[5],x[5]),x[2]), add(mul(mul(x[5],x[0]),add(x[2],x[7])),x[5]))",True,"greater_than_or_equal(sub(pdiv(x[5],x[5]),x[2]), add(mul(x[0],mul(x[7],add(mul(x[7],add(x[2],x[2])),mul(x[5],mul(x[5],add(x[2],x[5])))))),x[5]))",0.22754491017964074,3e148ffe3f1fe8bba751881b38a553c6,0.23353293413173648,True,0.0059880239520957446
8,30,"greater_than_or_equal(x[3], mul(x[5],add(mul(x[7],add(x[5],mul(x[2],pdiv(x[5],mul(x[5],add(x[3],x[0])))))),sub(x[2],sub(pdiv(x[2],x[5]),mul(x[7],add(x[7],x[7])))))))",True,"not_(greater_than_or_equal(mul(x[5],add(add(sub(x[7],sub(x[3],mul(x[5],x[7]))),add(x[2],x[7])),x[2])), add(x[2],x[3])))",0.33532934131736525,6eb6ef00fc369500383976ed17d7b626,0.3173652694610778,True,-0.017964071856287456
8,30,"greater_than_or_equal(x[5], mul(add(x[5],x[5]),mul(x[2],add(x[2],x[7]))))",False,,,6cb232e0d92da4f72814b0429deb960a,0.25149700598802394,False,0.0
8,30,"greater_than_or_equal(sub(pdiv(x[5],x[5]),x[7]), add(mul(add(x[2],x[2]),x[5]),mul(05.59,add(x[7],sub(sub(x[5],sub(x[0],x[3])),mul(x[7],add(mul(x[5],sub(sub(sub(sub(x[2],x[2]),x[2]),x[7]),mul(x[7],add(x[7],sub(add(x[5],x[2]),add(sub(x[7],x[7]),pdiv(x[5],x[5]))))))),mul(mul(x[5],x[7]),pdiv(x[7],x[3])))))))))",False,,,8eaf02b108c63c63335daee7a2b28b3a,0.6766467065868264,False,0.0
8,30,"greater_than_or_equal(x[5], mul(x[7],add(mul(mul(add(x[5],add(37.94,x[5])),x[7]),add(x[2],x[5])),mul(x[2],mul(x[5],mul(x[7],add(add(x[7],sub(x[7],mul(x[5],x[7]))),add(x[2],x[7]))))))))",True,"not_(less_than_or_equal(pdiv(x[5],04.61),x[7]))",0.5389221556886228,a7cacbe6ce22cd2e14b847dca3a88aa5,0.5209580838323353,True,-0.017964071856287456
8,30,"less_than_or_equal(x[5],mul(x[7],add(x[3],x[2])))",True,"not_(less_than_or_equal(pdiv(x[5],x[5]),pdiv(pdiv(x[5],x[7]),add(x[2],x[3]))))",0.688622754491018,27c35a5f6ca01acaa0ca801cda397a4e,0.688622754491018,False,0.0
8,30,"greater_than_or_equal(sub(pdiv(x[7],x[7]),x[7]), x[2])",True,"less_than_or_equal(add(mul(x[7],pdiv(x[5],x[5])),x[2]),add(sub(x[7],x[7]),pdiv(69.44,sub(x[3],x[3]))))",0.19161676646706582,14c6e007ad625f3839f568e9ee8a86e1,0.19161676646706582,False,0.0
8,30,"greater_than_or_equal(x[2], add(x[0],add(x[5],mul(x[7],add(x[2],add(x[5],x[0]))))))",False,,,2ef7ea27f398375c31fb7e15e4ef5e61,0.6347305389221557,False,0.0
8,30,"greater_than_or_equal(sub(pdiv(add(mul(x[5],07.93),mul(x[0],x[2])),add(x[2],x[2])),mul(x[7],x[2])), add(x[7],sub(add(x[5],x[2]),add(sub(x[7],x[7]),x[7]))))",False,,,158af113e8c7c84ccb9805cb0f00a1f7,0.33532934131736525,False,0.0
8,30,"greater_than_or_equal(x[5], mul(pdiv(x[5],x[5]),mul(mul(x[5],x[7]),pdiv(x[7],x[3]))))",True,"greater_than_or_equal(x[3], mul(x[7],x[7]))",0.3413173652694611,3d72bbc340f037088e8e4149f2ca8ce3,0.33532934131736525,True,-0.005988023952095856
8,30,"greater_than_or_equal(pdiv(x[5],add(x[2],x[5])), mul(add(mul(x[5],x[2]),x[7]),add(x[7],x[2])))",True,"greater_than_or_equal(x[5], mul(x[7],add(x[5],add(x[2],mul(x[5],x[2])))))",0.20958083832335328,63d6db81d5c86166a1d96bbc3a2c6665,0.23952095808383234,True,0.029940119760479056
8,30,"less_than_or_equal(sub(x[7],add(mul(x[0],mul(x[3],94.59)),x[7])),x[5])",True,"less_than_or_equal(x[2],x[2])",0.35928143712574845,bd082d42dcba8056510101f18394b575,0.35928143712574845,False,0.0
8,30,"greater_than_or_equal(x[5], mul(x[7],mul(x[5],49.79)))",True,not_(x[6]),0.6347305389221557,b4068ba57b63c959651c969331c4b5cd,0.6227544910179641,True,-0.0119760479041916
8,30,"greater_than_or_equal(mul(pdiv(x[5],x[7]),x[5]), sub(x[7],add(x[5],add(x[2],x[5]))))",True,"greater_than_or_equal(x[5], mul(x[7],mul(add(sub(x[2],x[7]),add(x[5],x[5])),add(sub(x[5],add(sub(x[2],x[7]),add(x[5],39.79))),pdiv(add(x[2],x[7]),add(mul(x[3],x[7]),add(x[5],add(19.01,x[5]))))))))",0.3532934131736527,3c5fcbb6b7ca4e821802a50a42c8e755,0.34730538922155685,True,-0.005988023952095856
8,30,"greater_than_or_equal(pdiv(90.05,x[2]), x[2])",True,"less_than_or_equal(x[2],x[2])",0.35928143712574845,bd082d42dcba8056510101f18394b575,0.35928143712574845,False,0.0
8,30,"greater_than_or_equal(x[5], mul(mul(x[2],mul(x[7],x[7])),40.80))",True,"greater_than_or_equal(pdiv(x[5],add(pdiv(add(x[7],mul(x[7],x[5])),x[2]),x[5])), x[2])",0.35928143712574845,c68c77e4dd6b752f9b88ddab3a287b61,0.3532934131736527,True,-0.0059880239520957446
8,30,"greater_than_or_equal(pdiv(x[5],add(x[5],add(x[2],add(sub(x[7],sub(x[5],x[5])),add(x[5],mul(x[2],x[5])))))), x[5])",True,"greater_than_or_equal(x[5], mul(x[5],add(add(x[2],x[7]),add(x[5],x[5]))))",0.562874251497006,c2e79ecaf076eaafc6d9a84544030ac3,0.5808383233532934,True,0.017964071856287456
8,30,"not_(less_than_or_equal(pdiv(x[5],x[5]),add(mul(x[5],sub(x[7],sub(x[7],mul(pdiv(x[2],x[5]),x[5])))),x[5])))",True,"greater_than_or_equal(pdiv(x[5],x[5]), add(mul(x[2],x[5]),x[5]))",0.2694610778443114,7f1c552431c0c46dd4efbf8ab3f863dd,0.2694610778443114,False,0.0
8,30,"greater_than_or_equal(pdiv(x[3],x[5]), add(x[7],mul(x[2],mul(x[5],add(x[5],x[5])))))",False,,,daa2193e8ab6c15c1fd92325e66603d9,0.28742514970059885,False,0.0
8,30,"greater_than_or_equal(sub(x[2],x[2]), x[5])",True,not_(x[6]),0.6347305389221557,b4068ba57b63c959651c969331c4b5cd,0.6347305389221557,False,0.0
8,30,"greater_than_or_equal(sub(pdiv(x[5],x[5]),x[2]), add(mul(add(pdiv(pdiv(x[0],x[7]),add(x[5],x[5])),mul(mul(x[5],x[0]),x[5])),add(x[7],x[2])),mul(x[5],x[5])))",False,,,d65ad1a652c540686d0cf8dc3117c699,0.31137724550898205,False,0.0
8,30,"greater_than_or_equal(sub(pdiv(x[5],x[5]),x[2]), add(mul(x[5],x[7]),mul(x[7],add(x[3],mul(x[5],add(x[2],x[5]))))))",False,,,c41b11b58d7c832d57dfb1eebdd55de1,0.2455089820359282,False,0.0
8,30,"greater_than_or_equal(pdiv(x[5],x[3]), 92.04)",True,"not_(not_(less_than_or_equal(91.64,pdiv(x[2],pdiv(x[3],x[0])))))",0.6586826347305389,9f39b412647a2bed42ce034a15293284,0.6586826347305389,False,0.0
8,30,"greater_than_or_equal(sub(pdiv(x[7],x[7]),x[7]), mul(x[2],pdiv(add(x[7],add(x[3],x[7])),add(x[3],x[7]))))",False,,,85d4d81a737e5cc3920a7c3c3b1c7ed4,0.23353293413173648,False,0.0
8,30,"greater_than_or_equal(pdiv(x[5],add(x[2],x[7])), x[7])",True,"greater_than_or_equal(x[5], mul(x[7],add(x[7],x[2])))",0.2455089820359282,dbe0ded9608d153cce360999e2a5fae7,0.2455089820359282,False,0.0
8,30,"not_(less_than_or_equal(x[5],mul(x[5],mul(x[2],add(add(x[2],x[7]),x[5])))))",True,"not_(less_than_or_equal(pdiv(x[5],x[5]),mul(x[2],add(add(x[2],x[5]),mul(x[7],mul(add(x[5],add(pdiv(add(x[7],x[5]),x[2]),sub(mul(x[2],add(x[2],x[5])),x[7]))),x[2]))))))",0.25149700598802394,cc8146e6ef927323b83ab597f87fb13b,0.27544910179640714,True,0.0239520958083832
8,30,"greater_than_or_equal(x[5], mul(x[7],x[7]))",True,"not_(less_than_or_equal(x[5],mul(x[7],x[7])))",0.3532934131736527,6208c2f2bc232c7eeeb665b7dcc66661,0.3532934131736527,False,0.0
8,30,"greater_than_or_equal(pdiv(x[5],add(x[5],add(x[2],add(sub(x[7],sub(x[5],x[0])),x[5])))), mul(mul(x[5],add(mul(x[2],x[3]),x[7])),x[5]))",False,,,b374f4e466c5962f28e463c5711f9d88,0.2574850299401198,False,0.0
8,30,"greater_than_or_equal(pdiv(x[7],sub(x[2],x[2])), x[2])",True,"not_(greater_than_or_equal(mul(x[7],x[2]), x[7]))",0.34730538922155685,f69cf4961d82af0c72c0014d2a401904,0.34730538922155685,False,0.0
8,30,"not_(less_than_or_equal(x[3],mul(x[5],add(mul(x[5],add(x[7],sub(x[7],x[2]))),x[2]))))",True,"greater_than_or_equal(pdiv(x[3],x[5]), add(mul(mul(x[7],add(add(x[2],x[5]),x[5])),x[5]),x[2]))",0.3293413173652695,aff4ec98c12a50f6aa532978883c87b6,0.32335329341317365,True,-0.005988023952095856
8,30,"greater_than_or_equal(x[5], sub(x[7],sub(x[3],mul(x[2],x[7]))))",False,,,96b3494eecec220e993c754144101500,0.281437125748503,False,0.0
8,30,"greater_than_or_equal(pdiv(x[5],add(x[2],x[5])), mul(add(mul(add(x[5],x[2]),mul(mul(x[2],x[7]),sub(x[5],mul(x[5],x[5])))),add(x[7],x[2])),x[3]))",False,,,a4804e053a3bf0fa2f8133b19348e116,0.2934131736526946,False,0.0
8,30,"greater_than_or_equal(x[5], x[2])",True,"not_(not_(less_than_or_equal(x[2],x[5])))",0.34730538922155685,4af53f79d9ad2ffac455113b88a02dd4,0.34730538922155685,False,0.0
8,30,"greater_than_or_equal(pdiv(x[3],add(x[7],x[2])), x[7])",True,"greater_than_or_equal(add(pdiv(x[3],x[7]),sub(x[7],x[2])), add(x[7],x[7]))",0.2694610778443114,023f7e197519d8190b2d025d2b6f3f86,0.2694610778443114,False,0.0
8,30,"greater_than_or_equal(mul(mul(x[7],add(x[7],x[5])),x[5]), x[2])",False,,,b105f6d462e058beebc4d8d6e4112d89,0.5868263473053892,False,0.0
8,30,"greater_than_or_equal(pdiv(x[5],add(x[2],x[5])), add(mul(x[7],add(x[5],mul(x[2],pdiv(x[5],mul(x[7],add(x[3],x[5])))))),sub(x[0],sub(pdiv(x[2],x[3]),pdiv(x[7],mul(x[2],x[7]))))))",False,,,e6544333e6bde1cfe40c9c07143b2219,0.7065868263473054,False,0.0
8,30,"greater_than_or_equal(x[5], mul(x[7],add(x[5],mul(x[5],add(sub(add(mul(add(x[2],x[7]),x[2]),add(x[0],add(x[5],mul(x[7],add(x[2],add(x[5],x[0])))))),sub(x[5],mul(mul(pdiv(x[5],add(x[2],x[2])),x[5]),x[7]))),add(x[5],x[2]))))))",False,,,0210dc0a1b399b36b249c50c6b4c2154,0.33532934131736525,False,0.0
8,30,"greater_than_or_equal(pdiv(x[5],add(x[2],79.20)), 84.59)",True,not_(x[6]),0.6347305389221557,b4068ba57b63c959651c969331c4b5cd,0.6407185628742516,True,0.005988023952095856
8,30,"greater_than_or_equal(pdiv(x[5],x[5]), add(x[5],mul(x[7],add(x[7],x[7]))))",False,,,247440784e08b0f321db2f86a1e5b36d,0.2694610778443114,False,0.0
8,30,"greater_than_or_equal(x[5], mul(x[7],add(mul(x[0],x[2]),add(mul(x[7],sub(x[3],mul(add(mul(x[7],add(x[2],x[2])),x[2]),add(x[2],x[3])))),add(pdiv(pdiv(x[3],mul(x[7],x[2])),x[7]),pdiv(x[3],x[7]))))))",False,,,729cb0d1d9f2c255e0d9410b83f173df,0.7065868263473054,False,0.0
8,30,"greater_than_or_equal(sub(x[5],x[2]), add(pdiv(x[7],x[7]),mul(mul(x[2],x[0]),x[7])))",True,not_(x[6]),0.6347305389221557,b4068ba57b63c959651c969331c4b5cd,0.6407185628742516,True,0.005988023952095856
8,30,"greater_than_or_equal(sub(mul(x[5],mul(mul(x[2],x[2]),sub(pdiv(add(pdiv(x[7],x[5]),x[2]),x[0]),78.97))),x[0]), mul(x[5],x[7]))",True,not_(x[6]),0.6347305389221557,b4068ba57b63c959651c969331c4b5cd,0.6347305389221557,False,0.0
8,30,"greater_than_or_equal(pdiv(x[5],x[5]), add(x[7],mul(x[0],sub(x[3],mul(add(pdiv(sub(x[2],add(mul(x[5],x[2]),x[7])),sub(x[5],add(sub(x[2],x[5]),add(add(x[7],x[0]),x[2])))),x[7]),x[2])))))",False,,,b6db01cde5e118ebdde21189d7c2c66a,0.35928143712574845,False,0.0
8,30,"greater_than_or_equal(x[0], x[5])",True,"less_than_or_equal(x[5],x[0])",0.6227544910179641,2aedc6e15176de9ec0c909a1a3b35796,0.6227544910179641,False,0.0
8,30,"greater_than_or_equal(pdiv(x[5],x[5]), add(x[0],x[2]))",True,"not_(less_than_or_equal(pdiv(x[5],x[5]),add(x[0],x[2])))",0.34730538922155685,c426607f0a92b79fd094d06b3453a190,0.34730538922155685,False,0.0
8,30,"greater_than_or_equal(pdiv(x[5],x[5]), add(x[7],add(mul(x[2],add(mul(pdiv(x[5],x[5]),add(x[2],pdiv(x[5],add(x[2],x[7])))),x[7])),x[7])))",False,,,9988c398cfcb16b95e8412fe8c05f0b6,0.2934131736526946,False,0.0
8,30,"greater_than_or_equal(sub(pdiv(x[7],x[7]),x[7]), mul(x[7],add(x[2],x[2])))",True,"greater_than_or_equal(sub(pdiv(x[7],x[7]),x[7]), mul(x[7],add(x[2],x[2])))",0.20359281437125754,95970d13af32bda1e3f8ad029c9f477c,0.20359281437125754,False,0.0
8,30,"greater_than_or_equal(pdiv(x[5],sub(x[2],x[7])), x[5])",True,"less_than_or_equal(add(x[5],x[7]),add(x[5],x[2]))",0.5269461077844311,544b4f45aa71542bcadfaa9d165fdbeb,0.5209580838323353,True,-0.0059880239520957446
8,30,"greater_than_or_equal(pdiv(x[5],x[7]), add(x[7],x[5]))",True,"greater_than_or_equal(x[5], mul(x[7],add(x[7],x[5])))",0.22754491017964074,051dec5cdded21754165aaf5f887a47e,0.22754491017964074,False,0.0
8,30,"greater_than_or_equal(pdiv(x[5],add(x[5],x[5])), mul(x[7],x[0]))",True,"less_than_or_equal(x[2],x[2])",0.35928143712574845,bd082d42dcba8056510101f18394b575,0.35928143712574845,False,0.0
8,30,"greater_than_or_equal(sub(pdiv(x[5],x[5]),x[2]), x[2])",True,"not_(less_than_or_equal(pdiv(x[5],x[5]),add(x[2],x[2])))",0.25149700598802394,b1dd33075a09479c47bb17a355eef7af,0.25149700598802394,False,0.0
8,30,"greater_than_or_equal(pdiv(x[3],x[5]), add(x[7],x[7]))",True,"greater_than_or_equal(sub(pdiv(x[3],x[7]),mul(x[5],add(x[2],x[5]))), x[5])",0.3293413173652695,cdea426fb8729e21fdc10ebd1a9b5272,0.3293413173652695,False,0.0
8,30,"greater_than_or_equal(sub(pdiv(x[5],mul(mul(add(x[5],x[2]),x[2]),x[3])),add(add(sub(x[5],mul(x[5],x[5])),add(x[7],x[2])),x[3])), x[5])",False,,,cc6ecf2c0c06b7092057c6e5a22e048f,0.29940119760479045,False,0.0
8,30,"greater_than_or_equal(sub(pdiv(x[5],x[7]),x[0]), add(add(x[5],x[7]),add(x[0],mul(add(x[5],x[7]),x[2]))))",True,"not_(less_than_or_equal(pdiv(x[5],x[7]),mul(pdiv(add(add(pdiv(x[2],37.90),pdiv(x[0],x[7])),add(x[7],pdiv(x[3],x[7]))),x[3]),x[7])))",0.3413173652694611,c3603a2cdcf531c222f67626eea1b528,0.3053892215568862,True,-0.03592814371257491
8,30,"greater_than_or_equal(x[2], x[5])",True,"less_than_or_equal(x[5],x[2])",0.652694610778443,6fb17002302e404122653cf2c68db553,0.652694610778443,False,0.0
8,30,"not_(less_than_or_equal(add(mul(sub(x[7],x[2]),x[2]),x[5]),x[5]))",False,,,b42ccd90c65be922d97632371b69b5ca,0.4970059880239521,False,0.0
8,30,"greater_than_or_equal(pdiv(x[5],x[5]), add(x[7],mul(x[7],x[7])))",True,"greater_than_or_equal(pdiv(x[5],x[5]), add(x[7],mul(x[7],x[7])))",0.22155688622754488,6ebc9093742e2fb247866417bd7ae5cb,0.22155688622754488,False,0.0
8,30,"greater_than_or_equal(sub(pdiv(x[5],x[5]),x[2]), add(mul(x[5],mul(x[3],x[5])),x[7]))",True,"greater_than_or_equal(sub(pdiv(x[5],x[5]),x[2]), add(mul(x[5],mul(x[3],x[5])),x[7]))",0.22754491017964074,0d312392bdc54878b9dd90a1aed9c342,0.22754491017964074,False,0.0
8,30,"greater_than_or_equal(x[5], mul(x[3],add(mul(sub(pdiv(pdiv(x[3],add(x[5],mul(x[7],add(x[5],mul(x[2],add(x[3],pdiv(mul(x[2],x[2]),add(x[2],x[2])))))))),x[5]),x[5]),x[5]),x[2])))",False,,,4fd9764ccdf40f1c43ba42b0d6baf4c2,0.4491017964071856,False,0.0
8,30,"greater_than_or_equal(x[2], mul(add(x[5],x[7]),sub(x[5],mul(x[5],x[5]))))",False,,,ab98147ad0b9da2a8cae52001b5470de,0.5688622754491017,False,0.0
8,30,"not_(less_than_or_equal(pdiv(x[5],sub(mul(x[5],x[5]),x[2])),mul(x[2],x[5])))",True,"greater_than_or_equal(mul(x[5],x[5]), x[2])",0.43113772455089816,27c9a0656cbf90b6dfaeb7687812c890,0.43113772455089816,False,0.0
8,30,"greater_than_or_equal(x[5], mul(x[7],x[5]))",True,"less_than_or_equal(x[2],x[2])",0.35928143712574845,bd082d42dcba8056510101f18394b575,0.35928143712574845,False,0.0
8,30,"greater_than_or_equal(sub(x[3],add(x[7],x[7])), mul(x[7],add(x[2],x[2])))",True,"not_(greater_than_or_equal(mul(x[7],add(pdiv(mul(x[2],add(mul(x[0],x[2]),x[5])),sub(x[2],x[2])),add(pdiv(pdiv(x[5],x[5]),add(x[3],x[7])),mul(x[7],x[5])))), x[3]))",0.4730538922155688,1da30713451a48f0316f193d08afba52,0.45508982035928147,True,-0.017964071856287345
8,30,"greater_than_or_equal(pdiv(x[5],x[5]), add(x[7],mul(x[5],x[0])))",False,,,2375fe2a094295a61f0a48fad3990b35,0.3173652694610778,False,0.0
8,30,"greater_than_or_equal(pdiv(x[5],x[5]), pdiv(mul(x[7],x[0]),x[7]))",True,"less_than_or_equal(x[2],x[2])",0.35928143712574845,bd082d42dcba8056510101f18394b575,0.35928143712574845,False,0.0
8,30,"greater_than_or_equal(sub(pdiv(add(x[5],x[7]),sub(x[5],mul(x[5],pdiv(pdiv(add(x[7],x[2]),x[3]),x[5])))),add(x[3],add(sub(x[3],x[7]),x[5]))), add(sub(x[7],x[3]),x[7]))",True,"greater_than_or_equal(sub(pdiv(x[5],x[7]),mul(mul(mul(pdiv(add(pdiv(45.34,mul(x[3],add(x[5],x[2]))),x[3]),mul(sub(pdiv(add(x[7],x[2]),x[3]),x[5]),x[5])),add(x[2],x[5])),x[5]),pdiv(x[5],x[5]))), add(x[5],x[2]))",0.5568862275449102,a7aa589fe667651d87abe88a06e70d44,0.5508982035928144,True,-0.005988023952095856
8,30,"not_(less_than_or_equal(pdiv(x[5],mul(add(x[5],x[2]),x[5])),mul(x[5],x[2])))",True,"not_(less_than_or_equal(pdiv(pdiv(pdiv(x[2],x[2]),x[5]),add(x[2],x[2])),mul(x[5],x[5])))",0.33532934131736525,12d175981c4ec5803629683651b72e04,0.3293413173652695,True,-0.0059880239520957446
8,30,"greater_than_or_equal(pdiv(x[5],x[5]), add(x[7],mul(x[7],x[2])))",True,"greater_than_or_equal(pdiv(x[5],x[5]), add(x[7],mul(x[7],x[2])))",0.23952095808383234,0a59dd1a7af4fa849a2c5d4611cd3eab,0.23952095808383234,False,0.0
8,30,"greater_than_or_equal(pdiv(x[5],x[5]), add(x[7],mul(x[0],sub(x[3],mul(x[7],sub(sub(x[0],x[5]),x[2]))))))",False,,,1165b912bf3a30379e3163efbd145293,0.2934131736526946,False,0.0
8,30,"greater_than_or_equal(pdiv(x[5],add(x[2],x[5])), mul(x[7],add(x[5],x[3])))",True,"greater_than_or_equal(sub(pdiv(x[5],x[5]),mul(x[7],add(x[7],x[2]))), x[3])",0.23952095808383234,28ec52dd7333cc1c240b9eacee8d6909,0.2455089820359282,True,0.005988023952095856
8,30,"greater_than_or_equal(sub(pdiv(x[7],x[7]),x[2]), x[3])",True,"not_(less_than_or_equal(pdiv(x[5],x[5]),add(x[2],x[3])))",0.2694610778443114,8e10ebf505ba211742b7164524309595,0.2694610778443114,False,0.0
8,30,"less_than_or_equal(x[3],add(x[7],x[7]))",True,"not_(less_than_or_equal(x[7],sub(x[3],x[7])))",0.5868263473053892,f21df9d8c2ca878482c37ae6599e2312,0.5868263473053892,False,0.0
8,30,"greater_than_or_equal(sub(pdiv(x[5],x[5]),x[2]), mul(x[5],add(add(pdiv(pdiv(add(sub(mul(x[7],x[3]),pdiv(pdiv(x[5],x[7]),x[0])),mul(x[7],add(x[7],add(x[0],mul(add(add(add(x[7],x[2]),x[7]),x[2]),x[3]))))),add(x[2],x[7])),sub(sub(x[5],sub(x[0],x[3])),mul(x[7],add(mul(x[5],sub(sub(sub(sub(x[2],x[2]),x[2]),x[5]),mul(x[7],add(x[7],x[5])))),x[5])))),x[2]),add(sub(x[7],x[7]),pdiv(x[5],x[5])))))",False,,,0ba23d5a08f30506df38f5a0218dbfdf,0.29940119760479045,False,0.0
8,30,"greater_than_or_equal(pdiv(x[5],x[0]), x[7])",True,"not_(less_than_or_equal(pdiv(x[5],x[0]),x[0]))",0.35928143712574845,5372ceb8b23ce5e1dd3bf5c2fc3a57aa,0.3413173652694611,True,-0.017964071856287345
8,30,"greater_than_or_equal(sub(x[5],mul(sub(x[2],mul(mul(add(x[0],x[2]),x[2]),x[7])),x[3])), x[7])",False,,,90071113fe4b11d1dffede2ef61dfefb,0.39520958083832336,False,0.0
8,30,"greater_than_or_equal(x[2], x[5])",True,"less_than_or_equal(x[5],x[2])",0.652694610778443,6fb17002302e404122653cf2c68db553,0.652694610778443,False,0.0
8,30,"greater_than_or_equal(pdiv(x[5],x[5]), add(x[7],x[2]))",True,"less_than_or_equal(add(mul(x[7],pdiv(x[5],x[5])),x[2]),add(sub(x[7],x[7]),pdiv(69.44,sub(x[3],x[3]))))",0.19161676646706582,14c6e007ad625f3839f568e9ee8a86e1,0.19161676646706582,False,0.0
8,30,"greater_than_or_equal(pdiv(sub(x[7],mul(x[7],x[2])),sub(x[5],mul(x[5],add(x[0],x[2])))), sub(add(x[5],x[5]),sub(x[2],x[2])))",False,,,2ab9c78134805c2c8cbf0201684874c1,0.6467065868263473,False,0.0
8,30,"greater_than_or_equal(18.04, pdiv(sub(pdiv(x[7],x[7]),x[2]),x[3]))",True,"not_(less_than_or_equal(pdiv(x[3],x[5]),add(pdiv(x[2],30.95),mul(x[0],x[3]))))",0.34730538922155685,4ac8a53c24397a99907b64c745d162c5,0.3413173652694611,True,-0.0059880239520957446
8,30,"greater_than_or_equal(x[3], x[7])",True,"greater_than_or_equal(x[3], x[7])",0.33532934131736525,176c0c35833bc4ae980b10cd773d9ebc,0.33532934131736525,False,0.0
8,30,"not_(greater_than_or_equal(add(x[7],mul(x[5],20.45)), x[7]))",True,not_(x[6]),0.6347305389221557,b4068ba57b63c959651c969331c4b5cd,0.6407185628742516,True,0.005988023952095856
8,30,"greater_than_or_equal(sub(pdiv(x[3],x[5]),x[2]), add(mul(x[5],x[2]),pdiv(x[5],pdiv(pdiv(x[5],add(x[7],x[7])),x[7]))))",False,,,b93efd1d84788343ba575321febf1f64,0.34730538922155685,False,0.0
8,30,"less_than_or_equal(x[5],add(x[2],x[7]))",True,"not_(less_than_or_equal(pdiv(x[7],pdiv(x[5],pdiv(add(x[2],x[5]),x[5]))),x[5]))",0.5508982035928144,cbce40b0a97fa22123e726dc7d433003,0.6107784431137724,True,0.059880239520958
8,30,"greater_than_or_equal(sub(pdiv(x[5],x[7]),pdiv(x[5],add(x[2],x[7]))), x[5])",True,"greater_than_or_equal(sub(pdiv(x[2],x[7]),x[2]), x[7])",0.35928143712574845,2bb4a0ec88ea899f9f566dfc88978959,0.35928143712574845,False,0.0
8,30,"greater_than_or_equal(add(x[5],x[5]), mul(x[2],mul(mul(x[0],x[3]),mul(add(add(add(x[7],pdiv(x[2],mul(add(x[2],x[2]),x[2]))),add(x[2],x[3])),add(pdiv(x[3],pdiv(x[7],add(x[5],x[7]))),sub(x[0],add(pdiv(add(x[5],mul(pdiv(sub(x[5],add(sub(x[2],x[5]),add(pdiv(x[7],x[0]),x[2]))),x[7]),x[2])),sub(add(pdiv(add(mul(x[5],mul(x[5],x[5])),add(x[7],x[2])),x[3]),x[5]),add(x[3],add(sub(x[3],x[7]),x[5])))),add(sub(x[7],x[3]),x[7]))))),sub(x[3],x[7])))))",True,"less_than_or_equal(x[2],x[2])",0.35928143712574845,bd082d42dcba8056510101f18394b575,0.3532934131736527,True,-0.0059880239520957446
8,30,"not_(less_than_or_equal(pdiv(x[5],add(x[7],pdiv(mul(x[7],x[2]),x[2]))),sub(pdiv(x[5],x[7]),x[5])))",True,"less_than_or_equal(x[5],mul(x[7],add(x[5],x[5])))",0.7485029940119761,77a959e5b70589687d783f7113d9af76,0.7544910179640718,True,0.0059880239520957446
8,30,"greater_than_or_equal(sub(x[5],x[7]), add(add(mul(x[7],x[2]),mul(add(x[5],add(x[7],mul(x[2],x[5]))),x[5])),pdiv(x[5],x[5])))",True,not_(x[6]),0.6347305389221557,b4068ba57b63c959651c969331c4b5cd,0.6407185628742516,True,0.005988023952095856
8,30,"greater_than_or_equal(x[3], x[5])",True,"less_than_or_equal(x[5],x[3])",0.5089820359281437,1d4d287fbe015bbb313f097e26f5bc37,0.5089820359281437,False,0.0
8,30,"greater_than_or_equal(pdiv(x[5],mul(x[7],add(mul(pdiv(pdiv(x[2],x[5]),mul(x[7],add(x[5],x[2]))),x[7]),sub(sub(x[5],sub(x[0],x[3])),mul(x[7],add(mul(x[2],mul(92.04,add(x[2],x[7]))),sub(sub(x[5],sub(x[0],x[3])),mul(x[7],add(mul(x[5],sub(sub(sub(sub(x[2],x[2]),x[2]),x[5]),mul(x[7],add(x[7],x[5])))),x[5]))))))))), x[2])",True,"greater_than_or_equal(sub(x[5],add(mul(x[7],add(x[5],mul(x[5],add(x[7],x[5])))),mul(add(add(x[0],x[7]),x[7]),x[0]))), x[2])",0.4011976047904192,98ec4f62ecd2b75a6c4e79a3f0dec494,0.43113772455089816,True,0.029940119760478945
8,30,"greater_than_or_equal(sub(pdiv(pdiv(mul(x[5],x[2]),add(mul(x[5],x[7]),mul(x[7],add(x[2],x[5])))),sub(sub(sub(sub(x[2],x[2]),x[2]),x[5]),mul(x[7],add(x[7],x[5])))),x[5]), x[3])",True,not_(x[6]),0.6347305389221557,b4068ba57b63c959651c969331c4b5cd,0.6407185628742516,True,0.005988023952095856
8,30,"greater_than_or_equal(sub(pdiv(x[5],x[7]),x[2]), mul(x[7],add(x[7],add(x[0],mul(add(x[7],x[7]),x[2])))))",False,,,29846ed34fe0e499557b20d4e58ff2ed,0.22754491017964074,False,0.0
8,30,"greater_than_or_equal(x[5], mul(x[3],add(mul(mul(pdiv(x[5],x[5]),x[2]),x[5]),x[5])))",False,,,38c8fb4656538137b64aa70699aa0ab5,0.3413173652694611,False,0.0
8,30,"not_(less_than_or_equal(pdiv(x[2],x[5]),x[7]))",True,"less_than_or_equal(x[7],pdiv(x[2],x[5]))",0.45508982035928147,d33cfc188406cf3750d6a42207b463ce,0.45508982035928147,False,0.0
8,30,"greater_than_or_equal(pdiv(x[5],add(x[2],x[5])), add(x[7],add(x[5],x[2])))",True,"greater_than_or_equal(sub(pdiv(x[5],x[5]),x[5]), add(x[7],mul(add(mul(x[7],x[7]),x[7]),add(sub(x[7],sub(mul(x[7],x[0]),sub(pdiv(x[2],x[7]),x[5]))),pdiv(x[2],x[7])))))",0.4850299401197605,da1da287ebcadcb49644987262c1501e,0.5688622754491017,True,0.0838323353293412
8,30,"greater_than_or_equal(x[5], mul(x[7],mul(mul(x[2],x[7]),add(sub(x[0],mul(x[5],sub(sub(add(x[5],x[7]),add(x[5],add(x[7],sub(x[3],add(pdiv(add(x[7],x[5]),x[7]),sub(x[5],mul(x[5],x[5]))))))),add(x[7],x[2])))),x[3]))))",True,"not_(greater_than_or_equal(mul(x[7],add(x[5],x[7])), add(pdiv(mul(x[2],add(x[5],x[5])),x[2]),add(sub(x[7],x[7]),pdiv(x[5],x[3])))))",0.32335329341317365,6879d8556cd3538b7aad64e5d345873a,0.32335329341317365,False,0.0
8,30,"greater_than_or_equal(pdiv(x[5],x[7]), add(x[7],sub(sub(x[5],sub(x[0],x[7])),add(x[5],x[2]))))",False,,,b251e0d570e6acde6e115d7979c0274e,0.3293413173652695,False,0.0
8,30,"greater_than_or_equal(x[3], mul(x[5],add(x[2],x[2])))",True,"greater_than_or_equal(x[3], mul(x[2],add(x[5],x[5])))",0.3293413173652695,107c654fae90f8895fe469f1d4140743,0.3293413173652695,False,0.0
8,30,"greater_than_or_equal(x[3], mul(x[2],x[7]))",True,"greater_than_or_equal(x[5], mul(x[7],mul(add(sub(x[7],x[7]),x[2]),add(sub(x[7],x[7]),pdiv(x[5],x[3])))))",0.2934131736526946,c999647c3f8349901a4892cae2cb97f9,0.29940119760479045,True,0.005988023952095856
8,30,"greater_than_or_equal(pdiv(x[0],add(x[2],x[5])), mul(add(mul(add(x[5],x[2]),x[5]),mul(x[2],x[2])),x[5]))",False,,,0d797a53dc8209782b04a839da630434,0.5449101796407185,False,0.0
8,30,"greater_than_or_equal(x[3], 58.74)",True,not_(x[6]),0.6347305389221557,b4068ba57b63c959651c969331c4b5cd,0.6407185628742516,True,0.005988023952095856
8,30,"greater_than_or_equal(pdiv(x[5],x[2]), mul(mul(mul(x[7],add(add(x[5],x[2]),add(mul(x[2],x[2]),x[5]))),x[5]),add(x[7],mul(x[7],x[2]))))",False,,,5a1a0598b695197e1ee7415ccb98faf8,0.28742514970059885,False,0.0
8,30,"greater_than_or_equal(sub(pdiv(x[5],mul(x[7],x[7])),add(x[5],x[7])), add(x[5],x[7]))",True,"greater_than_or_equal(x[5], mul(x[7],add(mul(x[5],x[5]),x[7])))",0.22754491017964074,f88292475aa3ad5b7cf26090c3cdc424,0.25149700598802394,True,0.0239520958083832
8,30,"greater_than_or_equal(x[3], mul(x[7],add(x[7],sub(add(sub(x[3],mul(add(x[3],pdiv(x[7],x[5])),x[5])),x[2]),x[2]))))",True,"less_than_or_equal(x[2],x[2])",0.35928143712574845,bd082d42dcba8056510101f18394b575,0.35928143712574845,False,0.0
8,30,"greater_than_or_equal(pdiv(x[5],mul(x[7],mul(add(mul(x[2],x[3]),x[5]),add(x[5],x[3])))), sub(mul(x[7],pdiv(pdiv(x[3],x[5]),x[7])),pdiv(x[7],x[3])))",True,"less_than_or_equal(pdiv(sub(x[3],x[5]),pdiv(x[2],x[2])),x[5])",0.3652694610778443,8f63ec6eb4b45627ddab1b215f2fa10a,0.3293413173652695,True,-0.0359281437125748
8,30,"less_than_or_equal(x[7],mul(x[7],add(sub(x[7],sub(x[0],x[5])),pdiv(x[5],x[5]))))",True,"less_than_or_equal(x[2],x[2])",0.35928143712574845,bd082d42dcba8056510101f18394b575,0.37125748502994016,True,0.011976047904191711
8,30,"greater_than_or_equal(pdiv(x[5],add(x[2],x[5])), add(mul(x[7],add(x[2],mul(x[2],pdiv(x[5],mul(x[7],add(30.95,x[7])))))),x[5]))",False,,,10a79d7525603b44003f4f5bc77e402d,0.2574850299401198,False,0.0
8,30,"greater_than_or_equal(pdiv(add(x[5],sub(x[2],sub(pdiv(x[2],x[5]),mul(x[7],add(x[7],x[5]))))),x[5]), x[2])",True,"greater_than_or_equal(x[5], mul(x[7],sub(mul(sub(pdiv(x[5],mul(x[5],mul(x[5],add(x[2],add(x[5],x[2]))))),add(sub(x[7],sub(x[3],mul(x[5],x[7]))),add(x[2],x[7]))),x[2]),add(x[2],x[3]))))",0.3173652694610778,3bcc10adb344282518601b7a1b5d9995,0.40718562874251496,True,0.08982035928143717
8,30,"greater_than_or_equal(x[5], mul(x[7],add(add(x[0],x[5]),mul(x[2],pdiv(x[5],mul(x[7],add(mul(x[7],sub(x[7],mul(x[5],x[7]))),add(x[2],x[7]))))))))",False,,,cb0ccc4112b0d5036ecf4947c4a5c825,0.23353293413173648,False,0.0
8,30,"greater_than_or_equal(pdiv(x[5],add(x[2],x[5])), mul(add(mul(x[5],x[2]),add(mul(x[5],mul(x[3],x[5])),x[7])),x[5]))",False,,,001cdae3c4106468731875dc9675ed42,0.22754491017964074,False,0.0
8,30,"greater_than_or_equal(pdiv(93.59,x[7]), x[2])",True,"less_than_or_equal(x[2],x[2])",0.35928143712574845,bd082d42dcba8056510101f18394b575,0.35928143712574845,False,0.0
8,30,"greater_than_or_equal(sub(pdiv(x[5],mul(x[7],pdiv(x[2],x[7]))),add(x[5],x[2])), x[5])",False,,,53c528e6e9cebea862ede10b530bf12e,0.3413173652694611,False,0.0
8,30,"greater_than_or_equal(x[5], mul(add(x[5],x[5]),x[2]))",True,"not_(less_than_or_equal(pdiv(x[5],x[5]),add(x[2],x[2])))",0.25149700598802394,b1dd33075a09479c47bb17a355eef7af,0.25149700598802394,False,0.0
8,30,"greater_than_or_equal(pdiv(x[5],add(sub(x[5],pdiv(x[7],x[2])),x[5])), x[5])",False,,,869ac3471682b923e8bdaa92feddeab3,0.5329341317365269,False,0.0
8,30,"greater_than_or_equal(pdiv(x[5],x[5]), add(x[7],x[2]))",True,"less_than_or_equal(add(mul(x[7],pdiv(x[5],x[5])),x[2]),add(sub(x[7],x[7]),pdiv(69.44,sub(x[3],x[3]))))",0.19161676646706582,14c6e007ad625f3839f568e9ee8a86e1,0.19161676646706582,False,0.0
8,30,"greater_than_or_equal(sub(pdiv(x[5],pdiv(20.45,sub(add(x[2],x[5]),x[7]))),sub(x[5],mul(x[5],x[5]))), add(x[7],x[2]))",True,not_(x[6]),0.6347305389221557,b4068ba57b63c959651c969331c4b5cd,0.6407185628742516,True,0.005988023952095856
8,30,"greater_than_or_equal(x[5], mul(x[2],pdiv(x[5],x[5])))",True,"not_(not_(less_than_or_equal(x[2],x[5])))",0.34730538922155685,4af53f79d9ad2ffac455113b88a02dd4,0.34730538922155685,False,0.0
8,30,"greater_than_or_equal(sub(pdiv(x[5],x[5]),x[2]), x[5])",True,"not_(less_than_or_equal(pdiv(x[5],x[5]),add(x[5],x[2])))",0.2455089820359282,5825d6d8d32996f2f81bb41cc0bfa92f,0.2455089820359282,False,0.0
8,30,"not_(less_than_or_equal(pdiv(sub(add(mul(x[7],add(x[2],x[7])),sub(sub(x[5],sub(mul(add(x[5],x[5]),x[0]),mul(x[5],54.39))),x[7])),x[2]),add(x[5],x[0])),add(add(x[0],x[7]),x[2])))",True,"not_(less_than_or_equal(pdiv(x[5],x[0]),x[0]))",0.35928143712574845,5372ceb8b23ce5e1dd3bf5c2fc3a57aa,0.3532934131736527,True,-0.0059880239520957446
8,30,"greater_than_or_equal(x[5], mul(x[7],sub(x[5],sub(mul(x[5],add(x[7],mul(x[7],add(x[7],x[0])))),x[2]))))",True,"less_than_or_equal(sub(mul(x[2],x[7]),mul(x[0],x[7])),pdiv(mul(x[7],x[5]),add(x[3],x[0])))",0.33532934131736525,3196da2bdbd782d607c6576ee8113934,0.3413173652694611,True,0.005988023952095856
8,30,"greater_than_or_equal(pdiv(x[2],sub(pdiv(x[7],x[7]),x[2])), x[3])",False,,,def1395c78335ed1a475297357600c12,0.652694610778443,False,0.0
8,30,"not_(less_than_or_equal(pdiv(x[5],x[5]),add(mul(x[5],add(x[3],mul(add(x[2],pdiv(x[3],x[5])),x[7]))),x[2])))",False,,,c753bbd6cb8ccf488c254473a0c40f13,0.25149700598802394,False,0.0
8,30,"not_(less_than_or_equal(x[5],mul(x[5],mul(pdiv(sub(x[7],x[2]),97.45),x[5]))))",True,"less_than_or_equal(x[2],x[2])",0.35928143712574845,bd082d42dcba8056510101f18394b575,0.3652694610778443,True,0.005988023952095856
8,30,"greater_than_or_equal(x[3], mul(x[7],add(x[7],x[7])))",True,"greater_than_or_equal(x[3], mul(x[7],add(x[7],x[7])))",0.26347305389221554,0d7214fa3d6f4eaa7662dbf3d34e2531,0.26347305389221554,False,0.0
8,30,"greater_than_or_equal(pdiv(x[5],add(x[5],x[3])), mul(x[5],sub(sub(add(x[5],x[7]),add(x[5],x[7])),x[7])))",True,"less_than_or_equal(x[2],x[2])",0.35928143712574845,bd082d42dcba8056510101f18394b575,0.35928143712574845,False,0.0
8,30,"greater_than_or_equal(add(x[3],add(x[7],sub(pdiv(mul(x[7],add(x[5],mul(pdiv(x[5],x[5]),x[5]))),x[2]),add(sub(x[7],x[7]),pdiv(x[5],x[5]))))), mul(mul(x[5],x[7]),pdiv(x[7],x[3])))",False,,,1f16a1f9f5765b8d10402918d0690697,0.38323353293413176,False,0.0
8,30,"greater_than_or_equal(x[5], add(x[5],add(add(02.23,x[5]),x[5])))",True,not_(x[6]),0.6347305389221557,b4068ba57b63c959651c969331c4b5cd,0.6407185628742516,True,0.005988023952095856
8,30,"greater_than_or_equal(x[5], mul(x[2],add(x[7],add(mul(add(x[7],x[5]),add(sub(x[7],x[2]),add(x[7],add(mul(sub(x[7],x[5]),mul(pdiv(pdiv(x[2],x[5]),add(x[7],x[2])),add(x[2],x[2]))),add(x[3],add(x[5],x[2])))))),add(sub(x[7],x[7]),pdiv(x[5],x[5]))))))",True,"greater_than_or_equal(x[5], mul(20.59,mul(x[2],x[7])))",0.4730538922155688,667cc26fb42a80bd880bbafd45215701,0.3532934131736527,True,-0.11976047904191611
8,30,"greater_than_or_equal(pdiv(x[3],mul(add(x[7],x[7]),x[2])), sub(pdiv(add(x[3],pdiv(x[0],00.69)),x[5]),x[5]))",False,,,a7cf4e7f50beb5d5a16ef896f0749c6d,0.35928143712574845,False,0.0
8,30,"greater_than_or_equal(sub(pdiv(x[5],x[7]),mul(x[3],x[5])), add(add(mul(add(x[0],mul(pdiv(x[7],mul(x[7],x[2])),mul(pdiv(00.80,x[7]),x[7]))),x[2]),sub(pdiv(add(x[7],x[3]),pdiv(x[0],00.62)),x[5])),x[7]))",True,"greater_than_or_equal(x[5], mul(x[7],add(x[7],add(x[3],x[7]))))",0.31137724550898205,92552161c5d20d1b9aa117454bb6ae16,0.4131736526946108,True,0.10179640718562877
8,30,"greater_than_or_equal(sub(pdiv(x[5],x[3]),pdiv(x[2],add(x[7],mul(x[5],x[7])))), sub(add(x[2],sub(pdiv(add(x[7],x[2]),x[0]),00.69)),x[5]))",False,,,60c065b2b8b17dd3d75b32dca453915f,0.39520958083832336,False,0.0
8,30,"not_(less_than_or_equal(x[5],mul(x[5],mul(x[2],add(add(x[2],x[7]),x[5])))))",True,"not_(less_than_or_equal(pdiv(x[5],x[5]),mul(x[2],add(add(x[2],x[5]),mul(x[7],mul(add(x[5],add(pdiv(add(x[7],x[5]),x[2]),sub(mul(x[2],add(x[2],x[5])),x[7]))),x[2]))))))",0.25149700598802394,cc8146e6ef927323b83ab597f87fb13b,0.27544910179640714,True,0.0239520958083832
8,30,"greater_than_or_equal(pdiv(mul(x[0],add(x[7],x[2])),add(x[0],add(x[5],mul(x[7],mul(x[2],add(x[5],x[0])))))), mul(x[7],x[7]))",True,"less_than_or_equal(mul(mul(x[7],x[7]),add(pdiv(x[5],x[5]),add(x[5],x[2]))),x[0])",0.49101796407185627,72f66bbb110430f6ad8cbc02dd618010,0.4970059880239521,True,0.005988023952095856
8,30,"greater_than_or_equal(pdiv(x[5],add(x[2],mul(92.04,add(x[2],x[5])))), x[2])",True,"greater_than_or_equal(pdiv(mul(x[5],x[2]),pdiv(x[2],x[5])), add(sub(x[7],x[7]),add(x[5],x[0])))",0.6107784431137724,ec48eb4aba9f475884bcf9e8f28adadc,0.6167664670658682,True,0.005988023952095856
8,30,"greater_than_or_equal(sub(pdiv(x[7],x[7]),x[2]), mul(mul(x[5],x[5]),add(sub(x[3],mul(x[5],x[7])),add(x[5],x[7]))))",False,,,3f9f767474f51a0ea5aa48cd53f9655d,0.27544910179640714,False,0.0
8,30,"greater_than_or_equal(x[3], mul(x[7],add(26.44,add(x[5],pdiv(00.69,x[5])))))",True,not_(x[6]),0.6347305389221557,b4068ba57b63c959651c969331c4b5cd,0.6407185628742516,True,0.005988023952095856
8,30,"greater_than_or_equal(x[5], mul(54.53,add(x[2],x[2])))",True,"greater_than_or_equal(pdiv(mul(x[5],x[2]),pdiv(x[2],x[5])), add(sub(x[7],x[7]),add(x[5],x[0])))",0.6107784431137724,ec48eb4aba9f475884bcf9e8f28adadc,0.6167664670658682,True,0.005988023952095856
8,30,"greater_than_or_equal(pdiv(x[5],add(add(x[2],add(x[2],x[5])),00.39)), add(sub(add(add(x[5],x[2]),add(x[0],add(x[3],sub(x[2],pdiv(x[7],add(add(add(pdiv(x[2],x[5]),mul(x[5],add(x[2],x[5]))),x[0]),x[5])))))),x[7]),x[7]))",False,,,5ab4f91158194db2b61ddc84a2fb7e6e,0.6227544910179641,False,0.0
8,30,"greater_than_or_equal(x[7], add(mul(x[2],pdiv(x[5],add(x[2],x[2]))),x[5]))",False,,,74d644ea2d673826c92bce59f7522f9c,0.6586826347305389,False,0.0
8,30,"greater_than_or_equal(x[5], mul(pdiv(x[5],x[5]),add(x[7],mul(x[7],add(x[7],x[0])))))",True,"not_(less_than_or_equal(pdiv(x[3],x[7]),add(x[7],pdiv(x[3],x[5]))))",0.3293413173652695,74dce5cb961f14b3bdac896efda7926c,0.34730538922155685,True,0.017964071856287345
8,30,"greater_than_or_equal(mul(mul(x[7],pdiv(x[7],x[7])),sub(x[3],mul(x[5],sub(sub(add(x[0],x[7]),add(x[5],x[7])),x[7])))), x[7])",False,,,42853b3a1abb5cd1381dd91bb4b25159,0.6107784431137724,False,0.0
8,30,"greater_than_or_equal(x[2], x[5])",True,"less_than_or_equal(x[5],x[2])",0.652694610778443,6fb17002302e404122653cf2c68db553,0.652694610778443,False,0.0
8,30,"greater_than_or_equal(pdiv(x[2],pdiv(x[2],add(x[2],x[3]))), x[5])",False,,,7523c09378b54164091831f322996e29,0.4610778443113772,False,0.0
8,30,"greater_than_or_equal(pdiv(sub(x[7],mul(x[7],x[2])),mul(x[5],mul(x[5],add(x[7],add(x[2],mul(mul(x[5],x[5]),x[7])))))), x[5])",True,"greater_than_or_equal(pdiv(sub(x[7],mul(x[7],x[2])),mul(x[5],mul(x[5],add(x[7],add(x[2],mul(mul(x[5],x[5]),x[7])))))), x[5])",0.33532934131736525,8632a973a6e9fc0b3690eebbf2f15497,0.33532934131736525,False,0.0
8,30,"not_(less_than_or_equal(pdiv(add(x[5],x[2]),x[2]),x[5]))",True,"less_than_or_equal(x[2],x[2])",0.35928143712574845,bd082d42dcba8056510101f18394b575,0.35928143712574845,False,0.0
8,30,"not_(less_than_or_equal(x[3],mul(mul(x[7],x[2]),add(x[7],mul(x[5],x[7])))))",True,"greater_than_or_equal(pdiv(x[3],mul(mul(x[7],x[2]),add(x[2],add(x[5],x[2])))), x[7])",0.27544910179640714,98a443b2ac0cf39390c4867638640c0f,0.2934131736526946,True,0.017964071856287456
8,30,"greater_than_or_equal(x[5], mul(x[7],add(mul(sub(mul(x[7],add(x[7],x[2])),x[2]),add(x[5],sub(x[7],add(mul(x[7],x[7]),x[0])))),add(x[5],x[7]))))",False,,,3224ac129c205514b2169e998c736497,0.2694610778443114,False,0.0
8,30,"greater_than_or_equal(x[2], pdiv(x[7],x[7]))",True,"greater_than_or_equal(x[2], pdiv(x[5],x[5]))",0.652694610778443,38d04e9716d0d4822bf3dbdceea9aa84,0.652694610778443,False,0.0
8,30,"not_(less_than_or_equal(pdiv(x[5],x[5]),add(mul(x[7],sub(mul(x[5],x[2]),x[7])),sub(x[5],add(sub(x[2],x[5]),add(add(x[7],x[0]),x[2]))))))",False,,,d0aadfe115165850e175035b1b83fce4,0.40718562874251496,False,0.0
8,30,"greater_than_or_equal(pdiv(x[5],pdiv(x[5],x[7])), pdiv(x[2],x[5]))",True,"less_than_or_equal(x[2],mul(x[5],x[7]))",0.5449101796407185,d608af957328a82c144b0b72c2090c46,0.5389221556886228,True,-0.0059880239520957446
8,30,"greater_than_or_equal(sub(add(x[2],x[7]),x[5]), mul(x[7],sub(x[5],x[7])))",True,"not_(less_than_or_equal(pdiv(x[7],pdiv(x[5],pdiv(add(x[2],x[5]),x[5]))),x[5]))",0.5508982035928144,cbce40b0a97fa22123e726dc7d433003,0.6227544910179641,True,0.07185628742514971
8,30,"greater_than_or_equal(pdiv(x[5],add(x[2],mul(add(x[5],x[2]),x[2]))), pdiv(x[0],add(x[3],x[2])))",True,"greater_than_or_equal(x[5], mul(x[0],add(x[0],add(x[2],x[5]))))",0.38323353293413176,7d79ebdbd21a09fb557b192278e50bd7,0.37125748502994016,True,-0.0119760479041916
8,30,"greater_than_or_equal(pdiv(pdiv(x[5],x[2]),pdiv(add(x[2],sub(x[7],sub(x[3],pdiv(x[5],sub(sub(add(x[5],x[7]),add(x[5],x[7])),x[7]))))),x[7])), add(x[7],x[5]))",False,,,c68dc03dc66d93e4f0ad380b6ca88225,0.6706586826347305,False,0.0
8,30,"greater_than_or_equal(pdiv(x[5],pdiv(x[7],x[5])), x[2])",True,"greater_than_or_equal(x[5], mul(x[7],pdiv(x[2],x[5])))",0.33532934131736525,676818391b19536bb53d829499a7749f,0.33532934131736525,False,0.0
8,30,"greater_than_or_equal(sub(pdiv(x[7],x[7]),x[7]), x[2])",True,"less_than_or_equal(add(mul(x[7],pdiv(x[5],x[5])),x[2]),add(sub(x[7],x[7]),pdiv(69.44,sub(x[3],x[3]))))",0.19161676646706582,14c6e007ad625f3839f568e9ee8a86e1,0.19161676646706582,False,0.0
8,30,"not_(less_than_or_equal(x[5],mul(54.45,x[5])))",True,not_(x[6]),0.6347305389221557,b4068ba57b63c959651c969331c4b5cd,0.6407185628742516,True,0.005988023952095856
8,30,"greater_than_or_equal(sub(pdiv(x[5],x[5]),add(mul(x[2],add(add(x[2],x[7]),x[5])),x[3])), x[2])",False,,,18a4cd7793fd1ce28877a00a9caac61e,0.29940119760479045,False,0.0
8,30,"greater_than_or_equal(x[5], mul(x[7],add(x[5],x[7])))",True,"greater_than_or_equal(x[5], mul(x[7],add(x[7],x[5])))",0.22754491017964074,051dec5cdded21754165aaf5f887a47e,0.22754491017964074,False,0.0
8,30,"greater_than_or_equal(x[3], mul(x[7],add(x[5],sub(x[2],pdiv(mul(x[2],x[3]),add(add(x[7],x[0]),x[2]))))))",False,,,5ec82cf76be063b4b203af9ee0568b13,0.32335329341317365,False,0.0
8,30,"greater_than_or_equal(sub(pdiv(sub(pdiv(add(add(x[7],x[2]),sub(x[7],add(x[5],x[0]))),sub(x[3],x[7])),add(x[3],x[7])),add(add(x[2],x[5]),x[5])),x[5]), x[2])",False,,,9554697440b53b9bffd389b92676864d,0.5988023952095809,False,0.0
8,30,"greater_than_or_equal(x[5], mul(x[7],x[3]))",True,"not_(less_than_or_equal(pdiv(x[5],x[3]),x[7]))",0.3413173652694611,e691e9faf9d6cf6a1c64f756c672a16e,0.3413173652694611,False,0.0
8,30,"greater_than_or_equal(x[5], mul(x[2],x[3]))",True,"greater_than_or_equal(add(mul(x[0],x[3]),pdiv(x[5],x[3])), x[2])",0.3293413173652695,f0c5da2fb3fda6018ebf0885b8c1ea67,0.3293413173652695,False,0.0
8,30,"greater_than_or_equal(pdiv(x[5],x[5]), add(x[7],mul(x[7],x[2])))",True,"greater_than_or_equal(pdiv(x[5],x[5]), add(x[7],mul(x[7],x[2])))",0.23952095808383234,0a59dd1a7af4fa849a2c5d4611cd3eab,0.23952095808383234,False,0.0
8,30,"greater_than_or_equal(sub(pdiv(x[3],x[5]),x[2]), add(mul(x[5],x[2]),pdiv(x[5],pdiv(pdiv(x[7],mul(x[5],x[7])),sub(x[5],x[7])))))",False,,,bb31727b53db900a9ea3f8ff7ebd3659,0.33532934131736525,False,0.0
8,30,"greater_than_or_equal(pdiv(x[5],add(x[2],x[7])), x[5])",True,"less_than_or_equal(add(mul(x[7],pdiv(x[5],x[5])),x[2]),add(sub(x[7],x[7]),pdiv(69.44,sub(x[3],x[3]))))",0.19161676646706582,14c6e007ad625f3839f568e9ee8a86e1,0.19161676646706582,False,0.0
8,30,"greater_than_or_equal(mul(add(x[5],x[7]),add(x[5],x[5])), x[7])",True,"greater_than_or_equal(x[5], mul(x[7],sub(mul(sub(pdiv(x[5],mul(x[5],mul(x[5],add(x[2],add(x[5],x[2]))))),add(sub(x[7],sub(x[3],mul(x[5],x[7]))),add(x[2],x[7]))),x[2]),add(x[2],x[3]))))",0.3173652694610778,3bcc10adb344282518601b7a1b5d9995,0.34730538922155685,True,0.029940119760479056
8,30,"greater_than_or_equal(pdiv(x[5],x[5]), x[3])",True,"less_than_or_equal(x[2],x[2])",0.35928143712574845,bd082d42dcba8056510101f18394b575,0.35928143712574845,False,0.0
8,30,"greater_than_or_equal(sub(pdiv(x[5],x[5]),x[2]), add(mul(x[5],mul(x[3],x[5])),x[7]))",True,"greater_than_or_equal(sub(pdiv(x[5],x[5]),x[2]), add(mul(x[5],mul(x[3],x[5])),x[7]))",0.22754491017964074,0d312392bdc54878b9dd90a1aed9c342,0.22754491017964074,False,0.0
8,30,"greater_than_or_equal(sub(pdiv(add(x[2],x[0]),x[7]),add(pdiv(x[5],x[3]),x[7])), x[2])",False,,,941a159640811672f5bb2637c8de1918,0.49101796407185627,False,0.0
8,30,"not_(less_than_or_equal(pdiv(x[5],add(add(x[2],x[0]),x[2])),x[5]))",False,,,af5ca88721c5b6970bbd07b698b244a7,0.23353293413173648,False,0.0
8,30,"greater_than_or_equal(sub(pdiv(x[5],x[7]),x[7]), pdiv(pdiv(x[5],x[5]),add(mul(x[5],add(pdiv(pdiv(x[2],add(x[2],x[2])),x[5]),x[5])),x[5])))",False,,,ddf7d2ca4d2c004158edb7ba316c3bf6,0.35928143712574845,False,0.0
8,30,"greater_than_or_equal(x[5], x[7])",True,"greater_than_or_equal(x[5], x[7])",0.3892215568862275,ca29d589a2290a0489371628a6b32bf4,0.3892215568862275,False,0.0
8,30,"not_(less_than_or_equal(mul(add(x[2],x[2]),x[5]),x[7]))",True,"not_(less_than_or_equal(x[2],pdiv(x[7],add(x[5],x[5]))))",0.562874251497006,6938fdc623caacbc147d96ba42678ad9,0.562874251497006,False,0.0
8,30,"greater_than_or_equal(x[3], mul(mul(mul(x[7],x[2]),mul(x[2],add(86.98,sub(x[7],x[7])))),x[2]))",False,,,c4537f5245b6f627d4450a1de369c827,0.3053892215568862,False,0.0
8,30,"greater_than_or_equal(sub(pdiv(x[5],x[5]),x[7]), pdiv(x[3],sub(add(pdiv(x[0],x[2]),x[0]),add(add(x[2],x[3]),add(x[2],x[5])))))",False,,,65b2c562669d1a429ca63fe87f59ca6b,0.40718562874251496,False,0.0
8,30,"greater_than_or_equal(pdiv(x[5],x[7]), add(mul(pdiv(x[2],mul(mul(add(x[0],x[5]),x[2]),x[7])),x[3]),mul(x[5],add(x[5],x[2]))))",False,,,35bb32fedc21e01787e6801f5db52870,0.5089820359281437,False,0.0
8,30,"less_than_or_equal(mul(pdiv(x[7],x[2]),x[2]),x[2])",False,,,64908121dcf88381280201343116a79a,0.5029940119760479,False,0.0
8,30,"greater_than_or_equal(pdiv(pdiv(x[5],x[2]),pdiv(add(x[2],x[2]),pdiv(x[2],x[2]))), x[7])",True,"greater_than_or_equal(sub(pdiv(x[5],x[2]),x[7]), mul(x[5],pdiv(x[2],pdiv(pdiv(pdiv(add(add(mul(x[0],x[5]),add(x[7],x[2])),x[2]),mul(x[5],mul(x[7],add(mul(x[7],add(x[7],mul(x[5],x[7]))),add(x[2],x[7]))))),x[2]),add(x[2],x[3])))))",0.3053892215568862,a3beb68cc0c929afa500e766d6ebb39b,0.2934131736526946,True,-0.0119760479041916
8,30,"greater_than_or_equal(pdiv(x[3],add(pdiv(x[2],add(x[3],x[2])),x[5])), x[5])",True,"not_(less_than_or_equal(pdiv(x[3],x[5]),add(x[2],x[5])))",0.4251497005988024,3f929fcd8bd0d9dc942c7b3b0b5473b7,0.4491017964071856,True,0.0239520958083832
8,30,"greater_than_or_equal(x[5], add(x[7],add(x[5],x[7])))",True,not_(x[6]),0.6347305389221557,b4068ba57b63c959651c969331c4b5cd,0.6407185628742516,True,0.005988023952095856
8,30,"greater_than_or_equal(pdiv(x[5],x[5]), add(x[7],mul(add(mul(x[0],mul(x[5],x[7])),add(x[5],x[5])),mul(x[2],add(x[5],x[0])))))",True,"greater_than_or_equal(pdiv(x[5],x[5]), add(x[7],mul(x[2],mul(x[5],add(x[5],x[5])))))",0.25149700598802394,6f60b191d2b55b0180ec73d193c9d521,0.2455089820359282,True,-0.0059880239520957446
8,30,"greater_than_or_equal(pdiv(x[5],add(x[2],add(x[5],x[5]))), x[3])",True,"greater_than_or_equal(x[5], mul(x[3],add(add(sub(x[2],x[7]),add(x[5],x[7])),x[5])))",0.5209580838323353,3dd0f0f2b26f015f3c908f82c6072d90,0.5209580838323353,False,0.0
8,30,"less_than_or_equal(x[7],add(mul(add(x[2],x[7]),sub(x[2],x[7])),mul(add(mul(x[5],sub(sub(add(mul(45.20,x[5]),x[2]),x[5]),x[7])),sub(x[3],mul(x[5],sub(sub(add(x[5],x[7]),add(x[5],x[7])),x[7])))),x[7])))",True,"greater_than_or_equal(x[5], sub(x[7],add(x[5],mul(x[7],add(x[5],add(x[2],mul(x[5],x[3])))))))",0.34730538922155685,3971e24361f2a822025a1bf1128b3620,0.34730538922155685,False,0.0
8,30,"greater_than_or_equal(pdiv(x[5],x[5]), add(mul(pdiv(x[5],x[5]),x[5]),x[5]))",True,"not_(less_than_or_equal(pdiv(x[5],x[5]),add(x[5],x[5])))",0.4491017964071856,2218a51fb25443ecfeb7d4f388f41f4b,0.4491017964071856,False,0.0
8,30,"greater_than_or_equal(sub(pdiv(mul(x[5],add(x[7],x[2])),x[2]),x[5]), x[5])",True,"not_(less_than_or_equal(add(mul(sub(x[7],x[2]),x[2]),x[5]),x[5]))",0.4970059880239521,b42ccd90c65be922d97632371b69b5ca,0.49101796407185627,True,-0.005988023952095856
8,30,"greater_than_or_equal(pdiv(mul(x[7],x[2]),x[2]), x[5])",True,"greater_than_or_equal(pdiv(mul(x[7],x[2]),x[2]), x[5])",0.5988023952095809,760ce80be21e4cce01d582cb3ca8dc33,0.5988023952095809,False,0.0
8,30,"not_(less_than_or_equal(pdiv(x[5],x[5]),add(mul(x[5],add(add(x[5],mul(x[7],add(x[5],x[7]))),mul(pdiv(x[5],mul(x[7],add(x[0],mul(mul(x[3],add(x[3],x[2])),add(x[2],x[2]))))),x[5]))),x[5])))",True,"greater_than_or_equal(x[2], add(mul(x[5],add(x[5],x[2])),mul(x[5],add(x[5],x[2]))))",0.6467065868263473,73df14872718f434eb4fafc9aed6b945,0.6167664670658682,True,-0.029940119760479056
8,30,"greater_than_or_equal(x[7], mul(x[7],x[7]))",True,"less_than_or_equal(x[2],x[2])",0.35928143712574845,bd082d42dcba8056510101f18394b575,0.35928143712574845,False,0.0
8,30,"greater_than_or_equal(x[5], mul(x[7],add(mul(add(mul(x[7],add(x[7],x[2])),x[2]),add(x[5],sub(x[5],x[7]))),x[2])))",False,,,7140134c05f63fd23c99fdef12134a4f,0.22155688622754488,False,0.0
8,30,"greater_than_or_equal(sub(x[5],x[2]), add(mul(x[5],mul(mul(x[5],x[2]),sub(pdiv(sub(pdiv(x[7],x[5]),add(pdiv(x[0],x[5]),add(mul(x[0],add(x[7],x[0])),x[7]))),x[7]),x[2]))),x[3]))",False,,,0dc78ffeeff9df2a1fe8de7da07f0f59,0.5568862275449102,False,0.0
8,30,"greater_than_or_equal(x[5], pdiv(x[5],x[0]))",True,not_(x[6]),0.6347305389221557,b4068ba57b63c959651c969331c4b5cd,0.6347305389221557,False,0.0
8,30,"not_(less_than_or_equal(pdiv(pdiv(add(mul(x[7],add(x[2],x[5])),sub(sub(x[5],sub(x[0],add(add(mul(x[5],x[5]),x[5]),sub(sub(x[7],x[2]),x[2])))),x[2])),x[5]),mul(x[7],add(x[5],x[3]))),x[5]))",True,"greater_than_or_equal(add(pdiv(x[5],x[7]),x[5]), mul(x[2],pdiv(x[2],x[7])))",0.34730538922155685,0304307f8fdf18d26eb6902fbe0df4e8,0.39520958083832336,True,0.04790419161676651
8,30,"greater_than_or_equal(sub(x[5],add(x[3],x[5])), mul(sub(mul(add(x[7],x[2]),x[5]),x[2]),add(sub(x[7],x[7]),pdiv(x[5],x[5]))))",True,"less_than_or_equal(x[3],sub(x[2],x[5]))",0.6407185628742516,120f6259a9a8931196e24c92522b267c,0.6227544910179641,True,-0.017964071856287456
8,30,"greater_than_or_equal(x[5], mul(x[7],sub(x[5],x[7])))",True,"less_than_or_equal(x[2],x[2])",0.35928143712574845,bd082d42dcba8056510101f18394b575,0.35928143712574845,False,0.0
8,30,"not_(less_than_or_equal(x[5],mul(x[5],mul(x[2],pdiv(add(x[2],x[7]),x[5])))))",True,"greater_than_or_equal(pdiv(x[5],x[5]), add(add(x[2],mul(x[2],mul(sub(x[7],x[7]),pdiv(x[5],x[5])))),mul(mul(x[7],x[2]),sub(pdiv(add(x[7],x[2]),x[5]),x[5]))))",0.2934131736526946,b2764a6f3ef5bc579589eb89668b6cf5,0.29940119760479045,True,0.005988023952095856
8,30,"greater_than_or_equal(sub(pdiv(x[5],x[7]),pdiv(x[2],x[2])), sub(pdiv(x[7],x[7]),x[7]))",False,,,9e891949e7e93865477957023b4124ba,0.437125748502994,False,0.0
8,30,"greater_than_or_equal(pdiv(x[5],x[5]), add(sub(x[5],pdiv(x[5],mul(x[7],add(x[3],x[5])))),sub(sub(sub(sub(pdiv(x[2],x[5]),mul(x[7],add(x[7],x[5]))),x[5]),x[2]),add(sub(x[7],x[7]),pdiv(x[5],x[5])))))",True,"less_than_or_equal(sub(mul(x[2],x[7]),mul(x[0],x[7])),pdiv(mul(x[7],x[5]),add(x[3],x[0])))",0.33532934131736525,3196da2bdbd782d607c6576ee8113934,0.3293413173652695,True,-0.0059880239520957446
8,30,"greater_than_or_equal(x[5], mul(x[7],add(x[7],mul(add(mul(x[7],x[2]),x[5]),x[7]))))",True,"greater_than_or_equal(x[5], mul(x[7],add(x[7],x[5])))",0.22754491017964074,051dec5cdded21754165aaf5f887a47e,0.22754491017964074,False,0.0
8,30,"greater_than_or_equal(x[5], mul(x[7],add(x[5],mul(x[3],79.09))))",True,"not_(not_(less_than_or_equal(91.64,pdiv(x[2],pdiv(x[3],x[0])))))",0.6586826347305389,9f39b412647a2bed42ce034a15293284,0.6467065868263473,True,-0.0119760479041916
8,30,"greater_than_or_equal(sub(x[5],add(x[2],x[5])), x[0])",True,"greater_than_or_equal(pdiv(mul(x[5],x[2]),pdiv(x[2],x[5])), add(sub(x[7],x[7]),add(x[5],x[0])))",0.6107784431137724,ec48eb4aba9f475884bcf9e8f28adadc,0.6167664670658682,True,0.005988023952095856
8,30,"greater_than_or_equal(pdiv(x[5],x[5]), add(x[7],mul(x[0],add(x[7],x[0]))))",True,"greater_than_or_equal(x[3], mul(add(x[7],x[0]),x[3]))",0.31137724550898205,f5bf9aebb388af6a7cbda4724b01f693,0.31137724550898205,False,0.0
8,30,"greater_than_or_equal(x[5], sub(x[7],sub(x[5],add(x[3],x[2]))))",False,,,bec8b93ede55bd5d89ae874946f48dac,0.44311377245508987,False,0.0
8,30,"greater_than_or_equal(pdiv(x[5],07.23), add(x[7],x[2]))",True,not_(x[6]),0.6347305389221557,b4068ba57b63c959651c969331c4b5cd,0.6407185628742516,True,0.005988023952095856
8,30,"greater_than_or_equal(sub(pdiv(x[5],x[7]),add(x[5],x[5])), mul(x[2],mul(mul(x[0],x[3]),mul(add(add(add(x[7],pdiv(x[2],mul(add(x[2],x[2]),x[2]))),add(x[2],x[3])),add(pdiv(x[3],mul(mul(52.44,add(x[5],mul(x[2],pdiv(x[5],mul(x[5],add(x[3],x[0])))))),sub(x[2],sub(pdiv(x[2],x[5]),mul(x[7],add(x[7],x[5])))))),x[5])),x[2]))))",True,"not_(less_than_or_equal(pdiv(x[5],x[7]),add(x[5],mul(x[7],add(x[5],x[0])))))",0.20958083832335328,f7e39d78e78cd83c657533c1cd2aaeee,0.23952095808383234,True,0.029940119760479056
8,30,"greater_than_or_equal(x[3], x[7])",True,"greater_than_or_equal(x[3], x[7])",0.33532934131736525,176c0c35833bc4ae980b10cd773d9ebc,0.33532934131736525,False,0.0
8,30,"greater_than_or_equal(x[5], mul(mul(mul(x[7],x[2]),mul(pdiv(pdiv(add(89.72,add(x[5],x[5])),mul(x[7],add(mul(x[2],x[2]),x[5]))),x[5]),add(x[7],mul(x[7],x[2])))),sub(mul(add(x[5],add(mul(x[7],add(mul(x[2],x[5]),x[2])),add(x[7],x[2]))),x[2]),x[5])))",False,,,a01c5603c06293a91c23b82b039f6474,0.2694610778443114,False,0.0
8,30,"greater_than_or_equal(x[2], pdiv(sub(x[2],x[7]),x[7]))",False,,,794da099e6ce39d4770f291961f61570,0.47904191616766467,False,0.0
8,30,"greater_than_or_equal(pdiv(x[5],add(x[2],x[5])), mul(sub(mul(add(x[5],x[2]),x[7]),x[2]),add(x[0],add(x[5],mul(x[7],add(x[2],add(x[5],x[0])))))))",False,,,d2ffaa7a857921c0c3dadd9c3dae22ad,0.2574850299401198,False,0.0
8,30,"not_(less_than_or_equal(pdiv(x[5],mul(x[7],add(x[2],x[7]))),sub(sub(x[5],sub(x[0],add(x[5],x[7]))),add(mul(x[5],add(sub(add(x[7],x[5]),add(x[3],x[7])),add(add(x[2],x[5]),x[3]))),x[5]))))",True,"not_(less_than_or_equal(pdiv(x[5],mul(x[7],add(x[2],x[7]))),sub(sub(x[5],sub(x[0],add(x[5],x[7]))),add(mul(x[5],add(sub(add(x[7],x[5]),add(x[3],x[7])),add(add(x[2],x[5]),x[5]))),x[5]))))",0.34730538922155685,d3b534fe77c9176c96eff179a397042d,0.34730538922155685,False,0.0
8,30,"greater_than_or_equal(mul(x[5],x[2]), x[7])",True,"less_than_or_equal(x[7],mul(x[5],x[2]))",0.5868263473053892,4fc846ba581f337a2d2a5969ea7ba4ee,0.5868263473053892,False,0.0
8,30,"not_(less_than_or_equal(pdiv(x[5],x[5]),add(x[7],mul(mul(x[7],add(x[2],add(x[5],x[5]))),add(x[2],x[5])))))",False,,,eda4c2d651ac5850139fd4e862656d96,0.2455089820359282,False,0.0
8,30,"greater_than_or_equal(pdiv(x[5],mul(x[7],x[7])), x[2])",True,"not_(greater_than_or_equal(mul(x[7],add(x[5],x[7])), add(pdiv(mul(x[2],add(x[5],x[5])),x[2]),add(sub(x[7],x[7]),pdiv(x[5],x[3])))))",0.32335329341317365,6879d8556cd3538b7aad64e5d345873a,0.3293413173652695,True,0.005988023952095856
8,30,"not_(less_than_or_equal(x[5],sub(x[5],mul(x[5],mul(x[2],pdiv(x[7],x[7]))))))",True,"less_than_or_equal(pdiv(sub(x[0],x[0]),sub(x[0],x[2])),x[0])",0.38323353293413176,d0734af37aab8e9b6c733bcf8f431f61,0.3892215568862275,True,0.0059880239520957446
8,30,"greater_than_or_equal(pdiv(x[5],add(x[2],x[2])), mul(sub(mul(add(x[5],add(mul(x[2],add(mul(x[2],x[5]),x[2])),add(x[7],x[2]))),x[3]),mul(x[5],add(x[7],mul(x[7],sub(x[3],mul(x[7],sub(sub(x[0],x[5]),x[5]))))))),x[2]))",False,,,8d1448a862f072f4cc41acc9bfdce6ea,0.3293413173652695,False,0.0
8,30,"not_(less_than_or_equal(pdiv(x[5],19.04),x[5]))",True,not_(x[6]),0.6347305389221557,b4068ba57b63c959651c969331c4b5cd,0.6407185628742516,True,0.005988023952095856
8,30,"greater_than_or_equal(x[7], mul(x[7],56.27))",True,not_(x[6]),0.6347305389221557,b4068ba57b63c959651c969331c4b5cd,0.6407185628742516,True,0.005988023952095856
8,30,"greater_than_or_equal(x[2], x[5])",True,"less_than_or_equal(x[5],x[2])",0.652694610778443,6fb17002302e404122653cf2c68db553,0.652694610778443,False,0.0
8,30,"greater_than_or_equal(x[5], pdiv(sub(pdiv(x[5],x[7]),x[2]),x[2]))",False,,,d616db87115e9571e4c05377b323d333,0.7005988023952097,False,0.0
8,30,"greater_than_or_equal(pdiv(x[5],x[2]), mul(x[7],x[5]))",True,"less_than_or_equal(x[2],x[2])",0.35928143712574845,bd082d42dcba8056510101f18394b575,0.35928143712574845,False,0.0
8,30,"greater_than_or_equal(sub(pdiv(x[5],mul(mul(add(x[5],add(add(x[2],x[5]),add(add(pdiv(mul(x[2],x[3]),x[5]),x[5]),x[0]))),sub(x[3],x[7])),add(x[3],x[7]))),add(add(x[2],x[5]),x[5])), x[5])",False,,,706ecc722c9ee8fe8e63c01ba98de812,0.5089820359281437,False,0.0
8,30,"greater_than_or_equal(pdiv(x[5],pdiv(add(x[7],x[7]),x[7])), add(mul(x[7],add(x[2],x[5])),add(x[2],x[5])))",True,not_(x[6]),0.6347305389221557,b4068ba57b63c959651c969331c4b5cd,0.6407185628742516,True,0.005988023952095856
8,30,"greater_than_or_equal(pdiv(x[5],x[7]), add(add(x[5],x[2]),pdiv(add(x[7],mul(x[7],45.09)),pdiv(x[3],add(pdiv(x[3],pdiv(x[7],add(x[2],x[7]))),pdiv(x[3],x[7]))))))",True,not_(x[6]),0.6347305389221557,b4068ba57b63c959651c969331c4b5cd,0.6407185628742516,True,0.005988023952095856
8,30,"greater_than_or_equal(pdiv(x[3],add(x[7],x[2])), x[3])",True,"less_than_or_equal(add(mul(x[7],pdiv(x[5],x[5])),x[2]),add(sub(x[7],x[7]),pdiv(69.44,sub(x[3],x[3]))))",0.19161676646706582,14c6e007ad625f3839f568e9ee8a86e1,0.19161676646706582,False,0.0
8,30,"less_than_or_equal(x[3],mul(x[7],add(pdiv(add(sub(add(x[2],x[5]),x[7]),mul(add(x[7],x[2]),add(x[2],add(x[5],x[2])))),x[3]),x[0])))",False,,,783b46949716a0869ab4f92f5c667aa8,0.6407185628742516,False,0.0
8,30,"greater_than_or_equal(pdiv(sub(x[7],mul(x[7],x[2])),mul(x[7],add(x[5],mul(x[5],add(x[3],add(x[3],mul(add(x[2],x[2]),x[5]))))))), sub(pdiv(x[7],x[7]),x[5]))",False,,,183f359aef90748be1cd740ded91d86a,0.2934131736526946,False,0.0
8,30,"greater_than_or_equal(pdiv(x[5],x[5]), mul(x[5],add(x[7],add(x[2],mul(mul(x[5],x[5]),x[7])))))",False,,,1c26bcd981f4102b8f6d8aa271dffccf,0.27544910179640714,False,0.0
8,30,"greater_than_or_equal(pdiv(x[5],pdiv(add(x[2],add(x[2],x[5])),00.37)), mul(sub(add(add(x[0],x[2]),add(pdiv(sub(add(x[3],mul(x[5],x[7])),add(x[5],add(x[7],mul(x[0],x[3])))),x[7]),add(mul(sub(x[2],x[7]),sub(x[2],x[7])),mul(x[2],x[2])))),pdiv(add(x[3],mul(x[7],add(x[0],x[7]))),add(x[5],x[2]))),mul(x[3],x[7])))",False,,,e76baabb319d1eaf92fbab4b8af8b2e5,0.3532934131736527,False,0.0
8,30,"not_(less_than_or_equal(pdiv(x[5],x[2]),add(mul(x[5],add(x[7],x[2])),x[5])))",True,"not_(less_than_or_equal(pdiv(x[5],x[2]),add(mul(x[5],add(x[7],x[2])),x[5])))",0.26347305389221554,9fd480934c6c672fcbfb26739694bd3f,0.26347305389221554,False,0.0
8,30,"greater_than_or_equal(sub(pdiv(x[2],x[7]),x[7]), mul(x[2],add(x[7],add(mul(sub(x[7],x[5]),mul(x[5],x[2])),x[5]))))",True,"greater_than_or_equal(pdiv(x[2],add(x[2],x[7])), mul(x[7],add(x[5],x[7])))",0.35928143712574845,30bd4aed14d94172b779ab8cb586d44b,0.35928143712574845,False,0.0
8,30,"greater_than_or_equal(x[5], mul(x[7],add(x[7],x[7])))",True,"greater_than_or_equal(x[5], mul(x[7],add(x[7],x[7])))",0.26347305389221554,94282a7a6b76cc442b45c7114793e867,0.26347305389221554,False,0.0
8,30,"greater_than_or_equal(pdiv(x[5],add(x[5],add(add(x[7],x[7]),pdiv(x[3],x[2])))), pdiv(x[0],x[2]))",False,,,5200bcd61ace086e3f17501179223696,0.45508982035928147,False,0.0
8,30,"not_(less_than_or_equal(pdiv(x[5],sub(add(add(x[5],mul(x[2],add(x[2],x[2]))),x[2]),add(sub(x[7],sub(x[5],x[0])),x[5]))),mul(mul(x[5],x[7]),pdiv(x[7],x[3]))))",False,,,0b04cd323b4dfbc1b43384cfae5b1724,0.3173652694610778,False,0.0
8,30,"greater_than_or_equal(sub(pdiv(x[3],x[5]),sub(x[5],add(x[5],mul(x[7],add(x[5],x[2]))))), x[7])",False,,,803be23c4d5f19e98743127b5b752f2b,0.3772455089820359,False,0.0
8,30,"greater_than_or_equal(sub(pdiv(x[7],x[7]),x[7]), mul(mul(x[5],x[2]),x[7]))",False,,,116a2c2f2dc598445ff02307e470803b,0.29940119760479045,False,0.0
8,30,"greater_than_or_equal(sub(pdiv(add(mul(x[7],x[0]),45.90),x[7]),x[5]), x[5])",True,"less_than_or_equal(x[2],x[2])",0.35928143712574845,bd082d42dcba8056510101f18394b575,0.35928143712574845,False,0.0
8,30,"greater_than_or_equal(sub(pdiv(x[7],x[7]),mul(mul(x[2],x[7]),add(x[0],mul(add(x[5],x[7]),x[2])))), x[7])",False,,,6c4911d61798c77770a5d2d1bd2e0bfc,0.28742514970059885,False,0.0
8,30,"greater_than_or_equal(sub(pdiv(x[2],x[5]),mul(x[7],add(x[5],add(add(x[7],sub(sub(x[5],sub(x[0],x[3])),mul(x[7],add(mul(x[5],sub(sub(sub(sub(x[2],x[2]),x[2]),x[5]),mul(x[7],add(x[7],x[5])))),x[5])))),x[2])))), add(sub(x[7],x[7]),pdiv(x[5],x[5])))",False,,,43d00544d5e07f138545afd785ad34be,0.6586826347305389,False,0.0
8,30,"greater_than_or_equal(sub(pdiv(x[5],95.07),x[5]), x[7])",True,not_(x[6]),0.6347305389221557,b4068ba57b63c959651c969331c4b5cd,0.6407185628742516,True,0.005988023952095856
8,30,"greater_than_or_equal(mul(x[2],pdiv(x[5],mul(x[2],add(x[3],x[5])))), sub(add(sub(sub(pdiv(x[2],x[5]),mul(x[7],add(x[7],x[5]))),x[5]),x[2]),add(sub(x[7],x[7]),pdiv(x[5],x[5]))))",True,"less_than_or_equal(sub(mul(x[2],x[7]),mul(x[0],x[7])),pdiv(mul(x[7],x[5]),add(x[3],x[0])))",0.33532934131736525,3196da2bdbd782d607c6576ee8113934,0.3532934131736527,True,0.017964071856287456
8,30,"greater_than_or_equal(pdiv(x[5],add(x[2],x[5])), add(mul(x[7],add(x[2],sub(pdiv(x[5],add(x[7],mul(x[5],mul(x[7],add(mul(sub(x[2],x[7]),sub(x[2],x[7])),mul(x[2],x[2])))))),pdiv(add(x[3],mul(x[7],add(x[0],x[7]))),add(x[5],x[2]))))),mul(x[3],x[7])))",False,,,2b6427429622083d9957fa18f87a1b38,0.28742514970059885,False,0.0
8,30,"greater_than_or_equal(pdiv(x[7],mul(x[7],add(mul(pdiv(add(x[2],x[5]),x[2]),mul(add(x[7],add(sub(x[5],x[2]),pdiv(x[5],x[5]))),x[2])),add(mul(x[5],add(x[7],x[2])),add(x[2],x[2]))))), x[5])",False,,,6eeeefb747183722b1557272dff89596,0.43113772455089816,False,0.0
8,30,"greater_than_or_equal(sub(pdiv(x[7],x[7]),x[7]), mul(x[7],add(x[5],x[2])))",True,"greater_than_or_equal(x[5], mul(x[7],add(mul(x[5],add(x[5],x[2])),x[5])))",0.22155688622754488,e61648116a6f6ca12bb00c96f3f5bd1f,0.22155688622754488,False,0.0
8,30,"greater_than_or_equal(pdiv(x[3],pdiv(x[7],x[2])), sub(mul(mul(add(x[7],x[2]),add(x[2],add(x[5],x[2]))),x[3]),x[0]))",False,,,45658d71829dd034a0ce5ab344a8e5a8,0.3413173652694611,False,0.0
8,30,"not_(less_than_or_equal(pdiv(x[5],x[5]),add(mul(x[5],mul(mul(x[7],sub(x[2],add(sub(add(x[5],mul(x[7],x[0])),x[2]),mul(x[7],add(x[5],x[7]))))),add(x[2],x[5]))),mul(x[2],mul(x[5],mul(x[7],add(mul(x[7],sub(x[7],mul(x[5],x[7]))),add(x[2],x[7]))))))))",True,"less_than_or_equal(x[2],x[2])",0.35928143712574845,bd082d42dcba8056510101f18394b575,0.35928143712574845,False,0.0
8,30,"greater_than_or_equal(sub(pdiv(x[5],x[5]),x[7]), add(mul(x[5],mul(x[0],add(x[2],x[7]))),x[5]))",True,"greater_than_or_equal(pdiv(x[5],x[5]), add(add(x[7],x[0]),x[5]))",0.38323353293413176,e13aa23db313dd681eafce91776358ad,0.33532934131736525,True,-0.04790419161676651
8,30,"greater_than_or_equal(x[2], x[5])",True,"less_than_or_equal(x[5],x[2])",0.652694610778443,6fb17002302e404122653cf2c68db553,0.652694610778443,False,0.0
8,30,"greater_than_or_equal(x[0], x[5])",True,"less_than_or_equal(x[5],x[0])",0.6227544910179641,2aedc6e15176de9ec0c909a1a3b35796,0.6227544910179641,False,0.0
8,30,"not_(less_than_or_equal(pdiv(add(mul(x[5],x[2]),mul(pdiv(00.20,x[7]),x[0])),x[2]),sub(pdiv(add(x[7],x[2]),x[0]),00.69)))",False,,,13e07c8d2f0aacad7e28e244c9921e8f,0.3173652694610778,False,0.0
8,30,"greater_than_or_equal(pdiv(x[5],add(x[2],x[5])), mul(add(mul(add(sub(pdiv(x[2],x[5]),x[2]),add(mul(x[5],mul(x[0],add(x[2],x[7]))),x[5])),x[7]),add(x[3],x[7])),add(x[3],x[7])))",False,,,0bda3c1388d78290bd507cf0bf65ae74,0.41916167664670656,False,0.0
8,30,"less_than_or_equal(x[5],x[2])",True,"less_than_or_equal(x[5],x[2])",0.652694610778443,6fb17002302e404122653cf2c68db553,0.652694610778443,False,0.0
8,30,"greater_than_or_equal(mul(x[7],x[7]), x[2])",False,,,8646ea6f62e200b5ef1a0193ea4b8ea6,0.6167664670658682,False,0.0
8,30,"not_(less_than_or_equal(pdiv(x[5],x[5]),add(mul(x[3],pdiv(add(x[2],x[7]),x[5])),mul(x[7],sub(x[5],x[7])))))",False,,,dd8be859a1f7ed6601a8ec340ba8435e,0.29940119760479045,False,0.0
8,30,"greater_than_or_equal(x[5], mul(x[7],add(x[5],pdiv(add(x[2],x[2]),sub(pdiv(x[5],x[7]),x[2])))))",False,,,80d382a566844452a8d5afef6a4d2332,0.2694610778443114,False,0.0
8,30,"greater_than_or_equal(sub(pdiv(x[5],x[7]),sub(x[5],x[7])), add(x[7],add(x[0],mul(add(x[5],x[7]),x[7]))))",False,,,ce00162bc2490b44b1ca700f8cd88243,0.2694610778443114,False,0.0
8,30,"greater_than_or_equal(94.04, sub(x[7],pdiv(x[5],x[7])))",True,"less_than_or_equal(x[2],x[2])",0.35928143712574845,bd082d42dcba8056510101f18394b575,0.35928143712574845,False,0.0
8,30,"greater_than_or_equal(x[5], mul(x[5],mul(x[3],mul(x[7],x[5]))))",True,"less_than_or_equal(x[2],x[2])",0.35928143712574845,bd082d42dcba8056510101f18394b575,0.35928143712574845,False,0.0
8,30,"not_(greater_than_or_equal(pdiv(x[2],x[5]), x[5]))",True,"greater_than_or_equal(mul(x[5],x[5]), x[2])",0.43113772455089816,27c9a0656cbf90b6dfaeb7687812c890,0.43113772455089816,False,0.0
8,30,"greater_than_or_equal(pdiv(x[5],add(x[2],x[5])), add(mul(x[7],add(x[2],mul(x[2],pdiv(x[5],add(x[7],sub(mul(add(x[2],x[2]),x[5]),x[5])))))),x[5]))",False,,,a2c25dd8e659b0f90a5748db08ac1a1d,0.3173652694610778,False,0.0
8,30,"greater_than_or_equal(x[5], mul(x[7],add(x[5],mul(x[2],mul(x[5],mul(x[7],add(x[0],x[5])))))))",False,,,a9a7cc8f55bc88a98c5eef936e49b05f,0.31137724550898205,False,0.0
8,30,"greater_than_or_equal(x[5], add(x[2],mul(x[7],x[5])))",True,"not_(less_than_or_equal(pdiv(x[5],add(x[2],x[7])),add(x[2],x[7])))",0.2694610778443114,080245d0c5557c2b7fe695c6972120c2,0.3053892215568862,True,0.0359281437125748
8,30,"not_(less_than_or_equal(pdiv(x[5],mul(x[7],add(x[2],x[7]))),sub(sub(x[5],sub(x[0],add(x[0],x[7]))),add(mul(x[5],add(pdiv(add(x[7],x[5]),add(x[3],x[7])),add(add(x[0],x[5]),x[5]))),x[5]))))",True,"not_(greater_than_or_equal(mul(x[7],add(x[5],x[7])), add(pdiv(mul(x[2],add(x[5],x[5])),x[2]),add(sub(x[7],x[7]),pdiv(x[5],x[3])))))",0.32335329341317365,6879d8556cd3538b7aad64e5d345873a,0.3293413173652695,True,0.005988023952095856
8,30,"greater_than_or_equal(pdiv(x[5],pdiv(sub(pdiv(x[7],x[7]),x[7]),mul(x[7],add(x[7],x[7])))), x[5])",True,"less_than_or_equal(x[5],mul(x[7],add(x[5],x[5])))",0.7485029940119761,77a959e5b70589687d783f7113d9af76,0.7485029940119761,False,0.0
8,30,"greater_than_or_equal(pdiv(x[5],pdiv(add(x[2],x[7]),x[5])), mul(x[7],sub(x[5],x[7])))",True,"less_than_or_equal(x[2],x[2])",0.35928143712574845,bd082d42dcba8056510101f18394b575,0.35928143712574845,False,0.0
8,30,"greater_than_or_equal(pdiv(x[7],x[2]), x[0])",True,"less_than_or_equal(pdiv(mul(x[2],x[0]),pdiv(x[3],x[2])),add(mul(x[2],x[7]),mul(x[7],pdiv(x[7],x[3]))))",0.3892215568862275,42c0762f7ef0dcb5439fff3a6949dcd1,0.3772455089820359,True,-0.0119760479041916
8,30,"greater_than_or_equal(x[7], mul(x[7],add(x[2],add(x[2],x[2]))))",True,"greater_than_or_equal(pdiv(x[5],add(x[5],add(x[5],x[5]))), x[2])",0.2694610778443114,af13ee011bd4252ae1d390a9ae6a35c6,0.2694610778443114,False,0.0
8,30,"greater_than_or_equal(x[5], mul(x[7],add(24.70,x[2])))",True,not_(x[6]),0.6347305389221557,b4068ba57b63c959651c969331c4b5cd,0.6347305389221557,False,0.0
8,30,"less_than_or_equal(54.45,x[5])",True,not_(x[6]),0.6347305389221557,b4068ba57b63c959651c969331c4b5cd,0.6407185628742516,True,0.005988023952095856
8,30,"greater_than_or_equal(pdiv(x[7],add(x[7],add(mul(pdiv(pdiv(x[2],x[5]),mul(x[7],add(mul(add(x[7],x[5]),x[5]),add(x[7],x[7])))),mul(add(x[7],x[2]),x[3])),x[7]))), sub(x[5],mul(x[5],x[5])))",False,,,8ded96e0da4adc795812c51ce6d96c2c,0.5329341317365269,False,0.0
8,30,"greater_than_or_equal(x[5], mul(x[2],add(x[7],add(x[5],x[2]))))",False,,,2c13816ec3fdb9f6a3577e507e92b161,0.281437125748503,False,0.0
8,30,"greater_than_or_equal(sub(pdiv(x[7],x[7]),mul(add(x[7],50.79),pdiv(mul(x[0],x[2]),add(x[2],x[2])))), mul(x[7],x[7]))",False,,,5149f881b7f4e51642cba90ddfa80cf6,0.4131736526946108,False,0.0
8,30,"not_(less_than_or_equal(pdiv(x[5],sub(x[7],mul(add(sub(x[2],x[5]),add(add(x[7],add(add(mul(pdiv(x[5],x[5]),x[7]),sub(x[7],x[0])),x[2])),mul(add(x[2],x[3]),x[7]))),sub(x[5],mul(x[5],x[5]))))),add(x[7],x[2])))",False,,,f28866a9dd139ee505b7ed37ccf7ac0c,0.33532934131736525,False,0.0
8,30,"greater_than_or_equal(add(x[5],mul(x[2],add(x[7],x[5]))), add(43.96,x[2]))",True,not_(x[6]),0.6347305389221557,b4068ba57b63c959651c969331c4b5cd,0.6407185628742516,True,0.005988023952095856
8,30,"greater_than_or_equal(add(mul(x[2],add(x[7],add(mul(add(x[7],x[5]),x[5]),add(x[7],x[2])))),mul(add(x[7],x[2]),x[3])), x[7])",False,,,3cfdde50d76c6690dc4c2ba8df42e02b,0.46706586826347307,False,0.0
8,30,"greater_than_or_equal(x[5], x[7])",True,"greater_than_or_equal(x[5], x[7])",0.3892215568862275,ca29d589a2290a0489371628a6b32bf4,0.3892215568862275,False,0.0
8,30,"greater_than_or_equal(sub(pdiv(x[7],x[7]),mul(mul(x[7],x[3]),mul(x[2],x[5]))), x[5])",False,,,f483fbba4254990d8ce36b7c4b94cc59,0.28742514970059885,False,0.0
8,30,"greater_than_or_equal(pdiv(x[3],add(x[5],add(mul(x[5],add(x[7],x[2])),add(x[2],x[2])))), x[7])",False,,,e46bc3d5cfdedc15d5c53f6d1025d2c4,0.3173652694610778,False,0.0
8,30,"greater_than_or_equal(pdiv(x[5],x[7]), x[2])",True,"less_than_or_equal(sub(mul(x[2],x[7]),mul(x[0],x[7])),x[5])",0.34730538922155685,67e5c7a497be3e968ea5c2bd6433af6d,0.33532934131736525,True,-0.0119760479041916
8,30,"greater_than_or_equal(sub(pdiv(x[5],x[5]),x[0]), x[5])",True,"not_(less_than_or_equal(pdiv(x[5],x[5]),add(x[5],x[0])))",0.3053892215568862,00c19a3fd72854100569949b11521f0b,0.3053892215568862,False,0.0
8,30,"greater_than_or_equal(pdiv(x[5],add(add(x[7],x[2]),x[2])), add(x[5],sub(x[5],x[5])))",True,"not_(less_than_or_equal(pdiv(x[5],x[5]),add(mul(x[2],pdiv(mul(add(x[7],add(x[3],x[2])),x[7]),mul(x[7],x[2]))),sub(x[2],x[3]))))",0.2455089820359282,1c296f51222749b127710200c19a9508,0.2455089820359282,False,0.0
8,30,"greater_than_or_equal(sub(pdiv(x[7],x[7]),add(x[0],x[7])), add(x[2],x[3]))",False,,,0de5d98806fde178fe49ae51bfca3ac1,0.41916167664670656,False,0.0
8,30,"greater_than_or_equal(pdiv(pdiv(pdiv(add(x[2],x[5]),mul(x[7],add(x[3],92.04))),add(x[2],x[7])),sub(sub(x[5],sub(x[0],x[3])),mul(x[7],add(mul(x[5],sub(sub(sub(sub(x[2],x[2]),x[2]),x[5]),mul(x[7],add(x[7],x[5])))),x[5])))), x[2])",True,"greater_than_or_equal(pdiv(x[5],mul(x[7],add(x[5],add(x[2],30.45)))), x[2])",0.5209580838323353,bf073e6e0f37765543641da37b15910f,0.47904191616766467,True,-0.041916167664670656
8,30,"greater_than_or_equal(x[5], sub(add(x[5],x[3]),x[7]))",True,"greater_than_or_equal(x[7], x[3])",0.6646706586826348,d5925f4b2448dec895a429c6f44b5edc,0.6646706586826348,False,0.0
8,30,"greater_than_or_equal(x[5], mul(x[2],add(mul(pdiv(mul(add(x[2],x[3]),x[7]),sub(x[5],mul(x[5],x[5]))),add(x[7],x[2])),x[3])))",False,,,a82d4a59b8e404584cd7495cb3b929fb,0.281437125748503,False,0.0
8,30,"greater_than_or_equal(add(x[2],add(add(x[7],x[3]),x[7])), sub(x[5],mul(x[5],x[5])))",True,"less_than_or_equal(x[2],x[2])",0.35928143712574845,bd082d42dcba8056510101f18394b575,0.35928143712574845,False,0.0
8,30,"greater_than_or_equal(pdiv(pdiv(x[2],x[7]),x[7]), mul(x[7],add(x[7],x[2])))",False,,,8789346c61d9686fe8f222d0463d0144,0.29940119760479045,False,0.0
8,30,"greater_than_or_equal(sub(x[5],x[2]), x[5])",True,"greater_than_or_equal(pdiv(mul(x[5],x[2]),pdiv(x[2],x[5])), add(sub(x[7],x[7]),add(x[5],x[0])))",0.6107784431137724,ec48eb4aba9f475884bcf9e8f28adadc,0.6167664670658682,True,0.005988023952095856
8,30,"greater_than_or_equal(pdiv(x[5],x[5]), add(x[7],x[2]))",True,"less_than_or_equal(add(mul(x[7],pdiv(x[5],x[5])),x[2]),add(sub(x[7],x[7]),pdiv(69.44,sub(x[3],x[3]))))",0.19161676646706582,14c6e007ad625f3839f568e9ee8a86e1,0.19161676646706582,False,0.0
8,30,"greater_than_or_equal(sub(pdiv(x[5],x[5]),x[2]), add(mul(x[5],add(add(add(mul(x[7],mul(x[5],x[5])),mul(x[7],add(x[2],x[5]))),mul(x[2],mul(x[5],mul(x[7],add(mul(x[7],sub(x[7],mul(x[5],x[7]))),add(x[2],x[7])))))),x[2])),add(x[2],x[3])))",True,"greater_than_or_equal(x[5], mul(add(mul(x[7],add(x[5],add(x[2],x[5]))),add(x[2],x[3])),x[5]))",0.40718562874251496,2278ec4380d75f36288aeedf58c224ca,0.45508982035928147,True,0.04790419161676651
8,30,"greater_than_or_equal(sub(pdiv(x[5],x[5]),x[2]), add(mul(x[5],mul(x[3],x[5])),pdiv(x[5],add(x[5],x[2]))))",False,,,2b482a442239d79848f62800a3049f40,0.45508982035928147,False,0.0
8,30,"greater_than_or_equal(pdiv(x[5],x[5]), x[5])",True,"less_than_or_equal(x[2],x[2])",0.35928143712574845,bd082d42dcba8056510101f18394b575,0.35928143712574845,False,0.0
8,30,"greater_than_or_equal(sub(pdiv(x[5],mul(x[7],x[3])),x[7]), add(x[2],x[7]))",False,,,50a86d143236fae47f16b96506056d9f,0.2934131736526946,False,0.0
8,30,"greater_than_or_equal(pdiv(x[7],mul(x[5],x[5])), x[2])",False,,,aefedb50c4e996f2c72590e4cadc29cf,0.37125748502994016,False,0.0
8,30,"greater_than_or_equal(sub(pdiv(x[7],add(mul(pdiv(pdiv(x[2],x[5]),mul(x[7],add(x[5],x[2]))),x[7]),sub(sub(x[5],sub(x[0],x[3])),mul(x[7],add(mul(x[5],sub(sub(sub(sub(x[2],x[2]),x[2]),x[5]),mul(x[7],add(x[5],x[5])))),x[5]))))),x[2]), x[2])",False,,,63c17d3124e0d9cc89d64b0eab5ca4a6,0.5089820359281437,False,0.0
8,30,"greater_than_or_equal(sub(pdiv(pdiv(x[5],add(x[2],x[2])),x[5]),x[5]), x[5])",False,,,28c895a67406aaa39535d83cca3ded31,0.2574850299401198,False,0.0
8,30,"greater_than_or_equal(x[5], mul(x[2],add(x[5],x[5])))",True,"not_(less_than_or_equal(pdiv(x[5],x[5]),add(x[2],x[2])))",0.25149700598802394,b1dd33075a09479c47bb17a355eef7af,0.25149700598802394,False,0.0
8,30,"greater_than_or_equal(x[5], mul(x[7],add(x[5],mul(x[5],add(sub(add(mul(x[7],add(x[5],mul(x[5],add(x[7],mul(x[0],x[3]))))),x[7]),add(mul(sub(x[2],x[7]),sub(x[2],x[7])),mul(x[2],x[2]))),pdiv(add(x[3],mul(x[7],add(mul(mul(x[7],add(x[5],x[2])),mul(x[3],x[7])),x[7]))),add(x[7],x[5])))))))",False,,,9b2782d17ad08490a70b37209448a178,0.281437125748503,False,0.0
8,30,"greater_than_or_equal(pdiv(x[5],x[5]), add(x[2],x[5]))",True,"not_(less_than_or_equal(pdiv(x[5],x[5]),add(x[5],x[2])))",0.2455089820359282,5825d6d8d32996f2f81bb41cc0bfa92f,0.2455089820359282,False,0.0
8,30,"greater_than_or_equal(mul(x[3],mul(x[7],pdiv(x[7],x[7]))), sub(x[2],mul(x[5],sub(sub(add(x[5],x[7]),add(x[5],x[7])),x[7]))))",True,"greater_than_or_equal(x[3], pdiv(sub(add(x[2],x[5]),pdiv(sub(x[7],x[7]),add(x[5],x[0]))),x[7]))",0.6407185628742516,c2940a48a09cc983f0986511e280a2e1,0.6107784431137724,True,-0.029940119760479167
8,30,"less_than_or_equal(pdiv(x[5],x[5]),x[2])",True,"greater_than_or_equal(x[2], pdiv(x[5],x[5]))",0.652694610778443,38d04e9716d0d4822bf3dbdceea9aa84,0.652694610778443,False,0.0
8,30,"greater_than_or_equal(pdiv(x[5],mul(x[7],add(mul(pdiv(pdiv(x[2],x[5]),mul(x[5],add(x[5],x[2]))),x[7]),sub(sub(x[5],sub(44.79,sub(add(mul(x[5],sub(sub(sub(sub(x[2],x[2]),mul(x[3],x[7])),x[7]),add(x[7],x[5]))),x[5]),x[3]))),mul(add(x[7],x[2]),add(x[2],add(x[5],x[2]))))))), x[3])",True,"greater_than_or_equal(x[5], mul(x[5],add(mul(03.99,add(pdiv(x[5],x[2]),x[7])),add(x[7],pdiv(sub(mul(x[5],x[5]),x[5]),x[5])))))",0.6347305389221557,7aa27d3af5e62581fd78fd160849a0a9,0.6407185628742516,True,0.005988023952095856
8,30,"greater_than_or_equal(pdiv(x[5],x[3]), add(x[3],mul(x[2],mul(x[7],add(add(pdiv(sub(mul(x[5],pdiv(x[5],x[5])),add(x[5],x[2])),x[7]),x[7]),mul(x[7],add(x[2],x[2])))))))",False,,,53f0f0c5d35743667c2d20fd0db6602a,0.35928143712574845,False,0.0
8,30,"greater_than_or_equal(pdiv(x[5],add(x[2],x[5])), mul(x[7],add(x[0],x[5])))",True,"not_(greater_than_or_equal(mul(x[7],add(x[5],x[2])), add(sub(x[7],x[7]),pdiv(x[5],mul(pdiv(x[5],x[5]),add(x[5],x[0]))))))",0.26347305389221554,66e40e71530f573a8faa31d43ae76d5d,0.26347305389221554,False,0.0
8,30,"greater_than_or_equal(x[5], mul(x[7],add(x[5],x[2])))",True,"greater_than_or_equal(x[5], mul(x[7],add(x[5],x[2])))",0.23353293413173648,49521aab13419e9d4582e656c37790ef,0.23353293413173648,False,0.0
8,30,"not_(less_than_or_equal(pdiv(x[5],x[5]),add(mul(x[5],add(x[7],x[2])),add(x[2],x[2]))))",True,"not_(less_than_or_equal(pdiv(x[5],x[5]),add(mul(x[5],add(x[7],x[2])),add(x[2],x[2]))))",0.18562874251497008,7dd04de0f09dcb78fab13d4ca363e3e0,0.2857142857142857,True,0.10008554319931562
